# k^2  MgMg MgMg_error  MgCl MgCl_error  MgNa MgNa_error  ClCl ClCl_error  ClNa ClNa_error  NaNa NaNa_error
0.000000e+00 6.400000e+01 0.000000e+00 4.548055e+02 2.842171e-14 4.457084e+02 2.842171e-14 3.232000e+03 0.000000e+00 3.167353e+03 0.000000e+00 3.104000e+03 0.000000e+00
2.932484e-04 1.891121e+00 2.146337e-01 2.168527e-01 5.026526e-02 -3.152705e-01 2.593219e-02 7.185386e-02 1.036289e-02 1.210302e-02 7.149485e-03 1.031726e-01 1.016439e-02
1.172993e-03 2.312500e-01 1.074122e-01 1.957314e-02 2.092296e-02 -4.376942e-02 1.116058e-02 5.285459e-02 1.944859e-03 4.934575e-02 3.995538e-03 6.792217e-02 5.223841e-03
2.639235e-03 4.580519e-01 6.059261e-02 2.847919e-02 1.225832e-02 -8.357078e-02 1.324072e-02 5.813066e-02 6.809997e-03 5.086780e-02 4.698601e-03 8.046212e-02 5.928684e-03
4.691974e-03 1.445836e+00 4.223120e-01 1.111547e-01 3.369069e-02 -2.619936e-01 7.215849e-02 7.101668e-02 8.206274e-03 3.841034e-02 1.000570e-02 1.184795e-01 1.464528e-02
7.331209e-03 8.466120e-01 1.555030e-01 5.727683e-02 2.157912e-02 -1.431564e-01 3.120624e-02 6.514414e-02 5.127525e-03 4.453792e-02 9.721043e-03 1.013869e-01 1.644674e-02
1.055694e-02 7.289183e-01 1.505529e-01 4.017477e-02 8.761613e-03 -1.191007e-01 3.389064e-02 6.469361e-02 4.820273e-03 4.085375e-02 2.804885e-03 1.011317e-01 4.728191e-03
1.436917e-02 8.713489e-01 6.416026e-02 9.895933e-02 2.998565e-02 -1.002756e-01 2.337603e-02 7.982486e-02 8.201841e-03 3.878451e-02 5.309919e-03 1.184076e-01 4.389587e-03
2.932484e-04 5.391571e-02 1.207967e-02 9.706980e-03 6.818795e-03 -5.739330e-03 9.270755e-03 6.106281e-02 8.844629e-03 5.961135e-02 8.228815e-03 6.370708e-02 7.344935e-03
5.864967e-04 8.338372e-01 1.308419e-01 1.140406e-01 3.940622e-02 -1.194445e-01 1.327023e-02 7.176426e-02 1.418190e-02 4.167387e-02 1.090600e-02 7.917175e-02 1.526924e-02
1.466242e-03 1.023928e+00 2.809751e-01 8.693401e-02 2.438836e-02 -1.931546e-01 6.877192e-02 5.376124e-02 8.257506e-03 3.061001e-02 5.453745e-03 8.967855e-02 1.700203e-02
2.932484e-03 1.451393e+00 3.467802e-01 9.240204e-02 3.264034e-02 -2.900088e-01 6.839079e-02 6.976242e-02 3.400370e-03 4.386172e-02 1.022303e-02 1.284543e-01 1.562691e-02
4.985222e-03 8.229614e-01 2.726186e-01 6.922443e-02 2.484444e-02 -1.526278e-01 6.159639e-02 6.594128e-02 6.356526e-03 4.362668e-02 6.082556e-03 1.004259e-01 1.143499e-02
7.624458e-03 6.460432e-01 1.479424e-01 7.386523e-02 1.956030e-02 -7.761444e-02 2.956862e-02 6.565872e-02 5.504700e-03 4.055011e-02 4.465861e-03 8.161879e-02 3.066823e-03
1.085019e-02 6.283319e-01 7.378618e-02 4.632711e-02 9.497168e-03 -9.809408e-02 1.228357e-02 6.656184e-02 8.369478e-03 4.595476e-02 8.276689e-03 1.031996e-01 6.907073e-03
1.466242e-02 9.477577e-01 2.163671e-01 8.073667e-02 4.318118e-02 -1.314969e-01 2.300118e-02 1.024622e-01 1.078792e-02 5.375750e-02 1.054150e-02 1.295756e-01 1.748111e-02
1.172993e-03 9.478845e-01 3.276361e-01 6.530528e-02 2.657134e-02 -2.006763e-01 1.023818e-01 7.071174e-02 6.081211e-03 5.218860e-02 8.877820e-03 1.123246e-01 3.012597e-02
1.466242e-03 1.038123e+00 3.348707e-01 9.652569e-02 3.064583e-02 -1.971741e-01 6.740176e-02 5.045392e-02 7.088771e-03 2.304123e-02 4.125078e-03 8.276121e-02 1.752955e-02
2.345987e-03 1.143230e+00 4.300575e-01 1.219337e-01 6.528026e-02 -1.939600e-01 6.690936e-02 7.228065e-02 9.428253e-03 3.876969e-02 1.178315e-02 1.000241e-01 1.573543e-02
3.812229e-03 7.124092e-01 1.307191e-01 9.342348e-02 1.634434e-02 -8.201020e-02 2.436162e-02 6.538258e-02 6.785468e-03 4.079262e-02 4.591229e-03 7.198231e-02 8.316674e-03
5.864967e-03 7.714197e-01 1.741949e-01 7.376048e-02 2.994574e-02 -1.220535e-01 3.482810e-02 6.133603e-02 3.538728e-03 4.048699e-02 2.303240e-03 9.428587e-02 1.095584e-02
8.504203e-03 6.778203e-01 1.076830e-01 3.761671e-02 1.488698e-02 -1.315386e-01 1.772455e-02 6.779078e-02 4.045901e-03 5.345524e-02 5.736124e-03 1.134043e-01 5.294582e-03
1.172993e-02 1.188818e+00 1.589423e-01 9.491103e-02 2.882665e-02 -2.031650e-01 4.317741e-02 6.858401e-02 4.776954e-03 3.755814e-02 6.249334e-03 1.291464e-01 2.282117e-02
1.554216e-02 8.048539e-01 2.531363e-01 8.175618e-02 4.883602e-02 -8.332346e-02 3.169082e-02 9.326916e-02 6.841651e-03 5.052044e-02 6.818234e-03 1.164698e-01 1.476495e-02
2.639235e-03 1.275605e+00 2.216050e-01 1.034451e-01 2.605140e-02 -2.471114e-01 5.428334e-02 5.949087e-02 6.399381e-03 2.883639e-02 3.095104e-03 1.048854e-01 1.554114e-02
2.932484e-03 8.876868e-01 1.988764e-01 6.338667e-02 3.087408e-02 -1.849687e-01 3.497521e-02 6.022692e-02 2.816017e-03 4.173057e-02 7.547209e-03 1.023516e-01 6.908133e-03
3.812229e-03 9.793441e-01 3.323478e-01 6.740508e-02 2.293581e-02 -1.860094e-01 6.557746e-02 5.790374e-02 2.764115e-03 4.034346e-02 5.368000e-03 1.013682e-01 1.415864e-02
5.278471e-03 6.639578e-01 1.371761e-01 1.866273e-02 1.136630e-02 -1.460932e-01 3.909547e-02 6.039279e-02 5.042989e-03 5.310695e-02 5.310043e-03 1.075741e-01 1.274692e-02
7.331209e-03 1.786291e+00 4.496401e-01 1.376330e-01 5.287213e-02 -2.854151e-01 8.664715e-02 6.813517e-02 9.379458e-03 2.730522e-02 4.594694e-03 1.164482e-01 1.981117e-02
9.970445e-03 9.700696e-01 1.497816e-01 8.198127e-02 2.323915e-02 -1.476393e-01 3.126637e-02 6.089024e-02 7.535394e-03 3.519840e-02 5.352393e-03 1.030335e-01 9.478474e-03
1.319618e-02 7.968654e-01 1.416781e-01 5.892416e-02 1.541119e-02 -1.173314e-01 2.144775e-02 6.427478e-02 6.990300e-03 3.125784e-02 8.340844e-03 9.968742e-02 6.201923e-03
1.700841e-02 1.081421e+00 1.099565e-01 8.045657e-02 2.063860e-02 -1.421375e-01 1.414660e-02 8.279005e-02 6.641991e-03 3.894267e-02 6.510584e-03 1.186611e-01 5.665060e-03
4.691974e-03 6.747873e-01 1.951137e-01 7.951253e-02 2.382554e-02 -9.687815e-02 3.821745e-02 6.387276e-02 6.612578e-03 4.272703e-02 7.602592e-03 8.547995e-02 1.010598e-02
4.985222e-03 9.532409e-01 1.864443e-01 7.223663e-02 3.412130e-02 -1.676893e-01 4.623236e-02 7.533456e-02 7.420681e-03 5.172573e-02 5.868606e-03 1.062728e-01 9.084874e-03
5.864967e-03 9.109027e-01 3.897278e-01 8.719221e-02 4.053235e-02 -1.581775e-01 7.105407e-02 6.208365e-02 3.802469e-03 3.552784e-02 1.067948e-02 9.882345e-02 1.155442e-02
7.331209e-03 1.243674e+00 4.052328e-01 1.259397e-01 3.243304e-02 -1.570038e-01 7.600358e-02 7.045788e-02 6.805888e-03 3.822511e-02 4.591994e-03 9.609005e-02 1.212209e-02
9.383948e-03 1.117808e+00 3.639076e-01 1.082532e-01 3.794145e-02 -1.613822e-01 5.877841e-02 7.704748e-02 6.489684e-03 4.454031e-02 5.995986e-03 1.096081e-01 1.155545e-02
1.202318e-02 6.754632e-01 6.202838e-02 4.874395e-02 1.727000e-02 -1.168529e-01 3.332951e-02 7.720658e-02 1.008745e-02 5.154294e-02 7.537621e-03 1.299959e-01 1.410429e-02
1.524892e-02 7.623703e-01 1.939258e-01 9.365557e-02 4.631199e-02 -7.125877e-02 4.272058e-02 9.176469e-02 5.130460e-03 4.698674e-02 8.786443e-03 1.152536e-01 8.098480e-03
1.906114e-02 1.074634e+00 1.307799e-01 1.114344e-01 2.319645e-02 -1.053333e-01 2.471027e-02 9.860361e-02 4.987964e-03 4.863897e-02 1.059751e-02 1.489419e-01 1.384896e-02
7.331209e-03 1.063088e+00 2.238874e-01 5.798304e-02 1.559463e-02 -2.066720e-01 3.864746e-02 5.762309e-02 5.493757e-03 3.947521e-02 9.456912e-03 1.149883e-01 1.196414e-02
7.624458e-03 1.156484e+00 1.826367e-01 8.013572e-02 2.652181e-02 -1.902997e-01 3.184069e-02 5.708137e-02 5.276551e-03 3.011327e-02 7.298057e-03 9.906305e-02 1.171435e-02
8.504203e-03 9.399723e-01 2.849246e-01 1.080347e-01 2.419833e-02 -1.186241e-01 4.753940e-02 6.541066e-02 6.423605e-03 3.053495e-02 9.094134e-03 8.806991e-02 9.269002e-03
9.970445e-03 1.441084e+00 3.243901e-01 1.164147e-01 2.176653e-02 -2.499548e-01 6.075035e-02 7.590067e-02 4.370254e-03 3.824942e-02 6.261241e-03 1.369073e-01 1.016416e-02
1.202318e-02 9.010052e-01 1.243314e-01 6.360127e-02 2.708914e-02 -1.330079e-01 1.950352e-02 7.457086e-02 3.003119e-03 4.657159e-02 6.691299e-03 1.168497e-01 7.874133e-03
1.466242e-02 1.015805e+00 2.399488e-01 5.048477e-02 1.075564e-02 -1.501815e-01 4.575317e-02 9.112683e-02 9.117181e-03 6.175691e-02 5.940127e-03 1.385925e-01 1.396024e-02
1.788815e-02 1.238513e+00 1.027185e-01 1.307854e-01 2.029806e-02 -1.258079e-01 2.905113e-02 9.794945e-02 1.078465e-02 3.827760e-02 7.577148e-03 1.355848e-01 1.136603e-02
2.170038e-02 8.846689e-01 1.168323e-01 5.274599e-02 3.305042e-02 -1.053132e-01 1.432119e-02 9.824176e-02 8.521145e-03 3.202157e-02 1.233656e-02 1.355134e-01 1.007745e-02
1.055694e-02 8.853692e-01 1.274020e-01 5.912398e-02 2.263428e-02 -1.398661e-01 4.590859e-02 7.130791e-02 4.638257e-03 5.127501e-02 1.033600e-02 1.169854e-01 1.761136e-02
1.085019e-02 1.158993e+00 1.559327e-01 9.254313e-02 2.401272e-02 -1.657880e-01 4.224823e-02 7.376314e-02 8.991043e-03 4.432146e-02 5.038969e-03 1.157542e-01 8.901572e-03
1.172993e-02 8.483708e-01 2.188570e-01 5.900404e-02 2.114744e-02 -1.144458e-01 3.957753e-02 6.991685e-02 7.557984e-03 4.836840e-02 2.804190e-03 1.164822e-01 7.086350e-03
1.319618e-02 9.731154e-01 2.459530e-01 8.051959e-02 2.100203e-02 -1.201662e-01 4.506835e-02 6.521638e-02 4.300615e-03 4.155223e-02 3.096463e-03 1.080309e-01 1.110014e-02
1.524892e-02 8.951993e-01 1.080927e-01 1.104446e-01 2.305433e-02 -9.972048e-02 2.731881e-02 9.940707e-02 1.007576e-02 5.308439e-02 3.967852e-03 1.292517e-01 8.404842e-03
1.788815e-02 7.939857e-01 2.037245e-01 7.201391e-02 2.660576e-02 -1.138597e-01 3.834026e-02 8.161473e-02 9.323592e-03 3.216020e-02 6.558907e-03 1.256462e-01 2.160531e-02
2.111388e-02 7.148484e-01 1.870883e-01 7.701605e-02 3.422048e-02 -3.885317e-02 2.324056e-02 9.438336e-02 8.940509e-03 3.937522e-02 3.535688e-03 1.250592e-01 9.415595e-03
2.492611e-02 8.549309e-01 7.558588e-02 5.040195e-02 2.099443e-02 -9.325036e-02 2.169652e-02 1.216586e-01 5.574772e-03 5.341541e-02 8.751165e-03 1.749314e-01 8.925841e-03
1.436917e-02 6.030173e-01 1.060295e-01 6.823030e-02 1.078711e-02 -5.386378e-02 1.372477e-02 7.504440e-02 7.570187e-03 4.642415e-02 4.815897e-03 1.101528e-01 9.756025e-03
1.466242e-02 7.288137e-01 1.489293e-01 5.214900e-02 2.334640e-02 -9.608128e-02 3.653567e-02 6.923191e-02 6.411467e-03 3.755329e-02 3.701098e-03 1.011251e-01 8.142555e-03
1.554216e-02 1.350054e+00 1.547262e-01 8.359081e-02 2.005490e-02 -2.045807e-01 2.600087e-02 7.320952e-02 5.063013e-03 3.622507e-02 8.001623e-03 1.279483e-01 4.306992e-03
1.700841e-02 1.078573e+00 2.085409e-01 6.811078e-02 3.105211e-02 -1.589376e-01 3.943222e-02 6.565574e-02 1.026164e-02 3.634962e-02 7.540622e-03 1.344360e-01 1.486765e-02
1.906114e-02 1.143135e+00 1.272238e-01 9.242763e-02 3.636129e-02 -1.455342e-01 5.388966e-02 9.393311e-02 1.141158e-02 4.115419e-02 5.835131e-03 1.374586e-01 1.583267e-02
2.170038e-02 9.146980e-01 8.366431e-02 6.574980e-02 2.412973e-02 -1.246829e-01 1.064056e-02 9.524206e-02 5.883843e-03 3.642978e-02 9.856398e-03 1.486606e-01 1.409422e-02
2.492611e-02 8.792304e-01 3.013185e-02 2.339238e-02 1.415326e-02 -7.895055e-02 2.170797e-02 9.849143e-02 1.552966e-02 4.260898e-02 4.627704e-03 1.677137e-01 1.948955e-02
2.873834e-02 1.160780e+00 1.961715e-01 1.252799e-01 6.401199e-02 -4.855231e-02 2.581971e-02 1.267973e-01 1.463565e-02 4.292671e-02 1.040687e-02 2.359679e-01 2.337760e-02
2.932484e-04 4.611196e-01 6.026844e-02 4.224832e-02 2.701577e-02 -9.005886e-02 4.448243e-02 6.248821e-02 7.640872e-03 5.064921e-02 8.393763e-03 7.787007e-02 1.908893e-02
5.864967e-04 4.070351e-01 1.018786e-01 8.026142e-02 1.379385e-02 -3.227639e-02 1.972959e-02 6.542374e-02 6.578290e-03 4.381788e-02 5.251875e-03 5.545582e-02 3.276185e-03
1.466242e-03 1.200976e+00 1.761782e-01 1.261766e-01 1.190604e-02 -2.097368e-01 4.002001e-02 5.640664e-02 1.848180e-03 2.113747e-02 4.474958e-03 8.469418e-02 9.418308e-03
2.932484e-03 1.493645e+00 5.192060e-01 1.386754e-01 4.690766e-02 -2.863084e-01 1.024424e-01 6.704210e-02 8.719251e-03 2.636872e-02 5.689870e-03 1.162226e-01 2.324043e-02
4.985222e-03 1.234878e+00 3.027893e-01 7.560852e-02 2.058533e-02 -2.344550e-01 6.363487e-02 6.006741e-02 7.248229e-03 3.984839e-02 5.870975e-03 1.142542e-01 1.442059e-02
7.624458e-03 9.726618e-01 1.692176e-01 7.459572e-02 2.732945e-02 -1.597998e-01 6.422509e-02 6.557334e-02 6.051828e-03 4.233365e-02 5.700896e-03 1.014142e-01 1.496900e-02
1.085019e-02 8.274950e-01 1.002797e-01 6.736414e-02 1.011009e-02 -1.325341e-01 3.346721e-02 7.322285e-02 6.762406e-03 5.112817e-02 9.690844e-03 1.209803e-01 1.385057e-02
1.466242e-02 8.825415e-01 9.661576e-02 5.513388e-02 8.581431e-03 -1.213134e-01 2.847698e-02 7.303804e-02 8.441692e-03 3.927403e-02 4.610666e-03 1.184375e-01 1.356944e-02
5.864967e-04 6.087385e-01 2.725137e-01 7.358147e-02 2.899540e-02 -9.704880e-02 5.039188e-02 6.286028e-02 5.823483e-03 4.433073e-02 2.096161e-03 7.582531e-02 1.334412e-02
8.797451e-04 4.683949e-01 1.592845e-01 2.225622e-02 9.628819e-03 -1.057226e-01 3.576494e-02 4.168223e-02 3.467272e-03 3.664281e-02 2.506032e-03 6.989250e-02 1.029387e-02
1.759490e-03 2.366211e-01 5.177387e-02 2.012142e-02 9.565465e-03 -4.531733e-02 1.273830e-02 5.755001e-02 6.398091e-03 5.292885e-02 5.324911e-03 7.269664e-02 8.462432e-03
3.225732e-03 7.403318e-01 1.101777e-01 5.270312e-02 2.094824e-02 -1.420345e-01 3.538895e-02 6.647523e-02 5.389444e-03 5.175002e-02 5.867363e-03 9.763060e-02 1.207875e-02
5.278471e-03 1.345622e+00 5.152841e-01 1.218254e-01 4.007819e-02 -2.273412e-01 9.376590e-02 7.475188e-02 2.567457e-03 4.178966e-02 1.217676e-02 1.197624e-01 1.513581e-02
7.917706e-03 6.101830e-01 1.679904e-01 7.116896e-02 1.569727e-02 -6.534791e-02 3.730749e-02 6.579807e-02 8.244093e-03 4.093129e-02 9.899321e-03 7.458235e-02 3.988038e-03
1.114344e-02 1.169944e+00 2.358638e-01 1.114900e-01 2.235626e-02 -1.731407e-01 2.594118e-02 7.258001e-02 8.026756e-03 3.833244e-02 3.352959e-03 1.180624e-01 8.207979e-03
1.495567e-02 1.169475e+00 2.759149e-01 1.091523e-01 3.073891e-02 -1.621851e-01 3.440070e-02 9.836350e-02 1.347345e-02 4.542188e-02 1.402344e-02 1.332113e-01 1.641731e-02
1.466242e-03 4.204143e-01 1.948287e-01 3.639046e-02 1.364372e-02 -7.580922e-02 4.157095e-02 5.297178e-02 3.270945e-03 4.465795e-02 2.977460e-03 7.120496e-02 1.201228e-02
1.759490e-03 3.618740e-01 1.407455e-01 4.147705e-02 2.925135e-02 -6.064607e-02 1.589275e-02 5.341593e-02 4.502537e-03 4.075425e-02 5.855156e-03 6.297477e-02 6.443699e-03
2.639235e-03 3.782534e-01 7.587090e-02 5.531619e-02 2.415787e-02 -5.059402e-02 1.899843e-02 6.359662e-02 8.696472e-03 4.765792e-02 6.846785e-03 7.043437e-02 6.972490e-03
4.105477e-03 4.936671e-01 7.459800e-02 5.560791e-02 1.579525e-02 -7.526926e-02 1.077490e-02 5.768090e-02 3.089377e-03 4.074244e-02 4.965258e-03 7.450854e-02 5.592732e-03
6.158216e-03 1.030820e+00 1.959504e-01 9.946300e-02 2.030119e-02 -1.744168e-01 5.960301e-02 7.137674e-02 8.365929e-03 3.647274e-02 3.100449e-03 9.798022e-02 1.670100e-02
8.797451e-03 1.400261e+00 4.912813e-01 1.353308e-01 4.189657e-02 -1.910092e-01 7.277005e-02 6.486977e-02 6.820090e-03 3.064846e-02 1.633612e-03 1.064514e-01 1.726982e-02
1.202318e-02 1.085129e+00 1.524234e-01 8.994194e-02 2.323983e-02 -1.414509e-01 3.601558e-02 7.160143e-02 4.845306e-03 4.643228e-02 6.022403e-03 1.358943e-01 1.068282e-02
1.583541e-02 8.082342e-01 1.623100e-01 5.509157e-02 1.423776e-02 -1.228208e-01 2.709473e-02 7.198686e-02 3.812433e-03 3.778062e-02 5.221462e-03 1.254985e-01 1.694873e-02
2.932484e-03 2.021193e+00 7.327757e-01 2.015953e-01 1.126966e-01 -3.536348e-01 1.055285e-01 7.620100e-02 1.940968e-02 2.116083e-02 1.462724e-02 1.303000e-01 1.840592e-02
3.225732e-03 4.576766e-01 1.019322e-01 5.157664e-02 2.113124e-02 -7.308728e-02 2.590594e-02 6.572236e-02 6.715392e-03 4.985438e-02 6.426813e-03 8.071206e-02 2.301710e-03
4.105477e-03 1.144430e+00 1.527670e-01 1.315921e-01 2.843087e-02 -1.575097e-01 4.091760e-02 7.661777e-02 9.739916e-03 4.063550e-02 3.624672e-03 9.208809e-02 7.732098e-03
5.571719e-03 5.236490e-01 1.608344e-01 4.610628e-02 1.191272e-02 -8.700738e-02 4.239152e-02 6.034106e-02 4.275684e-03 4.488542e-02 6.187062e-03 8.412566e-02 1.163753e-02
7.624458e-03 1.425447e+00 3.730110e-01 1.172581e-01 3.392186e-02 -2.333291e-01 6.348325e-02 6.890382e-02 5.667364e-03 3.368118e-02 3.250097e-03 1.128659e-01 1.485860e-02
1.026369e-02 5.326232e-01 1.304292e-01 5.411924e-02 2.138243e-02 -5.782687e-02 2.527125e-02 7.536262e-02 4.160937e-03 5.332412e-02 3.653832e-03 1.046893e-01 6.084202e-03
1.348943e-02 1.017969e+00 3.791762e-02 9.729035e-02 2.554384e-02 -1.264708e-01 3.209602e-02 9.318099e-02 7.861849e-03 4.473322e-02 7.056964e-03 1.133018e-01 6.071071e-03
1.730165e-02 1.293748e+00 2.669115e-01 9.386733e-02 3.919967e-02 -1.628201e-01 3.451104e-02 8.810830e-02 7.613134e-03 3.604313e-02 2.129671e-03 1.330004e-01 6.507723e-03
4.985222e-03 1.447943e+00 4.353542e-01 1.326804e-01 5.152121e-02 -2.372297e-01 6.723634e-02 6.905966e-02 1.128416e-02 3.177436e-02 1.778378e-02 1.074223e-01 1.142631e-02
5.278471e-03 8.491430e-01 1.202560e-01 8.521460e-02 1.562348e-02 -1.305461e-01 2.068583e-02 6.416006e-02 5.844137e-03 4.212454e-02 3.540030e-03 9.726662e-02 6.644640e-03
6.158216e-03 1.025504e+00 3.108642e-01 1.200965e-01 5.078407e-02 -1.360921e-01 2.936889e-02 6.824109e-02 1.091082e-02 3.292558e-02 6.352802e-03 8.410111e-02 6.353249e-03
7.624458e-03 1.954727e+00 2.826959e-01 1.410014e-01 1.023997e-02 -3.566630e-01 7.485224e-02 7.226474e-02 6.727918e-03 2.966846e-02 4.467994e-03 1.458409e-01 2.278377e-02
9.677196e-03 6.932663e-01 2.059007e-01 6.108668e-02 3.005022e-02 -9.581754e-02 3.272480e-02 6.621418e-02 7.314585e-03 4.493854e-02 2.304019e-03 9.855903e-02 7.860235e-03
1.231643e-02 8.822590e-01 1.730614e-01 6.855941e-02 1.165839e-02 -1.134427e-01 1.451940e-02 6.485308e-02 5.066088e-03 4.639995e-02 7.631484e-03 1.253089e-01 8.477572e-03
1.554216e-02 7.655841e-01 1.396714e-01 5.457013e-02 4.056636e-03 -9.900867e-02 2.731575e-02 7.697420e-02 9.291933e-03 4.843578e-02 9.801937e-03 1.235113e-01 1.520927e-02
1.935439e-02 6.736565e-01 1.256203e-01 7.002833e-02 2.109901e-02 -5.775771e-02 2.202485e-02 8.511854e-02 1.088460e-02 4.108381e-02 6.597266e-03 1.163770e-01 9.392953e-03
7.624458e-03 4.920748e-01 6.999048e-02 5.151615e-02 1.120442e-02 -6.738920e-02 2.513351e-02 5.465580e-02 5.317768e-03 3.852715e-02 4.739964e-03 7.742734e-02 8.989653e-03
7.917706e-03 6.825329e-01 2.075944e-01 7.079751e-02 2.124601e-02 -9.792363e-02 2.971840e-02 6.679706e-02 5.470643e-03 4.341954e-02 8.929711e-03 9.044950e-02 1.039229e-02
8.797451e-03 1.042127e+00 2.370239e-01 6.351702e-02 1.234038e-02 -1.890194e-01 5.396503e-02 7.311476e-02 8.919227e-03 5.245426e-02 6.289180e-03 1.259628e-01 1.056148e-02
1.026369e-02 1.194796e+00 3.646680e-01 8.234052e-02 4.850946e-02 -1.596704e-01 4.580738e-02 6.996543e-02 1.275959e-02 4.630682e-02 4.467618e-03 1.149356e-01 1.048692e-02
1.231643e-02 6.521127e-01 1.549372e-01 7.555414e-02 1.678558e-02 -8.981524e-02 3.905936e-02 7.473123e-02 6.901384e-03 3.414593e-02 6.516300e-03 9.096860e-02 6.681444e-03
1.495567e-02 8.481311e-01 1.813333e-01 8.870501e-02 8.299507e-03 -1.019018e-01 3.187977e-02 8.601618e-02 6.196135e-03 4.811038e-02 6.574481e-03 1.221420e-01 8.062952e-03
1.818140e-02 8.812832e-01 1.662425e-01 4.987205e-02 2.010139e-02 -9.573542e-02 2.649207e-02 6.486290e-02 5.792588e-03 3.453540e-02 4.717020e-03 1.215583e-01 9.971549e-03
2.199363e-02 7.305518e-01 9.159312e-02 4.264963e-02 6.829417e-03 -7.570790e-02 2.262135e-02 8.224177e-02 9.406594e-03 4.032491e-02 1.114587e-02 1.313379e-01 1.169181e-02
1.085019e-02 1.350131e+00 4.440962e-01 1.693348e-01 5.100116e-02 -1.428526e-01 5.122736e-02 8.243463e-02 6.628969e-03 2.949032e-02 3.731651e-03 1.076534e-01 8.748695e-03
1.114344e-02 1.578082e+00 4.337379e-01 1.665687e-01 5.153877e-02 -1.778120e-01 5.183361e-02 8.418311e-02 8.387300e-03 4.227928e-02 1.118048e-02 1.189893e-01 5.448595e-03
1.202318e-02 8.095185e-01 8.987192e-02 9.888179e-02 1.611649e-02 -9.186764e-02 7.710876e-03 7.255200e-02 4.052721e-03 4.429052e-02 4.021656e-03 1.079350e-01 7.796325e-03
1.348943e-02 8.641339e-01 1.681219e-01 6.987867e-02 3.697319e-02 -1.305718e-01 3.165970e-02 7.708672e-02 6.623071e-03 4.229234e-02 5.934502e-03 1.123821e-01 1.195345e-02
1.554216e-02 9.277714e-01 1.473596e-01 8.447196e-02 9.527335e-03 -1.027013e-01 2.692151e-02 7.864461e-02 4.331009e-03 3.794008e-02 9.227328e-03 1.212703e-01 1.770187e-02
1.818140e-02 1.315676e+00 2.604237e-01 8.410828e-02 2.151430e-02 -1.764386e-01 5.763300e-02 8.369206e-02 4.750463e-03 4.069050e-02 6.133597e-03 1.415963e-01 1.575223e-02
2.140713e-02 7.790402e-01 1.295417e-01 4.491407e-02 2.249499e-02 -1.030521e-01 2.746256e-02 8.984292e-02 4.500726e-03 3.958857e-02 8.035886e-03 1.436162e-01 1.097465e-02
2.521936e-02 1.193765e+00 2.097182e-01 1.392635e-01 3.852664e-02 -1.038579e-01 2.932407e-02 1.247899e-01 1.234715e-02 2.915123e-02 1.106550e-02 1.605361e-01 1.155230e-02
1.466242e-02 1.019676e+00 3.872583e-01 6.220617e-02 2.896560e-02 -1.743670e-01 6.045643e-02 6.753003e-02 4.418217e-03 3.217173e-02 1.111877e-02 1.288054e-01 1.283922e-02
1.495567e-02 9.286942e-01 2.026628e-01 7.275198e-02 2.820124e-02 -1.492753e-01 3.896177e-02 8.286497e-02 6.920616e-03 5.078881e-02 9.834431e-03 1.377676e-01 4.996266e-03
1.583541e-02 1.067452e+00 9.345623e-02 7.574417e-02 2.523773e-02 -1.239980e-01 3.874067e-02 8.736599e-02 5.673619e-03 4.066116e-02 8.524045e-03 1.137383e-01 1.565780e-02
1.730165e-02 1.019975e+00 1.808215e-01 4.980131e-02 2.930655e-02 -1.299704e-01 2.591353e-02 8.237989e-02 9.717660e-03 5.892175e-02 7.284396e-03 1.540358e-01 1.351858e-02
1.935439e-02 7.911965e-01 9.213117e-02 8.099815e-02 2.439581e-02 -8.020250e-02 1.361429e-02 9.354453e-02 7.454932e-03 3.558909e-02 7.549858e-03 1.290128e-01 1.748979e-02
2.199363e-02 1.015016e+00 1.362095e-01 5.528800e-02 2.017508e-02 -1.068337e-01 1.206289e-02 9.115552e-02 4.919257e-03 4.591143e-02 5.015631e-03 1.605830e-01 1.310447e-02
2.521936e-02 9.539195e-01 3.086001e-01 9.927959e-02 5.177112e-02 -8.616582e-02 1.750844e-02 1.344887e-01 1.362036e-02 3.937653e-02 6.240605e-03 1.651107e-01 1.196062e-02
2.903159e-02 1.023942e+00 2.439766e-01 7.953136e-02 4.441787e-02 -1.135972e-01 3.774215e-02 1.232693e-01 1.018188e-02 2.567194e-02 1.240573e-02 1.868959e-01 2.647316e-02
1.172993e-03 1.051078e+00 2.564196e-01 1.337332e-01 6.281279e-02 -1.592084e-01 2.375078e-02 7.480664e-02 1.218683e-02 3.893532e-02 6.003988e-03 8.887621e-02 1.077001e-02
1.466242e-03 3.815503e-01 8.646503e-02 4.221024e-02 1.869129e-02 -6.578838e-02 1.845907e-02 5.428986e-02 7.337091e-03 4.151596e-02 5.010080e-03 6.495470e-02 8.196766e-03
2.345987e-03 4.198007e-01 1.445956e-01 4.975581e-02 1.792092e-02 -6.376325e-02 2.290259e-02 5.255984e-02 2.500145e-03 3.838659e-02 4.517779e-03 6.319040e-02 5.423383e-03
3.812229e-03 9.214593e-01 2.443459e-01 1.180822e-01 3.459731e-02 -1.192308e-01 2.876519e-02 7.374665e-02 6.542260e-03 4.304238e-02 4.776701e-03 8.670407e-02 6.309589e-03
5.864967e-03 6.876355e-01 2.699590e-01 7.891745e-02 4.330921e-02 -8.720371e-02 2.803655e-02 6.206813e-02 7.393365e-03 3.774946e-02 8.180251e-03 7.275987e-02 2.762146e-03
8.504203e-03 1.703323e+00 6.696433e-01 1.366079e-01 4.163790e-02 -2.636784e-01 1.180916e-01 6.790703e-02 7.211816e-03 3.324253e-02 5.407878e-03 1.262761e-01 2.112606e-02
1.172993e-02 7.977220e-01 1.005265e-01 5.210722e-02 2.432343e-02 -1.387722e-01 3.604372e-02 7.133693e-02 8.287807e-03 4.328335e-02 5.087500e-03 1.060939e-01 1.100994e-02
1.554216e-02 7.398385e-01 1.091431e-01 6.530769e-02 1.652957e-02 -1.064514e-01 3.228300e-02 6.659902e-02 5.712339e-03 3.810453e-02 4.327391e-03 1.200949e-01 1.050214e-02
1.466242e-03 9.258316e-01 1.166093e-01 1.123591e-01 1.904433e-02 -1.428722e-01 3.939293e-02 6.986056e-02 8.002795e-03 3.897330e-02 5.974001e-03 8.267058e-02 1.183238e-02
1.759490e-03 1.043996e+00 4.839702e-01 7.893109e-02 4.535212e-02 -2.093884e-01 9.505259e-02 5.500325e-02 5.982194e-03 3.568125e-02 1.417488e-02 1.020291e-01 2.156469e-02
2.639235e-03 6.050546e-01 1.272711e-01 6.124404e-02 1.642080e-02 -1.049599e-01 3.039271e-02 5.839877e-02 7.694299e-03 4.084803e-02 3.500601e-03 7.784173e-02 8.501366e-03
4.105477e-03 9.267213e-01 2.614065e-01 9.742931e-02 2.361226e-02 -1.535221e-01 5.137570e-02 7.394066e-02 6.015442e-03 4.349217e-02 1.001906e-02 9.560583e-02 1.700056e-02
6.158216e-03 8.015742e-01 2.134748e-01 6.008250e-02 1.759743e-02 -1.231247e-01 3.846374e-02 5.599100e-02 3.768257e-03 3.909014e-02 2.682713e-03 9.005004e-02 9.842845e-03
8.797451e-03 9.085451e-01 1.827723e-01 6.435225e-02 2.024800e-02 -1.430382e-01 3.879711e-02 6.739038e-02 7.643532e-03 4.227890e-02 9.821059e-03 9.679537e-02 1.272288e-02
1.202318e-02 7.452291e-01 1.599987e-01 6.428090e-02 1.887461e-02 -9.184320e-02 3.897417e-02 6.813224e-02 4.215985e-03 4.190639e-02 3.298147e-03 1.021751e-01 1.145594e-02
1.583541e-02 7.768311e-01 8.575234e-02 8.536540e-02 2.838479e-02 -7.075532e-02 9.087332e-03 8.076853e-02 9.191186e-03 4.157441e-02 6.132064e-03 1.106058e-01 1.343924e-02
2.345987e-03 1.053148e+00 3.499576e-01 9.513700e-02 1.964186e-02 -1.886519e-01 7.229583e-02 5.243640e-02 8.006725e-03 2.697596e-02 8.796358e-03 8.558176e-02 1.382220e-02
2.639235e-03 1.053418e+00 1.907079e-01 6.444728e-02 2.830806e-02 -2.274016e-01 4.622551e-02 5.618194e-02 5.897630e-03 3.595519e-02 7.631868e-03 1.078158e-01 1.769549e-02
3.518980e-03 1.067475e+00 4.059103e-01 9.988214e-02 2.511174e-02 -1.953514e-01 8.808555e-02 5.526280e-02 2.899805e-03 2.603683e-02 9.623105e-03 9.061050e-02 1.593479e-02
4.985222e-03 7.111880e-01 1.573971e-01 3.625361e-02 2.913111e-02 -1.498366e-01 5.058632e-02 5.620213e-02 5.830341e-03 4.449326e-02 7.280529e-03 9.814943e-02 1.633947e-02
7.037961e-03 7.888971e-01 2.140506e-01 7.762794e-02 2.696223e-02 -1.089216e-01 3.002771e-02 5.924681e-02 4.022078e-03 3.685527e-02 3.514630e-03 8.343195e-02 4.738285e-03
9.677196e-03 7.997329e-01 9.269210e-02 7.835998e-02 1.303638e-02 -1.126811e-01 4.124623e-02 6.159249e-02 3.376312e-03 4.272746e-02 4.062701e-03 1.104328e-01 1.685669e-02
1.290293e-02 1.391285e+00 2.892837e-01 8.909353e-02 2.246515e-02 -2.301731e-01 4.737213e-02 6.573428e-02 9.256583e-03 3.619652e-02 1.807219e-03 1.357948e-01 5.525623e-03
1.671516e-02 9.277529e-01 1.331448e-01 9.901192e-02 2.549166e-02 -8.642634e-02 1.632565e-02 8.210282e-02 1.048002e-02 4.300013e-02 6.572283e-03 1.211178e-01 1.513131e-02
3.812229e-03 6.737884e-01 1.483497e-01 6.430489e-02 1.860056e-02 -1.212063e-01 2.342264e-02 6.480504e-02 7.172608e-03 4.495917e-02 6.294158e-03 9.048192e-02 6.217496e-03
4.105477e-03 1.130141e+00 3.348166e-01 5.501198e-02 2.328088e-02 -2.464192e-01 6.971539e-02 6.146708e-02 4.429948e-03 4.482962e-02 5.322754e-03 1.221680e-01 1.873007e-02
4.985222e-03 6.508815e-01 1.136226e-01 5.174010e-02 9.748845e-03 -1.251589e-01 2.596482e-02 5.699301e-02 2.957610e-03 3.936013e-02 3.994039e-03 8.750457e-02 5.680194e-03
6.451464e-03 1.000781e+00 1.964922e-01 1.296624e-01 2.884526e-02 -1.086994e-01 2.883770e-02 6.499791e-02 5.521492e-03 3.328730e-02 9.110204e-03 8.270575e-02 6.598006e-03
8.504203e-03 1.113328e+00 2.404880e-01 9.018560e-02 2.650594e-02 -1.802838e-01 4.098402e-02 6.198603e-02 2.275705e-03 3.675353e-02 4.759642e-03 1.102050e-01 1.229162e-02
1.114344e-02 9.117915e-01 1.005113e-01 9.250684e-02 1.500728e-02 -1.449309e-01 2.913839e-02 8.068251e-02 1.351947e-02 4.715247e-02 9.963941e-03 1.171711e-01 3.815548e-03
1.436917e-02 9.012161e-01 7.587479e-02 7.507191e-02 2.169536e-02 -1.131667e-01 2.617115e-02 8.177367e-02 4.327916e-03 4.384988e-02 6.845473e-03 1.138373e-01 1.720216e-02
1.818140e-02 1.191048e+00 1.611116e-01 1.254957e-01 2.213540e-02 -1.183010e-01 5.051498e-02 8.180415e-02 2.787536e-03 3.018451e-02 3.961331e-03 1.367365e-01 1.510069e-02
5.864967e-03 8.558665e-01 1.111073e-01 9.293612e-02 2.736384e-02 -1.036276e-01 1.329419e-02 7.859234e-02 1.313890e-03 5.075398e-02 6.662530e-03 9.043354e-02 8.277606e-03
6.158216e-03 1.010567e+00 2.743991e-01 7.647101e-02 2.261285e-02 -1.534638e-01 5.045273e-02 6.029797e-02 8.611047e-03 3.919734e-02 8.522945e-03 9.509506e-02 1.932620e-02
7.037961e-03 6.855381e-01 6.459046e-02 6.305040e-02 1.926730e-02 -1.058689e-01 2.716492e-02 6.005654e-02 5.388204e-03 3.512869e-02 3.135448e-03 8.389991e-02 6.075361e-03
8.504203e-03 9.398941e-01 2.992422e-01 1.099575e-01 1.960164e-02 -1.160968e-01 5.209757e-02 7.948577e-02 3.929436e-03 4.404232e-02 7.130642e-03 9.580781e-02 1.119340e-02
1.055694e-02 9.448800e-01 2.386265e-01 6.464639e-02 2.863112e-02 -1.621899e-01 4.108062e-02 7.354128e-02 9.803817e-03 4.469144e-02 7.514655e-03 1.197468e-01 2.248645e-02
1.319618e-02 7.358914e-01 1.127790e-01 8.164442e-02 2.109220e-02 -9.493699e-02 3.616860e-02 8.375400e-02 4.858404e-03 6.012584e-02 5.935626e-03 1.354714e-01 1.263549e-02
1.642191e-02 8.179595e-01 1.188186e-01 3.927606e-02 1.432528e-02 -1.116870e-01 2.268442e-02 7.421260e-02 7.671993e-03 3.498413e-02 2.310999e-03 1.063172e-01 5.689894e-03
2.023414e-02 8.447720e-01 2.624003e-01 4.572786e-02 4.714649e-02 -1.176414e-01 4.311352e-02 8.208248e-02 4.330346e-03 4.157072e-02 1.207887e-02 1.392415e-01 1.716161e-02
8.504203e-03 8.070648e-01 2.561193e-01 3.455163e-02 2.307001e-02 -1.311328e-01 4.123969e-02 7.762604e-02 9.646528e-03 5.617506e-02 1.044292e-02 1.053733e-01 1.680353e-02
8.797451e-03 8.743440e-01 1.241306e-01 5.603955e-02 2.060097e-02 -1.360836e-01 3.776093e-02 6.491234e-02 7.561003e-03 4.575781e-02 6.343085e-03 1.018194e-01 8.205033e-03
9.677196e-03 9.685676e-01 1.875736e-01 1.058821e-01 4.002581e-02 -1.239524e-01 1.528162e-02 6.973469e-02 1.114390e-02 3.325848e-02 2.396084e-03 8.587575e-02 3.528442e-03
1.114344e-02 8.129911e-01 1.573163e-01 5.835017e-02 2.361987e-02 -1.335400e-01 2.679978e-02 7.815018e-02 8.284761e-03 5.619237e-02 1.174881e-02 1.245502e-01 1.547504e-02
1.319618e-02 7.669665e-01 1.891367e-01 5.549972e-02 2.359164e-02 -1.202177e-01 3.909221e-02 7.906717e-02 7.695604e-03 4.108312e-02 5.228329e-03 1.025225e-01 1.465162e-02
1.583541e-02 9.683541e-01 1.893694e-01 6.498885e-02 1.334182e-02 -1.262377e-01 3.218149e-02 8.019985e-02 6.971279e-03 4.616424e-02 4.219573e-03 1.332234e-01 1.550087e-02
1.906114e-02 8.303015e-01 8.451061e-02 5.673175e-02 1.238344e-02 -1.137815e-01 3.142438e-02 8.808310e-02 6.043180e-03 4.236681e-02 6.460052e-03 1.551953e-01 1.892949e-02
2.287337e-02 8.053437e-01 1.210791e-01 7.390951e-02 3.271620e-02 -7.072774e-02 6.255935e-03 9.701127e-02 1.527498e-02 4.794848e-02 5.526995e-03 1.541984e-01 1.140858e-02
1.172993e-02 1.194622e+00 1.690710e-01 6.058759e-02 9.265054e-03 -1.984916e-01 3.224084e-02 6.026691e-02 6.039124e-03 3.472880e-02 5.107028e-03 1.218599e-01 1.235079e-02
1.202318e-02 1.005951e+00 3.106835e-01 1.022085e-01 2.819256e-02 -1.335710e-01 4.454682e-02 7.283536e-02 4.619269e-03 3.159581e-02 9.883885e-03 9.817152e-02 6.668429e-03
1.290293e-02 8.853268e-01 1.417482e-01 9.546650e-02 1.679932e-02 -1.186763e-01 3.909526e-03 7.929287e-02 9.807561e-03 3.499279e-02 4.995783e-03 1.031124e-01 5.745675e-03
1.436917e-02 8.905651e-01 2.043649e-01 1.155067e-01 2.124734e-02 -5.348148e-02 3.399307e-02 8.106769e-02 6.110332e-03 4.016915e-02 3.478559e-03 9.445033e-02 8.807730e-03
1.642191e-02 1.235503e+00 2.644836e-01 1.072668e-01 3.053729e-02 -1.546577e-01 4.212527e-02 1.051135e-01 3.425581e-03 5.118416e-02 5.730584e-03 1.380635e-01 1.559119e-02
1.906114e-02 1.098513e+00 1.574118e-01 1.139255e-01 2.383135e-02 -1.039058e-01 2.994411e-02 9.054668e-02 1.275965e-02 3.923217e-02 5.949194e-03 1.305803e-01 7.266314e-03
2.228688e-02 1.002045e+00 1.364689e-01 6.673200e-02 2.405487e-02 -1.118982e-01 4.685065e-02 9.829706e-02 5.975405e-03 4.818967e-02 9.690103e-03 1.697353e-01 1.430511e-02
2.609911e-02 7.149273e-01 1.049933e-01 5.834805e-02 2.246383e-02 -5.561450e-02 3.367148e-02 1.182041e-01 9.565147e-03 5.232748e-02 8.680743e-03 1.713009e-01 1.301780e-02
1.554216e-02 8.855506e-01 1.740919e-01 1.096252e-01 1.898544e-02 -1.109366e-01 3.901492e-02 7.478234e-02 5.767290e-03 3.921325e-02 8.592875e-03 1.359658e-01 1.291045e-02
1.583541e-02 7.786629e-01 1.753199e-01 4.536114e-02 2.038818e-02 -1.105502e-01 3.836055e-02 7.928420e-02 6.861783e-03 3.926394e-02 5.948951e-03 1.216061e-01 6.718586e-03
1.671516e-02 7.973139e-01 1.764697e-01 5.137536e-02 3.334676e-02 -1.036222e-01 2.054921e-02 8.044579e-02 1.053099e-02 4.280286e-02 7.044761e-03 1.215254e-01 9.435009e-03
1.818140e-02 1.174359e+00 3.338339e-01 1.081535e-01 3.401373e-02 -1.761530e-01 6.196062e-02 8.082139e-02 4.837491e-03 2.030038e-02 7.480767e-03 1.233225e-01 1.718720e-02
2.023414e-02 8.542867e-01 1.246719e-01 7.102823e-02 1.447124e-02 -1.220500e-01 4.201283e-02 9.610255e-02 8.706489e-03 4.016769e-02 5.735895e-03 1.431740e-01 1.513058e-02
2.287337e-02 1.183513e+00 4.825051e-01 7.950257e-02 3.138855e-02 -1.447945e-01 5.818827e-02 1.025693e-01 5.855060e-03 4.873653e-02 5.067673e-03 1.523203e-01 1.813105e-02
2.609911e-02 9.087044e-01 1.328387e-01 3.462616e-02 2.467033e-02 -1.518740e-01 1.874132e-02 9.509823e-02 1.414856e-02 2.498488e-02 1.419682e-02 1.783627e-01 2.019385e-02
2.991133e-02 1.205836e+00 1.391305e-01 6.696519e-02 2.010230e-02 -1.799786e-01 5.536292e-02 1.533501e-01 1.567107e-02 3.430622e-02 1.278110e-02 2.260737e-01 2.159291e-02
2.639235e-03 6.351994e-01 1.428310e-01 6.388268e-02 1.708286e-02 -1.103499e-01 2.288858e-02 6.118857e-02 4.578847e-03 4.059888e-02 1.801081e-03 7.718027e-02 5.860309e-03
2.932484e-03 1.807557e+00 7.062098e-01 1.205556e-01 4.132318e-02 -3.476321e-01 1.480492e-01 5.601146e-02 2.948062e-03 2.324965e-02 9.966013e-03 1.213465e-01 3.055650e-02
3.812229e-03 1.682589e+00 3.392170e-01 1.172872e-01 3.632811e-02 -3.329213e-01 7.041391e-02 6.748580e-02 8.356287e-03 3.327244e-02 1.072671e-02 1.294848e-01 1.407278e-02
5.278471e-03 1.136321e+00 2.630711e-01 8.583526e-02 3.781829e-02 -2.139055e-01 5.957332e-02 6.049423e-02 4.933631e-03 3.617314e-02 5.950514e-03 1.090955e-01 1.585772e-02
7.331209e-03 5.857026e-01 1.144998e-01 6.169275e-02 2.130594e-02 -7.776969e-02 2.231172e-02 5.608458e-02 6.434943e-03 3.738357e-02 3.159655e-03 8.375983e-02 4.039261e-03
9.970445e-03 8.175364e-01 1.103883e-01 7.429156e-02 1.735559e-02 -1.303022e-01 2.105223e-02 6.815359e-02 4.973923e-03 3.871030e-02 1.508644e-03 9.916473e-02 6.285073e-03
1.319618e-02 1.121766e+00 1.805365e-01 9.295001e-02 2.425585e-02 -1.367210e-01 4.678219e-02 7.443958e-02 7.889817e-03 4.302908e-02 6.946262e-03 1.188611e-01 9.343136e-03
1.700841e-02 1.136800e+00 2.869825e-01 9.677980e-02 3.010294e-02 -1.331136e-01 3.444345e-02 9.473177e-02 7.385589e-03 4.353798e-02 9.443580e-03 1.336124e-01 7.487838e-03
2.932484e-03 6.487677e-01 2.134148e-01 3.443627e-02 1.487355e-02 -1.376226e-01 4.756829e-02 5.773624e-02 4.480876e-03 5.043722e-02 6.329369e-03 9.841717e-02 1.206190e-02
3.225732e-03 8.304568e-01 5.588253e-01 8.504487e-02 4.604111e-02 -1.364497e-01 1.086005e-01 7.030505e-02 9.546587e-03 4.852929e-02 6.499117e-03 9.695684e-02 2.414323e-02
4.105477e-03 5.324810e-01 1.563344e-01 3.145689e-02 1.473442e-02 -1.051420e-01 4.225241e-02 5.046114e-02 3.403951e-03 3.642120e-02 4.049197e-03 7.366163e-02 9.134349e-03
5.571719e-03 5.255486e-01 8.624956e-02 5.501832e-02 1.433550e-02 -7.832437e-02 2.109174e-02 6.407443e-02 9.508002e-03 4.565499e-02 8.898121e-03 7.848857e-02 8.601076e-03
7.624458e-03 9.508205e-01 2.747408e-01 9.413422e-02 2.913360e-02 -1.363219e-01 4.729825e-02 7.006420e-02 7.095909e-03 4.066667e-02 1.078646e-02 9.421981e-02 5.700294e-03
1.026369e-02 1.031850e+00 2.443875e-01 8.176178e-02 2.099684e-02 -1.485319e-01 3.131959e-02 6.785937e-02 3.893447e-03 3.797172e-02 5.837098e-03 1.008868e-01 7.168360e-03
1.348943e-02 1.362460e+00 3.993625e-01 1.190677e-01 1.609200e-02 -1.796898e-01 7.622572e-02 7.035333e-02 3.258637e-03 3.343229e-02 9.775980e-03 1.278539e-01 1.190632e-02
1.730165e-02 1.073668e+00 2.093720e-01 7.765846e-02 3.342072e-02 -1.279562e-01 3.037414e-02 9.802001e-02 6.491454e-03 5.725070e-02 8.294377e-03 1.502701e-01 9.908422e-03
3.812229e-03 4.152744e-01 8.263335e-02 6.676242e-02 1.559656e-02 -3.538564e-02 1.254888e-02 6.747166e-02 9.892966e-03 4.867677e-02 8.180185e-03 6.671874e-02 6.227838e-03
4.105477e-03 6.981175e-01 1.730383e-01 6.500976e-02 2.271201e-02 -1.137715e-01 4.714762e-02 5.664531e-02 3.784658e-03 4.042838e-02 4.868972e-03 8.190775e-02 1.829494e-02
4.985222e-03 7.389421e-01 2.362722e-01 9.478891e-02 4.288391e-02 -9.011411e-02 2.409295e-02 6.045655e-02 6.266247e-03 3.293842e-02 5.851370e-03 7.015097e-02 4.683273e-03
6.451464e-03 8.915753e-01 2.362495e-01 6.645288e-02 2.317606e-02 -1.485229e-01 3.509626e-02 6.210192e-02 7.330654e-03 4.097041e-02 5.668503e-03 9.492261e-02 6.243345e-03
8.504203e-03 6.919060e-01 1.739490e-01 4.536668e-02 2.087690e-02 -1.158670e-01 5.401524e-02 7.645255e-02 7.757757e-03 5.661816e-02 4.095906e-03 1.104366e-01 1.567846e-02
1.114344e-02 1.095506e+00 1.100453e-01 6.315784e-02 1.930292e-02 -1.769189e-01 2.759098e-02 6.873428e-02 2.138308e-03 4.311964e-02 3.791919e-03 1.117078e-01 6.313380e-03
1.436917e-02 1.465630e+00 2.152280e-01 9.968373e-02 2.484005e-02 -1.702958e-01 3.872828e-02 8.680106e-02 6.777544e-03 4.489903e-02 7.346197e-03 1.324592e-01 1.248831e-02
1.818140e-02 1.062683e+00 2.361061e-01 9.368760e-02 2.346452e-02 -1.118736e-01 3.567832e-02 9.172938e-02 9.710028e-03 4.556304e-02 9.804926e-03 1.405258e-01 1.943369e-02
5.278471e-03 1.350842e+00 3.315323e-01 1.604720e-01 4.412085e-02 -2.013175e-01 6.278938e-02 7.344611e-02 9.694741e-03 2.943025e-02 8.306358e-03 1.005216e-01 1.300516e-02
5.571719e-03 5.137204e-01 9.053030e-02 4.873093e-02 9.968160e-03 -6.321435e-02 1.927636e-02 5.277841e-02 3.838504e-03 4.087040e-02 6.768719e-03 7.415904e-02 5.421535e-03
6.451464e-03 5.991332e-01 1.492338e-01 5.093045e-02 2.063266e-02 -9.093417e-02 3.589694e-02 6.122653e-02 7.597444e-03 4.444647e-02 4.251863e-03 8.510934e-02 9.221062e-03
7.917706e-03 1.332219e+00 2.562455e-01 1.328008e-01 2.042188e-02 -1.778661e-01 4.560113e-02 6.056590e-02 4.584702e-03 2.163848e-02 2.905669e-03 8.167248e-02 1.341650e-02
9.970445e-03 6.860843e-01 1.591698e-01 6.904640e-02 2.762439e-02 -1.046608e-01 3.725465e-02 6.026873e-02 5.282506e-03 4.008998e-02 6.476217e-03 1.014672e-01 8.241040e-03
1.260968e-02 6.526963e-01 1.672357e-01 7.900551e-02 2.683207e-02 -5.477357e-02 2.815055e-02 7.245363e-02 7.132679e-03 3.704227e-02 5.505255e-03 9.201226e-02 9.808299e-03
1.583541e-02 9.715720e-01 1.002013e-01 7.511401e-02 1.140815e-02 -1.186998e-01 2.811943e-02 6.942532e-02 7.195665e-03 4.063223e-02 9.062922e-03 1.165620e-01 1.573489e-02
1.964764e-02 1.471898e+00 3.057533e-01 1.225468e-01 3.556982e-02 -1.532498e-01 3.892297e-02 9.163482e-02 5.377544e-03 3.734611e-02 1.064938e-02 1.423493e-01 9.599431e-03
7.331209e-03 6.940212e-01 2.215235e-01 5.140414e-02 1.514612e-02 -1.182812e-01 4.633194e-02 6.605338e-02 3.490634e-03 4.169083e-02 7.653708e-03 9.049089e-02 1.109007e-02
7.624458e-03 1.067375e+00 2.001488e-01 1.056594e-01 3.362506e-02 -1.687514e-01 1.768782e-02 6.001802e-02 9.634142e-03 3.005371e-02 3.334079e-03 1.041375e-01 8.145049e-03
8.504203e-03 7.467476e-01 2.982452e-01 5.763583e-02 1.956923e-02 -1.115425e-01 4.636787e-02 6.507692e-02 5.277825e-03 4.097996e-02 7.914638e-03 9.295241e-02 8.960131e-03
9.970445e-03 6.920851e-01 1.127353e-01 5.156431e-02 1.684808e-02 -1.094184e-01 2.837727e-02 6.133456e-02 7.010727e-03 3.918097e-02 2.935197e-03 9.829913e-02 6.319463e-03
1.202318e-02 5.864310e-01 1.625555e-01 5.210172e-02 1.086022e-02 -8.477997e-02 2.447916e-02 6.174850e-02 6.287322e-03 4.344443e-02 6.430391e-03 1.055797e-01 8.935364e-03
1.466242e-02 9.073422e-01 2.370393e-01 1.210571e-01 3.844638e-02 -6.890434e-02 1.484893e-02 9.606983e-02 1.191800e-02 5.379265e-02 6.335733e-03 1.148002e-01 1.319880e-02
1.788815e-02 7.744794e-01 8.816994e-02 4.187703e-02 1.215759e-02 -1.065991e-01 1.505420e-02 7.506379e-02 6.924298e-03 3.645582e-02 6.625278e-03 1.116982e-01 1.571044e-02
2.170038e-02 1.039381e+00 1.850847e-01 6.192474e-02 2.162354e-02 -1.356861e-01 3.581531e-02 9.519717e-02 8.325176e-03 3.719406e-02 8.094826e-03 1.647765e-01 1.249314e-02
9.970445e-03 7.679771e-01 1.321737e-01 6.689979e-02 1.906949e-02 -1.223044e-01 1.313028e-02 8.029487e-02 4.809320e-03 5.766417e-02 7.913041e-03 1.182328e-01 1.336053e-02
1.026369e-02 7.412538e-01 1.680271e-01 6.797467e-02 2.879463e-02 -1.222193e-01 2.611284e-02 6.840220e-02 8.941478e-03 4.257299e-02 2.346330e-03 1.043523e-01 1.309307e-02
1.114344e-02 7.067553e-01 1.025894e-01 7.080875e-02 2.668714e-02 -9.273308e-02 2.839713e-02 8.675858e-02 9.802395e-03 5.423334e-02 7.097177e-03 1.076734e-01 1.649660e-02
1.260968e-02 1.974261e+00 6.307515e-01 1.400633e-01 4.701009e-02 -2.806642e-01 1.154511e-01 7.002748e-02 1.012983e-02 2.678674e-02 8.118503e-03 1.295951e-01 1.716146e-02
1.466242e-02 9.081975e-01 1.340754e-01 8.537552e-02 2.890305e-02 -9.322143e-02 2.211269e-02 8.235603e-02 6.724230e-03 4.597161e-02 3.766423e-03 1.017784e-01 6.815848e-03
1.730165e-02 6.351175e-01 1.368614e-01 3.327767e-02 9.680873e-03 -9.995018e-02 2.582175e-02 8.204635e-02 1.163158e-02 4.639375e-02 5.710755e-03 1.223420e-01 1.190148e-02
2.052739e-02 1.001556e+00 2.999734e-01 1.290781e-01 4.189516e-02 -7.582388e-02 5.126256e-02 1.001236e-01 5.334986e-03 4.092814e-02 1.050008e-02 1.286121e-01 3.547109e-03
2.433961e-02 7.282699e-01 1.334584e-01 4.911321e-02 1.566874e-02 -9.719012e-02 3.643916e-02 1.014612e-01 6.085706e-03 4.727622e-02 7.215769e-03 1.784627e-01 1.053320e-02
1.319618e-02 7.633113e-01 2.109038e-01 1.106148e-01 2.113074e-02 -7.776445e-02 3.563320e-02 7.817334e-02 3.414010e-03 3.353057e-02 3.220427e-03 9.272082e-02 7.538253e-03
1.348943e-02 1.123085e+00 3.865901e-01 8.577024e-02 4.757446e-02 -1.391458e-01 4.628460e-02 7.619448e-02 4.852373e-03 4.697670e-02 1.182225e-02 1.286674e-01 9.435602e-03
1.436917e-02 6.394688e-01 1.075667e-01 3.442663e-02 2.032004e-02 -8.334139e-02 3.375964e-02 6.146213e-02 5.358320e-03 3.847626e-02 2.223217e-03 1.039465e-01 4.385876e-03
1.583541e-02 8.186575e-01 1.779366e-01 1.177346e-01 2.743432e-02 -7.801227e-02 2.502630e-02 9.112578e-02 4.901707e-03 4.221566e-02 1.082617e-02 1.093367e-01 1.056763e-02
1.788815e-02 1.094307e+00 1.804072e-01 9.863573e-02 1.885209e-02 -1.104373e-01 3.456595e-02 8.384958e-02 5.551997e-03 3.944405e-02 9.331715e-03 1.214596e-01 5.519842e-03
2.052739e-02 1.351479e+00 2.294649e-01 2.113019e-02 4.092223e-02 -2.626647e-01 3.586985e-02 8.306662e-02 1.403129e-03 4.748103e-02 7.291127e-03 1.879864e-01 1.026346e-02
2.375312e-02 1.006723e+00 1.472404e-01 5.720460e-02 1.467775e-02 -9.451896e-02 4.199610e-02 1.006259e-01 6.141537e-03 4.344982e-02 6.026372e-03 1.680646e-01 5.606264e-03
2.756535e-02 1.157982e+00 2.145190e-01 9.928019e-02 2.541731e-02 -1.655331e-01 2.804402e-02 1.088166e-01 1.222438e-02 2.695166e-02 7.061468e-03 1.939299e-01 1.889304e-02
1.700841e-02 1.277415e+00 3.214642e-01 1.209229e-01 3.991986e-02 -1.018315e-01 3.775506e-02 9.502761e-02 1.146890e-02 5.634201e-02 9.136921e-03 1.340548e-01 1.239743e-02
1.730165e-02 8.318387e-01 1.285872e-01 8.556749e-02 2.157585e-02 -8.526670e-02 2.811255e-02 8.562322e-02 1.148713e-02 4.716409e-02 8.277948e-03 1.343239e-01 1.980481e-02
1.818140e-02 1.695064e+00 5.007662e-01 1.430778e-01 3.126849e-02 -2.183683e-01 7.083050e-02 8.927803e-02 4.509266e-03 3.160197e-02 5.952931e-03 1.422729e-01 1.262808e-02
1.964764e-02 9.813471e-01 1.877087e-01 7.616091e-02 2.620977e-02 -1.372292e-01 2.296440e-02 1.081168e-01 8.652334e-03 5.883977e-02 1.023013e-02 1.657105e-01 1.443438e-02
2.170038e-02 6.465760e-01 1.124087e-01 3.869481e-02 1.314684e-02 -7.904606e-02 2.357039e-02 9.270795e-02 3.665156e-03 4.471660e-02 4.569300e-03 1.554380e-01 1.035059e-02
2.433961e-02 8.738059e-01 2.085665e-01 5.310342e-02 9.134232e-03 -5.127388e-02 4.344436e-02 9.490930e-02 5.739858e-03 3.315892e-02 9.862050e-03 1.729387e-01 2.200182e-02
2.756535e-02 1.170724e+00 3.055953e-01 6.342342e-02 4.912234e-03 -1.209027e-01 4.705309e-02 1.084144e-01 9.667067e-03 3.121370e-02 1.303060e-02 1.848928e-01 1.892869e-02
3.137758e-02 9.106269e-01 8.053712e-02 3.208782e-02 2.679612e-02 -8.959254e-02 2.185020e-02 1.387049e-01 1.249650e-02 2.291835e-02 9.167385e-03 2.064345e-01 1.316152e-02
4.691974e-03 2.436802e+00 5.928229e-01 2.077984e-01 6.445779e-02 -4.344595e-01 9.301970e-02 8.302889e-02 1.076235e-02 2.431217e-02 1.132571e-02 1.527732e-01 1.181477e-02
4.985222e-03 6.092285e-01 1.629745e-01 3.246431e-02 2.885735e-02 -1.329901e-01 2.499602e-02 6.118665e-02 5.824026e-03 4.916208e-02 8.159570e-03 1.018165e-01 1.261306e-02
5.864967e-03 9.079717e-01 1.532806e-01 9.852095e-02 2.722438e-02 -1.159784e-01 1.085688e-02 6.642570e-02 4.040587e-03 3.874774e-02 5.288391e-03 8.658351e-02 6.367033e-03
7.331209e-03 1.238141e+00 3.466373e-01 1.026359e-01 3.239301e-02 -2.048929e-01 7.426644e-02 6.542878e-02 3.604021e-03 3.691091e-02 9.218562e-03 1.176189e-01 1.272513e-02
9.383948e-03 1.151196e+00 4.362468e-01 1.156324e-01 3.440886e-02 -1.512593e-01 6.470493e-02 8.323996e-02 7.217436e-03 4.403433e-02 8.700157e-03 1.051711e-01 7.103722e-03
1.202318e-02 9.916302e-01 2.223793e-01 6.820252e-02 1.013473e-02 -1.515321e-01 5.135145e-02 8.651313e-02 4.150004e-03 5.425112e-02 8.666223e-03 1.268438e-01 2.051570e-02
1.524892e-02 1.413336e+00 2.643194e-01 9.596675e-02 2.890789e-02 -1.856813e-01 4.008745e-02 7.586610e-02 4.447188e-03 3.737346e-02 1.019196e-02 1.259179e-01 1.831624e-02
1.906114e-02 1.145623e+00 2.023894e-01 1.070754e-01 2.683121e-02 -1.500165e-01 3.054713e-02 9.960758e-02 1.272120e-02 4.496570e-02 1.296197e-02 1.472187e-01 1.661998e-02
4.985222e-03 9.041302e-01 2.804550e-01 8.951142e-02 1.677651e-02 -1.306532e-01 5.833292e-02 6.483001e-02 2.240042e-03 3.940139e-02 6.680950e-03 8.703745e-02 1.038117e-02
5.278471e-03 9.957821e-01 2.657177e-01 6.541669e-02 2.742962e-02 -1.922524e-01 5.948788e-02 5.821604e-02 2.750015e-03 3.689264e-02 4.202829e-03 1.027212e-01 1.805095e-02
6.158216e-03 7.769644e-01 2.854105e-01 5.764635e-02 2.364866e-02 -1.265050e-01 4.861912e-02 5.599550e-02 7.069112e-03 3.768660e-02 9.245473e-03 9.048941e-02 1.889269e-02
7.624458e-03 8.270524e-01 2.272870e-01 8.891569e-02 2.098890e-02 -1.148483e-01 4.230283e-02 7.244705e-02 6.166487e-03 4.170924e-02 6.657523e-03 9.422116e-02 8.348497e-03
9.677196e-03 6.502937e-01 1.659640e-01 3.403492e-02 1.188003e-02 -9.414228e-02 2.926544e-02 7.291200e-02 4.755514e-03 5.179666e-02 2.742608e-03 1.011323e-01 5.152336e-03
1.231643e-02 1.115552e+00 1.682067e-01 8.409730e-02 1.916975e-02 -1.606774e-01 3.429026e-02 7.794170e-02 4.193007e-03 5.022434e-02 6.781460e-03 1.303099e-01 1.041048e-02
1.554216e-02 9.900696e-01 1.800457e-01 9.195582e-02 1.376639e-02 -9.815816e-02 1.669329e-02 6.952572e-02 5.699192e-03 3.389372e-02 5.100191e-03 1.002820e-01 9.222437e-03
1.935439e-02 1.069613e+00 1.172092e-01 6.241492e-02 3.719221e-02 -1.610531e-01 4.380380e-02 8.182446e-02 8.797793e-03 4.596541e-02 9.269658e-03 1.597731e-01 2.004787e-02
5.864967e-03 7.236912e-01 2.127287e-01 1.135126e-01 2.818851e-02 -6.040148e-02 2.683560e-02 7.769933e-02 1.185830e-02 4.815657e-02 6.526444e-03 8.119594e-02 1.184481e-02
6.158216e-03 6.647312e-01 8.756045e-02 4.276674e-02 1.460074e-02 -1.323832e-01 1.243357e-02 6.016627e-02 5.344313e-03 4.684883e-02 4.137040e-03 9.955769e-02 6.204881e-03
7.037961e-03 7.636187e-01 8.084513e-02 8.037640e-02 1.564500e-02 -1.156271e-01 3.331345e-02 5.591287e-02 8.038984e-03 3.125698e-02 5.614282e-03 8.341689e-02 4.623789e-03
8.504203e-03 7.341708e-01 1.617410e-01 8.097034e-02 3.270034e-02 -1.054000e-01 2.082477e-02 7.298148e-02 7.898391e-03 4.785830e-02 4.703812e-03 1.048236e-01 6.251633e-03
1.055694e-02 1.059111e+00 3.746619e-01 7.821735e-02 2.976339e-02 -1.756378e-01 5.942947e-02 7.266068e-02 6.744282e-03 4.221296e-02 4.210790e-03 1.166810e-01 1.226970e-02
1.319618e-02 1.170585e+00 2.432121e-01 1.180144e-01 3.212996e-02 -1.241402e-01 1.602140e-02 7.476460e-02 7.727155e-03 3.211542e-02 4.058093e-03 1.120717e-01 1.095968e-02
1.642191e-02 1.049623e+00 1.105216e-01 4.161333e-02 1.921931e-02 -1.604166e-01 1.143017e-02 7.617884e-02 2.290903e-03 4.430077e-02 6.969083e-03 1.397725e-01 1.030243e-02
2.023414e-02 9.687713e-01 7.105631e-02 1.008338e-01 2.708157e-02 -9.474348e-02 3.422725e-02 1.201487e-01 4.387310e-03 5.942991e-02 9.265563e-03 1.561749e-01 1.425997e-02
7.331209e-03 1.121067e+00 2.927846e-01 9.157466e-02 4.610230e-02 -1.794875e-01 5.769594e-02 5.974796e-02 9.164020e-03 3.124291e-02 5.381363e-03 9.489182e-02 1.284587e-02
7.624458e-03 1.085320e+00 1.752937e-01 1.210577e-01 2.912794e-02 -1.463353e-01 4.385668e-02 7.762086e-02 4.677818e-03 4.364864e-02 4.638292e-03 1.082128e-01 1.311600e-02
8.504203e-03 1.093956e+00 1.274189e-01 1.196818e-01 2.359551e-02 -1.478550e-01 6.047800e-03 7.872771e-02 5.663177e-03 3.854149e-02 7.819653e-03 1.030115e-01 7.882848e-03
9.970445e-03 1.611636e+00 5.363339e-01 9.949105e-02 1.793331e-02 -2.620979e-01 1.267127e-01 6.643465e-02 4.443581e-03 3.616300e-02 3.720664e-03 1.354325e-01 3.023182e-02
1.202318e-02 8.605819e-01 2.627920e-01 4.459493e-02 1.396571e-02 -1.480980e-01 5.655644e-02 6.745117e-02 5.636019e-03 4.868205e-02 5.474091e-03 1.241357e-01 1.375068e-02
1.466242e-02 1.074883e+00 1.815830e-01 8.776987e-02 9.983582e-03 -1.377522e-01 1.946540e-02 7.989251e-02 3.947427e-03 4.203472e-02 6.007709e-03 1.184687e-01 1.075264e-02
1.788815e-02 6.513847e-01 1.005512e-01 5.545906e-02 2.516637e-02 -6.711863e-02 1.415795e-02 1.000755e-01 1.002885e-02 5.855436e-02 4.738729e-03 1.437146e-01 1.066064e-02
2.170038e-02 9.191139e-01 1.389142e-01 7.561579e-02 3.416301e-02 -7.406086e-02 2.918515e-02 9.797307e-02 1.767493e-02 5.612594e-02 1.093593e-02 1.673579e-01 1.519132e-02
9.383948e-03 1.666502e+00 1.827975e-01 1.373534e-01 2.768389e-02 -2.879147e-01 3.375645e-02 7.582474e-02 2.682537e-03 3.908919e-02 8.380364e-03 1.488144e-01 4.552951e-03
9.677196e-03 7.915691e-01 4.505787e-02 8.904852e-02 1.557611e-02 -9.802824e-02 1.922425e-02 6.411666e-02 3.841814e-03 3.599737e-02 3.663038e-03 8.949037e-02 6.916992e-03
1.055694e-02 9.573738e-01 1.462743e-01 5.930778e-02 2.200408e-02 -1.517711e-01 2.286423e-02 6.811809e-02 4.542222e-03 4.186623e-02 8.200681e-03 1.089303e-01 1.503340e-02
1.202318e-02 8.980378e-01 1.067734e-01 1.110042e-01 6.156611e-03 -9.170405e-02 2.782250e-02 8.420976e-02 7.671998e-03 4.107367e-02 4.142501e-03 9.927943e-02 5.236503e-03
1.407592e-02 1.080781e+00 1.381452e-01 7.639645e-02 2.075717e-02 -1.441892e-01 3.052206e-02 6.819836e-02 6.461379e-03 3.989336e-02 8.921574e-03 1.277686e-01 1.239246e-02
1.671516e-02 1.352600e+00 3.415319e-01 8.888195e-02 2.101560e-02 -2.346455e-01 7.356674e-02 8.905251e-02 6.301664e-03 3.429058e-02 3.706458e-03 1.482933e-01 1.427247e-02
1.994089e-02 7.058367e-01 1.124980e-01 5.412415e-02 2.489949e-02 -9.165291e-02 1.989683e-02 9.475267e-02 1.041267e-02 5.433311e-02 8.479810e-03 1.505311e-01 1.468002e-02
2.375312e-02 9.249870e-01 1.652760e-01 5.728732e-02 1.446185e-02 -9.863934e-02 1.151481e-02 1.049654e-01 5.895438e-03 4.521179e-02 3.938018e-03 1.533617e-01 1.208917e-02
1.202318e-02 6.580119e-01 2.217254e-01 7.220622e-02 2.797006e-02 -8.380370e-02 4.095763e-02 6.743477e-02 1.086445e-02 3.772345e-02 5.295414e-03 1.050181e-01 1.407567e-02
1.231643e-02 7.761705e-01 1.331077e-01 9.116345e-02 1.229474e-02 -6.855976e-02 1.116600e-02 6.512718e-02 5.416132e-03 3.623205e-02 4.345752e-03 1.015566e-01 8.142469e-03
1.319618e-02 9.552579e-01 2.111919e-01 9.838929e-02 1.990017e-02 -1.284161e-01 5.167968e-02 7.704289e-02 5.509996e-03 3.886627e-02 7.329310e-03 1.136995e-01 1.893026e-02
1.466242e-02 1.174839e+00 2.426005e-01 8.941135e-02 1.563717e-02 -1.717746e-01 6.770813e-02 8.051660e-02 3.942210e-03 4.219336e-02 3.643766e-03 1.336957e-01 2.138130e-02
1.671516e-02 9.079285e-01 8.405383e-02 5.087245e-02 2.886781e-02 -1.178281e-01 3.014946e-02 8.714174e-02 1.024542e-02 5.462270e-02 1.327903e-02 1.319111e-01 1.772221e-02
1.935439e-02 1.014503e+00 1.504063e-01 8.792947e-02 1.813408e-02 -1.397083e-01 3.847400e-02 9.670822e-02 4.677628e-03 3.679093e-02 8.595927e-03 1.356869e-01 1.174734e-02
2.258012e-02 1.137081e+00 2.050884e-01 6.159382e-02 3.299500e-02 -1.294133e-01 4.371042e-02 1.051981e-01 1.192886e-02 5.138880e-02 7.477599e-03 1.590294e-01 1.179623e-02
2.639235e-02 1.031129e+00 1.157362e-01 1.093706e-01 2.348602e-02 -1.014508e-01 1.909211e-02 1.104037e-01 8.098107e-03 2.099783e-02 1.004348e-02 1.795564e-01 1.393100e-02
1.524892e-02 9.513667e-01 5.694438e-02 9.805248e-02 1.085308e-02 -1.229788e-01 2.402042e-02 8.761454e-02 7.865509e-03 3.767498e-02 8.879235e-03 1.236627e-01 1.386518e-02
1.554216e-02 7.849997e-01 6.511900e-02 7.449512e-02 1.852443e-02 -9.937180e-02 2.183899e-02 8.159208e-02 8.018101e-03 3.989629e-02 6.210959e-03 1.174244e-01 8.449661e-03
1.642191e-02 8.053029e-01 6.478426e-02 7.956398e-02 8.667321e-03 -9.957071e-02 1.064387e-02 8.750300e-02 8.374390e-03 4.116326e-02 5.588196e-03 1.330706e-01 8.607422e-03
1.788815e-02 7.821021e-01 1.097995e-01 7.169231e-02 1.691372e-02 -8.760288e-02 2.291223e-02 8.999430e-02 5.601457e-03 3.292531e-02 1.051037e-02 1.100362e-01 9.214641e-03
1.994089e-02 8.850307e-01 1.458872e-01 8.815786e-02 2.101432e-02 -6.165002e-02 2.948688e-02 9.052959e-02 8.374403e-03 4.636957e-02 8.710043e-03 1.188272e-01 8.676197e-03
2.258012e-02 8.216271e-01 1.435772e-01 7.531723e-02 2.046497e-02 -1.026815e-01 3.175425e-02 1.130200e-01 5.815964e-03 5.235485e-02 8.673403e-03 1.511123e-01 1.980392e-02
2.580586e-02 1.254690e+00 1.604418e-01 8.848308e-02 1.798031e-02 -7.239208e-02 1.723688e-02 1.060797e-01 7.232419e-03 2.786143e-02 8.319854e-03 1.628739e-01 1.705574e-02
2.961809e-02 9.748172e-01 1.507446e-01 6.495672e-02 1.749971e-02 -1.295072e-01 5.652553e-02 1.320894e-01 2.055286e-02 4.874588e-02 1.314912e-02 2.471962e-01 1.221138e-02
1.906114e-02 1.382432e+00 2.911157e-01 1.484732e-01 3.835505e-02 -1.578564e-01 3.280805e-02 1.172082e-01 5.945732e-03 5.053724e-02 1.175039e-02 1.545311e-01 3.441874e-03
1.935439e-02 1.020561e+00 2.277604e-01 1.119140e-01 2.387051e-02 -7.480259e-02 3.692426e-02 8.856243e-02 5.064895e-03 4.178340e-02 7.440839e-03 1.293685e-01 1.187504e-02
2.023414e-02 8.719119e-01 1.059589e-01 6.572064e-02 1.179518e-02 -1.127506e-01 2.513316e-02 9.858608e-02 3.784688e-03 4.576310e-02 7.899347e-03 1.481923e-01 1.779137e-02
2.170038e-02 9.238520e-01 1.247870e-01 9.794905e-02 1.365657e-02 -7.198593e-02 2.541703e-02 9.846937e-02 8.651838e-03 3.607835e-02 1.242094e-02 1.574606e-01 7.582224e-03
2.375312e-02 1.597986e+00 2.176332e-01 1.425297e-01 2.564783e-02 -1.820777e-01 1.903974e-02 1.081302e-01 6.616629e-03 2.917482e-02 1.013199e-02 1.527534e-01 7.749481e-03
2.639235e-02 9.280172e-01 7.058197e-02 1.110104e-01 1.780935e-02 -9.613421e-02 3.019301e-02 1.367528e-01 9.085644e-03 3.781980e-02 1.280481e-02 1.724151e-01 1.203399e-02
2.961809e-02 8.925762e-01 1.005292e-01 8.639082e-02 2.455505e-02 -9.228549e-02 2.171451e-02 1.443409e-01 1.055802e-02 2.676731e-02 1.436481e-02 2.068968e-01 2.489417e-02
3.343031e-02 9.000152e-01 1.267500e-01 1.408771e-01 2.132437e-02 -1.732382e-02 2.194713e-02 1.851558e-01 2.038894e-02 4.279612e-02 1.506000e-02 2.105343e-01 1.422429e-02
7.331209e-03 7.929971e-01 1.368884e-01 7.488821e-02 2.336667e-02 -1.235534e-01 9.581789e-03 7.187163e-02 4.937981e-03 4.699455e-02 6.255147e-03 1.019042e-01 7.082692e-03
7.624458e-03 1.195209e+00 3.144345e-01 1.081153e-01 3.421100e-02 -1.644163e-01 4.748931e-02 7.488415e-02 6.504430e-03 4.392497e-02 4.344961e-03 1.088572e-01 9.813944e-03
8.504203e-03 7.426847e-01 2.154859e-01 7.509408e-02 3.569650e-02 -1.051750e-01 3.625188e-02 7.278603e-02 9.664230e-03 4.776811e-02 5.266061e-03 9.911586e-02 1.527707e-02
9.970445e-03 1.487013e+00 4.625367e-01 1.736676e-01 5.103432e-02 -1.785354e-01 5.542923e-02 8.380723e-02 9.598823e-03 4.095253e-02 5.281807e-03 1.195427e-01 1.066428e-02
1.202318e-02 7.205703e-01 1.346454e-01 6.804656e-02 1.637064e-02 -1.031848e-01 4.428247e-02 7.713182e-02 5.596613e-03 4.650942e-02 8.840572e-03 1.110804e-01 1.189362e-02
1.466242e-02 9.035718e-01 1.497251e-01 6.690391e-02 1.538379e-02 -1.021970e-01 4.062617e-02 7.469444e-02 8.844444e-03 5.011858e-02 7.063766e-03 1.276512e-01 1.116270e-02
1.788815e-02 1.174626e+00 3.965263e-01 7.737953e-02 2.419907e-02 -1.485014e-01 3.990524e-02 8.195008e-02 5.142472e-03 2.956024e-02 5.685227e-03 1.199132e-01 4.895484e-03
2.170038e-02 1.009032e+00 2.060464e-01 7.492831e-02 2.091635e-02 -1.069196e-01 3.575608e-02 9.716827e-02 2.924179e-03 3.361612e-02 6.225675e-03 1.268565e-01 1.043532e-02
7.624458e-03 7.487515e-01 1.252603e-01 9.475978e-02 3.868481e-02 -9.468079e-02 9.452620e-03 7.715103e-02 1.082717e-02 5.110881e-02 6.557806e-03 9.705295e-02 7.270067e-03
7.917706e-03 6.013364e-01 1.362886e-01 6.302494e-02 1.097564e-02 -7.482790e-02 1.870894e-02 5.674663e-02 6.521349e-03 3.855717e-02 1.047869e-02 8.321095e-02 1.257309e-02
8.797451e-03 8.544100e-01 2.410708e-01 4.806581e-02 2.838267e-02 -1.595404e-01 2.693902e-02 6.843757e-02 6.214120e-03 5.459997e-02 2.026114e-03 1.239603e-01 6.614556e-03
1.026369e-02 8.270038e-01 1.276122e-01 6.683424e-02 1.126936e-02 -1.240993e-01 3.314685e-02 5.831830e-02 8.535929e-03 3.909992e-02 1.138936e-02 1.049909e-01 2.158967e-02
1.231643e-02 1.088704e+00 1.381760e-01 1.191397e-01 2.195668e-02 -1.367636e-01 2.452894e-02 8.343835e-02 8.214454e-03 3.938410e-02 2.764126e-03 1.109474e-01 4.537331e-03
1.495567e-02 1.065743e+00 3.622017e-01 1.027196e-01 4.012960e-02 -1.233985e-01 3.480157e-02 8.650235e-02 4.882648e-03 4.043610e-02 6.719516e-03 1.091168e-01 7.190192e-03
1.818140e-02 9.960464e-01 2.102980e-01 6.248413e-02 2.668601e-02 -1.113451e-01 2.034592e-02 7.185382e-02 8.080993e-03 3.027459e-02 4.537210e-03 1.092691e-01 3.165431e-03
2.199363e-02 1.025629e+00 1.502604e-01 5.974549e-02 3.322585e-02 -1.286197e-01 2.602582e-02 9.889202e-02 1.042237e-02 6.247120e-02 9.934950e-03 1.927416e-01 1.232871e-02
8.504203e-03 1.046015e+00 1.673601e-01 7.923720e-02 2.855438e-02 -1.788810e-01 2.869122e-02 5.942755e-02 6.013228e-03 2.958804e-02 5.671057e-03 1.020455e-01 9.167839e-03
8.797451e-03 8.025218e-01 2.313827e-01 7.113119e-02 2.349383e-02 -1.226612e-01 3.476761e-02 7.065501e-02 3.534939e-03 4.244236e-02 3.957875e-03 9.057918e-02 9.518921e-03
9.677196e-03 9.569630e-01 2.558109e-01 8.258227e-02 1.626379e-02 -1.047770e-01 4.826979e-02 7.014723e-02 1.379309e-02 4.292117e-02 7.472015e-03 9.187700e-02 1.046252e-02
1.114344e-02 9.548223e-01 1.447141e-01 5.573375e-02 1.844082e-02 -1.613003e-01 4.874975e-02 6.895790e-02 4.906964e-03 4.268672e-02 2.088122e-03 1.082659e-01 1.128577e-02
1.319618e-02 7.489543e-01 1.462418e-01 5.394155e-02 2.136673e-02 -9.302712e-02 2.184346e-02 7.599608e-02 9.538058e-03 4.258862e-02 7.150841e-03 1.004946e-01 1.175817e-02
1.583541e-02 5.667565e-01 7.884091e-02 3.623974e-02 1.625430e-02 -9.431075e-02 2.464167e-02 8.794831e-02 1.126079e-02 5.040745e-02 9.109338e-03 1.337694e-01 8.686862e-03
1.906114e-02 1.015867e+00 1.084370e-01 1.158471e-01 3.233230e-02 -1.133421e-01 3.093557e-02 1.082116e-01 9.820472e-03 4.026852e-02 2.080185e-03 1.335510e-01 7.496411e-03
2.287337e-02 1.334746e+00 9.931498e-02 1.064136e-01 2.975173e-02 -1.651023e-01 1.761291e-02 1.103002e-01 3.225223e-03 3.316586e-02 7.214833e-03 1.622116e-01 1.986616e-02
9.970445e-03 6.790930e-01 1.328804e-01 3.429130e-02 1.710079e-02 -1.041948e-01 3.288293e-02 7.062566e-02 9.986255e-03 5.149663e-02 5.283028e-03 1.022277e-01 8.869694e-03
1.026369e-02 7.781355e-01 1.397911e-01 5.948109e-02 1.117467e-02 -1.099118e-01 2.898616e-02 6.426930e-02 5.246702e-03 4.055583e-02 4.898083e-03 9.517303e-02 6.445735e-03
1.114344e-02 1.212712e+00 2.274724e-01 1.221190e-01 3.410943e-02 -1.517269e-01 4.240153e-02 7.282668e-02 4.542446e-03 3.848629e-02 7.945698e-03 1.087574e-01 5.058024e-03
1.260968e-02 7.317051e-01 1.054163e-01 7.554441e-02 1.122490e-02 -9.620447e-02 1.940860e-02 6.945631e-02 1.848715e-03 4.029339e-02 5.474006e-03 1.137388e-01 1.161508e-02
1.466242e-02 9.370005e-01 2.718426e-01 9.524373e-02 3.036390e-02 -1.147914e-01 2.814783e-02 7.358679e-02 5.343551e-03 3.221544e-02 3.285144e-03 1.082162e-01 1.230684e-02
1.730165e-02 1.177728e+00 3.457840e-01 1.107389e-01 2.885642e-02 -1.128734e-01 5.059356e-02 7.489052e-02 6.674538e-03 3.790724e-02 5.986450e-03 1.433944e-01 8.943999e-03
2.052739e-02 1.411313e+00 3.293685e-01 1.715216e-01 4.287812e-02 -1.109851e-01 3.960949e-02 9.680138e-02 8.528701e-03 2.795196e-02 1.192293e-02 1.452243e-01 1.223007e-02
2.433961e-02 1.188134e+00 1.618909e-01 1.061648e-01 2.619086e-02 -4.629494e-02 1.674453e-02 1.171135e-01 8.000648e-03 4.088169e-02 9.343266e-03 1.428470e-01 1.636696e-02
1.202318e-02 8.301302e-01 1.166877e-01 8.599668e-02 2.666764e-02 -7.182408e-02 1.404235e-02 6.561658e-02 7.916024e-03 3.534664e-02 6.834425e-03 9.440342e-02 3.062499e-03
1.231643e-02 8.637347e-01 1.510446e-01 6.944895e-02 1.622500e-02 -1.266040e-01 3.682761e-02 8.222779e-02 5.167978e-03 4.635386e-02 6.257607e-03 1.124459e-01 1.560542e-02
1.319618e-02 8.812264e-01 1.398524e-01 9.450571e-02 1.472339e-02 -1.095397e-01 3.956364e-02 8.398328e-02 6.919515e-03 4.542228e-02 6.038632e-03 1.147774e-01 1.804171e-02
1.466242e-02 1.056162e+00 1.351557e-01 9.138970e-02 2.034462e-02 -1.119601e-01 4.181324e-02 7.709107e-02 6.282559e-03 4.760802e-02 7.418685e-03 1.313835e-01 1.389756e-02
1.671516e-02 1.002027e+00 1.088906e-01 8.035341e-02 1.832581e-02 -1.356279e-01 3.587764e-02 8.626321e-02 9.635556e-03 4.348263e-02 8.329361e-03 1.431996e-01 1.627199e-02
1.935439e-02 1.114504e+00 1.575020e-01 1.052112e-01 2.140897e-02 -1.188716e-01 1.893724e-02 1.051892e-01 7.105438e-03 4.680596e-02 5.944621e-03 1.378173e-01 1.091533e-02
2.258012e-02 1.034163e+00 1.923541e-01 6.313068e-02 3.244066e-02 -1.557618e-01 3.104967e-02 1.010013e-01 6.688420e-03 4.026257e-02 9.563338e-03 1.694111e-01 1.344979e-02
2.639235e-02 1.046643e+00 4.393678e-02 1.001656e-01 2.557236e-02 -1.316723e-01 1.841244e-02 1.093363e-01 1.698914e-02 3.090245e-02 1.235426e-02 1.779664e-01 1.279208e-02
1.466242e-02 7.656673e-01 9.282047e-02 4.786942e-02 1.479485e-02 -9.570631e-02 1.865522e-02 8.315821e-02 8.158159e-03 5.607408e-02 2.407491e-03 1.310005e-01 8.538438e-03
1.495567e-02 1.108504e+00 2.833838e-01 7.927048e-02 3.246223e-02 -1.850982e-01 5.973399e-02 7.667272e-02 9.688106e-03 3.876439e-02 3.768282e-03 1.286719e-01 1.515705e-02
1.583541e-02 1.081171e+00 2.309730e-01 1.110908e-01 2.696300e-02 -1.009001e-01 3.508759e-02 8.649510e-02 9.488886e-03 4.361010e-02 7.353641e-03 1.105831e-01 4.313141e-03
1.730165e-02 8.993649e-01 3.303796e-01 9.981623e-02 3.728988e-02 -1.117884e-01 4.447675e-02 8.261976e-02 3.022806e-03 4.103147e-02 8.868050e-03 1.423148e-01 8.912995e-03
1.935439e-02 8.967735e-01 1.798323e-01 6.017598e-02 2.272845e-02 -1.078519e-01 1.963240e-02 8.597287e-02 9.289056e-03 4.084961e-02 8.132610e-03 1.343205e-01 1.599427e-02
2.199363e-02 8.983445e-01 2.744434e-01 7.444144e-02 4.257384e-02 -1.011417e-01 4.170876e-02 1.086492e-01 1.359970e-02 4.158448e-02 1.494898e-02 1.432148e-01 1.569374e-02
2.521936e-02 7.047227e-01 9.286508e-02 4.912015e-02 3.263028e-02 -1.203722e-01 2.909786e-02 1.359102e-01 1.305967e-02 6.064381e-02 1.059878e-02 1.734512e-01 1.441396e-02
2.903159e-02 1.107311e+00 1.964953e-01 7.064192e-02 1.935475e-02 -1.546980e-01 2.714400e-02 1.561845e-01 1.078307e-02 5.298675e-02 7.297902e-03 2.174240e-01 1.281148e-02
1.788815e-02 1.053897e+00 7.677936e-02 8.649488e-02 4.395558e-02 -1.257699e-01 4.962614e-02 1.049696e-01 1.823099e-02 6.421721e-02 9.711113e-03 1.524065e-01 2.137981e-02
1.818140e-02 1.016783e+00 1.929065e-01 6.805868e-02 1.835599e-02 -1.309648e-01 3.186847e-02 8.956037e-02 8.320535e-03 5.329193e-02 7.096320e-03 1.662670e-01 1.863546e-02
1.906114e-02 1.024368e+00 1.352018e-01 1.210265e-01 1.935165e-02 -9.661184e-02 2.114775e-02 1.143335e-01 9.092777e-03 4.404555e-02 9.212387e-03 1.220269e-01 7.229015e-03
2.052739e-02 9.925212e-01 1.977593e-01 9.577247e-02 1.420154e-02 -1.156781e-01 3.517480e-02 9.584397e-02 8.216699e-03 3.603249e-02 6.474133e-03 1.462784e-01 7.733916e-03
2.258012e-02 1.371092e+00 1.833539e-01 8.904828e-02 2.939788e-02 -1.489590e-01 2.277008e-02 1.003098e-01 9.162547e-03 3.516415e-02 7.035515e-03 1.458271e-01 9.440247e-03
2.521936e-02 8.691430e-01 5.214526e-02 8.514194e-02 5.708366e-03 -8.998287e-02 4.873225e-02 1.098801e-01 3.552682e-03 4.660374e-02 5.192009e-03 2.056706e-01 1.862851e-02
2.844509e-02 1.021012e+00 5.019082e-02 8.417057e-02 2.109790e-02 -1.004622e-01 1.377977e-02 1.279103e-01 9.523008e-03 3.217653e-02 1.052660e-02 1.748121e-01 3.447622e-03
3.225732e-02 9.354090e-01 9.757273e-02 5.496388e-02 3.446510e-02 -1.111877e-01 4.474656e-02 1.440448e-01 1.284626e-02 5.418997e-02 5.097523e-03 2.871435e-01 1.779217e-02
2.170038e-02 5.865262e-01 7.135794e-02 6.113016e-02 9.520504e-03 -1.959336e-02 2.410195e-02 9.599407e-02 6.148770e-03 6.421251e-02 6.713433e-03 1.669165e-01 1.972102e-02
2.199363e-02 1.220140e+00 9.756276e-02 1.033515e-01 2.250015e-02 -1.226618e-01 2.550185e-02 9.915092e-02 9.405568e-03 3.232899e-02 8.017302e-03 1.501543e-01 8.742079e-03
2.287337e-02 8.073107e-01 4.114814e-02 4.531607e-02 2.353134e-02 -1.268467e-01 2.802647e-02 1.136974e-01 9.224596e-03 5.291599e-02 1.179738e-02 1.716371e-01 1.277804e-02
2.433961e-02 1.016732e+00 1.245698e-01 2.154182e-02 2.555519e-03 -1.225006e-01 2.518364e-02 9.733339e-02 4.511729e-03 4.080501e-02 7.456081e-03 1.702276e-01 1.488029e-02
2.639235e-02 8.576809e-01 7.297362e-02 4.460352e-02 1.896397e-02 -1.141676e-01 2.213042e-02 1.041241e-01 1.088532e-02 3.793739e-02 7.702752e-03 1.888017e-01 1.100527e-02
2.903159e-02 1.052820e+00 1.251528e-01 8.227709e-02 3.051954e-02 -7.259127e-02 1.024138e-02 1.128690e-01 4.636919e-03 3.319135e-02 6.577925e-03 2.225234e-01 1.753263e-02
3.225732e-02 1.112360e+00 1.400661e-01 9.026458e-02 2.023178e-02 -1.664996e-01 4.826103e-02 1.663398e-01 8.345060e-03 3.477362e-02 7.374982e-03 2.664687e-01 2.097583e-02
3.606955e-02 1.218592e+00 1.698156e-01 1.105444e-01 2.684652e-02 -8.269266e-02 2.078895e-02 1.828873e-01 1.498989e-02 7.262635e-03 7.614399e-03 2.467854e-01 1.886465e-02
1.055694e-02 6.643258e-01 1.806920e-01 8.083088e-02 1.752783e-02 -7.298325e-02 1.894771e-02 7.510492e-02 4.222918e-03 4.602230e-02 1.615248e-03 9.817199e-02 4.831106e-03
1.085019e-02 9.991865e-01 5.612910e-02 6.804755e-02 4.932174e-03 -1.859895e-01 1.172077e-02 6.408189e-02 6.081078e-03 3.432801e-02 9.673041e-03 1.203615e-01 1.254672e-02
1.172993e-02 1.164846e+00 4.103004e-01 6.895565e-02 1.299253e-02 -2.237321e-01 1.178787e-01 8.231385e-02 7.677231e-03 6.184641e-02 1.111384e-02 1.657749e-01 3.596056e-02
1.319618e-02 9.557215e-01 1.402210e-01 7.389413e-02 2.766748e-02 -1.406722e-01 3.613998e-02 7.781760e-02 5.946100e-03 4.306327e-02 6.219610e-03 1.218940e-01 1.361863e-02
1.524892e-02 8.127306e-01 1.260018e-01 7.279485e-02 2.317828e-02 -1.290674e-01 3.264248e-02 7.636342e-02 6.730099e-03 3.872186e-02 8.917032e-03 1.304790e-01 1.961220e-02
1.788815e-02 1.200292e+00 1.401659e-01 1.042169e-01 2.304880e-02 -1.905510e-01 3.584741e-02 9.448384e-02 1.122760e-02 4.215915e-02 1.359763e-02 1.533903e-01 1.459196e-02
2.111388e-02 1.304996e+00 1.360190e-01 1.538799e-01 3.373802e-02 -1.133983e-01 9.652046e-03 1.007870e-01 8.291293e-03 3.074324e-02 6.795815e-03 1.508626e-01 1.013901e-02
2.492611e-02 8.078165e-01 8.741637e-02 7.461013e-02 1.479316e-02 -9.003864e-02 2.408884e-02 1.082446e-01 5.278937e-03 2.095209e-02 7.669253e-03 1.479874e-01 1.687567e-02
1.085019e-02 8.911844e-01 1.639996e-01 6.151830e-02 1.735140e-02 -1.339086e-01 2.837547e-02 6.798354e-02 5.319254e-03 3.805514e-02 4.020478e-03 1.055765e-01 1.149752e-02
1.114344e-02 9.680215e-01 3.103706e-01 7.366504e-02 1.892976e-02 -1.403313e-01 4.997439e-02 9.089088e-02 9.623421e-03 5.953225e-02 7.825862e-03 1.318156e-01 1.576456e-02
1.202318e-02 8.239144e-01 2.673620e-01 7.281845e-02 2.592042e-02 -1.306041e-01 6.919384e-02 8.835867e-02 1.221276e-02 5.783200e-02 1.352126e-02 1.363118e-01 2.763845e-02
1.348943e-02 1.141799e+00 1.555259e-01 1.259316e-01 2.988458e-02 -1.614487e-01 2.628591e-02 8.433465e-02 5.653490e-03 2.794509e-02 5.628787e-03 1.043860e-01 1.100448e-02
1.554216e-02 1.357359e+00 2.194209e-01 1.195798e-01 2.380900e-02 -2.090383e-01 4.029993e-02 7.523266e-02 8.509160e-03 2.205168e-02 6.373709e-03 1.225055e-01 6.417412e-03
1.818140e-02 9.672752e-01 1.311398e-01 5.871167e-02 2.108568e-02 -1.342727e-01 2.636616e-02 1.002869e-01 4.710950e-03 4.168712e-02 7.945096e-03 1.195126e-01 6.721816e-03
2.140713e-02 9.989820e-01 1.505101e-01 7.577386e-02 2.205590e-02 -1.059961e-01 3.069235e-02 1.036150e-01 4.017859e-03 4.342535e-02 6.350888e-03 1.397982e-01 7.319893e-03
2.521936e-02 9.399634e-01 1.878054e-01 8.807059e-02 2.316587e-02 -1.061000e-01 2.446563e-02 1.090733e-01 9.306668e-03 3.687493e-02 1.692817e-02 1.850007e-01 1.449928e-02
1.172993e-02 1.288079e+00 2.425689e-01 1.331961e-01 1.291642e-02 -1.654297e-01 5.335920e-02 7.598670e-02 8.457769e-03 2.919722e-02 9.580584e-03 1.000682e-01 9.533463e-03
1.202318e-02 9.793679e-01 1.508989e-01 7.016970e-02 2.443278e-02 -1.607039e-01 3.932892e-02 7.998675e-02 5.066521e-03 4.768290e-02 6.106121e-03 1.294734e-01 1.698890e-02
1.290293e-02 8.869250e-01 2.876420e-01 1.013204e-01 2.276917e-02 -1.013226e-01 4.008747e-02 8.017935e-02 5.573452e-03 4.537022e-02 1.087046e-02 1.124217e-01 6.751862e-03
1.436917e-02 8.913806e-01 2.015135e-01 5.742043e-02 1.836902e-02 -1.328773e-01 4.006740e-02 7.834382e-02 7.226802e-03 4.864780e-02 5.305611e-03 1.349220e-01 1.352979e-02
1.642191e-02 9.772055e-01 1.467335e-01 7.178990e-02 1.508774e-02 -1.650414e-01 3.248550e-02 7.984270e-02 1.043231e-02 4.064191e-02 4.891103e-03 1.390730e-01 1.202683e-02
1.906114e-02 1.084439e+00 1.517268e-01 1.137667e-01 1.863972e-02 -6.938062e-02 3.297084e-02 9.692334e-02 9.824495e-03 5.320417e-02 8.764938e-03 1.286831e-01 1.085451e-02
2.228688e-02 8.617756e-01 1.073202e-01 1.067807e-01 1.971757e-02 -6.269656e-02 1.768077e-02 1.130602e-01 1.336312e-02 4.160333e-02 1.530001e-02 1.477777e-01 2.108205e-02
2.609911e-02 1.146729e+00 1.418050e-01 2.703342e-02 2.411049e-02 -1.432315e-01 2.269113e-02 1.067689e-01 1.218212e-02 4.882339e-02 9.310682e-03 1.735795e-01 1.777334e-02
1.319618e-02 1.184651e+00 6.157216e-01 8.559340e-02 2.914518e-02 -1.706816e-01 9.824378e-02 6.841190e-02 5.383541e-03 2.830692e-02 5.233165e-03 9.863647e-02 1.828858e-02
1.348943e-02 1.103223e+00 1.944026e-01 6.196506e-02 1.604459e-02 -1.920634e-01 4.526522e-02 7.750840e-02 5.333803e-03 5.014481e-02 1.036801e-02 1.369221e-01 4.405941e-03
1.436917e-02 1.014266e+00 2.128629e-01 7.383307e-02 1.863303e-02 -1.535710e-01 3.516923e-02 6.643648e-02 4.272215e-03 3.809015e-02 5.780945e-03 1.201155e-01 1.262497e-02
1.583541e-02 1.362953e+00 1.474736e-01 7.509733e-02 2.772217e-02 -1.862350e-01 2.058214e-02 8.045554e-02 2.900921e-03 4.727149e-02 9.542117e-03 1.484765e-01 1.215002e-02
1.788815e-02 9.885592e-01 1.726371e-01 9.433361e-02 2.035601e-02 -1.332428e-01 3.926279e-02 1.015652e-01 8.125313e-03 4.178162e-02 5.809072e-03 1.280168e-01 1.063130e-02
2.052739e-02 1.084891e+00 1.195894e-01 8.168532e-02 1.378848e-02 -1.423986e-01 1.949982e-02 9.027360e-02 5.797869e-03 4.433818e-02 7.757211e-03 1.557790e-01 3.416326e-03
2.375312e-02 1.220702e+00 2.198361e-01 9.069926e-02 2.350899e-02 -1.864109e-01 4.829512e-02 1.052316e-01 1.047305e-02 4.028046e-02 1.103565e-02 1.924252e-01 1.718292e-02
2.756535e-02 7.557949e-01 4.051208e-02 4.238087e-02 1.700140e-02 -6.295394e-02 1.325172e-02 1.163533e-01 7.846606e-03 5.329146e-02 8.642640e-03 1.932487e-01 1.219246e-02
1.524892e-02 8.226766e-01 1.914902e-01 4.438555e-02 2.325175e-02 -1.035897e-01 2.487521e-02 8.145079e-02 1.262809e-02 4.280566e-02 5.868673e-03 1.053195e-01 8.689493e-03
1.554216e-02 7.617542e-01 6.986793e-02 7.886054e-02 2.881182e-02 -7.993512e-02 3.108617e-02 8.809095e-02 1.105658e-02 4.674893e-02 6.924020e-03 1.065576e-01 8.874717e-03
1.642191e-02 7.933836e-01 1.238481e-01 6.151848e-02 1.084662e-02 -9.857633e-02 3.565542e-02 7.139416e-02 2.666986e-03 4.161637e-02 5.507854e-03 1.251566e-01 1.896153e-02
1.788815e-02 8.576966e-01 9.814044e-02 4.590062e-02 1.286440e-02 -1.534030e-01 3.744583e-02 8.656959e-02 4.289992e-03 4.143754e-02 2.597609e-03 1.420069e-01 1.092421e-02
1.994089e-02 7.486407e-01 1.026785e-01 5.786838e-02 1.437271e-02 -1.035135e-01 2.027107e-02 9.565975e-02 6.679605e-03 4.418883e-02 5.783791e-03 1.462355e-01 1.572120e-02
2.258012e-02 1.021529e+00 1.668243e-01 5.429936e-02 1.358512e-02 -1.287368e-01 1.656714e-02 9.711647e-02 6.863930e-03 3.293169e-02 1.080459e-02 1.559320e-01 9.456994e-03
2.580586e-02 1.019329e+00 1.553247e-01 6.837886e-02 2.584580e-02 -1.249045e-01 1.490388e-02 9.847157e-02 7.497371e-03 3.531333e-02 1.074687e-02 1.924832e-01 3.005750e-02
2.961809e-02 1.186524e+00 1.581073e-01 7.694466e-02 1.455477e-02 -1.403324e-01 4.152074e-02 1.405440e-01 1.314556e-02 3.956754e-02 7.881762e-03 2.363777e-01 2.464693e-02
1.788815e-02 1.272120e+00 2.339348e-01 9.888087e-02 4.238699e-02 -1.281568e-01 3.228003e-02 9.300648e-02 1.008086e-02 4.968105e-02 8.943313e-03 1.282199e-01 1.579208e-02
1.818140e-02 5.979533e-01 3.923019e-02 5.479244e-02 7.643836e-03 -3.376093e-02 2.194062e-02 9.510923e-02 6.117629e-03 6.690768e-02 9.201318e-03 1.444003e-01 8.242479e-03
1.906114e-02 1.258526e+00 2.085965e-01 1.000715e-01 2.604193e-02 -1.588509e-01 7.501575e-02 9.933634e-02 1.270751e-02 4.316003e-02 7.703002e-03 1.460277e-01 1.665629e-02
2.052739e-02 1.379719e+00 1.896222e-01 1.589423e-01 2.830838e-02 -1.219883e-01 2.898050e-02 9.250543e-02 6.709871e-03 2.260973e-02 6.922931e-03 1.258289e-01 1.642197e-02
2.258012e-02 1.038592e+00 2.597641e-01 1.152556e-01 2.555741e-02 -1.243938e-01 4.298721e-02 1.054796e-01 9.516726e-03 5.126592e-02 8.382902e-03 1.768125e-01 2.281672e-02
2.521936e-02 1.039207e+00 1.869245e-01 5.621771e-02 1.018347e-02 -1.579332e-01 3.403753e-02 1.040529e-01 1.467070e-02 4.218027e-02 6.164894e-03 1.890013e-01 2.272395e-02
2.844509e-02 9.502180e-01 9.844694e-02 6.582611e-02 1.975274e-02 -1.369109e-01 8.971902e-03 1.220090e-01 1.434994e-02 1.385824e-02 1.000564e-02 1.944910e-01 1.003718e-02
3.225732e-02 9.549517e-01 1.600356e-01 7.688220e-02 9.880576e-03 -1.017574e-01 2.855460e-02 1.564936e-01 8.561254e-03 5.929513e-02 8.149338e-03 2.675795e-01 2.851752e-02
2.111388e-02 9.832644e-01 1.357567e-01 1.108593e-01 2.412965e-02 -9.170771e-02 2.814439e-02 1.098355e-01 6.550170e-03 4.471112e-02 5.752182e-03 1.383826e-01 1.947404e-02
2.140713e-02 8.527934e-01 1.147095e-01 6.788162e-02 1.233362e-02 -9.298082e-02 2.500589e-02 1.075798e-01 3.322746e-03 4.982131e-02 1.058935e-02 1.654405e-01 2.233793e-02
2.228688e-02 1.086661e+00 2.368748e-01 7.204708e-02 1.788817e-02 -1.500943e-01 5.354940e-02 1.037413e-01 5.304703e-03 2.846856e-02 6.067541e-03 1.431455e-01 1.198138e-02
2.375312e-02 9.688947e-01 2.612844e-01 9.216841e-02 5.320329e-02 -8.930489e-02 2.084335e-02 1.022873e-01 9.044835e-03 5.135506e-02 1.515526e-02 1.711919e-01 1.722289e-02
2.580586e-02 9.859317e-01 1.533801e-01 8.813220e-02 1.196684e-02 -1.094423e-01 3.919354e-02 1.256659e-01 1.055595e-02 4.211573e-02 1.411079e-02 1.811896e-01 6.487228e-03
2.844509e-02 6.858665e-01 6.891425e-02 3.515943e-02 2.155409e-02 -6.683267e-02 2.641593e-02 1.068870e-01 6.470078e-03 4.023228e-02 1.124832e-02 2.082698e-01 2.958309e-02
3.167082e-02 1.351844e+00 1.833224e-01 1.133154e-01 2.124223e-02 -1.042314e-01 3.595401e-02 1.524510e-01 1.703468e-02 3.172431e-02 5.700252e-03 2.334645e-01 2.467073e-02
3.548305e-02 1.082071e+00 1.606285e-01 8.837161e-02 1.872699e-02 -1.103625e-01 5.686825e-02 1.958000e-01 1.165724e-02 4.577810e-02 1.171112e-02 2.741992e-01 3.444095e-02
2.492611e-02 1.091645e+00 1.980257e-01 5.580200e-02 2.477136e-02 -1.397826e-01 4.668271e-02 1.075403e-01 7.962912e-03 3.947228e-02 6.902666e-03 1.674418e-01 1.287134e-02
2.521936e-02 1.099225e+00 1.594372e-01 1.000276e-01 2.256431e-02 -1.229404e-01 3.862827e-02 1.242624e-01 6.306700e-03 3.224048e-02 9.021865e-03 1.870207e-01 2.364913e-02
2.609911e-02 9.962009e-01 5.707393e-02 7.147029e-02 2.407428e-02 -1.366914e-01 5.068621e-02 1.227017e-01 1.420356e-02 3.648224e-02 1.019453e-02 1.822379e-01 3.071403e-02
2.756535e-02 1.029567e+00 1.633750e-01 9.294217e-02 3.863196e-02 -1.297425e-01 3.990571e-02 1.181346e-01 1.613210e-02 3.745474e-02 8.423965e-03 1.985373e-01 2.897233e-02
2.961809e-02 9.266604e-01 1.820395e-01 8.020064e-02 1.961725e-02 -1.383312e-01 5.158886e-02 1.224017e-01 1.276087e-02 4.088866e-02 6.847561e-03 1.963636e-01 1.533426e-02
3.225732e-02 1.196713e+00 2.610391e-01 1.027370e-01 3.958160e-02 -8.378490e-02 3.544935e-02 1.624590e-01 7.502809e-03 4.033602e-02 5.666748e-03 2.245496e-01 1.823019e-02
3.548305e-02 8.788060e-01 9.565930e-02 6.308209e-02 1.743164e-02 -9.600135e-02 3.363651e-02 1.733588e-01 1.971083e-02 6.136468e-03 1.382856e-02 2.467980e-01 2.653368e-02
3.929528e-02 1.034637e+00 1.320107e-01 1.323973e-01 2.306039e-02 -9.491086e-02 1.921327e-02 2.191578e-01 2.387625e-02 8.247415e-04 1.383083e-02 2.716526e-01 3.295189e-02
1.436917e-02 1.088610e+00 2.393755e-01 1.108007e-01 2.915444e-02 -1.111758e-01 3.071534e-02 8.110248e-02 9.046187e-03 4.461140e-02 5.900090e-03 1.225265e-01 1.493343e-02
1.466242e-02 9.581587e-01 1.687867e-01 6.879259e-02 3.244363e-02 -1.230675e-01 2.733382e-02 7.412591e-02 9.408169e-03 4.038420e-02 5.761496e-03 1.082784e-01 1.264940e-02
1.554216e-02 8.659029e-01 1.324034e-01 8.335260e-02 2.097003e-02 -7.627084e-02 1.290731e-02 8.974837e-02 4.764620e-03 4.878204e-02 6.879688e-03 1.022774e-01 7.740471e-03
1.700841e-02 7.216411e-01 6.717605e-02 5.636238e-02 1.871889e-02 -9.645148e-02 3.071130e-02 7.897433e-02 9.053887e-03 3.540935e-02 5.664595e-03 1.236441e-01 4.218781e-03
1.906114e-02 9.483627e-01 1.129646e-01 1.027199e-01 1.995483e-02 -1.202591e-01 1.924040e-02 1.038675e-01 9.413112e-03 4.347655e-02 6.429542e-03 1.341160e-01 9.132408e-03
2.170038e-02 1.251481e+00 1.149216e-01 6.902244e-02 4.409585e-02 -1.736738e-01 4.850756e-02 1.017730e-01 9.328846e-03 6.137227e-02 8.316376e-03 1.665065e-01 1.775964e-02
2.492611e-02 8.887958e-01 1.062797e-01 6.062562e-02 1.347480e-02 -1.499185e-01 2.280321e-02 1.070028e-01 8.179750e-03 4.685285e-02 6.964008e-03 1.962098e-01 8.620298e-03
2.873834e-02 1.201254e+00 2.152639e-01 9.121900e-02 3.682889e-02 -7.406282e-02 2.556171e-02 1.351155e-01 1.459936e-02 5.021303e-02 1.362021e-02 2.091480e-01 1.933600e-02
1.466242e-02 8.925447e-01 1.055215e-01 9.400260e-02 2.619289e-02 -1.010281e-01 3.247202e-02 7.791568e-02 4.173293e-03 4.712670e-02 7.644016e-03 1.203077e-01 1.408648e-02
1.495567e-02 9.865246e-01 1.306096e-01 3.734030e-02 1.879860e-02 -1.739215e-01 1.188838e-02 6.363937e-02 5.372961e-03 3.667099e-02 7.233530e-03 1.209651e-01 6.084136e-03
1.583541e-02 1.616399e+00 3.367256e-01 1.375930e-01 2.666119e-02 -1.910012e-01 5.449144e-02 9.150695e-02 6.437020e-03 4.403520e-02 5.984510e-03 1.361274e-01 1.276146e-02
1.730165e-02 1.320446e+00 1.797499e-01 1.256353e-01 2.349372e-02 -1.255545e-01 2.424053e-02 9.163507e-02 9.282023e-03 4.175059e-02 5.250150e-03 1.224352e-01 1.083150e-02
1.935439e-02 8.513566e-01 9.170214e-02 8.317945e-02 2.340894e-02 -7.038458e-02 2.485424e-02 1.033581e-01 5.113298e-03 4.644308e-02 8.188839e-03 1.382503e-01 1.161352e-02
2.199363e-02 1.121618e+00 3.287462e-01 1.095739e-01 3.039489e-02 -1.580692e-01 4.718132e-02 1.091981e-01 6.501072e-03 2.848784e-02 7.578170e-03 1.397872e-01 1.503450e-02
2.521936e-02 1.463001e+00 2.985393e-01 1.272956e-01 3.111593e-02 -1.366187e-01 2.427746e-02 1.190617e-01 1.462843e-02 4.641507e-02 1.214802e-02 1.873990e-01 2.195621e-02
2.903159e-02 9.830653e-01 1.744431e-01 6.283638e-02 1.683171e-02 -9.317050e-02 5.819347e-02 1.360182e-01 1.242566e-02 4.148646e-02 1.146776e-02 2.059868e-01 2.090338e-02
1.554216e-02 1.006302e+00 1.993516e-01 6.346007e-02 2.647884e-02 -1.393675e-01 9.495183e-03 7.899217e-02 2.953294e-03 4.149165e-02 8.725611e-03 1.240786e-01 6.109252e-03
1.583541e-02 7.751456e-01 1.188485e-01 8.290563e-02 2.235344e-02 -8.984712e-02 1.950622e-02 9.057857e-02 2.371345e-03 4.664849e-02 5.343726e-03 1.168369e-01 1.075969e-02
1.671516e-02 9.714943e-01 2.272038e-01 5.939347e-02 2.826507e-02 -1.371378e-01 3.271459e-02 7.899463e-02 5.438326e-03 3.733389e-02 1.047707e-02 1.178340e-01 9.049776e-03
1.818140e-02 9.558021e-01 1.488245e-01 9.108533e-02 2.875460e-02 -1.171935e-01 3.261957e-02 9.725793e-02 8.447947e-03 5.906383e-02 1.145038e-02 1.596429e-01 2.300396e-02
2.023414e-02 6.941624e-01 1.119701e-01 9.175404e-02 1.991179e-02 -2.477447e-02 2.372830e-02 9.202884e-02 8.194058e-03 5.471531e-02 7.346049e-03 1.458060e-01 9.575842e-03
2.287337e-02 1.029164e+00 1.845848e-01 4.558633e-02 2.268169e-02 -1.277389e-01 1.223342e-02 1.040743e-01 1.344226e-02 5.434430e-02 7.792371e-03 1.590880e-01 1.460469e-02
2.609911e-02 8.677719e-01 1.473275e-01 4.735032e-02 1.600371e-02 -1.095960e-01 6.436059e-02 1.103789e-01 9.998203e-03 3.991468e-02 1.174352e-02 1.922947e-01 2.221159e-02
2.991133e-02 8.938343e-01 8.991560e-02 9.541438e-02 2.569367e-02 -6.382076e-03 2.904633e-02 1.200848e-01 7.831698e-03 4.359493e-02 1.582308e-02 1.935909e-01 2.118165e-02
1.700841e-02 1.247881e+00 3.542238e-01 1.176296e-01 3.297967e-02 -1.216858e-01 5.610550e-02 9.901038e-02 7.085673e-03 4.572006e-02 1.584157e-02 1.380780e-01 5.997521e-03
1.730165e-02 7.095293e-01 1.032647e-01 7.936384e-02 1.511240e-02 -8.566902e-02 2.053781e-02 7.795973e-02 6.558556e-03 3.799179e-02 4.060779e-03 1.226895e-01 6.676771e-03
1.818140e-02 9.467414e-01 1.726181e-01 9.770834e-02 4.337695e-02 -1.202733e-01 2.881804e-02 9.684089e-02 1.695868e-02 4.469899e-02 4.649550e-03 1.395307e-01 1.511597e-02
1.964764e-02 1.242550e+00 2.256466e-01 9.363916e-02 1.798420e-02 -1.169859e-01 3.402552e-02 9.071749e-02 4.507390e-03 4.499245e-02 7.804509e-03 1.415431e-01 9.416942e-03
2.170038e-02 7.393854e-01 1.011625e-01 6.611060e-02 1.306111e-02 -6.733652e-02 8.886659e-03 9.299718e-02 5.567174e-03 3.109863e-02 4.306152e-03 1.277532e-01 1.025689e-02
2.433961e-02 9.574898e-01 2.780062e-01 5.386754e-02 2.732012e-02 -1.258814e-01 4.300517e-02 1.086091e-01 4.688487e-03 4.434415e-02 9.603454e-03 1.562472e-01 1.215101e-02
2.756535e-02 8.889476e-01 1.971435e-01 8.513977e-02 1.559811e-02 -1.297527e-01 2.332276e-02 1.224253e-01 1.498711e-02 5.337065e-02 2.133197e-02 2.120559e-01 2.697384e-02
3.137758e-02 1.121912e+00 8.253008e-02 5.614125e-02 3.228263e-02 -1.662329e-01 3.280736e-02 1.471790e-01 1.110095e-02 1.982227e-02 1.828957e-02 2.343158e-01 1.347294e-02
1.906114e-02 1.318008e+00 2.554973e-01 8.857272e-02 2.127403e-02 -1.688663e-01 5.820547e-02 9.384108e-02 4.062891e-03 4.108758e-02 6.688259e-03 1.582654e-01 9.433286e-03
1.935439e-02 1.239425e+00 3.851251e-01 1.008134e-01 5.060503e-02 -1.367848e-01 5.327061e-02 8.312630e-02 5.022650e-03 2.999043e-02 7.025101e-03 1.347108e-01 8.642412e-03
2.023414e-02 8.378522e-01 7.244910e-02 7.258875e-02 9.768433e-03 -1.476537e-01 2.938425e-02 8.793612e-02 5.354470e-03 3.487201e-02 1.295853e-02 1.519028e-01 1.458482e-02
2.170038e-02 8.824546e-01 1.268594e-01 8.127836e-02 3.174705e-02 -3.392096e-02 6.137535e-02 9.815458e-02 6.993765e-03 4.723151e-02 1.192454e-02 1.607573e-01 8.945662e-03
2.375312e-02 1.083420e+00 1.633280e-01 7.915189e-02 2.355668e-02 -9.951671e-02 2.871353e-02 1.209727e-01 8.408485e-03 5.256647e-02 4.982829e-03 1.744629e-01 1.125773e-02
2.639235e-02 1.295831e+00 1.418494e-01 1.256687e-01 3.019259e-02 -1.347259e-01 3.328626e-02 1.215517e-01 1.329586e-02 2.163675e-02 8.587896e-03 1.631325e-01 1.876637e-02
2.961809e-02 8.587934e-01 1.258576e-01 8.015325e-02 1.213951e-02 -6.208975e-02 2.006066e-02 1.333632e-01 7.385768e-03 2.522156e-02 9.597277e-03 1.980135e-01 1.201319e-02
3.343031e-02 8.632051e-01 9.269643e-02 4.463694e-02 2.295767e-02 -9.327738e-02 3.451180e-02 1.476234e-01 9.005482e-03 2.275651e-02 1.356366e-02 2.171210e-01 1.574183e-02
2.170038e-02 7.931067e-01 1.268738e-01 6.333957e-02 1.642485e-02 -7.590430e-02 2.258355e-02 9.208227e-02 6.067484e-03 3.910863e-02 5.737490e-03 1.263783e-01 8.730911e-03
2.199363e-02 1.108819e+00 2.039141e-01 8.769114e-02 2.322935e-02 -1.467225e-01 6.376208e-02 1.150583e-01 6.922055e-03 4.529742e-02 6.171786e-03 1.641782e-01 4.606908e-03
2.287337e-02 9.294326e-01 1.268532e-01 6.954047e-02 1.846070e-02 -9.757674e-02 1.491208e-02 8.892460e-02 6.977466e-03 3.784437e-02 7.093565e-03 1.494248e-01 1.229639e-02
2.433961e-02 6.251809e-01 5.571925e-02 5.556854e-02 1.951632e-02 -3.203879e-02 1.767215e-02 1.238881e-01 9.337256e-03 5.679355e-02 1.060745e-02 1.611787e-01 2.423106e-02
2.639235e-02 1.514278e+00 5.635362e-01 1.005138e-01 4.004483e-02 -1.008023e-01 5.720386e-02 1.126361e-01 9.397275e-03 2.340322e-02 1.092998e-02 1.658584e-01 1.088018e-02
2.903159e-02 1.173164e+00 1.139593e-01 8.958087e-02 2.951667e-02 -1.344106e-01 3.314312e-02 1.264757e-01 9.580525e-03 2.327767e-02 8.305631e-03 1.947662e-01 2.212884e-02
3.225732e-02 1.010658e+00 2.050889e-01 1.117070e-01 3.877689e-02 -5.499417e-02 2.514557e-02 1.923446e-01 2.182901e-02 3.962778e-02 1.379802e-02 2.189730e-01 2.867116e-02
3.606955e-02 1.292459e+00 2.330640e-01 7.976053e-02 3.835544e-02 -1.346938e-01 2.650675e-02 1.567445e-01 1.549729e-02 2.882748e-02 1.933864e-02 2.919959e-01 2.104575e-02
2.492611e-02 1.099802e+00 3.534605e-01 8.479371e-02 6.608147e-02 -1.254898e-01 4.959345e-02 1.169143e-01 1.740064e-02 5.418511e-02 9.021726e-03 1.711855e-01 1.660653e-02
2.521936e-02 9.321557e-01 5.959055e-02 1.075834e-01 1.508590e-02 -7.692385e-02 3.319780e-02 1.153903e-01 1.027645e-02 3.802045e-02 6.211610e-03 1.602703e-01 1.295728e-02
2.609911e-02 8.993406e-01 1.070712e-01 2.820966e-02 2.124700e-02 -1.100365e-01 1.264172e-02 1.011029e-01 1.376812e-02 4.747568e-02 1.179716e-02 2.029976e-01 2.608739e-02
2.756535e-02 7.229286e-01 1.802307e-01 4.895508e-02 2.126385e-02 -2.257010e-02 3.128075e-02 1.216525e-01 1.653526e-02 3.817866e-02 1.195050e-02 1.951890e-01 8.755460e-03
2.961809e-02 8.922011e-01 1.162433e-01 6.912326e-02 1.675085e-02 -7.741663e-02 3.498504e-02 1.382928e-01 8.165963e-03 3.903932e-02 1.929167e-02 2.278425e-01 1.096138e-02
3.225732e-02 1.115878e+00 1.492497e-01 1.104484e-01 4.713527e-02 -8.419097e-02 1.907710e-02 1.557760e-01 1.721628e-02 1.527799e-02 9.081670e-03 1.943621e-01 7.279056e-03
3.548305e-02 9.411223e-01 1.388696e-01 8.624889e-02 3.540781e-02 -2.545985e-02 5.530319e-02 1.541888e-01 1.540495e-02 3.200687e-02 9.269840e-03 2.651210e-01 2.470853e-02
3.929528e-02 1.006157e+00 6.346735e-02 8.714023e-02 2.391765e-02 -4.928975e-02 2.540499e-02 2.138608e-01 1.599711e-02 2.687520e-03 8.558872e-03 2.722508e-01 1.296662e-02
2.873834e-02 9.627957e-01 9.984004e-02 7.051740e-02 3.211798e-02 -3.203397e-02 2.824722e-02 1.182677e-01 4.300224e-03 3.511842e-02 9.638995e-03 2.134228e-01 2.642081e-02
2.903159e-02 1.142509e+00 1.447138e-01 8.262258e-02 2.352246e-02 -1.177326e-01 3.558418e-02 1.203796e-01 8.937621e-03 3.113847e-02 1.063145e-02 1.935575e-01 1.562930e-02
2.991133e-02 8.821189e-01 1.128080e-01 9.697379e-02 3.038394e-02 -8.285282e-02 1.026407e-02 1.434432e-01 6.468621e-03 3.378395e-02 1.219258e-02 2.001820e-01 9.295767e-03
3.137758e-02 1.430120e+00 3.240781e-01 8.872120e-02 2.850177e-02 -1.044128e-01 4.616379e-02 1.564732e-01 1.099886e-02 2.058610e-02 1.617564e-02 2.464018e-01 1.230192e-02
3.343031e-02 1.105674e+00 1.524928e-01 1.366404e-01 2.077921e-02 -1.670404e-01 4.747716e-02 1.848959e-01 1.152515e-02 1.658234e-02 1.327417e-02 2.372582e-01 1.458700e-02
3.606955e-02 1.004494e+00 1.877245e-01 1.042679e-01 3.271256e-02 -3.005463e-02 2.088877e-02 1.871559e-01 2.329821e-02 1.134901e-02 1.145421e-02 2.436804e-01 1.435550e-02
3.929528e-02 1.302548e+00 3.043871e-01 7.585560e-02 5.758144e-02 -7.435055e-02 2.758197e-02 2.110122e-01 1.572004e-02 -9.079036e-03 2.320711e-02 3.133628e-01 2.429731e-02
4.310751e-02 8.069595e-01 7.014331e-02 6.628468e-02 2.779622e-02 -5.288781e-02 2.208473e-02 2.948269e-01 1.687630e-02 -2.500673e-02 2.133538e-02 3.123693e-01 1.882291e-02
