# k^2  MgMg MgMg_error  MgCl MgCl_error  MgNa MgNa_error  ClCl ClCl_error  ClNa ClNa_error  NaNa NaNa_error
0.000000e+00 6.400000e+01 0.000000e+00 4.548055e+02 2.842171e-14 4.457084e+02 2.842171e-14 3.232000e+03 0.000000e+00 3.167353e+03 0.000000e+00 3.104000e+03 0.000000e+00
2.930911e-04 2.022085e+00 2.548759e-01 1.275839e-01 4.118825e-02 -4.483486e-01 6.444879e-02 6.295119e-02 6.725844e-03 2.860562e-02 8.221876e-03 1.595153e-01 2.109816e-02
1.172365e-03 4.010983e-01 8.588652e-02 3.040655e-02 2.216805e-02 -7.819947e-02 2.272237e-02 5.657570e-02 7.405851e-03 4.776382e-02 8.905290e-03 7.205456e-02 1.370583e-02
2.637820e-03 6.025646e-01 2.000076e-01 5.616138e-02 1.744655e-02 -1.065967e-01 4.509438e-02 5.502541e-02 9.586377e-03 4.018638e-02 6.285547e-03 7.772104e-02 1.521455e-02
4.689458e-03 9.389186e-01 3.371937e-01 8.091875e-02 5.069863e-02 -1.438260e-01 3.184810e-02 6.322631e-02 5.050563e-03 4.065530e-02 7.133333e-03 9.080453e-02 3.997757e-03
7.327278e-03 6.557610e-01 1.281935e-01 6.338467e-02 1.613631e-02 -8.970158e-02 2.405258e-02 6.706101e-02 3.917884e-03 4.300472e-02 6.284175e-03 8.188244e-02 7.017604e-03
1.055128e-02 1.370568e+00 4.912170e-01 1.339429e-01 3.905275e-02 -1.974959e-01 8.302788e-02 7.161401e-02 7.273891e-03 3.191130e-02 1.089192e-02 1.182888e-01 1.856465e-02
1.436147e-02 1.012393e+00 7.450900e-02 1.025862e-01 3.178401e-02 -1.099266e-01 3.305074e-02 9.066087e-02 6.455439e-03 3.956599e-02 1.043689e-02 1.096752e-01 1.557424e-02
2.930911e-04 1.191644e-01 5.116731e-02 3.727061e-03 6.491102e-03 -3.138011e-02 2.080808e-02 7.125577e-02 6.714428e-03 7.201111e-02 8.060745e-03 8.421242e-02 1.208612e-02
5.861823e-04 1.836014e-01 4.400040e-02 1.695634e-02 1.474133e-02 -3.448543e-02 1.657829e-02 8.063746e-02 5.998204e-03 7.889722e-02 1.001744e-02 9.386709e-02 1.337853e-02
1.465456e-03 5.931142e-01 2.244450e-01 5.835378e-02 2.464948e-02 -1.050825e-01 4.693654e-02 5.655065e-02 4.619043e-03 4.106921e-02 7.283022e-03 7.620394e-02 9.917922e-03
2.930911e-03 5.094146e-01 1.873878e-01 1.591449e-02 1.420173e-02 -1.284041e-01 7.029992e-02 4.916306e-02 5.436833e-03 4.433266e-02 8.311070e-03 9.135014e-02 3.022220e-02
4.982549e-03 6.925259e-01 2.598510e-01 5.353341e-02 8.216965e-03 -1.201038e-01 6.695725e-02 6.318290e-02 5.714791e-03 4.742753e-02 7.154612e-03 9.255345e-02 1.254269e-02
7.620369e-03 1.160534e+00 4.184008e-01 8.564421e-02 3.941243e-02 -2.055282e-01 6.450556e-02 7.044281e-02 3.777992e-03 4.149632e-02 9.410346e-03 1.175466e-01 1.732903e-02
1.084437e-02 5.147768e-01 8.998886e-02 3.834141e-02 2.340371e-02 -7.573361e-02 2.105931e-02 6.555248e-02 9.557674e-03 4.050872e-02 6.306002e-03 9.825343e-02 1.165712e-02
1.465456e-02 1.579891e+00 3.491042e-01 1.659897e-01 5.147321e-02 -1.903751e-01 5.612725e-02 9.427066e-02 1.295684e-02 3.193744e-02 9.121636e-03 1.227786e-01 1.232698e-02
1.172365e-03 1.849871e+00 4.011275e-01 1.122758e-01 4.698867e-02 -4.008593e-01 8.187394e-02 5.987172e-02 7.373121e-03 2.830837e-02 8.686987e-03 1.430744e-01 1.818712e-02
1.465456e-03 5.751334e-01 1.148395e-01 8.983843e-02 2.295479e-02 -5.994763e-02 2.123968e-02 7.168885e-02 8.170870e-03 4.774629e-02 7.216530e-03 6.796119e-02 8.266986e-03
2.344729e-03 1.021458e+00 3.908517e-01 1.213103e-01 3.357412e-02 -1.608002e-01 8.103882e-02 6.733301e-02 1.006794e-02 3.248392e-02 8.842836e-03 8.506342e-02 1.623311e-02
3.810185e-03 1.156423e+00 3.941718e-01 6.005552e-02 3.374095e-02 -2.570046e-01 8.751410e-02 6.481990e-02 8.951619e-03 4.502561e-02 1.219352e-02 1.270870e-01 1.555934e-02
5.861823e-03 6.859077e-01 3.302763e-01 3.679317e-02 6.752819e-03 -1.197644e-01 7.829533e-02 5.914513e-02 9.608663e-03 4.789615e-02 1.058598e-02 9.299650e-02 1.823253e-02
8.499643e-03 6.880875e-01 2.326094e-02 2.904833e-02 1.828440e-02 -1.290673e-01 1.716893e-02 5.756963e-02 7.837929e-03 3.962460e-02 4.026178e-03 9.798962e-02 7.760006e-03
1.172365e-02 1.674252e+00 5.556216e-01 9.208005e-02 3.072934e-02 -2.973483e-01 1.099536e-01 6.486316e-02 7.628414e-03 3.558157e-02 1.436374e-02 1.509304e-01 2.046572e-02
1.553383e-02 9.271184e-01 1.724208e-01 4.840503e-02 1.209857e-02 -1.209261e-01 2.966864e-02 7.333191e-02 6.099118e-03 4.824434e-02 4.486895e-03 1.232036e-01 1.219789e-02
2.637820e-03 6.502252e-01 1.519605e-01 3.856579e-02 1.728024e-02 -1.382069e-01 5.447760e-02 5.730889e-02 3.288144e-03 4.626945e-02 1.858495e-03 9.152276e-02 1.602184e-02
2.930911e-03 6.600349e-01 1.652690e-01 2.973050e-02 2.245778e-02 -1.415851e-01 3.475853e-02 5.351772e-02 6.113052e-03 4.505025e-02 6.752585e-03 9.130695e-02 9.994285e-03
3.810185e-03 1.109743e+00 3.870496e-01 8.812021e-02 2.157569e-02 -2.066687e-01 9.200592e-02 6.024755e-02 6.281892e-03 3.423208e-02 7.956095e-03 1.034251e-01 1.956385e-02
5.275640e-03 7.994323e-01 2.444447e-01 7.830904e-02 4.078278e-02 -1.315989e-01 2.449567e-02 6.752387e-02 6.436786e-03 4.157456e-02 8.231438e-03 8.969799e-02 6.668022e-03
7.327278e-03 1.148689e+00 3.008190e-01 1.178922e-01 4.449627e-02 -1.670440e-01 3.753628e-02 7.569043e-02 9.940348e-03 4.322843e-02 8.098250e-03 1.081389e-01 1.216201e-02
9.965098e-03 7.244849e-01 1.210242e-01 5.242923e-02 2.388226e-02 -1.062844e-01 2.526678e-02 7.468673e-02 4.344208e-03 5.601783e-02 5.947252e-03 1.092560e-01 3.711200e-03
1.318910e-02 9.888669e-01 1.929987e-01 7.997630e-02 1.927323e-02 -1.247529e-01 2.453961e-02 8.400597e-02 7.936941e-03 4.865214e-02 7.864851e-03 1.136487e-01 1.220001e-02
1.699929e-02 1.191349e+00 2.372634e-01 8.853125e-02 4.109717e-02 -9.937135e-02 6.875965e-02 9.224713e-02 5.731305e-03 4.652222e-02 4.915497e-03 1.253736e-01 1.585196e-02
4.689458e-03 1.089976e+00 4.066656e-01 7.104222e-02 2.069117e-02 -2.092165e-01 9.939508e-02 5.085999e-02 2.446598e-03 2.752847e-02 6.017834e-03 9.232909e-02 2.027863e-02
4.982549e-03 1.316886e+00 3.276654e-01 1.018586e-01 3.166508e-02 -2.205539e-01 4.506582e-02 7.582115e-02 5.483125e-03 5.119984e-02 1.035325e-02 1.210697e-01 9.722089e-03
5.861823e-03 1.313124e+00 3.123668e-01 9.049734e-02 3.180523e-02 -2.449196e-01 4.981767e-02 6.275395e-02 7.579629e-03 3.209063e-02 7.117567e-03 1.089410e-01 1.087488e-02
7.327278e-03 9.408362e-01 2.568494e-01 8.982220e-02 3.336204e-02 -1.296622e-01 3.319008e-02 6.082907e-02 1.069443e-02 3.765649e-02 8.238279e-03 9.462342e-02 1.241786e-02
9.378916e-03 6.112034e-01 1.495499e-01 3.352564e-02 1.410997e-02 -1.054282e-01 4.428045e-02 5.722085e-02 6.271075e-03 4.241180e-02 5.497299e-03 1.017267e-01 1.106248e-02
1.201674e-02 7.536379e-01 2.242837e-01 4.834942e-02 1.976704e-02 -1.133392e-01 4.310853e-02 7.483450e-02 7.430494e-03 5.231549e-02 1.144413e-02 1.096774e-01 1.121101e-02
1.524074e-02 8.816960e-01 1.723058e-01 4.297316e-02 6.190536e-03 -1.451189e-01 2.239623e-02 7.761063e-02 5.994459e-03 5.121188e-02 8.262323e-03 1.414932e-01 1.307125e-02
1.905092e-02 1.094932e+00 1.020168e-01 9.518589e-02 4.211479e-02 -1.235097e-01 2.897365e-02 1.019422e-01 2.978893e-03 5.470270e-02 8.372430e-03 1.474652e-01 1.276509e-02
7.327278e-03 1.073387e+00 2.352513e-01 1.300388e-01 2.690238e-02 -1.450093e-01 3.750878e-02 8.462179e-02 5.930147e-03 4.494428e-02 9.810486e-03 1.050853e-01 5.007502e-03
7.620369e-03 1.218920e+00 1.892251e-01 9.544327e-02 2.388389e-02 -2.252960e-01 2.731063e-02 6.082924e-02 8.269822e-03 2.821197e-02 6.791012e-03 1.123467e-01 1.066799e-02
8.499643e-03 7.669401e-01 1.385735e-01 7.527939e-02 2.747608e-02 -1.205769e-01 3.911047e-02 6.761867e-02 8.944856e-03 4.283076e-02 3.851481e-03 1.065093e-01 6.353186e-03
9.965098e-03 7.287935e-01 1.090503e-01 7.709170e-02 2.669512e-02 -1.085743e-01 2.970528e-02 7.250202e-02 4.767124e-03 4.493259e-02 2.868871e-03 1.033973e-01 1.061678e-02
1.201674e-02 8.077911e-01 1.229298e-01 3.552157e-02 9.981270e-03 -1.348202e-01 2.929077e-02 7.687301e-02 9.721375e-03 5.619507e-02 7.336306e-03 1.250003e-01 1.014018e-02
1.465456e-02 7.489746e-01 1.803569e-01 6.205245e-02 2.007676e-02 -1.060347e-01 2.838603e-02 7.824572e-02 1.171748e-02 4.708551e-02 8.737878e-03 1.242947e-01 1.218972e-02
1.787856e-02 8.263182e-01 1.093661e-01 9.453160e-02 3.842779e-02 -5.971502e-02 2.304566e-02 8.901777e-02 1.023903e-02 4.008708e-02 4.628522e-03 1.186640e-01 8.311187e-03
2.168874e-02 9.794171e-01 2.661687e-01 9.412980e-02 2.339936e-02 -3.587381e-02 2.449733e-02 9.559918e-02 9.255504e-03 4.115899e-02 1.128448e-02 1.389777e-01 9.618716e-03
1.055128e-02 1.280504e+00 4.079738e-01 1.672257e-01 7.785275e-02 -1.286219e-01 2.623038e-02 8.489550e-02 1.902821e-02 3.442402e-02 5.374501e-03 9.744116e-02 1.151822e-02
1.084437e-02 9.696834e-01 1.075776e-01 1.061167e-01 2.427768e-02 -9.004705e-02 2.364326e-02 7.771061e-02 6.170269e-03 4.272963e-02 5.148691e-03 9.085317e-02 1.010464e-02
1.172365e-02 1.252487e+00 4.322370e-01 6.382731e-02 1.485124e-02 -2.131641e-01 8.703945e-02 7.226909e-02 5.899120e-03 4.042190e-02 2.948589e-03 1.266865e-01 2.140569e-02
1.318910e-02 7.343799e-01 7.191120e-02 7.137027e-02 2.737700e-02 -9.660807e-02 1.771392e-02 7.463299e-02 6.744178e-03 3.973734e-02 7.519819e-03 1.009758e-01 9.621001e-03
1.524074e-02 9.921449e-01 2.083424e-01 9.728286e-02 2.719345e-02 -1.146959e-01 2.769786e-02 7.435651e-02 7.265159e-03 3.012329e-02 4.542671e-03 1.138584e-01 6.982988e-03
1.787856e-02 7.635711e-01 1.899743e-01 2.989218e-02 7.539487e-03 -8.988691e-02 1.930084e-02 8.413026e-02 5.315787e-03 4.694611e-02 6.278829e-03 1.244585e-01 1.351180e-02
2.110256e-02 1.241454e+00 2.075345e-01 1.433140e-01 3.137813e-02 -1.051190e-01 3.457223e-02 1.024292e-01 8.534869e-03 4.854894e-02 1.340071e-02 1.519767e-01 1.000430e-02
2.491275e-02 9.069498e-01 2.278259e-01 5.525402e-02 1.684835e-02 -1.256151e-01 2.126241e-02 1.092464e-01 8.425800e-03 2.596348e-02 1.164348e-02 1.781419e-01 1.743878e-02
1.436147e-02 8.115339e-01 1.416220e-01 7.798580e-02 9.196986e-03 -7.556945e-02 2.510107e-02 6.886251e-02 4.928784e-03 3.099474e-02 5.453524e-03 8.713639e-02 9.024099e-03
1.465456e-02 7.705151e-01 9.616171e-02 5.524450e-02 8.463382e-03 -8.731283e-02 2.297870e-02 8.097299e-02 6.448501e-03 5.660004e-02 8.635333e-03 1.177032e-01 9.359776e-03
1.553383e-02 1.315646e+00 3.452440e-01 1.210559e-01 3.705526e-02 -1.465854e-01 4.226845e-02 9.542871e-02 6.731926e-03 4.414168e-02 1.126458e-02 1.334435e-01 1.443762e-02
1.699929e-02 1.133482e+00 2.974740e-01 8.272804e-02 4.365002e-02 -1.511661e-01 2.063643e-02 7.831351e-02 4.925734e-03 2.858394e-02 8.117999e-03 1.123826e-01 6.355096e-03
1.905092e-02 9.854663e-01 1.233384e-01 3.185134e-02 2.914663e-02 -1.316993e-01 2.870700e-02 9.731837e-02 8.435276e-03 6.144155e-02 6.212219e-03 1.490517e-01 6.321089e-03
2.168874e-02 1.065072e+00 1.084008e-01 1.389918e-01 1.795950e-02 -7.788023e-02 2.281469e-02 1.007803e-01 6.043001e-03 3.909696e-02 5.130150e-03 1.446478e-01 1.465417e-02
2.491275e-02 1.105034e+00 1.931739e-01 7.498177e-02 2.229794e-02 -1.664742e-01 2.132930e-02 9.294651e-02 6.680736e-03 2.508277e-02 1.012802e-02 1.727084e-01 2.004630e-02
2.872293e-02 1.124301e+00 1.333822e-01 1.032467e-01 1.735421e-02 -7.800446e-02 2.664891e-02 1.323713e-01 1.011335e-02 3.921102e-02 8.704116e-03 1.787958e-01 1.035974e-02
2.930911e-04 1.151199e+00 1.880260e-01 6.478508e-02 2.668778e-02 -2.651362e-01 3.347914e-02 5.099813e-02 5.410292e-03 3.371815e-02 6.649270e-03 1.121614e-01 7.781207e-03
5.861823e-04 2.684555e-01 1.187206e-01 3.794379e-02 2.370059e-02 -3.658706e-02 1.129296e-02 6.427433e-02 6.105068e-03 5.471274e-02 1.659281e-03 6.789583e-02 3.261378e-03
1.465456e-03 2.772336e-01 9.140880e-02 3.744097e-02 9.783860e-03 -4.199749e-02 2.804866e-02 5.959383e-02 2.989019e-03 4.984537e-02 4.185181e-03 6.749477e-02 1.122199e-02
2.930911e-03 1.012595e+00 2.416129e-01 5.045805e-02 1.828255e-02 -2.069225e-01 5.442666e-02 5.445499e-02 7.697837e-03 4.030381e-02 3.741123e-03 1.022215e-01 1.377366e-02
4.982549e-03 1.111130e+00 3.044385e-01 7.995129e-02 2.177619e-02 -2.014408e-01 5.536070e-02 5.922217e-02 5.917139e-03 3.398385e-02 7.862253e-03 9.981460e-02 1.432804e-02
7.620369e-03 1.285869e+00 2.571422e-01 1.217611e-01 2.142965e-02 -1.759195e-01 4.583737e-02 6.642916e-02 4.538585e-03 3.056521e-02 7.139860e-03 9.288800e-02 1.200564e-02
1.084437e-02 6.715924e-01 1.347844e-01 5.177460e-02 1.637740e-02 -1.031748e-01 3.120131e-02 7.725684e-02 9.101394e-03 5.825677e-02 8.223626e-03 1.216444e-01 1.171500e-02
1.465456e-02 1.140638e+00 3.009738e-01 9.496129e-02 3.551530e-02 -1.127048e-01 3.241548e-02 7.384028e-02 3.494536e-03 3.372018e-02 5.170053e-03 9.907417e-02 5.193597e-03
5.861823e-04 2.570074e-01 6.417847e-02 1.078771e-02 1.481820e-02 -5.983131e-02 2.878033e-02 5.119598e-02 5.820326e-03 4.971578e-02 5.241173e-03 6.960599e-02 1.179850e-02
8.792734e-04 2.013119e-01 5.457764e-02 3.673733e-02 2.129718e-02 -1.628567e-02 3.046103e-02 7.116566e-02 1.096530e-02 6.256381e-02 6.705533e-03 7.095781e-02 8.541533e-03
1.758547e-03 2.704506e-01 8.122395e-02 3.327241e-02 1.766590e-02 -4.360126e-02 3.666847e-02 5.649863e-02 1.001386e-02 4.551744e-02 5.886834e-03 6.164355e-02 1.024970e-02
3.224002e-03 5.879548e-01 1.274221e-01 7.398055e-02 2.390391e-02 -7.575742e-02 1.098614e-02 6.790918e-02 9.913804e-03 4.818919e-02 3.368250e-03 7.732223e-02 3.619794e-03
5.275640e-03 6.381557e-01 9.206984e-02 6.289510e-02 1.975170e-02 -1.063832e-01 1.525711e-02 6.402984e-02 9.495802e-03 4.660849e-02 8.769411e-03 9.526248e-02 1.498516e-02
7.913461e-03 1.236994e+00 4.929111e-01 1.207259e-01 4.622188e-02 -1.804089e-01 8.811736e-02 7.471783e-02 9.339928e-03 4.307919e-02 7.868013e-03 1.195092e-01 2.018355e-02
1.113746e-02 1.544045e+00 3.108811e-01 1.362002e-01 4.209698e-02 -2.005228e-01 3.598903e-02 7.615390e-02 6.769681e-03 3.080572e-02 5.500670e-03 1.094710e-01 1.065829e-02
1.494765e-02 8.028481e-01 2.263444e-01 9.581339e-02 3.324931e-02 -6.807483e-02 3.197926e-02 9.069470e-02 7.488216e-03 4.843445e-02 5.046049e-03 1.251804e-01 9.283955e-03
1.465456e-03 6.609672e-01 2.094279e-01 5.715244e-02 2.348802e-02 -1.299698e-01 4.563647e-02 6.745492e-02 6.617567e-03 5.112294e-02 8.677709e-03 9.240428e-02 1.581052e-02
1.758547e-03 5.141958e-01 2.609815e-01 7.231159e-02 3.110275e-02 -7.044575e-02 3.960300e-02 5.835965e-02 8.047977e-03 3.862137e-02 6.065294e-03 6.413204e-02 1.153949e-02
2.637820e-03 6.564283e-01 2.274071e-01 6.723571e-02 3.115310e-02 -1.086958e-01 3.448653e-02 6.403568e-02 7.635420e-03 4.616432e-02 7.787138e-03 8.558881e-02 8.837309e-03
4.103276e-03 6.613399e-01 2.285413e-01 5.688735e-02 1.430774e-02 -1.195725e-01 5.829343e-02 7.203552e-02 7.917657e-03 5.706853e-02 1.354315e-02 1.029936e-01 1.718951e-02
6.154914e-03 7.629973e-01 2.330301e-01 8.237169e-02 2.590858e-02 -1.240974e-01 3.885045e-02 6.862503e-02 6.262965e-03 4.050193e-02 2.958404e-03 9.294559e-02 9.609254e-03
8.792734e-03 1.201545e+00 2.667858e-01 1.287838e-01 3.061924e-02 -1.565329e-01 3.875644e-02 8.308548e-02 7.801511e-03 4.203087e-02 6.822974e-03 1.043263e-01 7.664999e-03
1.201674e-02 9.278180e-01 1.210913e-01 9.424721e-02 1.326249e-02 -1.018965e-01 3.126849e-02 7.935573e-02 7.910491e-03 4.516859e-02 8.366677e-03 1.067635e-01 1.341322e-02
1.582692e-02 1.056120e+00 1.878838e-01 9.183557e-02 1.989974e-02 -1.170672e-01 1.835302e-02 7.850828e-02 3.943004e-03 3.891706e-02 7.368515e-03 1.119244e-01 9.557613e-03
2.930911e-03 2.986279e+00 9.547679e-01 2.337515e-01 7.317793e-02 -5.789464e-01 1.880342e-01 7.267653e-02 8.828648e-03 9.749703e-03 1.153738e-02 1.791849e-01 4.144970e-02
3.224002e-03 1.052296e+00 3.960628e-01 9.558865e-02 2.889318e-02 -1.694676e-01 7.874515e-02 7.204429e-02 5.506574e-03 4.714668e-02 9.272884e-03 1.022941e-01 1.178592e-02
4.103276e-03 1.210212e+00 2.217337e-01 8.796312e-02 2.743318e-02 -2.227604e-01 6.345444e-02 6.036641e-02 6.166542e-03 3.656451e-02 3.351543e-03 1.080984e-01 1.583160e-02
5.568732e-03 7.637051e-01 1.809093e-01 7.904876e-02 2.453254e-02 -1.209682e-01 2.618926e-02 6.339968e-02 9.224227e-03 3.957114e-02 2.865656e-03 8.796064e-02 7.543903e-03
7.620369e-03 1.268034e+00 3.865439e-01 8.989149e-02 2.611651e-02 -2.064396e-01 7.366378e-02 6.032169e-02 4.038659e-03 3.268546e-02 6.328301e-03 1.017116e-01 1.489825e-02
1.025819e-02 7.488241e-01 1.170492e-01 8.965919e-02 1.672138e-02 -9.109466e-02 1.847858e-02 7.042955e-02 4.984750e-03 3.559884e-02 3.879774e-03 9.705521e-02 8.436668e-03
1.348219e-02 1.031128e+00 9.190805e-02 1.096235e-01 1.552708e-02 -9.258202e-02 1.803490e-02 9.759466e-02 1.256504e-02 5.686068e-02 9.618463e-03 1.173240e-01 1.100240e-02
1.729238e-02 1.169494e+00 1.721893e-01 9.555888e-02 2.555746e-02 -1.505406e-01 2.035853e-02 7.939171e-02 2.988834e-03 3.891016e-02 8.317880e-03 1.429353e-01 1.750526e-02
4.982549e-03 1.964860e+00 2.454139e-01 1.888495e-01 1.805128e-02 -3.129984e-01 6.866624e-02 7.971310e-02 1.267600e-02 2.981598e-02 1.365630e-02 1.248184e-01 6.283472e-03
5.275640e-03 1.161080e+00 1.393744e-01 1.185636e-01 2.969980e-02 -1.771766e-01 3.253529e-02 7.331327e-02 1.326247e-02 4.096739e-02 8.229255e-03 1.045686e-01 1.185514e-02
6.154914e-03 1.296873e+00 2.882515e-01 1.242761e-01 4.660884e-02 -1.909964e-01 4.376534e-02 8.139646e-02 1.060803e-02 5.014393e-02 1.880989e-02 1.201470e-01 1.973725e-02
7.620369e-03 1.177226e+00 2.825611e-01 1.009481e-01 4.469945e-02 -1.799130e-01 5.666153e-02 6.901192e-02 1.095645e-02 4.025595e-02 1.072352e-02 1.031232e-01 1.187138e-02
9.672007e-03 1.091880e+00 2.311312e-01 9.031606e-02 3.380544e-02 -1.521931e-01 2.355459e-02 8.134830e-02 7.472059e-03 4.899295e-02 1.279675e-02 1.134545e-01 1.049777e-02
1.230983e-02 7.936179e-01 8.659489e-02 5.269403e-02 7.682419e-03 -1.192396e-01 1.795290e-02 6.656056e-02 4.201054e-03 4.463185e-02 5.436273e-03 1.113540e-01 4.686248e-03
1.553383e-02 9.720127e-01 2.533160e-01 1.056909e-01 2.976979e-02 -9.517247e-02 2.267318e-02 7.624437e-02 5.997849e-03 3.753944e-02 4.497111e-03 1.163970e-01 6.517769e-03
1.934401e-02 1.254306e+00 2.574970e-01 1.125662e-01 3.520761e-02 -1.213277e-01 4.915488e-02 1.033140e-01 7.919577e-03 3.961156e-02 7.764801e-03 1.375514e-01 1.523535e-02
7.620369e-03 7.696882e-01 1.437446e-01 8.464566e-02 3.005725e-02 -1.143002e-01 3.311348e-02 6.835047e-02 5.575890e-03 4.129448e-02 1.139102e-02 1.003267e-01 1.322918e-02
7.913461e-03 8.688666e-01 2.378056e-01 8.308816e-02 2.796478e-02 -1.144221e-01 3.102288e-02 6.752219e-02 5.686943e-03 4.180636e-02 5.102966e-03 9.219205e-02 1.050427e-02
8.792734e-03 9.075818e-01 1.877953e-01 1.209003e-01 3.659647e-02 -9.546011e-02 2.170029e-02 7.837562e-02 9.861709e-03 3.744612e-02 4.030502e-03 8.033611e-02 1.167574e-02
1.025819e-02 7.852870e-01 1.195377e-01 1.148334e-01 1.559271e-02 -6.440814e-02 1.758023e-02 7.393199e-02 6.626694e-03 4.089731e-02 5.368597e-03 9.733837e-02 9.199739e-03
1.230983e-02 9.691942e-01 1.393406e-01 9.587978e-02 3.610568e-02 -1.285440e-01 2.756814e-02 7.590958e-02 5.686738e-03 4.372131e-02 7.402307e-03 1.124973e-01 6.492441e-03
1.494765e-02 7.429069e-01 8.465852e-02 5.190689e-02 1.743081e-02 -1.010158e-01 2.830577e-02 7.691399e-02 5.317532e-03 3.874623e-02 7.552145e-03 1.156646e-01 1.147065e-02
1.817165e-02 1.293496e+00 2.429787e-01 8.513456e-02 3.155233e-02 -1.531764e-01 4.574035e-02 8.245175e-02 4.930747e-03 4.335501e-02 8.444892e-03 1.607651e-01 4.649852e-03
2.198183e-02 9.379708e-01 2.229558e-01 8.010161e-02 2.922346e-02 -1.351307e-01 4.406813e-02 9.621943e-02 9.161065e-03 5.067135e-02 6.526264e-03 1.637411e-01 1.813866e-02
1.084437e-02 9.000204e-01 2.293325e-01 9.588650e-02 2.119026e-02 -1.158459e-01 3.341123e-02 7.401203e-02 5.495554e-03 3.479577e-02 2.285557e-03 9.160676e-02 1.102338e-02
1.113746e-02 7.261051e-01 1.897909e-01 5.577666e-02 1.816835e-02 -1.199659e-01 3.321669e-02 6.959603e-02 1.024083e-02 5.042260e-02 1.449770e-02 1.266792e-01 1.671920e-02
1.201674e-02 1.242410e+00 4.398388e-01 1.459783e-01 6.568928e-02 -1.233757e-01 3.756840e-02 7.239653e-02 1.104624e-02 3.767057e-02 5.509484e-03 1.067089e-01 1.072525e-02
1.348219e-02 9.587655e-01 2.190991e-01 1.071575e-01 3.739547e-02 -9.654708e-02 2.350267e-02 7.469495e-02 4.365332e-03 4.279470e-02 5.998491e-03 1.185233e-01 9.091776e-03
1.553383e-02 1.085701e+00 1.719209e-01 1.505522e-01 3.335656e-02 -4.640304e-02 2.256517e-02 9.148713e-02 8.009097e-03 3.987994e-02 6.141468e-03 9.759280e-02 9.383577e-03
1.817165e-02 1.028360e+00 9.767876e-02 1.145444e-01 1.834060e-02 -7.182119e-02 3.616904e-02 9.186007e-02 1.115853e-02 4.160884e-02 6.197369e-03 1.222535e-01 1.222039e-02
2.139565e-02 1.148265e+00 1.598791e-01 1.358362e-01 2.042506e-02 -1.374984e-01 3.622514e-02 1.180096e-01 1.236620e-02 4.152389e-02 7.065535e-03 1.498358e-01 7.953339e-03
2.520584e-02 9.143605e-01 1.380827e-01 4.405874e-02 1.859933e-02 -9.837927e-02 3.587894e-02 9.494249e-02 6.091649e-03 3.491126e-02 4.925181e-03 1.607774e-01 2.141305e-02
1.465456e-02 8.120946e-01 1.931437e-01 3.703660e-02 1.593915e-02 -1.463257e-01 3.113909e-02 7.075118e-02 1.199530e-02 4.244391e-02 1.073707e-02 1.162134e-01 9.797069e-03
1.494765e-02 8.899216e-01 1.713689e-01 7.525670e-02 2.777788e-02 -1.091905e-01 3.806877e-02 8.072259e-02 4.868550e-03 4.470993e-02 6.488545e-03 1.192645e-01 1.225584e-02
1.582692e-02 1.339130e+00 1.887984e-01 5.971903e-02 3.030228e-02 -2.373608e-01 5.877133e-02 8.667365e-02 8.929584e-03 4.924505e-02 1.030377e-02 1.681693e-01 1.966863e-02
1.729238e-02 9.082890e-01 1.694865e-01 6.321088e-02 1.964063e-02 -1.098007e-01 2.950755e-02 8.581618e-02 8.791043e-03 4.483170e-02 9.172615e-03 1.265283e-01 2.029300e-02
1.934401e-02 9.323229e-01 2.024286e-01 4.992375e-02 2.963196e-02 -1.261316e-01 4.802897e-02 7.365421e-02 7.774029e-03 4.550987e-02 1.088192e-02 1.496833e-01 2.432433e-02
2.198183e-02 8.415527e-01 1.159982e-01 5.556227e-02 2.637926e-02 -8.866048e-02 4.595044e-02 1.057861e-01 6.890438e-03 4.737516e-02 1.455445e-02 1.775667e-01 1.526688e-02
2.520584e-02 6.984649e-01 9.770868e-02 5.119673e-02 2.352942e-02 -7.813816e-02 2.814951e-02 1.105759e-01 1.068383e-02 4.261300e-02 1.258664e-02 1.813095e-01 2.217717e-02
2.901602e-02 1.042503e+00 9.404397e-02 2.841526e-02 2.757302e-02 -8.168160e-02 2.367083e-02 1.283638e-01 1.905793e-02 2.874647e-02 1.003815e-02 1.735728e-01 2.722635e-02
1.172365e-03 7.403576e-01 1.860498e-01 8.158158e-02 1.443071e-02 -1.240174e-01 4.515457e-02 5.805818e-02 3.889203e-03 3.571812e-02 2.665619e-03 7.472980e-02 1.204023e-02
1.465456e-03 1.048674e+00 3.935659e-01 8.563151e-02 2.951135e-02 -2.073389e-01 8.464119e-02 5.589010e-02 4.637459e-03 3.196922e-02 6.551537e-03 9.405117e-02 2.094576e-02
2.344729e-03 1.051664e+00 3.817385e-01 9.451981e-02 4.284930e-02 -1.878153e-01 6.833575e-02 6.298076e-02 9.981870e-03 3.895837e-02 3.778801e-03 1.012820e-01 1.904490e-02
3.810185e-03 1.552980e+00 3.983547e-01 1.511681e-01 5.694271e-02 -2.609991e-01 4.937776e-02 7.440998e-02 1.070584e-02 3.178051e-02 7.833957e-03 1.134952e-01 6.668772e-03
5.861823e-03 7.335794e-01 8.599615e-02 5.377624e-02 1.273828e-02 -1.138449e-01 8.638474e-03 5.646145e-02 3.511488e-03 4.283059e-02 4.875013e-03 8.808946e-02 8.656856e-03
8.499643e-03 8.747979e-01 1.948407e-01 8.823009e-02 2.210358e-02 -1.274174e-01 3.358596e-02 6.533875e-02 6.851313e-03 3.582008e-02 3.657911e-03 9.174109e-02 7.222543e-03
1.172365e-02 8.182403e-01 1.199849e-01 6.254094e-02 1.747854e-02 -1.286271e-01 1.823504e-02 7.150232e-02 5.946933e-03 4.656973e-02 4.526158e-03 1.227422e-01 8.648293e-03
1.553383e-02 9.660881e-01 1.405808e-01 7.950892e-02 2.675604e-02 -1.394889e-01 3.520789e-02 6.953318e-02 6.666497e-03 4.265578e-02 6.638427e-03 1.219719e-01 1.425372e-02
1.465456e-03 6.053492e-01 2.333536e-01 7.138679e-02 2.979898e-02 -9.275291e-02 3.770850e-02 6.214812e-02 6.626269e-03 4.256573e-02 4.500788e-03 7.214803e-02 9.682161e-03
1.758547e-03 8.160585e-01 2.130817e-01 4.296499e-02 1.645161e-02 -1.769869e-01 4.428639e-02 5.242749e-02 5.402965e-03 4.017029e-02 5.345649e-03 9.289388e-02 1.201836e-02
2.637820e-03 4.120784e-01 1.850960e-01 5.362397e-02 3.470603e-02 -4.896203e-02 2.008788e-02 6.668596e-02 7.432225e-03 5.231115e-02 9.283681e-03 7.382140e-02 1.003782e-02
4.103276e-03 4.934455e-01 1.546639e-01 3.655398e-02 2.347008e-02 -8.647169e-02 1.861485e-02 5.751044e-02 7.694593e-03 4.604077e-02 1.052868e-02 8.055394e-02 1.312057e-02
6.154914e-03 6.526808e-01 2.062446e-01 3.318832e-02 1.228199e-02 -1.444120e-01 5.631017e-02 5.887479e-02 5.636131e-03 4.597201e-02 6.328027e-03 1.039903e-01 2.078979e-02
8.792734e-03 7.985192e-01 2.350785e-01 8.083718e-02 1.505541e-02 -1.285805e-01 6.251794e-02 6.494508e-02 5.247986e-03 3.650759e-02 5.871985e-03 1.012304e-01 1.756671e-02
1.201674e-02 9.096961e-01 1.300752e-01 4.362374e-02 1.647573e-02 -1.535005e-01 3.295546e-02 8.227005e-02 9.122100e-03 5.443064e-02 6.632374e-03 1.232067e-01 1.131756e-02
1.582692e-02 5.173389e-01 2.483960e-02 6.610384e-02 1.936515e-02 -5.556767e-02 1.743577e-02 8.057395e-02 8.876479e-03 4.518770e-02 5.151558e-03 1.118228e-01 3.822362e-03
2.344729e-03 1.041102e+00 2.600297e-01 9.128461e-02 1.326951e-02 -1.899153e-01 6.654177e-02 5.586430e-02 5.681274e-03 3.074808e-02 8.990275e-03 9.087098e-02 2.272173e-02
2.637820e-03 1.555381e+00 3.426619e-01 9.186384e-02 4.535824e-02 -3.439583e-01 7.629670e-02 6.421195e-02 3.909491e-03 3.750144e-02 9.906565e-03 1.422576e-01 2.110142e-02
3.517094e-03 1.663505e+00 3.764959e-01 1.152412e-01 4.266560e-02 -3.290405e-01 7.792115e-02 6.985249e-02 3.291202e-03 3.999659e-02 1.329899e-02 1.399516e-01 2.042372e-02
4.982549e-03 3.989409e-01 1.237143e-01 3.506299e-02 1.745366e-02 -7.544991e-02 2.353149e-02 6.595091e-02 2.203155e-03 5.148346e-02 8.961074e-03 8.458235e-02 1.222650e-02
7.034187e-03 6.703029e-01 1.954026e-01 6.440723e-02 1.508374e-02 -9.441208e-02 3.863075e-02 6.711458e-02 4.948746e-03 4.769137e-02 7.231899e-03 9.446364e-02 7.333456e-03
9.672007e-03 8.124205e-01 1.496591e-01 6.674518e-02 3.129184e-02 -1.243563e-01 2.776822e-02 5.771757e-02 4.201277e-03 3.763929e-02 8.430866e-03 1.021907e-01 1.650080e-02
1.289601e-02 1.038782e+00 1.682516e-01 7.491315e-02 2.414558e-02 -1.516776e-01 3.067312e-02 8.367900e-02 9.055084e-03 5.139795e-02 6.500063e-03 1.248127e-01 3.592970e-03
1.670619e-02 9.453530e-01 1.796322e-01 7.238256e-02 1.315689e-02 -1.219226e-01 3.458480e-02 1.003074e-01 5.160202e-03 5.541944e-02 5.189212e-03 1.349714e-01 1.620484e-02
3.810185e-03 7.698451e-01 7.143961e-02 6.836870e-02 1.445557e-02 -1.313624e-01 3.335693e-02 6.429439e-02 5.392082e-03 4.653419e-02 2.704967e-03 9.349156e-02 7.717759e-03
4.103276e-03 8.909180e-01 1.402536e-01 5.530039e-02 2.641524e-02 -1.916570e-01 2.173323e-02 5.206209e-02 4.744684e-03 3.562359e-02 9.116110e-03 1.011768e-01 1.009373e-02
4.982549e-03 5.744315e-01 1.042201e-01 6.456874e-02 2.285578e-02 -8.803882e-02 4.203852e-02 6.410422e-02 5.109072e-03 4.640025e-02 3.544193e-03 8.729003e-02 1.328304e-02
6.448005e-03 9.183732e-01 3.322034e-01 7.766281e-02 3.790696e-02 -1.474340e-01 4.237492e-02 7.612590e-02 3.406561e-03 5.247960e-02 1.053997e-02 1.056451e-01 5.795866e-03
8.499643e-03 1.097128e+00 2.273474e-01 8.405704e-02 2.567620e-02 -1.751785e-01 3.649019e-02 6.740582e-02 2.841099e-03 4.523965e-02 9.368056e-03 1.226263e-01 1.013621e-02
1.113746e-02 1.226049e+00 2.942576e-01 9.440775e-02 3.562625e-02 -2.014130e-01 6.491971e-02 7.425497e-02 8.398046e-03 4.185883e-02 3.775182e-03 1.282021e-01 1.979819e-02
1.436147e-02 1.161219e+00 2.913567e-01 5.702540e-02 3.381036e-02 -2.185485e-01 4.757678e-02 8.681302e-02 1.669424e-03 5.094759e-02 1.153507e-02 1.466149e-01 3.774934e-03
1.817165e-02 7.400542e-01 1.652506e-01 5.758998e-02 2.071408e-02 -1.006722e-01 4.081842e-02 8.734533e-02 1.001726e-02 4.435211e-02 4.609554e-03 1.312129e-01 1.417283e-02
5.861823e-03 8.229850e-01 2.091342e-01 8.457861e-02 2.677804e-02 -9.760570e-02 3.410890e-02 6.236651e-02 6.051962e-03 3.509182e-02 1.400899e-03 7.212928e-02 8.474259e-03
6.154914e-03 8.292076e-01 2.940583e-01 9.160761e-02 4.214972e-02 -1.186441e-01 3.405993e-02 6.629563e-02 8.742842e-03 3.798706e-02 1.045793e-02 8.797432e-02 1.295724e-02
7.034187e-03 1.016021e+00 2.799753e-01 9.580366e-02 3.306950e-02 -1.349276e-01 4.648609e-02 6.021481e-02 6.732275e-03 3.144403e-02 9.008188e-03 8.507857e-02 8.056298e-03
8.499643e-03 9.662184e-01 2.570761e-01 6.912913e-02 1.853063e-02 -1.674121e-01 4.386959e-02 6.721643e-02 6.221825e-03 3.921819e-02 8.842685e-03 1.062103e-01 5.754940e-03
1.055128e-02 6.015956e-01 2.638303e-02 4.961879e-02 1.668130e-02 -8.322618e-02 2.422682e-02 6.655601e-02 7.930766e-03 4.258387e-02 7.641281e-03 1.025170e-01 1.278271e-02
1.318910e-02 9.432026e-01 2.712698e-01 6.432674e-02 3.166954e-02 -1.358093e-01 3.588437e-02 8.306672e-02 6.744602e-03 5.210592e-02 4.689469e-03 1.204597e-01 6.012785e-03
1.641310e-02 7.976388e-01 1.593298e-01 7.040882e-02 2.769739e-02 -1.284418e-01 2.952006e-02 8.924766e-02 6.753632e-03 4.238182e-02 5.843170e-03 1.233179e-01 1.140410e-02
2.022329e-02 7.554543e-01 1.294089e-01 9.141858e-02 1.847456e-02 -8.017009e-02 1.477365e-02 9.830832e-02 7.790289e-03 3.692256e-02 8.439398e-03 1.344277e-01 5.076904e-03
8.499643e-03 1.210288e+00 2.053375e-01 9.016355e-02 2.885312e-02 -1.903144e-01 3.564990e-02 6.122747e-02 4.966001e-03 3.289539e-02 4.701473e-03 1.048021e-01 9.664331e-03
8.792734e-03 8.881919e-01 2.959649e-01 9.062538e-02 4.560832e-02 -1.164039e-01 1.685527e-02 6.655126e-02 8.174393e-03 3.862395e-02 4.336270e-03 9.519951e-02 1.605815e-03
9.672007e-03 7.866444e-01 1.788670e-01 9.748503e-02 2.254891e-02 -9.554467e-02 2.355599e-02 6.494490e-02 7.064355e-03 3.260660e-02 2.577818e-03 8.495959e-02 7.538641e-03
1.113746e-02 7.105315e-01 1.847176e-01 5.453474e-02 1.908920e-02 -8.266389e-02 2.982129e-02 6.726859e-02 2.988037e-03 4.189998e-02 2.873539e-03 9.318399e-02 5.668942e-03
1.318910e-02 8.279181e-01 1.919996e-01 1.275739e-01 3.598605e-02 -6.045643e-02 2.562437e-02 9.364321e-02 1.083730e-02 5.180283e-02 1.279782e-02 1.200924e-01 1.715818e-02
1.582692e-02 1.161647e+00 1.493630e-01 9.045683e-02 1.488467e-02 -1.436667e-01 6.078751e-02 7.140722e-02 1.972137e-03 2.339718e-02 5.249647e-03 1.166830e-01 1.269070e-02
1.905092e-02 9.533487e-01 1.502784e-01 6.733223e-02 1.095070e-02 -1.274203e-01 3.222523e-02 1.016893e-01 9.055432e-03 4.679464e-02 1.016826e-02 1.319136e-01 1.801150e-02
2.286111e-02 1.082604e+00 1.757090e-01 8.438086e-02 3.538976e-02 -1.315850e-01 1.769522e-02 1.115124e-01 8.807278e-03 4.292296e-02 1.016163e-02 1.606084e-01 1.473538e-02
1.172365e-02 6.247419e-01 1.409650e-01 7.128614e-02 8.982120e-03 -6.959117e-02 2.894444e-02 7.517309e-02 6.817352e-03 3.755141e-02 1.145660e-02 9.182053e-02 1.378705e-02
1.201674e-02 1.040140e+00 3.088329e-01 4.151694e-02 2.598059e-02 -2.079013e-01 5.394388e-02 6.575548e-02 6.489405e-03 3.933515e-02 6.258695e-03 1.276862e-01 1.235756e-02
1.289601e-02 8.262675e-01 8.769138e-02 5.041529e-02 2.094422e-02 -1.267111e-01 1.617143e-02 6.890076e-02 3.985810e-03 4.485171e-02 4.761416e-03 1.172328e-01 1.136680e-02
1.436147e-02 1.153355e+00 1.429313e-01 1.039052e-01 2.048753e-02 -1.263775e-01 2.394396e-02 9.283718e-02 7.089277e-03 5.098578e-02 5.072151e-03 1.213967e-01 1.172987e-02
1.641310e-02 8.740069e-01 2.080788e-01 4.860838e-02 1.006989e-02 -1.508425e-01 4.078572e-02 6.886077e-02 5.647739e-03 3.500232e-02 4.974714e-03 1.335973e-01 1.470446e-02
1.905092e-02 1.550243e+00 5.916754e-01 8.313540e-02 4.147954e-02 -2.295447e-01 1.062606e-01 9.884082e-02 1.184749e-02 4.777241e-02 1.056081e-02 1.564142e-01 1.818334e-02
2.227493e-02 1.125030e+00 1.277362e-01 7.854650e-02 7.372082e-03 -1.204400e-01 1.793513e-02 1.065434e-01 1.288135e-02 3.819512e-02 8.023805e-03 1.541300e-01 8.305772e-03
2.608511e-02 1.164063e+00 1.777712e-01 1.045354e-01 2.694753e-02 -9.863528e-02 3.129862e-02 1.333722e-01 8.168461e-03 4.556510e-02 1.300465e-02 1.799028e-01 1.331367e-02
1.553383e-02 1.286470e+00 2.280980e-01 1.181030e-01 3.941939e-02 -1.267889e-01 1.706313e-02 9.448715e-02 8.603866e-03 5.488401e-02 6.565858e-03 1.198293e-01 7.321106e-03
1.582692e-02 1.439130e+00 7.947118e-01 1.357796e-01 6.661391e-02 -1.360256e-01 7.501569e-02 8.831333e-02 5.974751e-03 3.945346e-02 1.001500e-02 1.171721e-01 5.728944e-03
1.670619e-02 8.713342e-01 1.284035e-01 6.913805e-02 1.905706e-02 -1.112326e-01 4.483147e-02 7.685410e-02 9.321011e-03 4.198589e-02 1.737288e-02 1.478832e-01 1.778865e-02
1.817165e-02 8.228308e-01 1.771690e-01 5.151333e-02 2.928611e-02 -1.026669e-01 2.760713e-02 9.440166e-02 5.153971e-03 4.825652e-02 8.993346e-03 1.391186e-01 1.456853e-02
2.022329e-02 8.695189e-01 1.208921e-01 7.557583e-02 1.753295e-02 -1.177597e-01 4.484098e-02 1.008369e-01 9.424079e-03 4.125843e-02 5.320287e-03 1.402013e-01 1.278356e-02
2.286111e-02 8.412395e-01 6.300013e-02 1.019632e-01 3.435161e-02 -5.171124e-02 2.749849e-02 1.208460e-01 1.034850e-02 4.706359e-02 6.824572e-03 1.619206e-01 1.232769e-02
2.608511e-02 7.568786e-01 1.137518e-01 6.355753e-02 2.500478e-02 -1.129345e-01 3.006949e-02 1.070763e-01 9.683730e-03 3.604272e-02 1.652046e-02 2.187057e-01 2.377561e-02
2.989530e-02 9.193974e-01 6.909641e-02 1.430359e-01 1.802981e-02 -7.349700e-02 3.045082e-02 1.513024e-01 1.354523e-02 2.531552e-02 1.059925e-02 1.976310e-01 1.476489e-02
2.637820e-03 7.198588e-01 2.934489e-01 7.293006e-02 3.285961e-02 -1.220999e-01 5.218897e-02 5.444772e-02 5.279582e-03 3.413668e-02 7.710869e-03 7.578797e-02 1.134221e-02
2.930911e-03 8.758647e-01 2.055465e-01 7.836245e-02 1.635845e-02 -1.635047e-01 5.467734e-02 7.217496e-02 9.631092e-03 5.235154e-02 6.714463e-03 1.098483e-01 2.102059e-02
3.810185e-03 8.013984e-01 1.751021e-01 1.003198e-01 2.805660e-02 -1.084914e-01 2.547039e-02 7.121345e-02 5.984898e-03 4.659597e-02 7.964366e-03 9.053892e-02 1.228167e-02
5.275640e-03 4.418059e-01 1.162679e-01 3.247039e-02 9.161236e-03 -7.025298e-02 3.126652e-02 5.655357e-02 4.829746e-03 4.109114e-02 4.250261e-03 7.229606e-02 8.399510e-03
7.327278e-03 1.621389e+00 4.093395e-01 1.524650e-01 4.013501e-02 -2.641090e-01 7.488214e-02 7.122514e-02 6.112763e-03 2.644932e-02 7.838605e-03 1.162364e-01 1.724911e-02
9.965098e-03 8.343071e-01 6.808735e-02 6.805573e-02 8.400679e-03 -1.282423e-01 1.869343e-02 6.672908e-02 5.082909e-03 4.065956e-02 3.846525e-03 1.043510e-01 8.022068e-03
1.318910e-02 1.248408e+00 2.190260e-01 1.032395e-01 3.233487e-02 -1.875261e-01 3.721621e-02 7.746172e-02 5.863418e-03 3.615270e-02 6.430060e-03 1.197224e-01 1.170352e-02
1.699929e-02 9.158463e-01 1.627473e-01 5.044488e-02 1.579064e-02 -1.087477e-01 3.793859e-02 8.083854e-02 3.369691e-03 4.564109e-02 5.036793e-03 1.339000e-01 1.278423e-02
2.930911e-03 6.935991e-01 2.014197e-01 3.382478e-02 2.969758e-02 -1.507083e-01 3.604314e-02 6.764478e-02 1.204010e-02 6.018283e-02 1.127411e-02 1.125890e-01 3.534115e-03
3.224002e-03 4.662851e-01 8.669811e-02 3.012245e-02 7.374108e-03 -8.303327e-02 2.031737e-02 4.665852e-02 7.926803e-03 3.960315e-02 8.233620e-03 7.160077e-02 5.665666e-03
4.103276e-03 1.641267e+00 4.648685e-01 1.449676e-01 4.428229e-02 -2.706967e-01 7.858341e-02 7.567730e-02 3.068933e-03 3.635462e-02 1.096984e-02 1.160987e-01 1.242805e-02
5.568732e-03 9.143289e-01 2.391460e-01 1.399268e-01 4.306269e-02 -7.636946e-02 3.091272e-02 7.639049e-02 1.213820e-02 4.033784e-02 7.639873e-03 7.353234e-02 5.369930e-03
7.620369e-03 9.525667e-01 1.306554e-01 8.143306e-02 1.098948e-02 -1.406593e-01 3.952896e-02 5.807874e-02 3.608901e-03 2.828844e-02 3.244389e-03 8.552611e-02 9.498378e-03
1.025819e-02 1.571050e+00 2.576797e-01 1.235324e-01 4.215102e-02 -2.415823e-01 7.872705e-02 7.223047e-02 1.390805e-02 2.891935e-02 4.415618e-03 1.133622e-01 2.333074e-02
1.348219e-02 1.456240e+00 3.518141e-01 1.602373e-01 5.003228e-02 -1.399691e-01 1.948400e-02 8.833002e-02 1.047432e-02 3.608232e-02 5.635065e-03 1.062665e-01 1.248388e-02
1.729238e-02 9.482896e-01 1.485733e-01 6.999978e-02 1.892451e-02 -1.266605e-01 3.834335e-02 8.610070e-02 1.064005e-02 4.797811e-02 8.529616e-03 1.486287e-01 1.146624e-02
3.810185e-03 1.158981e+00 2.033507e-01 6.694882e-02 1.170060e-02 -2.395265e-01 4.917630e-02 5.257110e-02 4.625407e-03 3.267185e-02 3.463758e-03 1.095279e-01 1.192616e-02
4.103276e-03 1.037151e+00 2.162961e-01 8.726039e-02 3.961647e-02 -1.668647e-01 6.259096e-02 6.806224e-02 3.682946e-03 4.646802e-02 6.828463e-03 1.018579e-01 2.054208e-02
4.982549e-03 1.031711e+00 4.327625e-01 9.598146e-02 3.557721e-02 -1.863222e-01 9.211895e-02 7.501933e-02 7.474908e-03 4.644316e-02 1.261997e-02 1.137181e-01 2.201271e-02
6.448005e-03 1.022395e+00 2.382052e-01 6.330939e-02 2.791667e-02 -1.893057e-01 4.418544e-02 6.200945e-02 5.084050e-03 4.037772e-02 7.143543e-03 1.102161e-01 1.552247e-02
8.499643e-03 9.099701e-01 9.980990e-02 7.909000e-02 1.685291e-02 -1.536845e-01 1.636862e-02 7.353643e-02 9.501477e-03 4.409957e-02 6.890498e-03 1.084992e-01 9.028072e-03
1.113746e-02 1.427963e+00 5.589975e-01 1.103312e-01 3.184418e-02 -1.942360e-01 7.815489e-02 6.147969e-02 4.320141e-03 2.636076e-02 6.339908e-03 1.054087e-01 1.414702e-02
1.436147e-02 1.317537e+00 3.236497e-01 7.676397e-02 2.055141e-02 -2.154362e-01 3.025823e-02 8.044167e-02 5.227756e-03 3.936783e-02 2.121418e-03 1.319122e-01 4.166202e-03
1.817165e-02 8.139593e-01 1.096181e-01 5.329428e-02 2.048838e-02 -1.139571e-01 2.623771e-02 8.607816e-02 7.567917e-03 5.106711e-02 1.059680e-02 1.319447e-01 1.485880e-02
5.275640e-03 1.747584e+00 4.046557e-01 9.821993e-02 2.664567e-02 -3.389268e-01 7.423240e-02 6.256028e-02 7.764514e-03 4.212905e-02 1.128361e-02 1.509550e-01 2.299885e-02
5.568732e-03 8.443985e-01 3.127303e-01 9.591101e-02 2.220916e-02 -1.082471e-01 6.477798e-02 6.388494e-02 5.822016e-03 3.788767e-02 9.273306e-03 8.063474e-02 1.359803e-02
6.448005e-03 6.317057e-01 1.672857e-01 5.833131e-02 1.760945e-02 -9.520820e-02 2.783542e-02 6.841803e-02 6.130608e-03 5.557363e-02 2.254332e-03 1.028893e-01 6.401660e-03
7.913461e-03 1.041467e+00 1.723900e-01 1.011356e-01 2.978476e-02 -1.367126e-01 2.814804e-02 6.641765e-02 5.477595e-03 3.538394e-02 3.836793e-03 9.348992e-02 6.397444e-03
9.965098e-03 1.092845e+00 3.263447e-01 7.054392e-02 2.553683e-02 -2.033194e-01 7.203932e-02 6.754311e-02 7.129258e-03 3.880766e-02 7.075473e-03 1.259085e-01 1.038421e-02
1.260292e-02 1.036368e+00 5.592634e-02 7.769202e-02 1.117125e-02 -1.526113e-01 2.760298e-02 6.385038e-02 6.222565e-03 3.314152e-02 1.550867e-03 1.051834e-01 9.069448e-03
1.582692e-02 1.266922e+00 1.202602e-01 9.866150e-02 3.019597e-02 -1.454027e-01 4.454660e-02 7.376318e-02 7.770038e-03 4.151366e-02 5.941477e-03 1.297355e-01 1.346747e-02
1.963711e-02 7.822101e-01 8.902282e-02 9.454590e-02 2.013802e-02 -7.353275e-02 2.235914e-02 9.706469e-02 8.399782e-03 4.184546e-02 8.812920e-03 1.245285e-01 1.110617e-02
7.327278e-03 1.124094e+00 2.146376e-01 1.000655e-01 1.414808e-02 -1.758968e-01 4.740251e-02 6.845785e-02 6.943752e-03 3.503657e-02 7.187292e-03 9.695002e-02 1.422436e-02
7.620369e-03 6.735396e-01 8.095993e-02 7.715063e-02 1.284278e-02 -9.319533e-02 1.859938e-02 6.479974e-02 5.809344e-03 3.505909e-02 5.864686e-03 8.091678e-02 1.034366e-02
8.499643e-03 6.006915e-01 1.175725e-01 6.612492e-02 2.143284e-02 -7.471738e-02 2.105502e-02 6.844040e-02 1.101540e-02 4.103665e-02 5.784519e-03 8.852474e-02 8.773703e-03
9.965098e-03 5.551683e-01 8.068844e-02 4.410926e-02 1.242439e-02 -9.473384e-02 2.656550e-02 6.192274e-02 7.519831e-03 4.161416e-02 6.476372e-03 9.865514e-02 7.145162e-03
1.201674e-02 1.052870e+00 2.275220e-01 1.087624e-01 2.239645e-02 -1.464560e-01 6.002061e-02 9.013195e-02 1.075562e-02 4.691674e-02 6.581726e-03 1.125242e-01 1.368108e-02
1.465456e-02 1.296352e+00 2.049787e-01 1.590828e-01 5.560913e-02 -8.903507e-02 2.269193e-02 8.911946e-02 9.036123e-03 3.932670e-02 4.838259e-03 1.095890e-01 9.621049e-03
1.787856e-02 1.631876e+00 3.355767e-01 1.496373e-01 3.727860e-02 -1.701336e-01 5.776807e-02 8.807341e-02 2.770694e-03 3.329541e-02 7.816137e-03 1.391181e-01 9.763485e-03
2.168874e-02 9.988929e-01 2.081358e-01 8.899908e-02 3.319837e-02 -1.207190e-01 2.540469e-02 1.021658e-01 1.045572e-02 5.543151e-02 1.243325e-02 1.830249e-01 2.369189e-02
9.965098e-03 7.548019e-01 1.960239e-01 1.040594e-01 4.020692e-02 -8.438558e-02 3.051226e-02 7.472677e-02 1.168608e-02 4.252090e-02 4.862670e-03 9.626655e-02 6.662222e-03
1.025819e-02 9.830094e-01 2.230074e-01 7.381605e-02 3.493377e-02 -1.518375e-01 3.868838e-02 7.864379e-02 6.750187e-03 4.935472e-02 7.706637e-03 1.138559e-01 1.333854e-02
1.113746e-02 1.021583e+00 3.447058e-01 6.417093e-02 3.197815e-02 -1.610255e-01 4.633273e-02 6.033044e-02 7.983385e-03 4.032834e-02 5.215073e-03 1.182618e-01 1.410351e-02
1.260292e-02 1.316412e+00 1.683200e-01 9.942017e-02 2.499658e-02 -1.790247e-01 3.149270e-02 8.108228e-02 9.335665e-03 4.478647e-02 7.266716e-03 1.285572e-01 1.018718e-02
1.465456e-02 8.975850e-01 1.182782e-01 7.606796e-02 2.758663e-02 -1.356019e-01 3.587555e-02 8.860539e-02 1.215876e-02 5.012158e-02 1.032985e-02 1.362940e-01 1.311581e-02
1.729238e-02 1.365700e+00 6.488309e-02 1.174846e-01 4.210401e-02 -1.472290e-01 4.968689e-02 9.163776e-02 7.945402e-03 3.747765e-02 9.769672e-03 1.244711e-01 2.039218e-02
2.051638e-02 8.152091e-01 1.594401e-01 6.492033e-02 2.094440e-02 -7.176043e-02 3.817449e-02 8.249673e-02 5.843661e-03 4.947799e-02 7.245835e-03 1.532744e-01 1.224146e-02
2.432656e-02 8.744848e-01 9.144084e-02 6.576087e-02 1.550613e-02 -8.077347e-02 3.562841e-02 1.143848e-01 1.145309e-02 4.244325e-02 9.785811e-03 1.526551e-01 1.418756e-02
1.318910e-02 9.384083e-01 2.702406e-01 8.703072e-02 4.778094e-02 -1.248346e-01 4.754786e-02 7.904405e-02 8.214415e-03 4.237724e-02 9.509069e-03 1.143736e-01 1.411319e-02
1.348219e-02 1.068501e+00 1.129862e-01 9.593028e-02 1.415879e-02 -1.679959e-01 1.990355e-02 8.009190e-02 5.238906e-03 4.580114e-02 5.568320e-03 1.328509e-01 6.655345e-03
1.436147e-02 1.046345e+00 2.030243e-01 8.007405e-02 3.015272e-02 -1.349542e-01 5.556806e-02 7.968838e-02 4.280573e-03 5.188796e-02 1.104709e-02 1.458944e-01 1.983727e-02
1.582692e-02 8.924796e-01 1.608124e-01 7.218852e-02 2.223906e-02 -1.425774e-01 2.391629e-02 7.967134e-02 4.487223e-03 4.554906e-02 8.949952e-03 1.323064e-01 7.730778e-03
1.787856e-02 9.651432e-01 1.186895e-01 9.561667e-02 2.463446e-02 -7.335116e-02 2.189570e-02 7.736269e-02 5.183658e-03 3.701037e-02 1.162657e-02 1.203357e-01 7.365194e-03
2.051638e-02 1.034368e+00 7.237778e-02 1.007533e-01 2.990989e-02 -9.360026e-02 2.189186e-02 1.006565e-01 3.529002e-03 4.782929e-02 6.494650e-03 1.420851e-01 1.162122e-02
2.374038e-02 9.246650e-01 1.304185e-01 9.350355e-02 1.762385e-02 -6.941648e-02 4.574912e-02 1.001983e-01 1.630959e-02 3.061429e-02 1.525880e-02 1.531512e-01 1.801277e-02
2.755057e-02 1.162738e+00 1.384046e-01 1.033000e-01 2.230613e-02 -1.702999e-01 3.212888e-02 1.239740e-01 6.641572e-03 3.734102e-02 1.043364e-02 1.946765e-01 2.065082e-02
1.699929e-02 6.528118e-01 7.437882e-02 4.855611e-02 1.455597e-02 -9.454371e-02 9.741038e-03 8.827844e-02 5.204608e-03 4.364310e-02 6.999732e-03 1.264431e-01 1.524116e-02
1.729238e-02 7.710651e-01 1.163719e-01 7.251959e-02 1.872669e-02 -1.015893e-01 4.770887e-03 9.131631e-02 5.725066e-03 4.692301e-02 7.919122e-03 1.301246e-01 1.011860e-02
1.817165e-02 1.056169e+00 2.415158e-01 6.550008e-02 3.144391e-02 -1.248522e-01 2.327173e-02 9.064821e-02 8.624405e-03 4.091356e-02 5.665737e-03 1.267888e-01 1.256022e-02
1.963711e-02 1.282591e+00 2.062103e-01 1.067434e-01 1.077463e-02 -1.191340e-01 4.200162e-02 1.156682e-01 1.935208e-02 5.478189e-02 1.519650e-02 1.506143e-01 1.242793e-02
2.168874e-02 8.785188e-01 7.963141e-02 6.894228e-02 3.451414e-02 -1.278651e-01 3.857602e-02 1.121191e-01 8.989556e-03 4.607866e-02 5.274432e-03 1.504288e-01 1.775994e-02
2.432656e-02 1.047681e+00 8.136091e-02 5.713669e-02 1.625868e-02 -1.148951e-01 3.326960e-02 1.038655e-01 1.195932e-02 4.779107e-02 9.241843e-03 1.744071e-01 1.978656e-02
2.755057e-02 1.004909e+00 1.091054e-01 6.748287e-02 2.311985e-02 -8.900564e-02 2.524505e-02 1.280222e-01 1.242844e-02 6.639187e-02 7.791841e-03 2.122768e-01 2.514988e-02
3.136075e-02 1.321354e+00 1.988414e-01 1.024720e-01 2.473134e-02 -1.272553e-01 5.556512e-02 1.487189e-01 1.073631e-02 6.666733e-02 1.917299e-02 2.406404e-01 4.042878e-02
4.689458e-03 7.495026e-01 1.736778e-01 4.988063e-02 2.068356e-02 -1.437995e-01 3.468731e-02 5.644834e-02 4.226482e-03 4.412274e-02 5.798867e-03 9.871327e-02 6.502601e-03
4.982549e-03 1.114648e+00 2.028910e-01 1.073018e-01 2.068635e-02 -1.596507e-01 3.499787e-02 6.769090e-02 3.875210e-03 4.220524e-02 5.879578e-03 9.689717e-02 6.244063e-03
5.861823e-03 1.857038e+00 4.080958e-01 1.554562e-01 5.136357e-02 -3.002515e-01 6.794951e-02 7.843189e-02 9.818971e-03 3.074927e-02 4.720379e-03 1.190859e-01 1.453705e-02
7.327278e-03 7.606170e-01 1.465236e-01 7.592113e-02 1.414150e-02 -1.067335e-01 4.661490e-02 7.572635e-02 6.663261e-03 5.876297e-02 1.027660e-02 1.163279e-01 2.717779e-02
9.378916e-03 9.095146e-01 2.719051e-01 8.389289e-02 3.716258e-02 -9.772502e-02 2.479076e-02 7.219989e-02 7.938666e-03 4.536653e-02 6.912904e-03 9.888439e-02 7.946114e-03
1.201674e-02 9.328620e-01 6.635911e-02 6.872969e-02 2.731484e-02 -1.443914e-01 4.748858e-02 7.346498e-02 4.292002e-03 4.398626e-02 4.058548e-03 1.233780e-01 1.236719e-02
1.524074e-02 5.515325e-01 7.253745e-02 4.132412e-02 2.363330e-02 -9.159730e-02 2.110855e-02 7.577119e-02 2.268957e-03 4.614879e-02 1.063910e-02 1.170646e-01 1.551798e-02
1.905092e-02 9.249100e-01 2.052551e-01 8.319472e-02 2.711017e-02 -1.268027e-01 4.423905e-02 7.549480e-02 4.863344e-03 3.772099e-02 7.207794e-03 1.385159e-01 1.430110e-02
4.982549e-03 1.169256e+00 1.765224e-01 1.193261e-01 2.210364e-02 -1.871219e-01 5.271731e-02 5.650081e-02 2.802475e-03 2.050570e-02 6.619438e-03 8.355155e-02 1.821760e-02
5.275640e-03 6.131063e-01 5.376326e-02 5.872220e-02 1.509745e-02 -1.122315e-01 1.793605e-02 5.416051e-02 6.363867e-03 3.460644e-02 5.453741e-03 7.977289e-02 8.412656e-03
6.154914e-03 1.054393e+00 8.426054e-02 1.110616e-01 2.517244e-02 -1.624003e-01 1.285186e-02 7.095334e-02 3.467052e-03 4.403407e-02 1.132130e-02 1.090412e-01 1.310841e-02
7.620369e-03 7.729320e-01 8.376495e-02 4.831945e-02 2.193750e-02 -1.262666e-01 2.569593e-02 6.469937e-02 1.326893e-03 4.882134e-02 3.237833e-03 1.012410e-01 9.381464e-03
9.672007e-03 1.153732e+00 3.086959e-01 9.461124e-02 2.689290e-02 -1.615204e-01 5.533721e-02 7.986794e-02 7.057079e-03 4.947726e-02 1.011168e-02 1.116383e-01 5.194163e-03
1.230983e-02 6.897612e-01 4.836440e-02 4.072276e-02 2.255321e-02 -1.140710e-01 2.402217e-02 7.534541e-02 7.171232e-03 4.671191e-02 6.463931e-03 1.075466e-01 9.562543e-03
1.553383e-02 1.221481e+00 2.557181e-01 9.119696e-02 1.856690e-02 -1.975848e-01 5.432118e-02 8.363905e-02 1.120991e-02 2.923691e-02 8.429708e-03 1.270477e-01 1.815781e-02
1.934401e-02 1.129498e+00 2.478906e-01 1.023369e-01 3.328259e-02 -1.059622e-01 2.513645e-02 9.643572e-02 9.129269e-03 5.335944e-02 8.148305e-03 1.487941e-01 1.067186e-02
5.861823e-03 6.763824e-01 2.169815e-01 8.360752e-02 3.319173e-02 -8.076420e-02 2.238273e-02 7.278738e-02 6.106693e-03 4.091962e-02 1.578789e-03 7.151718e-02 6.289259e-03
6.154914e-03 1.277822e+00 3.643309e-01 7.194192e-02 3.856388e-02 -2.440733e-01 6.320836e-02 6.940090e-02 8.371461e-03 4.706924e-02 6.111013e-03 1.298683e-01 1.627046e-02
7.034187e-03 5.228552e-01 4.780943e-02 2.799440e-02 1.747823e-02 -9.858905e-02 1.909410e-02 6.333430e-02 3.723670e-03 5.410420e-02 6.903075e-03 1.049324e-01 1.274520e-02
8.499643e-03 7.865901e-01 2.871157e-02 7.618896e-02 2.169926e-02 -1.079530e-01 2.730434e-02 8.022221e-02 6.215236e-03 5.455223e-02 4.180292e-03 1.021145e-01 9.482913e-03
1.055128e-02 8.041068e-01 1.682319e-01 8.048495e-02 2.364147e-02 -9.808215e-02 2.977698e-02 7.206195e-02 5.677235e-03 4.265635e-02 3.388918e-03 1.024058e-01 1.156625e-02
1.318910e-02 7.964700e-01 5.725510e-02 4.689868e-02 2.380037e-02 -1.063435e-01 1.922602e-02 8.148863e-02 4.590526e-03 5.886512e-02 5.891814e-03 1.165709e-01 8.952614e-03
1.641310e-02 1.447360e+00 4.155804e-01 1.295007e-01 3.348866e-02 -1.513331e-01 8.512455e-02 8.580669e-02 6.674784e-03 4.097171e-02 9.592696e-03 1.294761e-01 1.578130e-02
2.022329e-02 9.170640e-01 1.429686e-01 6.238262e-02 7.818126e-03 -6.888009e-02 2.064254e-02 8.598563e-02 7.753572e-03 4.982772e-02 6.340761e-03 1.440559e-01 8.227992e-03
7.327278e-03 7.550840e-01 1.722334e-01 7.395652e-02 1.202878e-02 -1.049441e-01 3.739259e-02 6.707783e-02 3.066523e-03 4.092263e-02 3.591921e-03 8.436099e-02 7.026611e-03
7.620369e-03 6.554483e-01 2.148866e-01 7.013089e-02 2.271811e-02 -7.664477e-02 2.254806e-02 6.376144e-02 7.104482e-03 4.086520e-02 6.579151e-03 7.637639e-02 7.987290e-03
8.499643e-03 9.765293e-01 2.381929e-01 5.944214e-02 2.375975e-02 -1.771904e-01 4.722857e-02 6.467597e-02 6.374302e-04 4.774476e-02 1.177883e-02 1.217632e-01 1.034685e-02
9.965098e-03 1.006902e+00 1.503699e-01 7.008579e-02 1.724773e-02 -1.694513e-01 2.909527e-02 6.920057e-02 9.961602e-03 3.966731e-02 5.140068e-03 1.129872e-01 1.088288e-02
1.201674e-02 6.951088e-01 1.998486e-01 7.245264e-02 3.839720e-02 -7.316883e-02 1.821797e-02 8.783971e-02 1.040888e-02 5.697569e-02 5.656036e-03 1.068252e-01 1.504967e-02
1.465456e-02 7.124882e-01 1.406994e-01 7.724326e-02 2.289839e-02 -6.410879e-02 4.345800e-03 8.285996e-02 8.315092e-03 5.589507e-02 1.234228e-02 1.172385e-01 9.491603e-03
1.787856e-02 1.042782e+00 2.201178e-01 8.679223e-02 1.856746e-02 -1.543516e-01 5.354198e-02 8.425762e-02 9.142898e-03 4.468423e-02 7.654232e-03 1.503343e-01 1.725117e-02
2.168874e-02 6.881621e-01 8.517781e-02 6.602891e-02 1.646882e-02 -9.046977e-02 3.823090e-02 9.722672e-02 6.885739e-03 3.989317e-02 9.710308e-03 1.545843e-01 1.564497e-02
9.378916e-03 9.916992e-01 3.304761e-01 5.957103e-02 1.764024e-02 -1.662663e-01 6.287458e-02 6.476649e-02 4.940229e-03 4.176821e-02 5.196737e-03 1.168333e-01 1.570275e-02
9.672007e-03 6.730342e-01 1.132125e-01 4.623422e-02 2.506275e-02 -1.010143e-01 2.433028e-02 6.962736e-02 5.129677e-03 4.861764e-02 5.081538e-03 9.832508e-02 1.029145e-02
1.055128e-02 9.397154e-01 2.258099e-01 8.471536e-02 2.583243e-02 -1.350550e-01 3.287445e-02 8.307898e-02 7.099074e-03 5.484820e-02 1.083035e-02 1.210528e-01 7.914561e-03
1.201674e-02 8.821642e-01 8.513713e-02 8.105929e-02 1.927006e-02 -1.311009e-01 2.206125e-02 7.176366e-02 1.149654e-02 3.838559e-02 7.634473e-03 1.107658e-01 1.348801e-02
1.406837e-02 9.310884e-01 2.911557e-01 9.432983e-02 2.060665e-02 -1.128057e-01 5.022449e-02 7.784150e-02 8.882667e-03 4.766758e-02 5.334804e-03 1.254177e-01 1.281499e-02
1.670619e-02 9.421133e-01 1.927132e-01 7.990032e-02 2.020968e-02 -9.064666e-02 3.194885e-02 7.019251e-02 5.339015e-03 4.612037e-02 9.380425e-03 1.365620e-01 1.346830e-02
1.993020e-02 1.145603e+00 2.929612e-01 4.815410e-02 2.986715e-02 -1.518139e-01 4.442870e-02 8.999585e-02 9.515810e-03 4.488139e-02 8.390072e-03 1.578656e-01 1.908665e-02
2.374038e-02 9.085795e-01 1.520782e-01 8.459495e-02 3.599968e-02 -1.006506e-01 1.428139e-02 1.099115e-01 1.199961e-02 4.411116e-02 5.949179e-03 1.732883e-01 1.050427e-02
1.201674e-02 1.105145e+00 2.890918e-01 8.681234e-02 2.932846e-02 -1.420221e-01 4.217286e-02 6.928006e-02 4.958793e-03 3.718548e-02 6.914478e-03 1.104624e-01 1.071700e-02
1.230983e-02 1.306720e+00 2.299572e-01 1.166139e-01 3.191063e-02 -1.922980e-01 3.745375e-02 7.390688e-02 5.601557e-03 3.526429e-02 1.030411e-02 1.216154e-01 6.776349e-03
1.318910e-02 1.206106e+00 1.621925e-01 1.256342e-01 2.748588e-02 -1.615415e-01 2.947165e-02 7.717177e-02 4.593943e-03 3.061046e-02 4.750891e-03 1.066965e-01 8.527319e-03
1.465456e-02 1.027547e+00 3.101135e-01 1.081157e-01 4.871194e-02 -1.229324e-01 4.071200e-02 7.929407e-02 3.922363e-03 3.713542e-02 9.760745e-03 1.217992e-01 1.027132e-02
1.670619e-02 1.131879e+00 2.053737e-01 6.290231e-02 2.977553e-02 -1.832959e-01 6.232834e-02 8.935761e-02 7.960366e-03 5.208548e-02 5.832853e-03 1.547627e-01 1.675121e-02
1.934401e-02 9.177114e-01 1.664503e-01 6.706362e-02 3.228082e-03 -9.507725e-02 2.016286e-02 8.778062e-02 5.890212e-03 3.798755e-02 7.242058e-03 1.356719e-01 9.519818e-03
2.256802e-02 1.131879e+00 2.876540e-01 1.068751e-01 3.014237e-02 -8.839850e-02 3.818389e-02 1.000652e-01 9.001854e-03 3.833163e-02 9.418261e-03 1.456976e-01 1.600535e-02
2.637820e-02 7.136386e-01 1.340898e-01 4.900117e-02 2.088884e-02 -5.957016e-02 3.052939e-02 1.327700e-01 1.149918e-02 5.878806e-02 1.080438e-02 1.647993e-01 2.280284e-02
1.524074e-02 1.145465e+00 1.997647e-01 1.016727e-01 1.882877e-02 -1.618910e-01 4.085669e-02 8.863517e-02 9.392694e-03 3.679901e-02 5.881615e-03 1.166285e-01 9.874508e-03
1.553383e-02 6.008557e-01 6.530514e-02 4.825106e-02 1.993726e-02 -9.033635e-02 1.536299e-02 8.089533e-02 1.141882e-02 4.203675e-02 5.922027e-03 1.162432e-01 1.083380e-02
1.641310e-02 1.092299e+00 2.781757e-01 8.499661e-02 3.077237e-02 -9.715577e-02 4.735253e-02 8.038138e-02 6.979575e-03 4.828349e-02 5.291397e-03 1.162267e-01 1.257530e-02
1.787856e-02 8.148737e-01 1.248002e-01 7.306318e-02 1.611620e-02 -8.952231e-02 2.129399e-02 9.300327e-02 6.371785e-03 4.585866e-02 8.980814e-03 1.162315e-01 1.006775e-02
1.993020e-02 9.017290e-01 2.313749e-01 8.037437e-02 4.092084e-02 -8.820705e-02 4.884603e-02 9.860292e-02 1.628543e-02 5.562809e-02 7.239848e-03 1.593787e-01 2.474885e-02
2.256802e-02 1.195877e+00 1.941306e-01 7.822487e-02 3.488703e-02 -2.208408e-01 2.476108e-02 9.949458e-02 1.182644e-02 4.533110e-02 8.355160e-03 2.008986e-01 1.623312e-02
2.579202e-02 1.364794e+00 2.620254e-01 1.203874e-01 2.689994e-02 -1.605320e-01 3.657556e-02 1.163730e-01 1.010427e-02 3.730925e-02 1.192740e-02 1.790454e-01 8.898383e-03
2.960220e-02 1.096277e+00 2.578141e-01 1.145997e-01 2.922548e-02 -1.292395e-01 3.724025e-02 1.600529e-01 1.066077e-02 3.646731e-02 1.135451e-02 1.900172e-01 2.419656e-02
1.905092e-02 6.747708e-01 1.636202e-01 5.353007e-02 1.731357e-02 -8.814778e-02 2.528252e-02 1.058123e-01 5.936131e-03 5.362773e-02 5.839687e-03 1.315753e-01 1.191775e-02
1.934401e-02 1.112244e+00 2.284900e-01 9.018473e-02 2.697345e-02 -1.455357e-01 4.231257e-02 1.067132e-01 9.204036e-03 5.935805e-02 4.663307e-03 1.629184e-01 1.586793e-02
2.022329e-02 1.074717e+00 1.956924e-01 1.329221e-01 2.212585e-02 -5.592554e-02 2.376810e-02 1.133918e-01 8.586685e-03 6.710995e-02 8.978415e-03 1.569617e-01 1.494762e-02
2.168874e-02 8.657938e-01 1.788290e-01 7.317483e-02 2.428427e-02 -4.956628e-02 2.101427e-02 1.143753e-01 1.097136e-02 5.113342e-02 1.038348e-02 1.509042e-01 5.455766e-03
2.374038e-02 1.110845e+00 1.659227e-01 9.421838e-02 3.819754e-02 -1.518115e-01 1.390396e-02 1.056294e-01 1.360699e-02 4.779597e-02 8.813440e-03 1.819650e-01 1.770761e-02
2.637820e-02 1.003941e+00 1.624369e-01 6.490219e-02 1.774077e-02 -8.557855e-02 2.154687e-02 1.131502e-01 9.031442e-03 4.411670e-02 8.649968e-03 1.623248e-01 6.236898e-03
2.960220e-02 1.087257e+00 1.735642e-01 7.302481e-02 1.000704e-02 -1.559383e-01 4.577340e-02 1.348265e-01 1.774075e-02 2.246658e-02 2.832777e-03 2.067224e-01 8.244823e-03
3.341239e-02 7.431492e-01 5.736373e-02 3.612675e-02 1.199898e-02 -6.996106e-02 2.099855e-02 1.423711e-01 1.102685e-02 2.924746e-02 1.159773e-02 2.027727e-01 1.006724e-02
7.327278e-03 1.178884e+00 3.088629e-01 1.008438e-01 3.438186e-02 -1.875543e-01 4.853876e-02 7.244393e-02 7.386581e-03 3.663387e-02 5.724489e-03 1.018390e-01 1.260535e-02
7.620369e-03 9.136936e-01 2.521127e-01 6.108906e-02 2.594245e-02 -1.613881e-01 5.277885e-02 5.787146e-02 6.019792e-03 3.844260e-02 7.856145e-03 1.064555e-01 1.381811e-02
8.499643e-03 1.501719e+00 6.652276e-01 1.499549e-01 5.170445e-02 -2.142224e-01 1.346014e-01 8.082143e-02 3.551298e-03 3.655177e-02 1.567483e-02 1.134460e-01 2.180791e-02
9.965098e-03 9.508155e-01 2.105030e-01 9.848515e-02 1.916097e-02 -1.161055e-01 4.501179e-02 7.979718e-02 4.256120e-03 4.783201e-02 4.831446e-03 1.093665e-01 9.066091e-03
1.201674e-02 7.793259e-01 1.471051e-01 8.010837e-02 1.545874e-02 -1.000293e-01 3.272000e-02 7.681723e-02 8.576210e-03 4.544037e-02 3.098222e-03 1.113181e-01 7.330267e-03
1.465456e-02 1.135321e+00 1.879294e-01 1.053686e-01 2.993594e-02 -1.520620e-01 3.153847e-02 8.662674e-02 9.856759e-03 4.059073e-02 7.356520e-03 1.197923e-01 1.290439e-02
1.787856e-02 9.387202e-01 1.535294e-01 1.051641e-01 2.053997e-02 -6.517529e-02 2.312412e-02 8.547924e-02 9.170918e-03 3.996343e-02 9.813462e-03 1.235075e-01 1.214863e-02
2.168874e-02 6.974869e-01 1.388585e-01 5.548606e-02 2.245995e-02 -8.087236e-02 1.891076e-02 7.942090e-02 2.945234e-03 3.787690e-02 6.647908e-03 1.475225e-01 1.081961e-02
7.620369e-03 1.241508e+00 2.857232e-01 9.636831e-02 3.109358e-02 -2.165133e-01 5.400626e-02 7.609667e-02 3.570315e-03 4.844465e-02 5.865689e-03 1.316147e-01 1.220277e-02
7.913461e-03 1.494579e+00 3.489408e-01 1.336502e-01 2.440255e-02 -2.341884e-01 6.467410e-02 6.941186e-02 5.619907e-03 3.022433e-02 5.111337e-03 1.115918e-01 1.650345e-02
8.792734e-03 9.780871e-01 2.245309e-01 7.952662e-02 3.831481e-02 -1.491072e-01 1.371473e-02 7.017786e-02 8.457431e-03 4.182118e-02 1.097285e-02 1.064474e-01 1.254809e-02
1.025819e-02 1.266711e+00 3.336311e-01 1.099664e-01 2.862953e-02 -1.888686e-01 5.498423e-02 7.756368e-02 5.331024e-03 4.109189e-02 1.098990e-02 1.195007e-01 8.386324e-03
1.230983e-02 8.379448e-01 1.229433e-01 8.439253e-02 1.705143e-02 -1.103939e-01 1.949582e-02 7.462150e-02 6.170036e-03 3.723449e-02 7.955355e-03 9.965374e-02 8.072034e-03
1.494765e-02 1.227545e+00 1.561144e-01 1.245188e-01 2.954745e-02 -1.145698e-01 2.594960e-02 1.003494e-01 8.791409e-03 5.944429e-02 1.176837e-02 1.355315e-01 1.641243e-02
1.817165e-02 1.243159e+00 3.069628e-01 9.001517e-02 2.785791e-02 -1.835223e-01 4.855837e-02 8.433615e-02 7.714008e-03 3.343757e-02 7.918368e-03 1.410558e-01 1.025471e-02
2.198183e-02 7.781424e-01 1.361208e-01 6.023224e-02 3.222321e-02 -9.999929e-02 1.528084e-02 1.046137e-01 7.373832e-03 4.982806e-02 1.517353e-02 1.567674e-01 1.457945e-02
8.499643e-03 1.210015e+00 1.490028e-01 1.108465e-01 2.823052e-02 -1.862459e-01 2.754843e-02 6.947906e-02 5.576486e-03 3.732532e-02 9.595826e-03 1.151969e-01 8.768515e-03
8.792734e-03 5.670074e-01 9.887900e-02 5.373084e-02 1.350986e-02 -8.381089e-02 2.496199e-02 6.998300e-02 4.898903e-03 4.589435e-02 3.703659e-03 9.306715e-02 9.153137e-03
9.672007e-03 7.218546e-01 2.801905e-01 7.880728e-02 2.403696e-02 -1.066740e-01 5.207360e-02 7.494043e-02 6.365918e-03 4.891953e-02 9.278641e-03 1.149304e-01 1.073305e-02
1.113746e-02 7.874358e-01 1.019856e-01 6.876213e-02 8.990221e-03 -1.210027e-01 2.427653e-02 8.062809e-02 6.398256e-03 4.817855e-02 6.221514e-03 1.029505e-01 8.192358e-03
1.318910e-02 9.615630e-01 1.899462e-01 6.378640e-02 1.008758e-02 -1.535768e-01 4.273169e-02 8.712337e-02 3.769460e-03 4.674402e-02 4.008151e-03 1.186390e-01 1.188065e-02
1.582692e-02 8.945631e-01 1.940113e-01 7.747863e-02 2.474805e-02 -1.095555e-01 3.306484e-02 6.656851e-02 3.869894e-03 3.115664e-02 6.068614e-03 1.062699e-01 4.128337e-03
1.905092e-02 1.206054e+00 2.071317e-01 9.307193e-02 3.825128e-02 -1.759932e-01 1.978300e-02 8.744770e-02 8.915199e-03 2.668463e-02 8.482828e-03 1.343941e-01 7.571082e-03
2.286111e-02 9.834777e-01 1.386905e-01 9.364986e-02 1.470392e-02 -7.399451e-02 5.939995e-02 1.069042e-01 8.277890e-03 4.678823e-02 7.410283e-03 1.515482e-01 1.381044e-02
9.965098e-03 9.062295e-01 1.831605e-01 7.336278e-02 2.392109e-02 -1.245919e-01 1.495901e-02 6.684111e-02 9.256836e-03 4.999020e-02 6.411187e-03 1.178960e-01 1.205197e-02
1.025819e-02 1.631318e+00 3.347714e-01 1.178993e-01 4.000156e-02 -2.520503e-01 5.838789e-02 7.802282e-02 6.363958e-03 4.581421e-02 8.363537e-03 1.401813e-01 8.924628e-03
1.113746e-02 8.749213e-01 3.375889e-01 1.030101e-01 3.228141e-02 -9.195814e-02 6.420943e-02 8.204720e-02 8.572815e-03 4.293006e-02 1.277473e-02 9.817763e-02 7.481420e-03
1.260292e-02 8.412289e-01 1.438743e-01 5.283876e-02 2.787931e-02 -1.305906e-01 2.204626e-02 7.481348e-02 7.509183e-03 5.263489e-02 6.639522e-03 1.365914e-01 1.426554e-02
1.465456e-02 9.859608e-01 3.621107e-01 8.665981e-02 3.127613e-02 -1.430581e-01 4.499585e-02 7.739433e-02 1.122092e-02 3.764561e-02 3.696680e-03 1.305875e-01 1.209574e-02
1.729238e-02 8.195381e-01 8.585279e-02 4.736687e-02 2.676609e-02 -1.340043e-01 7.784524e-03 7.488681e-02 5.988364e-03 4.809422e-02 6.299547e-03 1.533028e-01 5.604107e-03
2.051638e-02 8.923049e-01 1.246030e-01 7.830173e-02 1.514803e-02 -9.427856e-02 1.102321e-02 8.781273e-02 9.531950e-03 4.063876e-02 7.581167e-03 1.467963e-01 4.682318e-03
2.432656e-02 1.067236e+00 8.496724e-02 9.917700e-02 1.939366e-02 -1.028735e-01 2.648053e-02 9.565371e-02 1.132387e-02 2.129245e-02 2.421294e-03 1.684634e-01 1.935059e-02
1.201674e-02 1.211643e+00 2.420360e-01 8.234159e-02 4.110874e-02 -1.959154e-01 3.771665e-02 6.865417e-02 3.112084e-03 4.188699e-02 8.223899e-03 1.361995e-01 1.551644e-02
1.230983e-02 6.703956e-01 1.109917e-01 6.848215e-02 2.728203e-02 -9.308909e-02 1.479282e-02 8.130308e-02 1.348233e-02 5.160957e-02 6.514308e-03 1.078163e-01 1.048045e-02
1.318910e-02 6.413031e-01 5.940718e-02 4.955187e-02 1.109604e-02 -9.938045e-02 8.482825e-03 6.881392e-02 3.571995e-03 4.139269e-02 8.451060e-03 1.095009e-01 5.152316e-03
1.465456e-02 7.702546e-01 1.307814e-01 9.023389e-02 1.892129e-02 -6.842148e-02 1.963623e-02 7.942164e-02 6.175904e-03 4.642375e-02 5.032912e-03 1.157785e-01 1.620040e-02
1.670619e-02 1.096191e+00 2.712551e-01 1.197755e-01 3.654225e-02 -1.057343e-01 4.041737e-02 9.276350e-02 5.119169e-03 3.476822e-02 1.268173e-02 1.012612e-01 1.025065e-02
1.934401e-02 8.149781e-01 1.202461e-01 7.909333e-02 9.888217e-03 -4.281424e-02 2.879388e-02 8.853545e-02 3.937290e-03 5.100400e-02 6.539916e-03 1.267003e-01 1.418913e-02
2.256802e-02 1.343238e+00 2.491973e-01 1.292973e-01 3.244735e-02 -1.578158e-01 4.940575e-02 9.833828e-02 6.085515e-03 4.145244e-02 9.103796e-03 1.768266e-01 9.335240e-03
2.637820e-02 7.403828e-01 8.076673e-02 7.660319e-02 2.536517e-02 -7.571217e-02 2.989781e-02 1.320207e-01 1.557165e-02 6.257049e-02 1.243724e-02 2.031282e-01 9.064936e-03
1.465456e-02 9.775693e-01 9.840447e-02 7.926401e-02 2.684142e-02 -1.083343e-01 3.478837e-02 7.958597e-02 7.625163e-03 3.989177e-02 5.707932e-03 1.047740e-01 9.131275e-03
1.494765e-02 6.874552e-01 1.520440e-01 4.134325e-02 2.432128e-02 -1.067435e-01 2.258508e-02 7.410333e-02 5.408903e-03 4.506277e-02 3.433750e-03 1.151370e-01 1.039718e-02
1.582692e-02 9.594252e-01 2.637808e-01 5.518379e-02 1.703258e-02 -1.757972e-01 4.511113e-02 8.143440e-02 7.081925e-03 3.951719e-02 7.870056e-03 1.290110e-01 1.104320e-02
1.729238e-02 8.612223e-01 1.681047e-01 5.570346e-02 3.296405e-02 -9.879631e-02 1.936730e-02 7.700125e-02 8.787083e-03 4.574194e-02 1.175287e-02 1.186029e-01 2.012546e-02
1.934401e-02 7.957042e-01 2.451112e-01 5.659414e-02 1.847583e-02 -8.009304e-02 3.560349e-02 8.914314e-02 5.482154e-04 3.874476e-02 9.871615e-03 1.327484e-01 1.420536e-02
2.198183e-02 1.251894e+00 1.940623e-01 5.589669e-02 2.045899e-02 -1.658797e-01 2.808301e-02 1.064591e-01 6.219468e-03 5.543026e-02 7.105407e-03 1.804939e-01 7.832489e-03
2.520584e-02 1.185111e+00 2.405402e-01 7.132745e-02 2.898014e-02 -1.115324e-01 2.684274e-02 1.275483e-01 1.631648e-02 4.341102e-02 1.305298e-02 1.993431e-01 1.279246e-02
2.901602e-02 8.154045e-01 1.570708e-01 7.810069e-02 1.654875e-02 -7.448528e-02 3.976860e-02 1.489510e-01 1.435929e-02 4.543115e-02 4.652969e-03 2.015934e-01 1.378111e-02
1.787856e-02 1.328958e+00 2.131196e-01 1.294176e-01 4.113350e-02 -1.608476e-01 2.429340e-02 9.438260e-02 9.154955e-03 3.246988e-02 3.101738e-03 1.401505e-01 7.579951e-03
1.817165e-02 1.159475e+00 1.222259e-01 8.207106e-02 2.596875e-02 -1.384258e-01 1.858834e-02 8.666522e-02 6.532794e-03 5.582132e-02 5.220406e-03 1.547454e-01 1.112454e-02
1.905092e-02 8.687418e-01 1.474727e-01 3.590725e-02 1.541593e-02 -1.167181e-01 3.093185e-02 7.525671e-02 6.159218e-03 3.492482e-02 3.275927e-03 1.250093e-01 6.374458e-03
2.051638e-02 9.163150e-01 1.322686e-01 6.843536e-02 3.395481e-02 -9.889651e-02 2.745629e-02 1.098423e-01 1.011988e-02 4.783168e-02 1.114509e-02 1.320971e-01 9.812099e-03
2.256802e-02 9.594395e-01 1.014025e-01 1.901893e-02 1.495852e-02 -1.354594e-01 1.756191e-02 8.660371e-02 6.022860e-03 3.126700e-02 9.293406e-03 1.427143e-01 1.149705e-02
2.520584e-02 8.616131e-01 1.203139e-01 9.750018e-02 2.526117e-02 -4.750616e-02 4.666890e-02 1.111405e-01 1.458643e-02 4.797324e-02 6.052698e-03 1.639375e-01 2.255207e-02
2.842984e-02 9.354476e-01 2.024431e-01 7.671829e-02 3.574373e-02 -1.294813e-01 3.126690e-02 1.404489e-01 1.348332e-02 4.079695e-02 1.035173e-02 2.154413e-01 1.742340e-02
3.224002e-02 1.040950e+00 1.492122e-01 9.693380e-02 2.661286e-02 -9.410322e-02 4.138866e-02 1.700959e-01 1.721020e-02 2.566431e-02 1.126981e-02 2.316228e-01 1.947551e-02
2.168874e-02 9.081321e-01 1.730790e-01 9.674540e-02 1.468710e-02 -6.130742e-02 4.033944e-02 1.030358e-01 9.237537e-03 4.529597e-02 1.479939e-02 1.418724e-01 1.762985e-02
2.198183e-02 1.103177e+00 1.859817e-01 5.848752e-02 1.687570e-02 -1.165028e-01 2.743379e-02 9.175193e-02 1.037165e-02 4.270484e-02 5.018771e-03 1.542119e-01 1.563616e-02
2.286111e-02 8.046798e-01 1.264536e-01 7.554641e-02 2.069198e-02 -1.216479e-01 2.137779e-02 1.062128e-01 1.013506e-02 5.771587e-02 8.809292e-03 1.874004e-01 2.030742e-02
2.432656e-02 1.125451e+00 2.875716e-01 1.132277e-01 2.594160e-02 -1.386167e-01 3.349357e-02 1.231380e-01 1.274572e-02 4.945260e-02 7.021974e-03 1.772923e-01 7.398072e-03
2.637820e-02 6.942672e-01 9.412560e-02 5.632454e-02 7.662697e-03 -8.697161e-02 2.226849e-02 1.106594e-01 1.970306e-02 4.904641e-02 1.455439e-02 1.955563e-01 1.568416e-02
2.901602e-02 9.035137e-01 1.911804e-01 4.695273e-02 1.830289e-02 -1.103593e-01 2.514980e-02 1.195103e-01 6.198390e-03 2.489502e-02 9.630979e-03 2.145650e-01 1.036758e-02
3.224002e-02 8.995794e-01 1.031707e-01 9.893954e-02 3.121537e-02 -2.970569e-02 2.906655e-02 1.638968e-01 1.894636e-02 3.487333e-02 5.190314e-03 2.180387e-01 1.151918e-02
3.605021e-02 9.031361e-01 8.972469e-02 8.398001e-02 4.627162e-02 -5.247997e-02 3.007730e-02 1.841685e-01 9.178260e-03 8.819502e-03 1.292606e-02 2.325467e-01 2.230746e-02
1.055128e-02 9.737433e-01 2.581952e-01 7.816463e-02 2.463535e-02 -1.685913e-01 3.966231e-02 6.937976e-02 4.454197e-03 3.820514e-02 6.963518e-03 1.104105e-01 6.908222e-03
1.084437e-02 7.208069e-01 5.841676e-02 8.470485e-02 1.650997e-02 -7.662807e-02 1.798971e-02 5.670758e-02 5.456405e-03 2.646276e-02 3.487716e-03 7.940304e-02 7.865589e-03
1.172365e-02 8.696585e-01 1.600669e-01 5.067496e-02 2.311534e-02 -1.273494e-01 1.290728e-02 7.203752e-02 7.523564e-03 4.641316e-02 5.773266e-03 1.090205e-01 7.401530e-03
1.318910e-02 7.069375e-01 1.203121e-01 6.193126e-02 2.256489e-02 -8.507185e-02 2.109506e-02 8.073632e-02 6.725823e-03 5.462509e-02 5.517713e-03 1.168762e-01 5.345610e-03
1.524074e-02 7.220659e-01 1.574682e-01 8.678580e-02 1.555197e-02 -5.456940e-02 1.921574e-02 9.909747e-02 6.925188e-03 6.059455e-02 8.809539e-03 1.295308e-01 9.593130e-03
1.787856e-02 1.048673e+00 1.950228e-01 1.333575e-01 3.508394e-02 -5.668133e-02 2.484620e-02 1.069410e-01 8.165425e-03 5.851958e-02 5.494574e-03 1.320103e-01 9.103929e-03
2.110256e-02 9.072696e-01 1.299914e-01 1.061821e-01 3.274191e-02 -5.705023e-02 3.009072e-02 1.172574e-01 1.115053e-02 4.950081e-02 4.487741e-03 1.353339e-01 7.341417e-03
2.491275e-02 1.035912e+00 1.385616e-01 9.272537e-02 2.652770e-02 -1.187169e-01 2.979807e-02 1.036338e-01 6.593009e-03 3.095074e-02 7.208352e-03 1.603826e-01 1.485366e-02
1.084437e-02 7.079551e-01 1.866968e-01 6.326143e-02 2.215458e-02 -1.113688e-01 2.083756e-02 6.543944e-02 1.211915e-02 3.813690e-02 7.774837e-03 1.056806e-01 6.502108e-03
1.113746e-02 5.457200e-01 8.724103e-02 5.160841e-02 2.361010e-02 -7.553333e-02 2.640802e-02 5.870404e-02 5.178036e-03 4.261762e-02 3.797032e-03 9.758256e-02 6.192606e-03
1.201674e-02 5.504642e-01 1.668533e-01 3.644120e-02 2.353511e-02 -7.741868e-02 3.967202e-02 7.844323e-02 7.154705e-03 5.302556e-02 4.915854e-03 9.485642e-02 7.127162e-03
1.348219e-02 1.206721e+00 3.240832e-01 7.965235e-02 3.754014e-02 -1.936908e-01 4.979863e-02 8.816864e-02 7.456375e-03 4.964643e-02 1.446487e-02 1.406765e-01 1.484995e-02
1.553383e-02 1.619743e+00 4.058601e-01 1.274075e-01 4.303709e-02 -2.016271e-01 5.964616e-02 8.753687e-02 6.243069e-03 4.262308e-02 8.808308e-03 1.344647e-01 1.166059e-02
1.817165e-02 9.054416e-01 1.641084e-01 7.657438e-02 2.396535e-02 -1.237408e-01 1.773037e-02 9.111730e-02 6.760930e-03 4.793685e-02 7.421689e-03 1.320195e-01 1.438318e-02
2.139565e-02 9.177178e-01 6.974779e-02 7.287431e-02 2.372132e-02 -1.224385e-01 1.965164e-02 9.864866e-02 1.133114e-02 4.465774e-02 4.186644e-03 1.596294e-01 1.564812e-02
2.520584e-02 7.992698e-01 1.219713e-01 8.355710e-02 2.157212e-02 -1.108448e-01 2.131582e-02 1.135621e-01 1.194330e-02 5.302372e-02 9.894645e-03 1.908606e-01 1.705704e-02
1.172365e-02 1.491635e+00 2.630560e-01 1.209142e-01 2.702835e-02 -2.259339e-01 5.567663e-02 7.628910e-02 6.830811e-03 3.581822e-02 5.944144e-03 1.298258e-01 1.235925e-02
1.201674e-02 1.237258e+00 2.188288e-01 9.580499e-02 9.609368e-03 -1.887476e-01 4.973907e-02 7.090015e-02 3.334903e-03 3.720151e-02 4.281796e-03 1.199169e-01 1.047961e-02
1.289601e-02 1.050734e+00 2.386251e-01 1.249724e-01 2.810467e-02 -9.816304e-02 2.694997e-02 7.431086e-02 6.463428e-03 2.862267e-02 3.468696e-03 9.051314e-02 6.774660e-03
1.436147e-02 7.162353e-01 5.057073e-02 4.668218e-02 1.291693e-02 -1.023293e-01 1.401160e-02 7.096257e-02 6.063409e-03 4.659617e-02 3.953421e-03 1.252012e-01 7.004614e-03
1.641310e-02 7.498526e-01 1.814605e-01 7.710221e-02 1.846490e-02 -8.053441e-02 3.410932e-02 8.135215e-02 6.419237e-03 4.198789e-02 8.857569e-03 1.107076e-01 8.597900e-03
1.905092e-02 9.884079e-01 1.713287e-01 9.502460e-02 1.746181e-02 -8.654966e-02 5.229188e-02 8.765509e-02 7.489716e-03 4.419708e-02 6.204032e-03 1.320647e-01 1.767663e-02
2.227493e-02 8.332411e-01 1.008064e-01 7.930654e-02 1.917957e-02 -9.357349e-02 3.483362e-02 1.004168e-01 7.201527e-03 3.600126e-02 1.290638e-02 1.454468e-01 1.791310e-02
2.608511e-02 1.009241e+00 2.188278e-01 1.051935e-01 3.434412e-02 -7.647130e-02 4.021197e-02 1.055113e-01 6.771552e-03 2.950702e-02 1.057265e-02 1.777095e-01 1.371275e-02
1.318910e-02 1.014684e+00 1.434470e-01 7.885970e-02 2.281864e-02 -1.057746e-01 2.301963e-02 6.507112e-02 9.143095e-03 3.594613e-02 7.234564e-03 1.033402e-01 7.569529e-03
1.348219e-02 1.354125e+00 3.012735e-01 9.735847e-02 2.255171e-02 -1.984866e-01 5.193978e-02 7.680414e-02 6.670562e-03 4.338228e-02 7.801827e-03 1.406388e-01 1.763332e-02
1.436147e-02 1.351067e+00 4.643185e-01 1.230570e-01 5.940215e-02 -1.826738e-01 5.362941e-02 7.587231e-02 8.180150e-03 3.513307e-02 9.074328e-03 1.320161e-01 6.776917e-03
1.582692e-02 1.022175e+00 1.614552e-01 5.721765e-02 1.182673e-02 -1.357326e-01 2.122746e-02 8.215444e-02 1.140613e-02 4.899015e-02 6.027877e-03 1.373576e-01 7.894251e-03
1.787856e-02 1.222619e+00 1.292153e-01 9.546342e-02 2.246204e-02 -1.204711e-01 3.985268e-02 9.235187e-02 1.047655e-02 5.015420e-02 5.476048e-03 1.336622e-01 7.352064e-03
2.051638e-02 1.112929e+00 1.196067e-01 8.205165e-02 1.891438e-02 -1.181735e-01 3.016386e-02 9.227883e-02 2.220299e-03 4.372589e-02 3.929735e-03 1.387223e-01 8.580883e-03
2.374038e-02 6.020409e-01 3.746479e-02 4.537080e-02 1.778328e-02 -5.107502e-02 2.076589e-02 9.752784e-02 1.204684e-02 4.099378e-02 1.087331e-02 1.765688e-01 1.873574e-02
2.755057e-02 1.027847e+00 2.927067e-01 1.170103e-01 3.070843e-02 -7.506775e-02 4.271474e-02 1.175994e-01 7.452501e-03 3.637209e-02 1.400044e-02 1.810556e-01 1.552281e-02
1.524074e-02 1.528543e+00 1.542604e-01 1.204112e-01 2.659213e-02 -1.794499e-01 3.472555e-02 8.053208e-02 3.392950e-03 3.679018e-02 4.663583e-03 1.254401e-01 7.865316e-03
1.553383e-02 1.250883e+00 2.573559e-01 9.553476e-02 2.656881e-02 -1.565356e-01 5.210775e-02 8.010285e-02 5.981730e-03 3.943641e-02 4.417999e-03 1.147229e-01 1.267878e-02
1.641310e-02 7.985723e-01 2.542562e-01 2.750618e-02 6.721626e-03 -1.312516e-01 4.142603e-02 6.736326e-02 3.615750e-03 3.925631e-02 5.027835e-03 1.274719e-01 1.220109e-02
1.787856e-02 1.561975e+00 2.266861e-01 1.679555e-01 3.936537e-02 -1.897869e-01 2.460749e-02 9.512283e-02 1.443983e-02 3.623720e-02 1.137048e-02 1.378906e-01 1.646895e-02
1.993020e-02 9.062390e-01 2.188479e-01 8.071727e-02 2.217744e-02 -9.418486e-02 2.397484e-02 8.120825e-02 1.233249e-02 4.901932e-02 1.432902e-02 1.356494e-01 1.936510e-02
2.256802e-02 8.993019e-01 1.843247e-01 9.799302e-02 2.329778e-02 -1.208102e-01 2.487274e-02 1.071436e-01 1.349366e-02 4.332244e-02 1.287617e-02 1.611574e-01 2.331543e-02
2.579202e-02 1.184052e+00 1.789761e-01 1.476127e-01 3.408364e-02 -1.247478e-01 3.384393e-02 1.194781e-01 1.243806e-02 3.393861e-02 3.813621e-03 1.812627e-01 2.097068e-02
2.960220e-02 9.122922e-01 2.928914e-01 3.136621e-02 1.207638e-02 -1.570597e-01 8.525397e-02 1.351570e-01 7.941817e-03 6.700010e-02 1.792196e-02 2.555481e-01 3.450335e-02
1.787856e-02 1.013354e+00 1.697073e-01 1.119282e-01 2.053443e-02 -1.100230e-01 2.840205e-02 9.027781e-02 6.820041e-03 3.598067e-02 1.031714e-02 1.333486e-01 2.532277e-02
1.817165e-02 9.958949e-01 9.814598e-02 1.162475e-01 1.458093e-02 -8.303730e-02 1.740579e-02 1.027391e-01 6.595319e-03 6.346794e-02 8.827470e-03 1.514178e-01 1.307166e-02
1.905092e-02 1.035929e+00 2.468951e-01 5.821425e-02 1.932808e-02 -1.441841e-01 4.700703e-02 9.780662e-02 4.753660e-03 5.313507e-02 6.161127e-03 1.659916e-01 1.032630e-02
2.051638e-02 9.428670e-01 1.288393e-01 1.034263e-01 2.417250e-02 -8.820822e-02 3.943310e-02 1.009916e-01 9.927373e-03 4.716242e-02 4.654658e-03 1.336731e-01 6.751769e-03
2.256802e-02 1.113271e+00 2.206090e-01 5.432108e-02 3.602177e-02 -1.467798e-01 5.352088e-02 1.045048e-01 5.902822e-03 5.235406e-02 5.474425e-03 1.659809e-01 1.375818e-02
2.520584e-02 9.715073e-01 2.310258e-01 6.712175e-02 1.893491e-02 -1.325328e-01 3.618123e-02 1.141293e-01 1.339858e-02 5.170935e-02 6.452333e-03 1.820060e-01 2.219908e-02
2.842984e-02 9.375528e-01 1.323687e-01 7.291098e-02 2.537402e-02 -1.175555e-01 4.355097e-02 1.161021e-01 1.601364e-02 3.800198e-02 6.094900e-03 2.122524e-01 1.859145e-02
3.224002e-02 6.231525e-01 8.031017e-02 9.090435e-02 3.680216e-02 1.441653e-03 1.542401e-02 1.486604e-01 1.701831e-02 3.895649e-02 8.592938e-03 2.006247e-01 2.386244e-02
2.110256e-02 1.140361e+00 3.191584e-01 9.379221e-02 7.210151e-02 -1.461061e-01 2.944073e-02 9.635668e-02 7.631590e-03 4.986090e-02 1.317389e-02 1.849226e-01 2.113683e-02
2.139565e-02 6.604288e-01 5.548993e-02 6.461284e-02 1.210725e-02 -1.089099e-01 4.332012e-02 1.045654e-01 1.386774e-02 5.499255e-02 1.077276e-02 1.659146e-01 2.893980e-02
2.227493e-02 1.676131e+00 1.838655e-01 1.083314e-01 1.736045e-02 -2.291224e-01 3.844137e-02 1.191840e-01 1.502759e-02 5.647747e-02 1.094805e-02 1.874843e-01 2.062242e-02
2.374038e-02 1.109959e+00 2.239116e-01 5.119378e-02 5.127420e-03 -1.304778e-01 3.731050e-02 9.930151e-02 8.362615e-03 3.387968e-02 9.841301e-03 1.503394e-01 1.201693e-02
2.579202e-02 1.142941e+00 2.570360e-01 1.387496e-01 3.075382e-02 -1.225292e-01 3.243037e-02 1.163449e-01 1.210600e-02 2.967165e-02 7.883992e-03 1.734627e-01 1.314384e-02
2.842984e-02 9.083575e-01 1.809005e-01 4.847972e-02 1.538287e-02 -9.788310e-02 5.088709e-02 1.114081e-01 6.531423e-03 4.536433e-02 7.967274e-03 1.851901e-01 2.516693e-02
3.165384e-02 7.186457e-01 4.953058e-02 6.964692e-02 1.073065e-02 -2.975936e-02 2.044881e-02 1.677923e-01 1.337366e-02 3.455030e-02 1.003870e-02 2.254311e-01 2.481378e-02
3.546403e-02 1.111145e+00 1.101655e-01 1.441651e-01 3.143913e-02 -7.188114e-02 1.940486e-02 1.714798e-01 1.243058e-02 1.802661e-02 1.180971e-02 2.366839e-01 6.581966e-03
2.491275e-02 8.807989e-01 1.212312e-01 8.497054e-02 1.082263e-02 -7.291650e-02 3.096209e-02 1.209762e-01 9.721794e-03 3.766430e-02 3.183553e-03 1.463647e-01 1.076336e-02
2.520584e-02 7.843951e-01 8.800272e-02 7.549451e-02 2.573566e-02 -7.791308e-02 2.085618e-02 9.989426e-02 7.732449e-03 2.807926e-02 9.306072e-03 1.543084e-01 1.654087e-02
2.608511e-02 1.168922e+00 1.908198e-01 5.936783e-02 1.310927e-02 -1.217253e-01 4.973866e-02 1.221580e-01 1.363100e-02 4.136188e-02 8.469753e-03 1.794576e-01 1.817234e-02
2.755057e-02 9.268562e-01 3.561551e-02 5.000187e-02 2.750902e-02 -8.317176e-02 7.127932e-03 1.077789e-01 9.461163e-03 3.014735e-02 5.366292e-03 1.623433e-01 1.140071e-02
2.960220e-02 1.217814e+00 2.798859e-01 1.304792e-01 3.452027e-02 -1.468896e-01 3.343809e-02 1.517530e-01 1.216959e-02 4.026679e-02 7.973752e-03 2.088464e-01 1.531544e-02
3.224002e-02 9.706527e-01 1.099065e-01 1.091495e-01 2.203347e-02 -7.769907e-02 3.116716e-02 1.868867e-01 1.158583e-02 2.842005e-02 8.848913e-03 2.297515e-01 1.323219e-02
3.546403e-02 1.042605e+00 1.600944e-01 1.857133e-01 6.132919e-02 -7.374892e-02 2.102049e-02 2.034264e-01 3.414006e-02 7.638248e-03 2.149298e-02 2.520805e-01 3.085346e-02
3.927421e-02 9.652295e-01 1.685960e-01 6.589389e-02 3.446342e-02 -4.262993e-02 4.413961e-02 2.351713e-01 2.095726e-02 -8.791505e-03 1.293279e-02 3.458039e-01 3.337746e-02
1.436147e-02 1.039482e+00 2.041704e-01 3.244791e-02 3.312811e-02 -1.828732e-01 4.397202e-02 6.827354e-02 7.088927e-03 3.616099e-02 9.514256e-03 1.254741e-01 1.462696e-02
1.465456e-02 9.765766e-01 2.239039e-01 9.640887e-02 2.808583e-02 -1.173832e-01 3.303936e-02 9.393369e-02 5.715219e-03 4.660888e-02 6.325175e-03 1.197190e-01 6.398865e-03
1.553383e-02 9.368566e-01 1.350326e-01 6.372005e-02 2.500943e-02 -1.143879e-01 3.933846e-02 7.553034e-02 4.952197e-03 3.991117e-02 3.957416e-03 1.152461e-01 9.742636e-03
1.699929e-02 8.598619e-01 1.957962e-01 9.153015e-02 1.739525e-02 -7.195485e-02 1.952684e-02 9.574350e-02 1.126063e-02 5.866691e-02 8.766576e-03 1.393467e-01 1.244805e-02
1.905092e-02 6.970903e-01 6.515582e-02 7.725497e-02 1.599424e-02 -5.068157e-02 2.461197e-02 9.518079e-02 7.892151e-03 4.494401e-02 4.448487e-03 1.212696e-01 6.356947e-03
2.168874e-02 9.273232e-01 9.039180e-02 5.629595e-02 1.465481e-02 -1.152533e-01 2.557930e-02 8.325987e-02 7.509045e-03 4.005385e-02 8.140285e-03 1.489987e-01 6.449986e-03
2.491275e-02 8.905955e-01 1.641304e-01 5.580794e-02 3.088427e-02 -1.465222e-01 5.719368e-02 1.060568e-01 1.288324e-02 4.119624e-02 5.877750e-03 2.030872e-01 3.797650e-02
2.872293e-02 9.834484e-01 1.181895e-01 6.649890e-02 3.849787e-02 -8.437463e-02 4.471076e-02 1.413138e-01 1.374748e-02 5.322017e-02 1.827311e-02 2.064288e-01 1.311023e-02
1.465456e-02 8.380044e-01 1.439411e-01 2.967587e-02 2.205749e-02 -1.172085e-01 3.249082e-02 6.720093e-02 6.111521e-03 3.397225e-02 5.382475e-03 9.265138e-02 1.289180e-02
1.494765e-02 1.185689e+00 1.800506e-01 1.103807e-01 3.007530e-02 -1.541270e-01 5.283228e-02 8.111215e-02 4.304826e-03 4.357516e-02 3.291742e-03 1.358537e-01 2.297798e-02
1.582692e-02 1.113615e+00 1.890593e-01 5.672516e-02 2.202735e-02 -1.567812e-01 5.388479e-02 6.775917e-02 6.241895e-03 4.009598e-02 5.004152e-03 1.357290e-01 1.475410e-02
1.729238e-02 8.140576e-01 1.695769e-01 1.132486e-01 3.064441e-02 -5.487983e-02 2.865942e-02 1.038108e-01 1.479679e-02 5.378486e-02 7.278821e-03 1.375101e-01 9.036413e-03
1.934401e-02 9.523560e-01 1.257383e-01 2.934618e-02 3.550633e-02 -1.822501e-01 1.990054e-02 8.035188e-02 8.590117e-03 4.456914e-02 6.529412e-03 1.451932e-01 1.895207e-02
2.198183e-02 1.018513e+00 1.998637e-01 6.942342e-02 2.417983e-02 -8.186731e-02 2.325583e-02 1.005843e-01 1.119338e-02 3.747145e-02 1.432444e-02 1.286736e-01 1.264149e-02
2.520584e-02 5.412872e-01 9.633532e-02 1.925539e-02 1.847967e-02 -6.946333e-02 2.341005e-02 1.267618e-01 8.997403e-03 4.145456e-02 1.104047e-02 1.648996e-01 1.580116e-02
2.901602e-02 1.066049e+00 1.273518e-01 8.645363e-02 3.103316e-02 -1.115811e-01 2.669772e-02 1.393298e-01 8.597945e-03 4.066316e-02 1.003339e-02 2.169703e-01 2.030676e-02
1.553383e-02 9.176682e-01 1.230863e-01 5.402999e-02 1.715632e-02 -1.482620e-01 2.149663e-02 7.335314e-02 2.820595e-03 3.777582e-02 8.016448e-03 1.284210e-01 1.027727e-02
1.582692e-02 1.017868e+00 1.507480e-01 8.240061e-02 3.979391e-02 -1.408516e-01 3.391386e-02 8.718570e-02 1.026209e-02 4.817919e-02 1.270798e-02 1.293533e-01 1.060861e-02
1.670619e-02 9.233168e-01 2.371197e-01 5.877095e-02 2.212331e-02 -1.527316e-01 3.892012e-02 8.287252e-02 9.798828e-03 4.928576e-02 1.132463e-02 1.522491e-01 1.658638e-02
1.817165e-02 8.097037e-01 1.395768e-01 6.221547e-02 2.229121e-02 -9.409895e-02 4.574679e-02 7.973910e-02 2.158358e-03 5.136801e-02 5.981893e-03 1.451260e-01 1.537939e-02
2.022329e-02 6.520508e-01 9.421550e-02 3.817490e-02 1.209988e-02 -1.147009e-01 2.775328e-02 9.511068e-02 7.991211e-03 4.724455e-02 8.332024e-03 1.524238e-01 1.058111e-02
2.286111e-02 1.246275e+00 2.381005e-01 6.420800e-02 7.000848e-03 -1.161603e-01 1.840785e-02 9.461903e-02 5.422327e-03 3.416054e-02 4.240872e-03 1.522376e-01 8.002977e-03
2.608511e-02 1.107017e+00 1.155905e-01 6.994384e-02 2.159188e-02 -1.284427e-01 2.847412e-02 9.837591e-02 9.101810e-03 1.905251e-02 1.152646e-02 1.893629e-01 8.079845e-03
2.989530e-02 7.832502e-01 1.345995e-01 5.566816e-02 8.098716e-03 -8.740941e-02 1.504806e-02 1.355482e-01 1.719889e-02 3.095502e-02 4.394703e-03 2.024174e-01 1.501428e-02
1.699929e-02 1.039683e+00 3.281850e-01 1.009072e-01 3.796552e-02 -1.255133e-01 4.327589e-02 9.055298e-02 5.551341e-03 3.223728e-02 1.137229e-02 1.032728e-01 5.085494e-03
1.729238e-02 1.225014e+00 8.431797e-02 1.119992e-01 2.241239e-02 -1.358163e-01 1.950730e-02 1.026159e-01 1.044482e-02 5.547844e-02 8.806959e-03 1.337200e-01 8.634976e-03
1.817165e-02 1.068360e+00 2.078492e-01 9.966149e-02 1.068626e-02 -1.095710e-01 4.666675e-02 1.036161e-01 9.273219e-03 5.494697e-02 8.711244e-03 1.287845e-01 1.139618e-02
1.963711e-02 8.243056e-01 2.089665e-01 8.086217e-02 4.257976e-02 -7.186484e-02 1.117747e-02 9.461971e-02 1.050608e-02 4.619601e-02 6.509446e-03 1.282982e-01 2.220994e-03
2.168874e-02 8.649021e-01 1.311936e-01 6.924390e-02 3.265229e-02 -1.062208e-01 2.832119e-02 1.123185e-01 7.654399e-03 5.589059e-02 1.068670e-02 1.458829e-01 2.163702e-02
2.432656e-02 1.165220e+00 6.935688e-02 8.055866e-02 1.344686e-02 -1.320177e-01 2.526531e-02 1.210608e-01 9.895698e-03 4.557978e-02 1.425575e-02 1.703614e-01 1.880372e-02
2.755057e-02 9.000734e-01 1.134553e-01 8.321842e-02 1.520084e-02 -7.045792e-02 2.639579e-02 1.333358e-01 2.302156e-02 5.021178e-02 1.794073e-02 1.725601e-01 1.966124e-02
3.136075e-02 1.104267e+00 1.852478e-01 8.148870e-02 3.351309e-02 -7.345669e-02 2.916067e-02 1.658089e-01 1.783884e-02 3.151968e-02 9.860920e-03 2.362881e-01 2.690956e-02
1.905092e-02 1.064595e+00 2.836649e-01 8.702384e-02 2.538702e-02 -1.420096e-01 4.690607e-02 1.051847e-01 8.901707e-03 4.119688e-02 1.312905e-02 1.388474e-01 1.595773e-02
1.934401e-02 1.056071e+00 1.980870e-01 7.478589e-02 2.655348e-02 -1.676005e-01 3.608670e-02 8.212593e-02 1.287813e-02 3.565051e-02 9.811542e-03 1.487983e-01 9.672367e-03
2.022329e-02 1.238332e+00 2.476908e-01 8.391109e-02 1.368666e-02 -1.445577e-01 4.887617e-02 8.518159e-02 1.043289e-02 3.667179e-02 7.764177e-03 1.349760e-01 1.877591e-02
2.168874e-02 1.083551e+00 1.265708e-01 1.187197e-01 2.677679e-02 -7.995014e-02 3.375384e-02 9.072942e-02 8.694063e-03 3.883034e-02 7.594621e-03 1.496162e-01 2.103404e-02
2.374038e-02 1.224078e+00 1.777050e-01 9.432001e-02 2.070642e-02 -7.911244e-02 2.567033e-02 9.984915e-02 9.558816e-03 4.178524e-02 7.023354e-03 1.597430e-01 1.480020e-02
2.637820e-02 8.408279e-01 8.828325e-02 8.114872e-02 2.911153e-02 -8.285959e-02 4.927369e-02 1.097728e-01 1.329381e-02 4.607583e-02 6.183260e-03 2.129644e-01 1.676396e-02
2.960220e-02 1.089417e+00 1.783920e-01 5.825613e-02 4.154784e-02 -1.220640e-01 4.252071e-02 1.558775e-01 1.456977e-02 7.002636e-02 6.760096e-03 2.065692e-01 1.050070e-02
3.341239e-02 9.120841e-01 8.353863e-02 2.483623e-02 3.451667e-02 -1.681993e-01 7.392877e-02 1.603074e-01 1.938949e-02 3.299103e-02 8.999221e-03 2.746428e-01 5.743219e-02
2.168874e-02 9.188378e-01 1.638995e-01 7.728205e-02 2.409979e-02 -9.976415e-02 2.244088e-02 9.437602e-02 7.697535e-03 3.540145e-02 2.185614e-03 1.394866e-01 1.153518e-02
2.198183e-02 6.696247e-01 1.214865e-01 2.887046e-02 1.718101e-02 -8.438635e-02 1.637643e-02 1.056350e-01 7.899661e-03 5.439966e-02 3.767155e-03 1.550450e-01 4.088134e-03
2.286111e-02 8.647359e-01 9.003708e-02 6.819075e-02 1.624442e-02 -6.320288e-02 2.127603e-02 1.043866e-01 8.339274e-03 4.112590e-02 9.854431e-03 1.539474e-01 1.287857e-02
2.432656e-02 8.958207e-01 1.318529e-01 6.537214e-02 2.380605e-02 -8.857112e-02 3.074488e-02 1.017425e-01 9.336508e-03 3.346355e-02 6.253333e-03 1.309542e-01 1.098765e-02
2.637820e-02 1.160758e+00 2.660014e-01 1.149157e-01 4.145162e-02 -8.451778e-02 1.292035e-02 1.225671e-01 1.046022e-02 3.988909e-02 1.212316e-02 1.853323e-01 1.883873e-02
2.901602e-02 9.849741e-01 1.480456e-01 6.642999e-02 2.412840e-02 -1.033738e-01 6.957822e-02 1.279588e-01 9.974820e-03 5.704873e-02 1.018321e-02 2.524967e-01 4.538225e-02
3.224002e-02 9.669753e-01 1.159608e-01 1.271186e-01 2.002593e-02 -5.488378e-02 3.870868e-02 1.676174e-01 1.588028e-02 4.186223e-02 4.627240e-03 2.372799e-01 9.169082e-03
3.605021e-02 8.978800e-01 2.083322e-01 1.065728e-01 5.242897e-02 -1.022959e-01 2.211156e-02 1.909911e-01 1.548016e-02 4.885546e-02 8.465453e-03 2.486673e-01 1.830532e-02
2.491275e-02 7.141119e-01 1.545290e-01 5.959051e-02 1.511972e-02 -8.478687e-02 2.940245e-02 1.073648e-01 1.240381e-02 3.114428e-02 9.621656e-03 1.587991e-01 1.319622e-02
2.520584e-02 9.042400e-01 1.548685e-01 7.875736e-02 2.341115e-02 -7.396842e-02 2.920075e-02 1.062117e-01 1.022272e-02 3.835883e-02 5.866411e-03 1.567601e-01 1.078460e-02
2.608511e-02 9.769575e-01 1.104070e-01 5.230574e-02 2.050744e-02 -1.215908e-01 1.997053e-02 1.007788e-01 3.340975e-03 4.027945e-02 6.689899e-03 1.773242e-01 9.189854e-03
2.755057e-02 1.404783e+00 1.565155e-01 8.879413e-02 3.830826e-02 -1.765552e-01 4.887174e-02 1.197502e-01 1.600865e-02 2.879137e-02 1.346351e-02 2.107085e-01 2.323174e-02
2.960220e-02 9.133201e-01 5.413859e-02 6.666341e-02 2.854081e-02 -9.486300e-02 2.058971e-02 1.378389e-01 3.599905e-03 4.296947e-02 8.441783e-03 1.866938e-01 1.675929e-02
3.224002e-02 9.820401e-01 1.412746e-01 5.777418e-02 1.718631e-02 -1.389820e-01 3.735235e-02 1.476393e-01 7.771337e-03 2.381907e-02 7.995464e-03 2.324681e-01 7.496974e-03
3.546403e-02 9.748503e-01 1.587295e-01 1.121194e-01 1.856578e-02 -1.311488e-02 4.517089e-02 1.883408e-01 7.221838e-03 3.903907e-02 1.217499e-02 2.737081e-01 2.460204e-02
3.927421e-02 7.523041e-01 8.729341e-02 2.173902e-02 2.050774e-02 -8.281435e-02 2.846327e-02 2.132959e-01 2.457644e-02 1.567448e-02 2.444218e-02 3.234990e-01 2.690194e-02
2.872293e-02 9.301490e-01 1.055297e-01 8.254576e-02 1.553944e-02 -6.064918e-02 2.338650e-02 1.192979e-01 7.755266e-03 2.513524e-02 1.035971e-02 2.029468e-01 2.477329e-02
2.901602e-02 8.829294e-01 1.494093e-01 7.116056e-02 3.014775e-02 -1.067075e-01 2.731633e-02 1.457331e-01 1.601831e-02 5.081222e-02 1.171079e-02 2.139948e-01 1.592350e-02
2.989530e-02 8.452576e-01 8.313276e-02 4.048851e-02 2.186433e-02 -1.210632e-01 3.871048e-02 1.205045e-01 6.314941e-03 2.409070e-02 1.465530e-02 2.071467e-01 2.502760e-02
3.136075e-02 1.098225e+00 2.181168e-01 8.152765e-02 2.860379e-02 -1.381112e-01 3.767162e-02 1.297237e-01 1.075861e-02 1.957293e-02 1.388094e-02 2.113834e-01 2.016310e-02
3.341239e-02 1.075774e+00 2.104309e-01 9.674206e-02 3.071032e-02 -1.188031e-01 6.065012e-02 1.607015e-01 1.800648e-02 4.496843e-02 1.903606e-02 2.359584e-01 2.606504e-02
3.605021e-02 9.659344e-01 2.800932e-01 9.804946e-02 3.707902e-02 -7.899004e-02 3.877697e-02 1.645853e-01 1.294647e-02 1.382863e-02 2.069056e-02 2.632796e-01 2.550368e-02
3.927421e-02 1.027287e+00 1.932740e-01 7.916572e-02 2.251663e-02 -7.595474e-03 3.250273e-02 2.108375e-01 1.391584e-02 2.112410e-02 8.296872e-03 2.935715e-01 2.761652e-02
4.308440e-02 9.257273e-01 8.224418e-02 8.687729e-02 3.738292e-02 -1.436941e-02 4.509617e-02 2.889773e-01 2.133357e-02 -3.521376e-02 1.509161e-02 3.934705e-01 3.248144e-02
