# k^2  MgMg MgMg_error  MgCl MgCl_error  MgNa MgNa_error  ClCl ClCl_error  ClNa ClNa_error  NaNa NaNa_error
0.000000e+00 1.088000e+03 0.000000e+00 2.018284e+03 0.000000e+00 1.306133e+03 0.000000e+00 3.744000e+03 0.000000e+00 2.422930e+03 0.000000e+00 1.568000e+03 0.000000e+00
2.914951e-04 1.660907e-01 5.973025e-02 1.218753e-01 3.646069e-02 -8.368492e-02 4.538982e-02 1.222465e-01 2.239772e-02 -1.062314e-02 3.084287e-02 1.225049e-01 2.779558e-02
1.165980e-03 1.496813e-01 3.259108e-02 7.565037e-02 1.240030e-02 -1.233269e-01 5.428063e-02 9.924122e-02 1.388929e-02 3.270069e-02 2.182966e-02 2.590019e-01 7.638834e-02
2.623456e-03 1.354911e-01 1.169436e-02 8.504436e-02 7.556834e-03 -7.871559e-02 1.438693e-02 1.070651e-01 8.165922e-03 3.360796e-02 9.592887e-03 1.962821e-01 1.846236e-02
4.663921e-03 2.018622e-01 3.154701e-02 9.819639e-02 1.422703e-02 -1.488853e-01 3.232846e-02 9.934300e-02 1.011847e-02 2.770631e-03 1.092737e-02 2.605898e-01 3.673881e-02
7.287377e-03 2.274110e-01 3.927097e-02 1.016902e-01 2.147191e-02 -1.584070e-01 3.433346e-02 9.220806e-02 1.685058e-02 -6.991481e-03 1.122295e-02 2.560637e-01 3.331816e-02
1.049382e-02 4.490452e-01 7.222479e-02 1.597475e-01 3.820527e-02 -3.375289e-01 4.455837e-02 1.237330e-01 1.614286e-02 -3.559267e-02 2.902948e-02 4.769039e-01 3.082717e-02
1.428326e-02 4.475856e-01 6.721245e-02 1.768680e-01 1.802342e-02 -2.635223e-01 5.611614e-02 1.315768e-01 4.260253e-03 -3.324902e-02 1.737973e-02 3.775765e-01 4.116171e-02
2.914951e-04 2.282978e-01 2.959423e-02 6.815855e-02 2.705796e-02 -2.716929e-01 7.109029e-02 1.021720e-01 1.468848e-02 4.744193e-02 3.364023e-02 5.276286e-01 1.506195e-01
5.829901e-04 8.922424e-02 2.087880e-02 7.164529e-02 1.487391e-02 -3.346898e-02 1.656231e-02 1.025814e-01 1.197297e-02 4.050971e-02 1.011973e-02 1.179422e-01 1.817166e-02
1.457475e-03 8.967594e-02 9.016368e-03 6.985759e-02 6.238215e-03 -3.167475e-02 1.654181e-02 9.660389e-02 4.638955e-03 4.077393e-02 5.917254e-03 1.230821e-01 2.929892e-02
2.914951e-03 1.389388e-01 2.443434e-02 7.778668e-02 1.112329e-02 -8.795074e-02 2.247062e-02 9.894714e-02 9.768590e-03 3.183891e-02 2.159719e-02 1.981915e-01 2.389412e-02
4.955416e-03 2.050124e-01 4.865669e-02 1.022240e-01 1.788556e-02 -1.404396e-01 4.300217e-02 9.630373e-02 1.003420e-02 -5.358702e-03 2.063470e-02 2.348747e-01 3.980169e-02
7.578872e-03 2.481033e-01 5.487943e-02 1.246158e-01 3.503086e-02 -1.506654e-01 3.187125e-02 1.186234e-01 2.643796e-02 -6.856122e-03 1.435486e-02 2.497855e-01 3.246868e-02
1.078532e-02 3.847046e-01 7.165059e-02 1.538069e-01 2.203441e-02 -2.307167e-01 6.838609e-02 1.281217e-01 1.455152e-02 -1.363635e-02 1.616440e-02 3.376773e-01 7.245619e-02
1.457475e-02 5.373827e-01 8.091205e-02 2.075484e-01 3.521422e-02 -3.046579e-01 5.960020e-02 1.359138e-01 1.618570e-02 -4.446630e-02 2.645181e-02 4.356210e-01 5.377881e-02
1.165980e-03 1.700050e-01 2.816815e-02 7.193143e-02 1.174450e-02 -1.667622e-01 3.230660e-02 7.695157e-02 9.536739e-03 1.696339e-03 1.051318e-02 2.847264e-01 3.927015e-02
1.457475e-03 1.094468e-01 2.474257e-02 6.908324e-02 1.003069e-02 -6.625483e-02 3.899531e-02 9.951250e-02 1.787298e-02 4.405694e-02 2.201235e-02 1.824230e-01 3.680486e-02
2.331961e-03 1.696660e-01 3.254376e-02 8.526972e-02 1.738744e-02 -1.362003e-01 3.734882e-02 9.758155e-02 9.668386e-03 1.405438e-02 1.960745e-02 2.540150e-01 5.720283e-02
3.789436e-03 2.003006e-01 2.040835e-02 9.499784e-02 1.411318e-02 -1.449692e-01 9.209630e-03 9.026394e-02 8.117840e-03 -4.059851e-04 1.107288e-02 2.428917e-01 2.678144e-02
5.829901e-03 3.591021e-01 9.364462e-02 1.520826e-01 3.644274e-02 -2.842629e-01 1.060768e-01 1.091187e-01 2.270186e-02 -5.185279e-02 3.455065e-02 3.815792e-01 1.078834e-01
8.453357e-03 2.560016e-01 2.414134e-02 1.092816e-01 1.353750e-02 -1.734537e-01 1.904404e-02 9.250062e-02 5.987517e-03 -1.162510e-02 8.833948e-03 2.601246e-01 3.273519e-02
1.165980e-02 3.234736e-01 3.217961e-02 1.435501e-01 1.658263e-02 -1.664548e-01 1.331788e-02 1.232382e-01 5.737606e-03 -1.007888e-02 1.225354e-02 2.717684e-01 8.616701e-03
1.544924e-02 7.266619e-01 2.553884e-01 2.689265e-01 8.441139e-02 -4.426026e-01 1.685139e-01 1.523892e-01 2.584865e-02 -9.357790e-02 6.111007e-02 5.613085e-01 1.172999e-01
2.623456e-03 1.943707e-01 6.140711e-02 7.944498e-02 1.646285e-02 -1.751318e-01 7.343513e-02 8.791657e-02 4.938139e-03 1.660225e-02 2.385683e-02 3.180266e-01 8.576831e-02
2.914951e-03 2.217193e-01 2.136529e-02 9.580307e-02 1.550197e-02 -1.901150e-01 1.266387e-02 8.917051e-02 8.159751e-03 -8.136011e-03 1.362363e-02 2.992350e-01 1.892929e-02
3.789436e-03 2.358946e-01 4.256043e-02 9.974089e-02 1.827492e-02 -2.036288e-01 3.642063e-02 9.283630e-02 1.375495e-02 -1.162957e-02 1.294828e-02 3.181078e-01 5.899505e-02
5.246911e-03 3.406969e-01 6.981383e-02 1.519649e-01 2.824105e-02 -2.577330e-01 5.186130e-02 1.217874e-01 1.327305e-02 -4.089747e-02 2.733322e-02 3.462493e-01 3.386265e-02
7.287377e-03 2.143241e-01 1.630609e-02 9.486743e-02 5.774143e-03 -1.471016e-01 2.118491e-02 1.081338e-01 6.931344e-03 2.703573e-02 1.032925e-02 2.940363e-01 2.335327e-02
9.910832e-03 4.351232e-01 9.217217e-02 1.801422e-01 3.214133e-02 -3.110034e-01 7.652997e-02 1.265695e-01 1.617470e-02 -5.807343e-02 2.445444e-02 4.168873e-01 7.029106e-02
1.311728e-02 5.837868e-01 8.524715e-02 2.402259e-01 2.592475e-02 -3.274619e-01 7.233520e-02 1.536426e-01 1.337621e-02 -5.838138e-02 1.496015e-02 4.277104e-01 7.057831e-02
1.690671e-02 5.294932e-01 6.053666e-02 1.958593e-01 3.195848e-02 -2.989892e-01 2.356525e-02 1.349886e-01 1.724794e-02 -4.857920e-02 6.992900e-03 4.311763e-01 4.518633e-02
4.663921e-03 2.407769e-01 8.326118e-02 9.960668e-02 2.714317e-02 -1.979517e-01 8.028234e-02 9.293134e-02 1.041854e-02 -9.962611e-04 2.765187e-02 3.280419e-01 7.795224e-02
4.955416e-03 2.287509e-01 2.449534e-02 1.205947e-01 1.220177e-02 -1.301247e-01 2.219327e-02 1.071671e-01 9.324244e-03 -5.142486e-03 7.006854e-03 2.074124e-01 2.924360e-02
5.829901e-03 2.236837e-01 3.538678e-02 1.195172e-01 1.854340e-02 -1.292532e-01 1.936577e-02 1.084654e-01 1.147309e-02 -4.361342e-03 1.024123e-02 2.216187e-01 1.907512e-02
7.287377e-03 2.957797e-01 8.915067e-02 1.369026e-01 4.039686e-02 -1.760061e-01 5.669013e-02 1.179395e-01 1.832709e-02 -2.505175e-03 3.075440e-02 2.925586e-01 3.396794e-02
9.327842e-03 3.235080e-01 4.779105e-02 1.290427e-01 2.709925e-02 -2.228675e-01 4.091176e-02 1.084249e-01 1.675005e-02 -5.695023e-03 1.090831e-02 3.691205e-01 6.084664e-02
1.195130e-02 4.123339e-01 9.136928e-02 1.878722e-01 4.970131e-02 -2.086949e-01 2.910571e-02 1.412884e-01 2.944674e-02 -2.090764e-02 1.519389e-02 3.160636e-01 2.728325e-02
1.515774e-02 4.238246e-01 6.856080e-02 1.547909e-01 3.088612e-02 -2.365993e-01 4.024578e-02 1.101794e-01 1.103377e-02 -3.469809e-02 2.549356e-02 3.569323e-01 2.776374e-02
1.894718e-02 5.059685e-01 8.024724e-02 1.860516e-01 3.241715e-02 -2.838746e-01 6.742099e-02 1.372908e-01 1.270166e-02 -3.331983e-02 3.345109e-02 4.162972e-01 4.857712e-02
7.287377e-03 2.200584e-01 2.420159e-02 9.897033e-02 1.381102e-02 -1.537182e-01 2.092553e-02 9.171475e-02 1.056446e-02 -6.688375e-03 1.216751e-02 2.575568e-01 2.042463e-02
7.578872e-03 3.195697e-01 4.400039e-02 1.528682e-01 2.680628e-02 -1.871485e-01 2.349693e-02 1.251141e-01 2.011091e-02 -1.730290e-02 9.496833e-03 2.869147e-01 4.188211e-02
8.453357e-03 2.356548e-01 3.471061e-02 9.838176e-02 2.242306e-02 -1.347055e-01 2.650112e-02 9.479765e-02 1.479034e-02 2.205362e-02 1.115150e-02 2.749280e-01 3.905869e-02
9.910832e-03 4.864940e-01 7.768471e-02 2.114345e-01 3.410278e-02 -2.983704e-01 6.242533e-02 1.436491e-01 1.458518e-02 -7.492729e-02 2.660559e-02 3.227798e-01 5.405491e-02
1.195130e-02 4.321056e-01 6.440618e-02 1.721230e-01 2.487777e-02 -2.877579e-01 6.777766e-02 1.205822e-01 1.154940e-02 -5.245309e-02 2.226713e-02 3.964803e-01 7.760219e-02
1.457475e-02 6.910789e-01 9.185511e-02 2.783949e-01 3.780979e-02 -3.929915e-01 6.146771e-02 1.695707e-01 1.994964e-02 -9.984072e-02 2.494908e-02 4.482817e-01 4.853443e-02
1.778120e-02 8.829050e-01 1.123967e-01 2.903716e-01 6.191606e-02 -5.332791e-01 5.479766e-02 1.553674e-01 2.395571e-02 -1.318952e-01 3.596744e-02 5.387654e-01 4.688449e-02
2.157063e-02 1.065746e+00 2.302849e-01 3.874771e-01 7.789567e-02 -5.573134e-01 1.276595e-01 2.298966e-01 2.870867e-02 -1.319862e-01 4.932562e-02 6.308373e-01 8.791484e-02
1.049382e-02 3.948178e-01 8.552274e-02 1.568610e-01 3.745389e-02 -2.822952e-01 4.582252e-02 1.116506e-01 1.567816e-02 -4.613922e-02 2.086241e-02 3.879850e-01 4.742735e-02
1.078532e-02 4.359855e-01 3.684185e-02 2.012671e-01 2.129450e-02 -2.340114e-01 3.418067e-02 1.386562e-01 9.627687e-03 -5.312534e-02 1.668605e-02 2.878398e-01 3.522093e-02
1.165980e-02 3.441380e-01 6.001390e-02 1.433258e-01 2.429553e-02 -1.982448e-01 5.236865e-02 1.167005e-01 9.522947e-03 -1.051450e-02 2.111525e-02 3.081428e-01 4.021397e-02
1.311728e-02 6.058454e-01 1.487958e-01 2.554804e-01 6.563769e-02 -2.914756e-01 8.749745e-02 1.645320e-01 2.890065e-02 -6.877494e-02 3.572675e-02 3.241445e-01 4.846977e-02
1.515774e-02 5.375857e-01 3.004182e-02 2.220527e-01 1.763692e-02 -2.634097e-01 3.145346e-02 1.572313e-01 1.049971e-02 -4.327048e-02 2.585091e-02 3.556294e-01 3.683317e-02
1.778120e-02 8.295046e-01 1.865246e-01 2.365610e-01 7.022340e-02 -5.243580e-01 1.033206e-01 1.374692e-01 2.455227e-02 -8.140358e-02 4.349712e-02 6.231000e-01 4.914256e-02
2.098764e-02 7.756129e-01 1.366198e-01 2.521321e-01 3.484863e-02 -4.268063e-01 9.141214e-02 1.527035e-01 5.335282e-03 -7.863134e-02 2.797565e-02 5.156680e-01 7.354939e-02
2.477708e-02 9.806100e-01 1.663298e-01 3.336420e-01 4.965249e-02 -4.354868e-01 9.885920e-02 1.931093e-01 1.486455e-02 -1.068181e-01 3.747921e-02 5.291205e-01 7.389698e-02
1.428326e-02 4.320838e-01 7.009601e-02 1.719298e-01 3.386304e-02 -2.316255e-01 2.049696e-02 1.286347e-01 1.885708e-02 -1.834429e-02 1.374500e-02 3.878761e-01 2.792755e-02
1.457475e-02 4.492709e-01 3.409200e-02 1.897501e-01 1.867495e-02 -2.422105e-01 2.527498e-02 1.296544e-01 9.751626e-03 -4.477318e-02 1.953301e-02 3.422913e-01 4.009440e-02
1.544924e-02 7.018619e-01 1.326492e-01 2.778006e-01 5.674473e-02 -3.673419e-01 7.494725e-02 1.733877e-01 2.258256e-02 -9.148428e-02 3.200114e-02 4.112258e-01 4.891202e-02
1.690671e-02 9.240729e-01 1.096954e-01 3.532634e-01 3.473007e-02 -4.694199e-01 8.934759e-02 1.970163e-01 1.266062e-02 -1.189466e-01 2.851785e-02 4.873132e-01 7.512135e-02
1.894718e-02 5.632945e-01 2.565045e-02 2.192841e-01 1.096682e-02 -3.090548e-01 4.391265e-02 1.448194e-01 9.524944e-03 -6.222164e-02 1.399675e-02 4.502077e-01 4.506018e-02
2.157063e-02 6.807941e-01 8.089381e-02 2.386554e-01 2.578532e-02 -2.967697e-01 5.983613e-02 1.505567e-01 8.629398e-03 -4.716411e-02 1.967730e-02 4.994672e-01 7.453654e-02
2.477708e-02 1.126279e+00 1.710559e-01 3.637652e-01 4.753353e-02 -5.137633e-01 8.523595e-02 1.986442e-01 2.379799e-02 -1.237796e-01 2.603094e-02 5.723464e-01 3.072367e-02
2.856652e-02 1.086945e+00 1.112262e-01 3.099761e-01 3.366179e-02 -5.458571e-01 8.687311e-02 1.744782e-01 1.120938e-02 -1.145604e-01 3.083435e-02 6.616301e-01 6.093048e-02
2.914951e-04 1.009814e-01 2.735633e-02 6.505875e-02 1.268247e-02 -6.472274e-02 3.230045e-02 8.668613e-02 9.709748e-03 2.822173e-02 8.556679e-03 1.527169e-01 5.201530e-02
5.829901e-04 1.719171e-01 6.348861e-02 8.712893e-02 3.264521e-02 -1.460624e-01 5.150025e-02 9.718346e-02 1.579193e-02 9.695037e-03 2.823988e-02 2.603623e-01 4.085657e-02
1.457475e-03 1.164909e-01 1.670157e-02 7.317043e-02 6.953343e-03 -6.942985e-02 1.938127e-02 9.051111e-02 5.197657e-03 2.364150e-02 9.371199e-03 1.550189e-01 2.533051e-02
2.914951e-03 1.337610e-01 1.990541e-02 6.998382e-02 1.456515e-02 -9.411264e-02 1.562672e-02 7.835436e-02 8.432260e-03 1.277866e-02 9.091047e-03 1.801106e-01 2.595594e-02
4.955416e-03 2.391377e-01 4.854729e-02 1.119445e-01 2.479057e-02 -1.822990e-01 3.712100e-02 1.021962e-01 1.437962e-02 -1.175780e-02 2.295107e-02 2.897265e-01 3.179962e-02
7.578872e-03 3.099929e-01 1.173441e-01 1.201984e-01 3.541707e-02 -2.628360e-01 1.155233e-01 9.420902e-02 9.229643e-03 -3.503726e-02 4.005560e-02 4.024906e-01 1.022701e-01
1.078532e-02 3.201096e-01 4.295166e-02 1.437549e-01 1.239401e-02 -1.776407e-01 4.572464e-02 1.244640e-01 1.037226e-02 4.601789e-03 1.545649e-02 3.376034e-01 3.558329e-02
1.457475e-02 6.313997e-01 1.168244e-01 2.436529e-01 5.271910e-02 -3.646167e-01 7.701858e-02 1.514275e-01 2.465515e-02 -7.563450e-02 3.393558e-02 4.296272e-01 6.233046e-02
5.829901e-04 7.891202e-02 1.313930e-02 5.905040e-02 6.465053e-03 -3.774123e-02 1.847174e-02 8.912965e-02 9.943391e-03 4.066045e-02 7.263979e-03 1.281209e-01 2.817977e-02
8.744852e-04 1.234957e-01 3.338758e-02 7.713138e-02 8.163863e-03 -8.015489e-02 4.664283e-02 9.867550e-02 6.860678e-03 2.885905e-02 1.911164e-02 1.828915e-01 5.181971e-02
1.748970e-03 1.143066e-01 2.834632e-02 7.648754e-02 1.390971e-02 -6.313050e-02 2.987532e-02 1.042358e-01 1.063566e-02 3.913733e-02 2.338478e-02 1.727756e-01 2.587403e-02
3.206446e-03 1.924710e-01 4.925511e-02 1.011258e-01 1.560134e-02 -1.390444e-01 5.178565e-02 1.012025e-01 9.259692e-03 4.632679e-04 1.870362e-02 2.352716e-01 5.547966e-02
5.246911e-03 2.401759e-01 5.144709e-02 1.143573e-01 1.703875e-02 -1.773561e-01 6.030515e-02 1.063081e-01 9.254950e-03 -6.318105e-03 1.823083e-02 2.975553e-01 6.923493e-02
7.870367e-03 3.367039e-01 4.204208e-02 1.477241e-01 1.438543e-02 -2.387544e-01 3.716163e-02 1.121550e-01 9.260008e-03 -4.153831e-02 1.132560e-02 3.320896e-01 4.533891e-02
1.107681e-02 3.341796e-01 4.941944e-02 1.339833e-01 1.992602e-02 -1.914473e-01 4.519875e-02 1.092095e-01 1.231492e-02 -5.404767e-03 8.994838e-03 3.075129e-01 6.172381e-02
1.486625e-02 5.241635e-01 8.723031e-02 2.150420e-01 2.449223e-02 -3.012982e-01 9.030466e-02 1.561060e-01 1.059434e-02 -3.832557e-02 3.434233e-02 4.405931e-01 8.177499e-02
1.457475e-03 1.916530e-01 7.192010e-02 7.738088e-02 2.661514e-02 -1.855008e-01 7.702603e-02 8.037546e-02 8.309228e-03 7.979617e-04 3.225871e-02 3.098286e-01 7.816606e-02
1.748970e-03 2.377932e-01 4.624976e-02 1.088910e-01 2.497618e-02 -2.075341e-01 5.518686e-02 1.070504e-01 1.567065e-02 -7.820958e-03 2.461831e-02 3.287671e-01 6.447963e-02
2.623456e-03 1.444702e-01 2.245582e-02 7.819865e-02 1.245378e-02 -9.491112e-02 1.671210e-02 8.615914e-02 7.563283e-03 1.122833e-02 1.256995e-02 1.730626e-01 1.892817e-02
4.080931e-03 2.498799e-01 5.494149e-02 1.110156e-01 1.850996e-02 -1.992012e-01 5.942511e-02 1.017422e-01 1.512381e-02 -1.300554e-02 1.971174e-02 3.015537e-01 7.317445e-02
6.121396e-03 1.528203e-01 1.979205e-02 6.485120e-02 5.299093e-03 -1.172283e-01 2.393676e-02 7.356512e-02 7.508586e-03 1.229880e-02 9.005745e-03 2.286573e-01 2.314463e-02
8.744852e-03 3.461368e-01 4.651386e-02 1.395642e-01 1.085764e-02 -2.340937e-01 4.922701e-02 1.149812e-01 7.672615e-03 -8.101972e-03 1.399769e-02 3.807336e-01 5.408781e-02
1.195130e-02 6.361049e-01 9.811056e-02 2.575942e-01 4.259806e-02 -3.863959e-01 6.424441e-02 1.522991e-01 2.033105e-02 -9.841556e-02 3.155599e-02 4.236584e-01 3.156176e-02
1.574073e-02 6.478039e-01 1.309419e-01 2.280286e-01 4.141886e-02 -3.852612e-01 7.415685e-02 1.454220e-01 1.355080e-02 -5.981472e-02 1.892654e-02 5.176017e-01 7.546167e-02
2.914951e-03 3.547349e-01 2.260259e-02 1.433060e-01 1.612391e-02 -3.235725e-01 1.970042e-02 1.215333e-01 1.173672e-02 -3.598979e-02 1.131546e-02 4.586846e-01 3.497839e-02
3.206446e-03 3.269428e-01 7.414239e-02 1.574324e-01 2.385366e-02 -2.575053e-01 7.839070e-02 1.235503e-01 6.913239e-03 -5.456745e-02 2.750329e-02 3.312962e-01 8.540958e-02
4.080931e-03 1.657501e-01 3.597935e-02 7.300738e-02 6.418490e-03 -1.267343e-01 5.344435e-02 8.385930e-02 7.202358e-03 2.667792e-02 1.420274e-02 2.647963e-01 7.898344e-02
5.538406e-03 2.756996e-01 4.355132e-02 1.256320e-01 1.405072e-02 -2.005393e-01 5.381093e-02 1.090336e-01 4.548994e-03 -1.108535e-02 2.152557e-02 3.189207e-01 6.904907e-02
7.578872e-03 2.306249e-01 8.986137e-03 1.035992e-01 1.306479e-02 -1.348261e-01 2.408946e-02 9.914854e-02 1.154423e-02 1.396403e-02 1.094627e-02 2.542706e-01 3.560990e-02
1.020233e-02 4.763204e-01 7.312333e-02 1.871009e-01 1.614867e-02 -3.121650e-01 7.462495e-02 1.226755e-01 5.651246e-03 -6.219035e-02 2.495991e-02 3.841843e-01 7.393457e-02
1.340877e-02 4.789687e-01 1.102595e-01 1.846436e-01 3.697662e-02 -3.291008e-01 9.677891e-02 1.297808e-01 1.261323e-02 -6.050070e-02 3.922051e-02 4.444475e-01 7.627787e-02
1.719821e-02 7.562522e-01 1.294332e-01 2.607761e-01 3.767054e-02 -4.201911e-01 9.299580e-02 1.473501e-01 1.823440e-02 -8.301635e-02 2.513387e-02 5.128165e-01 6.859579e-02
4.955416e-03 1.892484e-01 3.401244e-02 9.870586e-02 1.215776e-02 -1.209697e-01 3.382048e-02 1.024677e-01 8.555854e-03 1.117536e-02 1.885908e-02 2.283327e-01 3.039645e-02
5.246911e-03 2.058304e-01 4.812181e-02 1.100586e-01 2.014615e-02 -1.250860e-01 4.862949e-02 1.059354e-01 1.523011e-02 3.739605e-03 2.019272e-02 2.262405e-01 4.471799e-02
6.121396e-03 2.518744e-01 4.639108e-02 1.230926e-01 1.616877e-02 -1.552574e-01 5.116436e-02 1.181850e-01 1.340343e-02 9.320566e-03 2.271167e-02 2.770264e-01 5.010285e-02
7.578872e-03 3.224596e-01 3.781999e-02 1.359475e-01 1.897778e-02 -2.128465e-01 4.909696e-02 1.103135e-01 1.139049e-02 -1.599905e-02 1.861876e-02 3.143063e-01 5.217691e-02
9.619337e-03 6.202399e-01 1.170047e-01 2.646026e-01 4.051339e-02 -3.709403e-01 7.729947e-02 1.662414e-01 1.681334e-02 -8.498795e-02 2.762946e-02 4.127509e-01 5.047824e-02
1.224279e-02 3.791975e-01 4.507105e-02 1.501021e-01 2.760546e-02 -2.300757e-01 3.239797e-02 1.188749e-01 2.030835e-02 -2.666687e-02 1.691191e-02 3.367948e-01 3.614494e-02
1.544924e-02 4.901853e-01 4.659339e-02 1.512213e-01 1.598787e-02 -3.175788e-01 1.573997e-02 1.174679e-01 7.400918e-03 -3.725406e-02 5.125883e-03 4.253023e-01 1.860051e-02
1.923867e-02 8.841361e-01 1.730914e-01 3.078850e-01 5.520391e-02 -4.401509e-01 1.061671e-01 1.724026e-01 1.857692e-02 -1.004614e-01 2.692319e-02 4.920575e-01 9.359148e-02
7.578872e-03 2.685074e-01 8.226530e-02 1.219478e-01 3.715665e-02 -1.755849e-01 5.916852e-02 1.061509e-01 1.781502e-02 -9.309234e-03 2.767893e-02 2.810370e-01 4.297224e-02
7.870367e-03 2.930425e-01 2.101893e-02 1.195175e-01 9.048555e-03 -2.176227e-01 3.660141e-02 1.134679e-01 9.137604e-03 -3.569584e-03 7.900753e-03 3.495801e-01 6.351652e-02
8.744852e-03 2.182455e-01 3.025032e-02 9.505518e-02 9.683784e-03 -1.307960e-01 2.164575e-02 9.041659e-02 7.705572e-03 7.142149e-03 1.125135e-02 2.340219e-01 2.824503e-02
1.020233e-02 3.991615e-01 9.292298e-02 1.838432e-01 4.110560e-02 -2.326340e-01 5.668352e-02 1.322485e-01 1.957014e-02 -5.169733e-02 2.298205e-02 3.206793e-01 5.168391e-02
1.224279e-02 4.140829e-01 5.234838e-02 1.742328e-01 2.634796e-02 -2.438457e-01 3.730170e-02 1.222923e-01 9.479995e-03 -4.681167e-02 1.858078e-02 3.261693e-01 3.615145e-02
1.486625e-02 4.731910e-01 8.376604e-02 1.746750e-01 2.816242e-02 -2.570603e-01 6.946553e-02 1.239030e-01 1.248120e-02 -1.385714e-02 2.462186e-02 4.333490e-01 4.909578e-02
1.807269e-02 1.038816e+00 2.326948e-01 3.779460e-01 8.103954e-02 -4.965795e-01 1.074766e-01 1.945155e-01 2.846120e-02 -1.265777e-01 3.569170e-02 4.663929e-01 5.216229e-02
2.186213e-02 8.204968e-01 8.377617e-02 2.889471e-01 4.467144e-02 -3.887573e-01 3.085939e-02 1.798416e-01 2.450760e-02 -9.128709e-02 1.734800e-02 4.407857e-01 1.902667e-02
1.078532e-02 5.481666e-01 1.012764e-01 2.162552e-01 3.925796e-02 -3.346233e-01 7.398461e-02 1.278559e-01 1.547380e-02 -8.081913e-02 2.779113e-02 3.840643e-01 5.026951e-02
1.107681e-02 3.613278e-01 3.048765e-02 1.467809e-01 2.187718e-02 -2.148249e-01 2.203640e-02 1.234436e-01 1.646603e-02 -1.219070e-02 8.319079e-03 3.096529e-01 2.000047e-02
1.195130e-02 3.801923e-01 6.054646e-02 1.479037e-01 2.224668e-02 -2.446575e-01 5.618132e-02 1.141082e-01 9.726107e-03 -2.968668e-02 1.651085e-02 3.557026e-01 5.960147e-02
1.340877e-02 8.162822e-01 1.991009e-01 3.235119e-01 8.698678e-02 -4.269121e-01 8.904174e-02 1.773661e-01 3.564993e-02 -1.206662e-01 3.783798e-02 3.941586e-01 5.651388e-02
1.544924e-02 7.748683e-01 6.592477e-02 3.040319e-01 4.025170e-02 -4.125878e-01 2.381821e-02 1.803511e-01 2.112676e-02 -1.035312e-01 1.867684e-02 4.166971e-01 1.606981e-02
1.807269e-02 6.718930e-01 1.307595e-01 2.714302e-01 5.904069e-02 -3.262996e-01 6.263668e-02 1.760840e-01 2.907016e-02 -6.350105e-02 3.125291e-02 4.270210e-01 5.286924e-02
2.127914e-02 7.534163e-01 1.332217e-01 2.236754e-01 5.551397e-02 -4.681536e-01 8.019403e-02 1.442930e-01 1.838188e-02 -7.428340e-02 3.893359e-02 6.083993e-01 7.607528e-02
2.506858e-02 9.948857e-01 2.271497e-01 3.368781e-01 8.904078e-02 -3.896408e-01 6.921948e-02 2.039786e-01 3.820372e-02 -7.007279e-02 3.349882e-02 5.175133e-01 4.416955e-02
1.457475e-02 6.882842e-01 6.197954e-02 2.787474e-01 2.679497e-02 -3.829764e-01 6.081061e-02 1.762968e-01 1.971440e-02 -8.734792e-02 2.265236e-02 4.756969e-01 5.486048e-02
1.486625e-02 7.512969e-01 3.097455e-01 2.970845e-01 1.160731e-01 -4.263755e-01 2.020471e-01 1.730606e-01 4.119961e-02 -1.080657e-01 8.393323e-02 4.770178e-01 1.242320e-01
1.574073e-02 7.446532e-01 1.326947e-01 2.912403e-01 4.865065e-02 -3.685768e-01 6.139499e-02 1.762837e-01 2.439778e-02 -8.028481e-02 2.645487e-02 4.008762e-01 1.996129e-02
1.719821e-02 6.219364e-01 9.579113e-02 2.252252e-01 3.893453e-02 -4.071179e-01 4.547279e-02 1.511149e-01 1.761294e-02 -8.417239e-02 1.630722e-02 5.250803e-01 2.438882e-02
1.923867e-02 5.826901e-01 6.664590e-02 2.210207e-01 2.314754e-02 -3.139068e-01 6.293293e-02 1.448383e-01 1.583409e-02 -6.266403e-02 1.613892e-02 4.865855e-01 6.208251e-02
2.186213e-02 1.048129e+00 2.696579e-01 3.355526e-01 9.240076e-02 -5.707611e-01 1.479382e-01 1.773949e-01 3.131563e-02 -1.473841e-01 5.241166e-02 5.780240e-01 8.441348e-02
2.506858e-02 1.005428e+00 1.826463e-01 3.096281e-01 4.342880e-02 -5.098113e-01 1.219952e-01 1.858779e-01 1.972164e-02 -1.178211e-01 3.742854e-02 6.132437e-01 7.567740e-02
2.885801e-02 9.028513e-01 1.832306e-01 2.625457e-01 6.131378e-02 -4.758207e-01 9.157750e-02 1.654512e-01 2.362593e-02 -9.634592e-02 4.087203e-02 7.029881e-01 7.501904e-02
1.165980e-03 1.198636e-01 1.201199e-02 8.812643e-02 1.590605e-02 -5.173282e-02 1.366985e-02 1.080215e-01 1.607348e-02 2.758835e-02 3.921572e-03 1.317180e-01 2.377303e-02
1.457475e-03 1.260961e-01 1.601191e-02 8.545480e-02 1.339270e-02 -6.517116e-02 1.917228e-02 1.045070e-01 1.780983e-02 2.638266e-02 9.978805e-03 1.513643e-01 2.639996e-02
2.331961e-03 1.755149e-01 4.337430e-02 8.318923e-02 2.159115e-02 -1.428751e-01 3.336292e-02 1.068566e-01 7.227812e-03 3.565446e-02 2.623669e-02 2.933851e-01 2.594044e-02
3.789436e-03 1.743168e-01 1.771737e-02 8.944243e-02 7.408937e-03 -1.227148e-01 2.540284e-02 9.745702e-02 7.273018e-03 1.646328e-02 4.126642e-03 2.357679e-01 3.662772e-02
5.829901e-03 2.333247e-01 1.859887e-02 9.849652e-02 1.059075e-02 -1.679738e-01 4.612336e-02 9.628485e-02 1.217799e-02 1.358916e-02 7.378037e-03 3.026857e-01 8.227705e-02
8.453357e-03 2.568323e-01 3.385087e-02 1.240085e-01 1.339223e-02 -1.687760e-01 3.219964e-02 1.082180e-01 1.086715e-02 -1.780591e-02 1.525662e-02 2.659896e-01 3.449370e-02
1.165980e-02 3.553955e-01 5.207546e-02 1.560067e-01 1.145002e-02 -1.921557e-01 6.928988e-02 1.244222e-01 1.581280e-02 -1.700953e-02 3.039395e-02 3.103167e-01 5.146798e-02
1.544924e-02 6.452669e-01 1.065331e-01 2.306959e-01 4.144482e-02 -4.009186e-01 8.975830e-02 1.377204e-01 1.850386e-02 -8.401715e-02 2.908273e-02 4.829910e-01 8.587303e-02
1.457475e-03 2.151340e-01 4.040173e-02 1.096586e-01 1.100923e-02 -1.727536e-01 5.977260e-02 1.157584e-01 1.366607e-02 5.030732e-03 1.505062e-02 2.941037e-01 7.517053e-02
1.748970e-03 1.428526e-01 3.218003e-02 7.920018e-02 1.073350e-02 -1.030083e-01 3.887434e-02 8.966904e-02 9.293328e-03 1.242251e-02 1.940601e-02 1.931198e-01 4.236196e-02
2.623456e-03 2.732942e-01 9.368725e-02 1.366784e-01 3.505084e-02 -2.141887e-01 9.509901e-02 1.196836e-01 1.519405e-02 -2.914152e-02 3.519402e-02 3.064818e-01 9.543930e-02
4.080931e-03 1.787546e-01 3.033396e-02 9.196279e-02 1.420948e-02 -1.138208e-01 2.454928e-02 1.086507e-01 8.704187e-03 3.200021e-02 1.193792e-02 2.440283e-01 2.803186e-02
6.121396e-03 2.335692e-01 2.236385e-02 1.139197e-01 9.699538e-03 -1.543014e-01 2.229081e-02 1.099883e-01 7.183391e-03 6.723103e-03 1.407323e-02 2.797445e-01 1.977864e-02
8.744852e-03 3.493427e-01 4.733587e-02 1.503102e-01 3.209552e-02 -2.451076e-01 3.789635e-02 1.285232e-01 2.247284e-02 -2.952226e-02 1.650607e-02 3.475660e-01 4.180001e-02
1.195130e-02 3.808186e-01 5.319069e-02 1.555766e-01 2.137559e-02 -2.107194e-01 3.585268e-02 1.091499e-01 1.110532e-02 -2.768246e-02 1.516605e-02 3.007612e-01 2.738285e-02
1.574073e-02 5.836570e-01 1.066931e-01 2.106074e-01 3.363752e-02 -3.160428e-01 8.660627e-02 1.395029e-01 1.778291e-02 -4.907692e-02 2.996248e-02 4.128244e-01 6.587107e-02
2.331961e-03 1.255776e-01 2.367741e-02 7.780484e-02 6.828682e-03 -7.415711e-02 3.255173e-02 9.935081e-02 1.098033e-02 2.875321e-02 1.104667e-02 1.709479e-01 3.892960e-02
2.623456e-03 2.901632e-01 6.869080e-02 1.329434e-01 3.017073e-02 -2.440591e-01 6.331010e-02 1.064729e-01 1.305771e-02 -4.101582e-02 2.927544e-02 3.353398e-01 5.681774e-02
3.497941e-03 2.551821e-01 1.858476e-02 1.301609e-01 1.515826e-02 -1.844095e-01 1.856824e-02 1.232232e-01 9.410419e-03 -8.016753e-03 9.406414e-03 2.851034e-01 3.352699e-02
4.955416e-03 1.547454e-01 3.824653e-02 7.820105e-02 1.879364e-02 -1.070904e-01 3.982926e-02 9.582741e-02 1.026382e-02 2.818322e-02 2.172785e-02 2.418260e-01 3.544374e-02
6.995882e-03 2.158403e-01 3.033056e-02 8.008839e-02 1.391984e-02 -1.681088e-01 2.828629e-02 6.958851e-02 8.663265e-03 -1.010610e-02 1.416913e-02 2.601961e-01 2.636643e-02
9.619337e-03 3.056796e-01 3.553752e-02 1.290986e-01 1.883264e-02 -1.720233e-01 3.448282e-02 1.141749e-01 1.517465e-02 -3.374406e-03 1.518889e-02 2.691756e-01 2.723159e-02
1.282578e-02 4.604206e-01 3.268958e-02 1.835815e-01 1.234418e-02 -2.618185e-01 4.195111e-02 1.310174e-01 1.049911e-02 -3.566076e-02 1.576037e-02 3.755483e-01 4.871433e-02
1.661522e-02 5.509968e-01 8.780217e-02 2.183288e-01 3.107026e-02 -2.663006e-01 5.504151e-02 1.472750e-01 1.626245e-02 -3.366822e-02 2.279007e-02 3.775356e-01 3.804007e-02
3.789436e-03 1.362773e-01 1.855105e-02 8.321797e-02 9.341450e-03 -7.246346e-02 1.968129e-02 9.754710e-02 6.270962e-03 2.284846e-02 9.077941e-03 1.676447e-01 1.610926e-02
4.080931e-03 2.229731e-01 4.138798e-02 9.598490e-02 2.370605e-02 -1.797120e-01 3.002758e-02 9.426184e-02 1.614643e-02 -2.864100e-03 1.155983e-02 2.862211e-01 3.745506e-02
4.955416e-03 1.519538e-01 1.308974e-02 9.322017e-02 1.131084e-02 -6.899785e-02 9.812934e-03 1.154863e-01 1.327667e-02 4.792266e-02 1.392860e-02 2.116957e-01 2.297541e-02
6.412891e-03 2.218970e-01 5.688175e-02 1.215035e-01 3.242328e-02 -1.221445e-01 3.710952e-02 1.173905e-01 2.101103e-02 1.042404e-02 1.541689e-02 2.347572e-01 4.475497e-02
8.453357e-03 2.886611e-01 8.689797e-02 1.114955e-01 2.152677e-02 -2.090078e-01 8.486121e-02 9.932290e-02 7.253594e-03 5.574425e-03 2.025649e-02 3.657820e-01 8.831007e-02
1.107681e-02 4.230993e-01 5.364496e-02 1.692406e-01 2.559863e-02 -2.552338e-01 5.477211e-02 1.290404e-01 9.485781e-03 -2.059419e-02 3.828657e-02 3.996125e-01 2.310006e-02
1.428326e-02 5.548828e-01 1.079182e-01 2.063350e-01 3.652384e-02 -3.365908e-01 6.384171e-02 1.335567e-01 2.010385e-02 -6.190608e-02 1.815540e-02 4.160539e-01 5.809648e-02
1.807269e-02 8.048616e-01 1.599362e-01 2.798781e-01 4.328416e-02 -4.401894e-01 1.098254e-01 1.649319e-01 1.483343e-02 -9.023668e-02 3.187040e-02 5.140636e-01 9.212194e-02
5.829901e-03 2.158854e-01 2.947611e-02 1.140431e-01 2.378333e-02 -1.198190e-01 1.639361e-02 1.150387e-01 1.489057e-02 1.658944e-02 1.529703e-02 2.360337e-01 2.484674e-02
6.121396e-03 1.607246e-01 3.122612e-02 8.416940e-02 1.853078e-02 -8.797205e-02 2.521154e-02 9.131254e-02 1.402709e-02 1.746910e-02 1.602136e-02 1.816738e-01 1.660949e-02
6.995882e-03 2.386398e-01 4.697285e-02 1.129538e-01 3.133619e-02 -1.468859e-01 3.079260e-02 1.068802e-01 2.125251e-02 4.544688e-03 1.118695e-02 2.597917e-01 5.912622e-02
8.453357e-03 2.250814e-01 2.674353e-02 1.054996e-01 1.083294e-02 -1.192879e-01 2.337280e-02 9.653016e-02 2.443192e-03 1.075919e-02 1.991396e-02 2.363138e-01 1.888066e-02
1.049382e-02 3.329135e-01 5.865320e-02 1.362163e-01 1.752297e-02 -2.102132e-01 6.539481e-02 1.093774e-01 7.884398e-03 -2.229602e-02 2.122225e-02 3.115888e-01 7.597415e-02
1.311728e-02 4.201939e-01 3.310530e-02 1.459346e-01 5.938794e-03 -2.600306e-01 2.955814e-02 1.060965e-01 7.183442e-03 -3.278591e-02 1.531972e-02 3.652873e-01 2.510902e-02
1.632372e-02 5.457166e-01 2.912522e-02 2.182319e-01 2.051848e-02 -2.738003e-01 2.749831e-02 1.442412e-01 1.575445e-02 -4.562772e-02 1.396822e-02 3.865127e-01 3.594672e-02
2.011316e-02 8.285039e-01 1.892911e-01 2.656964e-01 5.959452e-02 -4.496861e-01 1.212558e-01 1.623580e-01 1.850974e-02 -6.977218e-02 4.664245e-02 5.190639e-01 6.663390e-02
8.453357e-03 2.196628e-01 1.599830e-02 1.037884e-01 3.328233e-03 -1.238966e-01 2.034379e-02 1.061682e-01 8.688136e-03 2.198313e-02 1.223565e-02 2.827304e-01 3.091511e-02
8.744852e-03 3.295080e-01 6.702329e-02 1.572277e-01 3.311309e-02 -1.962026e-01 4.608647e-02 1.317531e-01 1.691167e-02 -1.434976e-02 2.119950e-02 3.076900e-01 5.023033e-02
9.619337e-03 3.244365e-01 4.483953e-02 1.388508e-01 1.240778e-02 -1.936083e-01 4.715021e-02 1.219728e-01 7.478651e-03 4.714961e-06 2.245249e-02 3.298021e-01 4.930473e-02
1.107681e-02 3.957099e-01 3.873399e-02 1.592994e-01 2.213680e-02 -2.513676e-01 2.106992e-02 1.121670e-01 1.711292e-02 -4.582950e-02 1.641522e-02 3.146314e-01 1.554937e-02
1.311728e-02 7.190523e-01 6.836802e-02 2.751924e-01 2.835213e-02 -4.459914e-01 5.158025e-02 1.773712e-01 1.531936e-02 -7.652057e-02 1.749715e-02 5.197793e-01 5.403917e-02
1.574073e-02 4.398294e-01 1.123778e-01 1.808217e-01 4.487344e-02 -2.116476e-01 5.402957e-02 1.288142e-01 2.152891e-02 -2.618773e-02 1.831515e-02 3.384641e-01 2.767874e-02
1.894718e-02 7.260104e-01 7.681487e-02 2.758804e-01 3.463296e-02 -3.369703e-01 5.667999e-02 1.701009e-01 1.477080e-02 -6.487899e-02 2.360975e-02 4.419169e-01 5.097668e-02
2.273662e-02 9.281759e-01 1.033490e-01 2.925759e-01 5.115552e-02 -5.188992e-01 6.835452e-02 1.724916e-01 2.318189e-02 -1.190499e-01 2.899649e-02 5.549948e-01 3.499561e-02
1.165980e-02 2.873074e-01 2.812783e-02 1.116981e-01 1.636877e-02 -1.797476e-01 2.506910e-02 1.017081e-01 1.273234e-02 -1.700767e-02 1.387973e-02 2.935157e-01 3.885675e-02
1.195130e-02 4.547361e-01 7.249222e-02 1.953588e-01 3.249712e-02 -2.446868e-01 5.999956e-02 1.395849e-01 1.660116e-02 -3.033676e-02 1.948246e-02 3.373376e-01 5.172987e-02
1.282578e-02 5.733196e-01 1.074390e-01 1.999157e-01 2.942724e-02 -3.783327e-01 7.953597e-02 1.292649e-01 1.118771e-02 -6.256708e-02 2.848204e-02 4.426519e-01 6.449366e-02
1.428326e-02 5.562227e-01 9.698232e-02 1.864711e-01 4.092689e-02 -3.736328e-01 6.588955e-02 1.218293e-01 1.751697e-02 -6.214541e-02 2.792373e-02 4.553284e-01 6.119837e-02
1.632372e-02 6.712740e-01 9.735411e-02 2.751775e-01 4.996019e-02 -3.769211e-01 6.121613e-02 1.727990e-01 2.956649e-02 -8.521123e-02 1.789095e-02 4.530602e-01 6.278001e-02
1.894718e-02 4.393588e-01 6.192325e-02 1.646959e-01 3.278951e-02 -2.473299e-01 5.258148e-02 1.335856e-01 1.851024e-02 -3.845139e-02 2.651919e-02 3.705835e-01 3.125924e-02
2.215363e-02 1.011866e+00 1.704012e-01 3.413685e-01 4.482106e-02 -4.595562e-01 9.185651e-02 1.801107e-01 1.600008e-02 -1.179691e-01 3.093393e-02 4.829466e-01 7.393795e-02
2.594306e-02 7.384484e-01 8.736683e-02 2.097466e-01 3.949239e-02 -3.281177e-01 3.516095e-02 1.471221e-01 1.488995e-02 -4.903778e-02 2.035848e-02 4.919686e-01 1.954616e-02
1.544924e-02 6.435332e-01 1.664987e-01 2.335213e-01 5.916978e-02 -3.524642e-01 8.048914e-02 1.503650e-01 1.857897e-02 -6.792704e-02 4.216610e-02 4.599466e-01 5.482755e-02
1.574073e-02 5.636730e-01 1.325897e-01 2.126202e-01 5.660555e-02 -3.612812e-01 9.676154e-02 1.535083e-01 2.910629e-02 -4.967539e-02 3.985324e-02 5.191890e-01 7.188381e-02
1.661522e-02 7.454196e-01 1.343571e-01 2.892681e-01 6.180436e-02 -3.618193e-01 4.878662e-02 1.677441e-01 2.715644e-02 -9.481914e-02 1.937830e-02 4.022832e-01 3.569904e-02
1.807269e-02 7.642583e-01 1.748142e-01 2.660704e-01 7.246330e-02 -4.288114e-01 8.006825e-02 1.543001e-01 3.360974e-02 -8.431724e-02 2.910429e-02 5.096867e-01 4.746303e-02
2.011316e-02 7.227307e-01 1.267603e-01 2.491876e-01 3.536433e-02 -3.841216e-01 5.825859e-02 1.650355e-01 1.207821e-02 -6.202733e-02 1.881674e-02 4.680025e-01 1.410659e-02
2.273662e-02 7.882744e-01 8.942642e-02 2.319897e-01 3.674110e-02 -4.629926e-01 6.111572e-02 1.400216e-01 1.051877e-02 -1.003248e-01 2.527552e-02 5.971212e-01 4.491849e-02
2.594306e-02 1.095335e+00 2.193128e-01 3.299921e-01 8.191135e-02 -5.425607e-01 1.120184e-01 1.854099e-01 3.402102e-02 -1.259282e-01 4.862256e-02 6.083276e-01 5.503826e-02
2.973250e-02 1.241477e+00 2.434317e-01 3.681308e-01 4.797968e-02 -6.262564e-01 1.249432e-01 2.406766e-01 1.072327e-02 -1.579792e-01 4.558834e-02 7.787450e-01 8.449061e-02
2.623456e-03 1.976678e-01 3.917983e-02 8.697467e-02 1.062021e-02 -1.694721e-01 4.722686e-02 9.254703e-02 6.973799e-03 2.934606e-03 1.726340e-02 2.765160e-01 5.001985e-02
2.914951e-03 2.167109e-01 3.614214e-02 1.221368e-01 1.668368e-02 -1.406936e-01 3.150096e-02 1.093524e-01 1.166564e-02 -1.604395e-02 1.856462e-02 2.153616e-01 2.641939e-02
3.789436e-03 1.634771e-01 3.961649e-02 8.909765e-02 1.859721e-02 -1.018068e-01 3.291826e-02 1.002799e-01 1.463336e-02 2.135691e-02 1.155913e-02 2.076538e-01 3.529788e-02
5.246911e-03 1.664730e-01 4.346943e-02 7.701638e-02 2.251614e-02 -1.246465e-01 3.570546e-02 8.118484e-02 1.482586e-02 7.858785e-03 1.778946e-02 2.351463e-01 2.505721e-02
7.287377e-03 2.447351e-01 4.880118e-02 1.150390e-01 2.969567e-02 -1.612556e-01 2.454809e-02 1.071715e-01 1.988416e-02 6.721524e-03 1.376860e-02 3.047310e-01 2.034534e-02
9.910832e-03 3.033361e-01 3.733676e-02 1.223485e-01 1.632365e-02 -1.855907e-01 3.157635e-02 9.655069e-02 6.926204e-03 -2.065508e-02 2.077247e-02 2.931983e-01 2.681764e-02
1.311728e-02 8.461410e-01 1.382014e-01 3.263114e-01 5.692503e-02 -4.694660e-01 9.704223e-02 1.859741e-01 2.299656e-02 -1.231914e-01 4.670665e-02 4.456246e-01 4.460220e-02
1.690671e-02 6.978216e-01 9.039406e-02 2.692235e-01 2.696065e-02 -3.630993e-01 4.545031e-02 1.656054e-01 1.167623e-02 -7.938323e-02 2.357262e-02 4.026923e-01 3.341411e-02
2.914951e-03 1.414295e-01 1.943160e-02 8.469789e-02 1.551270e-02 -8.746930e-02 1.986585e-02 9.184249e-02 1.053411e-02 7.044961e-03 1.029611e-02 1.654347e-01 2.695734e-02
3.206446e-03 1.827281e-01 5.296723e-02 7.080927e-02 1.329603e-02 -1.714542e-01 7.164731e-02 8.302310e-02 7.567427e-03 1.969089e-02 2.433504e-02 3.228974e-01 9.117754e-02
4.080931e-03 2.195746e-01 4.939585e-02 8.549181e-02 1.790726e-02 -2.053010e-01 5.186107e-02 8.796194e-02 1.065790e-02 4.756981e-03 1.611299e-02 3.592908e-01 8.443421e-02
5.538406e-03 1.921504e-01 5.602022e-02 9.455333e-02 2.742632e-02 -1.376808e-01 4.950167e-02 9.332003e-02 1.867225e-02 -4.556932e-03 1.926908e-02 2.286839e-01 5.237492e-02
7.578872e-03 2.950819e-01 6.353428e-02 1.328557e-01 2.937716e-02 -1.950096e-01 4.653650e-02 1.141295e-01 1.551496e-02 -1.440290e-02 2.047490e-02 2.977005e-01 4.131394e-02
1.020233e-02 2.571758e-01 3.902650e-02 1.011167e-01 1.977481e-02 -1.836192e-01 2.272688e-02 1.101872e-01 5.629657e-03 2.842464e-02 2.145793e-02 3.659262e-01 2.314799e-02
1.340877e-02 7.358199e-01 5.732653e-02 2.938882e-01 2.813561e-02 -4.351920e-01 4.470836e-02 1.788819e-01 1.683650e-02 -9.918648e-02 1.702253e-02 4.895392e-01 5.208557e-02
1.719821e-02 6.110984e-01 1.812291e-01 2.159587e-01 5.651657e-02 -3.626951e-01 1.326627e-01 1.469547e-01 1.897712e-02 -6.441291e-02 3.673682e-02 4.653449e-01 1.146450e-01
3.789436e-03 2.035250e-01 6.299776e-02 1.053535e-01 2.253567e-02 -1.444261e-01 7.145186e-02 1.081446e-01 9.781451e-03 5.378603e-03 2.804221e-02 2.547250e-01 7.627339e-02
4.080931e-03 2.703682e-01 5.698821e-02 1.220543e-01 2.573952e-02 -2.184545e-01 5.765341e-02 1.086449e-01 1.608275e-02 -1.597164e-02 2.358175e-02 3.389585e-01 5.702729e-02
4.955416e-03 1.862509e-01 1.606998e-02 1.143270e-01 9.779510e-03 -8.870956e-02 1.403856e-02 1.209815e-01 7.810410e-03 1.908963e-02 1.258272e-02 1.920429e-01 1.247782e-02
6.412891e-03 1.871234e-01 1.551723e-02 8.281233e-02 1.068995e-02 -1.347356e-01 8.524281e-03 8.509196e-02 8.174001e-03 1.280225e-02 1.326774e-02 2.585086e-01 2.173494e-02
8.453357e-03 3.169031e-01 6.651658e-02 1.386162e-01 2.598178e-02 -2.095283e-01 7.081357e-02 1.187424e-01 1.497849e-02 -8.451666e-03 1.359919e-02 3.461701e-01 8.716618e-02
1.107681e-02 2.853271e-01 3.797003e-02 1.200026e-01 1.483365e-02 -1.747457e-01 3.851213e-02 1.121516e-01 7.958865e-03 4.737751e-03 1.944747e-02 3.206502e-01 4.916325e-02
1.428326e-02 4.900004e-01 1.029388e-01 1.907344e-01 4.863003e-02 -3.028694e-01 6.663954e-02 1.350184e-01 2.320565e-02 -3.976551e-02 2.816927e-02 4.458746e-01 5.983213e-02
1.807269e-02 8.703179e-01 2.222915e-01 3.216256e-01 7.958379e-02 -4.888251e-01 1.394443e-01 1.888918e-01 3.519949e-02 -1.296641e-01 4.511108e-02 5.254268e-01 8.979480e-02
5.246911e-03 2.125736e-01 4.986518e-02 9.831368e-02 1.822699e-02 -1.550172e-01 4.839435e-02 9.978192e-02 5.536802e-03 3.110000e-03 2.081115e-02 2.563367e-01 5.162252e-02
5.538406e-03 1.747190e-01 2.992461e-02 8.835860e-02 1.356607e-02 -1.067882e-01 2.705015e-02 9.030466e-02 1.127747e-02 1.120746e-02 9.529796e-03 2.000554e-01 2.833216e-02
6.412891e-03 1.936288e-01 3.050942e-02 9.939449e-02 1.047645e-02 -1.096196e-01 3.875049e-02 9.781011e-02 9.361058e-03 1.131537e-02 1.677468e-02 2.166172e-01 3.501715e-02
7.870367e-03 3.496729e-01 5.016967e-02 1.669586e-01 2.263317e-02 -2.282921e-01 5.472547e-02 1.334810e-01 1.799615e-02 -3.243975e-02 2.046800e-02 3.508534e-01 4.461247e-02
9.910832e-03 4.102899e-01 1.117973e-01 1.802200e-01 4.407129e-02 -2.516875e-01 7.745494e-02 1.333449e-01 2.243338e-02 -3.956381e-02 2.880442e-02 3.339612e-01 6.072189e-02
1.253429e-02 3.723934e-01 6.704395e-02 1.497356e-01 3.408789e-02 -2.267822e-01 2.675445e-02 1.262607e-01 1.657509e-02 -1.464273e-02 1.689112e-02 3.573021e-01 4.917039e-02
1.574073e-02 6.050480e-01 1.017084e-01 2.056585e-01 4.025976e-02 -3.080188e-01 6.561239e-02 1.295200e-01 2.514593e-02 -5.099340e-02 2.016835e-02 3.687319e-01 3.868986e-02
1.953017e-02 5.682190e-01 5.189292e-02 1.946773e-01 2.509183e-02 -2.884303e-01 4.432201e-02 1.321421e-01 1.398732e-02 -4.138358e-02 2.517454e-02 4.567512e-01 2.211207e-02
7.287377e-03 2.453518e-01 3.843637e-02 1.199868e-01 2.710048e-02 -1.439955e-01 1.720721e-02 1.097615e-01 1.311960e-02 6.036766e-03 2.563757e-02 2.621411e-01 2.337086e-02
7.578872e-03 2.950455e-01 4.299928e-02 1.465559e-01 2.008176e-02 -1.575556e-01 2.842029e-02 1.147163e-01 7.566930e-03 -2.417238e-02 1.357323e-02 2.223806e-01 2.921254e-02
8.453357e-03 2.574294e-01 1.853287e-02 1.155459e-01 9.867692e-03 -1.758674e-01 3.060606e-02 1.017077e-01 9.685076e-03 -1.382397e-02 4.915666e-03 2.779790e-01 3.788945e-02
9.910832e-03 4.317316e-01 4.921783e-02 2.046346e-01 3.058913e-02 -2.316532e-01 3.832745e-02 1.617372e-01 2.845035e-02 -1.855555e-02 1.779103e-02 3.670081e-01 1.730595e-02
1.195130e-02 3.546072e-01 3.826496e-02 1.322551e-01 9.501178e-03 -2.490339e-01 2.939766e-02 1.041380e-01 4.160898e-03 -2.797457e-02 5.515654e-03 3.621993e-01 3.937256e-02
1.457475e-02 5.619062e-01 8.670181e-02 2.334109e-01 4.596981e-02 -2.970171e-01 4.910100e-02 1.514808e-01 2.838174e-02 -7.279212e-02 2.439837e-02 3.735303e-01 3.932717e-02
1.778120e-02 7.970436e-01 1.002225e-01 2.817820e-01 4.576415e-02 -4.136238e-01 5.380599e-02 1.572014e-01 2.054405e-02 -9.227152e-02 1.438113e-02 4.451288e-01 5.886392e-02
2.157063e-02 9.542810e-01 1.858866e-01 2.832679e-01 5.112196e-02 -5.671881e-01 1.291622e-01 1.586680e-01 1.952297e-02 -1.119782e-01 3.703187e-02 6.389749e-01 8.708658e-02
9.910832e-03 4.073907e-01 1.033101e-01 1.569858e-01 3.662493e-02 -2.997249e-01 9.896875e-02 1.151799e-01 1.749311e-02 -4.408592e-02 2.742040e-02 4.057291e-01 1.019368e-01
1.020233e-02 4.199694e-01 6.468421e-02 1.736356e-01 2.383649e-02 -2.675968e-01 7.703123e-02 1.281059e-01 1.361791e-02 -2.271481e-02 2.199798e-02 4.118423e-01 9.580777e-02
1.107681e-02 4.793287e-01 7.389004e-02 2.044385e-01 2.473597e-02 -3.122976e-01 6.219061e-02 1.468101e-01 1.169655e-02 -5.403784e-02 2.918581e-02 4.408709e-01 6.653068e-02
1.253429e-02 4.336489e-01 1.228288e-01 1.754502e-01 4.835145e-02 -2.589033e-01 7.986386e-02 1.250359e-01 2.045712e-02 -4.774100e-02 3.047203e-02 3.490993e-01 5.499236e-02
1.457475e-02 6.541799e-01 1.018754e-01 2.519117e-01 4.518773e-02 -3.393437e-01 4.569642e-02 1.551830e-01 1.686993e-02 -6.229091e-02 2.101521e-02 4.106967e-01 3.282098e-02
1.719821e-02 7.998999e-01 1.608039e-01 2.908017e-01 5.806176e-02 -3.905060e-01 7.428147e-02 1.740562e-01 2.786181e-02 -8.074978e-02 2.357190e-02 4.023474e-01 4.287506e-02
2.040465e-02 1.104867e+00 1.404584e-01 3.974097e-01 3.608683e-02 -5.695284e-01 1.235609e-01 2.108791e-01 7.759246e-03 -1.644470e-01 4.042773e-02 5.510772e-01 7.575904e-02
2.419409e-02 7.601110e-01 1.337587e-01 2.349590e-01 5.367314e-02 -4.201844e-01 8.143057e-02 1.613259e-01 1.730152e-02 -7.032465e-02 4.043744e-02 5.476997e-01 5.934744e-02
1.311728e-02 4.936385e-01 6.660662e-02 1.942853e-01 2.860594e-02 -2.902888e-01 5.608863e-02 1.389056e-01 1.738928e-02 -4.491375e-02 2.151790e-02 3.677578e-01 4.216937e-02
1.340877e-02 4.361338e-01 6.760070e-02 1.696738e-01 3.021798e-02 -2.517636e-01 3.996726e-02 1.182094e-01 1.111155e-02 -4.679819e-02 1.909227e-02 3.346695e-01 4.679372e-02
1.428326e-02 4.968221e-01 1.185927e-01 1.920191e-01 2.998905e-02 -2.662716e-01 8.796644e-02 1.389667e-01 1.189203e-02 -3.928577e-02 2.894408e-02 3.635957e-01 7.400944e-02
1.574073e-02 8.593537e-01 1.466540e-01 3.104671e-01 5.477407e-02 -5.030166e-01 9.212013e-02 1.660539e-01 2.096999e-02 -1.241471e-01 3.250265e-02 5.315145e-01 6.338954e-02
1.778120e-02 8.491766e-01 1.316667e-01 2.868897e-01 4.590740e-02 -4.988205e-01 1.045000e-01 1.560977e-01 1.596773e-02 -1.045443e-01 4.062098e-02 5.654839e-01 8.299961e-02
2.040465e-02 8.041598e-01 9.181870e-02 2.754005e-01 2.240755e-02 -4.277435e-01 4.380887e-02 1.587749e-01 9.940407e-03 -9.661973e-02 1.492853e-02 5.064787e-01 2.749573e-02
2.361110e-02 7.787942e-01 9.243004e-02 2.775489e-01 5.889324e-02 -3.578734e-01 2.004773e-02 1.739825e-01 3.514772e-02 -7.800677e-02 1.273501e-02 5.291795e-01 4.306446e-02
2.740054e-02 7.334918e-01 1.160663e-01 2.163994e-01 4.742519e-02 -3.509575e-01 6.381637e-02 1.616664e-01 2.318873e-02 -5.913701e-02 2.102963e-02 5.782908e-01 4.289298e-02
1.690671e-02 7.938997e-01 1.712181e-01 2.979773e-01 5.269065e-02 -4.382499e-01 1.073147e-01 1.755990e-01 1.636958e-02 -1.107615e-01 3.005922e-02 4.592723e-01 8.049360e-02
1.719821e-02 6.576063e-01 6.204178e-02 2.335444e-01 4.560607e-02 -3.952976e-01 6.836254e-02 1.492317e-01 2.866891e-02 -7.387594e-02 1.852085e-02 4.916260e-01 7.654331e-02
1.807269e-02 6.911890e-01 1.724517e-01 2.317810e-01 8.057001e-02 -3.681279e-01 7.277478e-02 1.505332e-01 4.084809e-02 -7.039284e-02 3.029414e-02 4.787541e-01 3.564324e-02
1.953017e-02 6.000062e-01 8.432034e-02 1.893828e-01 2.676550e-02 -3.091191e-01 4.969152e-02 1.270766e-01 6.120871e-03 -4.392060e-02 2.763326e-02 4.239259e-01 1.218437e-02
2.157063e-02 9.329821e-01 1.981954e-01 3.456006e-01 7.850821e-02 -4.102135e-01 9.130995e-02 2.025232e-01 3.153886e-02 -9.599288e-02 3.687218e-02 5.260020e-01 7.823719e-02
2.419409e-02 9.196388e-01 1.139549e-01 3.029119e-01 4.294818e-02 -4.828027e-01 8.619782e-02 1.866525e-01 1.925892e-02 -1.077962e-01 3.631026e-02 6.187615e-01 7.005352e-02
2.740054e-02 9.879561e-01 1.821331e-01 3.065808e-01 6.063946e-02 -4.560438e-01 1.080683e-01 1.844921e-01 2.711467e-02 -1.077278e-01 4.344942e-02 5.861774e-01 4.962118e-02
3.118997e-02 8.265051e-01 5.990885e-02 2.258551e-01 1.985627e-02 -3.422765e-01 6.129477e-02 1.583827e-01 1.226715e-02 -5.559968e-02 1.132335e-02 5.900352e-01 4.697415e-02
4.663921e-03 1.796455e-01 2.878824e-02 9.067605e-02 1.048751e-02 -1.217781e-01 3.271390e-02 8.568629e-02 1.276449e-02 7.258285e-04 1.266872e-02 2.222299e-01 2.815898e-02
4.955416e-03 2.686782e-01 2.536137e-02 1.087329e-01 1.135890e-02 -2.281830e-01 2.256642e-02 8.935810e-02 5.984014e-03 -2.774203e-02 9.930671e-03 3.207606e-01 2.588301e-02
5.829901e-03 2.273550e-01 3.112796e-02 9.963157e-02 1.674702e-02 -1.627028e-01 2.771922e-02 1.008518e-01 1.175438e-02 1.343227e-02 1.232931e-02 2.862984e-01 3.410802e-02
7.287377e-03 3.264753e-01 8.727537e-02 1.652622e-01 4.224799e-02 -1.830476e-01 4.704542e-02 1.230270e-01 2.157332e-02 -3.666451e-02 2.149028e-02 2.498602e-01 2.765323e-02
9.327842e-03 4.008385e-01 6.930353e-02 1.824182e-01 3.167278e-02 -2.261051e-01 4.259117e-02 1.317930e-01 2.066363e-02 -3.637682e-02 2.223044e-02 3.178123e-01 3.615987e-02
1.195130e-02 3.810007e-01 4.495740e-02 1.728916e-01 2.316476e-02 -1.964001e-01 3.798150e-02 1.377051e-01 1.278906e-02 -2.802491e-02 1.261916e-02 2.736548e-01 4.895651e-02
1.515774e-02 5.505756e-01 8.107383e-02 2.103213e-01 2.796744e-02 -3.111784e-01 8.116087e-02 1.405664e-01 1.210119e-02 -5.362225e-02 2.539249e-02 4.071146e-01 7.002324e-02
1.894718e-02 7.090590e-01 1.256464e-01 2.654008e-01 5.216729e-02 -3.852959e-01 6.822202e-02 1.668844e-01 2.412854e-02 -7.595922e-02 2.021509e-02 4.879565e-01 6.076529e-02
4.955416e-03 2.773628e-01 4.764333e-02 1.288806e-01 2.504132e-02 -1.985618e-01 3.451393e-02 1.133168e-01 1.878362e-02 -1.545891e-02 1.389356e-02 2.934607e-01 2.867373e-02
5.246911e-03 2.134417e-01 5.947799e-02 1.116185e-01 2.875438e-02 -1.361171e-01 4.722388e-02 1.035817e-01 1.481228e-02 -7.645639e-03 1.819794e-02 2.179276e-01 5.150878e-02
6.121396e-03 3.071612e-01 5.015172e-02 1.270554e-01 1.637017e-02 -2.262000e-01 5.038540e-02 1.011939e-01 4.415780e-03 -2.482689e-02 1.862707e-02 3.106790e-01 5.140017e-02
7.578872e-03 3.001031e-01 2.610362e-02 1.270777e-01 1.078249e-02 -2.256397e-01 3.186740e-02 1.038666e-01 8.171067e-03 -2.047507e-02 9.284568e-03 3.384535e-01 4.152753e-02
9.619337e-03 4.083106e-01 4.712203e-02 1.963346e-01 2.147036e-02 -1.812806e-01 2.003281e-02 1.581810e-01 1.695341e-02 -9.078776e-03 1.508422e-02 2.729040e-01 4.175781e-02
1.224279e-02 5.547961e-01 5.139142e-02 2.366397e-01 1.442195e-02 -3.366157e-01 5.191092e-02 1.540065e-01 9.860772e-03 -7.727813e-02 1.598012e-02 4.183730e-01 3.671862e-02
1.544924e-02 5.714647e-01 7.460714e-02 2.084519e-01 3.528868e-02 -3.337305e-01 4.291542e-02 1.402609e-01 1.223864e-02 -5.491094e-02 2.310392e-02 4.598346e-01 2.449344e-02
1.923867e-02 1.034748e+00 1.502095e-01 3.542548e-01 5.562528e-02 -6.411794e-01 1.382074e-01 1.884711e-01 2.252342e-02 -1.541741e-01 5.059577e-02 6.965683e-01 1.233635e-01
5.829901e-03 1.979419e-01 1.234215e-02 1.029744e-01 7.036810e-03 -1.113554e-01 1.710340e-02 1.006350e-01 4.099467e-03 1.371513e-02 6.655333e-03 2.192819e-01 2.565416e-02
6.121396e-03 1.795969e-01 1.339951e-02 8.815462e-02 5.699550e-03 -1.193019e-01 3.036715e-02 8.545076e-02 8.707318e-03 7.577226e-03 1.774251e-02 2.342894e-01 2.844487e-02
6.995882e-03 2.567688e-01 2.576032e-02 1.159126e-01 1.120963e-02 -1.881034e-01 2.920105e-02 1.140415e-01 7.018779e-03 1.309816e-03 9.042840e-03 3.197785e-01 4.797613e-02
8.453357e-03 2.802772e-01 6.780258e-02 1.234902e-01 3.568807e-02 -1.729565e-01 3.368750e-02 1.044184e-01 1.980542e-02 -1.031299e-02 1.088670e-02 2.715460e-01 4.391390e-02
1.049382e-02 3.463746e-01 7.295651e-02 1.480734e-01 2.701146e-02 -2.002429e-01 5.714689e-02 1.292169e-01 1.537044e-02 -4.407548e-03 2.383921e-02 3.160236e-01 4.172064e-02
1.311728e-02 5.718223e-01 9.013718e-02 2.361957e-01 3.720848e-02 -3.001626e-01 4.835717e-02 1.522499e-01 1.350112e-02 -5.384947e-02 2.757917e-02 3.827823e-01 4.003970e-02
1.632372e-02 7.077747e-01 9.676381e-02 2.310671e-01 3.304935e-02 -4.101980e-01 5.894064e-02 1.334679e-01 1.089411e-02 -6.700958e-02 1.560788e-02 5.216636e-01 6.003500e-02
2.011316e-02 8.390206e-01 1.226069e-01 2.818807e-01 3.588366e-02 -4.345927e-01 8.567992e-02 1.670744e-01 8.886006e-03 -8.629643e-02 3.100822e-02 5.222690e-01 6.116338e-02
7.287377e-03 3.124250e-01 4.386884e-02 1.343627e-01 2.617620e-02 -2.467688e-01 4.373687e-02 1.067262e-01 1.551660e-02 -3.589083e-02 2.371829e-02 3.553452e-01 4.213180e-02
7.578872e-03 2.588969e-01 6.407055e-02 1.040070e-01 2.254477e-02 -1.955835e-01 4.928608e-02 9.466747e-02 1.024608e-02 -1.158429e-02 1.629315e-02 3.026514e-01 4.774042e-02
8.453357e-03 2.138583e-01 3.064013e-02 8.733235e-02 1.161225e-02 -1.419139e-01 3.103924e-02 8.310335e-02 5.913238e-03 5.803695e-03 1.423714e-02 2.537034e-01 5.301343e-02
9.910832e-03 5.294537e-01 8.316438e-02 2.113671e-01 3.330771e-02 -3.629372e-01 9.227790e-02 1.395008e-01 2.282478e-02 -6.760142e-02 2.975891e-02 4.391461e-01 9.028995e-02
1.195130e-02 3.431722e-01 6.766018e-02 1.359657e-01 3.822618e-02 -2.147086e-01 4.036561e-02 1.086287e-01 1.893835e-02 -1.305856e-02 2.804145e-02 3.522281e-01 4.283865e-02
1.457475e-02 6.365547e-01 1.024089e-01 2.207213e-01 4.205204e-02 -4.116859e-01 5.571722e-02 1.269592e-01 1.693049e-02 -8.473286e-02 1.932159e-02 4.925003e-01 5.194577e-02
1.778120e-02 4.067809e-01 4.003723e-02 1.296395e-01 1.026781e-02 -1.952516e-01 3.124815e-02 1.102935e-01 9.130157e-03 9.597942e-03 1.081829e-02 3.461934e-01 3.244247e-02
2.157063e-02 1.001497e+00 2.388744e-01 3.385973e-01 7.372339e-02 -4.866791e-01 1.411616e-01 1.947384e-01 3.055720e-02 -1.084669e-01 5.251376e-02 5.291519e-01 5.960594e-02
9.327842e-03 5.325597e-01 8.017027e-02 1.907383e-01 2.556348e-02 -4.065471e-01 6.359867e-02 1.143038e-01 7.982453e-03 -8.878751e-02 2.189181e-02 4.757617e-01 5.504110e-02
9.619337e-03 3.042186e-01 2.338326e-02 1.198624e-01 9.831934e-03 -1.927495e-01 2.373934e-02 9.910523e-02 6.118423e-03 -1.480150e-02 1.151308e-02 2.860948e-01 3.579623e-02
1.049382e-02 4.859216e-01 5.545707e-02 1.849348e-01 2.618397e-02 -3.054083e-01 1.093886e-02 1.190415e-01 1.371947e-02 -5.532404e-02 1.470271e-02 3.706244e-01 2.717566e-02
1.195130e-02 3.267155e-01 1.643688e-02 1.414436e-01 1.282874e-02 -1.933212e-01 3.006286e-02 1.214359e-01 1.054756e-02 -1.654114e-02 1.312180e-02 3.054945e-01 3.987438e-02
1.399176e-02 5.128242e-01 6.397897e-02 1.918002e-01 2.670668e-02 -2.947446e-01 4.417223e-02 1.320452e-01 1.238148e-02 -4.013492e-02 2.581885e-02 3.899802e-01 3.179839e-02
1.661522e-02 6.041781e-01 1.025438e-01 2.246968e-01 4.057317e-02 -3.681212e-01 5.268038e-02 1.516560e-01 1.269135e-02 -7.571572e-02 2.799877e-02 4.427567e-01 3.575858e-02
1.982166e-02 1.000132e+00 1.521426e-01 3.507925e-01 5.248644e-02 -4.504333e-01 6.537142e-02 1.889367e-01 2.300150e-02 -1.023043e-01 2.345087e-02 4.808541e-01 2.040265e-02
2.361110e-02 1.170493e+00 2.075792e-01 3.516199e-01 5.529175e-02 -6.481250e-01 1.043645e-01 1.867597e-01 1.436196e-02 -1.475344e-01 2.193439e-02 7.141144e-01 7.237269e-02
1.195130e-02 4.687297e-01 6.373393e-02 1.884047e-01 4.090095e-02 -2.758294e-01 3.087672e-02 1.273770e-01 2.414103e-02 -5.249177e-02 1.608666e-02 3.495526e-01 4.249358e-02
1.224279e-02 4.564400e-01 8.802941e-02 1.978149e-01 4.465241e-02 -2.260649e-01 2.407531e-02 1.333950e-01 1.912484e-02 -3.768073e-02 1.654436e-02 3.198652e-01 8.808403e-03
1.311728e-02 5.026746e-01 7.012896e-02 2.064761e-01 2.958482e-02 -2.445858e-01 5.204049e-02 1.407512e-01 1.497477e-02 -4.326950e-02 1.969445e-02 3.202629e-01 3.243164e-02
1.457475e-02 3.932285e-01 3.510091e-02 1.708331e-01 1.987356e-02 -1.980825e-01 1.600004e-02 1.373824e-01 1.046412e-02 4.494853e-03 9.361985e-03 4.057321e-01 2.153708e-02
1.661522e-02 7.844468e-01 4.244637e-02 2.854602e-01 2.391136e-02 -4.808562e-01 5.208389e-02 1.629043e-01 1.790359e-02 -1.186362e-01 1.309888e-02 5.420993e-01 6.317661e-02
1.923867e-02 7.982008e-01 5.867970e-02 2.715998e-01 2.241502e-02 -3.807505e-01 4.374720e-02 1.515584e-01 1.442847e-02 -9.365673e-02 6.329192e-03 4.191334e-01 5.458447e-02
2.244512e-02 1.026414e+00 2.021301e-01 3.144017e-01 5.929980e-02 -6.046399e-01 1.666947e-01 1.696488e-01 2.356600e-02 -1.304979e-01 4.504835e-02 7.235949e-01 1.299084e-01
2.623456e-02 9.684843e-01 1.847783e-01 2.934368e-01 6.719962e-02 -4.801842e-01 1.192776e-01 1.824451e-01 2.758685e-02 -9.971013e-02 4.045459e-02 5.486008e-01 5.119746e-02
1.515774e-02 6.025344e-01 6.697184e-02 1.939673e-01 2.592367e-02 -3.582612e-01 4.432604e-02 1.194873e-01 1.473038e-02 -4.779310e-02 1.571557e-02 4.574127e-01 5.658772e-02
1.544924e-02 5.905144e-01 1.087239e-01 2.182947e-01 5.525682e-02 -3.415582e-01 5.831848e-02 1.509088e-01 3.617298e-02 -3.757562e-02 1.863523e-02 4.941304e-01 3.920141e-02
1.632372e-02 6.742593e-01 1.051892e-01 2.312020e-01 3.527208e-02 -3.931664e-01 5.887105e-02 1.378841e-01 1.662927e-02 -7.597926e-02 1.142673e-02 4.928189e-01 5.777483e-02
1.778120e-02 6.486728e-01 1.259140e-01 2.407422e-01 4.043752e-02 -4.063477e-01 7.081016e-02 1.522819e-01 2.068739e-02 -1.054721e-01 1.886891e-02 4.712356e-01 4.518550e-02
1.982166e-02 5.549114e-01 8.202936e-02 1.679835e-01 2.007935e-02 -3.440834e-01 6.674877e-02 1.294006e-01 1.374785e-02 -3.367073e-02 1.615632e-02 5.565513e-01 9.266182e-02
2.244512e-02 1.132012e+00 1.535018e-01 3.933294e-01 5.356853e-02 -5.354754e-01 8.299975e-02 2.188433e-01 1.699208e-02 -1.158255e-01 2.380328e-02 5.580654e-01 6.850069e-02
2.565157e-02 1.406065e+00 2.613840e-01 4.456131e-01 7.774615e-02 -7.199238e-01 1.218212e-01 2.223271e-01 2.007101e-02 -1.716591e-01 3.428940e-02 7.614526e-01 9.020438e-02
2.944100e-02 9.923261e-01 1.344844e-01 3.229676e-01 5.183452e-02 -5.192794e-01 8.908107e-02 2.059928e-01 2.289511e-02 -1.354644e-01 3.425513e-02 6.356980e-01 6.547171e-02
1.894718e-02 6.383566e-01 1.527456e-01 2.350753e-01 5.389941e-02 -3.043986e-01 6.269341e-02 1.611794e-01 2.341068e-02 -4.339505e-02 1.797948e-02 4.291086e-01 5.064190e-02
1.923867e-02 6.500888e-01 8.607670e-02 1.996011e-01 4.205767e-02 -3.979540e-01 5.283400e-02 1.333207e-01 1.858473e-02 -5.604180e-02 2.515664e-02 5.587546e-01 4.644421e-02
2.011316e-02 7.902501e-01 1.249097e-01 2.560649e-01 3.830044e-02 -4.025335e-01 7.434912e-02 1.571788e-01 2.010794e-02 -5.835370e-02 2.296141e-02 5.477215e-01 6.890092e-02
2.157063e-02 9.753800e-01 1.564286e-01 3.493740e-01 5.922429e-02 -5.453977e-01 7.672556e-02 2.060726e-01 2.288811e-02 -1.324681e-01 3.445194e-02 5.927526e-01 5.187548e-02
2.361110e-02 1.079145e+00 1.729010e-01 3.343215e-01 5.300108e-02 -6.619149e-01 1.135692e-01 1.719467e-01 2.082292e-02 -1.597134e-01 2.904102e-02 7.505532e-01 1.025339e-01
2.623456e-02 8.318380e-01 1.085785e-01 2.933230e-01 5.067255e-02 -2.650931e-01 1.001783e-02 1.908815e-01 1.462012e-02 -6.520159e-02 2.086315e-02 3.901326e-01 3.297622e-02
2.944100e-02 1.323585e+00 2.441837e-01 4.066495e-01 7.825245e-02 -6.133280e-01 1.924334e-01 2.339496e-01 3.324144e-02 -1.178770e-01 5.711786e-02 7.157153e-01 1.624609e-01
3.323044e-02 1.339339e+00 3.636469e-01 3.723105e-01 1.015377e-01 -5.786158e-01 1.179234e-01 2.159443e-01 3.598585e-02 -1.639411e-01 3.752127e-02 6.994014e-01 2.836220e-02
7.287377e-03 1.981528e-01 2.058684e-02 7.329320e-02 1.053897e-02 -1.577109e-01 3.420565e-02 7.807741e-02 9.246806e-03 1.229413e-02 5.604175e-03 2.842959e-01 5.290588e-02
7.578872e-03 2.761823e-01 2.777263e-02 1.323534e-01 1.247065e-02 -1.871112e-01 2.199093e-02 1.190397e-01 9.536412e-03 -1.189463e-02 7.867591e-03 3.157896e-01 3.277863e-02
8.453357e-03 3.054409e-01 3.675844e-02 1.370605e-01 1.869967e-02 -1.838450e-01 2.011125e-02 1.067217e-01 8.895695e-03 -2.969270e-02 1.607398e-02 2.462672e-01 1.412588e-02
9.910832e-03 3.349521e-01 5.096615e-02 1.486467e-01 2.476782e-02 -1.866261e-01 4.217529e-02 1.197659e-01 1.299991e-02 -2.245977e-02 1.392869e-02 2.839094e-01 3.448784e-02
1.195130e-02 3.403341e-01 4.789718e-02 1.405357e-01 2.197716e-02 -2.083679e-01 4.135259e-02 1.083217e-01 1.569216e-02 -2.786128e-02 2.116206e-02 3.218282e-01 2.738402e-02
1.457475e-02 5.370486e-01 5.126255e-02 2.033127e-01 1.961937e-02 -2.511699e-01 2.661678e-02 1.351195e-01 9.631880e-03 -2.616166e-02 1.294946e-02 3.442912e-01 2.655730e-02
1.778120e-02 1.090476e+00 1.461275e-01 3.715872e-01 5.341203e-02 -5.990429e-01 8.681058e-02 1.945354e-01 2.316757e-02 -1.448607e-01 2.937211e-02 5.748552e-01 7.463057e-02
2.157063e-02 6.893855e-01 3.987165e-02 2.325505e-01 2.993540e-02 -2.936428e-01 3.763936e-02 1.399117e-01 1.545893e-02 -4.606559e-02 1.912307e-02 4.072734e-01 3.289075e-02
7.578872e-03 2.189356e-01 3.051208e-02 1.061988e-01 1.785009e-02 -1.298074e-01 2.203231e-02 9.737355e-02 8.770384e-03 -3.098020e-03 1.180872e-02 2.177898e-01 2.857448e-02
7.870367e-03 3.873724e-01 4.207390e-02 1.929305e-01 2.948206e-02 -1.947483e-01 2.429002e-02 1.427685e-01 2.221989e-02 -3.552020e-02 9.561217e-03 2.467194e-01 2.510434e-02
8.744852e-03 4.100605e-01 5.277736e-02 1.918515e-01 7.554652e-03 -2.534329e-01 6.196932e-02 1.426456e-01 8.756095e-03 -4.154175e-02 2.323393e-02 3.560016e-01 8.623485e-02
1.020233e-02 3.588349e-01 4.612963e-02 1.498952e-01 1.842323e-02 -2.431091e-01 4.214573e-02 1.143116e-01 9.982382e-03 -3.668700e-02 1.439410e-02 3.243451e-01 3.185420e-02
1.224279e-02 4.086543e-01 6.557647e-02 1.577388e-01 2.842730e-02 -2.502359e-01 5.326732e-02 1.154354e-01 1.271361e-02 -3.054695e-02 1.184876e-02 3.572573e-01 7.490875e-02
1.486625e-02 5.853626e-01 9.445758e-02 2.333710e-01 3.363625e-02 -3.087889e-01 6.179061e-02 1.520274e-01 1.929697e-02 -5.150557e-02 1.393619e-02 4.335898e-01 4.503304e-02
1.807269e-02 6.944650e-01 8.645408e-02 2.481536e-01 4.162399e-02 -3.998930e-01 5.004293e-02 1.578363e-01 2.191588e-02 -6.104362e-02 2.279819e-02 5.044181e-01 3.251326e-02
2.186213e-02 8.472938e-01 1.631453e-01 2.377085e-01 3.693572e-02 -5.292858e-01 1.359394e-01 1.523773e-01 1.191796e-02 -9.007007e-02 3.850698e-02 6.425956e-01 8.300390e-02
8.453357e-03 3.893920e-01 8.380853e-02 1.643829e-01 2.781800e-02 -2.759170e-01 8.169880e-02 1.262044e-01 1.101231e-02 -4.113946e-02 2.627389e-02 3.752937e-01 7.397539e-02
8.744852e-03 2.476049e-01 4.225641e-02 1.025983e-01 1.578856e-02 -1.715707e-01 3.945847e-02 9.089816e-02 1.037630e-02 -9.744043e-03 1.161737e-02 2.766616e-01 4.505179e-02
9.619337e-03 3.825508e-01 1.112512e-01 1.678761e-01 4.591912e-02 -2.323959e-01 6.902999e-02 1.243796e-01 2.060919e-02 -4.312725e-02 3.133804e-02 3.084050e-01 3.265673e-02
1.107681e-02 4.249893e-01 7.719198e-02 1.997751e-01 4.045349e-02 -2.284401e-01 4.621315e-02 1.502480e-01 2.294527e-02 -3.255805e-02 2.834081e-02 3.472159e-01 3.421929e-02
1.311728e-02 5.722341e-01 1.247441e-01 2.433427e-01 4.027010e-02 -2.948362e-01 8.903814e-02 1.597935e-01 1.703259e-02 -6.079494e-02 3.047062e-02 3.337719e-01 6.454077e-02
1.574073e-02 6.029910e-01 8.482156e-02 2.024142e-01 2.423403e-02 -3.736429e-01 6.101394e-02 1.256873e-01 1.280214e-02 -6.798164e-02 1.023253e-02 4.713836e-01 4.917762e-02
1.894718e-02 7.074196e-01 6.061320e-02 2.562183e-01 3.692391e-02 -2.882169e-01 2.613991e-02 1.731174e-01 1.552798e-02 -3.989430e-02 1.229177e-02 3.792094e-01 4.232865e-02
2.273662e-02 1.044000e+00 1.352453e-01 3.361964e-01 3.367927e-02 -5.116929e-01 8.396795e-02 1.726946e-01 5.745550e-03 -1.243178e-01 1.583903e-02 5.346152e-01 7.219735e-02
9.910832e-03 4.413869e-01 8.537775e-02 1.826755e-01 3.184982e-02 -2.967706e-01 6.345592e-02 1.268938e-01 1.250074e-02 -5.917420e-02 2.630272e-02 3.847729e-01 4.213124e-02
1.020233e-02 3.586636e-01 5.409850e-02 1.715625e-01 2.357858e-02 -1.787182e-01 4.209657e-02 1.304105e-01 1.602952e-02 -2.338120e-02 1.248019e-02 2.580482e-01 4.523018e-02
1.107681e-02 3.784457e-01 7.577215e-02 1.480769e-01 2.921885e-02 -2.566826e-01 6.944398e-02 1.162812e-01 2.003104e-02 -2.012236e-02 1.978839e-02 4.028488e-01 7.482267e-02
1.253429e-02 4.464001e-01 5.628425e-02 1.655626e-01 2.404914e-02 -2.864992e-01 5.930748e-02 1.179620e-01 1.095934e-02 -4.623907e-02 2.760128e-02 3.521383e-01 5.191315e-02
1.457475e-02 7.270786e-01 1.984280e-01 2.593069e-01 6.962161e-02 -4.631177e-01 1.375807e-01 1.433495e-01 2.681113e-02 -1.173970e-01 4.729534e-02 4.974885e-01 1.138711e-01
1.719821e-02 6.050320e-01 6.815467e-02 2.393418e-01 2.831036e-02 -3.146818e-01 4.878997e-02 1.554763e-01 1.687112e-02 -8.012788e-02 1.988735e-02 3.777010e-01 4.278399e-02
2.040465e-02 9.674440e-01 9.091321e-02 3.308809e-01 4.665812e-02 -5.041159e-01 2.130741e-02 1.852354e-01 1.767508e-02 -1.206688e-01 1.689671e-02 5.394962e-01 2.154441e-02
2.419409e-02 1.098564e+00 1.994003e-01 3.497372e-01 7.287163e-02 -4.831695e-01 1.075990e-01 1.931079e-01 3.077395e-02 -9.996606e-02 2.888374e-02 5.456802e-01 6.947665e-02
1.195130e-02 3.985558e-01 4.660652e-02 1.546897e-01 2.176364e-02 -2.283374e-01 3.324667e-02 1.138751e-01 1.295575e-02 -2.453212e-02 1.406574e-02 3.284894e-01 3.873426e-02
1.224279e-02 3.856154e-01 5.956051e-02 1.475816e-01 2.903004e-02 -2.445689e-01 4.152460e-02 1.163996e-01 1.332831e-02 -1.703619e-02 1.300139e-02 3.759301e-01 5.499961e-02
1.311728e-02 6.925360e-01 8.879750e-02 2.446318e-01 2.244776e-02 -4.808889e-01 9.214062e-02 1.422940e-01 9.097770e-03 -1.033154e-01 2.158706e-02 5.338478e-01 9.304549e-02
1.457475e-02 5.879260e-01 1.053353e-01 1.956239e-01 4.177298e-02 -3.801350e-01 7.790909e-02 1.240488e-01 1.648828e-02 -6.360727e-02 3.241750e-02 4.463608e-01 6.756989e-02
1.661522e-02 5.763098e-01 1.682154e-01 2.055165e-01 5.642083e-02 -3.163033e-01 8.675136e-02 1.476335e-01 1.897359e-02 -4.416018e-02 3.268366e-02 4.549156e-01 3.647259e-02
1.923867e-02 7.373237e-01 5.505973e-02 2.628291e-01 1.308245e-02 -3.640889e-01 4.521261e-02 1.743746e-01 1.614921e-03 -8.035150e-02 1.665132e-02 4.228106e-01 5.792407e-02
2.244512e-02 1.146188e+00 2.490991e-01 3.878555e-01 9.501665e-02 -5.951896e-01 1.002434e-01 2.014362e-01 3.759467e-02 -1.572991e-01 4.481860e-02 5.920209e-01 3.567937e-02
2.623456e-02 9.915082e-01 1.503296e-01 3.088481e-01 4.714446e-02 -5.038179e-01 8.484030e-02 1.780828e-01 1.217977e-02 -1.157407e-01 2.322275e-02 7.170388e-01 8.049566e-02
1.457475e-02 4.331006e-01 6.700299e-02 1.844011e-01 3.259924e-02 -2.113737e-01 4.395512e-02 1.386760e-01 1.314882e-02 -1.403826e-02 2.627074e-02 3.575220e-01 3.265954e-02
1.486625e-02 6.492101e-01 7.591098e-02 2.607077e-01 2.011589e-02 -3.550911e-01 7.146181e-02 1.669501e-01 7.363439e-03 -7.689829e-02 1.873374e-02 4.398701e-01 6.315525e-02
1.574073e-02 4.777450e-01 4.336694e-02 1.842210e-01 2.515082e-02 -2.212799e-01 1.275988e-02 1.260642e-01 1.644745e-02 -2.527395e-02 5.194876e-03 3.382229e-01 2.310757e-02
1.719821e-02 8.896889e-01 1.812309e-01 3.241099e-01 6.361927e-02 -4.894127e-01 9.335046e-02 1.785614e-01 2.286984e-02 -1.057193e-01 4.374651e-02 5.443818e-01 4.333759e-02
1.923867e-02 1.106989e+00 2.102028e-01 3.547121e-01 7.716911e-02 -6.450612e-01 1.119113e-01 1.739617e-01 2.948232e-02 -1.583792e-01 4.061698e-02 6.096853e-01 6.714551e-02
2.186213e-02 8.371484e-01 1.425744e-01 3.101843e-01 5.874063e-02 -3.941935e-01 7.217680e-02 1.907828e-01 2.598631e-02 -9.540767e-02 3.326227e-02 4.804385e-01 2.529757e-02
2.506858e-02 7.564793e-01 8.340206e-02 2.056721e-01 2.856758e-02 -3.923248e-01 5.441558e-02 1.452575e-01 8.815013e-03 -6.713217e-02 1.224285e-02 5.820702e-01 8.666399e-02
2.885801e-02 1.445937e+00 1.888190e-01 4.454549e-01 8.431154e-02 -6.635192e-01 6.989118e-02 2.444153e-01 3.648016e-02 -1.757223e-01 3.525092e-02 7.510957e-01 7.279928e-02
1.778120e-02 9.853316e-01 1.839851e-01 3.476503e-01 7.357013e-02 -5.933366e-01 1.025848e-01 1.878155e-01 2.367383e-02 -1.734472e-01 4.292293e-02 6.224303e-01 7.146801e-02
1.807269e-02 6.014329e-01 7.653215e-02 2.348890e-01 2.576634e-02 -3.322222e-01 7.585006e-02 1.481286e-01 8.950973e-03 -7.725609e-02 2.617374e-02 4.315037e-01 8.631620e-02
1.894718e-02 8.104344e-01 1.539650e-01 2.955886e-01 7.847534e-02 -4.643358e-01 6.969112e-02 1.681515e-01 4.075235e-02 -1.237635e-01 3.315564e-02 5.116600e-01 4.924123e-02
2.040465e-02 9.730460e-01 1.566367e-01 3.439447e-01 7.076939e-02 -4.682838e-01 3.784604e-02 1.859938e-01 3.309042e-02 -1.125467e-01 1.586386e-02 4.774352e-01 5.491195e-02
2.244512e-02 1.224417e+00 2.191292e-01 4.470002e-01 9.995968e-02 -5.294354e-01 6.580318e-02 2.420143e-01 4.626756e-02 -1.598107e-01 3.143860e-02 4.964825e-01 3.235605e-02
2.506858e-02 1.330877e+00 1.249589e-01 4.371960e-01 3.116234e-02 -6.628321e-01 7.941840e-02 2.225694e-01 8.957591e-03 -1.765974e-01 2.799705e-02 6.721795e-01 8.156629e-02
2.827502e-02 1.178765e+00 1.895019e-01 3.850865e-01 5.919624e-02 -4.381552e-01 1.257129e-01 2.073172e-01 1.701630e-02 -1.305344e-01 5.223465e-02 5.169200e-01 5.537339e-02
3.206446e-02 1.290014e+00 1.978698e-01 4.095135e-01 9.441410e-02 -6.158411e-01 9.818973e-02 2.367026e-01 4.259977e-02 -1.856640e-01 4.932998e-02 7.301347e-01 7.225290e-02
2.157063e-02 1.126255e+00 2.218738e-01 3.673042e-01 6.287227e-02 -7.184859e-01 1.669615e-01 2.017701e-01 2.112880e-02 -1.821763e-01 4.927421e-02 7.962078e-01 1.292942e-01
2.186213e-02 6.686868e-01 1.150889e-01 2.390309e-01 4.255831e-02 -3.727024e-01 5.668639e-02 1.663257e-01 1.196217e-02 -6.995191e-02 2.548832e-02 5.156291e-01 3.124724e-02
2.273662e-02 6.136448e-01 1.111970e-01 1.813297e-01 4.051898e-02 -3.341771e-01 4.555975e-02 1.367610e-01 1.264981e-02 -4.260217e-02 1.640168e-02 4.785871e-01 3.792102e-02
2.419409e-02 7.861190e-01 5.277736e-02 2.458005e-01 1.885316e-02 -3.949036e-01 4.119787e-02 1.512988e-01 1.101218e-02 -8.859089e-02 1.696079e-02 4.618884e-01 4.148600e-02
2.623456e-02 9.450198e-01 1.446917e-01 3.158192e-01 5.511682e-02 -4.877782e-01 6.323789e-02 1.868678e-01 1.985016e-02 -1.092378e-01 2.129108e-02 6.479248e-01 4.424329e-02
2.885801e-02 1.200877e+00 2.119916e-01 3.819652e-01 9.062148e-02 -5.906655e-01 1.295583e-01 2.112370e-01 4.667537e-02 -1.516524e-01 4.996851e-02 6.942245e-01 1.057370e-01
3.206446e-02 9.349126e-01 9.663898e-02 2.600614e-01 3.555493e-02 -3.845265e-01 6.713697e-02 1.776854e-01 1.602460e-02 -1.049456e-01 1.687742e-02 6.538219e-01 4.252098e-02
3.585389e-02 7.698127e-01 1.187875e-01 1.802520e-01 4.133323e-02 -2.831450e-01 8.702372e-02 1.822644e-01 2.901223e-02 -2.798548e-02 2.615686e-02 7.312758e-01 7.517350e-02
1.049382e-02 4.768218e-01 1.399328e-01 1.975134e-01 6.069250e-02 -3.190217e-01 9.362642e-02 1.364419e-01 2.761518e-02 -6.283894e-02 3.960466e-02 4.149612e-01 7.183488e-02
1.078532e-02 2.448500e-01 3.626034e-02 1.022388e-01 1.292131e-02 -1.542068e-01 4.338601e-02 9.939420e-02 1.197682e-02 9.928052e-03 2.388977e-02 3.014360e-01 3.061833e-02
1.165980e-02 3.375164e-01 2.872631e-02 1.532689e-01 2.079332e-02 -1.498927e-01 2.012922e-02 1.232593e-01 1.293401e-02 -1.487056e-03 1.137362e-02 2.674377e-01 2.927145e-02
1.311728e-02 4.584749e-01 8.816652e-02 1.723235e-01 2.748761e-02 -3.017608e-01 6.851798e-02 1.162688e-01 1.105497e-02 -3.978281e-02 2.208253e-02 4.355747e-01 6.094994e-02
1.515774e-02 5.344123e-01 7.139876e-02 2.047656e-01 3.502193e-02 -2.740019e-01 2.867204e-02 1.433003e-01 2.248029e-02 -3.734602e-02 1.175139e-02 3.758197e-01 2.764203e-02
1.778120e-02 5.740383e-01 8.868049e-02 2.115182e-01 2.896435e-02 -3.157150e-01 7.686608e-02 1.474267e-01 9.116098e-03 -5.340867e-02 3.103264e-02 3.857225e-01 5.838763e-02
2.098764e-02 1.002572e+00 2.277965e-01 3.396355e-01 7.117538e-02 -5.217923e-01 1.193063e-01 1.824828e-01 2.082197e-02 -1.291051e-01 3.570205e-02 5.668528e-01 6.590121e-02
2.477708e-02 8.552528e-01 2.588707e-01 3.150705e-01 1.058091e-01 -3.452269e-01 1.101862e-01 2.145545e-01 4.135293e-02 -7.563554e-02 5.002980e-02 4.773642e-01 4.391986e-02
1.078532e-02 3.403458e-01 5.104637e-02 1.411157e-01 1.724979e-02 -2.183189e-01 5.372540e-02 1.226642e-01 1.052243e-02 -1.711143e-02 1.797331e-02 3.164358e-01 6.016634e-02
1.107681e-02 5.172431e-01 8.542228e-02 2.045671e-01 3.907606e-02 -3.335232e-01 6.169187e-02 1.307949e-01 2.213487e-02 -7.424836e-02 2.227434e-02 3.966602e-01 5.114696e-02
1.195130e-02 5.325416e-01 5.792639e-02 2.182382e-01 3.285599e-02 -2.871160e-01 2.096339e-02 1.460196e-01 2.101156e-02 -4.643168e-02 1.034337e-02 3.547218e-01 1.760689e-02
1.340877e-02 5.756165e-01 6.207247e-02 2.377402e-01 2.639398e-02 -3.203200e-01 5.172064e-02 1.583253e-01 1.141003e-02 -7.904600e-02 2.706197e-02 3.824332e-01 5.482176e-02
1.544924e-02 5.882622e-01 1.316035e-01 2.026749e-01 4.102606e-02 -3.561947e-01 9.354586e-02 1.355208e-01 1.868674e-02 -5.199340e-02 2.851788e-02 4.457956e-01 7.382342e-02
1.807269e-02 5.609634e-01 9.728578e-02 2.071732e-01 2.802532e-02 -2.719856e-01 5.721376e-02 1.394168e-01 1.252639e-02 -5.143279e-02 1.348438e-02 3.823041e-01 4.918792e-02
2.127914e-02 7.895069e-01 1.631344e-01 2.862351e-01 7.743829e-02 -3.873036e-01 8.570990e-02 1.802861e-01 3.322579e-02 -6.938439e-02 4.840909e-02 4.861344e-01 3.507601e-02
2.506858e-02 8.209846e-01 9.506698e-02 2.609876e-01 3.800210e-02 -4.471952e-01 8.565266e-02 1.787996e-01 1.656719e-02 -6.757907e-02 2.808686e-02 6.294177e-01 8.461004e-02
1.165980e-02 4.246145e-01 7.252844e-02 1.730568e-01 2.771634e-02 -2.596772e-01 4.209696e-02 1.218968e-01 1.127938e-02 -4.332485e-02 1.857943e-02 3.718001e-01 3.347318e-02
1.195130e-02 5.399375e-01 9.861252e-02 2.048250e-01 3.130408e-02 -3.201776e-01 8.506015e-02 1.285876e-01 7.401927e-03 -5.416942e-02 3.452571e-02 3.980383e-01 6.506803e-02
1.282578e-02 5.162099e-01 3.212518e-02 2.102183e-01 1.215295e-02 -3.140918e-01 4.657867e-02 1.527511e-01 4.979780e-03 -5.719775e-02 1.756847e-02 3.969988e-01 6.456809e-02
1.428326e-02 5.848759e-01 1.001760e-01 2.448770e-01 3.928466e-02 -2.950302e-01 6.050364e-02 1.578956e-01 1.810735e-02 -6.266920e-02 2.610644e-02 3.975025e-01 3.570259e-02
1.632372e-02 5.186926e-01 8.516557e-02 2.058195e-01 2.670520e-02 -2.664797e-01 6.520785e-02 1.411989e-01 1.056431e-02 -4.934719e-02 2.452385e-02 3.412512e-01 5.748427e-02
1.894718e-02 8.163747e-01 8.017377e-02 3.162304e-01 3.726636e-02 -3.659655e-01 6.029171e-02 1.924264e-01 1.658947e-02 -8.757307e-02 1.617846e-02 4.199714e-01 6.255951e-02
2.215363e-02 9.176554e-01 9.054663e-02 3.203509e-01 4.071825e-02 -4.593522e-01 7.175327e-02 1.826349e-01 2.003210e-02 -1.075465e-01 2.841753e-02 5.315974e-01 5.314343e-02
2.594306e-02 7.996455e-01 1.510139e-01 2.327702e-01 3.523570e-02 -4.201287e-01 9.306865e-02 1.545746e-01 1.215266e-02 -7.741692e-02 2.313104e-02 5.750743e-01 5.913714e-02
1.311728e-02 4.348566e-01 4.210289e-02 1.884310e-01 1.705442e-02 -2.481022e-01 3.520265e-02 1.440784e-01 3.699944e-03 -4.385466e-02 1.541141e-02 3.336733e-01 3.683215e-02
1.340877e-02 5.609976e-01 7.579976e-02 2.281912e-01 2.961591e-02 -3.187040e-01 5.695392e-02 1.479022e-01 8.101858e-03 -6.471472e-02 3.094709e-02 3.991913e-01 2.304420e-02
1.428326e-02 5.740830e-01 2.136855e-01 2.055961e-01 6.287866e-02 -3.246930e-01 1.639960e-01 1.232929e-01 2.146781e-02 -6.707298e-02 4.952617e-02 4.059441e-01 1.114742e-01
1.574073e-02 5.238139e-01 1.114939e-01 2.069121e-01 4.442377e-02 -2.741852e-01 6.786246e-02 1.415374e-01 2.032871e-02 -5.377247e-02 2.630526e-02 3.866363e-01 4.347916e-02
1.778120e-02 8.660223e-01 8.270903e-02 3.060806e-01 4.241117e-02 -5.351555e-01 3.137700e-02 1.742592e-01 2.160688e-02 -1.183158e-01 2.190225e-02 5.852639e-01 2.788947e-02
2.040465e-02 1.094144e+00 2.874029e-01 3.868894e-01 1.069988e-01 -5.304793e-01 1.254312e-01 2.037273e-01 3.941366e-02 -1.465628e-01 4.245731e-02 5.199957e-01 6.481143e-02
2.361110e-02 1.062600e+00 1.908953e-01 3.239998e-01 6.112709e-02 -5.845189e-01 1.211360e-01 1.693376e-01 2.568532e-02 -1.434322e-01 3.818482e-02 6.557398e-01 8.013715e-02
2.740054e-02 1.232117e+00 1.104286e-01 3.698219e-01 4.981645e-02 -6.171612e-01 5.434180e-02 2.103232e-01 2.426507e-02 -1.459385e-01 3.579040e-02 7.288156e-01 5.860532e-02
1.515774e-02 5.495847e-01 1.199633e-01 1.830456e-01 3.460925e-02 -3.744491e-01 9.944961e-02 1.199770e-01 9.577140e-03 -6.752455e-02 3.474662e-02 4.519061e-01 8.743126e-02
1.544924e-02 5.940801e-01 9.447864e-02 2.050791e-01 3.431509e-02 -3.518741e-01 3.571901e-02 1.338746e-01 1.072753e-02 -5.934814e-02 2.342077e-02 4.399654e-01 1.290118e-02
1.632372e-02 4.843967e-01 8.703181e-02 2.007929e-01 2.737234e-02 -2.239972e-01 6.513792e-02 1.523204e-01 1.001116e-02 -1.017151e-02 1.981127e-02 3.923131e-01 3.911188e-02
1.778120e-02 5.798599e-01 9.854757e-02 2.035829e-01 3.808540e-02 -3.554500e-01 5.194861e-02 1.453290e-01 2.908840e-02 -5.940608e-02 2.221864e-02 4.786315e-01 2.155686e-02
1.982166e-02 8.300433e-01 1.905197e-01 2.736427e-01 7.207110e-02 -5.131058e-01 1.032224e-01 1.619475e-01 2.697947e-02 -1.009508e-01 3.665513e-02 5.833984e-01 5.513873e-02
2.244512e-02 1.133443e+00 1.415177e-01 3.526000e-01 4.246949e-02 -6.113198e-01 9.519275e-02 1.906044e-01 1.515068e-02 -1.256739e-01 3.140809e-02 6.591540e-01 8.233204e-02
2.565157e-02 1.010611e+00 2.083951e-01 3.466901e-01 7.801418e-02 -4.767692e-01 1.120040e-01 2.039344e-01 3.609743e-02 -1.237597e-01 3.915552e-02 5.870861e-01 6.906998e-02
2.944100e-02 1.536967e+00 1.490351e-01 4.442962e-01 6.763428e-02 -6.425909e-01 8.743735e-02 2.287018e-01 2.660437e-02 -1.649084e-01 2.611117e-02 6.239804e-01 3.621375e-02
1.778120e-02 9.695380e-01 1.637758e-01 3.204517e-01 6.185407e-02 -5.966490e-01 5.801828e-02 1.829090e-01 3.084431e-02 -1.145730e-01 1.939390e-02 6.702466e-01 5.959562e-02
1.807269e-02 7.801317e-01 1.449279e-01 2.857490e-01 4.773178e-02 -4.039170e-01 8.890610e-02 1.712836e-01 1.489020e-02 -8.415175e-02 2.638690e-02 4.875267e-01 7.187166e-02
1.894718e-02 8.808980e-01 1.501783e-01 3.207423e-01 5.389567e-02 -4.236021e-01 1.128421e-01 1.719592e-01 2.241902e-02 -1.024774e-01 4.227385e-02 4.493425e-01 7.140057e-02
2.040465e-02 7.144448e-01 1.604423e-01 2.253278e-01 5.570380e-02 -3.391342e-01 6.868254e-02 1.423672e-01 2.121994e-02 -2.948308e-02 2.400318e-02 4.647560e-01 6.407386e-02
2.244512e-02 1.042265e+00 1.713892e-01 3.313607e-01 4.889086e-02 -6.100196e-01 1.279815e-01 1.648340e-01 1.470575e-02 -1.404304e-01 3.280744e-02 6.502307e-01 8.674925e-02
2.506858e-02 8.320787e-01 1.240623e-01 2.433570e-01 4.807105e-02 -5.004781e-01 9.859553e-02 1.504151e-01 2.011687e-02 -1.064155e-01 3.700624e-02 6.451335e-01 8.090697e-02
2.827502e-02 1.244841e+00 2.065962e-01 3.535662e-01 6.228133e-02 -5.848684e-01 1.090228e-01 2.054951e-01 2.268314e-02 -1.371758e-01 4.071486e-02 6.814523e-01 2.305869e-02
3.206446e-02 1.113811e+00 1.603496e-01 3.226072e-01 5.955870e-02 -5.272995e-01 5.913861e-02 2.245953e-01 3.190109e-02 -1.287238e-01 2.617558e-02 6.671225e-01 2.611290e-02
2.098764e-02 1.076688e+00 5.901619e-02 3.515203e-01 2.551398e-02 -6.140161e-01 5.668902e-02 1.968381e-01 1.115858e-02 -1.388625e-01 3.036836e-02 6.384601e-01 5.689291e-02
2.127914e-02 9.981201e-01 1.346775e-01 3.427728e-01 4.462857e-02 -4.478177e-01 1.023367e-01 1.983833e-01 1.922112e-02 -8.471760e-02 4.022530e-02 5.147250e-01 6.169751e-02
2.215363e-02 9.680533e-01 2.053151e-01 3.310071e-01 6.645951e-02 -5.101858e-01 1.302026e-01 1.910424e-01 2.859792e-02 -1.265846e-01 4.676554e-02 5.604834e-01 7.990759e-02
2.361110e-02 1.325113e+00 2.803655e-01 4.798683e-01 1.023117e-01 -6.329083e-01 1.554929e-01 2.570050e-01 4.043736e-02 -1.900752e-01 5.318820e-02 6.279039e-01 8.716112e-02
2.565157e-02 1.279448e+00 2.963950e-01 3.589763e-01 7.148144e-02 -5.007065e-01 1.332748e-01 1.826928e-01 1.451011e-02 -9.630308e-02 3.670554e-02 4.902485e-01 5.879689e-02
2.827502e-02 1.309749e+00 9.851713e-02 4.043713e-01 2.773590e-02 -6.841376e-01 2.878622e-02 2.247120e-01 9.633593e-03 -1.474637e-01 2.093826e-02 7.589131e-01 7.023217e-02
3.148147e-02 1.001375e+00 1.743885e-01 2.698934e-01 6.080951e-02 -4.595868e-01 9.250115e-02 1.905036e-01 2.365349e-02 -9.026686e-02 3.604325e-02 6.207407e-01 7.386296e-02
3.527090e-02 8.425216e-01 1.299560e-01 2.047129e-01 2.718785e-02 -3.723785e-01 6.954950e-02 1.677774e-01 7.891982e-03 -8.398075e-02 2.147983e-02 7.145529e-01 7.049523e-02
2.477708e-02 1.003528e+00 1.464074e-01 3.329793e-01 5.217363e-02 -5.192933e-01 6.903798e-02 1.765983e-01 2.546027e-02 -1.522370e-01 2.828691e-02 5.789245e-01 4.989576e-02
2.506858e-02 1.250075e+00 1.700330e-01 4.274311e-01 5.571948e-02 -6.207538e-01 9.214108e-02 2.360631e-01 2.671151e-02 -1.675906e-01 3.202201e-02 6.504541e-01 9.405978e-02
2.594306e-02 1.307506e+00 7.194476e-02 3.951269e-01 3.071355e-02 -5.912688e-01 5.432828e-02 1.978890e-01 2.190317e-02 -1.436304e-01 1.422146e-02 6.183143e-01 4.849235e-02
2.740054e-02 1.127633e+00 1.888339e-01 3.561734e-01 5.829178e-02 -4.968392e-01 8.218128e-02 1.976336e-01 1.983079e-02 -1.235369e-01 2.215470e-02 5.931537e-01 3.932809e-02
2.944100e-02 1.134165e+00 7.686383e-02 3.000250e-01 1.913275e-02 -5.246397e-01 4.718480e-02 1.894669e-01 1.498937e-02 -1.196405e-01 2.635443e-02 7.368953e-01 6.427079e-02
3.206446e-02 9.392409e-01 1.910040e-01 2.587029e-01 6.909232e-02 -3.984601e-01 1.091716e-01 1.985892e-01 2.488404e-02 -8.626691e-02 3.779732e-02 6.173878e-01 8.048434e-02
3.527090e-02 1.440805e+00 2.000893e-01 4.140369e-01 8.504454e-02 -6.786988e-01 1.263784e-01 2.452112e-01 4.341369e-02 -1.783760e-01 6.311785e-02 9.199441e-01 1.713202e-01
3.906034e-02 1.233193e+00 1.859099e-01 3.425801e-01 1.035404e-01 -5.790836e-01 1.393415e-01 2.248513e-01 5.750506e-02 -1.650111e-01 5.290021e-02 9.438678e-01 1.901917e-01
1.428326e-02 5.818932e-01 1.347769e-01 2.197632e-01 4.565103e-02 -3.282160e-01 9.242758e-02 1.403189e-01 1.252576e-02 -6.274716e-02 3.548507e-02 4.136861e-01 7.417918e-02
1.457475e-02 6.403801e-01 9.856549e-02 2.478115e-01 4.245826e-02 -3.926548e-01 6.599278e-02 1.593352e-01 2.283377e-02 -8.090476e-02 2.519064e-02 4.731438e-01 6.827272e-02
1.544924e-02 5.333070e-01 9.507587e-02 1.733489e-01 3.357022e-02 -3.296692e-01 7.277153e-02 1.159673e-01 1.298073e-02 -3.566079e-02 1.843073e-02 4.785040e-01 7.549451e-02
1.690671e-02 5.498945e-01 8.660789e-02 1.730004e-01 4.030832e-02 -3.374599e-01 6.261896e-02 1.223587e-01 1.377691e-02 -3.822579e-02 3.019199e-02 4.492350e-01 6.813378e-02
1.894718e-02 6.953120e-01 1.538510e-01 2.347351e-01 5.509267e-02 -4.019955e-01 1.070764e-01 1.412417e-01 2.488314e-02 -9.343212e-02 2.793881e-02 4.897044e-01 8.472614e-02
2.157063e-02 6.568901e-01 6.398402e-02 2.014867e-01 3.126848e-02 -3.793506e-01 5.365651e-02 1.323535e-01 1.812829e-02 -6.858007e-02 1.725858e-02 4.925497e-01 5.357448e-02
2.477708e-02 8.055208e-01 1.192318e-01 2.507014e-01 3.266076e-02 -4.269285e-01 8.040972e-02 1.678820e-01 1.983638e-02 -8.374481e-02 2.636047e-02 6.141083e-01 5.308937e-02
2.856652e-02 8.278278e-01 1.277176e-01 2.407174e-01 6.158000e-02 -3.102807e-01 4.824701e-02 1.665318e-01 3.102713e-02 -4.156518e-02 2.478450e-02 5.011693e-01 4.328933e-02
1.457475e-02 6.375107e-01 8.797226e-02 2.499314e-01 4.256182e-02 -3.801373e-01 4.750191e-02 1.599031e-01 1.912814e-02 -7.793568e-02 2.224837e-02 4.842104e-01 5.266072e-02
1.486625e-02 6.239799e-01 4.888127e-02 2.357223e-01 3.830373e-02 -3.594776e-01 4.553845e-02 1.484139e-01 1.891193e-02 -6.167536e-02 1.864167e-02 4.619807e-01 6.569838e-02
1.574073e-02 8.464933e-01 2.346918e-01 3.000950e-01 8.730655e-02 -4.926057e-01 1.140215e-01 1.647033e-01 2.780658e-02 -1.323824e-01 4.777914e-02 4.802134e-01 5.135386e-02
1.719821e-02 6.871035e-01 1.272793e-01 2.337322e-01 4.637649e-02 -3.686027e-01 6.660488e-02 1.416495e-01 1.532761e-02 -5.964880e-02 2.955835e-02 4.501729e-01 4.041064e-02
1.923867e-02 9.634393e-01 2.588371e-01 3.230036e-01 8.927962e-02 -5.200478e-01 1.636875e-01 1.751248e-01 2.835136e-02 -1.118086e-01 5.161338e-02 5.666364e-01 1.211508e-01
2.186213e-02 7.444293e-01 8.072147e-02 2.156488e-01 2.256653e-02 -4.131116e-01 5.597609e-02 1.470956e-01 6.132584e-03 -6.414693e-02 1.580038e-02 5.144673e-01 5.689662e-02
2.506858e-02 8.457220e-01 2.149020e-01 2.652530e-01 5.865848e-02 -4.457029e-01 1.428925e-01 1.622592e-01 1.391244e-02 -9.487911e-02 3.497891e-02 5.581855e-01 1.011599e-01
2.885801e-02 1.031885e+00 1.582497e-01 3.590150e-01 3.542408e-02 -4.551806e-01 8.750480e-02 2.124698e-01 8.172766e-03 -1.358133e-01 1.605767e-02 6.209864e-01 7.632624e-02
1.544924e-02 7.249698e-01 8.360312e-02 2.989319e-01 4.213662e-02 -3.523054e-01 6.342613e-02 1.776232e-01 2.388854e-02 -8.695392e-02 3.239541e-02 3.997911e-01 3.941815e-02
1.574073e-02 4.666476e-01 2.214400e-02 1.707926e-01 1.601973e-02 -2.798425e-01 3.157838e-02 1.275341e-01 1.399534e-02 -3.995310e-02 1.010242e-02 3.792642e-01 4.506589e-02
1.661522e-02 6.698806e-01 1.468679e-01 2.439644e-01 5.911848e-02 -3.684353e-01 1.042121e-01 1.468672e-01 2.135846e-02 -7.161002e-02 4.709491e-02 4.716649e-01 8.134293e-02
1.807269e-02 6.283957e-01 1.099831e-01 2.177707e-01 4.998910e-02 -3.556906e-01 3.697572e-02 1.421528e-01 2.257280e-02 -7.351547e-02 1.988146e-02 4.362221e-01 4.328464e-02
2.011316e-02 1.241341e+00 1.643560e-01 3.926354e-01 6.734134e-02 -7.256324e-01 9.101087e-02 2.044961e-01 2.985660e-02 -1.650891e-01 3.306328e-02 7.184276e-01 5.604575e-02
2.273662e-02 1.500560e+00 4.098834e-01 4.873508e-01 1.290114e-01 -7.948141e-01 2.675488e-01 2.204253e-01 4.057440e-02 -2.204966e-01 7.612557e-02 6.734366e-01 1.824652e-01
2.594306e-02 1.116618e+00 1.987995e-01 3.569753e-01 6.566863e-02 -4.525003e-01 1.009646e-01 2.152768e-01 1.494036e-02 -8.284350e-02 3.391508e-02 5.589355e-01 3.940696e-02
2.973250e-02 9.335462e-01 1.235729e-01 2.620440e-01 4.884902e-02 -4.886016e-01 4.635242e-02 1.665406e-01 1.539508e-02 -1.095315e-01 2.810878e-02 6.880518e-01 3.393066e-02
1.690671e-02 9.149861e-01 1.594495e-01 3.291180e-01 6.422890e-02 -5.471730e-01 8.946342e-02 1.749800e-01 2.315274e-02 -1.385343e-01 4.580850e-02 5.910644e-01 3.651157e-02
1.719821e-02 8.015626e-01 6.333400e-02 2.840973e-01 1.915723e-02 -4.246377e-01 6.101942e-02 1.591842e-01 8.646851e-03 -8.996181e-02 3.181807e-02 4.849586e-01 4.242458e-02
1.807269e-02 6.739509e-01 7.705024e-02 2.563650e-01 2.619684e-02 -3.438277e-01 5.224488e-02 1.622485e-01 8.706810e-03 -7.280898e-02 2.430668e-02 4.118662e-01 3.650904e-02
1.953017e-02 8.178725e-01 8.881372e-02 2.995778e-01 4.723941e-02 -3.974606e-01 5.854886e-02 1.792439e-01 2.500650e-02 -8.404401e-02 1.152982e-02 4.592358e-01 4.992681e-02
2.157063e-02 7.072309e-01 1.166896e-01 2.239702e-01 3.031322e-02 -3.421484e-01 4.794193e-02 1.470942e-01 1.475027e-02 -6.867484e-02 1.595236e-02 4.356669e-01 1.784482e-02
2.419409e-02 8.254891e-01 1.544193e-01 2.676390e-01 4.866513e-02 -3.708824e-01 8.336391e-02 1.748311e-01 1.784508e-02 -6.980252e-02 3.252120e-02 4.800923e-01 3.870138e-02
2.740054e-02 9.434896e-01 1.439598e-01 2.945379e-01 4.410825e-02 -4.488544e-01 9.502483e-02 1.876515e-01 1.797888e-02 -6.140903e-02 3.765377e-02 6.512986e-01 8.393356e-02
3.118997e-02 1.254023e+00 2.798890e-01 3.490657e-01 7.861613e-02 -6.113847e-01 1.541315e-01 2.051313e-01 2.513952e-02 -1.353931e-01 4.888907e-02 7.419039e-01 1.200184e-01
1.894718e-02 1.022827e+00 1.230899e-01 3.833117e-01 6.248123e-02 -5.151610e-01 8.426745e-02 2.167078e-01 2.859841e-02 -1.234856e-01 3.095772e-02 5.403253e-01 6.141926e-02
1.923867e-02 7.552568e-01 1.458240e-01 2.583790e-01 3.826380e-02 -3.980124e-01 1.069165e-01 1.687579e-01 1.434504e-02 -5.131522e-02 2.395376e-02 5.389113e-01 7.540660e-02
2.011316e-02 7.853801e-01 1.254318e-01 3.019141e-01 5.005335e-02 -3.789300e-01 4.233420e-02 2.006943e-01 2.980931e-02 -6.785798e-02 1.957299e-02 5.101722e-01 3.164262e-02
2.157063e-02 8.556326e-01 2.004970e-01 2.786193e-01 6.150903e-02 -4.429284e-01 1.185574e-01 1.580048e-01 1.972100e-02 -1.054269e-01 3.042302e-02 4.529149e-01 8.069354e-02
2.361110e-02 9.889586e-01 2.456977e-01 3.138339e-01 7.039075e-02 -5.252103e-01 1.591053e-01 1.789127e-01 2.269424e-02 -1.332127e-01 4.845232e-02 6.112378e-01 9.678043e-02
2.623456e-02 8.384785e-01 1.789157e-01 2.781617e-01 5.479345e-02 -3.607824e-01 9.495824e-02 1.825233e-01 2.241896e-02 -8.590002e-02 2.585107e-02 5.236027e-01 7.015118e-02
2.944100e-02 1.281905e+00 1.351366e-01 3.644627e-01 7.933119e-02 -5.790024e-01 1.231542e-01 2.187171e-01 4.212258e-02 -1.264150e-01 5.106055e-02 6.907402e-01 7.945928e-02
3.323044e-02 1.281991e+00 1.850931e-01 4.058682e-01 6.339145e-02 -6.004742e-01 9.095415e-02 2.432261e-01 2.756352e-02 -1.918505e-01 3.897805e-02 7.400934e-01 4.205126e-02
2.157063e-02 1.184305e+00 2.209876e-01 4.139383e-01 8.973539e-02 -5.439771e-01 1.100112e-01 2.144633e-01 3.229229e-02 -1.311148e-01 3.992420e-02 5.215903e-01 8.388267e-02
2.186213e-02 6.120545e-01 8.228234e-02 2.006527e-01 2.694368e-02 -2.733892e-01 6.181354e-02 1.467318e-01 1.472271e-02 -2.280844e-02 3.053859e-02 4.383665e-01 4.718466e-02
2.273662e-02 1.314909e+00 3.230101e-01 4.082739e-01 9.369455e-02 -6.918532e-01 2.070875e-01 2.081379e-01 3.413550e-02 -1.527488e-01 5.127812e-02 6.764650e-01 1.427425e-01
2.419409e-02 1.732228e+00 3.667252e-01 5.182964e-01 1.119718e-01 -8.899908e-01 1.755816e-01 2.539876e-01 3.503786e-02 -2.028337e-01 5.055262e-02 7.866292e-01 1.001568e-01
2.623456e-02 7.569178e-01 8.934707e-02 2.309663e-01 3.891636e-02 -4.060412e-01 5.128263e-02 1.447512e-01 2.123775e-02 -8.101128e-02 3.043784e-02 6.249675e-01 5.471912e-02
2.885801e-02 1.325298e+00 3.022648e-01 4.265673e-01 1.044508e-01 -7.216074e-01 2.364580e-01 2.324959e-01 3.672868e-02 -2.003008e-01 8.485072e-02 7.730585e-01 2.222637e-01
3.206446e-02 1.217287e+00 1.225656e-01 3.036261e-01 3.263057e-02 -5.354226e-01 2.937804e-02 2.025464e-01 1.061998e-02 -9.815180e-02 9.784212e-03 6.553957e-01 4.434371e-02
3.585389e-02 9.378993e-01 1.565093e-01 2.456743e-01 4.308332e-02 -4.392585e-01 8.773414e-02 2.018357e-01 1.373124e-02 -1.527363e-01 1.460080e-02 7.617050e-01 8.779700e-02
2.477708e-02 9.265058e-01 1.748078e-01 2.830992e-01 7.740704e-02 -5.181397e-01 1.020796e-01 1.662999e-01 2.491303e-02 -1.200120e-01 4.042967e-02 6.241666e-01 7.113004e-02
2.506858e-02 1.545862e+00 2.899514e-01 5.073291e-01 1.038836e-01 -7.782723e-01 1.357074e-01 2.417691e-01 4.057478e-02 -2.097393e-01 4.948846e-02 7.225780e-01 1.252696e-01
2.594306e-02 8.847935e-01 1.336329e-01 2.894851e-01 5.076053e-02 -3.825158e-01 8.775154e-02 1.873196e-01 1.865788e-02 -6.100883e-02 3.291948e-02 5.168330e-01 4.355943e-02
2.740054e-02 1.327352e+00 2.327469e-01 3.720824e-01 8.687992e-02 -7.436373e-01 1.390644e-01 2.032274e-01 3.188752e-02 -1.657869e-01 5.371661e-02 8.690366e-01 1.017286e-01
2.944100e-02 9.868439e-01 1.100470e-01 2.865856e-01 4.380770e-02 -5.053802e-01 6.075589e-02 1.872518e-01 1.440483e-02 -1.338336e-01 2.321894e-02 6.244479e-01 7.486920e-02
3.206446e-02 1.283031e+00 1.623574e-01 3.646362e-01 6.383034e-02 -6.577336e-01 1.311048e-01 2.245862e-01 2.588085e-02 -1.598056e-01 4.221782e-02 7.732693e-01 7.432837e-02
3.527090e-02 7.869394e-01 1.573937e-01 1.951481e-01 3.673792e-02 -3.651693e-01 6.629100e-02 1.797821e-01 1.812999e-02 -8.493492e-02 1.897114e-02 7.815102e-01 1.117573e-01
3.906034e-02 9.982340e-01 5.963458e-02 2.437220e-01 3.894364e-02 -4.033081e-01 8.212759e-02 2.523046e-01 2.440044e-02 -7.605314e-02 2.487974e-02 7.659102e-01 8.340713e-02
2.856652e-02 1.277593e+00 2.625375e-01 3.981850e-01 7.169136e-02 -5.484265e-01 1.779356e-01 2.305107e-01 2.584086e-02 -1.153251e-01 4.343558e-02 6.476668e-01 1.230078e-01
2.885801e-02 9.583453e-01 8.208928e-02 2.708818e-01 3.354282e-02 -4.918659e-01 3.437007e-02 1.959806e-01 1.989569e-02 -9.604995e-02 1.910482e-02 6.137633e-01 4.050602e-02
2.973250e-02 1.031886e+00 1.807499e-01 3.061170e-01 4.956147e-02 -4.775666e-01 7.513965e-02 1.845154e-01 1.847950e-02 -1.250066e-01 2.961373e-02 5.873240e-01 3.931844e-02
3.118997e-02 1.041017e+00 1.782271e-01 3.028333e-01 5.764591e-02 -5.081982e-01 7.590672e-02 2.154002e-01 2.205485e-02 -1.369857e-01 3.973595e-02 7.883164e-01 7.728929e-02
3.323044e-02 1.135149e+00 5.431602e-02 3.096147e-01 8.900371e-03 -4.022344e-01 4.776747e-02 1.918741e-01 4.229244e-03 -1.144567e-01 1.540783e-02 5.522013e-01 4.538330e-02
3.585389e-02 1.001825e+00 1.268910e-01 2.946857e-01 6.143025e-02 -5.047814e-01 1.151495e-01 2.063771e-01 2.381050e-02 -1.478643e-01 3.585743e-02 7.629343e-01 1.004489e-01
3.906034e-02 9.955179e-01 7.770350e-02 2.458416e-01 3.756608e-02 -3.755662e-01 3.684165e-02 1.960094e-01 2.207423e-02 -1.161888e-01 3.405548e-02 7.650216e-01 4.152241e-02
4.284977e-02 8.813943e-01 1.061516e-01 1.807716e-01 3.358349e-02 -2.702712e-01 6.416252e-02 2.671032e-01 2.456167e-02 -1.156922e-01 1.215166e-02 7.663040e-01 3.695044e-02
