# k^2  MgMg MgMg_error  MgCl MgCl_error  MgNa MgNa_error  ClCl ClCl_error  ClNa ClNa_error  NaNa NaNa_error
0.000000e+00 5.760000e+02 0.000000e+00 1.417423e+03 0.000000e+00 1.159972e+03 0.000000e+00 3.488000e+03 0.000000e+00 2.854465e+03 0.000000e+00 2.336000e+03 0.000000e+00
2.928877e-04 2.342880e-01 3.753010e-02 8.838476e-02 1.539724e-02 -1.232743e-01 1.953297e-02 7.041012e-02 7.447649e-03 -1.396334e-03 1.070283e-02 1.210226e-01 1.099543e-02
1.171551e-03 1.762041e-01 2.414603e-02 5.251315e-02 7.322231e-03 -1.064674e-01 2.640274e-02 6.065220e-02 5.293971e-03 2.494987e-02 7.658981e-03 1.403900e-01 2.865033e-02
2.635989e-03 3.213013e-01 5.988731e-02 7.624390e-02 1.404652e-02 -2.064192e-01 5.314262e-02 7.125407e-02 8.735221e-03 1.575412e-02 9.346370e-03 2.249900e-01 4.100914e-02
4.686202e-03 3.613725e-01 8.884964e-02 1.039844e-01 1.436209e-02 -1.919575e-01 6.922861e-02 7.949667e-02 8.817199e-03 1.362426e-03 1.026988e-02 1.949461e-01 5.426009e-02
7.322191e-03 4.346475e-01 2.830946e-02 9.948743e-02 2.136892e-02 -2.361221e-01 3.232577e-02 8.339528e-02 1.083288e-02 1.019296e-02 8.074715e-03 2.379691e-01 3.494307e-02
1.054396e-02 6.838910e-01 1.846211e-01 1.490331e-01 2.950738e-02 -3.516297e-01 1.128753e-01 8.316953e-02 4.168385e-03 -2.581376e-02 1.481502e-02 2.925496e-01 7.415743e-02
1.435150e-02 6.547809e-01 1.513219e-01 1.761078e-01 4.514565e-02 -2.783132e-01 5.528201e-02 1.126068e-01 1.770106e-02 -4.482721e-03 6.907606e-03 2.966060e-01 4.492721e-02
2.928877e-04 3.262282e-01 1.733110e-02 1.154856e-01 2.481082e-02 -1.829231e-01 3.577522e-02 9.983991e-02 1.623443e-02 7.803252e-03 1.024208e-02 1.932732e-01 4.145950e-02
5.857753e-04 2.563775e-01 8.271274e-02 7.445585e-02 2.210368e-02 -1.593879e-01 5.483566e-02 6.614858e-02 9.468422e-03 8.435665e-03 1.163031e-02 1.693179e-01 4.222827e-02
1.464438e-03 2.976771e-01 8.276892e-02 5.880852e-02 1.357663e-02 -2.156994e-01 6.695000e-02 6.086826e-02 3.485507e-03 1.761962e-02 1.156703e-02 2.366024e-01 5.400233e-02
2.928877e-03 2.152289e-01 7.106005e-02 5.277416e-02 1.921407e-02 -1.329685e-01 4.804650e-02 6.786976e-02 6.461908e-03 3.384441e-02 1.378659e-02 1.763620e-01 3.455866e-02
4.979090e-03 2.359346e-01 2.734314e-02 6.805952e-02 1.635434e-02 -1.187459e-01 1.271853e-02 7.833716e-02 1.001391e-02 3.211030e-02 1.062170e-02 1.623979e-01 1.955146e-02
7.615079e-03 5.577307e-01 1.136909e-01 1.368917e-01 3.626384e-02 -3.270206e-01 6.463593e-02 9.301013e-02 1.023058e-02 -1.410671e-02 2.343172e-02 3.105615e-01 4.040071e-02
1.083684e-02 7.321539e-01 2.209657e-01 1.926267e-01 5.063815e-02 -3.222654e-01 1.188842e-01 1.027143e-01 1.661523e-02 -3.604189e-02 2.576790e-02 2.473237e-01 6.327472e-02
1.464438e-02 9.090781e-01 1.886837e-01 2.149623e-01 4.115897e-02 -4.329498e-01 8.593807e-02 1.122020e-01 1.368197e-02 -4.829564e-02 1.595469e-02 3.413159e-01 4.053017e-02
1.171551e-03 2.664824e-01 7.346496e-02 8.079237e-02 1.461449e-02 -1.574267e-01 6.308019e-02 6.714612e-02 8.228890e-03 3.455554e-03 1.227700e-02 1.603313e-01 4.742413e-02
1.464438e-03 1.929998e-01 6.793086e-02 7.002706e-02 2.291724e-02 -1.008300e-01 4.060075e-02 7.981334e-02 1.553184e-02 3.217561e-02 1.172940e-02 1.465908e-01 3.108442e-02
2.343101e-03 3.130987e-01 3.595741e-02 8.575674e-02 1.783047e-02 -1.875291e-01 1.548471e-02 8.292379e-02 1.245386e-02 2.320207e-02 1.197903e-02 2.165543e-01 1.977679e-02
3.807540e-03 3.958996e-01 8.714906e-02 1.249848e-01 2.773326e-02 -2.013725e-01 4.805880e-02 8.969607e-02 1.189776e-02 -4.651686e-03 1.236585e-02 1.900329e-01 3.190397e-02
5.857753e-03 4.365285e-01 1.365815e-01 1.140154e-01 2.240091e-02 -2.399872e-01 9.538721e-02 7.851027e-02 6.783718e-03 -9.091765e-03 2.045742e-02 2.218622e-01 6.330761e-02
8.493742e-03 3.886794e-01 4.604040e-02 9.461393e-02 1.515185e-02 -2.076290e-01 4.064659e-02 8.412531e-02 7.666909e-03 1.225290e-02 9.687986e-03 2.186604e-01 3.663125e-02
1.171551e-02 4.994328e-01 4.522671e-02 1.357236e-01 1.601959e-02 -2.149062e-01 3.367769e-02 9.092619e-02 5.472458e-03 -6.456343e-03 1.151574e-02 2.100945e-01 2.673716e-02
1.552305e-02 6.033941e-01 1.834156e-01 1.634690e-01 3.343290e-02 -2.495553e-01 9.367907e-02 1.139950e-01 7.290461e-03 -8.359810e-03 1.970427e-02 2.548447e-01 4.441847e-02
2.635989e-03 5.120970e-01 1.569495e-01 1.054686e-01 3.259253e-02 -3.530987e-01 1.168337e-01 7.707697e-02 7.783972e-03 -7.418239e-03 2.459982e-02 3.327654e-01 8.840486e-02
2.928877e-03 3.918935e-01 1.108734e-01 1.027121e-01 2.475851e-02 -2.346738e-01 7.358711e-02 7.622085e-02 1.211556e-02 -4.775030e-03 1.489426e-02 2.218904e-01 5.228904e-02
3.807540e-03 1.867029e-01 3.543773e-02 5.190303e-02 1.218999e-02 -1.027544e-01 2.743011e-02 7.158843e-02 7.328282e-03 3.785414e-02 5.926372e-03 1.525646e-01 1.876768e-02
5.271978e-03 4.184800e-01 5.681556e-02 1.425937e-01 1.681978e-02 -2.114889e-01 4.226375e-02 1.096864e-01 5.867292e-03 -4.258221e-03 1.578348e-02 2.097943e-01 2.913516e-02
7.322191e-03 3.837551e-01 7.858315e-02 8.515765e-02 1.251437e-02 -2.291869e-01 7.296437e-02 7.376093e-02 3.863855e-03 6.404440e-03 9.574717e-03 2.426294e-01 6.793322e-02
9.958180e-03 5.218858e-01 1.074748e-01 1.381053e-01 2.013991e-02 -2.403442e-01 7.567038e-02 9.937754e-02 9.150790e-03 1.685674e-03 1.207239e-02 2.324362e-01 4.975775e-02
1.317994e-02 5.206511e-01 1.085016e-01 1.300215e-01 1.506843e-02 -2.492005e-01 6.859583e-02 9.791807e-02 2.950562e-03 9.971904e-05 1.404945e-02 2.607824e-01 4.514114e-02
1.698748e-02 8.531397e-01 1.514527e-01 2.197405e-01 4.885465e-02 -3.225257e-01 7.602809e-02 1.251202e-01 1.700767e-02 -2.993832e-02 2.029974e-02 2.747199e-01 4.250326e-02
4.686202e-03 6.809538e-01 6.179496e-02 1.916301e-01 1.958464e-02 -3.701591e-01 6.538681e-02 1.074014e-01 1.391204e-02 -4.254417e-02 7.805811e-03 2.968873e-01 5.134426e-02
4.979090e-03 3.451106e-01 5.636392e-02 1.212236e-01 3.002875e-02 -1.449333e-01 1.688299e-02 9.981854e-02 1.428550e-02 1.429782e-02 1.344036e-02 1.627351e-01 1.454188e-02
5.857753e-03 3.609715e-01 9.323026e-02 1.075496e-01 2.452149e-02 -1.906357e-01 5.852213e-02 8.779271e-02 3.824537e-03 -2.402552e-04 2.109008e-02 1.905258e-01 3.288904e-02
7.322191e-03 4.279301e-01 3.584929e-02 1.143127e-01 1.463036e-02 -2.269156e-01 3.106586e-02 8.116705e-02 9.354157e-03 -3.026941e-03 7.058782e-03 2.209769e-01 2.836004e-02
9.372405e-03 5.135201e-01 9.715581e-02 1.283163e-01 2.667488e-02 -2.340428e-01 5.036120e-02 8.893701e-02 9.281108e-03 6.332305e-03 1.098117e-02 2.375740e-01 3.063110e-02
1.200839e-02 6.284289e-01 7.885073e-02 1.442461e-01 2.437137e-02 -2.865001e-01 4.169301e-02 9.266083e-02 5.259523e-03 -1.622401e-02 1.659659e-02 2.513252e-01 2.411592e-02
1.523016e-02 5.676005e-01 1.833264e-01 1.638855e-01 5.095543e-02 -1.967802e-01 6.434572e-02 1.136777e-01 1.457703e-02 -1.200692e-02 2.084029e-02 2.022022e-01 2.720914e-02
1.903770e-02 7.334069e-01 7.276202e-02 1.772253e-01 3.392877e-02 -3.200671e-01 4.284032e-02 1.380730e-01 1.476850e-02 -4.224035e-03 8.390186e-03 3.393882e-01 3.269556e-02
7.322191e-03 5.420683e-01 1.475751e-01 1.612912e-01 4.124832e-02 -2.645579e-01 7.614843e-02 9.603701e-02 1.248290e-02 -2.834333e-02 2.192630e-02 2.249043e-01 3.887592e-02
7.615079e-03 6.426766e-01 1.663812e-01 1.632939e-01 4.001760e-02 -3.475761e-01 1.082635e-01 9.714443e-02 1.302947e-02 -2.412298e-02 2.246701e-02 3.068860e-01 8.164901e-02
8.493742e-03 4.385982e-01 1.079366e-01 1.145923e-01 3.517119e-02 -2.214274e-01 6.615844e-02 7.973329e-02 1.364801e-02 -1.319981e-02 1.658092e-02 2.030822e-01 4.556768e-02
9.958180e-03 3.399987e-01 4.835569e-02 8.645771e-02 9.131985e-03 -1.697260e-01 3.110860e-02 8.077574e-02 3.878339e-03 1.558342e-02 1.141916e-02 1.995616e-01 1.390643e-02
1.200839e-02 3.087037e-01 5.503708e-02 9.379356e-02 1.641442e-02 -1.190550e-01 3.221802e-02 9.387665e-02 5.456946e-03 3.610987e-02 1.586833e-02 2.096391e-01 2.596451e-02
1.464438e-02 6.027039e-01 1.366390e-01 1.615111e-01 2.743752e-02 -2.389149e-01 6.831563e-02 1.018802e-01 9.758600e-03 -1.315332e-02 1.306705e-02 2.220213e-01 3.825696e-02
1.786615e-02 1.249924e+00 3.257980e-01 3.379129e-01 9.009347e-02 -4.810465e-01 1.484825e-01 1.660228e-01 2.749363e-02 -6.275326e-02 4.413903e-02 3.794906e-01 6.267746e-02
2.167369e-02 7.943667e-01 1.957487e-01 1.805913e-01 5.467900e-02 -2.712397e-01 6.064096e-02 1.249133e-01 1.950314e-02 -1.015510e-02 1.948493e-02 2.624469e-01 2.236034e-02
1.054396e-02 5.279745e-01 6.765046e-02 1.523044e-01 1.719561e-02 -2.558373e-01 5.719934e-02 9.892192e-02 7.575120e-03 -1.644399e-02 1.726447e-02 2.493907e-01 3.130742e-02
1.083684e-02 5.322994e-01 1.171612e-01 1.510445e-01 3.071200e-02 -2.314265e-01 6.907533e-02 1.034965e-01 1.260125e-02 -2.688844e-03 1.333188e-02 2.280222e-01 4.489640e-02
1.171551e-02 6.787909e-01 1.260087e-01 1.566969e-01 1.996911e-02 -3.200910e-01 7.268686e-02 9.323709e-02 6.566663e-03 -1.156664e-02 1.387614e-02 2.774407e-01 4.044128e-02
1.317994e-02 5.747744e-01 8.902554e-02 1.630156e-01 3.157210e-02 -2.387542e-01 3.792904e-02 1.141791e-01 1.307826e-02 -6.552953e-03 1.034665e-02 2.432600e-01 1.941420e-02
1.523016e-02 7.809778e-01 1.472303e-01 1.762468e-01 3.830591e-02 -3.479425e-01 8.994713e-02 1.080451e-01 1.712643e-02 -1.714826e-02 1.696960e-02 3.238560e-01 5.633190e-02
1.786615e-02 8.970609e-01 2.157362e-01 2.281520e-01 6.372410e-02 -3.833831e-01 8.755070e-02 1.274288e-01 2.089531e-02 -4.871637e-02 2.889028e-02 3.189233e-01 4.011080e-02
2.108791e-02 1.405139e+00 2.445205e-01 3.345759e-01 6.747174e-02 -4.891919e-01 9.372057e-02 1.585734e-01 1.874444e-02 -5.457703e-02 3.200047e-02 3.976779e-01 3.219915e-02
2.489545e-02 8.871525e-01 1.217924e-01 2.059683e-01 2.560922e-02 -3.469324e-01 5.563670e-02 1.410629e-01 9.274582e-03 -4.804147e-02 8.761642e-03 3.275418e-01 4.221184e-02
1.435150e-02 6.475093e-01 1.207507e-01 1.669236e-01 4.396050e-02 -2.863397e-01 5.292908e-02 1.180471e-01 1.508185e-02 -1.288728e-02 1.796897e-02 2.746395e-01 3.258069e-02
1.464438e-02 9.586131e-01 2.328093e-01 2.696993e-01 6.016117e-02 -3.572059e-01 8.958627e-02 1.453185e-01 1.569872e-02 -3.341384e-02 2.294015e-02 2.966229e-01 4.214753e-02
1.552305e-02 8.887064e-01 9.133341e-02 2.320198e-01 2.473268e-02 -3.766931e-01 7.005806e-02 1.193007e-01 1.877356e-02 -4.898008e-02 1.542570e-02 3.003071e-01 4.856509e-02
1.698748e-02 8.227480e-01 2.158130e-01 2.064703e-01 4.826939e-02 -3.186067e-01 9.027028e-02 1.152509e-01 1.302214e-02 -1.795116e-02 1.932841e-02 3.056472e-01 4.536443e-02
1.903770e-02 9.427899e-01 2.954086e-01 2.605289e-01 6.200984e-02 -3.364420e-01 1.510022e-01 1.387782e-01 1.553522e-02 -5.496673e-02 3.675089e-02 2.816599e-01 7.318075e-02
2.167369e-02 9.658801e-01 2.137480e-01 2.695879e-01 5.898529e-02 -3.267739e-01 8.283222e-02 1.568109e-01 2.058509e-02 -5.316829e-02 2.006629e-02 2.672512e-01 3.468074e-02
2.489545e-02 9.957456e-01 1.298485e-01 2.177692e-01 3.575936e-02 -2.986683e-01 7.486403e-02 1.292305e-01 1.072771e-02 -1.043879e-02 1.626053e-02 3.213674e-01 4.060096e-02
2.870299e-02 1.419809e+00 2.780079e-01 2.758496e-01 4.009158e-02 -4.468794e-01 1.193667e-01 1.685522e-01 9.839328e-03 -5.082360e-02 2.045805e-02 4.196194e-01 6.011258e-02
2.928877e-04 8.049023e-02 6.806219e-03 3.150628e-02 7.707145e-03 -4.143599e-02 1.364380e-02 6.470339e-02 1.574713e-02 4.711718e-02 1.441303e-02 9.930511e-02 1.527956e-02
5.857753e-04 9.559479e-02 2.895829e-02 4.392251e-02 8.148388e-03 -3.943572e-02 2.453674e-02 8.047986e-02 1.008016e-02 5.643636e-02 1.258121e-02 1.110139e-01 1.329435e-02
1.464438e-03 3.689476e-01 4.715831e-02 1.201269e-01 1.074860e-02 -2.072669e-01 3.972425e-02 9.263401e-02 9.757924e-03 -3.740352e-03 1.083711e-02 1.986513e-01 2.695995e-02
2.928877e-03 4.534655e-01 1.554841e-01 1.153124e-01 3.616763e-02 -2.818309e-01 1.050169e-01 8.374878e-02 1.040279e-02 -7.150173e-03 2.171597e-02 2.670784e-01 7.364247e-02
4.979090e-03 4.424700e-01 1.031809e-01 1.128604e-01 2.530855e-02 -2.515930e-01 6.440261e-02 8.269555e-02 7.843476e-03 7.912926e-05 1.348041e-02 2.427014e-01 4.254073e-02
7.615079e-03 3.323841e-01 3.912238e-02 8.902703e-02 1.332344e-02 -1.678514e-01 2.822345e-02 7.973128e-02 6.992297e-03 1.214884e-02 7.599343e-03 1.826271e-01 1.952263e-02
1.083684e-02 5.805369e-01 1.108721e-01 1.540326e-01 2.162860e-02 -2.618259e-01 6.540929e-02 9.680926e-02 8.289989e-03 -1.218822e-02 1.513478e-02 2.404194e-01 4.794200e-02
1.464438e-02 6.251318e-01 8.867074e-02 1.702250e-01 1.540756e-02 -2.297780e-01 4.781822e-02 1.174952e-01 6.591242e-03 -1.206915e-03 5.733691e-03 2.280032e-01 2.489695e-02
5.857753e-04 1.811934e-01 3.873457e-02 7.058281e-02 1.689255e-02 -8.974014e-02 3.291443e-02 7.151349e-02 1.000593e-02 1.899048e-02 6.335212e-03 1.137606e-01 2.780290e-02
8.786630e-04 1.793425e-01 3.389079e-02 4.505394e-02 1.359808e-02 -1.183439e-01 2.588096e-02 5.481240e-02 8.617009e-03 2.397732e-02 9.841170e-03 1.494106e-01 1.588561e-02
1.757326e-03 1.747932e-01 4.743448e-02 6.517209e-02 1.598947e-02 -8.617324e-02 3.244990e-02 8.562324e-02 1.007264e-02 4.378443e-02 5.605269e-03 1.456323e-01 3.189718e-02
3.221764e-03 4.846104e-01 1.041664e-01 1.176988e-01 2.347157e-02 -3.114092e-01 7.847818e-02 7.864473e-02 4.134428e-03 -1.707363e-02 1.947158e-02 2.842014e-01 5.916756e-02
5.271978e-03 5.581998e-01 1.693548e-01 1.423792e-01 4.132408e-02 -3.285890e-01 1.104199e-01 8.556927e-02 1.070669e-02 -2.685080e-02 2.799247e-02 2.881991e-01 6.850913e-02
7.907967e-03 4.004980e-01 5.808424e-02 1.032446e-01 1.804125e-02 -2.067231e-01 3.382881e-02 8.126902e-02 3.840920e-03 9.380441e-03 1.236409e-02 2.179305e-01 2.576828e-02
1.112973e-02 4.546506e-01 8.523755e-02 1.439361e-01 3.001970e-02 -1.581872e-01 4.282308e-02 1.062988e-01 1.122981e-02 1.559224e-02 1.519901e-02 1.996649e-01 1.949035e-02
1.493727e-02 6.870521e-01 1.343825e-01 1.652899e-01 3.749527e-02 -3.007224e-01 4.965888e-02 1.154114e-01 3.185105e-03 -3.621074e-03 2.157987e-02 2.961050e-01 2.304237e-02
1.464438e-03 1.688077e-01 2.849159e-02 6.737731e-02 1.233794e-02 -8.229839e-02 1.402019e-02 8.261159e-02 6.103436e-03 3.690314e-02 1.029271e-02 1.346531e-01 9.413539e-03
1.757326e-03 4.238947e-01 8.888341e-02 1.229847e-01 1.141188e-02 -2.561650e-01 7.891631e-02 9.674222e-02 9.787664e-03 -8.194587e-04 1.515992e-02 2.515956e-01 5.823043e-02
2.635989e-03 5.209541e-01 1.643362e-01 1.414315e-01 3.995230e-02 -3.175529e-01 1.066385e-01 9.729810e-02 9.795398e-03 -1.297384e-02 3.013845e-02 2.984976e-01 6.736108e-02
4.100427e-03 3.925709e-01 8.183763e-02 1.160862e-01 2.831149e-02 -2.249382e-01 6.088616e-02 9.056621e-02 1.142479e-02 1.096384e-03 1.725211e-02 2.291049e-01 5.053373e-02
6.150641e-03 2.827574e-01 4.823190e-02 9.746160e-02 1.482330e-02 -1.257202e-01 1.872593e-02 8.439235e-02 7.358561e-03 9.125785e-03 1.240556e-02 1.437407e-01 1.818811e-02
8.786630e-03 5.855045e-01 1.513372e-01 1.531758e-01 3.628295e-02 -2.950907e-01 7.229566e-02 9.891959e-02 7.668358e-03 -1.541166e-02 2.131466e-02 2.575103e-01 3.112163e-02
1.200839e-02 6.775966e-01 8.339702e-02 1.887240e-01 3.538801e-02 -3.110287e-01 3.583248e-02 1.275913e-01 1.203978e-02 -1.920192e-02 1.576027e-02 2.778824e-01 1.512253e-02
1.581593e-02 1.119243e+00 2.811795e-01 2.544961e-01 5.228743e-02 -5.186105e-01 1.652711e-01 1.240484e-01 9.514144e-03 -5.855857e-02 3.236945e-02 4.107694e-01 1.045289e-01
2.928877e-03 3.524739e-01 1.367726e-01 1.085798e-01 2.843459e-02 -1.875081e-01 9.285746e-02 7.993378e-02 3.813502e-03 -4.587205e-03 2.179114e-02 1.744607e-01 6.184421e-02
3.221764e-03 2.762786e-01 6.775468e-02 8.774221e-02 2.292734e-02 -1.423741e-01 3.741909e-02 9.320803e-02 1.166059e-02 3.410555e-02 2.131036e-02 1.866841e-01 2.529256e-02
4.100427e-03 1.869647e-01 2.005724e-02 6.211027e-02 4.532340e-03 -9.025699e-02 1.729157e-02 7.175031e-02 5.699200e-03 2.785320e-02 5.671614e-03 1.345426e-01 1.894085e-02
5.564865e-03 3.665885e-01 6.496838e-02 8.681013e-02 1.288606e-02 -2.107304e-01 5.497901e-02 7.633723e-02 3.622932e-03 9.911002e-03 1.370777e-02 2.152865e-01 3.999724e-02
7.615079e-03 4.485166e-01 6.838959e-02 1.428045e-01 2.157322e-02 -2.044924e-01 4.340244e-02 1.031377e-01 9.197799e-03 -5.859855e-03 1.174514e-02 1.988565e-01 2.648322e-02
1.025107e-02 5.801801e-01 1.912282e-01 1.802384e-01 8.012225e-02 -2.398046e-01 3.699297e-02 1.082672e-01 3.056322e-02 -1.675173e-02 1.832108e-02 2.361672e-01 1.732692e-02
1.347283e-02 4.626150e-01 9.573373e-02 1.094718e-01 2.461637e-02 -2.263742e-01 5.100400e-02 9.386045e-02 7.053762e-03 1.179482e-02 1.215915e-02 2.597109e-01 3.154004e-02
1.728037e-02 5.180340e-01 1.136118e-01 1.358896e-01 2.742195e-02 -1.766088e-01 5.258293e-02 1.066696e-01 9.169201e-03 1.330855e-02 5.807100e-03 2.319022e-01 3.971387e-02
4.979090e-03 4.571298e-01 1.305727e-01 1.123568e-01 1.900520e-02 -2.743504e-01 1.032682e-01 7.607242e-02 5.373383e-03 -1.511095e-02 1.222419e-02 2.494563e-01 8.442179e-02
5.271978e-03 5.167478e-01 1.113080e-01 1.385731e-01 4.160428e-02 -2.890992e-01 5.581966e-02 9.669426e-02 1.419565e-02 -7.158922e-03 2.489425e-02 2.760251e-01 3.513578e-02
6.150641e-03 4.477738e-01 1.140472e-01 1.476242e-01 3.065016e-02 -2.073162e-01 6.161837e-02 9.841333e-02 5.537053e-03 -1.010743e-02 2.544778e-02 1.948297e-01 2.454831e-02
7.615079e-03 5.813070e-01 5.536543e-02 1.197953e-01 2.244061e-02 -3.567440e-01 5.097934e-02 8.780356e-02 9.480163e-03 -1.849492e-03 1.601468e-02 3.476832e-01 5.164805e-02
9.665293e-03 4.981786e-01 7.400117e-02 1.355223e-01 2.094120e-02 -2.308498e-01 3.721318e-02 9.624123e-02 8.739650e-03 -4.989389e-03 9.636257e-03 2.259730e-01 2.637740e-02
1.230128e-02 5.721069e-01 1.676674e-01 1.637369e-01 6.119940e-02 -2.493687e-01 6.445382e-02 1.046136e-01 2.222526e-02 -1.114548e-02 2.669609e-02 2.398586e-01 2.930247e-02
1.552305e-02 6.825757e-01 1.623619e-01 1.439126e-01 2.722637e-02 -3.034659e-01 9.023396e-02 9.368755e-02 2.921679e-03 -1.438417e-02 2.166172e-02 2.733916e-01 3.978090e-02
1.933059e-02 9.166221e-01 2.059754e-01 2.103913e-01 4.078503e-02 -3.764395e-01 1.090728e-01 1.150473e-01 6.975330e-03 -2.997334e-02 2.520933e-02 3.505357e-01 6.207859e-02
7.615079e-03 4.148250e-01 1.251166e-01 1.112680e-01 3.727383e-02 -2.160259e-01 6.446397e-02 8.444599e-02 1.387690e-02 -7.111532e-04 1.730660e-02 2.179123e-01 3.703286e-02
7.907967e-03 5.024865e-01 1.104270e-01 1.267473e-01 2.173710e-02 -2.584885e-01 7.260457e-02 9.464134e-02 1.520515e-02 6.058655e-03 1.190894e-02 2.566027e-01 5.605843e-02
8.786630e-03 5.554124e-01 5.834490e-02 1.565110e-01 2.248933e-02 -2.786035e-01 2.326167e-02 1.058007e-01 1.179180e-02 -6.436389e-03 5.378599e-03 2.724804e-01 1.939025e-02
1.025107e-02 7.102449e-01 1.306253e-01 2.217902e-01 4.071377e-02 -3.053659e-01 5.601286e-02 1.303392e-01 1.875020e-02 -2.645054e-02 1.899896e-02 2.744437e-01 2.624689e-02
1.230128e-02 6.105633e-01 1.011515e-01 1.591336e-01 3.227423e-02 -2.446539e-01 4.281649e-02 9.639256e-02 8.162422e-03 -5.449998e-03 1.220124e-02 2.289480e-01 2.678760e-02
1.493727e-02 8.678344e-01 2.632167e-01 2.327707e-01 6.154367e-02 -3.403079e-01 1.386784e-01 1.339012e-01 1.158455e-02 -1.803942e-02 3.591628e-02 3.088676e-01 7.359278e-02
1.815903e-02 8.396400e-01 1.606204e-01 2.183901e-01 4.737838e-02 -3.063912e-01 7.973712e-02 1.359405e-01 1.543222e-02 -2.093199e-02 1.982610e-02 2.958969e-01 4.628030e-02
2.196657e-02 1.110191e+00 2.200048e-01 2.198415e-01 4.545501e-02 -4.362721e-01 1.293447e-01 1.332004e-01 9.097134e-03 -3.526739e-02 3.009940e-02 3.580948e-01 7.021200e-02
1.083684e-02 3.759347e-01 6.006718e-02 1.065299e-01 9.989154e-03 -1.396145e-01 2.874843e-02 8.927484e-02 6.750789e-03 1.908957e-02 7.926811e-03 1.719605e-01 1.322686e-02
1.112973e-02 6.229361e-01 1.475324e-01 1.675934e-01 3.252130e-02 -2.719834e-01 6.768994e-02 1.009311e-01 8.895718e-03 -1.176839e-02 1.169503e-02 2.653836e-01 4.408499e-02
1.200839e-02 5.225647e-01 8.233048e-02 1.465070e-01 2.960524e-02 -2.122551e-01 4.771565e-02 9.328570e-02 1.009220e-02 -8.105418e-03 1.678144e-02 2.255960e-01 3.310181e-02
1.347283e-02 7.891424e-01 1.558881e-01 1.642113e-01 2.938728e-02 -3.871990e-01 8.072084e-02 1.044148e-01 8.593990e-03 -2.395258e-02 1.594388e-02 3.195873e-01 3.770151e-02
1.552305e-02 7.623160e-01 1.030578e-01 1.973655e-01 2.449930e-02 -2.993900e-01 4.941159e-02 1.154695e-01 5.776986e-03 -1.706181e-02 2.024558e-02 2.715783e-01 1.760615e-02
1.815903e-02 1.103528e+00 2.146366e-01 3.291194e-01 7.324258e-02 -3.894459e-01 9.473121e-02 1.772195e-01 2.404555e-02 -6.895319e-02 2.943371e-02 3.024902e-01 4.177872e-02
2.138080e-02 8.524414e-01 1.610986e-01 1.962840e-01 4.186826e-02 -3.252620e-01 9.216884e-02 1.347420e-01 1.624358e-02 -1.876432e-02 2.866728e-02 3.186689e-01 4.522105e-02
2.518834e-02 1.225767e+00 1.818198e-01 2.934377e-01 2.934322e-02 -3.783973e-01 8.946029e-02 1.660575e-01 1.337219e-02 -4.113541e-02 2.979214e-02 3.240562e-01 3.034507e-02
1.464438e-02 7.200081e-01 1.709344e-01 1.847121e-01 4.790437e-02 -3.120340e-01 8.440572e-02 1.250273e-01 1.459026e-02 -1.524810e-02 2.055352e-02 2.932819e-01 5.173326e-02
1.493727e-02 9.877523e-01 1.121434e-01 2.633830e-01 3.749732e-02 -3.946796e-01 5.902216e-02 1.438351e-01 2.436249e-02 -4.520151e-02 7.529083e-03 3.085563e-01 2.504094e-02
1.581593e-02 7.372977e-01 1.834228e-01 1.917341e-01 4.427185e-02 -3.071436e-01 1.064901e-01 1.238829e-01 1.500814e-02 -1.552223e-02 2.333492e-02 2.932369e-01 5.728563e-02
1.728037e-02 8.271157e-01 9.164847e-02 2.565876e-01 2.361252e-02 -2.556630e-01 4.617632e-02 1.387574e-01 1.151044e-02 -3.483911e-02 1.498142e-02 2.299074e-01 2.424003e-02
1.933059e-02 9.816602e-01 1.820612e-01 2.785023e-01 6.219446e-02 -3.530840e-01 6.787972e-02 1.576491e-01 2.446047e-02 -4.216423e-02 2.376532e-02 3.304499e-01 3.062180e-02
2.196657e-02 1.111128e+00 2.067079e-01 3.061284e-01 5.163531e-02 -3.447853e-01 5.393483e-02 1.887947e-01 1.591889e-02 -2.411272e-02 1.370040e-02 3.400982e-01 2.454271e-02
2.518834e-02 1.027346e+00 1.825940e-01 2.373280e-01 5.433842e-02 -3.414558e-01 5.488826e-02 1.522838e-01 1.939101e-02 -3.738910e-02 1.996612e-02 3.532282e-01 2.312442e-02
2.899588e-02 1.225072e+00 2.220943e-01 3.598828e-01 8.283286e-02 -3.506986e-01 8.255637e-02 2.184056e-01 2.279858e-02 -6.097435e-02 2.781309e-02 3.369836e-01 3.082977e-02
1.171551e-03 4.030556e-01 6.500881e-02 1.218181e-01 2.155241e-02 -2.395103e-01 4.224762e-02 8.018739e-02 1.123728e-02 -2.033540e-02 7.025822e-03 2.107307e-01 3.557344e-02
1.464438e-03 1.466970e-01 3.199652e-02 5.060780e-02 9.360159e-03 -7.375625e-02 2.375239e-02 6.275761e-02 4.820277e-03 2.754718e-02 3.682692e-03 1.058383e-01 2.070888e-02
2.343101e-03 3.138566e-01 8.895618e-02 7.753636e-02 2.119735e-02 -2.040338e-01 6.311051e-02 7.667656e-02 6.328849e-03 1.716871e-02 1.438635e-02 2.256866e-01 4.728979e-02
3.807540e-03 2.231434e-01 2.825388e-02 8.671052e-02 1.327167e-02 -9.205997e-02 1.723529e-02 8.530867e-02 5.887526e-03 2.445662e-02 5.833671e-03 1.286005e-01 1.821529e-02
5.857753e-03 4.548746e-01 1.197847e-01 1.140885e-01 3.717554e-02 -2.611910e-01 6.453488e-02 8.659312e-02 1.268014e-02 -5.098315e-04 1.919606e-02 2.506205e-01 3.975367e-02
8.493742e-03 5.099118e-01 1.262713e-01 1.301251e-01 3.369403e-02 -2.366051e-01 6.262454e-02 9.927991e-02 1.551093e-02 4.141791e-03 1.127949e-02 2.226842e-01 4.254012e-02
1.171551e-02 5.947881e-01 1.357970e-01 1.573401e-01 2.648089e-02 -2.397566e-01 6.804634e-02 9.775547e-02 7.945548e-03 -6.568758e-03 1.355672e-02 2.179316e-01 3.489469e-02
1.552305e-02 8.591254e-01 4.387970e-02 2.094713e-01 1.449973e-02 -3.308572e-01 3.546513e-02 1.220703e-01 4.338170e-03 -2.295287e-02 1.937911e-02 2.794271e-01 2.209215e-02
1.464438e-03 1.762663e-01 3.876700e-02 7.061839e-02 9.226972e-03 -8.442158e-02 2.992942e-02 7.842111e-02 8.576212e-03 2.746154e-02 1.016412e-02 1.232075e-01 2.239694e-02
1.757326e-03 2.328561e-01 6.098275e-02 1.064097e-01 3.566685e-02 -9.415305e-02 1.811933e-02 9.378784e-02 2.130254e-02 1.024728e-02 1.138615e-02 1.101866e-01 5.462850e-03
2.635989e-03 4.501188e-01 8.825684e-02 1.327619e-01 2.731685e-02 -2.556875e-01 5.787038e-02 9.402488e-02 1.158674e-02 -7.732512e-03 1.827094e-02 2.428348e-01 4.319761e-02
4.100427e-03 4.119031e-01 7.729020e-02 1.120178e-01 2.152474e-02 -2.391777e-01 5.365484e-02 9.006147e-02 1.085092e-02 6.014402e-03 1.254371e-02 2.444037e-01 4.158148e-02
6.150641e-03 3.985129e-01 8.779943e-02 1.105848e-01 2.135255e-02 -2.047582e-01 5.525772e-02 8.181851e-02 9.561670e-03 5.154076e-04 6.090216e-03 1.997528e-01 4.242626e-02
8.786630e-03 5.625473e-01 8.032028e-02 1.321805e-01 2.649948e-02 -2.973626e-01 3.954576e-02 9.362999e-02 4.929821e-03 -4.762859e-04 2.127011e-02 2.778691e-01 2.362309e-02
1.200839e-02 6.347000e-01 9.699428e-02 1.612882e-01 2.494001e-02 -2.786169e-01 3.567735e-02 9.881765e-02 1.005217e-02 -1.590131e-02 1.199196e-02 2.569955e-01 1.500097e-02
1.581593e-02 7.285473e-01 1.961997e-01 1.778031e-01 4.460349e-02 -3.015127e-01 1.073517e-01 1.093275e-01 1.110922e-02 -1.109282e-02 2.453439e-02 2.972277e-01 6.386654e-02
2.343101e-03 4.444852e-01 1.759083e-01 1.226286e-01 4.237898e-02 -2.704021e-01 1.168414e-01 8.787115e-02 1.803698e-02 -1.080041e-02 1.957838e-02 2.521450e-01 9.016393e-02
2.635989e-03 2.662476e-01 4.651356e-02 8.743758e-02 1.826202e-02 -1.431863e-01 2.563112e-02 8.050552e-02 1.080894e-02 1.516558e-02 1.098102e-02 1.670084e-01 1.986157e-02
3.514652e-03 3.289453e-01 5.101608e-02 9.549432e-02 2.181849e-02 -1.827394e-01 3.693225e-02 7.988368e-02 8.225797e-03 6.621347e-03 1.067758e-02 1.874603e-01 3.023661e-02
4.979090e-03 4.162258e-01 8.011339e-02 9.952026e-02 1.933386e-02 -2.511348e-01 6.081591e-02 7.376284e-02 6.468396e-03 -4.324451e-04 1.610580e-02 2.509230e-01 5.019781e-02
7.029304e-03 5.341417e-01 1.161902e-01 1.202016e-01 1.483511e-02 -3.101880e-01 9.316583e-02 8.346114e-02 5.009281e-03 1.344436e-04 1.220084e-02 3.021598e-01 7.493745e-02
9.665293e-03 5.467203e-01 1.233610e-01 1.532039e-01 2.631876e-02 -2.468653e-01 8.056428e-02 1.092883e-01 6.582859e-03 -2.899717e-03 1.667982e-02 2.400319e-01 5.273890e-02
1.288706e-02 7.514507e-01 1.106948e-01 2.069759e-01 3.961332e-02 -3.487706e-01 5.343811e-02 1.284420e-01 7.535866e-03 -2.648916e-02 2.357230e-02 3.090149e-01 2.665236e-02
1.669460e-02 1.356064e+00 1.698844e-01 4.202889e-01 5.529959e-02 -4.596128e-01 4.972991e-02 1.897560e-01 2.249632e-02 -9.534601e-02 1.475832e-02 3.096945e-01 2.589791e-02
3.807540e-03 4.680106e-01 1.286537e-01 1.444939e-01 4.020953e-02 -2.545053e-01 7.723011e-02 9.641703e-02 1.812001e-02 -1.863494e-02 1.809875e-02 2.265900e-01 5.246604e-02
4.100427e-03 4.525213e-01 5.090212e-02 1.239486e-01 1.388975e-02 -2.581408e-01 2.713793e-02 8.428675e-02 6.679453e-03 -1.397580e-02 1.153647e-02 2.329999e-01 1.152768e-02
4.979090e-03 3.608505e-01 2.114826e-02 8.340868e-02 7.366168e-03 -2.108032e-01 1.451008e-02 7.449076e-02 4.804110e-03 1.535888e-02 5.810346e-03 2.208628e-01 1.323331e-02
6.443528e-03 3.546296e-01 6.475570e-02 1.118709e-01 1.261390e-02 -1.789023e-01 4.944370e-02 8.004038e-02 4.129639e-03 -9.065240e-03 1.245133e-02 1.719956e-01 3.093025e-02
8.493742e-03 4.830963e-01 1.116192e-01 1.262521e-01 2.548268e-02 -2.531212e-01 7.208472e-02 9.429611e-02 8.394995e-03 -2.316082e-04 1.748328e-02 2.548072e-01 4.395345e-02
1.112973e-02 6.224157e-01 6.543498e-02 1.813610e-01 3.366749e-02 -2.728394e-01 1.413812e-02 1.164310e-01 1.335096e-02 -1.855721e-02 1.818085e-02 2.442225e-01 1.773581e-02
1.435150e-02 5.847212e-01 1.152947e-01 1.964449e-01 4.363889e-02 -1.770461e-01 4.728428e-02 1.343216e-01 1.175958e-02 -7.139122e-03 1.956628e-02 1.811148e-01 2.293349e-02
1.815903e-02 6.349144e-01 7.012471e-02 1.716250e-01 3.064929e-02 -2.250955e-01 2.999045e-02 1.191963e-01 8.819549e-03 -4.781362e-03 1.393741e-02 2.381664e-01 1.969779e-02
5.857753e-03 2.405942e-01 1.774680e-02 9.323567e-02 1.490907e-02 -8.971460e-02 1.283450e-02 9.679039e-02 1.112921e-02 3.441210e-02 1.103035e-02 1.407107e-01 1.989222e-02
6.150641e-03 4.569728e-01 1.304710e-01 1.379564e-01 3.954448e-02 -2.230219e-01 7.104038e-02 9.337134e-02 9.694856e-03 -9.876696e-03 2.588698e-02 2.010289e-01 3.451921e-02
7.029304e-03 5.783001e-01 1.167713e-01 1.841163e-01 4.069596e-02 -2.610064e-01 4.965265e-02 1.141426e-01 1.601396e-02 -2.811645e-02 1.488992e-02 2.071291e-01 2.565515e-02
8.493742e-03 4.323683e-01 9.188769e-02 1.196471e-01 2.794193e-02 -2.065012e-01 4.808147e-02 9.091320e-02 1.046259e-02 8.456148e-04 8.477976e-03 2.073336e-01 3.882993e-02
1.054396e-02 4.217982e-01 4.576483e-02 1.090204e-01 1.105648e-02 -2.030792e-01 2.753411e-02 9.097459e-02 7.472681e-03 1.144474e-02 8.864598e-03 2.184378e-01 2.096322e-02
1.317994e-02 9.783236e-01 2.955639e-01 2.607542e-01 6.695023e-02 -4.128213e-01 1.419083e-01 1.356116e-01 1.986987e-02 -4.494810e-02 2.269861e-02 3.352502e-01 8.658914e-02
1.640171e-02 8.617897e-01 1.274088e-01 2.130730e-01 3.665548e-02 -3.483845e-01 8.063961e-02 1.225391e-01 1.257793e-02 -2.728488e-02 2.434591e-02 2.899366e-01 5.370418e-02
2.020925e-02 1.122885e+00 1.490386e-01 3.035255e-01 5.010050e-02 -4.067000e-01 4.189591e-02 1.640154e-01 1.935109e-02 -6.185504e-02 1.453933e-02 3.137703e-01 3.163990e-02
8.493742e-03 5.335940e-01 8.295646e-02 1.443961e-01 2.291592e-02 -2.646658e-01 5.236708e-02 8.263505e-02 9.623010e-03 -2.512775e-02 1.346807e-02 2.363246e-01 3.955092e-02
8.786630e-03 3.526473e-01 8.525227e-02 8.235949e-02 2.940632e-02 -1.842748e-01 6.512928e-02 7.498186e-02 1.117684e-02 1.771049e-02 1.647420e-02 2.205359e-01 4.556900e-02
9.665293e-03 3.867575e-01 4.916039e-02 1.103554e-01 1.659936e-02 -1.809428e-01 2.709685e-02 9.293302e-02 8.237505e-03 1.539672e-02 1.121253e-02 2.098288e-01 1.801865e-02
1.112973e-02 3.154376e-01 5.010796e-02 1.028063e-01 2.506517e-02 -1.210706e-01 1.576265e-02 8.794363e-02 9.525733e-03 1.654069e-02 1.514250e-02 1.635271e-01 2.781969e-02
1.317994e-02 7.883140e-01 1.602426e-01 2.123569e-01 3.824170e-02 -3.267989e-01 8.055979e-02 1.110645e-01 1.252478e-02 -3.363366e-02 2.618821e-02 2.644053e-01 3.508577e-02
1.581593e-02 9.479170e-01 3.637436e-01 1.990189e-01 9.201547e-02 -4.128531e-01 1.362191e-01 1.147547e-01 1.990602e-02 -2.678790e-02 3.717765e-02 3.469207e-01 5.752595e-02
1.903770e-02 8.166973e-01 1.594962e-01 2.349840e-01 4.134141e-02 -2.801681e-01 7.818063e-02 1.441312e-01 9.672609e-03 -1.346472e-02 2.524792e-02 2.901937e-01 3.086706e-02
2.284524e-02 8.426895e-01 9.600712e-02 1.717782e-01 2.895907e-02 -3.074423e-01 6.333924e-02 1.214672e-01 7.509847e-03 -1.563617e-02 9.126908e-03 2.969432e-01 4.031037e-02
1.171551e-02 5.626250e-01 1.080948e-01 1.740516e-01 3.564095e-02 -2.126293e-01 4.397639e-02 1.171112e-01 1.780562e-02 -4.195382e-03 8.744497e-03 2.146538e-01 2.698780e-02
1.200839e-02 6.826116e-01 1.582929e-01 1.841158e-01 5.631730e-02 -3.078370e-01 6.467358e-02 1.162378e-01 1.732654e-02 -2.117219e-02 2.544215e-02 2.775398e-01 2.592665e-02
1.288706e-02 5.350381e-01 1.160121e-01 1.401990e-01 4.609349e-02 -2.235917e-01 5.497649e-02 9.739238e-02 1.816342e-02 -8.163027e-03 1.782784e-02 2.195928e-01 2.694634e-02
1.435150e-02 5.578714e-01 5.379857e-02 1.580054e-01 1.764394e-02 -2.467253e-01 3.084021e-02 1.027995e-01 5.268736e-03 -1.662042e-02 8.008709e-03 2.598725e-01 2.031724e-02
1.640171e-02 6.443098e-01 8.408563e-02 1.633437e-01 2.739453e-02 -2.467715e-01 1.172784e-02 1.085641e-01 1.031752e-02 -8.101645e-03 8.466469e-03 2.427083e-01 2.301546e-02
1.903770e-02 9.942201e-01 1.567816e-01 2.180254e-01 3.971322e-02 -3.756442e-01 8.199957e-02 1.161433e-01 1.452557e-02 -2.581327e-02 2.018886e-02 3.173403e-01 3.680272e-02
2.225946e-02 9.631191e-01 1.852745e-01 2.354951e-01 4.713425e-02 -2.925749e-01 5.940528e-02 1.455458e-01 1.366328e-02 -3.263287e-02 9.996286e-03 2.736261e-01 2.939065e-02
2.606700e-02 1.115239e+00 1.872086e-01 2.775987e-01 2.083742e-02 -3.268011e-01 6.472008e-02 1.621209e-01 1.263153e-02 -4.078959e-02 1.889099e-02 3.471081e-01 3.971468e-02
1.552305e-02 1.326581e+00 4.016574e-01 3.110619e-01 8.770987e-02 -5.286884e-01 1.521929e-01 1.321143e-01 1.772074e-02 -8.048597e-02 3.519924e-02 3.361692e-01 5.993193e-02
1.581593e-02 1.118240e+00 1.516313e-01 2.675911e-01 3.515068e-02 -4.813819e-01 6.892265e-02 1.354689e-01 1.252264e-02 -6.217748e-02 1.473522e-02 3.671402e-01 4.040957e-02
1.669460e-02 5.952262e-01 8.411819e-02 1.514877e-01 3.768071e-02 -2.266021e-01 3.833468e-02 1.254025e-01 1.588164e-02 1.532912e-02 1.339084e-02 2.561697e-01 2.663826e-02
1.815903e-02 8.266867e-01 1.310783e-01 2.044511e-01 3.976206e-02 -3.160689e-01 6.672796e-02 1.145368e-01 1.218731e-02 -2.908780e-02 1.548921e-02 2.784738e-01 3.479290e-02
2.020925e-02 1.111119e+00 1.834483e-01 3.174489e-01 5.352453e-02 -3.862649e-01 6.631902e-02 1.739039e-01 1.539557e-02 -5.899770e-02 2.270666e-02 3.084087e-01 2.227529e-02
2.284524e-02 9.928948e-01 8.752419e-02 2.262873e-01 2.823917e-02 -3.972547e-01 5.684509e-02 1.355277e-01 1.773211e-02 -4.280667e-02 1.671243e-02 3.658292e-01 2.662285e-02
2.606700e-02 8.674432e-01 1.309284e-01 2.495785e-01 5.153268e-02 -3.139593e-01 6.308891e-02 1.617420e-01 2.632358e-02 -4.439493e-02 2.384385e-02 3.414971e-01 4.057585e-02
2.987454e-02 1.126444e+00 1.405359e-01 2.430948e-01 5.612746e-02 -4.195120e-01 8.117594e-02 1.698500e-01 2.947826e-02 -5.258827e-02 2.310315e-02 4.756853e-01 7.070381e-02
2.635989e-03 3.211551e-01 5.530777e-02 1.043612e-01 8.327303e-03 -1.748395e-01 5.812607e-02 8.292277e-02 5.548437e-03 1.384744e-03 5.974143e-03 1.764976e-01 5.155254e-02
2.928877e-03 1.911808e-01 3.205448e-02 7.430973e-02 1.523401e-02 -8.044060e-02 1.645547e-02 8.208811e-02 5.779234e-03 3.273086e-02 5.895378e-03 1.267977e-01 1.577132e-02
3.807540e-03 3.230399e-01 5.340853e-02 9.453808e-02 1.571586e-02 -1.779244e-01 4.422992e-02 8.311156e-02 9.266374e-03 1.551034e-02 1.025836e-02 2.017022e-01 3.659456e-02
5.271978e-03 2.962592e-01 7.226002e-02 9.072437e-02 1.742357e-02 -1.575219e-01 4.649460e-02 8.513413e-02 4.621711e-03 1.520700e-02 1.269127e-02 1.840883e-01 2.878538e-02
7.322191e-03 3.534434e-01 3.223189e-02 9.107739e-02 1.269187e-02 -1.778245e-01 1.824512e-02 7.432294e-02 1.831031e-03 1.347868e-02 8.416567e-03 2.009188e-01 2.404346e-02
9.958180e-03 5.321462e-01 1.182319e-01 1.483569e-01 2.542896e-02 -2.590782e-01 7.301946e-02 9.731849e-02 8.752808e-03 -1.807796e-02 1.436427e-02 2.304532e-01 4.419916e-02
1.317994e-02 5.862844e-01 1.319360e-01 1.471148e-01 2.747973e-02 -2.281299e-01 5.031564e-02 9.649595e-02 1.042616e-02 -1.222189e-02 1.174422e-02 2.042148e-01 1.884797e-02
1.698748e-02 9.640186e-01 2.245427e-01 2.472537e-01 6.070554e-02 -4.126555e-01 8.480911e-02 1.276408e-01 1.691224e-02 -6.470176e-02 2.435538e-02 3.378933e-01 2.884603e-02
2.928877e-03 6.527944e-01 1.122549e-01 1.689398e-01 4.087900e-02 -4.196505e-01 6.591489e-02 1.080526e-01 1.362717e-02 -3.409127e-02 2.217699e-02 3.716558e-01 4.669056e-02
3.221764e-03 3.301879e-01 9.683126e-02 9.757093e-02 3.293945e-02 -1.822331e-01 5.905195e-02 8.023348e-02 1.299352e-02 8.650773e-03 1.828249e-02 1.928730e-01 3.599741e-02
4.100427e-03 5.633053e-01 1.706616e-01 1.374375e-01 4.495354e-02 -3.495319e-01 1.038941e-01 8.922368e-02 1.482814e-02 -2.341526e-02 2.469281e-02 3.070553e-01 6.719973e-02
5.564865e-03 4.845600e-01 1.029545e-01 1.363722e-01 1.845883e-02 -2.624612e-01 7.075883e-02 8.817953e-02 4.853313e-03 -1.853528e-02 1.651691e-02 2.370449e-01 4.088700e-02
7.615079e-03 3.479245e-01 3.742752e-02 9.379690e-02 1.115069e-02 -1.714494e-01 2.987289e-02 9.215527e-02 5.345975e-03 2.744321e-02 1.203263e-02 2.085859e-01 3.068021e-02
1.025107e-02 5.226430e-01 2.811992e-02 1.509940e-01 1.843883e-02 -2.368927e-01 2.531596e-02 1.013556e-01 1.169468e-02 -8.542556e-03 1.015847e-02 2.253685e-01 1.603445e-02
1.347283e-02 5.663019e-01 4.599371e-02 1.369223e-01 2.344813e-02 -2.502475e-01 3.587008e-02 1.047397e-01 6.853219e-03 9.919967e-03 7.960538e-03 2.530504e-01 2.332819e-02
1.728037e-02 6.983454e-01 5.277955e-02 1.976632e-01 1.984802e-02 -2.500972e-01 2.304959e-02 1.308178e-01 1.189712e-02 -2.057245e-03 1.247598e-02 2.717685e-01 2.343569e-02
3.807540e-03 1.496980e-01 2.910368e-02 4.473454e-02 8.889712e-03 -7.785273e-02 1.685008e-02 6.047232e-02 4.367281e-03 3.121960e-02 8.093805e-03 1.239608e-01 1.009440e-02
4.100427e-03 4.145525e-01 1.181932e-01 1.168276e-01 2.809093e-02 -2.528063e-01 8.313837e-02 8.996752e-02 8.229697e-03 -5.224958e-03 1.764514e-02 2.495785e-01 6.510790e-02
4.979090e-03 2.895040e-01 6.167228e-02 1.047584e-01 2.581558e-02 -1.224683e-01 2.855150e-02 8.719029e-02 1.076360e-02 1.320558e-02 1.620855e-02 1.445140e-01 1.074709e-02
6.443528e-03 2.956431e-01 6.854130e-02 8.521276e-02 1.133280e-02 -1.509721e-01 4.525608e-02 8.047334e-02 4.571973e-03 1.938347e-02 7.716264e-03 1.783412e-01 3.223293e-02
8.493742e-03 5.043608e-01 9.554038e-02 1.381047e-01 3.796105e-02 -2.337359e-01 4.244558e-02 8.954403e-02 1.657464e-02 -1.436152e-02 1.431301e-02 2.044504e-01 2.103245e-02
1.112973e-02 5.189112e-01 1.165950e-01 1.459008e-01 4.601978e-02 -2.326442e-01 5.282288e-02 1.132859e-01 1.730467e-02 4.328239e-03 1.946400e-02 2.429263e-01 3.420730e-02
1.435150e-02 6.483564e-01 1.283068e-01 1.618067e-01 2.751770e-02 -2.917024e-01 8.118464e-02 1.074177e-01 7.862525e-03 -1.849459e-02 1.849297e-02 2.610777e-01 4.331376e-02
1.815903e-02 7.250728e-01 9.837969e-02 1.667674e-01 2.838287e-02 -2.893483e-01 4.739604e-02 1.085679e-01 1.013388e-02 -7.552171e-03 1.067526e-02 3.043407e-01 3.575776e-02
5.271978e-03 5.486075e-01 1.303361e-01 1.453786e-01 4.826066e-02 -3.132104e-01 7.002085e-02 1.000281e-01 1.940996e-02 -7.764582e-03 1.986529e-02 2.983383e-01 5.394497e-02
5.564865e-03 3.207401e-01 4.028618e-02 9.761346e-02 1.317914e-02 -1.464059e-01 2.951666e-02 8.454636e-02 6.241247e-03 1.249202e-02 1.182445e-02 1.563829e-01 1.802940e-02
6.443528e-03 5.737425e-01 1.401264e-01 1.493838e-01 4.033201e-02 -3.206352e-01 8.788210e-02 1.007096e-01 1.741572e-02 -1.111964e-02 2.059116e-02 3.007404e-01 6.123639e-02
7.907967e-03 4.188387e-01 6.553643e-02 1.242742e-01 3.039242e-02 -1.873806e-01 2.115052e-02 9.392036e-02 1.404767e-02 4.417236e-03 8.831395e-03 1.944748e-01 1.169491e-02
9.958180e-03 6.533995e-01 1.901435e-01 1.748949e-01 5.466727e-02 -2.873764e-01 9.063012e-02 1.081886e-01 1.592137e-02 -8.272711e-03 2.467105e-02 2.549505e-01 4.781569e-02
1.259417e-02 5.651904e-01 1.577835e-01 1.511655e-01 3.817286e-02 -2.443195e-01 6.809570e-02 9.822454e-02 7.103000e-03 -1.449670e-02 2.065819e-02 2.267776e-01 2.431511e-02
1.581593e-02 1.057984e+00 1.701287e-01 2.446224e-01 4.181176e-02 -4.346957e-01 7.419419e-02 1.289847e-01 1.046371e-02 -3.412178e-02 1.549151e-02 3.359925e-01 5.109677e-02
1.962347e-02 9.782042e-01 8.448947e-02 2.327603e-01 2.064846e-02 -3.784699e-01 6.357200e-02 1.288198e-01 9.051634e-03 -4.242538e-02 1.399263e-02 3.114187e-01 3.242706e-02
7.322191e-03 6.112159e-01 1.007984e-01 1.665010e-01 1.993304e-02 -3.120139e-01 6.641724e-02 9.731229e-02 6.347380e-03 -3.064915e-02 1.799664e-02 2.612446e-01 3.665822e-02
7.615079e-03 4.706842e-01 1.258071e-01 1.308376e-01 3.066689e-02 -2.325861e-01 7.762591e-02 8.865144e-02 1.495093e-02 -7.612124e-03 1.484333e-02 2.221285e-01 5.258385e-02
8.493742e-03 3.551269e-01 7.668426e-02 1.024201e-01 2.394347e-02 -1.621064e-01 3.340876e-02 8.040414e-02 8.296118e-03 1.051659e-02 9.795930e-03 1.867170e-01 2.225330e-02
9.958180e-03 6.691720e-01 8.390359e-02 1.925625e-01 2.991928e-02 -2.743265e-01 3.833903e-02 1.091195e-01 1.250272e-02 -2.848520e-02 1.108420e-02 2.227535e-01 2.032433e-02
1.200839e-02 5.141282e-01 1.254132e-01 1.558289e-01 1.967265e-02 -1.795366e-01 7.888765e-02 1.096248e-01 1.071970e-02 6.493963e-03 1.464869e-02 1.992850e-01 4.429585e-02
1.464438e-02 6.674827e-01 9.942436e-02 1.683608e-01 2.788353e-02 -2.782447e-01 4.548037e-02 1.082343e-01 1.239964e-02 -4.154122e-03 1.223043e-02 2.759334e-01 3.403001e-02
1.786615e-02 7.878327e-01 2.420510e-01 2.157035e-01 5.219328e-02 -3.145975e-01 1.196314e-01 1.329039e-01 1.230986e-02 -2.072482e-02 3.180700e-02 3.099979e-01 4.706349e-02
2.167369e-02 1.016626e+00 3.582567e-01 2.132057e-01 7.219647e-02 -4.075318e-01 1.652656e-01 1.177551e-01 1.631246e-02 -3.319911e-02 3.080278e-02 3.653894e-01 8.004539e-02
9.958180e-03 4.376684e-01 1.066329e-01 1.164402e-01 3.352710e-02 -2.115631e-01 5.638621e-02 9.135442e-02 1.489836e-02 4.691867e-03 1.522635e-02 2.312938e-01 3.561213e-02
1.025107e-02 4.646959e-01 7.432922e-02 1.447603e-01 2.050869e-02 -2.072192e-01 4.887774e-02 1.072208e-01 1.319375e-02 -1.925757e-03 2.132972e-03 2.153611e-01 3.666431e-02
1.112973e-02 9.350231e-01 2.338233e-01 2.472547e-01 5.412137e-02 -4.433951e-01 1.249844e-01 1.298853e-01 1.619972e-02 -4.903850e-02 2.240369e-02 3.520366e-01 7.785814e-02
1.259417e-02 8.509025e-01 1.541209e-01 2.386062e-01 3.416968e-02 -3.211181e-01 7.769688e-02 1.231104e-01 1.301902e-02 -4.047100e-02 1.621949e-02 2.474791e-01 4.059337e-02
1.464438e-02 6.484823e-01 1.091093e-01 1.852551e-01 4.752268e-02 -2.296890e-01 3.645362e-02 1.192013e-01 1.991524e-02 -5.146096e-03 1.354659e-02 2.237395e-01 3.317839e-02
1.728037e-02 6.169638e-01 1.184047e-01 1.570012e-01 3.639650e-02 -2.266014e-01 3.483199e-02 1.009717e-01 1.193655e-02 -7.124920e-03 1.665807e-02 2.455381e-01 2.993766e-02
2.050214e-02 8.205503e-01 7.039383e-02 2.119233e-01 1.835069e-02 -2.857903e-01 4.203242e-02 1.252517e-01 1.447736e-02 -2.920045e-02 1.105628e-02 2.808399e-01 1.393532e-02
2.430968e-02 9.401014e-01 1.033174e-01 2.177670e-01 2.400002e-02 -3.162016e-01 1.806731e-02 1.352890e-01 1.033368e-02 -2.875151e-02 9.693150e-03 3.128686e-01 8.657844e-03
1.317994e-02 6.587633e-01 1.439037e-01 1.585104e-01 2.941275e-02 -2.786617e-01 6.517760e-02 1.035536e-01 7.094654e-03 -7.620743e-03 1.614529e-02 2.531897e-01 2.319773e-02
1.347283e-02 6.750906e-01 2.097290e-01 2.101435e-01 7.868311e-02 -2.379039e-01 6.426161e-02 1.354868e-01 2.593672e-02 -1.706025e-02 2.901024e-02 2.122154e-01 2.608627e-02
1.435150e-02 5.092759e-01 1.019833e-01 1.137300e-01 1.532531e-02 -2.432247e-01 6.502505e-02 1.006998e-01 7.579876e-03 8.123867e-03 1.135431e-02 2.595641e-01 4.612423e-02
1.581593e-02 8.303582e-01 1.766721e-01 2.310343e-01 4.553375e-02 -3.304075e-01 9.737699e-02 1.323651e-01 1.723411e-02 -3.599491e-02 1.717447e-02 2.846746e-01 6.347221e-02
1.786615e-02 1.249364e+00 2.268946e-01 2.883929e-01 6.919466e-02 -5.194275e-01 8.501959e-02 1.405841e-01 1.945631e-02 -6.497298e-02 1.876564e-02 3.761027e-01 5.646933e-02
2.050214e-02 6.196869e-01 7.473311e-02 1.115556e-01 1.068698e-02 -2.576414e-01 4.805461e-02 1.099405e-01 1.313854e-02 1.827578e-02 1.533430e-02 2.835515e-01 3.285317e-02
2.372390e-02 1.247821e+00 2.178431e-01 2.818576e-01 4.186958e-02 -4.895331e-01 1.181145e-01 1.558048e-01 1.070780e-02 -6.199148e-02 2.348094e-02 3.714512e-01 7.742676e-02
2.753144e-02 1.153352e+00 2.013790e-01 2.594211e-01 3.357653e-02 -3.951157e-01 8.164195e-02 1.621771e-01 7.089974e-03 -4.519270e-02 1.850945e-02 4.153505e-01 1.911400e-02
1.698748e-02 6.532072e-01 8.425740e-02 1.389812e-01 2.098677e-02 -2.789394e-01 4.477586e-02 9.707566e-02 8.433450e-03 1.676446e-03 1.251977e-02 3.071210e-01 2.575812e-02
1.728037e-02 5.082492e-01 9.174527e-02 1.246260e-01 1.040709e-02 -1.904352e-01 6.252695e-02 9.606419e-02 8.002409e-03 1.182404e-02 1.136433e-02 2.413289e-01 5.143414e-02
1.815903e-02 6.917543e-01 6.768620e-02 1.707157e-01 2.394739e-02 -2.668572e-01 3.970962e-02 1.121595e-01 1.089154e-02 -2.074606e-02 1.003045e-02 2.439256e-01 2.870023e-02
1.962347e-02 8.978007e-01 2.444237e-01 2.219191e-01 5.004445e-02 -3.644559e-01 1.140586e-01 1.285780e-01 1.158062e-02 -3.964939e-02 2.914698e-02 3.309964e-01 4.773136e-02
2.167369e-02 1.083019e+00 2.242002e-01 2.690892e-01 6.393030e-02 -4.074679e-01 6.407102e-02 1.538372e-01 1.992484e-02 -4.251326e-02 2.307982e-02 3.456737e-01 3.175335e-02
2.430968e-02 1.116748e+00 1.545562e-01 2.541270e-01 3.019634e-02 -4.288475e-01 7.038274e-02 1.668830e-01 1.461781e-02 -3.821252e-02 1.223528e-02 4.209061e-01 5.378703e-02
2.753144e-02 1.134553e+00 1.928223e-01 2.591107e-01 5.246845e-02 -4.019369e-01 5.932694e-02 1.648804e-01 2.703033e-02 -5.299402e-02 1.051975e-02 4.252418e-01 3.131390e-02
3.133898e-02 1.027911e+00 1.210289e-01 2.304802e-01 6.181926e-02 -3.421046e-01 4.824318e-02 1.870908e-01 3.142240e-02 -5.666026e-02 1.216841e-02 3.983211e-01 7.074765e-02
4.686202e-03 3.982730e-01 1.430622e-01 1.237395e-01 3.860589e-02 -2.035172e-01 8.611130e-02 8.706336e-02 9.725342e-03 -9.257386e-03 2.577675e-02 1.860486e-01 4.796830e-02
4.979090e-03 4.461889e-01 7.044588e-02 9.747224e-02 1.315128e-02 -2.770037e-01 4.975369e-02 7.766070e-02 4.393578e-03 2.254672e-03 1.156911e-02 2.669480e-01 3.535802e-02
5.857753e-03 4.106539e-01 1.103280e-01 1.212951e-01 3.299654e-02 -2.213484e-01 7.424599e-02 8.313992e-02 1.272773e-02 -1.589939e-02 2.197798e-02 2.018829e-01 4.869139e-02
7.322191e-03 4.335928e-01 6.109844e-02 1.112468e-01 3.077299e-02 -2.274324e-01 4.537344e-02 9.216394e-02 1.467830e-02 9.317241e-03 1.094023e-02 2.401429e-01 4.033238e-02
9.372405e-03 5.257732e-01 4.273825e-02 1.289202e-01 8.715822e-03 -2.670491e-01 3.361237e-02 8.975261e-02 5.331769e-03 -9.297618e-03 5.449232e-03 2.496504e-01 2.950735e-02
1.200839e-02 5.531366e-01 5.772809e-02 1.663508e-01 1.650052e-02 -2.263392e-01 2.746366e-02 1.120939e-01 8.169595e-03 -1.259582e-02 3.423644e-03 2.138311e-01 1.789371e-02
1.523016e-02 1.235619e+00 2.741608e-01 2.959707e-01 7.623121e-02 -5.405526e-01 1.148798e-01 1.368962e-01 2.421240e-02 -7.253937e-02 2.958802e-02 3.858588e-01 5.814568e-02
1.903770e-02 7.719059e-01 1.876539e-01 1.603676e-01 3.078183e-02 -3.336275e-01 8.580088e-02 1.173117e-01 8.923428e-03 -1.841472e-02 1.255632e-02 3.063335e-01 5.430249e-02
4.979090e-03 3.558907e-01 3.455817e-02 9.823744e-02 1.956612e-02 -1.951921e-01 2.690825e-02 9.134559e-02 1.338691e-02 2.314918e-02 6.622825e-03 2.237560e-01 2.456720e-02
5.271978e-03 2.997681e-01 5.252266e-02 7.798576e-02 1.746381e-02 -1.778249e-01 3.535289e-02 7.193035e-02 7.467201e-03 9.618504e-03 1.128842e-02 1.960576e-01 2.549215e-02
6.150641e-03 4.077710e-01 4.674345e-02 1.116093e-01 1.620783e-02 -2.240989e-01 3.314462e-02 7.715068e-02 5.924703e-03 -1.369223e-02 1.159866e-02 2.037933e-01 2.127487e-02
7.615079e-03 5.399903e-01 8.738406e-02 1.360459e-01 2.342591e-02 -2.934286e-01 4.694451e-02 9.435975e-02 3.269763e-03 -2.916137e-03 2.399717e-02 2.901045e-01 3.155829e-02
9.665293e-03 5.335881e-01 1.144088e-01 1.557592e-01 2.707298e-02 -2.149869e-01 5.508741e-02 1.100932e-01 1.136656e-02 1.090615e-02 2.673911e-02 2.274271e-01 4.764039e-02
1.230128e-02 4.580493e-01 2.288740e-02 1.499413e-01 9.836166e-03 -1.624563e-01 2.612507e-02 1.034610e-01 5.310219e-03 6.009147e-03 1.008669e-02 2.000771e-01 3.558086e-02
1.552305e-02 7.192127e-01 7.181775e-02 1.927677e-01 2.477194e-02 -2.975824e-01 2.346374e-02 1.215943e-01 7.118688e-03 -1.795322e-02 1.269856e-02 2.688075e-01 1.883962e-02
1.933059e-02 1.112246e+00 1.641263e-01 2.902210e-01 4.179586e-02 -3.847698e-01 8.826936e-02 1.469649e-01 2.249500e-02 -4.529067e-02 1.735049e-02 3.141687e-01 5.457974e-02
5.857753e-03 3.640185e-01 6.393195e-02 9.191710e-02 2.423734e-02 -2.073809e-01 3.087328e-02 8.620138e-02 5.623827e-03 1.748803e-02 1.621815e-02 2.253352e-01 2.009334e-02
6.150641e-03 4.012001e-01 5.049155e-02 9.772136e-02 1.379726e-02 -2.311880e-01 3.333163e-02 8.130794e-02 2.575559e-03 1.091553e-02 1.185969e-02 2.428225e-01 3.019753e-02
7.029304e-03 7.301372e-01 2.637322e-01 2.123955e-01 7.552196e-02 -3.583521e-01 1.276943e-01 1.072095e-01 2.163059e-02 -5.721043e-02 3.747142e-02 2.642617e-01 6.457156e-02
8.493742e-03 5.335955e-01 8.723861e-02 1.399362e-01 2.360804e-02 -2.553213e-01 5.128459e-02 1.024365e-01 1.370261e-02 2.246530e-03 1.827373e-02 2.389171e-01 2.929002e-02
1.054396e-02 4.369033e-01 5.262188e-02 1.405640e-01 2.267472e-02 -1.750859e-01 3.572791e-02 1.012240e-01 7.193867e-03 -4.309755e-03 1.693010e-02 1.863025e-01 1.639960e-02
1.317994e-02 4.659226e-01 6.636466e-02 1.291088e-01 1.331864e-02 -1.966403e-01 4.235616e-02 1.019307e-01 1.003626e-02 -2.354549e-03 1.243834e-02 2.028220e-01 8.237926e-03
1.640171e-02 6.206120e-01 5.712960e-02 1.738151e-01 2.032855e-02 -2.411984e-01 3.109426e-02 1.124916e-01 9.090591e-03 -1.943793e-02 1.142878e-02 2.256286e-01 2.003978e-02
2.020925e-02 9.943806e-01 2.276606e-01 2.386894e-01 5.422680e-02 -3.756316e-01 9.153977e-02 1.253308e-01 1.623030e-02 -4.120241e-02 1.576061e-02 3.257871e-01 5.054750e-02
7.322191e-03 3.420118e-01 8.214640e-02 9.113216e-02 2.065052e-02 -1.733084e-01 4.906663e-02 8.735975e-02 9.734888e-03 2.472212e-02 1.231249e-02 2.114310e-01 3.064074e-02
7.615079e-03 5.866331e-01 1.798014e-01 1.570563e-01 4.650210e-02 -3.040892e-01 9.654904e-02 9.649620e-02 1.409453e-02 -2.384748e-02 2.450115e-02 2.616122e-01 5.199213e-02
8.493742e-03 4.699688e-01 8.647755e-02 1.448361e-01 2.836571e-02 -2.184453e-01 4.609221e-02 1.030908e-01 1.193864e-02 -9.049445e-03 1.360593e-02 2.083599e-01 2.630290e-02
9.958180e-03 4.500537e-01 6.139999e-02 1.339830e-01 2.192086e-02 -1.937532e-01 4.679774e-02 9.757921e-02 1.354428e-02 2.338727e-03 7.379100e-03 2.016316e-01 2.874730e-02
1.200839e-02 6.176085e-01 1.181562e-01 1.792110e-01 2.632821e-02 -2.422759e-01 6.822950e-02 1.077630e-01 5.538324e-03 -1.739057e-02 1.406402e-02 2.058516e-01 4.352547e-02
1.464438e-02 6.683898e-01 1.340894e-01 1.724814e-01 2.702007e-02 -2.962129e-01 7.805616e-02 1.138764e-01 1.581070e-02 -1.176858e-02 2.108623e-02 2.843061e-01 4.696302e-02
1.786615e-02 5.687556e-01 9.384336e-02 1.379532e-01 2.382119e-02 -2.384683e-01 6.060529e-02 1.058542e-01 1.219035e-02 -6.869205e-03 1.233053e-02 2.770464e-01 3.579256e-02
2.167369e-02 9.034423e-01 8.776959e-02 2.276819e-01 2.762966e-02 -3.354742e-01 4.066736e-02 1.367568e-01 9.439742e-03 -2.487540e-02 1.156308e-02 3.270916e-01 4.186586e-02
9.372405e-03 4.279380e-01 7.534144e-02 9.360167e-02 1.602170e-02 -2.125855e-01 7.020380e-02 8.325244e-02 6.254182e-03 2.357480e-02 1.301934e-02 2.422021e-01 8.425330e-02
9.665293e-03 4.217442e-01 4.512899e-02 1.274211e-01 1.697857e-02 -2.038085e-01 1.540587e-02 9.078315e-02 6.858673e-03 -1.366917e-02 1.040141e-02 2.032225e-01 2.201716e-02
1.054396e-02 5.496171e-01 8.927522e-02 1.566442e-01 2.735851e-02 -2.430464e-01 5.488377e-02 9.577998e-02 9.608587e-03 -1.839812e-02 1.551401e-02 2.319156e-01 3.373816e-02
1.200839e-02 4.833862e-01 5.291248e-02 1.458289e-01 2.284943e-02 -1.800069e-01 1.452563e-02 1.013230e-01 1.205424e-02 -4.111232e-03 5.932893e-03 1.879622e-01 5.774459e-03
1.405861e-02 5.627386e-01 6.887815e-02 1.557427e-01 1.290806e-02 -2.143884e-01 4.985062e-02 1.061187e-01 6.956350e-03 -1.116172e-02 1.262135e-02 2.056080e-01 2.653216e-02
1.669460e-02 5.755853e-01 1.093120e-01 1.534772e-01 3.993681e-02 -1.731626e-01 2.424607e-02 1.129994e-01 1.371372e-02 2.821075e-03 4.685494e-03 1.986741e-01 2.880731e-02
1.991636e-02 1.062699e+00 3.246188e-01 2.670738e-01 8.826064e-02 -4.080470e-01 1.225573e-01 1.337741e-01 2.219007e-02 -7.039809e-02 3.910999e-02 3.091705e-01 4.847043e-02
2.372390e-02 1.019451e+00 2.409533e-01 2.362405e-01 5.887876e-02 -3.262230e-01 1.045928e-01 1.433202e-01 1.441170e-02 -1.258937e-02 2.875361e-02 3.041089e-01 4.345348e-02
1.200839e-02 6.582887e-01 1.063515e-01 1.721579e-01 2.815320e-02 -3.081165e-01 4.711662e-02 1.065085e-01 9.582352e-03 -2.011576e-02 1.406463e-02 2.764912e-01 1.950177e-02
1.230128e-02 5.644936e-01 4.286240e-02 1.429637e-01 2.062321e-02 -2.476917e-01 2.218157e-02 1.011850e-01 1.375597e-02 4.282861e-04 4.614020e-03 2.384687e-01 2.268965e-02
1.317994e-02 4.534523e-01 8.385784e-02 1.116788e-01 2.304880e-02 -2.317634e-01 3.819541e-02 8.880861e-02 7.653055e-03 1.502081e-03 1.073791e-02 2.487596e-01 2.882871e-02
1.464438e-02 9.447264e-01 1.664375e-01 2.010999e-01 3.695422e-02 -4.287223e-01 7.855704e-02 1.020293e-01 1.295621e-02 -4.171365e-02 1.585080e-02 3.402798e-01 4.590407e-02
1.669460e-02 9.627361e-01 1.723023e-01 2.593642e-01 4.999621e-02 -3.641581e-01 7.258350e-02 1.309337e-01 1.527817e-02 -4.747174e-02 1.636618e-02 2.900544e-01 4.571175e-02
1.933059e-02 1.057319e+00 2.503184e-01 2.571486e-01 5.259490e-02 -3.832368e-01 9.661642e-02 1.511081e-01 2.029370e-02 -2.606715e-02 2.315123e-02 2.997999e-01 3.190391e-02
2.255235e-02 6.652889e-01 1.641104e-01 1.519609e-01 3.488027e-02 -2.460823e-01 7.132151e-02 1.283166e-01 7.345215e-03 3.665105e-03 1.800466e-02 2.895877e-01 2.108112e-02
2.635989e-02 1.040238e+00 1.398924e-01 2.628153e-01 4.220618e-02 -3.328935e-01 6.478620e-02 1.582789e-01 1.530615e-02 -4.536725e-02 1.929328e-02 3.510119e-01 3.077155e-02
1.523016e-02 8.043490e-01 2.006897e-01 1.888786e-01 4.650839e-02 -3.266175e-01 8.326874e-02 9.961041e-02 1.533597e-02 -3.692636e-02 1.991803e-02 2.630880e-01 4.369141e-02
1.552305e-02 6.689908e-01 9.445828e-02 1.615394e-01 2.302889e-02 -2.921342e-01 4.600013e-02 1.059294e-01 9.024294e-03 -9.675224e-03 1.313630e-02 2.863155e-01 2.527679e-02
1.640171e-02 8.927704e-01 7.106219e-02 2.342198e-01 1.367854e-02 -3.511981e-01 4.498780e-02 1.274660e-01 8.283314e-03 -4.036686e-02 1.388839e-02 2.617494e-01 1.350761e-02
1.786615e-02 1.173638e+00 1.851603e-01 2.943887e-01 5.392108e-02 -4.612639e-01 7.962029e-02 1.377917e-01 1.854861e-02 -7.852466e-02 1.601353e-02 3.298759e-01 4.695161e-02
1.991636e-02 7.858652e-01 2.098625e-01 1.747131e-01 5.542411e-02 -2.813227e-01 7.825188e-02 1.112537e-01 1.170409e-02 -1.249497e-02 2.775085e-02 2.766081e-01 1.761012e-02
2.255235e-02 1.002399e+00 9.853550e-02 1.946538e-01 2.115916e-02 -4.004541e-01 4.902518e-02 1.196272e-01 1.073952e-02 -3.529681e-02 1.590388e-02 3.716847e-01 3.277068e-02
2.577411e-02 7.003713e-01 9.495222e-02 1.744458e-01 4.151196e-02 -2.414587e-01 2.014810e-02 1.400713e-01 1.682615e-02 -1.315274e-02 2.006617e-02 3.266727e-01 2.969643e-02
2.958165e-02 9.198203e-01 1.581526e-01 2.340803e-01 4.350753e-02 -2.166144e-01 5.868328e-02 1.896889e-01 8.503747e-03 -1.691006e-02 2.985047e-02 3.408512e-01 4.634744e-02
1.903770e-02 7.501791e-01 2.087701e-01 1.608888e-01 5.549831e-02 -3.093337e-01 8.011561e-02 1.069135e-01 1.295174e-02 -6.732281e-03 2.970904e-02 3.231916e-01 5.028020e-02
1.933059e-02 1.432488e+00 5.172800e-01 3.269738e-01 1.254646e-01 -5.996093e-01 2.230945e-01 1.478796e-01 3.038713e-02 -8.871357e-02 5.777517e-02 4.161462e-01 8.934506e-02
2.020925e-02 9.389696e-01 1.613785e-01 2.289255e-01 4.666508e-02 -3.836668e-01 6.894149e-02 1.395367e-01 1.583929e-02 -3.885235e-02 1.876105e-02 3.119941e-01 3.686784e-02
2.167369e-02 8.814375e-01 1.438925e-01 2.038659e-01 4.357508e-02 -2.864182e-01 5.235624e-02 1.389697e-01 1.104715e-02 -7.431034e-03 1.774352e-02 3.057940e-01 3.190816e-02
2.372390e-02 1.278690e+00 2.442547e-01 3.185018e-01 5.705884e-02 -3.625959e-01 8.191139e-02 1.680274e-01 2.200912e-02 -4.026746e-02 3.121450e-02 3.229420e-01 4.086898e-02
2.635989e-02 9.294901e-01 5.732881e-02 2.549334e-01 2.409128e-02 -2.992346e-01 4.395844e-02 1.749355e-01 3.012569e-03 -1.616385e-02 1.534994e-02 3.556042e-01 3.600516e-02
2.958165e-02 8.361280e-01 4.816558e-02 2.063511e-01 2.783052e-02 -2.813181e-01 2.566048e-02 1.513973e-01 1.728659e-02 -4.005744e-02 1.802619e-02 3.273917e-01 1.778303e-02
3.338919e-02 1.150053e+00 2.514700e-01 2.876117e-01 7.597031e-02 -3.280807e-01 9.072375e-02 2.041160e-01 2.005393e-02 -4.450470e-02 3.744716e-02 4.071330e-01 2.943970e-02
7.322191e-03 2.562830e-01 7.191359e-02 6.353081e-02 1.586312e-02 -1.435552e-01 4.515353e-02 7.663290e-02 7.794417e-03 2.576283e-02 1.820675e-02 1.826398e-01 2.836899e-02
7.615079e-03 4.844878e-01 6.664950e-02 1.352806e-01 2.099596e-02 -2.393996e-01 2.366074e-02 9.942127e-02 6.789132e-03 3.862691e-04 1.647189e-02 2.319762e-01 1.134154e-02
8.493742e-03 2.974365e-01 5.180616e-02 8.156573e-02 1.306883e-02 -1.445403e-01 3.879947e-02 8.527088e-02 4.884732e-03 2.629362e-02 1.098760e-02 1.852637e-01 2.625900e-02
9.958180e-03 5.519051e-01 1.200223e-01 1.575908e-01 3.734605e-02 -2.398689e-01 5.245973e-02 9.616309e-02 1.036722e-02 -1.844604e-02 1.702753e-02 2.201142e-01 3.421963e-02
1.200839e-02 7.254930e-01 1.065460e-01 1.710461e-01 2.674969e-02 -3.358959e-01 5.757163e-02 9.702449e-02 1.403283e-02 -2.908248e-02 1.844234e-02 2.779573e-01 3.091876e-02
1.464438e-02 8.672738e-01 1.065872e-01 2.381321e-01 3.089226e-02 -3.544814e-01 5.279337e-02 1.347175e-01 9.615903e-03 -4.198280e-02 1.957983e-02 2.792865e-01 3.616822e-02
1.786615e-02 9.527538e-01 1.311041e-01 2.104669e-01 3.576828e-02 -3.734679e-01 5.969066e-02 1.218833e-01 1.266665e-02 -8.624233e-03 1.458540e-02 3.370103e-01 3.233052e-02
2.167369e-02 1.164051e+00 1.213122e-01 2.981339e-01 1.807447e-02 -4.077265e-01 4.566688e-02 1.607607e-01 9.054635e-03 -5.173993e-02 1.204474e-02 3.260029e-01 1.886442e-02
7.615079e-03 4.764076e-01 7.535055e-02 1.226798e-01 2.569149e-02 -2.526626e-01 4.135764e-02 8.853701e-02 1.125333e-02 -1.201686e-03 1.344621e-02 2.449638e-01 2.417676e-02
7.907967e-03 4.608742e-01 6.476855e-02 1.227806e-01 2.179917e-02 -2.552950e-01 5.116102e-02 8.381867e-02 9.163769e-03 -6.980450e-03 1.156886e-02 2.590308e-01 4.267353e-02
8.786630e-03 6.398495e-01 2.317147e-01 1.894431e-01 8.351143e-02 -2.888860e-01 9.121732e-02 1.213661e-01 2.906857e-02 -1.248870e-02 3.223469e-02 2.660579e-01 3.892981e-02
1.025107e-02 5.161432e-01 1.165192e-01 1.333905e-01 3.670952e-02 -2.571481e-01 6.137566e-02 9.378399e-02 1.083031e-02 -2.661515e-03 1.859907e-02 2.540930e-01 5.284707e-02
1.230128e-02 4.924283e-01 5.478384e-02 1.459110e-01 1.360311e-02 -1.948864e-01 2.857847e-02 1.126790e-01 1.091052e-02 1.157642e-02 1.542113e-02 2.235674e-01 2.356531e-02
1.493727e-02 6.536719e-01 1.007866e-01 1.709974e-01 4.386674e-02 -2.485310e-01 2.948046e-02 1.187583e-01 2.003443e-02 -2.617084e-03 1.437865e-02 2.350999e-01 1.641150e-02
1.815903e-02 8.582841e-01 2.780941e-01 2.290368e-01 6.998990e-02 -3.068079e-01 1.136275e-01 1.265031e-01 1.960210e-02 -3.055730e-02 3.309025e-02 2.820949e-01 3.425023e-02
2.196657e-02 1.219361e+00 2.738522e-01 2.957744e-01 6.563730e-02 -4.587303e-01 1.213176e-01 1.435670e-01 1.418224e-02 -7.209952e-02 2.823682e-02 3.648886e-01 6.091613e-02
8.493742e-03 5.299829e-01 4.038490e-02 1.131666e-01 1.342496e-02 -2.980547e-01 3.525142e-02 7.785311e-02 7.756244e-03 -6.916206e-03 9.568687e-03 2.719375e-01 3.370948e-02
8.786630e-03 4.067520e-01 7.987728e-02 1.153830e-01 2.513729e-02 -1.832209e-01 3.749201e-02 9.856134e-02 1.264445e-02 2.736570e-02 5.795464e-03 2.282469e-01 2.452751e-02
9.665293e-03 5.651476e-01 1.603470e-01 1.488632e-01 3.065564e-02 -2.822142e-01 8.840945e-02 8.674722e-02 5.113486e-03 -3.182297e-02 2.191037e-02 2.342438e-01 3.957105e-02
1.112973e-02 5.948904e-01 1.290270e-01 1.412156e-01 2.672724e-02 -2.733801e-01 6.450215e-02 9.330411e-02 6.076577e-03 -5.997074e-03 1.331803e-02 2.427316e-01 4.106302e-02
1.317994e-02 6.462100e-01 1.006738e-01 1.773240e-01 2.083628e-02 -2.625524e-01 6.366737e-02 1.104106e-01 1.125080e-02 -1.726629e-02 1.160109e-02 2.433575e-01 4.322177e-02
1.581593e-02 1.208122e+00 2.475064e-01 3.025423e-01 6.081214e-02 -4.653086e-01 1.009032e-01 1.404798e-01 1.644921e-02 -6.886803e-02 2.658384e-02 3.204217e-01 4.016346e-02
1.903770e-02 8.862459e-01 1.451294e-01 2.361617e-01 3.934546e-02 -3.139842e-01 6.110622e-02 1.375994e-01 1.646207e-02 -3.327777e-02 1.771984e-02 2.703298e-01 2.219231e-02
2.284524e-02 1.217011e+00 4.181209e-01 3.036897e-01 8.785069e-02 -4.351616e-01 2.052379e-01 1.448009e-01 2.194636e-02 -7.282243e-02 4.977647e-02 3.346174e-01 9.157041e-02
9.958180e-03 5.412279e-01 7.525073e-02 1.549136e-01 2.942386e-02 -2.458829e-01 5.110580e-02 9.847989e-02 1.629986e-02 -1.104542e-02 1.630138e-02 2.301045e-01 3.391525e-02
1.025107e-02 5.163604e-01 8.164385e-02 1.405769e-01 2.261569e-02 -2.705697e-01 5.308966e-02 9.887329e-02 1.455742e-02 -5.583337e-03 1.049641e-02 2.828660e-01 4.362641e-02
1.112973e-02 5.413389e-01 5.814351e-02 1.344889e-01 2.832944e-02 -2.569272e-01 2.639936e-02 8.971376e-02 1.185923e-02 -7.856765e-03 1.341136e-02 2.425033e-01 1.462671e-02
1.259417e-02 6.341507e-01 9.158122e-02 1.520908e-01 2.198520e-02 -3.121274e-01 6.854833e-02 8.948921e-02 8.592238e-03 -1.700105e-02 1.415440e-02 2.905102e-01 5.030392e-02
1.464438e-02 8.706666e-01 1.932949e-01 2.713923e-01 6.441210e-02 -2.907393e-01 6.895766e-02 1.364956e-01 1.939035e-02 -4.125940e-02 2.405163e-02 2.268293e-01 3.035338e-02
1.728037e-02 7.727855e-01 1.273608e-01 2.057638e-01 3.325908e-02 -2.597484e-01 4.226936e-02 1.206385e-01 8.581749e-03 -1.925483e-02 1.287660e-02 2.249994e-01 1.972000e-02
2.050214e-02 6.035415e-01 5.003518e-02 1.663587e-01 2.493760e-02 -1.915070e-01 1.944174e-02 1.228295e-01 1.476161e-02 1.025874e-03 1.183622e-02 2.303914e-01 1.279393e-02
2.430968e-02 9.720971e-01 5.662689e-02 2.046278e-01 1.257683e-02 -3.223611e-01 5.684242e-02 1.328205e-01 1.296934e-02 -2.632585e-02 7.087575e-03 3.238636e-01 5.373133e-02
1.200839e-02 5.851923e-01 8.650405e-02 1.327216e-01 1.863555e-02 -2.842576e-01 5.425162e-02 9.083344e-02 6.799230e-03 -7.143968e-03 8.544812e-03 2.540957e-01 4.392653e-02
1.230128e-02 5.584824e-01 1.379062e-01 1.447691e-01 3.608353e-02 -2.277014e-01 5.670306e-02 1.051765e-01 1.429302e-02 6.497042e-03 1.819098e-02 2.334724e-01 2.257785e-02
1.317994e-02 5.842270e-01 1.138402e-01 1.418229e-01 1.934490e-02 -2.386906e-01 6.147852e-02 1.031372e-01 7.526077e-03 8.639505e-03 1.867976e-02 2.612516e-01 2.877816e-02
1.464438e-02 6.327588e-01 1.506577e-01 1.351990e-01 2.663589e-02 -3.229866e-01 8.558860e-02 9.473770e-02 4.560225e-03 -1.066431e-02 2.182647e-02 3.020771e-01 3.632182e-02
1.669460e-02 7.122360e-01 1.937752e-01 1.898518e-01 5.072164e-02 -2.919099e-01 8.040423e-02 1.066512e-01 1.412826e-02 -3.456241e-02 2.105702e-02 2.631700e-01 3.305554e-02
1.933059e-02 6.430842e-01 9.828195e-02 1.438098e-01 2.756304e-02 -2.503644e-01 5.305999e-02 1.198321e-01 1.008794e-02 8.783167e-03 1.664147e-02 2.855257e-01 1.985258e-02
2.255235e-02 1.296437e+00 3.754572e-01 3.133138e-01 7.224648e-02 -4.668850e-01 1.948190e-01 1.562287e-01 2.071305e-02 -5.638966e-02 3.498486e-02 3.499928e-01 9.891913e-02
2.635989e-02 1.180773e+00 1.926080e-01 3.260114e-01 5.193423e-02 -3.614011e-01 1.314615e-01 1.964076e-01 2.180215e-02 -4.717776e-02 3.046438e-02 3.894795e-01 6.507016e-02
1.464438e-02 6.019806e-01 1.578304e-01 1.683886e-01 5.071219e-02 -2.251284e-01 5.858593e-02 1.212078e-01 2.010842e-02 2.548550e-03 1.805270e-02 2.528893e-01 3.040577e-02
1.493727e-02 5.442300e-01 6.025661e-02 1.438152e-01 2.468047e-02 -2.429261e-01 4.027878e-02 9.858240e-02 1.518005e-02 -1.264910e-02 6.912133e-03 2.576303e-01 2.821599e-02
1.581593e-02 7.493376e-01 9.233536e-02 1.763522e-01 2.951983e-02 -3.402509e-01 5.399751e-02 1.067178e-01 1.221075e-02 -2.445641e-02 1.049293e-02 2.992885e-01 4.211127e-02
1.728037e-02 9.019688e-01 6.936312e-02 2.365242e-01 1.851372e-02 -3.546764e-01 2.249584e-02 1.241285e-01 7.410720e-03 -4.271928e-02 8.608012e-03 3.020243e-01 1.661375e-02
1.933059e-02 8.292124e-01 6.798676e-02 2.365848e-01 2.363444e-02 -2.648347e-01 3.399891e-02 1.526625e-01 1.245255e-02 -2.183694e-02 1.240365e-02 2.433846e-01 1.298864e-02
2.196657e-02 8.252675e-01 4.426721e-02 1.913770e-01 1.243287e-02 -2.839322e-01 3.483586e-02 1.157316e-01 3.789001e-03 -2.591337e-02 1.516849e-02 2.984854e-01 2.702563e-02
2.518834e-02 9.852483e-01 1.856117e-01 2.471550e-01 3.441006e-02 -2.960629e-01 4.638415e-02 1.577967e-01 7.442186e-03 -2.933546e-02 1.607403e-02 3.036623e-01 3.416731e-02
2.899588e-02 1.016129e+00 9.247222e-02 2.286809e-01 3.761071e-02 -3.534452e-01 4.542456e-02 1.687305e-01 1.611665e-02 -4.309075e-02 1.642568e-02 3.884774e-01 4.063381e-02
1.786615e-02 1.085162e+00 2.591783e-01 2.615493e-01 5.628714e-02 -4.402126e-01 1.102110e-01 1.382959e-01 1.319147e-02 -5.617502e-02 3.012759e-02 3.412820e-01 4.764201e-02
1.815903e-02 7.818663e-01 5.120059e-02 1.930462e-01 1.317619e-02 -3.278359e-01 5.429681e-02 1.240189e-01 7.442045e-03 -2.114359e-02 5.217758e-03 3.047137e-01 4.904376e-02
1.903770e-02 1.144932e+00 2.867902e-01 2.877064e-01 7.349890e-02 -4.043129e-01 1.081576e-01 1.455546e-01 2.106128e-02 -5.527061e-02 2.630371e-02 2.911185e-01 4.656484e-02
2.050214e-02 8.331863e-01 1.670948e-01 2.302904e-01 4.691098e-02 -2.995485e-01 6.994446e-02 1.432310e-01 9.892604e-03 -2.249142e-02 2.546659e-02 3.031960e-01 4.380338e-02
2.255235e-02 7.779050e-01 1.097696e-01 1.910448e-01 2.398429e-02 -2.545659e-01 6.070442e-02 1.360919e-01 1.242759e-02 -7.109299e-03 9.464012e-03 2.853402e-01 2.346956e-02
2.518834e-02 1.079497e+00 1.385814e-01 2.638698e-01 4.106785e-02 -3.629109e-01 4.578743e-02 1.544750e-01 1.790826e-02 -3.628874e-02 1.254016e-02 3.863226e-01 1.912805e-02
2.841010e-02 1.115196e+00 2.110917e-01 2.540835e-01 5.137784e-02 -3.627795e-01 1.204482e-01 1.416028e-01 1.393086e-02 -6.358168e-02 2.853027e-02 3.388555e-01 5.116360e-02
3.221764e-02 1.201622e+00 1.572244e-01 3.020197e-01 6.430454e-02 -4.057607e-01 5.612487e-02 1.924451e-01 3.454836e-02 -7.512146e-02 2.441336e-02 3.950476e-01 3.950711e-02
2.167369e-02 1.019213e+00 1.488052e-01 2.418193e-01 4.612075e-02 -3.404277e-01 8.616564e-02 1.457815e-01 1.057992e-02 -2.831801e-02 2.054280e-02 3.232630e-01 4.671631e-02
2.196657e-02 8.078308e-01 8.735646e-02 2.238582e-01 1.143538e-02 -2.648102e-01 4.842420e-02 1.432226e-01 5.839349e-03 -2.712195e-02 9.775066e-03 2.636343e-01 2.350016e-02
2.284524e-02 1.251597e+00 9.399995e-02 3.046843e-01 4.391701e-02 -4.215814e-01 3.384592e-02 1.618279e-01 1.536880e-02 -6.206989e-02 1.355482e-02 3.253136e-01 2.471890e-02
2.430968e-02 9.583076e-01 2.137073e-01 2.365211e-01 4.850828e-02 -3.342509e-01 8.284774e-02 1.513909e-01 1.393588e-02 -2.416251e-02 1.664313e-02 3.484753e-01 3.539223e-02
2.635989e-02 1.160092e+00 1.272054e-01 3.140834e-01 3.668167e-02 -3.702161e-01 6.512178e-02 1.990710e-01 1.199395e-02 -2.850233e-02 1.525759e-02 3.686986e-01 5.295676e-02
2.899588e-02 1.292738e+00 2.759562e-01 3.405404e-01 9.492797e-02 -3.752760e-01 5.873649e-02 1.949210e-01 3.706215e-02 -6.690556e-02 1.961206e-02 4.044978e-01 4.628308e-02
3.221764e-02 1.209529e+00 1.600184e-01 2.800959e-01 4.564225e-02 -4.116226e-01 7.521958e-02 1.819438e-01 1.820538e-02 -5.878272e-02 2.455491e-02 4.388199e-01 2.833161e-02
3.602518e-02 9.294049e-01 4.113048e-02 1.806113e-01 2.096602e-02 -2.840843e-01 4.429039e-02 2.024955e-01 2.045708e-02 -2.375650e-02 1.055397e-02 4.446025e-01 3.566521e-02
1.054396e-02 6.010720e-01 8.584570e-02 1.450991e-01 3.131757e-02 -3.153271e-01 3.844586e-02 9.307379e-02 1.023260e-02 -9.526846e-03 1.656514e-02 3.008404e-01 1.953078e-02
1.083684e-02 4.835579e-01 1.161567e-01 1.424011e-01 3.294885e-02 -2.134261e-01 5.797455e-02 1.027956e-01 1.218567e-02 -5.172888e-03 1.372007e-02 2.050493e-01 3.575025e-02
1.171551e-02 5.758831e-01 7.766687e-02 1.564161e-01 3.160706e-02 -2.607818e-01 3.316760e-02 9.707657e-02 1.403859e-02 -1.167597e-02 1.812700e-02 2.570460e-01 2.275660e-02
1.317994e-02 7.659589e-01 1.484883e-01 1.767708e-01 2.756709e-02 -3.352749e-01 6.779203e-02 1.035787e-01 4.452998e-03 -1.696722e-02 1.774756e-02 2.838773e-01 1.900943e-02
1.523016e-02 6.736079e-01 5.925434e-02 1.811213e-01 3.741762e-02 -2.730665e-01 2.094693e-02 1.170071e-01 1.540210e-02 -9.598139e-03 1.532160e-02 2.675792e-01 3.213834e-02
1.786615e-02 5.760008e-01 8.884486e-02 1.637362e-01 2.319493e-02 -1.936348e-01 2.983560e-02 1.289428e-01 6.352399e-03 1.702004e-02 1.707302e-02 2.482273e-01 1.612710e-02
2.108791e-02 9.802039e-01 1.034373e-01 2.560782e-01 3.336396e-02 -3.747217e-01 7.766803e-02 1.484556e-01 1.354981e-02 -3.815378e-02 1.330301e-02 3.632837e-01 5.839775e-02
2.489545e-02 9.286487e-01 1.245833e-01 2.300105e-01 2.473035e-02 -3.181661e-01 5.036444e-02 1.493215e-01 1.439268e-02 -2.410181e-02 1.539468e-02 3.382150e-01 3.834618e-02
1.083684e-02 6.458333e-01 1.508875e-01 1.736615e-01 3.895477e-02 -3.238894e-01 9.988169e-02 1.064255e-01 1.780335e-02 -2.206615e-02 2.335147e-02 2.934603e-01 6.160465e-02
1.112973e-02 5.438391e-01 1.060592e-01 1.510585e-01 3.284471e-02 -2.549307e-01 5.584736e-02 1.079951e-01 1.062828e-02 -1.118262e-02 1.943851e-02 2.401852e-01 3.505533e-02
1.200839e-02 6.604287e-01 8.734711e-02 1.945704e-01 4.087796e-02 -2.750666e-01 4.599412e-02 1.198193e-01 2.736026e-02 -1.668679e-02 1.526028e-02 2.553495e-01 1.686575e-02
1.347283e-02 8.727289e-01 1.794797e-01 2.201241e-01 4.477013e-02 -4.021295e-01 9.768562e-02 1.166710e-01 1.445494e-02 -4.477470e-02 2.214474e-02 3.188261e-01 5.901865e-02
1.552305e-02 5.468022e-01 6.509145e-02 1.430550e-01 1.917636e-02 -1.903576e-01 2.254052e-02 1.104500e-01 1.141199e-02 7.944459e-03 6.480738e-03 2.083124e-01 2.575069e-02
1.815903e-02 7.770464e-01 1.432881e-01 2.162049e-01 4.512268e-02 -2.705129e-01 3.662342e-02 1.335657e-01 9.286644e-03 -2.630960e-02 1.299841e-02 2.741397e-01 1.324541e-02
2.138080e-02 8.352072e-01 1.141688e-01 2.169400e-01 2.876864e-02 -2.878274e-01 5.030539e-02 1.427802e-01 2.016986e-02 -2.397355e-02 8.712908e-03 2.953172e-01 4.347344e-02
2.518834e-02 1.254978e+00 3.026559e-01 3.325280e-01 9.194586e-02 -3.946402e-01 9.336962e-02 1.811322e-01 2.680716e-02 -5.056010e-02 2.920249e-02 3.614043e-01 3.074776e-02
1.171551e-02 3.851558e-01 5.128544e-02 9.357040e-02 1.084829e-02 -1.999765e-01 2.860911e-02 9.485798e-02 5.408666e-03 2.141701e-02 8.157963e-03 2.371374e-01 2.493615e-02
1.200839e-02 5.640441e-01 5.386126e-02 1.634976e-01 2.093970e-02 -2.253707e-01 3.712270e-02 1.107712e-01 1.273397e-02 1.292082e-03 1.097013e-02 2.461936e-01 1.994954e-02
1.288706e-02 6.198595e-01 6.846346e-02 1.645293e-01 2.419642e-02 -2.606100e-01 1.478548e-02 1.007514e-01 7.473280e-03 -2.255427e-02 6.171999e-03 2.318891e-01 1.575821e-02
1.435150e-02 8.909518e-01 1.177635e-01 2.182029e-01 3.875642e-02 -4.142945e-01 4.992464e-02 1.156873e-01 1.275401e-02 -4.879307e-02 1.481904e-02 3.294299e-01 3.463083e-02
1.640171e-02 8.040128e-01 6.727464e-02 2.050440e-01 2.575086e-02 -2.489050e-01 1.835068e-02 1.179537e-01 1.160596e-02 -4.548621e-03 9.410038e-03 2.519614e-01 8.537938e-03
1.903770e-02 1.030574e+00 3.720579e-01 2.543606e-01 8.342618e-02 -4.211932e-01 1.752361e-01 1.443404e-01 1.936197e-02 -4.531166e-02 4.102127e-02 3.427813e-01 9.079780e-02
2.225946e-02 1.511330e+00 3.714258e-01 3.646145e-01 7.217933e-02 -5.753842e-01 1.588491e-01 1.747104e-01 1.617549e-02 -9.109724e-02 3.623990e-02 4.216314e-01 5.813361e-02
2.606700e-02 8.322072e-01 1.451267e-01 1.987738e-01 3.754519e-02 -2.765208e-01 5.700936e-02 1.444046e-01 6.136803e-03 -2.291735e-02 2.492562e-02 3.287475e-01 4.087000e-02
1.317994e-02 6.326501e-01 3.228624e-02 1.402553e-01 8.333750e-03 -2.944277e-01 1.913843e-02 9.309716e-02 6.494576e-03 -1.313385e-02 6.105542e-03 2.606119e-01 1.974174e-02
1.347283e-02 6.573897e-01 4.525655e-02 1.602421e-01 2.500215e-02 -2.863109e-01 3.171180e-02 1.059370e-01 9.482947e-03 -6.479877e-03 1.151220e-02 2.632010e-01 2.047248e-02
1.435150e-02 9.076727e-01 1.800442e-01 2.460193e-01 5.197218e-02 -3.842590e-01 9.796467e-02 1.350951e-01 1.559466e-02 -3.360933e-02 2.801547e-02 3.214636e-01 5.513875e-02
1.581593e-02 7.847020e-01 1.388218e-01 2.080438e-01 4.399857e-02 -3.239844e-01 5.334726e-02 1.267394e-01 1.606162e-02 -3.389266e-02 1.471746e-02 2.919970e-01 4.082499e-02
1.786615e-02 8.683384e-01 4.802469e-02 2.528399e-01 1.525621e-02 -2.757310e-01 4.369132e-02 1.511145e-01 9.185064e-03 -1.778965e-02 1.201268e-02 2.647145e-01 2.852044e-02
2.050214e-02 1.231607e+00 3.986568e-01 3.087317e-01 9.442553e-02 -4.370522e-01 1.295640e-01 1.780829e-01 3.188149e-02 -3.323063e-02 3.105851e-02 3.919780e-01 4.457306e-02
2.372390e-02 1.136977e+00 1.543451e-01 2.960265e-01 4.303487e-02 -3.749062e-01 4.462841e-02 1.709200e-01 1.870769e-02 -4.980063e-02 1.766931e-02 3.033109e-01 1.842480e-02
2.753144e-02 1.286532e+00 1.596384e-01 3.137051e-01 5.014540e-02 -3.487879e-01 4.203314e-02 1.839857e-01 1.989771e-02 -2.751813e-02 1.535827e-02 3.770556e-01 2.677279e-02
1.523016e-02 7.212799e-01 1.420475e-01 1.933487e-01 3.463440e-02 -2.869061e-01 5.536315e-02 1.122898e-01 8.898375e-03 -2.675683e-02 1.578554e-02 2.567344e-01 2.602543e-02
1.552305e-02 5.311098e-01 7.575337e-02 1.352972e-01 1.492287e-02 -2.291054e-01 6.360445e-02 1.023669e-01 1.057254e-02 8.353083e-04 1.375534e-02 2.422026e-01 3.590561e-02
1.640171e-02 8.052092e-01 1.963587e-01 2.037529e-01 4.415984e-02 -3.006023e-01 8.815248e-02 1.180901e-01 1.543487e-02 -2.189460e-02 1.797750e-02 2.570352e-01 4.335450e-02
1.786615e-02 9.517892e-01 1.422309e-01 2.732135e-01 2.893278e-02 -3.497979e-01 6.541466e-02 1.480708e-01 1.321050e-02 -4.249398e-02 1.319402e-02 3.005243e-01 3.066750e-02
1.991636e-02 8.220300e-01 3.356576e-02 2.210332e-01 2.011728e-02 -2.536754e-01 3.429347e-02 1.281815e-01 1.255680e-02 -2.155378e-02 1.304974e-02 2.565138e-01 3.265271e-02
2.255235e-02 9.162604e-01 1.984598e-01 2.218596e-01 5.256231e-02 -3.554663e-01 1.010060e-01 1.530403e-01 1.728020e-02 -2.356761e-02 2.910772e-02 3.648231e-01 6.888974e-02
2.577411e-02 1.003564e+00 1.429303e-01 2.571847e-01 4.094259e-02 -2.586419e-01 3.768439e-02 1.579159e-01 1.154383e-02 -1.884864e-02 1.461754e-02 2.920942e-01 3.498137e-02
2.958165e-02 1.765753e+00 2.748061e-01 4.201658e-01 6.549875e-02 -4.829002e-01 5.095916e-02 2.287187e-01 2.189299e-02 -5.620092e-02 2.421680e-02 4.909364e-01 2.143528e-02
1.786615e-02 7.917633e-01 1.820167e-01 1.958473e-01 4.577954e-02 -3.100766e-01 8.318618e-02 1.090168e-01 1.356314e-02 -2.697277e-02 2.009263e-02 2.871971e-01 5.338429e-02
1.815903e-02 9.049894e-01 2.038731e-01 2.523394e-01 5.086195e-02 -3.318558e-01 1.129232e-01 1.420616e-01 1.969656e-02 -4.702044e-02 2.765841e-02 2.830334e-01 5.661489e-02
1.903770e-02 7.981635e-01 1.714230e-01 2.008739e-01 4.630033e-02 -3.130502e-01 6.960902e-02 1.293319e-01 1.471731e-02 -2.410697e-02 1.726621e-02 2.891152e-01 3.417769e-02
2.050214e-02 8.490545e-01 1.669005e-01 2.131044e-01 4.346331e-02 -2.572496e-01 6.218117e-02 1.193413e-01 1.703975e-02 -2.058158e-02 1.642693e-02 2.601516e-01 2.600810e-02
2.255235e-02 9.580274e-01 1.963638e-01 2.751405e-01 5.526735e-02 -2.862661e-01 7.471507e-02 1.614163e-01 2.340708e-02 -3.125835e-02 2.567506e-02 2.854172e-01 2.411644e-02
2.518834e-02 1.600419e+00 1.951761e-01 3.715625e-01 5.240455e-02 -5.535667e-01 7.978390e-02 1.840460e-01 1.573539e-02 -7.565928e-02 2.686743e-02 4.102270e-01 3.426274e-02
2.841010e-02 1.058720e+00 1.043881e-01 2.585160e-01 4.462073e-02 -3.557257e-01 5.813530e-02 1.814564e-01 2.004788e-02 -3.701258e-02 1.917661e-02 4.103613e-01 3.462966e-02
3.221764e-02 1.228457e+00 1.664114e-01 2.934369e-01 5.510963e-02 -3.476887e-01 7.927780e-02 2.122300e-01 2.679679e-02 -5.619935e-02 3.012270e-02 4.589373e-01 1.914884e-02
2.108791e-02 1.215816e+00 3.624173e-01 2.770667e-01 8.285965e-02 -4.347697e-01 1.241844e-01 1.572338e-01 2.891745e-02 -1.953448e-02 1.895941e-02 3.668574e-01 6.112617e-02
2.138080e-02 1.024058e+00 2.990148e-01 2.505906e-01 7.709414e-02 -4.313794e-01 1.392197e-01 1.494495e-01 1.878681e-02 -5.129421e-02 3.657609e-02 3.965037e-01 7.983630e-02
2.225946e-02 1.053309e+00 1.753074e-01 2.619670e-01 4.047249e-02 -3.826780e-01 7.750785e-02 1.485106e-01 7.067489e-03 -4.930990e-02 2.329223e-02 3.330161e-01 3.199267e-02
2.372390e-02 8.210178e-01 1.128770e-01 1.674777e-01 2.154395e-02 -3.318065e-01 6.656960e-02 1.086768e-01 1.054983e-02 -2.998964e-02 8.118986e-03 3.405225e-01 4.344508e-02
2.577411e-02 1.189133e+00 1.108578e-01 2.691991e-01 3.557058e-02 -4.065274e-01 5.736566e-02 1.505841e-01 1.071608e-02 -5.327024e-02 1.200010e-02 3.928136e-01 4.469044e-02
2.841010e-02 1.199984e+00 2.515283e-01 3.058131e-01 5.561288e-02 -3.963731e-01 1.089140e-01 1.781070e-01 1.583234e-02 -6.582944e-02 2.590997e-02 3.907133e-01 5.193880e-02
3.163187e-02 1.045993e+00 2.403692e-01 2.412212e-01 6.612153e-02 -3.458199e-01 9.641858e-02 1.624428e-01 3.117499e-02 -5.221574e-02 2.657939e-02 3.924551e-01 4.733691e-02
3.543941e-02 1.255914e+00 2.268747e-01 2.832567e-01 7.581248e-02 -4.046017e-01 8.009776e-02 2.113848e-01 2.870366e-02 -1.035194e-01 3.474364e-02 4.366185e-01 4.773315e-02
2.489545e-02 1.055689e+00 1.922070e-01 2.579678e-01 6.120115e-02 -3.516093e-01 6.475035e-02 1.615147e-01 1.835054e-02 -4.336436e-02 1.658596e-02 3.142955e-01 3.933853e-02
2.518834e-02 1.118365e+00 1.849419e-01 2.616841e-01 4.434389e-02 -3.722049e-01 7.832966e-02 1.589140e-01 1.506524e-02 -2.472995e-02 1.543849e-02 3.767962e-01 4.230686e-02
2.606700e-02 1.114643e+00 1.941714e-01 2.718273e-01 7.895561e-02 -4.068846e-01 4.792230e-02 1.676236e-01 3.497954e-02 -5.435143e-02 1.692216e-02 3.604350e-01 2.510659e-02
2.753144e-02 1.104254e+00 1.648845e-01 2.586523e-01 5.479872e-02 -3.440067e-01 5.878943e-02 1.650003e-01 2.016475e-02 -3.090256e-02 2.449890e-02 3.497531e-01 4.154847e-02
2.958165e-02 1.061588e+00 1.695888e-01 2.543599e-01 3.951582e-02 -3.546797e-01 5.782100e-02 1.805941e-01 1.664469e-02 -5.323441e-02 1.846843e-02 3.906335e-01 4.320933e-02
3.221764e-02 8.960474e-01 1.218777e-01 2.334693e-01 2.197696e-02 -2.767569e-01 5.608126e-02 1.832952e-01 9.597487e-03 -3.819548e-02 2.073485e-02 4.055442e-01 2.886979e-02
3.543941e-02 1.439176e+00 1.503264e-01 3.267646e-01 5.091136e-02 -4.403497e-01 7.370181e-02 2.551479e-01 2.316677e-02 -6.314013e-02 2.695935e-02 5.063718e-01 5.689155e-02
3.924695e-02 1.068318e+00 1.610786e-01 1.830212e-01 2.935480e-02 -2.818716e-01 6.787630e-02 2.213896e-01 1.701495e-02 -4.860291e-02 1.160641e-02 4.559876e-01 6.533344e-02
1.435150e-02 6.024054e-01 1.207948e-01 1.331912e-01 1.930380e-02 -2.511532e-01 6.315610e-02 9.566412e-02 5.322718e-03 9.780913e-03 1.032630e-02 2.669523e-01 3.819299e-02
1.464438e-02 7.347219e-01 2.215139e-01 2.017219e-01 3.878014e-02 -3.140096e-01 1.165275e-01 1.170849e-01 4.837190e-03 -2.314194e-02 2.615168e-02 2.967085e-01 5.820203e-02
1.552305e-02 8.130964e-01 1.670698e-01 1.933514e-01 4.827613e-02 -3.852155e-01 6.970242e-02 1.139565e-01 1.226742e-02 -3.455213e-02 2.729977e-02 3.309649e-01 2.998224e-02
1.698748e-02 5.671587e-01 7.870816e-02 1.476712e-01 3.365936e-02 -2.050157e-01 1.945758e-02 1.153482e-01 8.981253e-03 1.100691e-02 1.241730e-02 2.464706e-01 2.213325e-02
1.903770e-02 1.177712e+00 3.051740e-01 2.470447e-01 7.869732e-02 -5.127209e-01 1.593916e-01 1.331989e-01 2.215614e-02 -5.452333e-02 3.757142e-02 3.852971e-01 9.096245e-02
2.167369e-02 1.042718e+00 1.353199e-01 2.824084e-01 4.373614e-02 -3.635278e-01 4.324993e-02 1.497646e-01 1.749804e-02 -6.262083e-02 1.691119e-02 2.965567e-01 1.232868e-02
2.489545e-02 1.094852e+00 2.962064e-01 2.714728e-01 6.783915e-02 -2.756127e-01 1.097520e-01 1.561431e-01 1.819994e-02 -3.293138e-02 3.369639e-02 3.010711e-01 2.636207e-02
2.870299e-02 1.111488e+00 2.657997e-01 3.099293e-01 8.601845e-02 -3.971233e-01 1.211227e-01 2.015120e-01 2.555957e-02 -5.213748e-02 3.444312e-02 4.334204e-01 7.179545e-02
1.464438e-02 6.618679e-01 1.468363e-01 1.730166e-01 4.244671e-02 -2.615734e-01 6.473311e-02 1.118061e-01 1.005236e-02 -1.428900e-02 2.231178e-02 2.267730e-01 3.279669e-02
1.493727e-02 8.509038e-01 4.238555e-02 2.124582e-01 2.409072e-02 -3.411277e-01 3.741002e-02 1.173801e-01 1.466352e-02 -2.555596e-02 1.017561e-02 3.069965e-01 2.275139e-02
1.581593e-02 1.063737e+00 3.439673e-01 2.827933e-01 7.914637e-02 -4.201596e-01 1.683611e-01 1.425540e-01 2.294095e-02 -5.717630e-02 3.519943e-02 3.128774e-01 8.405881e-02
1.728037e-02 5.450369e-01 6.668041e-02 1.414409e-01 3.041907e-02 -1.768813e-01 1.932425e-02 1.081355e-01 1.181209e-02 1.473859e-02 1.889632e-02 2.256074e-01 1.364554e-02
1.933059e-02 8.166615e-01 1.627890e-01 2.129469e-01 3.374356e-02 -3.173608e-01 8.950222e-02 1.197740e-01 1.029071e-02 -3.511565e-02 1.838794e-02 2.891155e-01 5.010126e-02
2.196657e-02 1.053704e+00 2.749513e-01 2.451359e-01 7.140178e-02 -3.525849e-01 1.216162e-01 1.300022e-01 1.999067e-02 -2.334020e-02 2.954218e-02 3.568894e-01 5.527543e-02
2.518834e-02 9.156374e-01 9.366443e-02 2.392119e-01 2.830750e-02 -3.462643e-01 5.488772e-02 1.700711e-01 2.067343e-02 -3.291884e-02 1.138941e-02 3.603442e-01 3.946813e-02
2.899588e-02 1.126903e+00 1.753728e-01 2.588201e-01 5.136476e-02 -3.724170e-01 3.536480e-02 1.614672e-01 2.214440e-02 -5.540696e-02 9.860636e-03 3.691753e-01 2.572815e-02
1.552305e-02 8.055213e-01 1.314167e-01 1.992430e-01 2.137783e-02 -3.029323e-01 6.786702e-02 1.182657e-01 9.705720e-03 -1.477752e-02 1.742184e-02 2.601999e-01 3.375575e-02
1.581593e-02 7.438235e-01 1.009370e-01 2.078334e-01 3.714524e-02 -2.788216e-01 4.372214e-02 1.279574e-01 8.908829e-03 -1.667485e-02 2.191180e-02 2.568257e-01 1.436309e-02
1.669460e-02 5.247171e-01 1.151514e-01 1.231769e-01 2.847739e-02 -2.239099e-01 5.310603e-02 1.045939e-01 2.147303e-03 1.122280e-02 1.545907e-02 2.713006e-01 2.780003e-02
1.815903e-02 8.211229e-01 1.622965e-01 1.927523e-01 4.780451e-02 -3.445509e-01 6.742082e-02 1.097322e-01 1.054834e-02 -2.465370e-02 2.104687e-02 3.181830e-01 4.296403e-02
2.020925e-02 9.485187e-01 1.751852e-01 2.274880e-01 4.476721e-02 -3.338259e-01 6.323016e-02 1.406884e-01 1.599491e-02 -1.733077e-02 1.414868e-02 3.041425e-01 3.594995e-02
2.284524e-02 9.861259e-01 1.969995e-01 2.144913e-01 5.365117e-02 -3.726072e-01 1.015951e-01 1.239065e-01 1.169652e-02 -4.558548e-02 2.359371e-02 3.239840e-01 5.146873e-02
2.606700e-02 1.347524e+00 2.091075e-01 2.856957e-01 4.422473e-02 -4.714657e-01 9.706989e-02 1.479609e-01 8.619577e-03 -3.949216e-02 2.723382e-02 4.400141e-01 4.828105e-02
2.987454e-02 1.400954e+00 2.750829e-01 3.448681e-01 8.760467e-02 -4.250583e-01 1.222936e-01 2.038884e-01 3.757036e-02 -6.297929e-02 3.130135e-02 4.256885e-01 7.669871e-02
1.698748e-02 8.798220e-01 1.619849e-01 2.331469e-01 4.584097e-02 -2.914487e-01 5.419832e-02 1.330972e-01 8.956452e-03 -2.229867e-02 1.713832e-02 2.515112e-01 1.995267e-02
1.728037e-02 1.388056e+00 5.004207e-01 3.326446e-01 1.340524e-01 -6.056467e-01 2.067466e-01 1.436978e-01 3.343920e-02 -1.000802e-01 6.120502e-02 4.247758e-01 8.933951e-02
1.815903e-02 8.501653e-01 1.393653e-01 2.395037e-01 4.231288e-02 -3.087949e-01 6.292867e-02 1.479559e-01 1.503533e-02 -2.313810e-02 2.365331e-02 3.004389e-01 2.521992e-02
1.962347e-02 7.205369e-01 8.994293e-02 1.385005e-01 1.132785e-02 -3.095207e-01 6.013045e-02 1.047877e-01 9.896516e-03 -8.677830e-03 7.426771e-03 3.349813e-01 2.997326e-02
2.167369e-02 1.386888e+00 3.330144e-01 3.575852e-01 9.754538e-02 -4.796101e-01 1.047828e-01 1.777267e-01 3.093265e-02 -6.556901e-02 3.059092e-02 3.509849e-01 4.113078e-02
2.430968e-02 1.068855e+00 1.958620e-01 2.705428e-01 7.607915e-02 -3.590781e-01 5.456635e-02 1.540785e-01 2.763946e-02 -3.834576e-02 2.392417e-02 3.163743e-01 3.587140e-02
2.753144e-02 1.104768e+00 1.857134e-01 2.726127e-01 5.137432e-02 -3.353334e-01 8.420251e-02 1.790649e-01 9.619155e-03 -3.073425e-02 2.490104e-02 3.766278e-01 3.886747e-02
3.133898e-02 8.112008e-01 1.429847e-01 2.267517e-01 3.180018e-02 -2.718346e-01 6.317872e-02 1.934441e-01 1.213222e-02 -3.688608e-02 1.527533e-02 3.953240e-01 2.686920e-02
1.903770e-02 7.121536e-01 1.801760e-01 1.626770e-01 2.606082e-02 -2.949922e-01 1.163485e-01 1.218325e-01 7.699027e-03 1.383547e-02 1.366758e-02 3.464484e-01 8.902175e-02
1.933059e-02 9.832652e-01 1.189699e-01 2.909667e-01 4.409672e-02 -3.184249e-01 3.696256e-02 1.676643e-01 2.175771e-02 -3.498518e-02 1.172183e-02 2.851936e-01 3.937190e-02
2.020925e-02 6.045133e-01 5.218217e-02 1.169489e-01 1.077934e-02 -2.382916e-01 3.004264e-02 1.023611e-01 8.629427e-03 1.547897e-02 9.638203e-03 3.036646e-01 3.038644e-02
2.167369e-02 1.072580e+00 2.338258e-01 2.796046e-01 5.929435e-02 -3.774776e-01 9.373324e-02 1.497356e-01 1.352722e-02 -4.719236e-02 2.757611e-02 3.188247e-01 4.473515e-02
2.372390e-02 7.437243e-01 1.331144e-01 1.514582e-01 3.541924e-02 -2.598094e-01 5.979754e-02 1.189062e-01 1.632940e-02 -6.176403e-03 1.172341e-02 2.918726e-01 2.508257e-02
2.635989e-02 1.336214e+00 1.517658e-01 3.108021e-01 4.224587e-02 -4.176931e-01 7.571714e-02 1.521276e-01 1.008207e-02 -5.832125e-02 2.379650e-02 3.711142e-01 3.316832e-02
2.958165e-02 7.728756e-01 1.083235e-01 1.947946e-01 4.075953e-02 -2.524131e-01 3.740809e-02 1.599154e-01 1.884538e-02 -5.104269e-02 8.809329e-03 3.842955e-01 2.528404e-02
3.338919e-02 1.163698e+00 2.322050e-01 2.675906e-01 5.332202e-02 -4.038835e-01 1.103691e-01 1.946839e-01 6.793871e-03 -6.217217e-02 2.353253e-02 4.986648e-01 7.769643e-02
2.167369e-02 8.219128e-01 3.005814e-02 1.703988e-01 2.298739e-02 -3.215316e-01 1.287360e-02 1.057659e-01 7.907593e-03 -1.813566e-02 5.579540e-03 3.157376e-01 2.616539e-02
2.196657e-02 7.952231e-01 5.664441e-02 1.847917e-01 1.175613e-02 -2.812079e-01 3.579663e-02 1.209931e-01 6.057267e-03 -2.018323e-02 9.514533e-03 2.858575e-01 2.558967e-02
2.284524e-02 1.132594e+00 2.039750e-01 2.505322e-01 3.260040e-02 -4.640323e-01 8.247935e-02 1.342053e-01 1.479630e-02 -5.068916e-02 1.107103e-02 3.684739e-01 4.758640e-02
2.430968e-02 9.836425e-01 1.617614e-01 2.617386e-01 3.907869e-02 -3.280804e-01 6.782006e-02 1.516495e-01 1.644512e-02 -3.749875e-02 1.525287e-02 3.246846e-01 3.553299e-02
2.635989e-02 7.151203e-01 8.002258e-02 1.507426e-01 2.093677e-02 -2.939746e-01 5.687935e-02 1.290088e-01 1.379766e-02 -3.150643e-02 1.391542e-02 3.833790e-01 5.074085e-02
2.899588e-02 1.258411e+00 2.307563e-01 2.878756e-01 4.435761e-02 -4.313301e-01 8.636291e-02 1.866044e-01 8.667303e-03 -2.931695e-02 2.516614e-02 4.344012e-01 4.980531e-02
3.221764e-02 1.027023e+00 1.316657e-01 2.318221e-01 1.340280e-02 -3.228084e-01 7.338342e-02 1.976503e-01 1.203086e-02 -3.631505e-02 2.856849e-02 3.868776e-01 5.851129e-02
3.602518e-02 1.164926e+00 1.259392e-01 2.244273e-01 2.094079e-02 -3.684949e-01 5.284559e-02 1.995246e-01 1.355909e-02 -5.941803e-02 2.413946e-02 4.229158e-01 3.150735e-02
2.489545e-02 1.157194e+00 2.401739e-01 2.722344e-01 6.187800e-02 -4.125240e-01 9.977829e-02 1.595110e-01 1.770657e-02 -4.183412e-02 1.877183e-02 3.707572e-01 4.491617e-02
2.518834e-02 1.034372e+00 9.048607e-02 2.547048e-01 3.933617e-02 -3.221982e-01 4.695119e-02 1.440796e-01 1.662589e-02 -4.757516e-02 1.727737e-02 3.125774e-01 2.340529e-02
2.606700e-02 1.041170e+00 1.677580e-01 2.722341e-01 5.823354e-02 -3.618963e-01 5.642237e-02 1.704253e-01 2.306539e-02 -3.682355e-02 2.466206e-02 3.819245e-01 2.875776e-02
2.753144e-02 1.243836e+00 2.412330e-01 3.036792e-01 7.976307e-02 -4.104386e-01 5.500201e-02 1.862056e-01 1.712087e-02 -5.257775e-02 2.823160e-02 3.974314e-01 1.371723e-02
2.958165e-02 9.847851e-01 1.102180e-01 2.425349e-01 4.198268e-02 -2.905801e-01 3.487613e-02 1.776080e-01 1.451781e-02 -4.079319e-02 2.031590e-02 3.771956e-01 1.748129e-02
3.221764e-02 8.405703e-01 1.472857e-01 1.884198e-01 3.797854e-02 -3.065600e-01 6.027286e-02 1.830891e-01 1.068053e-02 -1.125313e-02 2.302741e-02 4.195139e-01 4.127230e-02
3.543941e-02 9.449083e-01 1.098059e-01 2.159655e-01 4.058405e-02 -3.445482e-01 5.813837e-02 2.070040e-01 1.779616e-02 -5.158083e-02 5.520981e-03 4.630223e-01 4.894155e-02
3.924695e-02 1.065266e+00 1.248939e-01 1.833533e-01 3.121133e-02 -3.671625e-01 7.335656e-02 2.362550e-01 2.162579e-02 -7.694596e-02 3.610783e-02 5.349676e-01 4.566861e-02
2.870299e-02 1.165160e+00 2.925592e-01 3.040545e-01 8.872591e-02 -3.562135e-01 5.805657e-02 1.774964e-01 2.715846e-02 -3.678854e-02 2.092560e-02 3.904076e-01 2.702726e-02
2.899588e-02 1.168340e+00 2.679890e-01 2.881046e-01 7.562914e-02 -3.971732e-01 5.347736e-02 1.954797e-01 2.579684e-02 -4.099334e-02 7.185359e-03 3.943092e-01 4.350541e-02
2.987454e-02 9.945393e-01 1.659424e-01 2.161715e-01 4.647191e-02 -3.570725e-01 7.476432e-02 1.713203e-01 1.705382e-02 -3.600298e-02 2.772712e-02 4.508577e-01 4.149439e-02
3.133898e-02 1.113998e+00 1.510380e-01 2.173355e-01 5.396616e-02 -3.746036e-01 6.563655e-02 1.798448e-01 1.948954e-02 -5.101361e-02 2.236628e-02 4.472402e-01 5.787950e-02
3.338919e-02 1.268585e+00 2.850994e-01 3.363374e-01 8.425778e-02 -3.845457e-01 1.075171e-01 2.024680e-01 3.387915e-02 -5.379269e-02 2.268088e-02 4.444964e-01 4.621609e-02
3.602518e-02 1.574449e+00 2.725785e-01 3.729903e-01 6.692890e-02 -4.645520e-01 1.016232e-01 2.588193e-01 1.137879e-02 -8.520308e-02 2.669904e-02 4.976634e-01 3.193164e-02
3.924695e-02 1.104179e+00 1.333448e-01 2.554009e-01 4.493168e-02 -3.541149e-01 5.437072e-02 2.336421e-01 1.718025e-02 -9.497431e-02 2.930997e-02 5.168959e-01 5.456557e-02
4.305449e-02 9.630182e-01 1.771709e-01 2.122072e-01 7.620733e-02 -3.054496e-01 7.635599e-02 3.190459e-01 3.595953e-02 -1.086929e-01 4.046860e-02 5.955501e-01 5.632841e-02
