# k^2  MgMg MgMg_error  MgCl MgCl_error  MgNa MgNa_error  ClCl ClCl_error  ClNa ClNa_error  NaNa NaNa_error
0.000000e+00 5.760000e+02 0.000000e+00 1.417423e+03 0.000000e+00 1.159972e+03 0.000000e+00 3.488000e+03 0.000000e+00 2.854465e+03 0.000000e+00 2.336000e+03 0.000000e+00
2.930137e-04 9.564815e-02 2.089149e-02 3.644302e-02 6.021061e-03 -5.008566e-02 2.058486e-02 6.577834e-02 9.631083e-03 4.462966e-02 1.086816e-02 1.058308e-01 2.400408e-02
1.172055e-03 1.599654e-01 4.001174e-02 5.303136e-02 1.726704e-02 -8.579046e-02 2.898806e-02 6.983987e-02 7.727098e-03 3.326406e-02 1.690281e-02 1.241559e-01 3.998337e-02
2.637124e-03 3.725120e-01 1.104213e-01 7.884735e-02 2.122927e-02 -2.599935e-01 8.207892e-02 7.425261e-02 7.630579e-03 1.555529e-02 1.992866e-02 2.804655e-01 6.102408e-02
4.688220e-03 3.954771e-01 1.320936e-01 9.844370e-02 2.378013e-02 -2.463154e-01 9.826200e-02 8.188600e-02 9.980490e-03 5.257413e-03 1.684034e-02 2.575063e-01 7.543870e-02
7.325344e-03 6.957484e-01 2.062148e-01 1.572255e-01 5.114411e-02 -4.017751e-01 1.125114e-01 8.408638e-02 1.000662e-02 -3.768584e-02 3.106887e-02 3.262774e-01 5.949046e-02
1.054849e-02 5.801585e-01 1.526344e-01 1.637343e-01 4.472407e-02 -2.521870e-01 8.661096e-02 1.109716e-01 1.611135e-02 -2.289749e-03 2.310155e-02 2.393085e-01 5.262737e-02
1.435767e-02 8.911141e-01 1.514421e-01 2.041537e-01 3.525423e-02 -4.281881e-01 6.907643e-02 1.166392e-01 9.068712e-03 -4.422901e-02 1.901994e-02 3.498879e-01 2.786258e-02
2.930137e-04 1.022185e-01 2.880960e-02 4.736347e-02 1.778727e-02 -4.368099e-02 2.163331e-02 7.631995e-02 7.739737e-03 4.733619e-02 1.802207e-02 1.041837e-01 3.135713e-02
5.860275e-04 3.523605e-01 1.800885e-01 6.872344e-02 2.190920e-02 -2.584132e-01 1.493110e-01 7.548917e-02 9.684209e-03 2.475879e-02 2.388765e-02 2.834224e-01 1.177638e-01
1.465069e-03 1.797828e-01 4.901427e-02 6.386450e-02 1.115498e-02 -9.587918e-02 3.705008e-02 7.623444e-02 5.775294e-03 3.134289e-02 9.193979e-03 1.379822e-01 2.892510e-02
2.930137e-03 2.587218e-01 5.802783e-02 6.531741e-02 9.776994e-03 -1.540586e-01 5.219659e-02 7.334050e-02 6.307765e-03 3.057255e-02 1.302365e-02 1.907684e-01 3.944117e-02
4.981234e-03 3.738354e-01 1.593606e-01 1.102846e-01 5.368990e-02 -1.917667e-01 7.995906e-02 8.782508e-02 1.963142e-02 1.083984e-02 2.659682e-02 2.095145e-01 4.440354e-02
7.618357e-03 3.491839e-01 5.666230e-02 1.061208e-01 1.054308e-02 -1.661874e-01 4.048349e-02 8.586089e-02 6.855846e-03 4.265884e-03 6.267819e-03 1.854865e-01 3.681383e-02
1.084151e-02 6.007440e-01 1.352136e-01 1.539522e-01 3.457010e-02 -2.622898e-01 7.682624e-02 1.011662e-01 1.151245e-02 -6.912133e-03 1.948712e-02 2.357695e-01 4.627614e-02
1.465069e-02 8.940464e-01 1.673899e-01 2.067624e-01 3.426350e-02 -3.769268e-01 8.776690e-02 1.175889e-01 1.292858e-02 -2.702722e-02 1.778123e-02 3.030615e-01 5.206603e-02
1.172055e-03 6.833343e-01 1.254571e-01 1.512956e-01 2.770677e-02 -4.808574e-01 9.649581e-02 9.118763e-02 1.225649e-02 -3.521539e-02 2.048352e-02 4.326415e-01 7.181635e-02
1.465069e-03 4.152556e-01 1.022724e-01 1.124120e-01 3.091650e-02 -2.605342e-01 7.413422e-02 9.542787e-02 1.167812e-02 7.758107e-03 1.848618e-02 2.650384e-01 6.024140e-02
2.344110e-03 3.823711e-01 8.273404e-02 1.030663e-01 3.085192e-02 -2.327658e-01 5.192847e-02 8.647519e-02 1.090007e-02 7.758767e-03 1.868552e-02 2.372514e-01 3.718253e-02
3.809179e-03 2.145744e-01 4.021696e-02 7.879523e-02 1.270261e-02 -1.012769e-01 3.176138e-02 8.417865e-02 1.004446e-02 2.752556e-02 7.586188e-03 1.464065e-01 2.739882e-02
5.860275e-03 3.991067e-01 6.706279e-02 8.926311e-02 1.793180e-02 -2.344618e-01 3.132049e-02 6.872415e-02 9.309787e-03 4.997889e-03 1.036983e-02 2.412345e-01 1.308414e-02
8.497399e-03 5.628624e-01 6.551637e-02 1.645269e-01 1.576458e-02 -2.935117e-01 6.318503e-02 1.069931e-01 1.533509e-02 -2.609270e-02 7.468484e-03 2.616707e-01 4.907482e-02
1.172055e-02 9.404211e-01 2.132925e-01 2.436896e-01 3.182235e-02 -4.385523e-01 1.184379e-01 1.248671e-01 5.351442e-03 -5.538589e-02 2.830042e-02 3.330858e-01 4.984926e-02
1.552973e-02 7.706815e-01 2.220724e-01 1.947805e-01 6.493286e-02 -2.788178e-01 7.982153e-02 1.160530e-01 2.160129e-02 -1.326684e-02 2.023592e-02 2.564668e-01 3.447129e-02
2.637124e-03 5.093007e-01 1.222115e-01 1.199438e-01 1.426336e-02 -3.242149e-01 9.653485e-02 7.497944e-02 7.393236e-03 -1.847770e-02 1.491257e-02 2.902305e-01 7.694449e-02
2.930137e-03 1.514254e-01 3.755358e-02 3.817432e-02 6.537771e-03 -9.154490e-02 3.072114e-02 6.305950e-02 5.054238e-03 4.458690e-02 9.977540e-03 1.558056e-01 3.340674e-02
3.809179e-03 5.174935e-01 1.198430e-01 1.279275e-01 1.933369e-02 -3.132434e-01 1.057529e-01 8.923002e-02 9.591157e-03 -9.896296e-03 1.573949e-02 2.930653e-01 8.334402e-02
5.274247e-03 4.921848e-01 1.031395e-01 1.132999e-01 1.502592e-02 -2.902754e-01 7.541392e-02 8.427600e-02 3.805748e-03 1.724607e-03 1.043578e-02 2.776844e-01 5.497976e-02
7.325344e-03 4.248705e-01 8.814845e-02 1.231593e-01 2.141575e-02 -2.205766e-01 6.039847e-02 8.291840e-02 8.796516e-03 -1.495751e-02 1.648666e-02 2.019378e-01 4.135991e-02
9.962467e-03 4.396787e-01 5.533776e-02 1.116164e-01 1.640701e-02 -1.969573e-01 4.013263e-02 9.244111e-02 1.079469e-02 1.423123e-02 6.488397e-03 2.043941e-01 2.817147e-02
1.318562e-02 7.694154e-01 1.914816e-01 1.969534e-01 4.307497e-02 -3.447499e-01 1.065763e-01 1.117684e-01 8.596897e-03 -3.146684e-02 3.032381e-02 2.989465e-01 5.034191e-02
1.699480e-02 1.202017e+00 1.838335e-01 2.902229e-01 2.361629e-02 -4.642274e-01 9.290649e-02 1.503691e-01 6.937226e-03 -3.753847e-02 1.816887e-02 3.724468e-01 4.935952e-02
4.688220e-03 3.497393e-01 7.682990e-02 9.278500e-02 2.528837e-02 -1.955811e-01 3.356082e-02 8.458065e-02 8.962603e-03 1.971091e-02 1.204027e-02 2.206544e-01 1.438725e-02
4.981234e-03 3.231640e-01 4.963347e-02 1.057375e-01 1.837240e-02 -1.623161e-01 3.184075e-02 8.449865e-02 1.501897e-02 3.267278e-03 5.480601e-03 1.678384e-01 2.194863e-02
5.860275e-03 3.634882e-01 6.889940e-02 1.126851e-01 1.681677e-02 -1.777855e-01 4.883332e-02 8.953225e-02 1.253806e-02 1.008651e-02 1.579437e-02 1.915431e-01 2.228853e-02
7.325344e-03 4.090929e-01 9.758264e-02 1.077820e-01 2.941820e-02 -1.996709e-01 5.389171e-02 8.273899e-02 1.724595e-02 6.457498e-03 9.946917e-03 1.999412e-01 3.131311e-02
9.376440e-03 5.373227e-01 1.047008e-01 1.485476e-01 2.948843e-02 -2.738951e-01 5.742177e-02 9.452545e-02 7.310539e-03 -2.398706e-02 1.761638e-02 2.455073e-01 3.282057e-02
1.201356e-02 6.254976e-01 7.511832e-02 1.806195e-01 2.218317e-02 -2.574384e-01 4.173669e-02 1.170444e-01 1.410975e-02 -1.970898e-02 1.223017e-02 2.273394e-01 2.196273e-02
1.523671e-02 9.490835e-01 1.255557e-01 2.347866e-01 4.359632e-02 -4.033716e-01 6.126848e-02 1.192145e-01 1.848347e-02 -4.898410e-02 1.651783e-02 3.071773e-01 2.826000e-02
1.904589e-02 7.740156e-01 9.102857e-02 2.061007e-01 1.810657e-02 -2.973747e-01 4.784189e-02 1.270432e-01 6.547984e-03 -2.176234e-02 7.945504e-03 2.835721e-01 1.602268e-02
7.325344e-03 2.671423e-01 4.294411e-02 7.646165e-02 1.459798e-02 -1.327372e-01 2.119662e-02 7.812731e-02 8.950802e-03 2.201302e-02 8.096842e-03 1.691532e-01 1.162559e-02
7.618357e-03 4.998291e-01 1.261885e-01 1.202456e-01 2.672659e-02 -2.529545e-01 7.604621e-02 8.149780e-02 1.152719e-02 -8.570399e-03 1.277691e-02 2.234087e-01 4.812951e-02
8.497399e-03 3.756930e-01 4.971984e-02 1.020566e-01 1.621316e-02 -1.902224e-01 2.353335e-02 8.152401e-02 4.224718e-03 1.161176e-03 1.293356e-02 1.971608e-01 1.247402e-02
9.962467e-03 5.495669e-01 4.004480e-02 1.533986e-01 1.530558e-02 -2.602819e-01 3.774207e-02 1.054526e-01 9.545246e-03 -1.099329e-02 1.216879e-02 2.379529e-01 3.819188e-02
1.201356e-02 6.590310e-01 1.689237e-01 1.575430e-01 4.902348e-02 -2.962582e-01 6.947296e-02 1.033062e-01 1.742666e-02 -1.585687e-03 2.105543e-02 2.820099e-01 2.978059e-02
1.465069e-02 4.620731e-01 9.216496e-02 1.356984e-01 4.091164e-02 -1.700303e-01 3.138141e-02 9.929640e-02 1.612422e-02 3.607528e-03 1.567466e-02 2.138940e-01 3.001975e-02
1.787384e-02 9.683769e-01 1.592216e-01 2.398242e-01 3.952299e-02 -3.316334e-01 5.840656e-02 1.402136e-01 9.854646e-03 -1.906303e-02 1.919619e-02 2.749576e-01 2.572675e-02
2.168302e-02 7.074367e-01 7.908049e-02 1.717357e-01 2.169084e-02 -2.213990e-01 3.422183e-02 1.243901e-01 1.307443e-02 3.318971e-03 1.172400e-02 2.817367e-01 2.871050e-02
1.054849e-02 6.339990e-01 2.044231e-01 1.952241e-01 6.656834e-02 -2.680776e-01 8.071805e-02 1.231491e-01 2.004409e-02 -2.497358e-02 3.186889e-02 2.255074e-01 2.443234e-02
1.084151e-02 3.896827e-01 3.291739e-02 1.140262e-01 1.809696e-02 -1.535784e-01 4.955702e-03 8.708915e-02 8.934707e-03 7.656368e-03 9.216922e-03 1.747776e-01 1.416239e-02
1.172055e-02 8.447399e-01 2.372665e-01 2.063219e-01 4.181981e-02 -3.712348e-01 1.307202e-01 1.164892e-01 1.514243e-02 -2.177938e-02 1.571174e-02 2.987820e-01 8.082111e-02
1.318562e-02 8.949015e-01 1.426704e-01 1.951335e-01 2.501910e-02 -4.435989e-01 8.657354e-02 9.740494e-02 7.362142e-03 -4.460400e-02 1.575204e-02 3.522863e-01 5.335401e-02
1.523671e-02 5.778149e-01 1.160454e-01 1.461895e-01 3.804882e-02 -2.284237e-01 2.685948e-02 9.585923e-02 1.502989e-02 -8.826523e-03 1.244562e-02 2.219181e-01 1.195676e-02
1.787384e-02 8.697469e-01 3.249895e-01 2.133827e-01 6.267857e-02 -4.153570e-01 1.983754e-01 1.285813e-01 9.452587e-03 -4.254411e-02 4.442657e-02 3.762771e-01 1.097628e-01
2.109699e-02 8.940386e-01 1.259892e-01 2.242871e-01 2.434393e-02 -3.063464e-01 5.346403e-02 1.347806e-01 1.792679e-02 -2.622096e-02 1.683928e-02 2.921758e-01 2.994045e-02
2.490617e-02 9.696112e-01 2.774755e-01 2.297653e-01 5.753911e-02 -3.413699e-01 1.120892e-01 1.487798e-01 1.208246e-02 -2.382667e-02 2.528623e-02 3.762174e-01 5.047167e-02
1.435767e-02 5.747585e-01 8.271409e-02 1.580939e-01 2.371787e-02 -2.173044e-01 3.922271e-02 1.311512e-01 1.109988e-02 9.772444e-03 9.097152e-03 2.177893e-01 2.336034e-02
1.465069e-02 7.254643e-01 9.541060e-02 2.232469e-01 3.119341e-02 -2.566855e-01 5.486972e-02 1.350970e-01 1.401105e-02 -2.235875e-02 1.765021e-02 2.291599e-01 2.926543e-02
1.552973e-02 6.017819e-01 9.149027e-02 1.398053e-01 1.707520e-02 -2.600664e-01 4.630816e-02 9.811921e-02 8.244354e-03 -9.955848e-03 7.839441e-03 2.571670e-01 3.240402e-02
1.699480e-02 1.081164e+00 2.182585e-01 2.441994e-01 4.516423e-02 -4.503847e-01 1.176527e-01 1.156059e-01 9.259171e-03 -4.038051e-02 2.364488e-02 3.667063e-01 6.640464e-02
1.904589e-02 9.427226e-01 2.430540e-01 2.363135e-01 6.589119e-02 -3.806741e-01 1.002747e-01 1.365747e-01 2.477081e-02 -3.526248e-02 1.575287e-02 3.369671e-01 5.755072e-02
2.168302e-02 1.120055e+00 2.960685e-01 2.842360e-01 7.484221e-02 -4.587671e-01 1.208364e-01 1.565463e-01 1.572414e-02 -4.794734e-02 3.415799e-02 3.951966e-01 5.712119e-02
2.490617e-02 7.157543e-01 6.389342e-02 1.821402e-01 2.580839e-02 -2.394968e-01 2.369365e-02 1.502027e-01 9.976073e-03 7.730104e-03 1.302274e-02 3.298825e-01 2.161033e-02
2.871535e-02 1.059729e+00 1.331753e-01 2.102334e-01 4.712702e-02 -4.260053e-01 7.353805e-02 1.534154e-01 1.872210e-02 -4.710434e-02 1.548758e-02 3.964464e-01 5.111752e-02
2.930137e-04 1.117082e-01 2.282240e-02 4.478773e-02 6.524730e-03 -5.465510e-02 1.505461e-02 5.588021e-02 5.706371e-03 2.425252e-02 4.402915e-03 8.479789e-02 1.621344e-02
5.860275e-04 1.831028e-01 3.665875e-02 5.958153e-02 1.485266e-02 -1.046882e-01 2.374442e-02 5.530090e-02 5.959254e-03 8.462830e-03 9.125774e-03 1.128918e-01 1.506194e-02
1.465069e-03 1.121491e-01 2.774790e-02 4.821622e-02 1.139353e-02 -4.855734e-02 1.972071e-02 6.413547e-02 1.131330e-02 3.156996e-02 1.147307e-02 9.158704e-02 1.486846e-02
2.930137e-03 1.688735e-01 1.296721e-02 6.462464e-02 9.066327e-03 -8.075748e-02 1.680748e-02 7.305302e-02 3.550446e-03 2.713340e-02 7.737981e-03 1.234970e-01 2.242384e-02
4.981234e-03 3.666753e-01 6.975285e-02 9.972752e-02 2.309577e-02 -2.083725e-01 3.875972e-02 7.452959e-02 9.901560e-03 -3.964345e-03 1.040677e-02 2.023378e-01 2.662698e-02
7.618357e-03 3.455513e-01 5.167703e-02 1.214670e-01 2.502719e-02 -1.348593e-01 3.382497e-02 9.880877e-02 1.674885e-02 1.807022e-02 1.181006e-02 1.671205e-01 2.287666e-02
1.084151e-02 6.269002e-01 1.384562e-01 1.557485e-01 3.155703e-02 -2.819034e-01 6.526141e-02 1.083008e-01 9.198508e-03 5.510725e-03 2.295383e-02 2.678088e-01 2.563816e-02
1.465069e-02 7.470964e-01 1.037377e-01 2.090463e-01 2.618107e-02 -2.928410e-01 4.751176e-02 1.286897e-01 1.685621e-02 -2.064317e-02 1.573431e-02 2.492345e-01 2.667057e-02
5.860275e-04 9.738385e-02 2.232516e-02 3.765812e-02 1.250913e-02 -4.784516e-02 1.404952e-02 7.561551e-02 1.508236e-02 5.668843e-02 1.744780e-02 1.192326e-01 1.728898e-02
8.790412e-04 1.334840e-01 3.438211e-02 6.128544e-02 8.606897e-03 -5.760687e-02 2.797069e-02 7.787518e-02 7.175425e-03 3.445014e-02 5.578394e-03 1.032589e-01 2.419393e-02
1.758082e-03 7.035646e-01 1.557109e-01 1.830983e-01 4.169649e-02 -4.585541e-01 1.073318e-01 9.992359e-02 9.130665e-03 -5.545789e-02 3.186868e-02 3.847073e-01 7.986918e-02
3.223151e-03 5.619817e-01 1.167050e-01 1.391520e-01 3.339462e-02 -3.514862e-01 7.879236e-02 8.915594e-02 1.354856e-02 -2.088270e-02 2.213670e-02 3.193736e-01 5.528732e-02
5.274247e-03 3.726348e-01 1.003505e-01 1.151743e-01 2.084545e-02 -1.820670e-01 6.681835e-02 9.074237e-02 3.536938e-03 1.030089e-02 1.727713e-02 1.956657e-01 4.158704e-02
7.911371e-03 5.089233e-01 1.074627e-01 1.317503e-01 3.098045e-02 -2.665706e-01 6.088001e-02 8.898488e-02 5.164159e-03 -1.717404e-02 2.287530e-02 2.350080e-01 3.207672e-02
1.113452e-02 5.405568e-01 1.245008e-01 1.344104e-01 1.995174e-02 -2.749258e-01 8.335652e-02 8.954430e-02 5.635144e-03 -5.907885e-03 1.017660e-02 2.760157e-01 5.866886e-02
1.494370e-02 8.799799e-01 1.679387e-01 2.353915e-01 5.134414e-02 -3.421770e-01 7.139889e-02 1.260112e-01 1.535456e-02 -3.166156e-02 2.631905e-02 2.843943e-01 2.769665e-02
1.465069e-03 2.177338e-01 1.170506e-01 7.679767e-02 3.283643e-02 -1.161725e-01 7.178885e-02 8.597251e-02 1.196458e-02 3.018970e-02 2.553701e-02 1.550509e-01 4.106911e-02
1.758082e-03 2.195670e-01 6.218750e-02 5.647959e-02 1.404814e-02 -1.356418e-01 7.336288e-02 8.557563e-02 2.550034e-03 5.153998e-02 1.177584e-02 1.968615e-01 8.073806e-02
2.637124e-03 3.964914e-01 1.143017e-01 8.035512e-02 1.678072e-02 -2.782901e-01 1.088908e-01 8.333629e-02 9.046743e-03 2.343812e-02 8.087391e-03 3.051995e-01 1.098092e-01
4.102192e-03 2.713338e-01 2.639493e-02 8.390820e-02 1.152525e-02 -1.533533e-01 2.688099e-02 7.386036e-02 6.982609e-03 1.035601e-02 5.986641e-03 1.767912e-01 2.291489e-02
6.153289e-03 4.417236e-01 8.952814e-02 1.186765e-01 2.837313e-02 -2.286646e-01 4.748716e-02 8.048883e-02 1.227988e-02 -1.100117e-02 1.195969e-02 1.985649e-01 3.351781e-02
8.790412e-03 4.458205e-01 8.156329e-02 1.227095e-01 1.892272e-02 -2.226718e-01 5.026339e-02 9.652904e-02 3.147627e-03 9.896541e-03 2.082452e-02 2.441770e-01 2.499408e-02
1.201356e-02 6.121284e-01 9.726766e-02 1.755990e-01 3.086104e-02 -2.367232e-01 5.276918e-02 1.188723e-01 1.433436e-02 -1.992864e-03 1.642215e-02 2.348512e-01 3.119481e-02
1.582274e-02 5.987083e-01 1.035065e-01 1.578403e-01 3.346067e-02 -2.270684e-01 5.582495e-02 1.132518e-01 1.849813e-02 5.894370e-03 9.008455e-03 2.539484e-01 2.410091e-02
2.930137e-03 2.262826e-01 6.081990e-02 8.073857e-02 8.153484e-03 -1.097250e-01 4.811472e-02 8.797584e-02 1.258748e-02 2.952633e-02 1.473741e-02 1.458314e-01 3.441671e-02
3.223151e-03 2.389788e-01 6.707447e-02 8.819421e-02 2.099708e-02 -1.095193e-01 3.205526e-02 7.976077e-02 1.141585e-02 1.081654e-02 7.719515e-03 1.204412e-01 1.960853e-02
4.102192e-03 3.185274e-01 7.152196e-02 8.922744e-02 1.364834e-02 -1.773648e-01 4.841999e-02 7.949869e-02 8.579254e-03 1.227845e-02 5.646439e-03 1.880814e-01 4.250412e-02
5.567261e-03 4.285537e-01 1.181085e-01 1.324004e-01 4.371104e-02 -2.015366e-01 6.381009e-02 1.029829e-01 1.818040e-02 8.380087e-03 1.563819e-02 2.066708e-01 4.502634e-02
7.618357e-03 3.473080e-01 2.100540e-02 1.013854e-01 6.135807e-03 -1.638381e-01 1.485083e-02 8.399780e-02 5.962505e-03 1.201492e-02 1.016385e-02 1.885866e-01 1.360403e-02
1.025548e-02 7.432861e-01 1.571945e-01 1.794406e-01 4.330715e-02 -3.585249e-01 8.845303e-02 1.011903e-01 1.414720e-02 -3.391919e-02 2.151071e-02 2.769958e-01 5.095250e-02
1.347863e-02 7.992158e-01 2.318395e-01 1.896512e-01 5.105138e-02 -3.473652e-01 1.039298e-01 1.123768e-01 1.015222e-02 -1.920569e-02 2.421788e-02 3.053664e-01 5.447030e-02
1.728781e-02 9.506265e-01 1.123530e-01 2.134158e-01 3.658692e-02 -3.966783e-01 5.314903e-02 1.093468e-01 1.145094e-02 -4.394042e-02 1.264167e-02 3.275711e-01 3.333708e-02
4.981234e-03 4.174698e-01 1.169023e-01 8.917132e-02 2.135949e-02 -2.593170e-01 7.792784e-02 6.746556e-02 9.573336e-03 8.242577e-04 1.289262e-02 2.560280e-01 5.317467e-02
5.274247e-03 3.403485e-01 7.783681e-02 9.953727e-02 3.069536e-02 -1.770138e-01 3.920688e-02 9.428147e-02 1.263000e-02 2.736880e-02 1.191060e-02 2.166507e-01 3.150372e-02
6.153289e-03 2.177061e-01 3.401560e-02 7.999410e-02 1.989261e-02 -8.988318e-02 2.319800e-02 8.813423e-02 1.178742e-02 3.164698e-02 6.214960e-03 1.416888e-01 2.334869e-02
7.618357e-03 7.947511e-01 1.507238e-01 2.062885e-01 5.631822e-02 -4.133779e-01 6.614954e-02 1.026462e-01 2.102871e-02 -5.354535e-02 2.628600e-02 3.126063e-01 2.650679e-02
9.669454e-03 6.199873e-01 1.940079e-01 1.635742e-01 4.066193e-02 -2.968833e-01 1.136038e-01 1.078516e-01 1.087877e-02 -1.276306e-02 2.267251e-02 2.683610e-01 6.626342e-02
1.230658e-02 4.526063e-01 7.681943e-02 1.416353e-01 2.426330e-02 -1.810470e-01 3.139210e-02 1.024144e-01 9.065718e-03 7.699693e-03 8.544757e-03 2.223800e-01 1.759283e-02
1.552973e-02 1.041180e+00 1.138911e-01 2.718837e-01 3.802868e-02 -4.011797e-01 5.100333e-02 1.360127e-01 1.547848e-02 -4.498609e-02 1.222980e-02 3.116489e-01 2.706435e-02
1.933891e-02 1.077055e+00 2.462143e-01 2.672939e-01 6.892335e-02 -4.271460e-01 1.188568e-01 1.368879e-01 2.209393e-02 -4.588905e-02 2.888869e-02 3.666992e-01 6.936859e-02
7.618357e-03 5.270321e-01 5.186805e-02 1.550829e-01 2.505125e-02 -2.487577e-01 2.331651e-02 1.042675e-01 1.524854e-02 -4.392554e-03 9.648139e-03 2.444319e-01 7.228795e-03
7.911371e-03 5.894122e-01 1.865248e-01 1.460007e-01 5.897930e-02 -3.214582e-01 8.743012e-02 9.480937e-02 1.597951e-02 -1.430867e-02 2.933327e-02 2.914245e-01 3.936989e-02
8.790412e-03 3.108103e-01 6.807745e-02 8.717696e-02 1.361919e-02 -1.460702e-01 4.143086e-02 8.003784e-02 5.833693e-03 2.041242e-02 1.026486e-02 1.872773e-01 2.919403e-02
1.025548e-02 6.379105e-01 1.272281e-01 1.694194e-01 3.182552e-02 -2.910049e-01 7.540943e-02 1.051980e-01 1.783741e-02 -2.049216e-02 2.024016e-02 2.569060e-01 4.628784e-02
1.230658e-02 5.005942e-01 6.439244e-02 1.417573e-01 2.951336e-02 -2.162649e-01 2.604579e-02 1.062905e-01 1.384468e-02 2.652710e-03 1.070505e-02 2.382215e-01 2.252228e-02
1.494370e-02 1.086647e+00 1.959398e-01 2.753277e-01 6.006860e-02 -4.297070e-01 8.180618e-02 1.468272e-01 2.000532e-02 -5.051378e-02 2.656548e-02 3.066963e-01 4.562537e-02
1.816685e-02 9.166028e-01 4.622691e-02 2.254247e-01 2.483618e-02 -3.635882e-01 2.708214e-02 1.371154e-01 6.562705e-03 -2.887896e-02 1.293555e-02 3.082398e-01 2.806464e-02
2.197603e-02 9.080059e-01 1.170502e-01 2.120057e-01 3.629138e-02 -3.302827e-01 4.519268e-02 1.288862e-01 1.291730e-02 -3.872357e-02 1.071860e-02 3.195666e-01 1.751346e-02
1.084151e-02 4.295459e-01 1.188696e-01 9.849600e-02 2.136345e-02 -2.130560e-01 7.508211e-02 9.392905e-02 6.945886e-03 2.695416e-02 1.781140e-02 2.587834e-01 3.467968e-02
1.113452e-02 5.900032e-01 1.280638e-01 1.471601e-01 3.752278e-02 -2.611590e-01 7.190774e-02 1.055447e-01 1.242091e-02 2.612934e-03 1.693300e-02 2.474262e-01 4.279308e-02
1.201356e-02 6.027071e-01 1.504706e-01 1.185939e-01 4.790602e-02 -3.109200e-01 8.219877e-02 8.354200e-02 1.576077e-02 -2.468912e-03 2.166569e-02 2.838149e-01 5.326953e-02
1.347863e-02 4.519394e-01 6.811509e-02 1.135393e-01 2.328795e-02 -1.911358e-01 2.381063e-02 9.724090e-02 8.135047e-03 1.843524e-02 1.199323e-02 2.402563e-01 1.269985e-02
1.552973e-02 9.927638e-01 2.709564e-01 2.227712e-01 5.799879e-02 -4.432899e-01 1.024627e-01 1.175411e-01 1.057768e-02 -4.159072e-02 2.034411e-02 3.538426e-01 4.291125e-02
1.816685e-02 1.036521e+00 1.555595e-01 2.631341e-01 3.716537e-02 -4.374912e-01 7.743673e-02 1.496922e-01 1.441203e-02 -5.816267e-02 1.714709e-02 3.303196e-01 3.326364e-02
2.139000e-02 1.061618e+00 9.142468e-02 2.454108e-01 3.029998e-02 -3.601292e-01 4.352473e-02 1.335685e-01 9.183016e-03 -4.718032e-02 9.153576e-03 2.777396e-01 3.500265e-02
2.519918e-02 9.740684e-01 2.364744e-01 2.127644e-01 5.450585e-02 -3.435091e-01 1.028566e-01 1.432691e-01 6.238624e-03 -1.093964e-02 2.967736e-02 3.751932e-01 4.930969e-02
1.465069e-02 7.972200e-01 2.001143e-01 2.207744e-01 6.232746e-02 -2.797511e-01 6.220486e-02 1.284399e-01 2.195333e-02 -1.542824e-02 1.889712e-02 2.522671e-01 2.897682e-02
1.494370e-02 7.704712e-01 1.235202e-01 2.180208e-01 2.183356e-02 -2.481918e-01 6.295927e-02 1.319780e-01 9.587982e-03 -9.450156e-03 1.374016e-02 2.375565e-01 2.681503e-02
1.582274e-02 7.495041e-01 1.911422e-01 1.529561e-01 4.453922e-02 -3.380872e-01 7.913701e-02 1.055999e-01 1.233646e-02 -7.016506e-03 1.621092e-02 3.042916e-01 4.675230e-02
1.728781e-02 7.503011e-01 8.928653e-02 2.078173e-01 2.206992e-02 -2.560496e-01 3.923298e-02 1.255250e-01 1.113568e-02 -1.697202e-02 6.437423e-03 2.485132e-01 2.641401e-02
1.933891e-02 8.962375e-01 9.491884e-02 2.653325e-01 2.620470e-02 -2.871334e-01 4.564824e-02 1.633120e-01 1.132224e-02 -1.231899e-02 1.702654e-02 2.852055e-01 2.126538e-02
2.197603e-02 1.045841e+00 2.326752e-01 2.780970e-01 6.726310e-02 -3.799240e-01 8.012335e-02 1.638421e-01 2.535633e-02 -3.269854e-02 1.479883e-02 3.498421e-01 4.371341e-02
2.519918e-02 1.148942e+00 1.281201e-01 3.203511e-01 5.458738e-02 -3.522668e-01 4.115788e-02 1.731827e-01 2.457252e-02 -5.543789e-02 1.049643e-02 3.632247e-01 3.338187e-02
2.900836e-02 1.126342e+00 2.568883e-01 2.798461e-01 6.749805e-02 -3.284886e-01 7.522443e-02 1.758824e-01 1.909844e-02 -4.652813e-02 1.860217e-02 3.923050e-01 2.905170e-02
1.172055e-03 5.238545e-01 1.216395e-01 1.196527e-01 1.522751e-02 -3.525237e-01 1.003053e-01 8.217556e-02 4.648879e-03 -1.226983e-02 1.190934e-02 3.276067e-01 8.321385e-02
1.465069e-03 1.283896e-01 3.588443e-02 5.382037e-02 1.230910e-02 -5.796754e-02 2.766983e-02 7.510137e-02 1.016603e-02 3.979861e-02 1.323285e-02 1.118921e-01 1.350443e-02
2.344110e-03 3.694753e-01 8.676857e-02 1.245784e-01 1.570178e-02 -1.958300e-01 6.359231e-02 9.178892e-02 7.884913e-03 -8.194068e-03 1.420894e-02 1.810614e-01 4.557418e-02
3.809179e-03 3.112952e-01 5.566659e-02 7.766749e-02 1.514015e-02 -1.863124e-01 3.979183e-02 7.075670e-02 6.980729e-03 1.175125e-02 7.820485e-03 1.956070e-01 2.900479e-02
5.860275e-03 4.811565e-01 1.030369e-01 1.155665e-01 2.596218e-02 -2.813629e-01 6.474513e-02 8.785682e-02 1.135466e-02 1.848102e-03 1.694632e-02 2.788591e-01 3.586389e-02
8.497399e-03 5.279311e-01 4.899595e-02 1.322235e-01 2.060706e-02 -2.703227e-01 2.611624e-02 8.978596e-02 6.077428e-03 -1.016543e-02 1.535256e-02 2.431007e-01 3.012963e-02
1.172055e-02 8.369507e-01 1.456575e-01 2.509767e-01 4.498159e-02 -3.418102e-01 7.461380e-02 1.360630e-01 1.403367e-02 -4.143764e-02 2.355602e-02 2.776867e-01 4.110761e-02
1.552973e-02 1.000543e+00 2.727129e-01 2.355525e-01 6.350248e-02 -4.326045e-01 1.067118e-01 1.261686e-01 1.877608e-02 -4.442613e-02 1.850873e-02 3.277348e-01 5.690318e-02
1.465069e-03 2.069931e-01 3.792634e-02 8.352727e-02 1.523934e-02 -9.422091e-02 1.918882e-02 8.816940e-02 1.320930e-02 2.631651e-02 5.719924e-03 1.256121e-01 2.152760e-02
1.758082e-03 2.868831e-01 5.239390e-02 8.263619e-02 1.710616e-02 -1.728498e-01 3.576638e-02 8.086143e-02 6.051387e-03 1.943732e-02 8.579228e-03 1.976093e-01 3.235153e-02
2.637124e-03 2.566000e-01 9.401958e-02 7.802251e-02 2.267388e-02 -1.503974e-01 6.609604e-02 7.848660e-02 6.087965e-03 1.880322e-02 1.640124e-02 1.758395e-01 4.691848e-02
4.102192e-03 2.636589e-01 8.617725e-02 5.480832e-02 1.227142e-02 -1.728767e-01 7.091671e-02 7.115580e-02 6.370665e-03 3.544124e-02 1.320488e-02 2.201590e-01 6.303621e-02
6.153289e-03 3.810482e-01 9.788105e-02 1.057530e-01 2.022416e-02 -2.027528e-01 6.651437e-02 8.551932e-02 7.637799e-03 9.173557e-03 1.556248e-02 2.182077e-01 4.429460e-02
8.790412e-03 5.103014e-01 5.008029e-02 1.272505e-01 2.640175e-02 -2.502032e-01 2.964375e-02 9.368145e-02 1.319462e-02 5.326183e-03 1.071911e-02 2.457387e-01 2.737517e-02
1.201356e-02 5.618571e-01 1.167177e-01 1.762363e-01 4.102764e-02 -2.144841e-01 4.721267e-02 1.074137e-01 1.572657e-02 -2.308958e-02 1.575069e-02 1.850934e-01 2.165205e-02
1.582274e-02 7.191748e-01 1.277340e-01 2.056398e-01 3.900019e-02 -2.635214e-01 4.850022e-02 1.260344e-01 1.742729e-02 -2.998716e-02 1.449475e-02 2.664446e-01 2.067657e-02
2.344110e-03 5.724855e-01 9.660284e-02 1.186511e-01 2.383751e-02 -3.977888e-01 7.869307e-02 8.163098e-02 1.117424e-02 -1.284801e-02 1.314686e-02 3.732843e-01 6.887192e-02
2.637124e-03 4.246921e-01 7.024462e-02 1.125029e-01 2.445338e-02 -2.523787e-01 6.298837e-02 8.864244e-02 1.538100e-02 3.889824e-03 1.124877e-02 2.485914e-01 4.660458e-02
3.516165e-03 2.235998e-01 4.661987e-02 6.684404e-02 1.228309e-02 -1.250188e-01 2.952651e-02 6.983883e-02 6.204467e-03 1.930891e-02 7.434196e-03 1.513836e-01 1.890946e-02
4.981234e-03 4.024141e-01 9.538383e-02 1.042725e-01 2.510382e-02 -2.284422e-01 5.492823e-02 7.709769e-02 7.527872e-03 -5.649812e-03 1.521364e-02 2.150131e-01 3.543120e-02
7.032330e-03 4.584140e-01 8.092089e-02 1.163294e-01 2.069429e-02 -2.591554e-01 5.756427e-02 8.769554e-02 7.816083e-03 -3.982338e-03 1.462424e-02 2.496330e-01 4.220796e-02
9.669454e-03 6.141411e-01 1.981790e-01 1.689448e-01 4.309757e-02 -2.688950e-01 1.195938e-01 1.124780e-01 1.380311e-02 -6.266790e-03 2.694263e-02 2.426114e-01 6.879478e-02
1.289260e-02 5.778088e-01 3.768180e-02 1.438767e-01 1.945772e-02 -2.881551e-01 1.884582e-02 1.055129e-01 8.243628e-03 -9.283569e-04 5.706770e-03 2.949930e-01 3.079998e-02
1.670178e-02 1.192001e+00 3.701779e-01 3.019218e-01 8.839381e-02 -4.882267e-01 1.740097e-01 1.451007e-01 2.201908e-02 -6.500070e-02 4.049282e-02 3.595427e-01 8.723678e-02
3.809179e-03 2.891988e-01 4.740871e-02 9.825602e-02 1.350010e-02 -1.395076e-01 3.123018e-02 7.667244e-02 3.963370e-03 2.830817e-03 9.120456e-03 1.445683e-01 1.701568e-02
4.102192e-03 4.510850e-01 8.672827e-02 1.236242e-01 2.183614e-02 -2.587911e-01 5.612275e-02 8.723041e-02 9.100583e-03 -7.741912e-03 1.383655e-02 2.394036e-01 4.011115e-02
4.981234e-03 2.113898e-01 4.217699e-02 5.771368e-02 1.386210e-02 -1.047790e-01 2.094793e-02 6.488093e-02 5.159022e-03 2.891557e-02 7.533520e-03 1.432579e-01 1.449657e-02
6.446302e-03 2.535863e-01 7.760614e-02 7.394511e-02 2.159393e-02 -1.199365e-01 5.233002e-02 7.576544e-02 1.043889e-02 3.147554e-02 1.504293e-02 1.740399e-01 2.935306e-02
8.497399e-03 4.070539e-01 2.566876e-02 1.127466e-01 8.072127e-03 -1.871234e-01 1.440015e-02 7.722295e-02 5.271835e-03 -5.181458e-04 3.200063e-03 1.821968e-01 1.389958e-02
1.113452e-02 4.728504e-01 8.242984e-02 1.566577e-01 2.692443e-02 -1.811694e-01 3.866407e-02 1.185914e-01 8.233157e-03 1.598366e-02 1.686513e-02 2.130468e-01 1.909946e-02
1.435767e-02 1.065384e+00 1.457643e-01 2.704910e-01 4.133128e-02 -4.466003e-01 5.064960e-02 1.312118e-01 1.403125e-02 -5.319878e-02 1.590709e-02 3.395320e-01 1.892292e-02
1.816685e-02 6.650705e-01 4.740792e-02 1.815100e-01 2.510889e-02 -2.613875e-01 3.004351e-02 1.291302e-01 9.354238e-03 -2.046219e-02 1.086006e-02 2.520768e-01 2.443222e-02
5.860275e-03 3.888239e-01 7.176666e-02 9.895179e-02 5.748192e-03 -2.120760e-01 6.970480e-02 8.122905e-02 5.594691e-03 1.506679e-02 1.025327e-02 2.386961e-01 5.912356e-02
6.153289e-03 3.873962e-01 1.182921e-01 1.249977e-01 3.320695e-02 -1.906985e-01 6.388879e-02 9.650364e-02 1.197944e-02 -2.526446e-03 1.876646e-02 1.902286e-01 3.765110e-02
7.032330e-03 3.658594e-01 6.644295e-02 9.475936e-02 1.264188e-02 -1.885139e-01 4.928360e-02 7.609236e-02 7.247859e-03 9.214664e-03 1.500595e-02 2.003057e-01 2.844259e-02
8.497399e-03 7.280916e-01 9.809110e-02 2.100762e-01 3.681873e-02 -3.321951e-01 5.261998e-02 1.196733e-01 1.959394e-02 -3.060184e-02 1.309852e-02 2.766026e-01 3.388865e-02
1.054849e-02 6.718693e-01 7.492490e-02 1.750055e-01 1.599385e-02 -3.061073e-01 3.808472e-02 1.033605e-01 6.636537e-03 -2.214345e-02 7.110594e-03 2.589829e-01 2.633752e-02
1.318562e-02 8.583598e-01 1.788101e-01 2.078897e-01 3.451198e-02 -3.958666e-01 1.117133e-01 1.131868e-01 5.888085e-03 -3.441028e-02 2.485885e-02 3.275170e-01 6.227930e-02
1.640877e-02 9.544073e-01 1.513608e-01 2.406279e-01 2.726220e-02 -3.861825e-01 7.924986e-02 1.222598e-01 1.131612e-02 -4.696238e-02 1.037340e-02 3.035490e-01 4.354076e-02
2.021795e-02 5.862758e-01 7.621820e-02 1.642087e-01 3.230986e-02 -1.846781e-01 3.493060e-02 1.197487e-01 1.937899e-02 4.599495e-03 1.376320e-02 2.445394e-01 2.318224e-02
8.497399e-03 3.947088e-01 7.105687e-02 1.291551e-01 2.626305e-02 -1.706983e-01 3.792865e-02 9.212124e-02 9.427179e-03 -3.899203e-03 1.283772e-02 1.790823e-01 2.811683e-02
8.790412e-03 5.446329e-01 9.063754e-02 1.625512e-01 2.736058e-02 -2.221461e-01 5.587286e-02 1.023442e-01 9.548836e-03 -1.108973e-02 1.512464e-02 1.988431e-01 3.104341e-02
9.669454e-03 6.204588e-01 1.480076e-01 1.761659e-01 3.078282e-02 -2.899919e-01 8.269781e-02 1.025788e-01 1.244946e-02 -2.339911e-02 1.470825e-02 2.544562e-01 4.617379e-02
1.113452e-02 6.551488e-01 1.084221e-01 1.617929e-01 2.244507e-02 -3.242073e-01 7.023692e-02 9.703650e-02 9.281660e-03 -2.394727e-02 9.596563e-03 2.805784e-01 4.993192e-02
1.318562e-02 5.813730e-01 5.002542e-02 1.662538e-01 3.288635e-02 -2.310176e-01 1.758408e-02 1.125264e-01 1.490058e-02 -1.012464e-02 1.173347e-02 2.234920e-01 1.885589e-02
1.582274e-02 1.001623e+00 2.216128e-01 2.452013e-01 4.189739e-02 -4.076122e-01 1.073425e-01 1.295427e-01 1.108227e-02 -4.485375e-02 2.067681e-02 3.077536e-01 4.981398e-02
1.904589e-02 8.345646e-01 9.194811e-02 2.214727e-01 3.223229e-02 -2.892866e-01 2.079569e-02 1.415183e-01 1.058210e-02 -1.852133e-02 1.346624e-02 2.902715e-01 3.446438e-02
2.285507e-02 1.130417e+00 2.012519e-01 3.226008e-01 5.089985e-02 -3.750522e-01 6.912410e-02 1.778371e-01 1.013218e-02 -5.443160e-02 2.500851e-02 3.238620e-01 2.412130e-02
1.172055e-02 6.609401e-01 1.135827e-01 1.920395e-01 3.184406e-02 -2.448272e-01 5.489616e-02 1.354740e-01 1.107488e-02 5.011251e-03 1.681776e-02 2.503545e-01 3.663520e-02
1.201356e-02 5.099088e-01 1.230050e-01 1.458536e-01 4.423033e-02 -2.072473e-01 2.947667e-02 1.047156e-01 1.528092e-02 5.227206e-04 1.250743e-02 2.170255e-01 1.293906e-02
1.289260e-02 8.324000e-01 1.122595e-01 2.159025e-01 2.776957e-02 -3.811336e-01 5.339996e-02 1.290818e-01 1.147971e-02 -3.167017e-02 9.655715e-03 3.274349e-01 2.931469e-02
1.435767e-02 5.203945e-01 1.109227e-01 1.419863e-01 4.086467e-02 -1.842081e-01 4.317143e-02 9.782688e-02 1.437239e-02 -5.291693e-03 1.994386e-02 1.934466e-01 1.101272e-02
1.640877e-02 9.837960e-01 2.934509e-01 2.268664e-01 8.476285e-02 -4.230309e-01 1.098516e-01 1.272206e-01 2.573606e-02 -2.810466e-02 3.059904e-02 3.583973e-01 5.247593e-02
1.904589e-02 1.009407e+00 6.616426e-02 1.949996e-01 2.303070e-02 -4.385666e-01 2.454810e-02 1.159337e-01 1.105210e-02 -1.765117e-02 1.383195e-02 3.722734e-01 1.889802e-02
2.226904e-02 9.593750e-01 1.882037e-01 2.466390e-01 4.706270e-02 -3.391078e-01 7.758133e-02 1.483524e-01 1.430179e-02 -3.505667e-02 2.137277e-02 3.136275e-01 3.712518e-02
2.607822e-02 9.168403e-01 8.274832e-02 2.236127e-01 2.046611e-02 -2.682147e-01 3.482871e-02 1.524776e-01 9.603248e-03 -2.339544e-02 1.960807e-02 3.011673e-01 2.236727e-02
1.552973e-02 5.669599e-01 1.062400e-01 1.657738e-01 2.204034e-02 -2.047686e-01 5.919519e-02 1.123047e-01 1.611222e-02 -1.119314e-02 1.272341e-02 2.160151e-01 3.485618e-02
1.582274e-02 8.527027e-01 6.649565e-02 2.369081e-01 1.224333e-02 -3.211665e-01 1.778986e-02 1.186204e-01 6.299946e-03 -3.771795e-02 9.671539e-03 2.872914e-01 2.630982e-02
1.670178e-02 7.027223e-01 1.586724e-01 1.868163e-01 4.776219e-02 -2.485824e-01 6.565911e-02 1.263883e-01 1.239415e-02 -1.031650e-02 2.063900e-02 2.417492e-01 3.611058e-02
1.816685e-02 8.457509e-01 1.835132e-01 2.158096e-01 5.002830e-02 -3.286317e-01 8.106705e-02 1.386463e-01 1.575530e-02 -2.912511e-02 2.179000e-02 3.204323e-01 3.469224e-02
2.021795e-02 9.438109e-01 1.552545e-01 2.343367e-01 5.173016e-02 -3.676568e-01 7.243788e-02 1.322038e-01 1.449554e-02 -4.378510e-02 2.675978e-02 3.204566e-01 4.499119e-02
2.285507e-02 1.071813e+00 1.788195e-01 2.639165e-01 3.601906e-02 -3.689861e-01 9.953748e-02 1.333739e-01 5.437771e-03 -5.098096e-02 3.183487e-02 3.396288e-01 4.485979e-02
2.607822e-02 1.096215e+00 1.946038e-01 2.525847e-01 5.180150e-02 -3.394638e-01 9.118430e-02 1.593297e-01 1.327536e-02 -1.976216e-02 2.326778e-02 3.528902e-01 5.304752e-02
2.988740e-02 1.312352e+00 1.459890e-01 3.015056e-01 4.046349e-02 -4.061485e-01 3.663512e-02 1.768731e-01 1.974817e-02 -5.102671e-02 1.694389e-02 3.802466e-01 3.002392e-02
2.637124e-03 1.800116e-01 2.995817e-02 6.846593e-02 9.300451e-03 -8.438710e-02 2.628472e-02 7.914776e-02 7.518871e-03 3.191348e-02 1.204148e-02 1.310000e-01 1.896092e-02
2.930137e-03 2.595424e-01 5.659074e-02 8.135472e-02 1.507885e-02 -1.397163e-01 3.514162e-02 7.221655e-02 6.889893e-03 1.032644e-02 8.541430e-03 1.540987e-01 2.362661e-02
3.809179e-03 2.556437e-01 6.874225e-02 9.027236e-02 2.923414e-02 -1.221709e-01 3.423748e-02 8.006441e-02 1.464593e-02 1.327539e-02 1.188279e-02 1.441607e-01 1.759238e-02
5.274247e-03 5.392324e-01 1.293704e-01 1.501565e-01 3.029483e-02 -2.952533e-01 7.773359e-02 8.117567e-02 8.864057e-03 -4.069009e-02 1.790044e-02 2.339639e-01 4.620206e-02
7.325344e-03 3.025611e-01 4.833250e-02 1.091454e-01 1.914573e-02 -1.152209e-01 1.294693e-02 1.089770e-01 6.516169e-03 4.537233e-02 1.846240e-02 2.013669e-01 2.245411e-02
9.962467e-03 5.572194e-01 1.287968e-01 1.830735e-01 4.297365e-02 -2.065704e-01 5.143793e-02 1.197546e-01 1.528766e-02 -3.523254e-03 1.645732e-02 2.088257e-01 2.602202e-02
1.318562e-02 5.673069e-01 6.840993e-02 1.608678e-01 1.742572e-02 -2.070177e-01 4.738743e-02 1.054205e-01 8.557813e-03 -3.117855e-03 4.822293e-03 2.086923e-01 3.481979e-02
1.699480e-02 7.166723e-01 1.205633e-01 1.606502e-01 4.899840e-02 -3.042007e-01 3.572216e-02 1.027795e-01 2.042739e-02 -1.804837e-02 2.006650e-02 2.852118e-01 1.393877e-02
2.930137e-03 2.790801e-01 4.531356e-02 7.626748e-02 1.131555e-02 -1.656980e-01 3.374825e-02 7.181308e-02 6.746161e-03 1.328211e-02 6.627774e-03 1.788214e-01 2.330755e-02
3.223151e-03 3.655028e-01 7.411654e-02 9.728133e-02 1.915568e-02 -2.288436e-01 5.355408e-02 9.120283e-02 7.366197e-03 1.947589e-02 1.648531e-02 2.585434e-01 4.370637e-02
4.102192e-03 2.122946e-01 5.183266e-02 6.269509e-02 9.899232e-03 -1.136844e-01 3.632947e-02 8.006192e-02 4.919171e-03 3.741621e-02 6.612232e-03 1.654749e-01 3.368360e-02
5.567261e-03 4.822335e-01 1.142053e-01 1.436783e-01 3.780349e-02 -2.544406e-01 6.770890e-02 1.020988e-01 1.127607e-02 -1.056267e-02 2.142907e-02 2.380454e-01 4.564010e-02
7.618357e-03 4.109034e-01 4.763599e-02 1.191785e-01 2.136432e-02 -1.931041e-01 1.413317e-02 9.143428e-02 8.553360e-03 9.439882e-03 9.453808e-03 2.168742e-01 6.293983e-03
1.025548e-02 5.317520e-01 3.218496e-02 1.547326e-01 1.121339e-02 -2.524866e-01 2.392618e-02 9.552781e-02 5.786223e-03 -2.185127e-02 6.572093e-03 2.419708e-01 1.649147e-02
1.347863e-02 7.537230e-01 8.717363e-02 2.028882e-01 2.758526e-02 -2.989739e-01 2.887738e-02 1.068862e-01 9.567520e-03 -3.063990e-02 7.700509e-03 2.480315e-01 1.929899e-02
1.728781e-02 1.271255e+00 2.187947e-01 3.246594e-01 5.897645e-02 -5.118691e-01 8.240085e-02 1.580251e-01 1.683750e-02 -6.939204e-02 2.222001e-02 3.791470e-01 4.828127e-02
3.809179e-03 1.852994e-01 3.023873e-02 7.882410e-02 2.059185e-02 -7.120901e-02 1.857906e-02 9.281181e-02 1.537109e-02 4.199175e-02 2.763970e-03 1.313814e-01 1.663029e-02
4.102192e-03 2.490167e-01 6.711562e-02 7.409301e-02 1.545992e-02 -1.345407e-01 4.757693e-02 7.620550e-02 7.500673e-03 2.288922e-02 1.156167e-02 1.676953e-01 2.931041e-02
4.981234e-03 5.348597e-01 1.893089e-01 1.239251e-01 3.595749e-02 -3.170704e-01 1.346030e-01 7.990051e-02 8.446790e-03 -1.007940e-02 2.296457e-02 2.959309e-01 1.002349e-01
6.446302e-03 3.091617e-01 3.732875e-02 1.007788e-01 8.909049e-03 -1.446673e-01 2.727407e-02 8.812257e-02 6.174264e-03 1.649905e-02 7.092042e-03 1.736121e-01 2.410067e-02
8.497399e-03 4.383126e-01 8.808804e-02 1.180130e-01 2.005717e-02 -2.229401e-01 5.209556e-02 9.006253e-02 3.571422e-03 -3.415827e-03 1.238008e-02 2.174548e-01 3.380482e-02
1.113452e-02 5.296523e-01 7.528532e-02 1.558818e-01 1.631731e-02 -2.218044e-01 3.812020e-02 1.148287e-01 1.103177e-02 -2.259227e-03 6.888097e-03 2.147002e-01 3.481548e-02
1.435767e-02 6.228216e-01 1.237917e-01 1.580971e-01 3.121338e-02 -2.613241e-01 7.065284e-02 1.056102e-01 1.033852e-02 -4.978475e-03 1.817887e-02 2.662902e-01 4.809974e-02
1.816685e-02 9.994102e-01 1.073810e-01 2.435051e-01 5.956421e-02 -3.702233e-01 5.235509e-02 1.372830e-01 2.284088e-02 -2.107336e-02 9.934325e-03 3.309730e-01 3.525454e-02
5.274247e-03 3.505936e-01 3.907210e-02 9.842635e-02 2.208899e-02 -1.866161e-01 3.251234e-02 8.298054e-02 9.580537e-03 1.068060e-02 8.952597e-03 2.004143e-01 3.036546e-02
5.567261e-03 2.330763e-01 6.250307e-02 5.122634e-02 1.176838e-02 -1.349572e-01 4.854086e-02 7.007819e-02 9.171835e-03 3.128469e-02 9.642491e-03 1.772983e-01 3.878420e-02
6.446302e-03 5.685693e-01 6.263864e-02 1.378531e-01 3.270396e-02 -3.339897e-01 4.573824e-02 9.007880e-02 1.453043e-02 -1.605917e-02 1.458896e-02 3.017900e-01 5.490282e-02
7.911371e-03 5.539874e-01 9.672876e-02 1.334048e-01 1.782704e-02 -3.003250e-01 9.994106e-02 8.487723e-02 9.557164e-03 -1.821531e-02 4.590699e-03 2.643298e-01 8.835558e-02
9.962467e-03 4.830831e-01 5.939486e-02 1.279012e-01 2.372999e-02 -2.416652e-01 2.463085e-02 9.213589e-02 7.230446e-03 -6.830641e-03 1.338691e-02 2.457202e-01 1.827018e-02
1.259959e-02 7.476487e-01 1.038155e-01 2.205676e-01 3.865133e-02 -3.016057e-01 2.906847e-02 1.225650e-01 1.571719e-02 -3.676490e-02 9.326375e-03 2.521569e-01 2.224836e-02
1.582274e-02 9.030652e-01 1.312108e-01 1.952272e-01 2.680271e-02 -3.882413e-01 7.758595e-02 1.102908e-01 8.990063e-03 -3.643943e-02 1.472065e-02 2.923559e-01 3.846444e-02
1.963192e-02 9.765592e-01 1.095299e-01 2.101475e-01 3.064796e-02 -3.372017e-01 4.819828e-02 1.239177e-01 1.381150e-02 -1.086231e-02 9.678090e-03 3.029754e-01 2.996134e-02
7.325344e-03 3.465443e-01 6.797441e-02 9.879434e-02 8.629546e-03 -1.807694e-01 4.797375e-02 8.865129e-02 6.452663e-03 1.543814e-02 9.828664e-03 2.099566e-01 3.514441e-02
7.618357e-03 2.662077e-01 6.205883e-02 1.013939e-01 1.917145e-02 -8.842221e-02 3.116992e-02 9.254726e-02 5.789008e-03 2.538327e-02 1.317517e-02 1.361491e-01 1.677730e-02
8.497399e-03 5.124726e-01 3.579431e-02 1.501799e-01 1.149076e-02 -2.475121e-01 2.370192e-02 1.023565e-01 8.111237e-03 -1.191336e-02 1.315621e-02 2.306945e-01 2.489609e-02
9.962467e-03 5.244824e-01 1.162254e-01 1.403690e-01 3.860148e-02 -2.544676e-01 6.789655e-02 9.329801e-02 1.133160e-02 -1.070385e-02 2.093646e-02 2.391625e-01 3.545413e-02
1.201356e-02 5.606568e-01 1.123181e-01 1.456805e-01 2.802453e-02 -2.538068e-01 5.783897e-02 1.036769e-01 1.064953e-02 -2.754148e-03 1.603394e-02 2.518998e-01 3.478607e-02
1.465069e-02 8.750836e-01 1.873293e-01 1.922223e-01 2.807347e-02 -4.093660e-01 1.053196e-01 1.035931e-01 1.231292e-02 -3.751471e-02 1.786435e-02 3.191509e-01 6.018434e-02
1.787384e-02 8.651211e-01 2.208816e-01 2.492222e-01 7.137010e-02 -3.032077e-01 7.356385e-02 1.527512e-01 2.382653e-02 -2.520972e-02 2.375358e-02 2.675911e-01 2.985973e-02
2.168302e-02 7.938395e-01 1.043537e-01 1.637608e-01 1.982586e-02 -3.466504e-01 5.487128e-02 1.094847e-01 1.088945e-02 -2.617148e-02 1.392855e-02 3.209154e-01 3.789841e-02
9.962467e-03 4.740520e-01 5.571052e-02 1.292856e-01 2.135131e-02 -2.018203e-01 3.357843e-02 9.712571e-02 6.070935e-03 9.978158e-03 1.325835e-02 2.067303e-01 2.244012e-02
1.025548e-02 6.338666e-01 1.647946e-01 1.597774e-01 3.157942e-02 -2.985109e-01 8.275454e-02 1.082901e-01 2.580374e-03 -4.492971e-03 2.629637e-02 2.849239e-01 3.711152e-02
1.113452e-02 6.892206e-01 1.494694e-01 1.927639e-01 4.860120e-02 -2.997072e-01 8.332097e-02 1.154284e-01 2.218437e-02 -2.260888e-02 1.892654e-02 2.635322e-01 4.888031e-02
1.259959e-02 8.191197e-01 1.174965e-01 1.568450e-01 2.015446e-02 -4.221047e-01 7.099146e-02 9.286651e-02 9.536537e-03 -1.979859e-02 1.237854e-02 3.596261e-01 4.275682e-02
1.465069e-02 4.528114e-01 6.257519e-02 1.281885e-01 1.768383e-02 -1.731152e-01 2.321919e-02 9.561765e-02 5.618545e-03 6.725580e-03 8.127208e-03 2.316133e-01 1.533554e-02
1.728781e-02 7.825920e-01 1.349870e-01 2.370582e-01 4.090787e-02 -2.364451e-01 4.430467e-02 1.556082e-01 1.853842e-02 -6.292012e-03 2.298056e-02 2.390100e-01 2.672047e-02
2.051096e-02 9.612642e-01 2.053432e-01 2.546909e-01 7.481927e-02 -3.354625e-01 7.381116e-02 1.503086e-01 2.255181e-02 -2.508594e-02 2.444271e-02 3.190856e-01 4.511240e-02
2.432014e-02 9.448808e-01 1.344786e-01 2.287930e-01 1.526302e-02 -3.220417e-01 1.072448e-01 1.368738e-01 5.248578e-03 -2.468082e-02 1.602989e-02 3.344394e-01 6.132531e-02
1.318562e-02 5.919476e-01 6.200497e-02 1.462602e-01 1.630755e-02 -2.833445e-01 5.838348e-02 9.702178e-02 1.051790e-02 -1.072525e-02 1.230255e-02 2.902068e-01 4.470795e-02
1.347863e-02 7.366617e-01 9.231656e-02 1.916054e-01 2.525390e-02 -3.324783e-01 5.061810e-02 1.176230e-01 9.605021e-03 -3.048172e-02 1.128243e-02 2.806106e-01 4.053266e-02
1.435767e-02 5.883584e-01 9.776113e-02 1.893685e-01 3.567236e-02 -2.073218e-01 3.761718e-02 1.226714e-01 1.125702e-02 -8.144966e-03 1.763678e-02 2.163581e-01 3.251543e-02
1.582274e-02 6.825952e-01 1.409456e-01 1.838831e-01 4.026187e-02 -2.772122e-01 5.260058e-02 1.141039e-01 1.726076e-02 -1.612068e-02 1.362661e-02 2.596862e-01 2.143936e-02
1.787384e-02 8.511802e-01 1.311450e-01 2.136515e-01 3.313773e-02 -2.932479e-01 9.174497e-02 1.193731e-01 1.862113e-02 -1.740505e-02 2.199710e-02 2.689970e-01 4.920928e-02
2.051096e-02 1.318908e+00 3.404587e-01 3.445698e-01 1.007964e-01 -5.082626e-01 1.340505e-01 1.686670e-01 3.149262e-02 -7.579048e-02 4.250649e-02 3.928320e-01 5.475496e-02
2.373411e-02 1.448290e+00 3.652520e-01 3.590755e-01 9.380538e-02 -4.725894e-01 1.368859e-01 1.785051e-01 2.632799e-02 -6.855533e-02 3.530698e-02 3.490720e-01 4.591652e-02
2.754329e-02 1.228082e+00 2.144869e-01 2.842148e-01 5.477189e-02 -4.532893e-01 6.408024e-02 1.736347e-01 2.216193e-02 -5.045720e-02 1.820456e-02 4.045020e-01 2.328358e-02
1.699480e-02 9.902779e-01 1.846248e-01 2.881796e-01 4.762259e-02 -3.607059e-01 8.623744e-02 1.600886e-01 1.649019e-02 -3.283056e-02 2.095151e-02 3.270889e-01 3.764368e-02
1.728781e-02 8.488439e-01 1.798097e-01 1.957962e-01 5.233293e-02 -3.229861e-01 7.297729e-02 1.172384e-01 1.874952e-02 -3.435096e-03 1.424142e-02 3.215774e-01 5.068220e-02
1.816685e-02 7.909101e-01 1.062932e-01 2.079192e-01 3.310246e-02 -3.245757e-01 6.099969e-02 1.231364e-01 1.411887e-02 -2.674431e-02 1.920494e-02 3.251841e-01 3.399379e-02
1.963192e-02 1.121914e+00 1.669912e-01 2.827070e-01 5.232570e-02 -4.003290e-01 3.651169e-02 1.403810e-01 1.748513e-02 -4.735924e-02 1.617110e-02 3.117981e-01 1.435646e-02
2.168302e-02 7.680444e-01 6.463130e-02 1.747459e-01 3.857686e-02 -2.328385e-01 1.221061e-02 1.238804e-01 1.704043e-02 4.018472e-03 9.933999e-03 2.632771e-01 2.095555e-02
2.432014e-02 1.176461e+00 1.763503e-01 2.656281e-01 2.443693e-02 -3.970499e-01 6.208884e-02 1.477402e-01 3.745539e-03 -3.762883e-02 1.168730e-02 3.587953e-01 3.551336e-02
2.754329e-02 1.236927e+00 3.310970e-01 2.949583e-01 7.771075e-02 -3.632125e-01 9.507870e-02 1.720787e-01 2.364532e-02 -4.859708e-02 2.372303e-02 3.514178e-01 2.185879e-02
3.135247e-02 1.362719e+00 2.514128e-01 3.173789e-01 5.903834e-02 -4.028999e-01 8.762348e-02 1.937132e-01 1.787040e-02 -4.830632e-02 2.392806e-02 3.938165e-01 3.825252e-02
4.688220e-03 2.139462e-01 3.372800e-02 8.762790e-02 1.737047e-02 -8.160430e-02 1.680452e-02 8.669267e-02 1.070966e-02 2.593101e-02 5.914043e-03 1.249579e-01 1.338785e-02
4.981234e-03 6.126721e-01 2.381631e-01 1.801913e-01 7.230309e-02 -3.051879e-01 1.290954e-01 1.047899e-01 2.346144e-02 -3.022414e-02 3.785964e-02 2.495506e-01 7.408968e-02
5.860275e-03 3.744828e-01 6.969532e-02 9.610751e-02 2.373738e-02 -2.100438e-01 4.475438e-02 7.768028e-02 4.155440e-03 8.079292e-03 1.718184e-02 2.182479e-01 3.905059e-02
7.325344e-03 5.587761e-01 8.955579e-02 1.548962e-01 3.173785e-02 -2.667983e-01 3.564997e-02 9.750744e-02 9.368867e-03 -9.062263e-03 1.676685e-02 2.481558e-01 2.301517e-02
9.376440e-03 5.951428e-01 7.798599e-02 1.653911e-01 2.349076e-02 -2.754732e-01 4.823390e-02 9.318440e-02 1.054539e-02 -3.068663e-02 1.285727e-02 2.260216e-01 2.976908e-02
1.201356e-02 4.524426e-01 8.206664e-02 1.298218e-01 3.196332e-02 -2.006879e-01 4.027188e-02 1.015881e-01 1.611762e-02 9.692641e-03 1.236277e-02 2.391291e-01 3.067215e-02
1.523671e-02 1.039661e+00 1.946398e-01 2.726040e-01 5.250477e-02 -4.622814e-01 8.818117e-02 1.372854e-01 1.311577e-02 -6.688291e-02 2.600987e-02 3.460202e-01 3.910736e-02
1.904589e-02 6.651934e-01 1.029393e-01 1.989493e-01 4.460399e-02 -2.222359e-01 3.126037e-02 1.419349e-01 2.649361e-02 4.907281e-03 8.462316e-03 2.546406e-01 2.049656e-02
4.981234e-03 3.328129e-01 5.868259e-02 9.868212e-02 1.330812e-02 -1.750530e-01 4.183886e-02 8.329596e-02 8.778339e-03 1.034015e-02 1.152351e-02 1.949030e-01 2.363099e-02
5.274247e-03 2.990221e-01 4.526553e-02 9.098802e-02 7.791443e-03 -1.453914e-01 3.244429e-02 8.613536e-02 3.683659e-03 2.257866e-02 9.710078e-03 1.722329e-01 1.785935e-02
6.153289e-03 2.938973e-01 2.732432e-02 9.282932e-02 6.564555e-03 -1.356525e-01 2.112993e-02 8.034244e-02 4.495438e-03 1.139624e-02 3.245019e-03 1.521827e-01 1.356320e-02
7.618357e-03 4.695911e-01 1.238344e-01 1.262305e-01 4.043803e-02 -2.515616e-01 7.206791e-02 8.501927e-02 1.822278e-02 -7.583277e-03 1.526839e-02 2.456289e-01 5.055818e-02
9.669454e-03 4.992578e-01 1.087705e-01 1.321318e-01 3.072685e-02 -2.509993e-01 6.204393e-02 1.003194e-01 1.165883e-02 1.121700e-02 2.080063e-02 2.687473e-01 2.960687e-02
1.230658e-02 1.111038e+00 2.323415e-01 2.895958e-01 6.521844e-02 -4.825963e-01 9.903865e-02 1.307755e-01 1.931233e-02 -7.498585e-02 2.720202e-02 3.365504e-01 3.905024e-02
1.552973e-02 9.004679e-01 1.775746e-01 2.296368e-01 4.776700e-02 -3.758261e-01 8.592329e-02 1.214901e-01 1.304056e-02 -3.638612e-02 1.437981e-02 3.291054e-01 5.977177e-02
1.933891e-02 1.132792e+00 3.369571e-01 3.072506e-01 8.189712e-02 -4.229834e-01 1.419481e-01 1.696621e-01 2.749557e-02 -4.783108e-02 3.607452e-02 3.487492e-01 6.417494e-02
5.860275e-03 4.556731e-01 1.222370e-01 1.382528e-01 3.742709e-02 -2.344912e-01 7.751517e-02 9.981464e-02 1.385549e-02 -8.382547e-03 2.514911e-02 2.209969e-01 4.668094e-02
6.153289e-03 4.665130e-01 6.401554e-02 1.518188e-01 2.850413e-02 -2.129595e-01 2.773116e-02 1.021263e-01 1.555207e-02 -1.496542e-02 1.395961e-02 1.866350e-01 2.562825e-02
7.032330e-03 4.355064e-01 9.969916e-02 9.319755e-02 2.373107e-02 -2.547825e-01 6.338831e-02 7.829986e-02 8.505835e-03 1.310669e-02 1.446496e-02 2.650527e-01 4.166372e-02
8.497399e-03 4.604029e-01 1.127363e-01 1.383296e-01 3.095270e-02 -2.200862e-01 6.977463e-02 9.271617e-02 7.547749e-03 -1.816856e-02 2.031356e-02 2.035296e-01 4.491688e-02
1.054849e-02 6.820888e-01 1.267499e-01 1.965583e-01 4.341971e-02 -3.054991e-01 6.648535e-02 1.215064e-01 2.130203e-02 -2.011251e-02 1.334173e-02 2.652473e-01 5.710359e-02
1.318562e-02 9.021714e-01 1.410368e-01 2.299038e-01 4.207104e-02 -4.330684e-01 8.041454e-02 1.253918e-01 1.651306e-02 -5.033703e-02 1.937762e-02 3.374573e-01 4.775242e-02
1.640877e-02 9.606766e-01 1.895276e-01 2.470892e-01 5.577589e-02 -4.014563e-01 5.687276e-02 1.291636e-01 1.931679e-02 -5.238065e-02 1.394258e-02 3.220633e-01 2.261849e-02
2.021795e-02 8.191188e-01 1.606839e-01 1.990237e-01 5.088704e-02 -2.273763e-01 4.184687e-02 1.280519e-01 1.955845e-02 2.571414e-03 1.367561e-02 2.429769e-01 2.349841e-02
7.325344e-03 3.973974e-01 6.964699e-02 1.088667e-01 2.096925e-02 -2.037414e-01 3.529589e-02 7.998358e-02 6.176012e-03 -8.997243e-04 1.018142e-02 1.977935e-01 1.925659e-02
7.618357e-03 6.280354e-01 1.452880e-01 1.594840e-01 6.174298e-02 -3.343411e-01 4.868254e-02 1.079180e-01 2.075936e-02 -7.879153e-03 3.148936e-02 3.118449e-01 3.447335e-02
8.497399e-03 4.516433e-01 7.361027e-02 1.425801e-01 2.227906e-02 -1.914454e-01 4.026120e-02 1.013104e-01 1.343909e-02 -4.612492e-03 4.136524e-03 1.851915e-01 2.921502e-02
9.962467e-03 4.885070e-01 7.940552e-02 1.505865e-01 1.611546e-02 -2.113123e-01 5.327620e-02 1.119924e-01 8.140867e-03 9.358516e-04 8.618948e-03 2.131770e-01 3.584303e-02
1.201356e-02 6.212915e-01 1.287288e-01 1.624997e-01 3.134577e-02 -2.841510e-01 7.296970e-02 9.792429e-02 7.182867e-03 -1.872770e-02 2.519258e-02 2.542628e-01 3.275441e-02
1.465069e-02 8.833508e-01 2.008309e-01 2.173409e-01 4.672513e-02 -3.534763e-01 8.330778e-02 1.213710e-01 1.736021e-02 -1.999313e-02 1.556938e-02 2.941304e-01 3.220579e-02
1.787384e-02 9.223081e-01 1.723747e-01 2.141972e-01 4.152928e-02 -4.134321e-01 9.633520e-02 1.309548e-01 1.644136e-02 -2.502424e-02 1.544609e-02 3.480718e-01 5.950539e-02
2.168302e-02 8.552110e-01 1.315181e-01 2.431105e-01 4.061730e-02 -2.681485e-01 3.456784e-02 1.483834e-01 1.099199e-02 -2.520267e-02 1.549856e-02 2.860880e-01 4.177143e-02
9.376440e-03 3.609923e-01 3.234171e-02 1.080298e-01 1.814535e-02 -1.406898e-01 8.650484e-03 9.116830e-02 1.094147e-02 2.557331e-02 6.621363e-03 1.908165e-01 7.773093e-03
9.669454e-03 4.653227e-01 8.461622e-02 1.092786e-01 2.510560e-02 -2.426830e-01 5.200979e-02 8.673658e-02 7.129983e-03 5.444070e-03 1.516396e-02 2.398000e-01 2.938119e-02
1.054849e-02 4.385901e-01 7.272657e-02 1.281931e-01 1.765964e-02 -1.827022e-01 3.625889e-02 1.091063e-01 7.298827e-03 1.410042e-02 6.825403e-03 1.930733e-01 2.006573e-02
1.201356e-02 1.159524e+00 2.374267e-01 3.070084e-01 7.151878e-02 -4.967843e-01 9.839651e-02 1.481642e-01 2.372467e-02 -7.220364e-02 2.678655e-02 3.448835e-01 4.498669e-02
1.406466e-02 6.355357e-01 9.679013e-02 1.511771e-01 2.596989e-02 -2.803310e-01 4.434662e-02 9.630806e-02 5.168629e-03 -3.799351e-03 1.203325e-02 2.721162e-01 2.558697e-02
1.670178e-02 8.323581e-01 2.052147e-01 2.146362e-01 4.807276e-02 -2.804697e-01 8.266774e-02 1.222967e-01 1.105392e-02 -1.105589e-02 2.259328e-02 2.567168e-01 3.939863e-02
1.992493e-02 7.920603e-01 1.341913e-01 1.923981e-01 2.126720e-02 -2.987751e-01 7.042100e-02 1.186136e-01 1.076801e-02 -1.761104e-02 1.398193e-02 2.965171e-01 5.133834e-02
2.373411e-02 9.687443e-01 1.678416e-01 2.145529e-01 4.663286e-02 -3.598153e-01 5.956898e-02 1.420739e-01 1.102020e-02 -9.764825e-03 1.775596e-02 3.668582e-01 3.385090e-02
1.201356e-02 6.441498e-01 1.253664e-01 1.917949e-01 3.537407e-02 -2.342163e-01 4.873427e-02 1.179575e-01 1.139720e-02 -6.070577e-03 9.968153e-03 2.186522e-01 2.323427e-02
1.230658e-02 6.277251e-01 9.750180e-02 1.850474e-01 2.624899e-02 -2.396301e-01 4.757824e-02 1.127464e-01 7.246414e-03 -8.392622e-03 1.049084e-02 2.413354e-01 2.983195e-02
1.318562e-02 4.775481e-01 5.857538e-02 1.321716e-01 2.478820e-02 -1.806759e-01 3.098533e-02 1.037903e-01 1.544967e-02 1.300396e-02 5.917888e-03 1.976827e-01 1.437791e-02
1.465069e-02 7.245618e-01 1.572669e-01 1.767165e-01 3.335009e-02 -3.173062e-01 8.647911e-02 1.058984e-01 8.379919e-03 -1.979607e-02 2.255507e-02 2.903286e-01 4.126678e-02
1.670178e-02 5.310910e-01 1.051504e-01 1.663961e-01 2.994411e-02 -1.615819e-01 5.217169e-02 1.266791e-01 1.321600e-02 2.675424e-03 1.169613e-02 1.880174e-01 3.042933e-02
1.933891e-02 7.278285e-01 1.215749e-01 1.646537e-01 2.625330e-02 -3.177984e-01 6.866837e-02 1.112774e-01 1.068978e-02 -2.913438e-02 1.762140e-02 3.207803e-01 3.085412e-02
2.256206e-02 1.022910e+00 9.196170e-02 2.425474e-01 1.543286e-02 -3.361670e-01 3.909652e-02 1.424046e-01 8.322168e-03 -1.236159e-02 5.764475e-03 3.186607e-01 3.591682e-02
2.637124e-02 1.236614e+00 9.775138e-02 3.167087e-01 4.103196e-02 -4.201406e-01 3.073125e-02 1.810510e-01 1.493216e-02 -6.920197e-02 1.488945e-02 3.706789e-01 3.412098e-02
1.523671e-02 7.663287e-01 1.495164e-01 1.755879e-01 3.020873e-02 -3.318855e-01 7.450417e-02 1.060386e-01 7.802745e-03 -1.390230e-02 1.948826e-02 2.929950e-01 3.658144e-02
1.552973e-02 6.768599e-01 9.888990e-02 1.792868e-01 3.536591e-02 -2.904397e-01 6.087658e-02 1.258815e-01 1.369682e-02 -1.273869e-02 1.649795e-02 2.949735e-01 3.698669e-02
1.640877e-02 9.269623e-01 2.302152e-01 2.400725e-01 6.774314e-02 -4.203745e-01 1.056189e-01 1.237452e-01 2.063721e-02 -5.346303e-02 3.732025e-02 3.579447e-01 4.086345e-02
1.787384e-02 8.854616e-01 1.474405e-01 2.502132e-01 3.578086e-02 -2.772992e-01 3.331407e-02 1.507097e-01 1.545678e-02 -1.358082e-02 8.364642e-03 2.700685e-01 7.997750e-03
1.992493e-02 9.903812e-01 1.597508e-01 2.691460e-01 2.876245e-02 -3.491675e-01 7.937902e-02 1.452127e-01 1.351970e-02 -4.429743e-02 1.169513e-02 2.817579e-01 5.525958e-02
2.256206e-02 9.611869e-01 7.601173e-02 1.853668e-01 3.369392e-02 -3.755474e-01 4.224478e-02 1.208465e-01 2.120782e-02 -2.273133e-02 1.451118e-02 4.032383e-01 3.146822e-02
2.578521e-02 1.125455e+00 9.783832e-02 2.977163e-01 2.925000e-02 -3.783168e-01 4.426966e-02 1.678542e-01 1.602014e-02 -6.111961e-02 9.705320e-03 3.459699e-01 2.813054e-02
2.959439e-02 1.031575e+00 1.422686e-01 1.818197e-01 1.065388e-02 -3.926199e-01 5.414875e-02 1.291114e-01 7.901479e-03 -3.250216e-02 1.200272e-02 4.037318e-01 1.363899e-02
1.904589e-02 8.375661e-01 2.087603e-01 2.290676e-01 5.068279e-02 -2.626697e-01 7.588161e-02 1.382251e-01 1.827373e-02 -2.714490e-02 1.374068e-02 2.341972e-01 3.871698e-02
1.933891e-02 1.028659e+00 2.349396e-01 2.581970e-01 5.031194e-02 -3.689571e-01 1.134323e-01 1.393137e-01 1.652439e-02 -4.001864e-02 2.789427e-02 3.120098e-01 5.510691e-02
2.021795e-02 9.674915e-01 1.369371e-01 2.123568e-01 2.438128e-02 -3.752462e-01 7.749587e-02 1.298616e-01 7.239355e-03 -1.891356e-02 1.628601e-02 3.652254e-01 5.369099e-02
2.168302e-02 8.983854e-01 2.385066e-01 2.280429e-01 5.611203e-02 -3.458166e-01 1.088895e-01 1.398006e-01 1.318650e-02 -3.091880e-02 2.906184e-02 3.389514e-01 4.838487e-02
2.373411e-02 1.162364e+00 2.211808e-01 2.956876e-01 6.970607e-02 -3.950921e-01 9.396206e-02 1.722796e-01 2.075728e-02 -3.896242e-02 3.343866e-02 3.438100e-01 3.889287e-02
2.637124e-02 1.449031e+00 2.266571e-01 3.647862e-01 6.707328e-02 -4.642170e-01 1.255881e-01 1.909039e-01 2.436185e-02 -6.746031e-02 3.070380e-02 3.865559e-01 7.631081e-02
2.959439e-02 1.068652e+00 2.233998e-01 2.291580e-01 5.151916e-02 -3.050158e-01 7.454382e-02 1.718386e-01 1.334625e-02 -1.078590e-02 2.253284e-02 3.753567e-01 3.796355e-02
3.340357e-02 8.950198e-01 2.006927e-01 1.738936e-01 6.066339e-02 -3.233432e-01 5.361785e-02 1.788417e-01 1.064352e-02 -1.708995e-02 1.872194e-02 4.880179e-01 2.575594e-02
7.325344e-03 5.755766e-01 2.068906e-01 1.622915e-01 5.382823e-02 -2.983585e-01 1.221477e-01 1.059100e-01 2.331873e-02 -2.185806e-02 2.777880e-02 2.535837e-01 7.628719e-02
7.618357e-03 7.390572e-01 1.038915e-01 1.842464e-01 8.834932e-03 -3.785650e-01 7.991807e-02 1.092234e-01 7.206510e-03 -2.770324e-02 1.522315e-02 3.027183e-01 4.820811e-02
8.497399e-03 3.699678e-01 4.582670e-02 8.870838e-02 1.011728e-02 -1.883310e-01 3.866621e-02 7.834202e-02 7.686309e-03 1.822907e-02 1.149126e-02 2.231123e-01 2.557660e-02
9.962467e-03 5.028830e-01 6.601438e-02 1.317254e-01 3.177390e-02 -2.350426e-01 2.709000e-02 9.596571e-02 1.521583e-02 4.717419e-03 1.021122e-02 2.392820e-01 2.654064e-02
1.201356e-02 6.574035e-01 7.113615e-02 2.008182e-01 1.627376e-02 -2.687063e-01 5.166570e-02 1.153663e-01 5.719913e-03 -2.790265e-02 1.492406e-02 2.377837e-01 2.904113e-02
1.465069e-02 7.897133e-01 2.379930e-01 2.244958e-01 7.623986e-02 -2.892957e-01 8.209371e-02 1.224371e-01 2.830009e-02 -3.348320e-02 2.558843e-02 2.414643e-01 1.828700e-02
1.787384e-02 8.708634e-01 7.938997e-02 2.395461e-01 3.123455e-02 -3.128602e-01 3.738379e-02 1.416805e-01 1.076793e-02 -3.682131e-02 2.107902e-02 2.531199e-01 1.201787e-02
2.168302e-02 7.475616e-01 7.856309e-02 2.048595e-01 2.151166e-02 -2.596327e-01 4.095933e-02 1.480212e-01 1.269083e-02 -1.230893e-02 1.033996e-02 2.852415e-01 2.779466e-02
7.618357e-03 2.768711e-01 7.326680e-02 7.347290e-02 1.701053e-02 -1.452833e-01 4.742350e-02 7.499910e-02 6.090205e-03 2.661130e-02 1.417878e-02 1.944852e-01 3.444998e-02
7.911371e-03 4.980828e-01 6.175230e-02 1.662495e-01 3.754926e-02 -1.894404e-01 1.720776e-02 1.147871e-01 2.169888e-02 -5.916441e-03 8.513561e-03 1.754025e-01 1.282014e-02
8.790412e-03 6.922343e-01 1.299228e-01 1.860067e-01 3.706429e-02 -3.299668e-01 7.918553e-02 1.085604e-01 1.413145e-02 -3.019682e-02 1.553403e-02 2.638443e-01 5.426511e-02
1.025548e-02 4.836370e-01 8.864019e-02 1.201093e-01 1.524483e-02 -2.410174e-01 5.830382e-02 8.873287e-02 5.906072e-03 1.685884e-03 1.024362e-02 2.478357e-01 4.350501e-02
1.230658e-02 6.212099e-01 7.387462e-02 1.745584e-01 3.097749e-02 -2.522162e-01 3.217834e-02 1.099302e-01 1.370293e-02 -1.894187e-02 8.510861e-03 2.269900e-01 2.576379e-02
1.494370e-02 7.991150e-01 1.714418e-01 1.870429e-01 4.417596e-02 -3.573584e-01 7.664006e-02 1.143025e-01 1.604677e-02 -2.551973e-02 2.022386e-02 3.157464e-01 3.174810e-02
1.816685e-02 6.088861e-01 8.539386e-02 1.497894e-01 2.219230e-02 -2.263831e-01 4.143291e-02 1.048625e-01 1.374785e-02 -1.578777e-02 7.270922e-03 2.334722e-01 1.042523e-02
2.197603e-02 1.211235e+00 1.237181e-01 2.767787e-01 3.713500e-02 -4.247945e-01 4.032757e-02 1.477089e-01 1.196490e-02 -4.580425e-02 1.782385e-02 3.538553e-01 4.486049e-02
8.497399e-03 3.787684e-01 8.021024e-02 1.136521e-01 2.918482e-02 -1.793806e-01 2.885464e-02 9.145802e-02 8.178908e-03 9.841329e-03 1.352825e-02 2.051950e-01 1.393370e-02
8.790412e-03 6.496703e-01 1.440818e-01 1.729850e-01 4.490228e-02 -3.306734e-01 7.343325e-02 9.981607e-02 1.405333e-02 -2.930086e-02 2.384558e-02 2.722063e-01 3.442092e-02
9.669454e-03 4.472145e-01 3.666848e-02 1.089808e-01 1.536112e-02 -1.936212e-01 3.571537e-02 8.768373e-02 4.345902e-03 1.441217e-02 8.589651e-03 2.142623e-01 3.639652e-02
1.113452e-02 5.296518e-01 7.935059e-02 1.713655e-01 3.909105e-02 -2.060864e-01 2.366547e-02 1.292805e-01 1.681370e-02 4.272498e-03 1.347540e-02 2.109334e-01 2.424610e-02
1.318562e-02 5.877576e-01 4.164646e-02 1.329834e-01 2.065680e-02 -2.687643e-01 2.753809e-02 1.072475e-01 1.539709e-02 -4.663669e-03 1.205102e-02 2.504939e-01 2.116434e-02
1.582274e-02 1.047210e+00 1.478862e-01 2.908537e-01 3.264455e-02 -3.901608e-01 6.994765e-02 1.459432e-01 8.345300e-03 -5.567137e-02 1.400945e-02 2.948593e-01 4.655385e-02
1.904589e-02 8.336728e-01 1.126413e-01 2.040693e-01 1.838689e-02 -3.281478e-01 7.900189e-02 1.288940e-01 9.151568e-03 -2.109341e-02 1.109138e-02 3.236371e-01 4.333445e-02
2.285507e-02 7.887559e-01 1.589134e-01 2.375622e-01 6.392245e-02 -2.505064e-01 4.452778e-02 1.695958e-01 1.987356e-02 6.983729e-04 2.595054e-02 3.090432e-01 2.223699e-02
9.962467e-03 4.744711e-01 1.018997e-01 1.299150e-01 2.377458e-02 -2.118653e-01 5.872531e-02 9.691844e-02 6.554603e-03 1.129176e-02 1.586893e-02 2.328651e-01 4.311334e-02
1.025548e-02 5.872829e-01 2.481634e-02 1.809306e-01 1.465055e-02 -2.227272e-01 1.871800e-02 1.127309e-01 1.025348e-02 -5.873811e-03 7.874418e-03 2.197942e-01 2.065961e-02
1.113452e-02 4.218069e-01 6.576119e-02 1.135766e-01 1.984538e-02 -1.874615e-01 4.697238e-02 9.246521e-02 7.830551e-03 1.172699e-02 8.363505e-03 2.091549e-01 3.949451e-02
1.259959e-02 6.891943e-01 9.233172e-02 1.659736e-01 2.287475e-02 -3.128499e-01 6.945972e-02 9.550396e-02 1.079456e-02 -2.452708e-02 1.358529e-02 2.604383e-01 4.393611e-02
1.465069e-02 6.585732e-01 1.015976e-01 1.840684e-01 3.356442e-02 -2.893385e-01 5.709427e-02 1.200133e-01 1.703201e-02 -1.298367e-02 9.289587e-03 2.837944e-01 4.319391e-02
1.728781e-02 9.635355e-01 2.550283e-01 2.305714e-01 5.989499e-02 -3.964323e-01 1.032404e-01 1.214004e-01 1.685233e-02 -4.073251e-02 2.575068e-02 3.252293e-01 3.816415e-02
2.051096e-02 9.536679e-01 2.630130e-01 2.432747e-01 5.784975e-02 -3.328954e-01 1.065908e-01 1.471863e-01 1.822069e-02 -2.055331e-02 2.692347e-02 3.379083e-01 4.631279e-02
2.432014e-02 9.654042e-01 1.605171e-01 2.483525e-01 5.139921e-02 -2.821540e-01 2.189918e-02 1.651736e-01 1.946785e-02 -2.333360e-02 8.867122e-03 3.196022e-01 2.915746e-02
1.201356e-02 4.767490e-01 1.120266e-01 1.071686e-01 2.816410e-02 -2.358274e-01 6.307768e-02 8.507742e-02 6.193527e-03 1.155279e-02 1.593913e-02 2.594187e-01 3.457288e-02
1.230658e-02 6.569310e-01 5.167759e-02 1.739235e-01 2.119319e-02 -3.014422e-01 2.927507e-02 9.930534e-02 6.955759e-03 -3.229235e-02 1.118476e-02 2.637194e-01 3.161618e-02
1.318562e-02 8.638855e-01 1.237161e-01 2.214356e-01 3.388819e-02 -3.580883e-01 8.075378e-02 1.159783e-01 1.023189e-02 -3.214257e-02 2.336944e-02 2.899602e-01 4.822277e-02
1.465069e-02 6.014571e-01 3.719587e-02 1.774386e-01 2.236764e-02 -2.099261e-01 1.786781e-02 1.222685e-01 1.179459e-02 -3.091291e-03 7.023357e-03 2.039168e-01 2.051895e-02
1.670178e-02 9.203733e-01 1.019520e-01 2.492443e-01 2.306123e-02 -3.364267e-01 5.563257e-02 1.409788e-01 8.502791e-03 -3.349284e-02 2.317068e-02 2.934639e-01 1.518323e-02
1.933891e-02 8.604466e-01 1.147316e-01 2.087083e-01 1.486980e-02 -3.183411e-01 7.437742e-02 1.213239e-01 8.277183e-03 -2.912482e-02 1.994029e-02 2.917811e-01 3.916329e-02
2.256206e-02 1.052823e+00 1.338189e-01 2.751739e-01 5.034182e-02 -3.098791e-01 4.239874e-02 1.617584e-01 1.231654e-02 -3.584104e-02 1.955096e-02 2.827666e-01 1.444006e-02
2.637124e-02 1.122681e+00 1.586717e-01 2.650581e-01 5.025599e-02 -3.579834e-01 6.380582e-02 1.713623e-01 1.332166e-02 -4.500321e-02 2.178118e-02 3.489594e-01 3.572109e-02
1.465069e-02 6.644328e-01 3.249586e-02 1.620737e-01 1.822640e-02 -2.334179e-01 2.870709e-02 1.055920e-01 1.098810e-02 6.026237e-03 5.980756e-03 2.428130e-01 2.559746e-02
1.494370e-02 8.546546e-01 1.777959e-01 2.126257e-01 5.284454e-02 -3.768695e-01 7.529852e-02 1.170946e-01 1.734384e-02 -3.584581e-02 2.354166e-02 3.183745e-01 2.487376e-02
1.582274e-02 8.045222e-01 1.184083e-01 2.206087e-01 2.578494e-02 -2.761932e-01 7.431533e-02 1.278431e-01 1.225123e-02 -1.374669e-02 1.907774e-02 2.697474e-01 4.186468e-02
1.728781e-02 9.995071e-01 2.464250e-01 2.463967e-01 6.965919e-02 -4.182100e-01 9.655338e-02 1.328658e-01 2.207300e-02 -6.204025e-02 2.394702e-02 3.130898e-01 5.666712e-02
1.933891e-02 1.007623e+00 1.625220e-01 2.694230e-01 4.976882e-02 -3.930210e-01 9.168342e-02 1.437595e-01 2.187879e-02 -4.912029e-02 2.612359e-02 3.455473e-01 5.474996e-02
2.197603e-02 1.042288e+00 1.344401e-01 2.402894e-01 3.041421e-02 -3.475068e-01 5.905845e-02 1.359762e-01 9.114203e-03 -3.123669e-02 1.418369e-02 3.219492e-01 2.856046e-02
2.519918e-02 6.683090e-01 1.192782e-01 1.825074e-01 3.660507e-02 -1.756458e-01 5.254614e-02 1.430251e-01 1.723956e-02 5.608058e-03 1.763829e-02 2.834315e-01 2.664437e-02
2.900836e-02 1.194362e+00 1.107282e-01 2.577300e-01 2.949803e-02 -4.124968e-01 8.226567e-02 1.724154e-01 1.250464e-02 -5.176410e-02 1.886743e-02 4.242028e-01 3.512924e-02
1.787384e-02 8.675339e-01 1.656587e-01 2.219743e-01 4.161095e-02 -3.466465e-01 7.218976e-02 1.348626e-01 9.742257e-03 -3.459598e-02 1.657590e-02 3.082572e-01 4.241254e-02
1.816685e-02 8.586988e-01 1.678127e-01 2.210458e-01 3.672912e-02 -3.218603e-01 6.615081e-02 1.270866e-01 2.850032e-03 -3.276407e-02 2.633524e-02 3.027024e-01 3.024891e-02
1.904589e-02 1.427207e+00 3.288039e-01 3.457456e-01 6.122087e-02 -5.663782e-01 1.825945e-01 1.458249e-01 1.664318e-02 -9.187153e-02 3.462405e-02 3.854749e-01 9.333025e-02
2.051096e-02 1.259819e+00 9.234869e-02 2.882366e-01 3.141374e-02 -5.275296e-01 4.923059e-02 1.427055e-01 1.254393e-02 -7.890314e-02 1.350211e-02 4.101972e-01 4.048620e-02
2.256206e-02 9.280578e-01 1.831565e-01 2.385276e-01 3.313876e-02 -3.625042e-01 1.019927e-01 1.374495e-01 8.483621e-03 -5.751936e-02 2.510833e-02 3.307006e-01 4.386693e-02
2.519918e-02 1.032420e+00 7.790176e-02 2.644543e-01 1.242233e-02 -2.422581e-01 7.536198e-02 1.630096e-01 1.350739e-02 1.782236e-03 1.946255e-02 3.039592e-01 2.966595e-02
2.842233e-02 8.004573e-01 2.118749e-01 1.765676e-01 4.964021e-02 -2.897485e-01 8.698902e-02 1.471421e-01 2.106174e-02 -1.474838e-02 1.317954e-02 3.447790e-01 4.033536e-02
3.223151e-02 1.386808e+00 1.392590e-01 2.671535e-01 6.090984e-02 -5.079581e-01 6.950898e-02 1.815816e-01 1.433966e-02 -4.485845e-02 2.708674e-02 5.275349e-01 3.781639e-02
2.168302e-02 1.253632e+00 3.916355e-01 3.017630e-01 8.464255e-02 -4.343641e-01 1.677457e-01 1.518436e-01 2.200110e-02 -5.963503e-02 3.046740e-02 3.292848e-01 6.867385e-02
2.197603e-02 1.178897e+00 2.537011e-01 2.959744e-01 5.500194e-02 -4.293757e-01 8.483845e-02 1.539781e-01 1.208789e-02 -5.041331e-02 2.278529e-02 3.629318e-01 3.672177e-02
2.285507e-02 8.941232e-01 8.999741e-02 2.132216e-01 3.668256e-02 -2.917663e-01 4.739914e-02 1.503762e-01 7.955519e-03 -1.565312e-02 1.596819e-02 2.945767e-01 3.267849e-02
2.432014e-02 1.159985e+00 2.861667e-01 2.850413e-01 6.866333e-02 -3.983338e-01 1.295701e-01 1.519987e-01 2.076281e-02 -6.247927e-02 2.993073e-02 3.394624e-01 6.856906e-02
2.637124e-02 8.865874e-01 1.588995e-01 2.071737e-01 2.969039e-02 -2.875085e-01 8.279267e-02 1.440723e-01 8.236376e-03 7.980211e-03 2.018390e-02 3.410177e-01 3.556793e-02
2.900836e-02 9.961183e-01 1.452753e-01 2.213488e-01 2.272086e-02 -3.534677e-01 8.128975e-02 1.565727e-01 2.750338e-03 -2.997757e-02 2.291134e-02 4.290973e-01 3.076286e-02
3.223151e-02 8.631999e-01 1.179234e-01 2.016449e-01 3.694422e-02 -2.654887e-01 3.594759e-02 1.682674e-01 2.078439e-02 -2.887090e-02 2.262417e-02 3.927092e-01 3.367797e-02
3.604069e-02 1.222151e+00 2.247977e-01 2.651824e-01 8.483401e-02 -4.890443e-01 6.358503e-02 2.148132e-01 2.495960e-02 -9.672173e-02 3.991753e-02 5.775250e-01 3.308942e-02
1.054849e-02 5.812422e-01 9.921896e-02 1.610677e-01 3.063845e-02 -2.557542e-01 5.357009e-02 1.113183e-01 8.958070e-03 -3.795067e-03 1.739836e-02 2.477611e-01 3.589445e-02
1.084151e-02 7.817518e-01 1.807003e-01 2.274093e-01 5.548917e-02 -3.401567e-01 7.227298e-02 1.171635e-01 1.907937e-02 -4.685756e-02 1.644397e-02 2.608170e-01 4.139417e-02
1.172055e-02 6.699009e-01 1.342895e-01 1.569240e-01 2.061246e-02 -3.091894e-01 8.076251e-02 9.021924e-02 5.948683e-03 -1.301211e-02 1.661682e-02 2.858019e-01 4.710797e-02
1.318562e-02 4.599479e-01 7.319876e-02 1.346525e-01 1.024740e-02 -1.849959e-01 3.874432e-02 9.572822e-02 5.200025e-03 -3.206097e-03 1.166539e-02 2.077363e-01 2.279114e-02
1.523671e-02 6.229753e-01 8.278940e-02 1.751155e-01 2.777244e-02 -2.637888e-01 4.535010e-02 1.167597e-01 1.232071e-02 -1.440156e-02 1.386240e-02 2.546507e-01 2.699191e-02
1.787384e-02 8.261784e-01 1.796409e-01 2.353291e-01 7.521026e-02 -2.809840e-01 3.588618e-02 1.448506e-01 2.929005e-02 -2.102288e-02 1.938510e-02 2.676502e-01 3.341078e-02
2.109699e-02 9.294059e-01 4.305846e-02 2.384607e-01 2.500229e-02 -3.178648e-01 2.191808e-02 1.468624e-01 1.774165e-02 -3.367794e-02 6.530344e-03 2.692471e-01 1.849431e-02
2.490617e-02 1.048825e+00 5.992335e-02 2.611258e-01 2.667919e-02 -3.223606e-01 2.254235e-02 1.700455e-01 8.752175e-03 -3.395789e-02 1.557134e-02 3.311648e-01 3.403538e-02
1.084151e-02 4.368304e-01 8.019633e-02 1.204737e-01 9.925325e-03 -2.082848e-01 5.730018e-02 9.192937e-02 8.405268e-03 8.631278e-03 1.156387e-02 2.306529e-01 4.278481e-02
1.113452e-02 4.909084e-01 8.765532e-02 1.561270e-01 3.007092e-02 -1.871555e-01 3.776189e-02 1.130744e-01 1.625051e-02 1.995604e-03 1.533868e-02 1.988346e-01 1.527449e-02
1.201356e-02 7.509486e-01 2.321871e-01 1.780730e-01 5.981596e-02 -3.525340e-01 9.834470e-02 1.158337e-01 1.658676e-02 -1.284993e-02 2.704230e-02 3.111052e-01 5.206275e-02
1.347863e-02 7.694921e-01 1.322571e-01 1.932931e-01 2.444358e-02 -3.365003e-01 9.281108e-02 1.149428e-01 1.087365e-02 -2.443571e-02 1.550954e-02 2.929915e-01 6.694953e-02
1.552973e-02 7.838403e-01 4.797680e-02 1.797617e-01 2.411203e-02 -3.322909e-01 3.221284e-02 1.107512e-01 9.209751e-03 -1.580782e-02 7.714416e-03 3.119839e-01 3.832777e-02
1.816685e-02 7.971213e-01 1.233160e-01 1.783430e-01 4.158251e-02 -3.624196e-01 5.279217e-02 1.349567e-01 1.950243e-02 5.981599e-03 1.779858e-02 3.440025e-01 2.679610e-02
2.139000e-02 9.125569e-01 1.784495e-01 2.150829e-01 2.502774e-02 -3.098444e-01 8.696425e-02 1.475174e-01 1.652938e-02 -3.523577e-03 2.394268e-02 3.008877e-01 2.846842e-02
2.519918e-02 1.055001e+00 3.043941e-01 2.455615e-01 6.193921e-02 -3.935755e-01 1.102586e-01 1.487572e-01 2.223109e-02 -6.710527e-02 3.201992e-02 3.493570e-01 3.891484e-02
1.172055e-02 5.914234e-01 1.017555e-01 1.693782e-01 2.469983e-02 -2.385476e-01 4.699007e-02 1.010034e-01 4.420626e-03 -2.115118e-02 1.135001e-02 1.995898e-01 3.788039e-02
1.201356e-02 6.864441e-01 9.688281e-02 1.894049e-01 2.790241e-02 -3.337684e-01 6.189356e-02 1.069557e-01 7.929062e-03 -3.268465e-02 1.481480e-02 3.119785e-01 5.022096e-02
1.289260e-02 6.374819e-01 7.618275e-02 1.529989e-01 1.973220e-02 -2.876646e-01 4.773172e-02 9.896567e-02 1.344290e-02 -1.898463e-02 8.874352e-03 2.455089e-01 3.151373e-02
1.435767e-02 7.027503e-01 1.313305e-01 1.882497e-01 4.033027e-02 -2.885517e-01 5.631689e-02 1.050940e-01 1.543769e-02 -2.696033e-02 1.667006e-02 2.481791e-01 3.000446e-02
1.640877e-02 7.182998e-01 1.381097e-01 1.786385e-01 3.762153e-02 -2.822367e-01 3.893851e-02 1.154511e-01 1.004045e-02 -6.101446e-03 1.227666e-02 2.945210e-01 1.404016e-02
1.904589e-02 8.685716e-01 1.550166e-01 2.195483e-01 4.603321e-02 -3.463455e-01 6.135772e-02 1.328297e-01 2.152813e-02 -3.306749e-02 1.726109e-02 2.996167e-01 3.528026e-02
2.226904e-02 1.232035e+00 2.819016e-01 3.037911e-01 7.641484e-02 -4.318008e-01 7.025028e-02 1.459479e-01 1.853904e-02 -5.914277e-02 2.321774e-02 3.783091e-01 2.612322e-02
2.607822e-02 1.175693e+00 1.793918e-01 2.587542e-01 3.221698e-02 -3.706092e-01 5.077014e-02 1.531488e-01 1.243769e-02 -2.796603e-02 8.804650e-03 3.862141e-01 2.484398e-02
1.318562e-02 7.518699e-01 8.599730e-02 2.126115e-01 2.265823e-02 -2.785023e-01 3.322891e-02 1.293604e-01 8.953390e-03 -1.218451e-02 1.216188e-02 2.528601e-01 2.893812e-02
1.347863e-02 5.514737e-01 1.006341e-01 1.423215e-01 2.015632e-02 -2.557660e-01 4.492059e-02 1.125255e-01 4.438733e-03 4.423238e-03 1.212319e-02 2.772723e-01 2.288092e-02
1.435767e-02 6.730680e-01 1.012773e-01 1.514482e-01 2.331340e-02 -3.061052e-01 5.948498e-02 9.409087e-02 6.841133e-03 -2.294083e-02 1.419183e-02 2.534263e-01 4.541223e-02
1.582274e-02 8.804846e-01 1.924024e-01 2.187688e-01 4.081584e-02 -3.691335e-01 8.936196e-02 1.260247e-01 1.133388e-02 -3.259139e-02 2.337962e-02 3.260134e-01 4.804607e-02
1.787384e-02 9.545213e-01 1.109192e-01 2.407119e-01 3.864904e-02 -3.863164e-01 4.461762e-02 1.319199e-01 1.609877e-02 -4.760858e-02 1.675204e-02 3.209492e-01 2.981442e-02
2.051096e-02 9.457101e-01 1.835010e-01 2.091559e-01 4.968516e-02 -3.706839e-01 5.286235e-02 1.128345e-01 1.333004e-02 -3.235003e-02 1.384883e-02 3.084926e-01 2.037032e-02
2.373411e-02 1.204083e+00 1.431031e-01 3.304733e-01 5.195622e-02 -4.219172e-01 4.391663e-02 1.816048e-01 2.612264e-02 -6.895169e-02 1.265251e-02 4.014011e-01 2.995216e-02
2.754329e-02 9.422520e-01 1.081112e-01 2.019316e-01 3.530605e-02 -2.772391e-01 3.921273e-02 1.360065e-01 1.059934e-02 -1.714583e-02 1.056895e-02 3.221684e-01 3.248089e-02
1.523671e-02 6.747727e-01 9.350369e-02 1.646983e-01 2.730394e-02 -3.021350e-01 7.839398e-02 1.119681e-01 1.204869e-02 -3.529843e-03 5.273278e-03 2.991755e-01 6.602454e-02
1.552973e-02 9.565397e-01 1.742879e-01 3.016302e-01 7.775567e-02 -3.305458e-01 7.039232e-02 1.657453e-01 3.123437e-02 -4.311779e-02 3.104161e-02 2.673336e-01 3.256257e-02
1.640877e-02 1.164544e+00 2.897596e-01 3.101625e-01 7.014112e-02 -4.570458e-01 1.180951e-01 1.524872e-01 2.131824e-02 -6.161081e-02 2.859182e-02 3.377664e-01 3.235332e-02
1.787384e-02 7.977700e-01 1.359086e-01 2.257588e-01 4.786212e-02 -2.806250e-01 5.408960e-02 1.423274e-01 2.031218e-02 -8.764464e-03 1.447561e-02 2.877746e-01 1.492259e-02
1.992493e-02 1.071664e+00 1.641367e-01 2.577228e-01 4.075481e-02 -4.029992e-01 4.994404e-02 1.319295e-01 1.564488e-02 -4.812221e-02 1.850993e-02 3.287525e-01 1.738237e-02
2.256206e-02 1.352499e+00 4.187637e-01 2.982795e-01 1.211649e-01 -4.688578e-01 1.509153e-01 1.604036e-01 4.411632e-02 -3.975952e-02 2.562347e-02 3.983402e-01 7.022220e-02
2.578521e-02 1.209551e+00 9.147438e-02 2.733518e-01 3.072481e-02 -4.448312e-01 7.087619e-02 1.519524e-01 1.587733e-02 -5.908451e-02 1.759024e-02 3.619677e-01 4.148099e-02
2.959439e-02 1.204848e+00 2.356054e-01 2.924197e-01 6.634346e-02 -3.652106e-01 9.348634e-02 1.978447e-01 2.733842e-02 -3.806163e-02 2.785072e-02 3.597800e-01 4.068786e-02
1.787384e-02 7.799638e-01 2.015628e-01 1.791199e-01 3.882797e-02 -3.193350e-01 7.761671e-02 1.144979e-01 4.267406e-03 -2.367179e-02 2.008071e-02 3.027392e-01 3.207007e-02
1.816685e-02 8.854450e-01 1.909380e-01 2.312856e-01 6.005444e-02 -3.617585e-01 7.809885e-02 1.395247e-01 2.225343e-02 -2.049703e-02 1.690437e-02 3.456068e-01 5.135143e-02
1.904589e-02 8.750182e-01 1.075521e-01 1.936024e-01 3.373219e-02 -3.774049e-01 6.460891e-02 1.300946e-01 2.418171e-02 -1.329824e-02 1.035087e-02 3.428494e-01 4.749129e-02
2.051096e-02 7.131944e-01 1.113366e-01 1.687689e-01 2.508245e-02 -2.688272e-01 3.239833e-02 1.148047e-01 1.284265e-02 -2.207260e-02 5.626340e-03 2.571333e-01 1.516210e-02
2.256206e-02 8.956779e-01 1.424493e-01 2.119631e-01 3.155426e-02 -2.837458e-01 4.171156e-02 1.262495e-01 1.571181e-02 -1.706372e-02 5.906698e-03 2.784703e-01 2.554742e-02
2.519918e-02 2.182174e+00 5.334160e-01 5.471129e-01 1.352389e-01 -6.911469e-01 1.781390e-01 2.279252e-01 4.095197e-02 -1.247432e-01 4.441379e-02 4.550848e-01 5.689651e-02
2.842233e-02 1.262663e+00 2.234368e-01 2.814111e-01 3.681994e-02 -3.833664e-01 7.972849e-02 1.730585e-01 1.226597e-02 -2.308529e-02 1.282816e-02 4.028350e-01 3.687075e-02
3.223151e-02 9.149851e-01 1.140614e-01 2.101943e-01 1.566523e-02 -2.831003e-01 4.952258e-02 1.755947e-01 1.989128e-02 -5.002613e-02 5.565601e-03 3.852637e-01 4.277594e-02
2.109699e-02 9.396885e-01 1.412151e-01 2.184395e-01 2.514255e-02 -2.920218e-01 5.783489e-02 1.422647e-01 1.621808e-02 -5.525726e-03 1.939465e-02 3.018737e-01 2.878679e-02
2.139000e-02 9.782680e-01 1.427630e-01 2.438482e-01 4.808737e-02 -3.108979e-01 4.334298e-02 1.525653e-01 2.436229e-02 -1.075904e-02 1.221312e-02 3.089663e-01 9.948092e-03
2.226904e-02 8.224832e-01 1.265356e-01 1.948060e-01 3.380170e-02 -3.108981e-01 6.390991e-02 1.272187e-01 6.791290e-03 -1.944062e-02 2.321457e-02 3.424657e-01 3.182337e-02
2.373411e-02 1.529378e+00 3.248563e-01 3.562691e-01 5.908574e-02 -6.132423e-01 2.000104e-01 1.842976e-01 1.687211e-02 -8.538810e-02 4.297146e-02 4.751728e-01 1.159862e-01
2.578521e-02 1.098561e+00 1.263341e-01 2.502421e-01 2.909841e-02 -4.093635e-01 5.149542e-02 1.523804e-01 6.817868e-03 -4.907310e-02 1.286978e-02 3.592218e-01 3.111210e-02
2.842233e-02 8.570610e-01 1.288733e-01 2.040236e-01 3.295982e-02 -3.239274e-01 4.479135e-02 1.523010e-01 1.739767e-02 -2.162252e-02 1.187645e-02 4.174741e-01 2.655297e-02
3.164548e-02 9.143526e-01 4.951964e-02 2.241757e-01 2.309434e-02 -2.464161e-01 3.621955e-02 1.760717e-01 1.008791e-02 -3.881350e-02 1.214804e-02 3.483449e-01 5.149906e-02
3.545466e-02 1.121321e+00 1.811956e-01 2.728056e-01 5.048612e-02 -3.075028e-01 3.665855e-02 1.927539e-01 1.778954e-02 -4.154186e-02 2.578291e-02 4.139305e-01 1.537124e-02
2.490617e-02 8.746103e-01 6.713340e-02 2.154052e-01 2.942590e-02 -3.010154e-01 3.409601e-02 1.418573e-01 7.674981e-03 -3.695984e-02 1.261997e-02 3.210458e-01 1.486448e-02
2.519918e-02 9.794599e-01 2.952066e-02 2.424727e-01 2.302342e-02 -3.319569e-01 2.547844e-02 1.460702e-01 1.117682e-02 -4.394326e-02 9.155098e-03 3.266604e-01 4.507370e-02
2.607822e-02 1.222899e+00 1.255772e-01 3.210754e-01 5.461438e-02 -3.590931e-01 5.085062e-02 1.655126e-01 2.499272e-02 -5.492834e-02 6.190742e-03 2.980423e-01 3.080983e-02
2.754329e-02 8.059808e-01 1.708206e-01 1.876278e-01 5.541631e-02 -2.842760e-01 6.367612e-02 1.479323e-01 1.881801e-02 -1.629411e-02 1.962964e-02 3.344275e-01 2.374276e-02
2.959439e-02 1.084538e+00 1.207103e-01 2.346431e-01 3.041350e-02 -3.608130e-01 3.285280e-02 1.601862e-01 1.590939e-02 -2.943869e-02 1.605783e-02 4.565775e-01 1.856653e-02
3.223151e-02 1.265682e+00 1.879040e-01 3.210748e-01 6.848220e-02 -3.924374e-01 6.997613e-02 2.276917e-01 2.340295e-02 -5.991922e-02 3.735477e-02 4.287701e-01 2.733432e-02
3.545466e-02 1.121000e+00 2.119441e-01 1.933449e-01 6.560428e-02 -4.009121e-01 6.715807e-02 1.784323e-01 2.091463e-02 -4.072024e-02 2.025957e-02 4.969912e-01 2.617469e-02
3.926384e-02 1.178594e+00 1.392805e-01 2.316384e-01 4.007722e-02 -3.965727e-01 5.507434e-02 2.338159e-01 2.623227e-02 -9.406423e-02 6.654596e-03 5.660870e-01 5.976393e-02
1.435767e-02 5.381088e-01 6.589544e-02 1.436643e-01 1.773732e-02 -2.212048e-01 4.350637e-02 1.211120e-01 8.198507e-03 1.779433e-02 7.689187e-03 2.476148e-01 2.605498e-02
1.465069e-02 6.584991e-01 4.855613e-02 1.816277e-01 1.317407e-02 -2.381800e-01 2.715807e-02 1.092645e-01 5.620442e-03 -6.971919e-03 9.578401e-03 2.269009e-01 1.367305e-02
1.552973e-02 3.761949e-01 7.513127e-02 1.058823e-01 2.617930e-02 -1.355774e-01 2.034100e-02 1.025931e-01 1.254765e-02 2.924556e-02 1.181597e-02 2.077052e-01 1.243640e-02
1.699480e-02 5.658366e-01 1.438789e-01 1.380865e-01 2.339337e-02 -2.044934e-01 6.306090e-02 1.178479e-01 1.151383e-02 2.623697e-02 1.234740e-02 2.646657e-01 3.852813e-02
1.904589e-02 1.170435e+00 9.319201e-02 2.976729e-01 3.181000e-02 -4.384972e-01 3.078135e-02 1.504865e-01 1.341732e-02 -5.311537e-02 1.773483e-02 3.413163e-01 1.461987e-02
2.168302e-02 7.328503e-01 6.815640e-02 2.136701e-01 3.813389e-02 -2.207449e-01 1.791484e-02 1.583554e-01 2.315497e-02 -3.690344e-03 1.346217e-02 2.772649e-01 3.052186e-02
2.490617e-02 1.054690e+00 1.900636e-01 2.254343e-01 4.392895e-02 -4.094933e-01 9.969614e-02 1.501150e-01 1.059258e-02 -3.837399e-02 2.185379e-02 4.063448e-01 4.786735e-02
2.871535e-02 1.857951e+00 2.900457e-01 3.899307e-01 4.678199e-02 -6.629967e-01 1.724794e-01 1.915454e-01 1.130438e-02 -1.137645e-01 2.973490e-02 4.778958e-01 9.172298e-02
1.465069e-02 6.381392e-01 1.572588e-01 1.727144e-01 3.181136e-02 -2.416281e-01 7.193570e-02 1.163689e-01 1.108365e-02 -3.958627e-03 1.245115e-02 2.489196e-01 4.107870e-02
1.494370e-02 6.243577e-01 8.646315e-02 1.631120e-01 3.038247e-02 -2.554104e-01 6.049295e-02 1.088848e-01 1.726840e-02 -3.653768e-03 8.325772e-03 2.593912e-01 5.387471e-02
1.582274e-02 4.672768e-01 5.927183e-02 1.367728e-01 2.379496e-02 -1.522542e-01 2.015694e-02 1.024105e-01 1.111761e-02 1.349632e-02 8.850316e-03 2.313397e-01 2.003195e-02
1.728781e-02 7.733898e-01 1.002764e-01 1.933310e-01 3.824086e-02 -3.016618e-01 3.372619e-02 1.263280e-01 1.078404e-02 -1.835078e-02 1.515587e-02 2.625804e-01 1.228035e-02
1.933891e-02 1.083335e+00 1.486961e-01 3.160725e-01 4.881350e-02 -3.384627e-01 5.237677e-02 1.691436e-01 1.830809e-02 -4.405125e-02 1.527289e-02 2.863663e-01 2.788977e-02
2.197603e-02 7.490203e-01 1.558816e-01 2.003509e-01 4.469642e-02 -2.473258e-01 6.502090e-02 1.297893e-01 1.215906e-02 -3.140343e-02 2.222336e-02 2.531598e-01 1.444325e-02
2.519918e-02 1.066277e+00 1.181326e-01 2.402974e-01 3.300551e-02 -3.597376e-01 5.287935e-02 1.428714e-01 1.163951e-02 -4.216507e-02 2.026999e-02 3.061401e-01 2.228707e-02
2.900836e-02 1.130679e+00 1.896850e-01 2.513852e-01 4.297571e-02 -3.712933e-01 9.573618e-02 1.572607e-01 1.499552e-02 -5.088330e-02 2.295972e-02 4.084524e-01 5.019849e-02
1.552973e-02 6.089317e-01 7.613827e-02 1.627903e-01 3.353611e-02 -2.312715e-01 2.533427e-02 1.153997e-01 1.564099e-02 6.962435e-04 1.284025e-02 2.571431e-01 4.192503e-02
1.582274e-02 7.698910e-01 2.154564e-01 1.944638e-01 5.389025e-02 -3.232182e-01 9.228537e-02 1.239369e-01 1.103890e-02 -2.221324e-02 2.517878e-02 2.884811e-01 3.871135e-02
1.670178e-02 9.358300e-01 1.909426e-01 2.409167e-01 4.070505e-02 -3.517853e-01 1.055443e-01 1.309202e-01 1.471206e-02 -3.462144e-02 1.653883e-02 3.060559e-01 5.934470e-02
1.816685e-02 6.905805e-01 1.045595e-01 1.798315e-01 4.071770e-02 -2.455774e-01 3.994359e-02 1.280226e-01 1.884683e-02 3.945454e-03 1.454819e-02 2.726600e-01 2.906580e-02
2.021795e-02 1.118340e+00 2.693112e-01 2.763185e-01 8.037057e-02 -4.227902e-01 1.251211e-01 1.440643e-01 2.698386e-02 -4.911484e-02 3.839011e-02 3.591454e-01 5.446367e-02
2.285507e-02 1.149339e+00 1.921220e-01 2.814073e-01 5.901804e-02 -4.566214e-01 7.850563e-02 1.551791e-01 2.145878e-02 -4.934513e-02 2.321327e-02 4.281021e-01 3.209515e-02
2.607822e-02 9.074945e-01 1.094010e-01 2.011473e-01 3.622510e-02 -2.541334e-01 6.393635e-02 1.358990e-01 1.657989e-02 -5.670908e-03 1.226976e-02 3.111483e-01 4.307092e-02
2.988740e-02 8.618427e-01 5.087871e-02 1.685417e-01 1.391155e-02 -3.384353e-01 4.020643e-02 1.555887e-01 8.316403e-03 -4.325424e-02 1.546777e-02 4.054186e-01 5.461675e-02
1.699480e-02 6.003681e-01 9.742009e-02 1.565593e-01 3.029746e-02 -1.812125e-01 4.241757e-02 1.064815e-01 1.300122e-02 2.681897e-03 1.347165e-02 2.244298e-01 1.695241e-02
1.728781e-02 7.953851e-01 7.325325e-02 1.954412e-01 1.862869e-02 -3.169243e-01 5.285009e-02 1.152761e-01 7.599546e-03 -2.621139e-02 1.438392e-02 2.847075e-01 3.469750e-02
1.816685e-02 9.076236e-01 1.672186e-01 2.451972e-01 3.884616e-02 -3.311164e-01 8.698003e-02 1.430202e-01 1.432361e-02 -3.770181e-02 2.508339e-02 2.704419e-01 3.617024e-02
1.963192e-02 1.027547e+00 1.809235e-01 2.601275e-01 4.932435e-02 -3.400970e-01 7.906653e-02 1.447966e-01 1.569292e-02 -2.841132e-02 1.726850e-02 3.109669e-01 3.853133e-02
2.168302e-02 7.030300e-01 9.963268e-02 1.940848e-01 2.475768e-02 -1.842538e-01 5.188163e-02 1.262733e-01 1.462395e-02 -7.162927e-03 9.053662e-03 2.187551e-01 4.214502e-02
2.432014e-02 1.093789e+00 8.982879e-02 2.584609e-01 5.082971e-02 -3.664176e-01 4.211284e-02 1.582281e-01 2.168860e-02 -4.868334e-02 1.919375e-02 3.007190e-01 3.081741e-02
2.754329e-02 9.699487e-01 2.882264e-01 2.500875e-01 7.254423e-02 -3.009944e-01 1.028012e-01 1.795938e-01 2.605328e-02 -5.172972e-02 2.780682e-02 3.435080e-01 4.763027e-02
3.135247e-02 1.195681e+00 1.607651e-01 3.013439e-01 2.242658e-02 -3.368932e-01 3.836757e-02 2.012236e-01 1.199908e-02 -5.673321e-02 1.507990e-02 3.626966e-01 3.470737e-02
1.904589e-02 9.475688e-01 9.566017e-02 2.297949e-01 2.022573e-02 -4.211352e-01 8.363848e-02 1.403562e-01 1.421390e-02 -3.967558e-02 7.590606e-03 3.544315e-01 5.771450e-02
1.933891e-02 6.600625e-01 1.236008e-01 1.811198e-01 3.591739e-02 -2.180214e-01 5.657048e-02 1.308178e-01 1.675539e-02 1.231109e-02 1.957932e-02 2.844374e-01 3.315313e-02
2.021795e-02 1.075814e+00 1.364964e-01 2.802807e-01 2.650094e-02 -3.573846e-01 6.890200e-02 1.616907e-01 9.026245e-03 -4.454551e-02 1.240133e-02 2.643190e-01 3.668096e-02
2.168302e-02 7.562168e-01 6.392969e-02 1.594811e-01 1.845640e-02 -2.499698e-01 4.928026e-02 1.183656e-01 8.381956e-03 6.771220e-03 1.188075e-02 2.843708e-01 4.307716e-02
2.373411e-02 9.858899e-01 2.107219e-01 2.421422e-01 2.583308e-02 -3.269231e-01 1.011430e-01 1.434184e-01 1.107685e-02 -2.372807e-02 1.925248e-02 3.247263e-01 4.234313e-02
2.637124e-02 1.087101e+00 1.184792e-01 2.725908e-01 4.189957e-02 -3.657585e-01 7.671917e-02 1.724302e-01 2.121311e-02 -2.773145e-02 1.932170e-02 3.895046e-01 5.580400e-02
2.959439e-02 9.327712e-01 1.728582e-01 1.923148e-01 4.010064e-02 -3.032041e-01 9.543734e-02 1.627241e-01 1.923184e-02 -1.631099e-02 3.059260e-02 3.645071e-01 3.350449e-02
3.340357e-02 9.135462e-01 1.177000e-01 2.379549e-01 4.126971e-02 -2.749151e-01 4.976286e-02 2.248711e-01 1.530977e-02 -3.918036e-02 2.828592e-02 4.324843e-01 2.824456e-02
2.168302e-02 1.128067e+00 2.724925e-01 2.335682e-01 6.570476e-02 -4.455333e-01 1.228377e-01 1.192207e-01 1.559615e-02 -4.575817e-02 3.230773e-02 3.788704e-01 6.438986e-02
2.197603e-02 9.298615e-01 1.602916e-01 2.121458e-01 5.600638e-02 -3.411372e-01 6.323405e-02 1.369431e-01 1.890893e-02 -1.908599e-02 2.689643e-02 3.302935e-01 2.280063e-02
2.285507e-02 8.098751e-01 5.564652e-02 2.033545e-01 1.834583e-02 -2.562355e-01 3.101159e-02 1.299590e-01 5.583837e-03 -1.970477e-02 1.476286e-02 2.975637e-01 3.070706e-02
2.432014e-02 1.475755e+00 1.279903e-01 2.963552e-01 2.486868e-02 -6.404033e-01 5.568916e-02 1.637530e-01 9.597725e-03 -6.869241e-02 2.493333e-02 5.254636e-01 5.257232e-02
2.637124e-02 1.008517e+00 2.301906e-01 2.884344e-01 7.171310e-02 -2.973264e-01 6.485223e-02 1.731888e-01 2.392815e-02 -4.900553e-02 1.767543e-02 3.271558e-01 3.231105e-02
2.900836e-02 9.940114e-01 1.256288e-01 2.415895e-01 5.850313e-02 -3.043660e-01 3.956587e-02 1.800817e-01 2.700517e-02 -2.955765e-02 2.006145e-02 4.107381e-01 4.909237e-02
3.223151e-02 1.535755e+00 3.141752e-01 3.624652e-01 8.270355e-02 -5.680633e-01 1.368826e-01 2.201969e-01 2.573435e-02 -1.059353e-01 3.394528e-02 5.142842e-01 6.920867e-02
3.604069e-02 1.293240e+00 2.450177e-01 2.880578e-01 6.964983e-02 -3.359153e-01 7.493879e-02 2.097129e-01 2.017230e-02 -6.002395e-02 2.327121e-02 4.892523e-01 4.586421e-02
2.490617e-02 8.886512e-01 1.407788e-01 2.160134e-01 5.412539e-02 -2.774075e-01 4.927053e-02 1.420724e-01 1.982110e-02 -1.191644e-02 1.064693e-02 3.292728e-01 4.416500e-02
2.519918e-02 1.181753e+00 1.700529e-01 3.011991e-01 4.711016e-02 -3.021866e-01 3.948741e-02 1.687422e-01 1.417878e-02 -2.917292e-02 1.582353e-02 2.971036e-01 3.231815e-02
2.607822e-02 1.080626e+00 2.118091e-01 2.781177e-01 5.980520e-02 -3.216817e-01 8.112804e-02 1.712335e-01 2.211934e-02 -3.318507e-02 3.578945e-02 3.299869e-01 3.416658e-02
2.754329e-02 8.223961e-01 7.642884e-02 1.811146e-01 3.499724e-02 -2.639880e-01 3.743105e-02 1.440723e-01 1.454421e-02 -9.659129e-04 3.777796e-03 3.787700e-01 3.256192e-02
2.959439e-02 1.208698e+00 1.956962e-01 3.093959e-01 7.276496e-02 -2.669676e-01 8.501978e-02 1.908552e-01 3.105527e-02 -3.550244e-02 1.776704e-02 3.476477e-01 2.546781e-02
3.223151e-02 8.724968e-01 7.573987e-02 2.343466e-01 3.114185e-02 -2.123016e-01 2.870429e-02 1.874385e-01 1.263027e-02 -3.294179e-02 2.104016e-02 3.476724e-01 2.110934e-02
3.545466e-02 1.379385e+00 2.401820e-01 3.589227e-01 3.919320e-02 -4.132246e-01 1.279112e-01 2.497976e-01 2.227628e-02 -7.773122e-02 1.707383e-02 5.152708e-01 6.313852e-02
3.926384e-02 1.079703e+00 1.753715e-01 2.428592e-01 3.222182e-02 -3.143152e-01 4.174122e-02 2.078028e-01 2.796691e-02 -9.019187e-02 5.590899e-03 4.966245e-01 2.332615e-02
2.871535e-02 1.267240e+00 2.133024e-01 3.186230e-01 5.746476e-02 -3.802358e-01 6.796917e-02 1.940381e-01 1.201967e-02 -7.129285e-02 1.911945e-02 3.270469e-01 3.773062e-02
2.900836e-02 9.449349e-01 1.881247e-01 2.203454e-01 4.081156e-02 -3.635930e-01 4.686335e-02 1.525627e-01 1.268848e-02 -4.606610e-02 2.255123e-02 3.840660e-01 2.291321e-02
2.988740e-02 1.518557e+00 3.481581e-01 3.691035e-01 7.857817e-02 -5.218561e-01 1.223092e-01 1.893574e-01 2.065060e-02 -9.556700e-02 2.440565e-02 4.103887e-01 6.786327e-02
3.135247e-02 1.388383e+00 1.169920e-01 3.421760e-01 6.598889e-02 -3.311796e-01 3.794294e-02 2.038738e-01 2.662908e-02 -5.693189e-02 9.045974e-03 3.642606e-01 3.435266e-02
3.340357e-02 1.122594e+00 1.958639e-01 2.546500e-01 4.356300e-02 -3.432623e-01 5.819898e-02 1.944248e-01 2.267792e-02 -7.115580e-02 1.565678e-02 4.242075e-01 4.975718e-02
3.604069e-02 8.926007e-01 1.309850e-01 1.880606e-01 3.259597e-02 -2.869969e-01 6.762726e-02 1.829563e-01 1.498072e-02 -3.239294e-02 1.921399e-02 4.225962e-01 4.664057e-02
3.926384e-02 1.103489e+00 1.241517e-01 1.806567e-01 1.249836e-02 -3.628096e-01 4.284477e-02 1.927767e-01 1.303971e-02 -4.921586e-02 1.516392e-02 5.825236e-01 2.783939e-02
4.307302e-02 1.113099e+00 9.977332e-02 2.045522e-01 3.818106e-02 -3.645182e-01 8.637682e-02 2.569026e-01 4.644490e-02 -1.228482e-01 3.100910e-02 5.523783e-01 4.182187e-02
