# k^2  MgMg MgMg_error  MgCl MgCl_error  MgNa MgNa_error  ClCl ClCl_error  ClNa ClNa_error  NaNa NaNa_error
0.000000e+00 1.280000e+02 0.000000e+00 6.463683e+02 0.000000e+00 6.205030e+02 0.000000e+00 3.264000e+03 0.000000e+00 3.133387e+03 0.000000e+00 3.008000e+03 0.000000e+00
2.932855e-04 1.369450e+00 3.241722e-01 1.705747e-01 3.747232e-02 -3.854343e-01 9.477759e-02 7.662645e-02 4.300441e-03 9.849982e-03 1.341577e-02 1.700481e-01 2.616012e-02
1.173142e-03 6.514154e-01 8.726548e-02 7.809922e-02 1.527615e-02 -1.804634e-01 2.655422e-02 6.760974e-02 2.166505e-03 3.854422e-02 4.295237e-03 1.161359e-01 9.002820e-03
2.639569e-03 7.608787e-01 1.708666e-01 1.034786e-01 2.349909e-02 -1.882497e-01 4.684271e-02 7.195558e-02 4.991907e-03 3.418461e-02 6.586165e-03 1.182701e-01 1.386462e-02
4.692567e-03 7.426217e-01 1.008552e-01 1.002047e-01 1.821968e-02 -1.728382e-01 1.842805e-02 6.763022e-02 3.588983e-03 2.992164e-02 5.758968e-03 1.114550e-01 3.990525e-03
7.332137e-03 8.174188e-01 3.713211e-02 1.091528e-01 1.144227e-02 -1.695135e-01 1.527969e-02 7.449960e-02 5.012014e-03 3.417321e-02 2.179533e-03 1.187560e-01 8.096590e-03
1.055828e-02 9.444649e-01 1.041102e-01 1.248397e-01 2.192958e-02 -1.869666e-01 1.461172e-02 7.952978e-02 5.164223e-03 2.712377e-02 2.531298e-03 1.246613e-01 5.679470e-03
1.437099e-02 1.070276e+00 1.471509e-01 1.064965e-01 1.466334e-02 -2.083280e-01 3.487312e-02 8.062849e-02 4.852321e-03 3.309154e-02 4.642867e-03 1.479109e-01 7.570230e-03
2.932855e-04 1.855255e+00 4.213986e-01 2.156915e-01 5.242274e-02 -5.355735e-01 1.223852e-01 8.019231e-02 6.592350e-03 -4.540341e-03 1.561360e-02 2.161480e-01 3.503763e-02
5.865709e-04 5.171453e-01 1.063769e-01 5.146581e-02 1.422400e-02 -1.566402e-01 3.822285e-02 5.926009e-02 4.280811e-03 4.053190e-02 6.524578e-03 1.077898e-01 1.748930e-02
1.466427e-03 8.090313e-01 2.003167e-01 8.634213e-02 2.263461e-02 -2.342032e-01 5.974035e-02 6.286448e-02 1.277480e-03 3.019877e-02 9.696070e-03 1.299190e-01 1.554731e-02
2.932855e-03 1.348996e+00 2.147253e-01 1.650239e-01 2.981403e-02 -3.522766e-01 5.313114e-02 7.769595e-02 3.922196e-03 1.536467e-02 8.805620e-03 1.619973e-01 1.343879e-02
4.985853e-03 8.541167e-01 1.460920e-01 8.849533e-02 1.660431e-02 -2.246519e-01 4.075128e-02 6.496348e-02 5.427222e-03 3.228248e-02 3.976204e-03 1.345837e-01 1.404619e-02
7.625422e-03 8.637787e-01 8.612282e-02 8.228644e-02 7.431031e-03 -2.130185e-01 3.280317e-02 7.236440e-02 1.669034e-03 3.645514e-02 3.232034e-03 1.331302e-01 8.443300e-03
1.085156e-02 7.887417e-01 1.072910e-01 1.019616e-01 1.388813e-02 -1.550276e-01 2.623093e-02 7.423975e-02 3.892939e-03 3.167634e-02 1.585083e-03 1.246328e-01 8.177713e-03
1.466427e-02 9.329982e-01 6.285690e-02 9.637431e-02 7.533855e-03 -1.954376e-01 2.517057e-02 8.461577e-02 3.713930e-03 3.425703e-02 4.943799e-03 1.470412e-01 1.015298e-02
1.173142e-03 6.181373e-01 1.724989e-01 7.480891e-02 1.564128e-02 -1.682968e-01 5.355437e-02 6.165217e-02 4.722344e-03 3.306686e-02 3.836964e-03 1.041831e-01 1.882258e-02
1.466427e-03 9.842272e-01 2.618127e-01 1.074830e-01 2.748700e-02 -2.814098e-01 8.116507e-02 6.631489e-02 4.596434e-03 2.528625e-02 7.602099e-03 1.431399e-01 2.583645e-02
2.346284e-03 5.549306e-01 1.567425e-01 7.207267e-02 2.441350e-02 -1.431497e-01 4.029837e-02 6.392670e-02 3.441753e-03 3.689793e-02 7.432926e-03 1.024454e-01 1.269374e-02
3.812711e-03 1.053382e+00 2.855673e-01 1.423422e-01 3.760683e-02 -2.465187e-01 6.746515e-02 6.996544e-02 5.822452e-03 1.677183e-02 8.526627e-03 1.206741e-01 1.532017e-02
5.865709e-03 1.073181e+00 3.375905e-01 1.311889e-01 4.068085e-02 -2.566830e-01 8.364790e-02 7.015816e-02 6.368464e-03 2.044274e-02 8.802567e-03 1.332137e-01 2.274320e-02
8.505278e-03 8.451387e-01 1.242376e-01 1.007557e-01 1.644912e-02 -1.748587e-01 2.545720e-02 7.512506e-02 3.992110e-03 3.484016e-02 3.060667e-03 1.192566e-01 6.480054e-03
1.173142e-02 1.062536e+00 7.823139e-02 1.299678e-01 2.441471e-02 -2.083319e-01 1.492501e-02 8.225665e-02 7.510323e-03 2.771078e-02 2.309384e-03 1.340226e-01 6.454401e-03
1.554413e-02 7.516035e-01 3.132841e-02 7.786741e-02 8.482219e-03 -1.389111e-01 2.040743e-02 7.882714e-02 3.088665e-03 3.509932e-02 1.547626e-03 1.358400e-01 6.562216e-03
2.639569e-03 5.268903e-01 8.117345e-02 5.569491e-02 1.035500e-02 -1.493896e-01 2.784134e-02 6.041449e-02 2.118703e-03 3.902932e-02 3.184743e-03 1.066158e-01 1.097143e-02
2.932855e-03 6.027314e-01 1.582583e-01 7.843635e-02 1.679328e-02 -1.536697e-01 4.733878e-02 5.916093e-02 1.709066e-03 3.034153e-02 5.872508e-03 1.013165e-01 1.283199e-02
3.812711e-03 9.498331e-01 1.702461e-01 1.332542e-01 2.599589e-02 -2.228110e-01 4.234216e-02 7.581678e-02 4.913250e-03 2.573358e-02 7.539279e-03 1.233538e-01 1.113510e-02
5.279138e-03 9.524254e-01 1.554187e-01 1.119352e-01 2.509132e-02 -2.346711e-01 3.244196e-02 6.881227e-02 4.703418e-03 2.535534e-02 5.975395e-03 1.311519e-01 8.305375e-03
7.332137e-03 7.998398e-01 1.667578e-01 1.000042e-01 1.405045e-02 -1.842548e-01 4.737164e-02 7.344862e-02 3.404788e-03 3.072521e-02 5.138202e-03 1.201229e-01 1.174586e-02
9.971706e-03 1.032932e+00 2.565664e-01 1.243751e-01 2.735253e-02 -2.255569e-01 6.539642e-02 7.718465e-02 5.575724e-03 2.562722e-02 8.111332e-03 1.366038e-01 1.673650e-02
1.319785e-02 1.109421e+00 1.684524e-01 1.177673e-01 2.027765e-02 -2.237586e-01 3.536356e-02 7.963042e-02 2.213571e-03 3.043701e-02 6.380981e-03 1.484873e-01 5.750470e-03
1.701056e-02 1.169879e+00 2.238635e-01 1.413704e-01 2.453991e-02 -2.113339e-01 4.755211e-02 1.014302e-01 6.668863e-03 3.984963e-02 2.587558e-03 1.743244e-01 1.441274e-02
4.692567e-03 6.288674e-01 1.739180e-01 6.611742e-02 1.252838e-02 -1.596850e-01 5.163928e-02 6.381615e-02 2.410058e-03 3.850717e-02 3.692938e-03 1.121469e-01 1.645655e-02
4.985853e-03 8.986345e-01 2.063480e-01 1.182500e-01 2.277884e-02 -2.079057e-01 6.175753e-02 6.519773e-02 2.718734e-03 2.057923e-02 9.489253e-03 1.136054e-01 1.482899e-02
5.865709e-03 8.473343e-01 1.823059e-01 1.035371e-01 1.944503e-02 -1.992224e-01 4.472895e-02 7.625152e-02 4.392461e-03 3.537833e-02 4.165777e-03 1.254895e-01 1.037738e-02
7.332137e-03 7.649917e-01 1.202183e-01 8.640711e-02 1.518916e-02 -1.845774e-01 3.335493e-02 7.208462e-02 3.889806e-03 3.785438e-02 4.446144e-03 1.283189e-01 9.982359e-03
9.385135e-03 9.467868e-01 1.485597e-01 1.160161e-01 1.822490e-02 -1.994084e-01 3.563272e-02 7.004874e-02 1.463687e-03 2.368713e-02 5.138926e-03 1.246689e-01 1.058992e-02
1.202470e-02 1.089457e+00 1.101651e-01 1.413030e-01 1.328009e-02 -2.115592e-01 2.374801e-02 8.621080e-02 4.070800e-03 2.795359e-02 3.655674e-03 1.399140e-01 1.023050e-02
1.525084e-02 1.055006e+00 1.150469e-01 1.373560e-01 2.147600e-02 -1.717557e-01 1.056945e-02 9.347036e-02 1.795298e-03 3.132665e-02 3.664153e-03 1.444986e-01 4.459924e-03
1.906356e-02 1.071349e+00 1.853005e-01 1.279375e-01 2.045409e-02 -1.863776e-01 3.795885e-02 9.506808e-02 5.265978e-03 2.621701e-02 7.119948e-03 1.559042e-01 6.662690e-03
7.332137e-03 8.090024e-01 9.528075e-02 7.488602e-02 7.824366e-03 -2.067775e-01 3.620724e-02 6.897118e-02 1.531444e-03 3.950684e-02 3.577040e-03 1.362577e-01 1.479434e-02
7.625422e-03 9.958330e-01 1.176655e-01 1.448618e-01 2.288025e-02 -2.030650e-01 2.424080e-02 7.613521e-02 5.983884e-03 2.219790e-02 3.848313e-03 1.223152e-01 5.163467e-03
8.505278e-03 9.547626e-01 1.068450e-01 1.048845e-01 1.106765e-02 -2.238739e-01 3.542635e-02 7.032005e-02 4.069676e-03 2.819579e-02 4.858287e-03 1.377308e-01 1.143896e-02
9.971706e-03 8.885544e-01 8.254939e-02 1.066213e-01 1.664052e-02 -1.738538e-01 1.270750e-02 7.826766e-02 4.124749e-03 3.571150e-02 3.578151e-03 1.230978e-01 6.101971e-03
1.202470e-02 9.330683e-01 8.931785e-02 1.043013e-01 8.828707e-03 -1.885181e-01 2.660573e-02 8.275941e-02 4.545163e-03 3.588648e-02 5.604827e-03 1.361771e-01 6.036979e-03
1.466427e-02 8.774191e-01 7.413455e-02 9.973620e-02 1.182187e-02 -1.796061e-01 2.061767e-02 8.240659e-02 4.686149e-03 2.675763e-02 5.013397e-03 1.287835e-01 8.545909e-03
1.789041e-02 9.010563e-01 1.076098e-01 1.060915e-01 2.188700e-02 -1.499121e-01 1.067201e-02 9.076196e-02 3.976074e-03 3.691608e-02 2.023426e-03 1.489988e-01 5.264094e-03
2.170312e-02 1.056688e+00 1.052949e-01 1.209874e-01 1.381251e-02 -1.655123e-01 2.560143e-02 1.055278e-01 3.498828e-03 3.629265e-02 2.799907e-03 1.766430e-01 1.067286e-02
1.055828e-02 9.573139e-01 1.238697e-01 1.378058e-01 1.655750e-02 -1.834557e-01 2.299350e-02 7.750051e-02 2.167522e-03 2.394731e-02 4.403613e-03 1.220823e-01 3.520709e-03
1.085156e-02 8.309020e-01 1.561970e-01 1.061199e-01 1.658252e-02 -1.715504e-01 4.072048e-02 7.625069e-02 5.572062e-03 3.290744e-02 5.799062e-03 1.296637e-01 9.443470e-03
1.173142e-02 9.671258e-01 1.265780e-01 1.230277e-01 1.735569e-02 -1.904492e-01 3.419591e-02 8.303636e-02 3.397326e-03 2.871724e-02 7.772439e-03 1.319251e-01 1.469989e-02
1.319785e-02 8.312395e-01 1.081482e-01 1.030166e-01 1.279579e-02 -1.586955e-01 2.800437e-02 8.093815e-02 1.825764e-03 3.242412e-02 4.478177e-03 1.296994e-01 1.022721e-02
1.525084e-02 9.176823e-01 1.070765e-01 1.035668e-01 1.426981e-02 -1.692352e-01 1.452909e-02 8.263829e-02 4.940683e-03 3.615538e-02 3.028173e-03 1.489801e-01 8.010796e-03
1.789041e-02 1.164943e+00 1.511648e-01 1.422527e-01 2.095484e-02 -1.979283e-01 2.741076e-02 1.014144e-01 3.689270e-03 3.385801e-02 5.463521e-03 1.625824e-01 8.671218e-03
2.111655e-02 8.738384e-01 1.092148e-01 7.966169e-02 7.239731e-03 -1.557691e-01 2.345381e-02 9.981648e-02 4.274808e-03 4.490828e-02 6.059210e-03 1.855253e-01 6.782680e-03
2.492926e-02 1.002561e+00 1.178611e-01 9.526478e-02 2.437292e-02 -1.728647e-01 2.025943e-02 1.146758e-01 5.655728e-03 3.236776e-02 7.267042e-03 1.968950e-01 1.027124e-02
1.437099e-02 1.100283e+00 3.031773e-02 1.462557e-01 1.356352e-02 -1.782313e-01 8.712040e-03 9.713290e-02 5.628197e-03 3.758728e-02 6.175507e-03 1.410606e-01 8.951841e-03
1.466427e-02 7.347836e-01 6.400468e-02 9.460253e-02 1.146531e-02 -1.107854e-01 2.247149e-02 8.229733e-02 2.038329e-03 3.942599e-02 4.273798e-03 1.234388e-01 4.610543e-03
1.554413e-02 9.837711e-01 5.971668e-02 1.388257e-01 6.306804e-03 -1.535360e-01 1.503555e-02 9.239954e-02 4.024564e-03 3.655426e-02 2.753992e-03 1.374304e-01 6.952514e-03
1.701056e-02 1.103662e+00 8.273549e-02 1.230346e-01 1.246891e-02 -2.058389e-01 1.532900e-02 8.836251e-02 3.062579e-03 2.685126e-02 5.356788e-03 1.556142e-01 5.815831e-03
1.906356e-02 9.883477e-01 6.753723e-02 9.980130e-02 1.686123e-02 -1.925117e-01 2.262217e-02 8.859896e-02 4.571008e-03 3.180856e-02 4.122069e-03 1.606517e-01 7.684222e-03
2.170312e-02 1.067159e+00 5.819948e-02 1.121136e-01 1.387856e-02 -1.729429e-01 1.885558e-02 1.040373e-01 3.215597e-03 3.203921e-02 3.684168e-03 1.661733e-01 9.220804e-03
2.492926e-02 1.047651e+00 5.575205e-02 1.243172e-01 1.116843e-02 -1.616423e-01 1.520474e-02 1.223217e-01 1.858968e-03 2.931175e-02 3.916558e-03 1.819816e-01 8.006866e-03
2.874198e-02 1.001116e+00 3.978524e-02 1.183021e-01 3.593803e-03 -1.305687e-01 1.347429e-02 1.380594e-01 5.852105e-03 2.759988e-02 6.938027e-03 2.295459e-01 7.087309e-03
2.932855e-04 4.522704e-01 1.377627e-01 6.734674e-02 2.336454e-02 -1.149428e-01 3.339338e-02 6.116046e-02 4.282182e-03 3.645237e-02 8.480036e-03 8.650572e-02 8.253856e-03
5.865709e-04 5.221357e-01 7.561855e-02 6.775817e-02 8.816705e-03 -1.435400e-01 2.706697e-02 6.299762e-02 2.613402e-03 3.768439e-02 5.063255e-03 1.000516e-01 1.308558e-02
1.466427e-03 3.943317e-01 1.100532e-01 5.117012e-02 1.146394e-02 -1.046225e-01 3.491810e-02 6.210230e-02 4.759278e-03 4.336825e-02 2.223889e-03 9.211452e-02 1.316461e-02
2.932855e-03 8.034604e-01 1.790258e-01 1.055964e-01 2.064128e-02 -2.055727e-01 4.876801e-02 6.475772e-02 3.989601e-03 2.361572e-02 5.259992e-03 1.135673e-01 1.380366e-02
4.985853e-03 1.092056e+00 1.900535e-01 1.295048e-01 2.126590e-02 -2.657743e-01 4.706293e-02 6.588114e-02 3.687886e-03 1.648931e-02 4.666369e-03 1.288299e-01 1.393147e-02
7.625422e-03 7.459362e-01 1.120066e-01 8.984346e-02 1.634179e-02 -1.622579e-01 1.821649e-02 7.194968e-02 3.449203e-03 3.640332e-02 1.838988e-03 1.171173e-01 4.374735e-03
1.085156e-02 9.589492e-01 1.204693e-01 1.126802e-01 8.796390e-03 -1.903439e-01 3.729874e-02 7.335100e-02 2.072401e-03 2.808054e-02 3.054023e-03 1.285162e-01 1.304276e-02
1.466427e-02 9.156368e-01 7.016011e-02 1.161468e-01 1.321346e-02 -1.687394e-01 1.091029e-02 8.368892e-02 1.181393e-03 2.772299e-02 2.181438e-03 1.415353e-01 3.748274e-03
5.865709e-04 1.434521e+00 3.552669e-01 1.715827e-01 5.661634e-02 -4.062026e-01 8.646304e-02 7.116697e-02 1.085625e-02 4.434852e-03 1.229939e-02 1.726828e-01 2.281015e-02
8.798564e-04 7.826341e-01 2.292782e-01 8.801956e-02 2.162875e-02 -2.241866e-01 7.357456e-02 7.217380e-02 3.203123e-03 3.895437e-02 6.068215e-03 1.338777e-01 2.550410e-02
1.759713e-03 5.567554e-01 1.108583e-01 7.884455e-02 7.380240e-03 -1.387895e-01 4.095933e-02 6.081929e-02 1.699143e-03 3.227763e-02 1.845347e-03 9.511796e-02 1.596471e-02
3.226140e-03 7.496544e-01 2.795338e-01 8.094015e-02 3.368183e-02 -2.024464e-01 6.942791e-02 6.093923e-02 3.613533e-03 3.133081e-02 1.122240e-02 1.207368e-01 1.448414e-02
5.279138e-03 7.160569e-01 9.593188e-02 8.643995e-02 2.241738e-02 -1.686417e-01 1.250120e-02 6.975126e-02 5.991735e-03 3.624833e-02 3.176112e-03 1.141684e-01 4.520187e-03
7.918707e-03 9.995642e-01 1.049474e-01 1.042835e-01 1.456396e-02 -2.427907e-01 3.047068e-02 6.624627e-02 2.877758e-03 2.279150e-02 4.501503e-03 1.330191e-01 1.040446e-02
1.114485e-02 8.752529e-01 1.038995e-01 1.010616e-01 1.434568e-02 -1.860335e-01 2.294129e-02 7.304171e-02 2.834119e-03 2.831468e-02 1.698341e-03 1.247580e-01 7.496849e-03
1.495756e-02 1.071273e+00 1.707594e-01 1.389757e-01 3.018063e-02 -1.850439e-01 2.309851e-02 9.060133e-02 4.445494e-03 3.310127e-02 7.043861e-03 1.475492e-01 8.847614e-03
1.466427e-03 8.722570e-01 1.863798e-01 1.220923e-01 2.723266e-02 -2.225351e-01 4.906501e-02 7.015647e-02 7.016593e-03 2.339054e-02 8.366604e-03 1.180274e-01 1.127945e-02
1.759713e-03 8.030152e-01 1.880164e-01 8.282400e-02 2.025908e-02 -2.300776e-01 5.709976e-02 6.835755e-02 2.967286e-03 3.726267e-02 6.460207e-03 1.344078e-01 1.630787e-02
2.639569e-03 5.927681e-01 9.537885e-02 7.440841e-02 1.311788e-02 -1.525576e-01 2.544249e-02 6.341322e-02 5.456760e-03 3.551549e-02 1.960182e-03 1.046026e-01 1.151371e-02
4.105996e-03 6.142900e-01 3.664884e-02 6.981897e-02 3.926774e-03 -1.640563e-01 1.611387e-02 6.549996e-02 2.803642e-03 3.804028e-02 3.255774e-03 1.157526e-01 8.810731e-03
6.158995e-03 8.679489e-01 3.991314e-02 1.075636e-01 1.252195e-02 -1.951705e-01 5.365976e-03 7.238579e-02 3.452712e-03 3.128675e-02 5.304317e-03 1.197424e-01 4.466053e-03
8.798564e-03 9.246849e-01 1.092991e-01 1.111556e-01 1.364817e-02 -1.998185e-01 3.017417e-02 7.732737e-02 2.692257e-03 3.320634e-02 3.244261e-03 1.307881e-01 1.094928e-02
1.202470e-02 9.900963e-01 7.464758e-02 1.140694e-01 1.138998e-02 -2.003047e-01 2.318879e-02 7.988466e-02 1.957264e-03 3.171781e-02 3.327445e-03 1.388530e-01 8.327851e-03
1.583741e-02 7.635805e-01 8.632983e-02 8.711754e-02 8.002316e-03 -1.342948e-01 1.461976e-02 9.362045e-02 6.859974e-03 4.772887e-02 4.057434e-03 1.461501e-01 8.231984e-03
2.932855e-03 1.015765e+00 2.211074e-01 1.032471e-01 2.409837e-02 -2.858666e-01 6.309211e-02 6.572211e-02 3.378405e-03 2.839694e-02 8.765621e-03 1.507133e-01 1.583339e-02
3.226140e-03 6.674028e-01 1.281619e-01 6.740195e-02 1.254295e-02 -1.916214e-01 3.595315e-02 5.810651e-02 4.740307e-03 3.241313e-02 1.476608e-03 1.193073e-01 1.378603e-02
4.105996e-03 6.962881e-01 9.982029e-02 8.741048e-02 8.228256e-03 -1.693714e-01 3.343602e-02 6.567967e-02 3.484482e-03 3.344216e-02 4.996639e-03 1.128224e-01 9.230085e-03
5.572424e-03 5.846686e-01 1.076605e-01 8.082376e-02 1.673837e-02 -1.216042e-01 2.332672e-02 7.215127e-02 4.922656e-03 4.134367e-02 3.836119e-03 1.031578e-01 6.859592e-03
7.625422e-03 7.604129e-01 9.916719e-02 9.352443e-02 1.757009e-02 -1.714282e-01 2.513993e-02 7.305851e-02 5.441113e-03 3.578257e-02 2.686788e-03 1.217982e-01 1.082669e-02
1.026499e-02 8.974901e-01 1.698548e-01 1.076337e-01 2.525134e-02 -1.810505e-01 3.989023e-02 7.415413e-02 5.590345e-03 3.403402e-02 5.303314e-03 1.309173e-01 1.251395e-02
1.349113e-02 1.201149e+00 1.193668e-01 1.463560e-01 1.412047e-02 -2.235426e-01 2.811531e-02 8.581645e-02 5.503700e-03 3.105782e-02 7.128805e-03 1.531300e-01 1.105233e-02
1.730384e-02 9.905245e-01 1.277409e-01 1.152039e-01 2.311020e-02 -1.770694e-01 2.340613e-02 8.730201e-02 2.815325e-03 3.507375e-02 2.555186e-03 1.560258e-01 7.869397e-03
4.985853e-03 8.435185e-01 1.398985e-01 9.447050e-02 2.023223e-02 -2.118962e-01 3.604691e-02 6.415403e-02 4.640345e-03 3.100273e-02 5.758817e-03 1.267070e-01 1.363531e-02
5.279138e-03 1.032995e+00 1.807309e-01 1.124627e-01 1.424027e-02 -2.617153e-01 5.224581e-02 6.916934e-02 2.840603e-03 2.590062e-02 4.721286e-03 1.382588e-01 1.629601e-02
6.158995e-03 9.788375e-01 1.566584e-01 1.185562e-01 2.708932e-02 -2.361321e-01 3.499132e-02 7.526926e-02 8.119424e-03 2.991865e-02 2.565003e-03 1.367490e-01 1.208415e-02
7.625422e-03 7.446755e-01 4.261204e-02 9.763589e-02 5.900773e-03 -1.610921e-01 1.877214e-02 7.497517e-02 2.168200e-03 3.775423e-02 3.827201e-03 1.200756e-01 8.851362e-03
9.678420e-03 1.121623e+00 1.400408e-01 1.321851e-01 2.125837e-02 -2.448393e-01 2.904094e-02 8.210909e-02 4.201040e-03 2.815871e-02 4.591090e-03 1.405948e-01 6.451636e-03
1.231799e-02 1.175689e+00 1.129536e-01 1.377774e-01 1.246175e-02 -2.271378e-01 2.375783e-02 8.245389e-02 3.730347e-03 2.754781e-02 4.698845e-03 1.437148e-01 7.524454e-03
1.554413e-02 9.525661e-01 1.050150e-01 1.165586e-01 1.792048e-02 -1.561142e-01 1.940331e-02 7.874106e-02 3.318594e-03 2.826305e-02 5.039307e-03 1.366162e-01 6.857005e-03
1.935684e-02 8.978023e-01 8.601224e-02 8.183723e-02 6.907167e-03 -1.648470e-01 2.905427e-02 9.964275e-02 4.915505e-03 4.604899e-02 2.055308e-03 1.691930e-01 8.327664e-03
7.625422e-03 8.700956e-01 1.994292e-01 1.095811e-01 2.009962e-02 -2.007579e-01 4.989521e-02 7.262096e-02 3.751763e-03 2.760097e-02 3.989927e-03 1.258372e-01 1.554971e-02
7.918707e-03 5.246833e-01 5.737227e-02 6.696712e-02 5.721071e-03 -1.143204e-01 1.785841e-02 7.135087e-02 1.979349e-03 4.303038e-02 4.870616e-03 1.095880e-01 5.205440e-03
8.798564e-03 6.616200e-01 1.114401e-01 8.222694e-02 2.104893e-02 -1.412830e-01 2.149320e-02 7.139902e-02 4.258273e-03 3.523311e-02 7.634063e-03 1.114784e-01 7.077551e-03
1.026499e-02 8.989403e-01 1.993744e-01 1.054715e-01 2.244221e-02 -2.031756e-01 5.231093e-02 7.135246e-02 4.788014e-03 3.003477e-02 4.699031e-03 1.370572e-01 1.510510e-02
1.231799e-02 7.885373e-01 8.012167e-02 8.760670e-02 1.150971e-02 -1.531339e-01 1.834977e-02 8.198047e-02 3.873513e-03 3.999444e-02 2.761597e-03 1.317576e-01 5.973540e-03
1.495756e-02 1.122971e+00 1.456203e-01 1.419452e-01 2.309811e-02 -2.097403e-01 2.356416e-02 9.045007e-02 4.677169e-03 2.661613e-02 2.476497e-03 1.463669e-01 7.932784e-03
1.818370e-02 1.048475e+00 6.600485e-02 1.585713e-01 1.831278e-02 -1.362008e-01 1.516660e-02 1.025124e-01 6.172896e-03 2.847117e-02 2.007651e-03 1.446467e-01 4.971786e-03
2.199641e-02 1.051117e+00 2.028768e-01 1.145103e-01 2.647328e-02 -1.685406e-01 3.177915e-02 1.101663e-01 7.389773e-03 3.675742e-02 3.355266e-03 1.831129e-01 1.486046e-02
1.085156e-02 1.017076e+00 1.937264e-01 1.397601e-01 3.017623e-02 -1.823354e-01 3.649158e-02 7.931889e-02 3.093974e-03 2.357256e-02 8.456061e-03 1.158221e-01 5.901883e-03
1.114485e-02 1.095335e+00 1.346670e-01 1.127055e-01 1.039324e-02 -2.401417e-01 3.911405e-02 7.508364e-02 1.158811e-03 2.716871e-02 4.798719e-03 1.434105e-01 1.008855e-02
1.202470e-02 1.071043e+00 8.635723e-02 1.253872e-01 6.920298e-03 -2.115688e-01 2.950103e-02 7.897836e-02 4.347835e-03 2.620111e-02 1.828845e-03 1.315016e-01 1.016583e-02
1.349113e-02 8.097568e-01 9.526470e-02 1.080530e-01 1.720384e-02 -1.369706e-01 2.354972e-02 8.553976e-02 5.100141e-03 4.001277e-02 4.914025e-03 1.316049e-01 7.479942e-03
1.554413e-02 1.078724e+00 1.327334e-01 1.405087e-01 1.355714e-02 -1.739258e-01 2.745534e-02 8.346363e-02 3.952896e-03 2.571246e-02 4.714055e-03 1.323392e-01 8.108183e-03
1.818370e-02 1.062558e+00 1.941428e-01 1.218125e-01 2.387601e-02 -1.917105e-01 2.373629e-02 9.287236e-02 4.606590e-03 2.621572e-02 4.912450e-03 1.506796e-01 5.165838e-03
2.140984e-02 1.032101e+00 9.537794e-02 9.867325e-02 1.181672e-02 -1.604653e-01 1.587516e-02 9.502207e-02 2.285479e-03 3.706195e-02 2.781856e-03 1.774894e-01 7.908067e-03
2.522255e-02 1.096149e+00 7.248845e-02 1.261498e-01 1.057332e-02 -1.669847e-01 2.253232e-02 1.213695e-01 5.350365e-03 3.770962e-02 7.592529e-03 2.012131e-01 1.526401e-02
1.466427e-02 9.877531e-01 1.252645e-01 9.696492e-02 1.727964e-02 -1.996479e-01 3.209441e-02 7.621431e-02 1.823218e-03 2.862628e-02 4.800468e-03 1.497893e-01 9.159639e-03
1.495756e-02 9.379836e-01 9.172808e-02 1.056444e-01 1.044255e-02 -1.513230e-01 1.357542e-02 8.477699e-02 3.691201e-03 4.109167e-02 3.714650e-03 1.388375e-01 5.079465e-03
1.583741e-02 9.832263e-01 5.198331e-02 1.123764e-01 1.066123e-02 -1.870645e-01 1.408115e-02 8.599524e-02 1.303075e-03 3.123670e-02 4.472181e-03 1.491933e-01 5.455961e-03
1.730384e-02 9.867019e-01 8.365233e-02 1.073055e-01 9.679430e-03 -1.844095e-01 3.096388e-02 9.001334e-02 3.518179e-03 3.250492e-02 5.248186e-03 1.530113e-01 1.142302e-02
1.935684e-02 1.010685e+00 1.099620e-01 1.254493e-01 7.046583e-03 -1.494988e-01 3.481454e-02 9.630620e-02 4.126325e-03 3.055406e-02 4.683249e-03 1.457039e-01 7.017622e-03
2.199641e-02 1.068159e+00 6.737573e-02 1.076240e-01 8.184240e-03 -2.038327e-01 2.547751e-02 9.888510e-02 3.406909e-03 2.701994e-02 3.236691e-03 1.908093e-01 1.268013e-02
2.522255e-02 1.267500e+00 8.612693e-02 1.472826e-01 1.103025e-02 -1.881693e-01 8.495973e-03 1.209308e-01 9.050624e-03 2.582451e-02 4.019983e-03 1.983738e-01 7.484425e-03
2.903526e-02 9.819655e-01 7.011719e-02 1.277633e-01 3.998345e-03 -1.344624e-01 2.745479e-02 1.392069e-01 4.809793e-03 2.189580e-02 5.883141e-03 2.272378e-01 1.849526e-02
1.173142e-03 4.850168e-01 9.123100e-02 5.565878e-02 1.151147e-02 -1.355264e-01 2.897116e-02 6.436957e-02 3.153286e-03 4.434483e-02 3.564207e-03 1.040163e-01 1.102742e-02
1.466427e-03 6.228969e-01 1.813808e-01 8.504008e-02 2.538241e-02 -1.582989e-01 4.696829e-02 6.649360e-02 3.490135e-03 3.485530e-02 6.326628e-03 1.040626e-01 1.253055e-02
2.346284e-03 5.654961e-01 1.535962e-01 5.780929e-02 1.243593e-02 -1.608413e-01 4.958692e-02 5.890103e-02 2.990831e-03 3.741398e-02 2.541211e-03 1.084898e-01 1.753937e-02
3.812711e-03 9.551809e-01 2.099745e-01 1.156440e-01 2.232242e-02 -2.420244e-01 6.364355e-02 6.435661e-02 3.668975e-03 2.191130e-02 7.714501e-03 1.282777e-01 2.038815e-02
5.865709e-03 8.453815e-01 1.814314e-01 1.007038e-01 2.365164e-02 -1.990680e-01 4.330585e-02 6.871066e-02 6.538478e-03 2.921484e-02 4.800559e-03 1.199882e-01 1.189507e-02
8.505278e-03 7.484090e-01 9.903849e-02 9.706374e-02 2.003357e-02 -1.609151e-01 1.914206e-02 7.554918e-02 5.774132e-03 3.662224e-02 4.614349e-03 1.210444e-01 5.783316e-03
1.173142e-02 9.179358e-01 1.560885e-01 1.158921e-01 2.228470e-02 -1.749072e-01 3.536762e-02 8.042531e-02 6.122867e-03 3.038008e-02 5.270739e-03 1.274280e-01 9.362487e-03
1.554413e-02 9.016537e-01 1.071013e-01 1.195127e-01 1.252374e-02 -1.470133e-01 3.285181e-02 9.037359e-02 4.125930e-03 4.055316e-02 2.215515e-03 1.450151e-01 9.696111e-03
1.466427e-03 5.253834e-01 9.188416e-02 4.671862e-02 9.336318e-03 -1.592531e-01 3.057506e-02 6.099963e-02 4.284629e-03 4.458350e-02 3.941458e-03 1.144551e-01 1.094015e-02
1.759713e-03 8.101273e-01 4.010535e-01 1.287113e-01 6.150772e-02 -1.860634e-01 9.469669e-02 7.451812e-02 1.003662e-02 2.483746e-02 1.486779e-02 1.039315e-01 2.331026e-02
2.639569e-03 7.703990e-01 1.609719e-01 9.346999e-02 2.304700e-02 -2.035082e-01 3.772958e-02 6.237031e-02 4.014314e-03 2.703957e-02 5.344889e-03 1.155847e-01 1.072728e-02
4.105996e-03 8.429265e-01 1.111276e-01 1.085499e-01 1.847880e-02 -2.011577e-01 2.774996e-02 7.223470e-02 2.953029e-03 3.174060e-02 4.522671e-03 1.202707e-01 7.226809e-03
6.158995e-03 8.960022e-01 3.007177e-02 1.100724e-01 4.331289e-03 -2.122400e-01 1.638721e-02 7.513788e-02 2.147488e-03 3.298947e-02 2.998140e-03 1.310257e-01 4.587636e-03
8.798564e-03 8.268111e-01 2.025015e-01 8.215903e-02 1.913601e-02 -1.934592e-01 4.980157e-02 6.842755e-02 3.806585e-03 3.270815e-02 3.555344e-03 1.254774e-01 1.431089e-02
1.202470e-02 7.999004e-01 6.894291e-02 1.117781e-01 1.639105e-02 -1.420962e-01 9.642110e-03 7.760265e-02 3.974860e-03 3.288994e-02 3.121182e-03 1.225513e-01 3.892352e-03
1.583741e-02 7.879508e-01 7.404694e-02 8.644488e-02 1.666855e-02 -1.446568e-01 1.262790e-02 8.400683e-02 2.870710e-03 3.955006e-02 6.268055e-03 1.393075e-01 4.982600e-03
2.346284e-03 7.689029e-01 1.576268e-01 9.330978e-02 1.344240e-02 -2.069039e-01 5.182096e-02 6.324582e-02 2.846582e-03 2.887114e-02 6.084728e-03 1.208296e-01 1.553498e-02
2.639569e-03 6.783700e-01 1.479749e-01 8.291821e-02 2.352811e-02 -1.784525e-01 3.652727e-02 6.586341e-02 4.370217e-03 3.379145e-02 5.932883e-03 1.123447e-01 8.806791e-03
3.519426e-03 6.686980e-01 1.312419e-01 8.783239e-02 1.048746e-02 -1.707388e-01 4.232054e-02 6.916913e-02 4.057531e-03 3.480164e-02 3.596287e-03 1.131941e-01 1.424326e-02
4.985853e-03 5.485067e-01 6.148685e-02 6.960559e-02 1.412862e-02 -1.300563e-01 2.143179e-02 6.367577e-02 3.537445e-03 3.457489e-02 2.961891e-03 9.801542e-02 7.562480e-03
7.038851e-03 7.730052e-01 9.812545e-02 9.496980e-02 1.598687e-02 -1.709784e-01 2.012212e-02 6.862371e-02 3.818446e-03 3.107581e-02 2.423128e-03 1.142423e-01 7.123988e-03
9.678420e-03 8.706859e-01 8.995840e-02 1.092594e-01 1.886103e-02 -1.828844e-01 2.808292e-02 6.815338e-02 4.652640e-03 2.433596e-02 3.074861e-03 1.204702e-01 9.120511e-03
1.290456e-02 1.131683e+00 1.332286e-01 1.395031e-01 1.325766e-02 -2.219829e-01 3.488470e-02 8.283849e-02 2.554074e-03 2.619944e-02 5.179974e-03 1.438665e-01 9.123475e-03
1.671727e-02 1.220888e+00 1.192007e-01 1.392338e-01 1.520294e-02 -1.991473e-01 1.808302e-02 9.056160e-02 3.679000e-03 2.682879e-02 4.466651e-03 1.409441e-01 3.289759e-03
3.812711e-03 7.574111e-01 1.119552e-01 1.044289e-01 1.277969e-02 -1.813090e-01 3.246723e-02 6.801079e-02 2.937276e-03 2.775025e-02 3.343573e-03 1.089376e-01 1.091333e-02
4.105996e-03 9.348644e-01 1.569591e-01 1.003762e-01 1.445513e-02 -2.441698e-01 4.716368e-02 6.451779e-02 1.986709e-03 2.596676e-02 5.993366e-03 1.307354e-01 1.382397e-02
4.985853e-03 8.950795e-01 9.982775e-02 1.127278e-01 1.420652e-02 -2.098624e-01 2.350239e-02 7.368317e-02 3.839557e-03 3.057470e-02 3.036135e-03 1.218218e-01 7.974287e-03
6.452280e-03 8.490156e-01 3.005411e-01 1.164803e-01 3.629489e-02 -1.943091e-01 7.559411e-02 7.611045e-02 5.837215e-03 2.899135e-02 1.206050e-02 1.206674e-01 1.603722e-02
8.505278e-03 8.647718e-01 9.955662e-02 1.248676e-01 1.650055e-02 -1.691707e-01 2.276835e-02 7.703547e-02 1.750852e-03 2.761835e-02 5.852916e-03 1.143800e-01 4.321095e-03
1.114485e-02 7.444019e-01 1.093660e-01 9.422937e-02 1.905588e-02 -1.395272e-01 1.629372e-02 7.899858e-02 5.208502e-03 4.118566e-02 3.326581e-03 1.251120e-01 6.259898e-03
1.437099e-02 8.015797e-01 6.425529e-02 8.623323e-02 1.141219e-02 -1.590976e-01 1.057310e-02 7.676226e-02 5.305101e-03 3.332087e-02 1.903799e-03 1.359656e-01 2.944996e-03
1.818370e-02 9.216162e-01 1.000085e-01 9.377102e-02 8.786352e-03 -1.861791e-01 1.548315e-02 9.717683e-02 7.310879e-03 3.959915e-02 5.104638e-03 1.696319e-01 6.437917e-03
5.865709e-03 9.414049e-01 1.489953e-01 1.145763e-01 1.746538e-02 -2.173639e-01 3.865077e-02 6.748872e-02 4.385274e-03 2.295918e-02 5.224325e-03 1.182567e-01 8.929551e-03
6.158995e-03 9.132849e-01 2.334027e-01 9.655460e-02 2.522954e-02 -2.240932e-01 5.656671e-02 6.328142e-02 3.701268e-03 2.674950e-02 6.757792e-03 1.266525e-01 1.330741e-02
7.038851e-03 6.710833e-01 1.025883e-01 8.752567e-02 2.113771e-02 -1.499290e-01 2.002952e-02 6.727774e-02 3.560438e-03 3.438967e-02 4.618868e-03 1.120020e-01 5.148746e-03
8.505278e-03 7.582153e-01 1.758495e-01 9.250947e-02 2.282040e-02 -1.565894e-01 3.204165e-02 7.237511e-02 2.748008e-03 3.472205e-02 7.109555e-03 1.161940e-01 3.978179e-03
1.055828e-02 9.202293e-01 1.311172e-01 1.088661e-01 2.179928e-02 -1.900534e-01 2.643948e-02 7.472129e-02 4.970435e-03 3.157044e-02 4.525959e-03 1.346139e-01 3.445231e-03
1.319785e-02 8.622564e-01 7.796876e-02 1.078742e-01 8.622823e-03 -1.482219e-01 1.824782e-02 7.792585e-02 4.249606e-03 3.038484e-02 3.339554e-03 1.255609e-01 4.810966e-03
1.642399e-02 9.716665e-01 6.989964e-02 1.249280e-01 1.523041e-02 -1.568703e-01 1.538686e-02 9.415688e-02 4.999499e-03 3.448340e-02 5.275367e-03 1.425232e-01 5.739458e-03
2.023670e-02 9.057489e-01 1.256559e-01 1.208276e-01 1.910290e-02 -1.470800e-01 2.623215e-02 1.005190e-01 1.354784e-03 3.110468e-02 4.953856e-03 1.676212e-01 3.833601e-03
8.505278e-03 1.067320e+00 2.752229e-01 1.107454e-01 2.905928e-02 -2.465644e-01 6.821450e-02 6.757682e-02 2.745506e-03 2.479206e-02 8.616659e-03 1.354026e-01 1.624820e-02
8.798564e-03 1.056717e+00 1.375337e-01 1.224563e-01 1.337152e-02 -2.245651e-01 3.710700e-02 7.164807e-02 2.218242e-03 2.373754e-02 4.465257e-03 1.272064e-01 1.455375e-02
9.678420e-03 8.348914e-01 1.252227e-01 8.887086e-02 1.486630e-02 -1.913737e-01 2.519124e-02 6.832040e-02 5.224717e-03 2.936429e-02 3.237880e-03 1.268845e-01 6.194330e-03
1.114485e-02 7.809857e-01 1.460645e-01 9.840619e-02 2.268061e-02 -1.565593e-01 3.042959e-02 7.173242e-02 3.854731e-03 2.653248e-02 6.783414e-03 1.168434e-01 4.618539e-03
1.319785e-02 8.367029e-01 1.003321e-01 1.027259e-01 7.623468e-03 -1.455224e-01 1.841932e-02 8.513267e-02 5.392226e-03 3.998252e-02 2.733006e-03 1.357455e-01 6.197549e-03
1.583741e-02 9.754262e-01 9.238103e-02 1.201590e-01 1.030943e-02 -1.684160e-01 2.716735e-02 8.219607e-02 4.768329e-03 2.630143e-02 4.724928e-03 1.343102e-01 8.461564e-03
1.906356e-02 1.005087e+00 1.372459e-01 1.070539e-01 7.738354e-03 -1.645696e-01 3.589401e-02 9.069668e-02 3.169736e-03 3.217309e-02 5.616369e-03 1.527008e-01 6.444397e-03
2.287627e-02 1.304388e+00 1.612767e-01 1.289653e-01 1.806158e-02 -2.238650e-01 2.361450e-02 1.112962e-01 4.984080e-03 3.092192e-02 2.913202e-03 1.904531e-01 1.157794e-02
1.173142e-02 6.702791e-01 8.589919e-02 7.691626e-02 9.828960e-03 -1.415840e-01 2.059454e-02 7.287305e-02 1.983233e-03 3.629947e-02 1.960984e-03 1.251903e-01 9.764184e-03
1.202470e-02 1.071203e+00 1.734691e-01 1.325211e-01 2.227022e-02 -1.970744e-01 3.633205e-02 8.444714e-02 7.214743e-03 2.953101e-02 5.330611e-03 1.342438e-01 6.653318e-03
1.290456e-02 8.924841e-01 1.258653e-01 9.683252e-02 1.123712e-02 -1.769849e-01 3.588056e-02 8.407673e-02 5.160909e-03 4.117293e-02 7.820555e-03 1.432196e-01 5.687438e-03
1.437099e-02 9.678499e-01 1.364272e-01 1.129898e-01 1.257496e-02 -1.840590e-01 2.979725e-02 8.246280e-02 4.155488e-03 3.432729e-02 4.021474e-03 1.472805e-01 5.916294e-03
1.642399e-02 9.862734e-01 2.039161e-01 1.063986e-01 2.487739e-02 -1.856574e-01 4.229208e-02 8.378724e-02 2.767332e-03 2.978959e-02 6.832560e-03 1.479597e-01 1.324125e-02
1.906356e-02 9.404199e-01 6.929011e-02 1.221866e-01 8.343611e-03 -1.545620e-01 1.142466e-02 1.021094e-01 3.141465e-03 3.477319e-02 4.216918e-03 1.533358e-01 6.927560e-03
2.228970e-02 9.670929e-01 3.279900e-02 1.159403e-01 1.278353e-02 -1.307501e-01 1.142882e-02 1.138601e-01 5.360914e-03 3.917762e-02 4.516061e-03 1.699861e-01 6.585865e-03
2.610241e-02 1.008462e+00 6.929389e-02 1.094897e-01 1.333390e-02 -1.427560e-01 1.551616e-02 1.247300e-01 2.407908e-03 2.927564e-02 6.447010e-03 1.755011e-01 5.319624e-03
1.554413e-02 9.251774e-01 3.227067e-02 1.045853e-01 5.994985e-03 -1.890371e-01 1.497576e-02 8.363618e-02 3.714505e-03 3.553344e-02 2.746673e-03 1.606878e-01 7.603593e-03
1.583741e-02 1.028001e+00 9.559455e-02 1.000931e-01 1.159585e-02 -2.017907e-01 1.278673e-02 8.116732e-02 3.644110e-03 3.221907e-02 2.693045e-03 1.475825e-01 3.817056e-03
1.671727e-02 9.588036e-01 1.893051e-01 9.872998e-02 2.456420e-02 -1.605202e-01 3.011567e-02 8.419018e-02 3.485941e-03 3.467297e-02 7.270212e-03 1.481699e-01 5.512123e-03
1.818370e-02 1.149554e+00 1.353413e-01 1.231702e-01 8.892514e-03 -1.924866e-01 2.342262e-02 9.186597e-02 2.681072e-03 3.181049e-02 4.870000e-03 1.579168e-01 9.382196e-03
2.023670e-02 1.023086e+00 1.211966e-01 1.318101e-01 1.711547e-02 -1.712715e-01 2.439272e-02 1.046583e-01 4.077779e-03 2.950640e-02 4.472379e-03 1.644800e-01 5.700882e-03
2.287627e-02 9.903436e-01 9.951148e-02 1.283155e-01 2.231773e-02 -1.388476e-01 1.102342e-02 1.130090e-01 1.081464e-02 3.998679e-02 5.945368e-03 1.826461e-01 7.209343e-03
2.610241e-02 9.904716e-01 9.853121e-02 1.118420e-01 4.345738e-03 -1.535550e-01 2.855015e-02 1.176755e-01 3.432309e-03 2.686280e-02 4.035748e-03 1.962979e-01 7.629350e-03
2.991512e-02 1.061012e+00 6.138580e-02 1.246363e-01 1.053806e-02 -1.384352e-01 1.331193e-02 1.472224e-01 7.520368e-03 2.437702e-02 3.556823e-03 2.187429e-01 4.662448e-03
2.639569e-03 8.209064e-01 2.148835e-01 1.016148e-01 2.530301e-02 -2.192598e-01 5.599258e-02 6.537759e-02 2.729403e-03 2.731776e-02 7.427912e-03 1.250890e-01 1.445197e-02
2.932855e-03 8.269511e-01 1.381907e-01 1.013223e-01 2.116675e-02 -2.123217e-01 3.529101e-02 6.547134e-02 3.931321e-03 2.767058e-02 4.804671e-03 1.201469e-01 1.276812e-02
3.812711e-03 6.216979e-01 4.522356e-02 7.173243e-02 1.444338e-02 -1.558195e-01 2.625373e-02 6.828791e-02 5.827861e-03 4.093780e-02 4.590365e-03 1.113702e-01 1.128244e-02
5.279138e-03 7.625787e-01 1.146613e-01 8.094819e-02 1.597527e-02 -1.900105e-01 2.621936e-02 6.708991e-02 6.527990e-03 3.721152e-02 2.352411e-03 1.237494e-01 1.012408e-02
7.332137e-03 7.686921e-01 4.665747e-02 9.986738e-02 1.011280e-02 -1.656613e-01 1.657849e-02 7.327787e-02 3.212359e-03 3.642365e-02 4.666762e-03 1.215029e-01 9.052174e-03
9.971706e-03 8.922140e-01 9.564798e-02 1.041299e-01 1.549441e-02 -1.812805e-01 2.513015e-02 7.906468e-02 4.015402e-03 3.753059e-02 5.015202e-03 1.312340e-01 6.814739e-03
1.319785e-02 8.737939e-01 1.127002e-01 1.089692e-01 1.047484e-02 -1.734612e-01 2.664679e-02 8.099956e-02 4.385693e-03 2.996072e-02 1.516326e-03 1.320462e-01 6.510964e-03
1.701056e-02 1.002482e+00 1.473774e-01 1.217731e-01 2.290398e-02 -1.763287e-01 2.369077e-02 8.790784e-02 3.313904e-03 3.336635e-02 4.478225e-03 1.518768e-01 6.742818e-03
2.932855e-03 1.012901e+00 1.860959e-01 1.149448e-01 2.103491e-02 -2.671693e-01 5.128288e-02 6.426912e-02 3.598109e-03 2.040536e-02 5.792203e-03 1.319570e-01 1.469614e-02
3.226140e-03 1.616070e+00 4.477730e-01 1.716659e-01 4.570379e-02 -4.404599e-01 1.251611e-01 7.331776e-02 5.954209e-03 8.733325e-03 1.177311e-02 1.877556e-01 3.684282e-02
4.105996e-03 7.580335e-01 2.494668e-01 8.552770e-02 3.758639e-02 -1.997576e-01 5.870567e-02 6.253439e-02 4.542456e-03 2.846872e-02 9.304478e-03 1.171823e-01 1.384998e-02
5.572424e-03 1.064586e+00 2.433493e-01 1.002753e-01 1.481214e-02 -2.770736e-01 7.508604e-02 6.858369e-02 3.308011e-03 3.015606e-02 2.530427e-03 1.463270e-01 2.455845e-02
7.625422e-03 8.735851e-01 1.288618e-01 1.135217e-01 1.827970e-02 -1.866722e-01 3.370410e-02 6.837276e-02 4.194784e-03 2.668175e-02 3.230210e-03 1.185639e-01 1.168859e-02
1.026499e-02 8.573366e-01 6.763652e-02 1.036050e-01 1.348444e-02 -1.774972e-01 2.596488e-02 7.713309e-02 3.792621e-03 3.649396e-02 4.171175e-03 1.341159e-01 7.162764e-03
1.349113e-02 1.020494e+00 1.621033e-01 1.266752e-01 2.088337e-02 -2.016251e-01 3.336871e-02 7.845759e-02 2.663407e-03 2.314647e-02 3.185711e-03 1.374214e-01 1.152489e-02
1.730384e-02 9.688863e-01 7.391539e-02 1.241044e-01 1.492324e-02 -1.718952e-01 1.159082e-02 9.806200e-02 3.273040e-03 4.099221e-02 3.135027e-03 1.613567e-01 5.918546e-03
3.812711e-03 9.825719e-01 1.284156e-01 9.773261e-02 1.211232e-02 -2.766321e-01 4.283050e-02 6.027690e-02 2.081569e-03 2.178214e-02 5.644855e-03 1.398855e-01 1.191135e-02
4.105996e-03 7.371154e-01 1.323074e-01 8.640299e-02 1.789576e-02 -1.916256e-01 3.379605e-02 6.246004e-02 3.099894e-03 2.949121e-02 4.273791e-03 1.164111e-01 9.602568e-03
4.985853e-03 8.201909e-01 1.825141e-01 1.135623e-01 2.154306e-02 -1.820485e-01 4.813734e-02 7.504126e-02 3.597634e-03 3.255014e-02 6.674151e-03 1.157874e-01 1.191365e-02
6.452280e-03 7.352535e-01 1.341898e-01 9.175243e-02 2.065265e-02 -1.630384e-01 2.507168e-02 6.805269e-02 4.213950e-03 3.353761e-02 4.363093e-03 1.122611e-01 5.536371e-03
8.505278e-03 8.247653e-01 1.068457e-01 1.088811e-01 1.706715e-02 -1.697708e-01 1.742833e-02 7.440879e-02 4.140654e-03 2.976954e-02 3.427798e-03 1.136844e-01 6.033576e-03
1.114485e-02 1.030390e+00 1.820156e-01 1.421241e-01 3.435073e-02 -1.971864e-01 2.549345e-02 8.789180e-02 5.350921e-03 3.289276e-02 6.691265e-03 1.404578e-01 5.563521e-03
1.437099e-02 8.874891e-01 1.309895e-01 1.093637e-01 2.383968e-02 -1.492374e-01 2.599705e-02 8.654000e-02 5.286552e-03 3.582826e-02 4.549865e-03 1.300206e-01 5.182765e-03
1.818370e-02 9.292524e-01 1.248796e-01 1.088526e-01 1.873079e-02 -1.531405e-01 2.136671e-02 9.551886e-02 6.443588e-03 3.849398e-02 7.859615e-03 1.531190e-01 8.070896e-03
5.279138e-03 8.478655e-01 1.170477e-01 1.196173e-01 1.793828e-02 -1.868358e-01 2.464266e-02 7.383830e-02 4.132110e-03 2.803908e-02 4.111842e-03 1.160919e-01 5.916537e-03
5.572424e-03 9.791204e-01 2.919071e-01 1.075665e-01 3.572780e-02 -2.492990e-01 7.267421e-02 7.048375e-02 5.989482e-03 2.846894e-02 8.863983e-03 1.384349e-01 1.971521e-02
6.452280e-03 9.933321e-01 1.057314e-01 1.334941e-01 1.409036e-02 -2.234666e-01 2.828014e-02 7.651084e-02 3.189739e-03 2.370790e-02 3.461773e-03 1.245586e-01 6.118898e-03
7.918707e-03 9.504290e-01 1.063642e-01 9.700162e-02 1.700584e-02 -2.253384e-01 1.937203e-02 7.131922e-02 2.480056e-03 3.320190e-02 2.787144e-03 1.365824e-01 5.784111e-03
9.971706e-03 8.302692e-01 1.342965e-01 1.083317e-01 2.083965e-02 -1.654337e-01 3.299606e-02 7.630262e-02 4.696425e-03 3.304369e-02 6.130823e-03 1.243037e-01 6.897839e-03
1.261127e-02 8.704130e-01 6.075545e-02 1.061760e-01 8.033996e-03 -1.681211e-01 1.823189e-02 7.984828e-02 2.560473e-03 3.181211e-02 5.045948e-03 1.324455e-01 1.865687e-03
1.583741e-02 1.089833e+00 1.128466e-01 1.300312e-01 2.003868e-02 -2.010644e-01 1.870860e-02 9.600121e-02 4.592422e-03 3.444311e-02 5.314770e-03 1.541705e-01 1.264538e-02
1.965013e-02 1.192138e+00 4.840472e-02 1.143295e-01 1.162479e-02 -2.139319e-01 1.886119e-02 9.157295e-02 5.156345e-03 2.499170e-02 4.050569e-03 1.602488e-01 4.432753e-03
7.332137e-03 1.034732e+00 6.696713e-02 1.188869e-01 7.338047e-03 -2.336996e-01 2.289636e-02 6.781401e-02 2.378554e-03 2.279228e-02 2.766156e-03 1.266972e-01 9.727649e-03
7.625422e-03 9.111493e-01 5.377409e-02 1.075084e-01 1.168219e-02 -1.989270e-01 1.215031e-02 7.414757e-02 4.849246e-03 3.404537e-02 2.248312e-03 1.276128e-01 4.316601e-03
8.505278e-03 7.615990e-01 1.010321e-01 8.011429e-02 9.850116e-03 -1.825014e-01 2.825630e-02 6.428407e-02 3.195621e-03 3.022925e-02 2.430349e-03 1.234886e-01 9.215856e-03
9.971706e-03 9.876228e-01 1.969328e-01 1.197585e-01 2.525044e-02 -2.057283e-01 4.379475e-02 7.800268e-02 3.363445e-03 2.897724e-02 7.324581e-03 1.312720e-01 7.644724e-03
1.202470e-02 1.045574e+00 1.457482e-01 1.353581e-01 2.167414e-02 -2.047249e-01 2.486704e-02 8.481263e-02 4.955892e-03 2.878605e-02 4.264516e-03 1.381572e-01 6.289786e-03
1.466427e-02 9.437579e-01 1.094510e-01 1.188307e-01 2.433578e-02 -1.653292e-01 1.067517e-02 8.192931e-02 4.669440e-03 2.861557e-02 4.447585e-03 1.313513e-01 5.359923e-03
1.789041e-02 1.098979e+00 1.355271e-01 1.376843e-01 2.348411e-02 -1.719538e-01 2.925694e-02 9.124690e-02 6.037545e-03 2.991139e-02 2.969083e-03 1.509696e-01 7.162559e-03
2.170312e-02 9.606977e-01 6.286951e-02 1.077114e-01 9.340647e-03 -1.703940e-01 2.015479e-02 1.067388e-01 3.829363e-03 3.281986e-02 3.099613e-03 1.761419e-01 6.144470e-03
9.971706e-03 7.624064e-01 4.111430e-02 1.016751e-01 3.910651e-03 -1.506926e-01 9.697643e-03 7.524425e-02 2.706289e-03 3.362873e-02 3.511352e-03 1.190162e-01 6.014782e-03
1.026499e-02 7.907150e-01 1.260517e-01 9.365412e-02 1.250345e-02 -1.564606e-01 2.993060e-02 7.204429e-02 3.265002e-03 3.194289e-02 3.315367e-03 1.128986e-01 8.041768e-03
1.114485e-02 6.423794e-01 6.789384e-02 9.005498e-02 1.483366e-02 -1.139796e-01 7.530535e-03 8.094079e-02 1.666481e-03 4.077729e-02 4.291480e-03 1.163421e-01 4.583344e-03
1.261127e-02 9.655873e-01 1.044051e-01 1.149570e-01 6.287373e-03 -2.030463e-01 2.927156e-02 7.904204e-02 3.198266e-03 3.142770e-02 5.944821e-03 1.437850e-01 1.104368e-02
1.466427e-02 8.361792e-01 1.036004e-01 9.600627e-02 1.462778e-02 -1.533352e-01 2.784465e-02 8.126528e-02 4.276235e-03 3.410566e-02 2.840488e-03 1.300840e-01 1.024935e-02
1.730384e-02 9.119149e-01 1.353434e-01 1.155604e-01 1.787451e-02 -1.692998e-01 2.744030e-02 8.897109e-02 2.793812e-03 2.872484e-02 4.289081e-03 1.530798e-01 7.058531e-03
2.052998e-02 8.476631e-01 2.150515e-02 9.651355e-02 7.378827e-03 -1.265315e-01 1.653040e-02 1.021549e-01 5.827088e-03 4.259981e-02 5.652843e-03 1.693376e-01 1.642904e-02
2.434269e-02 1.097803e+00 1.170573e-01 1.195302e-01 2.271361e-02 -2.136047e-01 2.395674e-02 1.150552e-01 8.535871e-03 3.193236e-02 8.124445e-03 2.142224e-01 1.263281e-02
1.319785e-02 9.409322e-01 1.814495e-01 1.055164e-01 2.631779e-02 -1.843146e-01 4.086155e-02 7.895597e-02 1.967743e-03 3.729983e-02 9.493443e-03 1.451369e-01 5.904425e-03
1.349113e-02 9.645770e-01 1.815962e-01 1.220717e-01 1.996974e-02 -1.831607e-01 5.099930e-02 8.436039e-02 2.836197e-03 3.170698e-02 1.009609e-02 1.398472e-01 1.020868e-02
1.437099e-02 1.038985e+00 2.057556e-01 1.158595e-01 1.663338e-02 -1.951417e-01 5.221577e-02 9.045909e-02 2.054726e-03 4.118825e-02 4.921979e-03 1.532043e-01 1.372919e-02
1.583741e-02 9.197698e-01 1.649094e-01 1.155062e-01 2.571010e-02 -1.633743e-01 3.247844e-02 8.467315e-02 4.078993e-03 3.137589e-02 5.892455e-03 1.511958e-01 8.848955e-03
1.789041e-02 9.876553e-01 8.198926e-02 1.247009e-01 2.219691e-02 -1.687986e-01 7.846840e-03 9.662483e-02 5.916457e-03 3.329430e-02 6.387144e-03 1.552650e-01 6.093389e-03
2.052998e-02 1.020731e+00 1.937099e-01 1.066989e-01 2.720963e-02 -1.665065e-01 3.085529e-02 9.788041e-02 1.979597e-03 4.010918e-02 6.092440e-03 1.631225e-01 3.534226e-03
2.375612e-02 1.040537e+00 6.275719e-02 1.112483e-01 1.529431e-02 -1.652272e-01 1.135082e-02 1.139177e-01 3.357702e-03 3.470460e-02 6.662601e-03 1.853279e-01 6.068791e-03
2.756883e-02 1.152460e+00 6.412763e-02 1.293982e-01 1.375911e-02 -1.525931e-01 1.332921e-02 1.331941e-01 3.124586e-03 3.815054e-02 4.984052e-03 2.282717e-01 8.872917e-03
1.701056e-02 1.107593e+00 1.697027e-01 1.383933e-01 2.717358e-02 -2.066510e-01 3.111003e-02 9.087167e-02 5.225245e-03 2.371118e-02 5.437775e-03 1.518091e-01 4.112025e-03
1.730384e-02 1.182032e+00 1.709284e-01 1.449888e-01 1.667938e-02 -1.870511e-01 3.117946e-02 9.343617e-02 3.710288e-03 3.037032e-02 1.757281e-03 1.576263e-01 4.865907e-03
1.818370e-02 9.027162e-01 1.125096e-01 9.209339e-02 1.334134e-02 -1.631731e-01 2.408732e-02 9.248830e-02 2.961873e-03 3.915599e-02 3.308739e-03 1.627020e-01 5.599945e-03
1.965013e-02 1.089634e+00 1.274327e-01 1.309674e-01 1.718291e-02 -1.581036e-01 2.490593e-02 9.834372e-02 4.667051e-03 3.205802e-02 3.911236e-03 1.549258e-01 9.546340e-03
2.170312e-02 9.488063e-01 8.453969e-02 1.066256e-01 1.047043e-02 -1.418203e-01 2.174879e-02 1.054154e-01 2.274555e-03 3.966505e-02 2.126574e-03 1.771750e-01 8.976327e-03
2.434269e-02 1.029420e+00 5.713226e-02 1.135484e-01 5.830275e-03 -1.932398e-01 1.290284e-02 1.071425e-01 3.860757e-03 2.339442e-02 1.599498e-03 1.901942e-01 7.613417e-03
2.756883e-02 1.114002e+00 4.949351e-02 1.317453e-01 1.555285e-02 -1.399418e-01 1.563392e-02 1.279113e-01 2.328211e-03 2.907958e-02 6.605775e-03 2.077631e-01 7.722953e-03
3.138154e-02 1.101163e+00 7.470427e-02 1.167803e-01 1.810133e-02 -1.604646e-01 1.495852e-02 1.620146e-01 3.231662e-03 3.162512e-02 3.561703e-03 2.412062e-01 1.452846e-02
4.692567e-03 1.045507e+00 1.551143e-01 1.179135e-01 1.492264e-02 -2.725624e-01 4.769783e-02 6.551306e-02 1.528926e-03 1.996174e-02 5.521358e-03 1.372333e-01 1.512299e-02
4.985853e-03 7.491673e-01 8.410276e-02 8.176247e-02 9.199058e-03 -1.900187e-01 2.610412e-02 6.627828e-02 4.522301e-03 3.436051e-02 3.396046e-03 1.207107e-01 9.029547e-03
5.865709e-03 8.920697e-01 1.556085e-01 1.169045e-01 2.298677e-02 -2.006570e-01 3.403430e-02 7.512591e-02 4.492626e-03 3.160960e-02 5.258814e-03 1.238498e-01 8.168187e-03
7.332137e-03 7.775568e-01 1.245152e-01 9.923043e-02 1.473917e-02 -1.714703e-01 2.916045e-02 7.191002e-02 4.128409e-03 3.441664e-02 6.148239e-03 1.194322e-01 9.791430e-03
9.385135e-03 7.827070e-01 1.291634e-01 9.179808e-02 1.290585e-02 -1.641160e-01 3.193855e-02 6.970268e-02 3.816648e-03 3.362900e-02 5.432326e-03 1.223041e-01 7.830322e-03
1.202470e-02 8.126267e-01 9.944096e-02 9.565849e-02 8.686019e-03 -1.671722e-01 3.192929e-02 7.931866e-02 3.515768e-03 3.569568e-02 1.615815e-03 1.326494e-01 9.432668e-03
1.525084e-02 1.043275e+00 1.372760e-01 1.119080e-01 1.688157e-02 -1.985857e-01 3.435306e-02 8.825387e-02 4.600519e-03 3.612448e-02 5.080672e-03 1.510157e-01 8.623880e-03
1.906356e-02 1.072250e+00 9.141857e-02 1.210998e-01 2.196467e-02 -1.785004e-01 2.535998e-02 9.665853e-02 8.340415e-03 3.624682e-02 1.512160e-03 1.675209e-01 1.160505e-02
4.985853e-03 8.390141e-01 1.689071e-01 9.466543e-02 9.097615e-03 -2.101989e-01 6.042155e-02 6.553057e-02 1.700143e-03 2.969044e-02 4.012416e-03 1.245505e-01 2.042582e-02
5.279138e-03 6.901774e-01 8.401675e-02 7.679769e-02 1.012181e-02 -1.741223e-01 2.302110e-02 6.816375e-02 1.401485e-03 3.840022e-02 4.252314e-03 1.186629e-01 5.749607e-03
6.158995e-03 7.262285e-01 5.469180e-02 8.920824e-02 4.741520e-03 -1.645947e-01 2.247263e-02 6.601938e-02 5.409275e-03 3.032361e-02 5.953562e-03 1.069877e-01 1.389701e-02
7.625422e-03 8.864039e-01 1.770763e-01 1.003160e-01 1.532314e-02 -1.980900e-01 4.361285e-02 7.252711e-02 3.199388e-03 3.404631e-02 2.558408e-03 1.271319e-01 1.338660e-02
9.678420e-03 7.806995e-01 1.067364e-01 8.835532e-02 1.156540e-02 -1.669704e-01 2.495196e-02 7.459418e-02 3.213062e-03 3.938902e-02 2.007261e-03 1.307551e-01 4.337514e-03
1.231799e-02 1.084503e+00 1.204591e-01 1.362423e-01 1.246730e-02 -2.149352e-01 3.222767e-02 8.268291e-02 3.150785e-03 2.725966e-02 1.783081e-03 1.440848e-01 1.277878e-02
1.554413e-02 1.044363e+00 1.187374e-01 1.320901e-01 2.158588e-02 -1.832769e-01 1.777678e-02 9.133663e-02 6.427453e-03 3.248772e-02 3.001596e-03 1.472462e-01 3.707449e-03
1.935684e-02 9.586829e-01 5.960472e-02 1.140918e-01 1.603555e-02 -1.597170e-01 1.956646e-02 9.390241e-02 5.814249e-03 3.839270e-02 2.945332e-03 1.702835e-01 8.669732e-03
5.865709e-03 6.161227e-01 7.873564e-02 8.234967e-02 1.246539e-02 -1.334530e-01 1.880674e-02 6.816013e-02 3.274906e-03 3.466804e-02 3.472021e-03 9.796890e-02 3.858482e-03
6.158995e-03 7.294378e-01 9.171950e-02 9.461218e-02 1.620656e-02 -1.694617e-01 2.154285e-02 7.292728e-02 1.775258e-03 3.541721e-02 5.435851e-03 1.161691e-01 7.847473e-03
7.038851e-03 1.004443e+00 1.348011e-01 1.236324e-01 2.074472e-02 -2.308847e-01 4.271515e-02 8.082965e-02 5.324986e-03 3.244719e-02 3.789051e-03 1.374797e-01 1.312873e-02
8.505278e-03 8.000163e-01 6.082156e-02 1.043102e-01 2.051635e-02 -1.629770e-01 1.238932e-02 7.261712e-02 6.289123e-03 3.185225e-02 2.772048e-03 1.164585e-01 3.439836e-03
1.055828e-02 8.874340e-01 1.400313e-01 1.064373e-01 1.921550e-02 -2.032607e-01 2.781618e-02 7.932776e-02 4.283666e-03 2.888788e-02 4.702214e-03 1.359526e-01 8.431019e-03
1.319785e-02 1.073601e+00 1.567168e-01 1.272225e-01 2.650105e-02 -2.206199e-01 2.813049e-02 8.299324e-02 6.179773e-03 2.566749e-02 6.165112e-03 1.421016e-01 5.535725e-03
1.642399e-02 1.012872e+00 3.089740e-02 1.237988e-01 8.061054e-03 -1.587029e-01 1.988871e-02 8.934562e-02 4.210066e-03 3.574536e-02 3.872042e-03 1.454294e-01 1.079427e-02
2.023670e-02 1.017612e+00 1.067326e-01 1.222542e-01 1.794853e-02 -1.563350e-01 2.492012e-02 1.052063e-01 3.639804e-03 3.087283e-02 5.019127e-03 1.550691e-01 7.659301e-03
7.332137e-03 1.136377e+00 1.584507e-01 1.443727e-01 2.334812e-02 -2.430749e-01 3.382955e-02 7.241898e-02 3.822513e-03 1.876026e-02 5.154533e-03 1.275108e-01 1.037123e-02
7.625422e-03 6.959106e-01 8.359080e-02 8.158542e-02 1.232808e-02 -1.552068e-01 1.996392e-02 6.465420e-02 4.045720e-03 3.374680e-02 2.780909e-03 1.110436e-01 4.890043e-03
8.505278e-03 8.481151e-01 9.075600e-02 9.991412e-02 1.105689e-02 -1.953447e-01 1.916602e-02 7.506951e-02 1.487146e-03 3.297151e-02 4.677296e-03 1.286860e-01 4.997597e-03
9.971706e-03 7.824063e-01 1.110795e-01 9.928376e-02 1.334106e-02 -1.613909e-01 2.577629e-02 7.273153e-02 2.131184e-03 3.052868e-02 4.430217e-03 1.180413e-01 1.082324e-02
1.202470e-02 9.317571e-01 1.210292e-01 1.109731e-01 2.057972e-02 -1.819153e-01 3.014957e-02 8.356748e-02 6.856439e-03 3.351691e-02 2.916981e-03 1.329510e-01 1.198130e-02
1.466427e-02 9.414540e-01 1.673153e-01 1.005603e-01 1.869495e-02 -1.856241e-01 4.534271e-02 8.418839e-02 2.176936e-03 3.346491e-02 2.520117e-03 1.437209e-01 1.389843e-02
1.789041e-02 9.635610e-01 1.168342e-01 9.926995e-02 1.913686e-02 -1.886675e-01 2.759739e-02 9.024167e-02 4.907338e-03 3.513950e-02 3.441514e-03 1.627276e-01 1.244725e-02
2.170312e-02 1.038199e+00 1.069444e-01 1.218897e-01 1.673632e-02 -1.676605e-01 2.966025e-02 1.040204e-01 6.762276e-03 2.921164e-02 3.619855e-03 1.812219e-01 1.183642e-02
9.385135e-03 8.544425e-01 9.388837e-02 1.179875e-01 1.931440e-02 -1.652707e-01 1.302779e-02 7.429875e-02 4.534872e-03 2.872995e-02 3.307186e-03 1.138711e-01 6.302760e-03
9.678420e-03 7.105140e-01 5.901456e-02 8.851265e-02 6.674132e-03 -1.490742e-01 1.356782e-02 7.162876e-02 2.772898e-03 3.038015e-02 3.066994e-03 1.143867e-01 4.454170e-03
1.055828e-02 7.577659e-01 6.074008e-02 8.816828e-02 4.197060e-03 -1.472257e-01 1.918806e-02 7.027215e-02 2.213822e-03 3.468752e-02 2.009052e-03 1.217469e-01 5.973955e-03
1.202470e-02 1.003229e+00 1.632589e-01 1.277648e-01 2.001013e-02 -1.830497e-01 3.568970e-02 7.957493e-02 5.005397e-03 3.088961e-02 3.405308e-03 1.371572e-01 1.313817e-02
1.407770e-02 9.418190e-01 8.892537e-02 1.112747e-01 2.580958e-02 -1.719063e-01 1.499276e-02 8.493198e-02 5.249244e-03 3.355719e-02 7.983563e-03 1.353029e-01 1.423859e-02
1.671727e-02 8.943097e-01 9.565504e-02 1.089123e-01 2.155957e-02 -1.684655e-01 3.273738e-02 9.280642e-02 5.101121e-03 3.707748e-02 4.875401e-03 1.598688e-01 1.521554e-02
1.994341e-02 8.503563e-01 9.887302e-02 9.090878e-02 1.773712e-02 -1.509447e-01 1.596181e-02 9.566610e-02 5.365111e-03 3.192661e-02 2.525817e-03 1.639169e-01 3.805786e-03
2.375612e-02 1.048824e+00 8.128259e-02 1.146945e-01 1.083746e-02 -1.576586e-01 1.786217e-02 1.090796e-01 6.324805e-03 3.094347e-02 3.648479e-03 1.841470e-01 1.003723e-02
1.202470e-02 1.027712e+00 2.171732e-01 1.256926e-01 1.733356e-02 -1.993969e-01 5.721219e-02 8.128884e-02 6.773261e-03 3.268748e-02 7.614750e-03 1.462437e-01 1.142756e-02
1.231799e-02 1.013079e+00 8.045211e-02 1.246654e-01 1.270549e-02 -1.888748e-01 1.867333e-02 8.081199e-02 4.088480e-03 2.993143e-02 3.272411e-03 1.349681e-01 1.036740e-02
1.319785e-02 7.335246e-01 7.858621e-02 7.186988e-02 7.152448e-03 -1.666732e-01 2.315508e-02 7.140782e-02 4.436451e-03 3.232644e-02 4.619323e-03 1.353575e-01 8.572601e-03
1.466427e-02 8.929766e-01 3.634356e-02 1.091209e-01 1.017463e-02 -1.665584e-01 1.313851e-02 9.046513e-02 3.438635e-03 3.882702e-02 4.932451e-03 1.430729e-01 5.049481e-03
1.671727e-02 9.186584e-01 6.187550e-02 9.988696e-02 1.863116e-02 -1.756760e-01 1.205194e-02 8.542522e-02 2.373338e-03 3.502993e-02 5.892188e-03 1.586147e-01 7.441281e-03
1.935684e-02 9.528561e-01 1.331165e-01 1.128889e-01 2.402602e-02 -1.543364e-01 2.056354e-02 9.268578e-02 6.949642e-03 2.797634e-02 4.181972e-03 1.561418e-01 9.527216e-03
2.258298e-02 1.070969e+00 1.430115e-01 1.196254e-01 2.066580e-02 -1.822579e-01 2.266126e-02 1.113709e-01 8.281568e-03 3.367230e-02 3.434643e-03 1.907282e-01 6.872050e-03
2.639569e-02 8.855354e-01 6.551183e-02 1.056232e-01 1.143155e-02 -1.079707e-01 2.178019e-02 1.220958e-01 6.902495e-03 3.638776e-02 4.735450e-03 1.929298e-01 4.801577e-03
1.525084e-02 8.789081e-01 1.457039e-01 9.618972e-02 2.210027e-02 -1.678373e-01 2.869018e-02 8.199130e-02 5.141724e-03 3.220387e-02 4.998414e-03 1.468445e-01 6.309878e-03
1.554413e-02 8.168272e-01 8.382334e-02 8.933633e-02 1.757566e-02 -1.453879e-01 1.213412e-02 8.339683e-02 1.675567e-03 3.651932e-02 4.668605e-03 1.378188e-01 6.226500e-03
1.642399e-02 8.283125e-01 1.222285e-01 9.467725e-02 9.586257e-03 -1.532999e-01 3.863517e-02 8.753974e-02 5.374079e-03 3.555752e-02 6.930228e-03 1.411158e-01 9.687351e-03
1.789041e-02 9.929906e-01 5.508906e-02 1.159280e-01 3.900079e-03 -1.917752e-01 1.201052e-02 9.248937e-02 5.503850e-03 2.853377e-02 2.961575e-03 1.589375e-01 6.924491e-03
1.994341e-02 1.203493e+00 1.760336e-01 1.511473e-01 3.002274e-02 -1.927157e-01 2.990701e-02 1.067763e-01 6.127119e-03 2.797439e-02 3.561813e-03 1.684923e-01 1.101432e-02
2.258298e-02 1.033802e+00 7.835522e-02 1.098691e-01 1.273772e-02 -1.900142e-01 1.094468e-02 1.067548e-01 7.025282e-03 3.226059e-02 7.056944e-03 1.938136e-01 9.461043e-03
2.580912e-02 1.072185e+00 1.066719e-01 1.277339e-01 1.832600e-02 -1.606382e-01 1.554420e-02 1.203349e-01 4.427555e-03 2.722378e-02 2.836368e-03 1.872243e-01 6.629431e-03
2.962183e-02 9.480925e-01 1.181413e-01 8.999445e-02 1.098720e-02 -1.340023e-01 2.838297e-02 1.389593e-01 6.281972e-03 3.959271e-02 3.537968e-03 2.346052e-01 1.214863e-02
1.906356e-02 9.856049e-01 1.825622e-01 1.097096e-01 2.471804e-02 -1.579711e-01 3.596493e-02 9.570011e-02 5.395343e-03 4.115171e-02 3.509629e-03 1.641619e-01 9.790847e-03
1.935684e-02 9.425840e-01 1.006906e-01 1.106565e-01 8.381904e-03 -1.434598e-01 2.835074e-02 9.436120e-02 3.314376e-03 3.527366e-02 1.649496e-03 1.562232e-01 7.098534e-03
2.023670e-02 8.679726e-01 1.022693e-01 9.666404e-02 1.292494e-02 -1.435597e-01 1.505989e-02 9.647725e-02 3.767158e-03 3.965509e-02 3.609395e-03 1.594644e-01 5.950852e-03
2.170312e-02 1.043094e+00 1.173849e-01 1.157961e-01 1.416969e-02 -1.727347e-01 2.868044e-02 1.049528e-01 4.311678e-03 3.332258e-02 4.387273e-03 1.799409e-01 1.228944e-02
2.375612e-02 1.032921e+00 5.863913e-02 1.185145e-01 1.471654e-02 -1.946076e-01 1.407264e-02 1.120114e-01 3.589005e-03 2.988349e-02 4.930295e-03 2.068138e-01 8.967459e-03
2.639569e-02 1.184352e+00 3.125520e-02 1.053106e-01 9.050377e-03 -1.912226e-01 1.556831e-02 1.212453e-01 7.766736e-03 2.817922e-02 6.957640e-03 2.187999e-01 5.754039e-03
2.962183e-02 1.082097e+00 9.744004e-02 1.302367e-01 1.725247e-02 -1.369701e-01 1.551109e-02 1.453135e-01 5.279850e-03 2.967897e-02 4.891088e-03 2.361266e-01 1.791861e-02
3.343454e-02 1.019362e+00 4.900991e-02 1.132364e-01 1.914158e-02 -1.592850e-01 8.995838e-03 1.734418e-01 9.390910e-03 1.891209e-02 3.316755e-03 2.814336e-01 6.129846e-03
7.332137e-03 9.311555e-01 2.256712e-01 8.796939e-02 2.275599e-02 -2.407406e-01 6.162745e-02 6.618537e-02 3.232735e-03 2.926937e-02 6.362569e-03 1.409118e-01 1.651252e-02
7.625422e-03 8.966626e-01 1.854651e-01 1.076891e-01 2.440424e-02 -2.029611e-01 4.643565e-02 7.405082e-02 4.586717e-03 3.266438e-02 6.971640e-03 1.281233e-01 1.135671e-02
8.505278e-03 8.036904e-01 1.573523e-01 8.596240e-02 1.776807e-02 -1.723581e-01 3.847262e-02 6.791577e-02 3.245558e-03 3.385508e-02 3.710967e-03 1.169466e-01 1.470161e-02
9.971706e-03 1.076145e+00 2.009481e-01 1.530899e-01 1.743408e-02 -2.061010e-01 4.989324e-02 8.217935e-02 4.342989e-03 2.412589e-02 7.167839e-03 1.291995e-01 1.022132e-02
1.202470e-02 9.084027e-01 1.461682e-01 1.033583e-01 1.265584e-02 -1.859235e-01 3.538288e-02 7.756673e-02 2.031207e-03 3.320891e-02 4.541805e-03 1.399022e-01 9.225883e-03
1.466427e-02 1.039942e+00 8.234019e-02 1.158062e-01 1.247511e-02 -1.854177e-01 2.136548e-02 8.600473e-02 2.550624e-03 3.055637e-02 3.297571e-03 1.367594e-01 5.721587e-03
1.789041e-02 8.868190e-01 8.879965e-02 8.764396e-02 1.104528e-02 -1.573603e-01 2.239786e-02 8.619464e-02 3.543423e-03 3.533439e-02 3.925540e-03 1.445261e-01 2.986049e-03
2.170312e-02 9.241151e-01 1.188225e-01 9.337079e-02 1.598480e-02 -1.697673e-01 2.851462e-02 1.028902e-01 6.798302e-03 3.866144e-02 6.276045e-03 1.902327e-01 9.962124e-03
7.625422e-03 7.092359e-01 5.118141e-02 8.193127e-02 8.874332e-03 -1.673235e-01 1.318168e-02 6.813558e-02 4.245367e-03 3.287038e-02 2.731920e-03 1.179201e-01 1.314064e-03
7.918707e-03 6.723781e-01 3.180661e-02 8.789028e-02 1.313596e-02 -1.495773e-01 9.637814e-03 6.935120e-02 4.378454e-03 3.470980e-02 4.129285e-03 1.169326e-01 6.502724e-03
8.798564e-03 8.851524e-01 1.096933e-01 1.064339e-01 1.251825e-02 -1.887471e-01 2.598345e-02 7.144498e-02 2.219461e-03 2.876320e-02 4.737622e-03 1.235472e-01 6.295752e-03
1.026499e-02 1.024577e+00 7.533750e-02 1.242857e-01 1.833618e-02 -2.127868e-01 2.262994e-02 7.610719e-02 4.199236e-03 2.728935e-02 1.585227e-03 1.347774e-01 9.266079e-03
1.231799e-02 1.064774e+00 8.884242e-02 1.248399e-01 8.204649e-03 -2.271681e-01 3.285240e-02 8.296699e-02 4.459527e-03 3.061531e-02 5.738342e-03 1.482507e-01 1.169304e-02
1.495756e-02 9.407504e-01 7.226332e-02 1.068343e-01 1.238901e-02 -1.830783e-01 2.172850e-02 8.367473e-02 3.051647e-03 3.622361e-02 3.344232e-03 1.545489e-01 6.018298e-03
1.818370e-02 9.634997e-01 5.302412e-02 9.820134e-02 4.772419e-03 -1.757051e-01 1.989803e-02 9.531679e-02 4.173851e-03 3.372645e-02 4.121969e-03 1.535679e-01 7.673281e-03
2.199641e-02 9.903256e-01 6.831751e-02 1.064500e-01 1.208909e-02 -1.724001e-01 1.642100e-02 1.017144e-01 6.806809e-03 3.071512e-02 7.428866e-03 1.716473e-01 1.048218e-02
8.505278e-03 8.022688e-01 1.379407e-01 9.880290e-02 1.882949e-02 -1.736079e-01 3.159476e-02 7.130167e-02 4.792980e-03 3.227037e-02 6.552889e-03 1.208565e-01 4.267700e-03
8.798564e-03 8.045750e-01 6.197516e-02 1.037261e-01 1.267811e-02 -1.767743e-01 1.379331e-02 7.286781e-02 3.927353e-03 2.986176e-02 2.067069e-03 1.217266e-01 3.189392e-03
9.678420e-03 9.106905e-01 5.364850e-02 9.643217e-02 1.244772e-02 -2.106504e-01 1.429002e-02 7.149325e-02 3.766070e-03 3.083559e-02 4.200781e-03 1.345807e-01 8.280578e-03
1.114485e-02 8.102602e-01 8.980540e-02 9.217951e-02 1.961137e-02 -1.699872e-01 1.841511e-02 7.295994e-02 5.193859e-03 3.136211e-02 5.104373e-03 1.263878e-01 1.090426e-02
1.319785e-02 9.688749e-01 6.918378e-02 1.303807e-01 1.261305e-02 -1.520457e-01 1.475411e-02 7.941828e-02 5.252240e-03 2.692017e-02 4.149821e-03 1.224530e-01 6.142636e-03
1.583741e-02 1.147254e+00 1.057649e-01 1.246712e-01 1.748194e-02 -2.260851e-01 2.132624e-02 8.618015e-02 3.799133e-03 2.868781e-02 8.413621e-04 1.614197e-01 7.907567e-03
1.906356e-02 8.669413e-01 8.978095e-02 1.005676e-01 5.687265e-03 -1.681176e-01 2.170680e-02 9.158722e-02 1.946170e-03 3.289225e-02 4.658675e-03 1.640911e-01 6.190603e-03
2.287627e-02 1.000576e+00 1.350254e-01 1.168938e-01 2.130385e-02 -1.431409e-01 1.178437e-02 1.054844e-01 2.241381e-03 3.108464e-02 5.354360e-03 1.702001e-01 2.186197e-03
9.971706e-03 7.831627e-01 8.961670e-02 1.162299e-01 1.725452e-02 -1.476479e-01 1.285261e-02 8.373207e-02 3.862259e-03 3.684154e-02 2.677656e-03 1.194361e-01 4.731298e-03
1.026499e-02 9.159545e-01 7.805725e-02 1.024121e-01 1.604469e-02 -1.903264e-01 1.988642e-02 7.698706e-02 2.690344e-03 3.638514e-02 5.573071e-03 1.358047e-01 8.656907e-03
1.114485e-02 9.537232e-01 7.617352e-02 1.117414e-01 8.912529e-03 -1.966610e-01 2.529382e-02 8.675268e-02 2.639111e-03 3.877091e-02 4.422090e-03 1.403774e-01 7.639769e-03
1.261127e-02 8.688839e-01 4.999283e-02 8.852179e-02 1.333610e-02 -1.834513e-01 2.001659e-02 7.918624e-02 3.382562e-03 3.709677e-02 3.525430e-03 1.420347e-01 6.153880e-03
1.466427e-02 1.046720e+00 7.152081e-02 1.237499e-01 1.329356e-02 -1.883430e-01 1.918422e-02 8.461721e-02 3.197490e-03 3.474078e-02 3.390943e-03 1.495011e-01 5.075497e-03
1.730384e-02 9.459759e-01 8.851320e-02 1.307668e-01 1.542686e-02 -1.431671e-01 2.644921e-02 9.238200e-02 3.397494e-03 2.964038e-02 3.759691e-03 1.310208e-01 5.332753e-03
2.052998e-02 1.013292e+00 9.424641e-02 1.107448e-01 1.627295e-02 -1.909152e-01 2.127948e-02 1.043502e-01 7.739845e-03 3.443413e-02 6.919459e-03 1.805347e-01 6.953327e-03
2.434269e-02 9.846515e-01 5.101674e-02 1.017270e-01 1.988270e-02 -1.720321e-01 2.731826e-02 1.147208e-01 5.633040e-03 3.081354e-02 3.244274e-03 2.018033e-01 1.426127e-02
1.202470e-02 9.471004e-01 1.896866e-01 1.283617e-01 2.073848e-02 -1.666417e-01 4.375345e-02 8.461210e-02 3.653861e-03 3.368329e-02 4.454012e-03 1.272537e-01 1.289158e-02
1.231799e-02 9.564847e-01 1.222210e-01 1.261309e-01 1.831102e-02 -1.756819e-01 3.051331e-02 8.157503e-02 5.663542e-03 2.652660e-02 5.737722e-03 1.212068e-01 7.056271e-03
1.319785e-02 8.113213e-01 6.555693e-02 9.631318e-02 1.542055e-02 -1.584076e-01 1.274622e-02 8.256980e-02 4.879981e-03 3.589225e-02 2.420263e-03 1.394521e-01 7.969982e-03
1.466427e-02 1.132257e+00 5.276910e-02 1.378206e-01 1.440677e-02 -2.056245e-01 3.043154e-02 9.088768e-02 4.854860e-03 3.178570e-02 2.461869e-03 1.454318e-01 1.172943e-02
1.671727e-02 8.050014e-01 8.510476e-02 9.559558e-02 1.832826e-02 -1.327553e-01 1.969776e-02 9.431404e-02 6.180975e-03 3.890853e-02 1.876748e-03 1.424000e-01 6.143081e-03
1.935684e-02 1.006819e+00 9.965031e-02 1.222300e-01 1.762138e-02 -1.688274e-01 1.375630e-02 9.792418e-02 3.989169e-03 3.290349e-02 6.797958e-03 1.604641e-01 9.219481e-03
2.258298e-02 9.143605e-01 1.323089e-01 1.161112e-01 1.480306e-02 -1.470056e-01 2.574289e-02 1.117629e-01 2.201928e-03 3.220971e-02 9.317418e-03 1.675221e-01 1.044045e-02
2.639569e-02 9.431674e-01 7.019296e-02 1.122979e-01 1.167372e-02 -1.307689e-01 1.253221e-02 1.246399e-01 4.499129e-03 3.402122e-02 5.185600e-03 2.080437e-01 9.736918e-03
1.466427e-02 8.481527e-01 5.242084e-02 1.099463e-01 7.183477e-03 -1.527250e-01 1.542252e-02 8.421983e-02 2.506488e-03 3.515865e-02 5.335408e-03 1.460819e-01 7.112314e-03
1.495756e-02 1.150879e+00 1.670364e-01 1.391962e-01 2.214399e-02 -2.021550e-01 3.333558e-02 8.689029e-02 5.939166e-03 2.519199e-02 3.834961e-03 1.426213e-01 9.716193e-03
1.583741e-02 9.874671e-01 1.392095e-01 1.267999e-01 2.128206e-02 -1.735487e-01 2.048757e-02 9.332767e-02 4.207674e-03 3.229434e-02 5.762847e-03 1.430678e-01 6.867328e-03
1.730384e-02 9.595060e-01 7.543008e-02 1.204651e-01 1.501831e-02 -1.611441e-01 2.139786e-02 9.635231e-02 3.715832e-03 3.165527e-02 5.703852e-03 1.417159e-01 8.781378e-03
1.935684e-02 9.367729e-01 5.914630e-02 1.259336e-01 1.340078e-02 -1.593565e-01 1.286723e-02 9.982722e-02 4.893950e-03 3.036368e-02 3.030106e-03 1.586120e-01 5.838130e-03
2.199641e-02 9.661936e-01 2.822223e-02 1.166334e-01 1.593264e-02 -1.520478e-01 1.265679e-02 1.089943e-01 4.611571e-03 3.416514e-02 2.708532e-03 1.727427e-01 8.015967e-03
2.522255e-02 9.411263e-01 5.709506e-02 1.188012e-01 8.593632e-03 -1.338629e-01 1.484406e-02 1.273377e-01 5.337239e-03 3.342528e-02 3.435157e-03 1.890425e-01 8.690323e-03
2.903526e-02 1.059699e+00 9.968911e-02 1.129460e-01 1.448195e-02 -1.567290e-01 1.521533e-02 1.315575e-01 5.677038e-03 2.639313e-02 6.422075e-03 2.190522e-01 7.973353e-03
1.789041e-02 9.805204e-01 8.788954e-02 1.095267e-01 9.726718e-03 -1.850384e-01 2.429150e-02 8.908607e-02 4.513841e-03 2.975344e-02 4.079567e-03 1.556756e-01 9.697908e-03
1.818370e-02 9.792015e-01 6.179715e-02 1.156912e-01 8.487592e-03 -1.571857e-01 1.822552e-02 9.608285e-02 5.545732e-03 3.239957e-02 2.653320e-03 1.453603e-01 8.520388e-03
1.906356e-02 1.138555e+00 7.640266e-02 1.485319e-01 7.994930e-03 -1.928514e-01 2.648860e-02 1.008344e-01 5.052964e-03 2.976386e-02 3.994154e-03 1.614378e-01 6.190500e-03
2.052998e-02 9.890845e-01 1.341674e-01 1.228998e-01 1.069113e-02 -1.676117e-01 3.038600e-02 1.032356e-01 3.577249e-03 2.971583e-02 1.452313e-03 1.747547e-01 1.039232e-02
2.258298e-02 1.045791e+00 5.661999e-02 1.291437e-01 1.351041e-02 -1.592645e-01 1.139443e-02 1.056185e-01 4.944959e-03 2.855259e-02 2.703322e-03 1.801079e-01 4.898010e-03
2.522255e-02 9.808872e-01 9.936062e-02 1.289779e-01 2.419904e-02 -1.260100e-01 2.358531e-02 1.187433e-01 6.421348e-03 3.278993e-02 1.505084e-03 1.987612e-01 9.190295e-03
2.844869e-02 8.952155e-01 3.692782e-02 8.531755e-02 8.025151e-03 -1.418032e-01 1.071793e-02 1.282751e-01 7.151574e-03 4.081449e-02 2.479630e-03 2.287141e-01 8.666286e-03
3.226140e-02 1.004258e+00 1.094236e-01 1.213397e-01 1.820365e-02 -1.217000e-01 2.869386e-02 1.479287e-01 2.159462e-03 1.755782e-02 5.340059e-03 2.430923e-01 1.008775e-02
2.170312e-02 1.038000e+00 8.067222e-02 1.215693e-01 1.446437e-02 -1.559355e-01 1.315644e-02 1.124792e-01 6.048002e-03 3.890436e-02 2.207591e-03 1.675547e-01 9.541729e-03
2.199641e-02 9.973446e-01 1.155223e-01 1.155966e-01 2.373498e-02 -1.672528e-01 1.755399e-02 1.094237e-01 7.300714e-03 3.092703e-02 4.163939e-03 1.681492e-01 1.001192e-02
2.287627e-02 9.433033e-01 7.795013e-02 1.045775e-01 1.733917e-02 -1.416125e-01 1.262645e-02 1.065079e-01 4.351306e-03 3.912041e-02 3.332996e-03 1.814738e-01 4.054061e-03
2.434269e-02 1.035129e+00 1.348513e-01 1.043578e-01 2.195008e-02 -1.811551e-01 2.828162e-02 1.109514e-01 1.229808e-02 3.152312e-02 2.976053e-03 1.884151e-01 1.114805e-02
2.639569e-02 9.577382e-01 3.962466e-02 1.091068e-01 5.335738e-03 -1.314575e-01 9.975552e-03 1.245232e-01 3.330442e-03 3.984120e-02 2.973970e-03 2.013363e-01 1.033373e-02
2.903526e-02 1.199915e+00 1.207164e-01 1.297493e-01 1.366825e-02 -1.634990e-01 2.039037e-02 1.394781e-01 4.334035e-03 2.524130e-02 3.581351e-03 2.025029e-01 8.626658e-03
3.226140e-02 1.132229e+00 7.217900e-02 1.154268e-01 1.480974e-02 -1.554407e-01 1.951715e-02 1.578202e-01 6.352719e-03 2.520716e-02 4.684238e-03 2.522501e-01 1.315478e-02
3.607411e-02 1.040404e+00 7.965533e-02 1.239878e-01 1.830074e-02 -1.358630e-01 1.808098e-02 1.879106e-01 7.050649e-03 1.582664e-02 5.747578e-03 2.642525e-01 9.399582e-03
1.055828e-02 7.530954e-01 8.818371e-02 9.042429e-02 1.596084e-02 -1.549458e-01 1.769326e-02 8.009039e-02 2.291671e-03 4.326013e-02 3.960840e-03 1.322906e-01 8.298215e-03
1.085156e-02 7.440314e-01 6.513536e-02 8.978518e-02 1.891139e-02 -1.587059e-01 2.304812e-02 7.240800e-02 5.522048e-03 3.224946e-02 3.623956e-03 1.232939e-01 3.781827e-03
1.173142e-02 9.037812e-01 8.138235e-02 1.212409e-01 1.646670e-02 -1.786815e-01 1.775005e-02 7.503972e-02 2.688413e-03 2.217648e-02 2.747411e-03 1.212991e-01 7.152753e-03
1.319785e-02 8.669209e-01 1.256919e-01 9.868770e-02 9.798935e-03 -1.619526e-01 3.088903e-02 8.017442e-02 3.383584e-03 3.692027e-02 4.396635e-03 1.354558e-01 6.574987e-03
1.525084e-02 1.043627e+00 1.350708e-01 1.173237e-01 1.474569e-02 -1.837180e-01 2.866978e-02 8.878986e-02 4.329359e-03 3.273844e-02 2.019948e-03 1.403918e-01 1.029049e-02
1.789041e-02 9.221859e-01 1.033441e-01 1.100356e-01 1.389808e-02 -1.363842e-01 2.193541e-02 9.070596e-02 2.637686e-03 3.983063e-02 3.103641e-03 1.500261e-01 8.040926e-03
2.111655e-02 1.104731e+00 8.188089e-02 1.529723e-01 8.143662e-03 -1.543690e-01 1.389057e-02 1.061739e-01 4.165509e-03 2.862782e-02 5.593810e-03 1.653018e-01 5.692849e-03
2.492926e-02 9.616560e-01 2.509278e-02 1.124278e-01 2.026906e-02 -1.459141e-01 2.555665e-02 1.178042e-01 4.465688e-03 3.898021e-02 3.752020e-03 1.909040e-01 6.764299e-03
1.085156e-02 8.300788e-01 1.709408e-01 8.771200e-02 2.314498e-02 -1.936647e-01 4.033722e-02 7.285854e-02 4.371385e-03 3.652292e-02 5.007868e-03 1.423886e-01 1.165611e-02
1.114485e-02 7.819479e-01 7.088680e-02 9.650342e-02 1.656266e-02 -1.626643e-01 2.554869e-02 7.607358e-02 2.654779e-03 3.420849e-02 4.686604e-03 1.264821e-01 1.427380e-02
1.202470e-02 9.766156e-01 1.391290e-01 1.330383e-01 1.583331e-02 -1.866688e-01 3.656216e-02 8.550651e-02 3.076025e-03 3.133829e-02 6.719479e-03 1.390695e-01 7.867816e-03
1.349113e-02 8.441443e-01 1.195295e-01 1.010610e-01 1.441999e-02 -1.559284e-01 2.617406e-02 7.905207e-02 3.860974e-03 3.437392e-02 2.925805e-03 1.272703e-01 1.002158e-02
1.554413e-02 9.081915e-01 1.347212e-01 1.152605e-01 1.571972e-02 -1.707559e-01 3.159436e-02 8.493014e-02 2.680655e-03 3.133640e-02 4.378298e-03 1.414840e-01 6.142555e-03
1.818370e-02 1.123276e+00 1.263423e-01 1.224939e-01 2.484514e-02 -2.018128e-01 1.784155e-02 9.871048e-02 5.836498e-03 4.150995e-02 6.205830e-03 1.738684e-01 6.387400e-03
2.140984e-02 1.055685e+00 8.151068e-02 1.447424e-01 1.553377e-02 -1.519113e-01 1.385311e-02 1.085817e-01 2.753093e-03 2.500426e-02 2.492054e-03 1.488885e-01 9.852263e-03
2.522255e-02 9.472499e-01 1.233611e-01 1.157941e-01 2.567258e-02 -1.461667e-01 7.973565e-03 1.245237e-01 5.807984e-03 3.843803e-02 2.907964e-03 1.981836e-01 7.184449e-03
1.173142e-02 8.018443e-01 7.654497e-02 9.475601e-02 9.966597e-03 -1.564486e-01 2.189617e-02 7.873218e-02 2.542099e-03 3.554822e-02 3.541001e-03 1.272525e-01 3.968073e-03
1.202470e-02 1.015649e+00 9.382454e-02 1.333231e-01 1.749748e-02 -2.002818e-01 1.865219e-02 8.903939e-02 4.501120e-03 3.271530e-02 4.137200e-03 1.384045e-01 7.526072e-03
1.290456e-02 1.052831e+00 8.528270e-02 1.323011e-01 1.137935e-02 -2.048775e-01 2.232698e-02 8.129928e-02 4.573976e-03 2.606687e-02 4.460251e-03 1.426659e-01 9.219750e-03
1.437099e-02 1.040626e+00 6.204158e-02 1.116131e-01 1.471316e-02 -2.029626e-01 2.415186e-02 8.103461e-02 4.102680e-03 3.359111e-02 5.686014e-03 1.523867e-01 1.362834e-02
1.642399e-02 1.001417e+00 1.099458e-01 1.068840e-01 1.814243e-02 -1.911305e-01 1.658403e-02 8.628891e-02 3.026498e-03 3.589042e-02 2.023822e-03 1.531670e-01 8.637203e-03
1.906356e-02 1.004143e+00 4.045983e-02 1.277081e-01 1.868421e-02 -1.593051e-01 2.147957e-02 1.012683e-01 5.152652e-03 3.705331e-02 3.058174e-03 1.598224e-01 5.598319e-03
2.228970e-02 1.048517e+00 5.143790e-02 1.339432e-01 1.546137e-02 -1.421919e-01 1.447233e-02 1.113886e-01 8.872335e-03 3.153437e-02 4.210582e-03 1.722548e-01 7.417929e-03
2.610241e-02 1.066419e+00 4.493617e-02 1.254827e-01 1.714656e-02 -1.471433e-01 1.818132e-02 1.254063e-01 5.256481e-03 3.569789e-02 5.527147e-03 1.983780e-01 9.095526e-03
1.319785e-02 9.338827e-01 1.100064e-01 1.121340e-01 1.861988e-02 -1.633126e-01 2.840907e-02 8.277796e-02 4.098465e-03 3.653042e-02 2.692364e-03 1.359871e-01 9.874041e-03
1.349113e-02 1.083489e+00 1.500356e-01 1.167665e-01 1.504426e-02 -2.218392e-01 3.704881e-02 7.947856e-02 3.225360e-03 2.547301e-02 6.499887e-03 1.456796e-01 6.933501e-03
1.437099e-02 9.875879e-01 1.442855e-01 1.034099e-01 7.549255e-03 -2.026587e-01 4.262037e-02 7.661235e-02 2.332260e-03 3.105459e-02 3.212924e-03 1.495361e-01 1.578504e-02
1.583741e-02 1.119996e+00 2.092020e-01 1.361112e-01 1.826263e-02 -1.840821e-01 4.235608e-02 9.063646e-02 3.714128e-03 3.094600e-02 4.557635e-03 1.484098e-01 9.440124e-03
1.789041e-02 1.135520e+00 1.997892e-01 1.230271e-01 2.267513e-02 -2.022984e-01 3.353271e-02 9.517169e-02 3.094591e-03 3.450518e-02 5.672947e-03 1.641329e-01 9.246952e-03
2.052998e-02 1.027870e+00 9.765831e-02 1.104984e-01 1.517824e-02 -1.538868e-01 2.164188e-02 1.026409e-01 4.867664e-03 3.855746e-02 4.590760e-03 1.586258e-01 7.749396e-03
2.375612e-02 1.116699e+00 9.417885e-02 1.130845e-01 2.889109e-02 -1.971090e-01 8.675754e-03 1.105706e-01 5.249926e-03 3.392184e-02 8.630309e-03 1.963319e-01 1.077547e-02
2.756883e-02 1.063901e+00 9.367411e-02 1.164178e-01 2.269205e-02 -1.458499e-01 1.465456e-02 1.273610e-01 9.455429e-03 3.122856e-02 3.354262e-03 1.932427e-01 8.487997e-03
1.525084e-02 8.232251e-01 6.967401e-02 1.108760e-01 1.421849e-02 -1.307777e-01 1.408633e-02 8.527511e-02 4.009626e-03 3.467276e-02 3.497925e-03 1.307224e-01 8.775023e-03
1.554413e-02 1.059621e+00 1.073953e-01 1.286883e-01 1.130005e-02 -1.815711e-01 3.178127e-02 9.308000e-02 6.936421e-03 3.815272e-02 6.885395e-03 1.540519e-01 1.243301e-02
1.642399e-02 8.708515e-01 9.736538e-02 8.828843e-02 1.662500e-02 -1.599187e-01 1.073885e-02 8.227437e-02 1.746654e-03 3.688139e-02 3.647640e-03 1.474303e-01 7.562318e-03
1.789041e-02 8.449509e-01 9.141575e-02 9.632479e-02 1.614645e-02 -1.480533e-01 2.149167e-02 9.212157e-02 3.917005e-03 3.443471e-02 5.585052e-03 1.486044e-01 6.229021e-03
1.994341e-02 9.509116e-01 1.076723e-01 1.049582e-01 1.208018e-02 -1.462082e-01 2.502238e-02 9.650215e-02 3.444474e-03 4.157891e-02 3.852956e-03 1.704011e-01 1.227668e-02
2.258298e-02 1.084232e+00 1.600156e-01 1.204294e-01 1.992717e-02 -1.755178e-01 2.273683e-02 1.126909e-01 7.404288e-03 4.248951e-02 7.319903e-03 1.888106e-01 5.636725e-03
2.580912e-02 1.108618e+00 1.612492e-01 1.163850e-01 1.896555e-02 -1.739500e-01 2.373226e-02 1.244039e-01 6.941563e-03 4.229441e-02 8.219429e-03 2.156591e-01 9.955899e-03
2.962183e-02 1.078314e+00 1.027532e-01 1.179967e-01 1.831670e-02 -1.509181e-01 2.497331e-02 1.391130e-01 3.177091e-03 1.601651e-02 1.630824e-03 2.240441e-01 1.369122e-02
1.789041e-02 8.927362e-01 5.791289e-02 1.105510e-01 8.053934e-03 -1.604394e-01 1.499369e-02 9.063401e-02 4.569558e-03 3.334089e-02 3.401235e-03 1.514080e-01 5.531843e-03
1.818370e-02 1.037951e+00 1.160102e-01 9.858888e-02 1.579435e-02 -2.047422e-01 3.706246e-02 8.329528e-02 2.944961e-03 2.846993e-02 6.373525e-03 1.604040e-01 1.073368e-02
1.906356e-02 8.882574e-01 1.174748e-01 7.074703e-02 1.517261e-02 -1.619339e-01 2.699573e-02 8.530498e-02 8.819028e-03 3.831435e-02 4.728268e-03 1.551256e-01 1.016360e-02
2.052998e-02 1.062098e+00 6.883702e-02 1.144613e-01 1.367647e-02 -1.424643e-01 2.566699e-02 9.556347e-02 1.408371e-03 3.572390e-02 3.893961e-03 1.499497e-01 9.277047e-03
2.258298e-02 1.223992e+00 1.431387e-01 1.354580e-01 1.286572e-02 -1.866915e-01 3.015064e-02 1.067252e-01 4.268791e-03 2.397615e-02 4.520863e-03 1.741143e-01 6.248702e-03
2.522255e-02 1.177261e+00 1.259597e-01 1.369993e-01 1.922383e-02 -1.684926e-01 2.601645e-02 1.190941e-01 1.144228e-02 2.764627e-02 8.601812e-03 1.869930e-01 5.263773e-03
2.844869e-02 9.459407e-01 9.515276e-02 1.008704e-01 1.290358e-02 -1.290151e-01 2.478527e-02 1.337162e-01 4.530632e-03 4.802478e-02 5.598057e-03 2.221514e-01 1.041150e-02
3.226140e-02 1.062922e+00 6.218039e-02 1.406783e-01 1.612169e-02 -1.470176e-01 2.629545e-02 1.588958e-01 9.629168e-03 3.227804e-02 9.010015e-03 2.548969e-01 1.009560e-02
2.111655e-02 9.758473e-01 5.541853e-02 1.150247e-01 1.599164e-02 -1.575220e-01 7.820940e-03 9.763468e-02 4.602973e-03 2.715156e-02 2.320605e-03 1.572043e-01 5.392222e-03
2.140984e-02 7.680576e-01 8.283276e-02 7.875125e-02 4.877936e-03 -1.344196e-01 2.777163e-02 9.480456e-02 4.609806e-03 3.771821e-02 6.139159e-03 1.724450e-01 1.117144e-02
2.228970e-02 8.922764e-01 1.239184e-01 9.989387e-02 2.993096e-02 -1.336373e-01 1.147934e-02 1.097857e-01 6.502216e-03 3.935673e-02 4.305896e-03 1.803885e-01 5.026978e-03
2.375612e-02 1.022720e+00 7.922636e-02 1.412036e-01 1.846920e-02 -1.038055e-01 1.255521e-02 1.213057e-01 3.847419e-03 3.363234e-02 3.187930e-03 1.767647e-01 7.834874e-03
2.580912e-02 1.003338e+00 6.905697e-02 1.302912e-01 1.604870e-02 -1.436700e-01 1.936157e-02 1.296335e-01 4.080614e-03 4.223985e-02 4.423267e-03 1.969528e-01 1.237177e-02
2.844869e-02 1.025445e+00 5.033998e-02 1.190593e-01 9.825164e-03 -1.363564e-01 1.907856e-02 1.348912e-01 8.897354e-03 3.272921e-02 2.469945e-03 2.170863e-01 9.299158e-03
3.167483e-02 9.732172e-01 6.189110e-02 1.102993e-01 1.549347e-02 -1.581339e-01 1.221725e-02 1.510910e-01 1.247305e-02 1.415849e-02 1.001822e-02 2.496133e-01 6.927321e-03
3.548754e-02 9.484477e-01 6.089499e-02 9.964575e-02 1.226597e-02 -9.138971e-02 1.039008e-02 1.762178e-01 1.592522e-02 1.255797e-02 7.235265e-03 2.549512e-01 2.037650e-02
2.492926e-02 9.992954e-01 1.378693e-01 1.259156e-01 2.308075e-02 -1.321081e-01 2.057364e-02 1.255243e-01 7.064141e-03 3.899462e-02 4.485325e-03 1.768148e-01 1.024843e-02
2.522255e-02 1.096028e+00 1.190362e-01 1.396000e-01 1.029179e-02 -1.586515e-01 3.162627e-02 1.266961e-01 5.297342e-03 3.320010e-02 5.923395e-03 1.960672e-01 6.857059e-03
2.610241e-02 9.503718e-01 6.297266e-02 1.148550e-01 8.554722e-03 -1.205842e-01 2.649259e-02 1.191317e-01 6.800042e-04 3.143601e-02 6.234162e-03 1.879794e-01 9.697281e-03
2.756883e-02 1.122818e+00 9.521532e-02 1.131487e-01 5.735997e-03 -1.697343e-01 3.585355e-02 1.221651e-01 7.789840e-03 3.181143e-02 1.021910e-02 2.240509e-01 1.259187e-02
2.962183e-02 1.085567e+00 8.355940e-02 1.162441e-01 2.166254e-02 -1.472304e-01 2.636113e-02 1.402544e-01 7.183784e-03 2.696073e-02 7.669092e-03 2.320956e-01 1.658996e-02
3.226140e-02 9.048906e-01 8.613718e-02 9.764325e-02 1.384004e-02 -1.528438e-01 2.511323e-02 1.644790e-01 1.056152e-02 2.747250e-02 3.694033e-03 2.519468e-01 1.242605e-02
3.548754e-02 1.037489e+00 6.455683e-02 1.136881e-01 1.701249e-02 -1.083343e-01 1.441997e-02 1.962279e-01 1.385418e-02 2.612149e-02 1.204483e-02 2.750217e-01 6.564209e-03
3.930025e-02 1.135476e+00 8.762324e-02 1.149709e-01 1.871809e-02 -1.628916e-01 2.004352e-02 2.216196e-01 4.301312e-03 2.724104e-03 1.018607e-02 3.310367e-01 8.430952e-03
1.437099e-02 9.280249e-01 6.158748e-02 1.102932e-01 1.297878e-02 -1.673060e-01 1.549728e-02 8.944228e-02 2.992740e-03 3.726669e-02 4.192808e-04 1.411141e-01 5.454436e-03
1.466427e-02 9.548773e-01 1.548773e-01 1.030819e-01 1.981113e-02 -1.807810e-01 2.899814e-02 8.571097e-02 4.323541e-03 3.640768e-02 3.428152e-03 1.428521e-01 1.293121e-02
1.554413e-02 9.353160e-01 1.514910e-01 9.779179e-02 1.890875e-02 -1.767854e-01 3.204774e-02 9.032496e-02 4.916298e-03 4.055086e-02 2.858487e-03 1.499776e-01 1.093614e-02
1.701056e-02 1.105191e+00 6.312133e-02 1.212213e-01 1.296861e-02 -1.926297e-01 2.138555e-02 9.337113e-02 3.199809e-03 3.908019e-02 3.646629e-03 1.642342e-01 1.000299e-02
1.906356e-02 9.693796e-01 8.995363e-02 1.192613e-01 1.758043e-02 -1.488783e-01 7.412709e-03 1.030729e-01 6.271394e-03 3.791351e-02 3.800003e-03 1.589537e-01 5.048507e-03
2.170312e-02 1.125305e+00 3.404301e-02 1.487317e-01 9.247827e-03 -1.652486e-01 2.306262e-02 1.072563e-01 5.285467e-03 2.677447e-02 2.450201e-03 1.659550e-01 9.608713e-03
2.492926e-02 9.134534e-01 6.002321e-02 1.210550e-01 6.750840e-03 -1.328673e-01 2.207883e-02 1.142466e-01 2.703816e-03 3.155694e-02 3.471434e-03 1.802399e-01 1.567932e-02
2.874198e-02 1.063142e+00 1.308266e-01 1.320262e-01 2.091941e-02 -1.439039e-01 9.282188e-03 1.391657e-01 6.151638e-03 2.235377e-02 4.450153e-03 2.252109e-01 3.697957e-03
1.466427e-02 1.015725e+00 1.569183e-01 1.240040e-01 2.251030e-02 -1.847599e-01 2.429106e-02 8.847766e-02 4.823876e-03 3.303006e-02 5.181781e-03 1.414703e-01 2.724994e-03
1.495756e-02 1.119942e+00 1.845739e-01 1.267000e-01 2.134318e-02 -2.146498e-01 3.569388e-02 8.380506e-02 5.348240e-03 2.446920e-02 3.730394e-03 1.412218e-01 1.094704e-02
1.583741e-02 1.074726e+00 7.154355e-02 1.212064e-01 1.678838e-02 -2.026571e-01 2.778187e-02 8.422865e-02 5.053407e-03 2.686041e-02 1.599292e-03 1.496733e-01 8.324295e-03
1.730384e-02 9.393039e-01 1.041051e-01 1.062253e-01 8.140304e-03 -1.657538e-01 2.565729e-02 9.136366e-02 4.017716e-03 2.975025e-02 1.652083e-03 1.459144e-01 1.036635e-02
1.935684e-02 1.128696e+00 1.206559e-01 1.335587e-01 1.825960e-02 -1.878343e-01 2.342671e-02 9.724737e-02 5.081878e-03 3.047453e-02 2.220973e-03 1.677400e-01 5.693092e-03
2.199641e-02 9.798586e-01 8.284894e-02 9.225537e-02 1.251083e-02 -1.767412e-01 2.982197e-02 1.039694e-01 6.091220e-03 2.744959e-02 5.915431e-03 1.738003e-01 6.070374e-03
2.522255e-02 1.028051e+00 1.012128e-01 1.227030e-01 2.003176e-02 -1.555552e-01 2.510870e-02 1.155201e-01 7.969985e-03 2.296384e-02 3.305275e-03 1.948621e-01 7.915541e-03
2.903526e-02 1.038913e+00 1.011300e-01 1.154844e-01 1.673996e-02 -1.460640e-01 3.126155e-02 1.383320e-01 6.496628e-03 3.212417e-02 3.838145e-03 2.393213e-01 9.042139e-03
1.554413e-02 1.191561e+00 1.488291e-01 1.366382e-01 1.314056e-02 -2.090359e-01 3.969233e-02 9.271057e-02 4.334812e-03 3.348373e-02 5.784073e-03 1.536261e-01 9.479071e-03
1.583741e-02 1.064049e+00 7.914526e-02 1.186633e-01 2.153079e-02 -1.938457e-01 1.951476e-02 8.754976e-02 4.121888e-03 3.457681e-02 4.429248e-03 1.530547e-01 7.034935e-03
1.671727e-02 9.089908e-01 1.268228e-01 1.105490e-01 1.141467e-02 -1.507324e-01 2.510978e-02 9.631215e-02 4.294277e-03 4.125290e-02 2.577798e-03 1.512444e-01 9.186690e-03
1.818370e-02 9.430405e-01 1.175620e-01 9.841123e-02 1.535553e-02 -1.640052e-01 2.744657e-02 9.326008e-02 6.625951e-03 4.042193e-02 6.531333e-03 1.536224e-01 1.287258e-02
2.023670e-02 8.556338e-01 1.027172e-01 1.008765e-01 1.445551e-02 -1.498478e-01 1.956006e-02 9.807540e-02 2.532324e-03 3.616119e-02 7.923997e-03 1.678776e-01 1.014644e-02
2.287627e-02 1.146765e+00 1.196231e-01 1.427502e-01 1.345954e-02 -1.681370e-01 1.981531e-02 1.111494e-01 5.173294e-03 3.106528e-02 4.571818e-03 1.846692e-01 5.295891e-03
2.610241e-02 1.336232e+00 9.815025e-02 1.592965e-01 1.626832e-02 -1.874988e-01 2.631654e-02 1.316095e-01 7.691878e-03 3.193964e-02 2.075064e-03 2.031662e-01 1.120313e-02
2.991512e-02 9.230316e-01 1.344892e-01 1.093332e-01 1.699180e-02 -1.028506e-01 1.967199e-02 1.400067e-01 1.614954e-03 3.161588e-02 8.386752e-03 2.055626e-01 3.182515e-03
1.701056e-02 1.030176e+00 1.169713e-01 1.425118e-01 2.745939e-02 -1.665440e-01 1.688053e-02 9.619710e-02 9.806713e-03 2.908908e-02 2.959284e-03 1.489654e-01 4.834956e-03
1.730384e-02 1.057560e+00 1.342588e-01 1.355418e-01 2.369912e-02 -1.756754e-01 2.229009e-02 9.665670e-02 3.227024e-03 3.161732e-02 3.235760e-03 1.529437e-01 5.824487e-03
1.818370e-02 1.004139e+00 1.307332e-01 1.194100e-01 1.289705e-02 -1.641957e-01 3.301733e-02 9.430200e-02 2.413030e-03 3.790933e-02 2.955122e-03 1.584901e-01 9.778850e-03
1.965013e-02 8.742235e-01 1.239611e-01 9.151150e-02 8.639308e-03 -1.382745e-01 2.254187e-02 9.127628e-02 2.898808e-03 3.555604e-02 1.334172e-03 1.549877e-01 8.275705e-03
2.170312e-02 9.118901e-01 8.866279e-02 1.033844e-01 1.112671e-02 -1.663797e-01 3.879493e-02 9.966219e-02 5.446637e-03 3.198764e-02 6.148455e-03 1.731087e-01 1.152623e-02
2.434269e-02 1.057480e+00 9.044175e-02 1.074646e-01 2.082127e-02 -1.518152e-01 1.501962e-02 1.175193e-01 3.970983e-03 4.236560e-02 5.275952e-03 1.898610e-01 1.472309e-02
2.756883e-02 9.280522e-01 9.739816e-02 8.199788e-02 8.677820e-03 -1.468887e-01 1.471007e-02 1.210721e-01 6.454416e-03 4.340677e-02 6.595597e-03 2.143280e-01 6.859759e-03
3.138154e-02 9.913453e-01 1.059287e-01 1.342406e-01 2.216154e-02 -1.319831e-01 1.048922e-02 1.613221e-01 8.763403e-03 2.108564e-02 2.644443e-03 2.391924e-01 1.166399e-02
1.906356e-02 1.178375e+00 1.135585e-01 1.377705e-01 1.628212e-02 -1.926759e-01 2.975500e-02 9.891934e-02 5.038364e-03 2.814202e-02 5.515428e-03 1.576872e-01 8.737619e-03
1.935684e-02 9.960005e-01 9.815789e-02 9.922172e-02 1.303383e-02 -1.924679e-01 2.420655e-02 9.733597e-02 1.956551e-03 3.941019e-02 3.884628e-03 1.814884e-01 5.874340e-03
2.023670e-02 1.043399e+00 6.277476e-02 1.302934e-01 1.139037e-02 -1.485491e-01 2.239579e-02 1.041110e-01 3.913260e-03 3.943727e-02 7.387612e-04 1.667405e-01 1.135682e-02
2.170312e-02 7.628785e-01 4.085436e-02 8.245471e-02 7.262690e-03 -1.169432e-01 1.243770e-02 1.029818e-01 3.910560e-03 4.188337e-02 4.902759e-03 1.658134e-01 5.504338e-03
2.375612e-02 9.319037e-01 7.515406e-02 1.033521e-01 1.575215e-02 -1.606425e-01 2.494131e-02 1.064706e-01 5.457103e-03 2.509506e-02 2.999578e-03 1.890632e-01 1.358414e-02
2.639569e-02 1.030968e+00 1.460066e-01 1.474831e-01 2.533328e-02 -1.430103e-01 1.278987e-02 1.301393e-01 4.333147e-03 3.934553e-02 5.514874e-03 2.093077e-01 6.609885e-03
2.962183e-02 1.041162e+00 5.874105e-02 1.127977e-01 1.459829e-02 -1.399488e-01 2.610540e-02 1.357918e-01 6.335145e-03 3.569627e-02 4.226397e-03 2.362695e-01 1.919183e-02
3.343454e-02 8.068843e-01 5.082195e-02 9.288366e-02 1.351183e-02 -1.161908e-01 1.527868e-02 1.729931e-01 1.190058e-02 1.899080e-02 6.441196e-03 2.743981e-01 1.086978e-02
2.170312e-02 1.244633e+00 1.536869e-01 1.521093e-01 3.088540e-02 -1.974356e-01 1.752804e-02 1.120933e-01 5.849983e-03 2.785025e-02 5.084448e-03 1.861901e-01 5.015977e-03
2.199641e-02 9.014234e-01 9.341455e-02 1.265908e-01 7.692222e-03 -1.129524e-01 1.777598e-02 1.118050e-01 3.119637e-03 3.672350e-02 4.321680e-03 1.635286e-01 4.592849e-03
2.287627e-02 8.541076e-01 6.739810e-02 1.070630e-01 6.296968e-03 -1.262053e-01 2.411176e-02 1.057533e-01 5.820112e-03 3.374066e-02 3.387599e-03 1.665272e-01 1.356270e-02
2.434269e-02 9.541610e-01 6.900143e-02 1.081239e-01 1.268291e-02 -1.266707e-01 9.509744e-03 1.171086e-01 4.235549e-03 3.542128e-02 4.025319e-03 1.872031e-01 8.811093e-03
2.639569e-02 1.034034e+00 7.199097e-02 1.131805e-01 7.153056e-03 -1.563096e-01 1.880668e-02 1.194124e-01 3.221772e-03 3.196946e-02 3.125379e-03 1.978549e-01 4.914790e-03
2.903526e-02 1.180203e+00 7.431216e-02 1.163906e-01 7.710772e-03 -1.761568e-01 1.765366e-02 1.360614e-01 6.168087e-03 2.742062e-02 5.679698e-03 2.160212e-01 1.402890e-02
3.226140e-02 1.045505e+00 7.635425e-02 1.373830e-01 1.535893e-02 -1.262879e-01 2.790099e-02 1.649880e-01 6.599848e-03 2.183340e-02 6.415160e-03 2.459509e-01 9.239794e-03
3.607411e-02 1.085615e+00 7.557283e-02 1.337451e-01 2.108555e-02 -1.514824e-01 1.777285e-02 2.026596e-01 1.185586e-02 2.949880e-02 4.513595e-03 3.092116e-01 6.520263e-03
2.492926e-02 9.411956e-01 1.031097e-01 1.010182e-01 6.673757e-03 -1.287979e-01 1.760293e-02 1.270692e-01 9.380172e-03 3.958891e-02 8.582845e-03 1.960119e-01 9.707328e-03
2.522255e-02 9.009994e-01 1.090124e-01 9.322273e-02 2.177373e-02 -1.358688e-01 2.343646e-02 1.138491e-01 7.573500e-03 3.730569e-02 6.019622e-03 1.911716e-01 7.393803e-03
2.610241e-02 1.129448e+00 1.499685e-01 1.327612e-01 1.458398e-02 -1.669869e-01 2.951385e-02 1.244835e-01 8.854688e-03 3.533563e-02 7.835689e-03 2.065586e-01 9.571055e-03
2.756883e-02 1.068465e+00 1.197960e-01 1.086882e-01 2.862808e-02 -1.511733e-01 3.484847e-02 1.294778e-01 4.226141e-03 3.974946e-02 7.984662e-03 2.225512e-01 1.941061e-02
2.962183e-02 9.822080e-01 1.367151e-01 1.259333e-01 3.121716e-02 -1.356435e-01 1.920923e-02 1.400835e-01 8.004999e-03 3.060416e-02 4.143335e-03 2.494023e-01 8.249889e-03
3.226140e-02 1.103942e+00 2.237572e-02 1.236894e-01 1.348710e-02 -1.852185e-01 2.446997e-02 1.555602e-01 7.439667e-03 5.462726e-03 6.333328e-03 2.553514e-01 1.021861e-02
3.548754e-02 9.927366e-01 7.077342e-02 9.590818e-02 1.024806e-02 -1.338786e-01 2.215175e-02 1.868927e-01 9.693941e-03 1.541680e-02 6.459269e-03 2.900676e-01 1.914978e-02
3.930025e-02 9.744456e-01 7.584445e-02 1.159747e-01 1.639719e-02 -1.147997e-01 6.830515e-03 2.331421e-01 1.339874e-02 7.656490e-03 3.727927e-03 3.211014e-01 2.023468e-02
2.874198e-02 1.072854e+00 6.574499e-02 1.429837e-01 1.069181e-02 -1.483466e-01 2.573117e-02 1.447212e-01 5.282996e-03 2.564179e-02 5.724646e-03 2.457805e-01 1.582456e-02
2.903526e-02 9.566771e-01 6.928628e-02 1.172040e-01 4.427721e-03 -1.311950e-01 1.106485e-02 1.339316e-01 3.147251e-03 2.615075e-02 4.214267e-03 2.079619e-01 6.301644e-03
2.991512e-02 1.198650e+00 8.752819e-02 1.666700e-01 1.818275e-02 -1.789280e-01 2.226393e-02 1.599764e-01 8.570845e-03 2.066533e-02 3.869993e-03 2.275734e-01 1.584903e-02
3.138154e-02 9.472439e-01 9.368614e-02 1.044744e-01 1.847543e-02 -1.236478e-01 8.279605e-03 1.676996e-01 9.068599e-03 3.921125e-02 7.389048e-03 2.337986e-01 7.165415e-03
3.343454e-02 1.035435e+00 3.692666e-02 1.197717e-01 1.374776e-02 -1.437991e-01 1.872599e-02 1.555769e-01 7.775459e-03 2.925055e-02 4.374764e-03 2.638168e-01 1.018627e-02
3.607411e-02 1.020604e+00 8.781993e-02 1.026926e-01 8.579689e-03 -1.396893e-01 8.367168e-03 1.845578e-01 3.012463e-03 2.295292e-02 6.174949e-03 2.835237e-01 1.324144e-02
3.930025e-02 1.026579e+00 4.225661e-02 9.919965e-02 1.312609e-02 -1.455999e-01 2.341444e-02 2.188556e-01 1.131705e-02 -2.077479e-03 6.617270e-03 3.591445e-01 1.458893e-02
4.311296e-02 9.578338e-01 5.624465e-02 1.414702e-01 1.848302e-02 -7.448193e-02 3.108885e-02 2.849878e-01 1.917061e-02 -2.436113e-02 8.483966e-03 3.899759e-01 1.251402e-02
