# k^2  LiLi LiLi_error  LiCl LiCl_error  LiNa LiNa_error  ClCl ClCl_error  ClNa ClNa_error  NaNa NaNa_error
0.000000e+00 6.400000e+02 0.000000e+00 1.431084e+03 0.000000e+00 1.280000e+03 0.000000e+00 3.200000e+03 0.000000e+00 2.862167e+03 0.000000e+00 2.560000e+03 0.000000e+00
3.011023e-04 7.420028e-01 3.300211e-01 6.220032e-02 3.373911e-02 -3.046559e-01 1.351311e-01 5.909315e-02 9.987797e-03 3.418547e-02 1.752239e-02 1.924230e-01 5.591707e-02
1.204409e-03 7.781014e-01 1.626035e-01 1.021272e-01 1.868399e-02 -2.738418e-01 6.907574e-02 6.064731e-02 5.885246e-03 1.701743e-02 8.730136e-03 1.597344e-01 2.781758e-02
2.709921e-03 1.503729e+00 3.517888e-01 1.715880e-01 2.601472e-02 -5.477183e-01 1.567385e-01 6.887389e-02 9.537376e-03 -8.673347e-03 1.422826e-02 2.695799e-01 6.927355e-02
4.817637e-03 8.107659e-01 5.759681e-02 1.122677e-01 1.249442e-02 -2.537016e-01 3.284089e-02 6.343159e-02 4.376486e-03 1.480754e-02 6.824340e-03 1.501409e-01 1.397960e-02
7.527558e-03 8.281992e-01 1.212132e-01 1.160175e-01 2.452286e-02 -2.949039e-01 5.589214e-02 6.718715e-02 8.203372e-03 1.000669e-02 8.194962e-03 1.866390e-01 3.009097e-02
1.083968e-02 7.412173e-01 1.445056e-01 1.000709e-01 1.897152e-02 -2.306999e-01 5.345381e-02 7.177416e-02 7.960831e-03 2.093774e-02 5.361912e-03 1.639369e-01 2.563559e-02
1.475401e-02 6.953330e-01 5.908794e-02 9.119165e-02 1.536055e-02 -2.257384e-01 2.423669e-02 7.890167e-02 3.052079e-03 1.999102e-02 8.902906e-03 1.826048e-01 1.755961e-02
3.011023e-04 8.979858e-01 7.225237e-02 1.392448e-01 4.158734e-02 -2.964088e-01 1.999848e-02 5.912732e-02 1.216641e-02 -3.702179e-03 8.722673e-03 1.468121e-01 1.663349e-02
6.022046e-04 6.777419e-01 1.625005e-01 8.382047e-02 2.597804e-02 -2.433503e-01 6.497977e-02 6.688463e-02 6.058966e-03 3.364818e-02 1.494031e-02 1.620630e-01 2.716279e-02
1.505512e-03 6.597551e-01 1.717873e-01 7.158096e-02 8.950578e-03 -2.536394e-01 8.076477e-02 5.961434e-02 2.789454e-03 3.109088e-02 2.661492e-03 1.706095e-01 3.878571e-02
3.011023e-03 9.825981e-01 2.087523e-01 9.487951e-02 1.585800e-02 -3.802036e-01 1.019442e-01 6.479588e-02 6.805613e-03 2.072834e-02 1.142138e-02 2.182995e-01 4.270229e-02
5.118739e-03 7.771655e-01 1.492762e-01 1.069819e-01 2.180840e-02 -2.573549e-01 5.783491e-02 7.077404e-02 4.320315e-03 2.058452e-02 7.903150e-03 1.623522e-01 2.843502e-02
7.828660e-03 1.153245e+00 3.356125e-01 1.441456e-01 3.472301e-02 -4.147187e-01 1.492649e-01 6.543215e-02 4.213903e-03 -4.864572e-03 1.361552e-02 2.300999e-01 7.235495e-02
1.114079e-02 6.755041e-01 8.528724e-02 1.097966e-01 1.480804e-02 -1.880256e-01 2.374318e-02 7.064040e-02 8.756988e-03 1.840362e-02 7.104988e-03 1.503136e-01 1.927345e-02
1.505512e-02 1.038172e+00 1.686972e-01 1.483554e-01 3.362652e-02 -3.311650e-01 6.758247e-02 9.470103e-02 8.865182e-03 1.283429e-02 1.511884e-02 2.314739e-01 3.297955e-02
1.204409e-03 3.684830e+00 1.391073e+00 3.282988e-01 1.333082e-01 -1.461521e+00 5.473910e-01 8.006989e-02 1.059458e-02 -7.512235e-02 5.630046e-02 6.437035e-01 2.116371e-01
1.505512e-03 6.351316e-01 1.013056e-01 5.678534e-02 6.059783e-03 -2.533530e-01 4.173023e-02 4.855939e-02 1.994183e-03 2.493854e-02 1.874032e-03 1.591956e-01 1.761293e-02
2.408819e-03 8.460218e-01 2.115218e-01 1.049582e-01 1.503959e-02 -2.912805e-01 8.747909e-02 6.094582e-02 3.356068e-03 1.692336e-02 9.582766e-03 1.694874e-01 3.358523e-02
3.914330e-03 7.101992e-01 2.059654e-01 1.167132e-01 4.082121e-02 -2.185347e-01 5.991099e-02 6.881443e-02 4.344844e-03 1.805753e-02 1.607254e-02 1.414709e-01 1.581457e-02
6.022046e-03 8.445979e-01 1.732435e-01 1.030790e-01 1.829190e-02 -2.820647e-01 6.686591e-02 5.632151e-02 4.082202e-03 6.195123e-03 7.423361e-03 1.546402e-01 3.033798e-02
8.731967e-03 7.617533e-01 1.060794e-01 1.098794e-01 4.184181e-02 -2.447893e-01 2.214982e-02 7.037513e-02 1.268076e-02 1.768800e-02 5.891752e-03 1.711297e-01 1.951930e-02
1.204409e-02 9.147776e-01 1.254901e-01 1.310198e-01 1.758546e-02 -3.008542e-01 5.795598e-02 7.853502e-02 6.091280e-03 1.294182e-02 7.815124e-03 2.096194e-01 2.292309e-02
1.595842e-02 9.550181e-01 1.774519e-01 1.079589e-01 1.440876e-02 -3.192191e-01 5.217794e-02 8.489087e-02 6.652607e-03 2.427034e-02 3.748587e-03 2.359619e-01 1.563144e-02
2.709921e-03 5.520657e-01 9.652879e-02 5.535798e-02 1.975951e-02 -2.125743e-01 4.626953e-02 5.726554e-02 6.207388e-03 3.588758e-02 8.390112e-03 1.558723e-01 2.582816e-02
3.011023e-03 1.026454e+00 2.039136e-01 1.130155e-01 4.211012e-02 -3.711598e-01 7.438511e-02 6.481384e-02 1.100586e-02 1.493490e-02 1.077377e-02 2.063079e-01 3.665193e-02
3.914330e-03 5.633874e-01 1.100195e-01 6.766034e-02 2.482290e-02 -2.088725e-01 6.926224e-02 6.534632e-02 9.869671e-03 3.750056e-02 4.376994e-03 1.624624e-01 4.160791e-02
5.419842e-03 1.094995e+00 1.892387e-01 1.186730e-01 2.337903e-02 -4.010747e-01 9.496405e-02 6.915469e-02 4.786614e-03 1.302645e-02 1.069651e-02 2.244959e-01 5.037809e-02
7.527558e-03 9.671851e-01 9.009857e-02 1.050510e-01 2.262849e-02 -3.392800e-01 4.823743e-02 6.860544e-02 7.452632e-03 2.339236e-02 6.355781e-03 2.195542e-01 2.619152e-02
1.023748e-02 9.849471e-01 2.669427e-01 7.810807e-02 2.292943e-02 -3.712720e-01 1.190055e-01 7.040529e-02 7.918263e-03 2.714277e-02 1.000326e-02 2.424363e-01 5.053589e-02
1.354960e-02 7.990899e-01 1.078305e-01 1.340370e-01 2.368780e-02 -2.268428e-01 2.914628e-02 9.285602e-02 1.178287e-02 1.502905e-02 4.496615e-03 1.785637e-01 1.523742e-02
1.746393e-02 7.217665e-01 9.113556e-02 1.283334e-01 1.336836e-02 -2.118248e-01 3.213281e-02 9.322469e-02 7.625132e-03 9.346263e-03 7.842822e-03 1.741026e-01 9.867334e-03
4.817637e-03 7.066640e-01 1.222103e-01 9.465227e-02 2.023564e-02 -2.333576e-01 4.811234e-02 6.643306e-02 7.910972e-03 2.739657e-02 6.543534e-03 1.619751e-01 2.000451e-02
5.118739e-03 1.101107e+00 3.299563e-01 1.210039e-01 3.711321e-02 -4.159205e-01 1.200939e-01 7.633820e-02 6.002335e-03 2.241923e-02 1.921370e-02 2.566168e-01 3.472310e-02
6.022046e-03 1.115990e+00 1.724240e-01 1.273577e-01 1.311862e-02 -3.920503e-01 7.295405e-02 6.784806e-02 4.511551e-03 1.013076e-02 5.367047e-03 2.194104e-01 2.946701e-02
7.527558e-03 9.956191e-01 1.542286e-01 1.221567e-01 1.956027e-02 -3.322866e-01 5.127675e-02 6.993388e-02 6.276588e-03 8.814250e-03 1.020840e-02 1.926985e-01 1.666381e-02
9.635274e-03 8.289763e-01 1.422951e-01 1.120259e-01 2.289424e-02 -2.883173e-01 5.250683e-02 6.804416e-02 2.509703e-03 7.253832e-03 1.071634e-02 1.848466e-01 1.530023e-02
1.234519e-02 9.053438e-01 2.182416e-01 1.010188e-01 6.415724e-03 -2.975744e-01 8.804420e-02 7.726955e-02 3.976384e-03 2.554897e-02 4.225168e-03 2.151228e-01 3.464984e-02
1.565732e-02 1.064970e+00 2.069090e-01 1.370618e-01 3.063862e-02 -3.310509e-01 8.242066e-02 9.461334e-02 1.006994e-02 8.571197e-03 6.432442e-03 2.211101e-01 3.877039e-02
1.957165e-02 9.038843e-01 1.705356e-01 1.159392e-01 2.943333e-02 -2.991833e-01 6.040107e-02 1.013085e-01 1.081213e-02 1.059290e-02 5.416080e-03 2.400381e-01 3.481917e-02
7.527558e-03 1.112610e+00 1.109719e-01 1.062668e-01 2.259768e-02 -3.926211e-01 3.672330e-02 6.805340e-02 1.135684e-02 1.793256e-02 8.417288e-03 2.220424e-01 1.549276e-02
7.828660e-03 1.041427e+00 2.570937e-01 1.158780e-01 2.344387e-02 -3.585638e-01 1.045730e-01 6.706195e-02 4.981320e-03 1.874758e-02 6.633489e-03 2.251891e-01 4.767243e-02
8.731967e-03 7.391157e-01 8.383281e-02 1.107847e-01 2.794755e-02 -2.338502e-01 2.755360e-02 7.370273e-02 7.519121e-03 1.533106e-02 6.707106e-03 1.590468e-01 1.962956e-02
1.023748e-02 1.002445e+00 1.624396e-01 1.230616e-01 1.383339e-02 -3.333221e-01 6.771457e-02 7.530096e-02 2.980262e-03 1.645225e-02 7.526162e-03 2.170870e-01 3.709995e-02
1.234519e-02 1.028962e+00 2.388929e-01 1.501076e-01 5.331536e-02 -3.253085e-01 6.977596e-02 9.698764e-02 1.382936e-02 1.250064e-02 1.335452e-02 2.060532e-01 2.418026e-02
1.505512e-02 9.486076e-01 1.600516e-01 1.225699e-01 2.103502e-02 -3.148217e-01 5.012203e-02 8.228777e-02 8.124731e-03 1.811807e-02 1.408846e-02 2.339029e-01 6.208240e-03
1.836724e-02 1.222832e+00 2.952641e-01 1.558870e-01 6.017856e-02 -4.423388e-01 1.061654e-01 9.325165e-02 1.190908e-02 -6.056657e-03 2.075823e-02 3.051882e-01 4.576054e-02
2.228157e-02 8.749727e-01 8.968922e-02 1.381439e-01 2.399468e-02 -2.783064e-01 4.006520e-02 1.118496e-01 7.249359e-03 1.144958e-02 6.379599e-03 2.593017e-01 2.515517e-02
1.083968e-02 7.114583e-01 6.473783e-02 1.038567e-01 1.350437e-02 -2.358777e-01 2.863239e-02 6.884030e-02 7.145406e-03 1.667823e-02 8.484750e-03 1.845197e-01 1.684446e-02
1.114079e-02 1.072226e+00 2.280649e-01 1.478069e-01 1.815804e-02 -3.316307e-01 8.431889e-02 9.052228e-02 3.220641e-03 8.101754e-03 1.062389e-02 1.923694e-01 2.569903e-02
1.204409e-02 5.805653e-01 7.740815e-02 6.783803e-02 2.107285e-02 -2.143685e-01 2.893626e-02 7.401520e-02 1.000099e-02 3.118233e-02 1.351732e-02 1.825969e-01 1.569266e-02
1.354960e-02 7.117329e-01 5.872292e-02 1.054395e-01 8.209200e-03 -2.188386e-01 1.889235e-02 7.306307e-02 6.556565e-03 8.054106e-03 1.050238e-02 1.740106e-01 6.729293e-03
1.565732e-02 9.079661e-01 1.010480e-01 1.209322e-01 1.980292e-02 -2.901499e-01 4.548514e-02 8.248752e-02 6.979848e-03 6.564265e-03 1.348653e-02 1.886283e-01 1.121502e-02
1.836724e-02 6.946940e-01 1.022273e-01 6.983935e-02 1.250318e-02 -2.537317e-01 4.053587e-02 7.898821e-02 5.641110e-03 2.739210e-02 1.203473e-02 2.318781e-01 2.792501e-02
2.167937e-02 9.122557e-01 7.477844e-02 1.356949e-01 3.113538e-02 -3.034121e-01 4.404235e-02 1.114388e-01 7.196393e-03 2.417412e-03 6.864327e-03 2.530602e-01 1.188496e-02
2.559370e-02 1.076131e+00 1.201216e-01 1.606142e-01 3.473718e-02 -3.736619e-01 5.583813e-02 1.200342e-01 7.534259e-03 -9.106286e-03 1.584532e-02 3.146436e-01 2.636458e-02
1.475401e-02 1.100114e+00 1.964392e-01 1.170616e-01 2.850508e-02 -4.376043e-01 9.040786e-02 8.914407e-02 1.267176e-02 2.541137e-03 8.828577e-03 2.875228e-01 4.774096e-02
1.505512e-02 9.165306e-01 1.637316e-01 1.046860e-01 2.589725e-02 -3.143587e-01 6.800308e-02 7.524977e-02 7.650400e-03 9.979668e-03 1.667287e-02 2.351829e-01 3.155876e-02
1.595842e-02 7.675662e-01 7.745472e-02 9.927042e-02 2.021968e-02 -2.473319e-01 2.090344e-02 8.459517e-02 1.066606e-02 1.557154e-02 1.355003e-02 2.070606e-01 1.611668e-02
1.746393e-02 9.512968e-01 1.295228e-01 1.051488e-01 1.462765e-02 -3.408447e-01 5.602167e-02 7.796887e-02 7.072036e-03 3.413351e-03 8.370398e-03 2.339384e-01 2.979144e-02
1.957165e-02 8.882687e-01 1.536971e-01 1.265331e-01 3.026500e-02 -2.742799e-01 4.556626e-02 9.700022e-02 1.420939e-02 1.207430e-02 6.339243e-03 2.271694e-01 1.864047e-02
2.228157e-02 6.890791e-01 7.329995e-02 8.524029e-02 1.579753e-02 -2.564971e-01 5.040803e-02 9.088876e-02 1.593920e-02 1.037394e-02 1.638548e-02 2.484751e-01 1.894349e-02
2.559370e-02 9.920839e-01 1.635058e-01 1.477201e-01 1.854708e-02 -2.850773e-01 6.041260e-02 1.124016e-01 7.616248e-03 6.203975e-03 9.901117e-03 2.843821e-01 3.290894e-02
2.950803e-02 9.083283e-01 8.883839e-02 1.679959e-01 3.878299e-02 -2.578649e-01 5.020010e-02 1.487727e-01 2.156559e-02 1.389779e-02 1.207695e-02 3.054781e-01 3.988782e-02
3.011023e-04 4.772473e-01 1.353527e-01 7.915560e-02 1.358618e-02 -1.514209e-01 7.029087e-02 6.844172e-02 1.035516e-02 3.577699e-02 5.967130e-03 1.164073e-01 3.015230e-02
6.022046e-04 4.251740e-01 1.555789e-01 5.036623e-02 1.098296e-02 -1.533153e-01 6.932647e-02 6.043457e-02 5.589914e-03 4.343494e-02 6.100915e-03 1.272362e-01 3.107224e-02
1.505512e-03 1.583732e+00 3.737210e-01 1.514598e-01 3.597477e-02 -6.253159e-01 1.578859e-01 6.086552e-02 4.671147e-03 -6.794489e-03 1.460839e-02 3.139332e-01 6.686198e-02
3.011023e-03 6.666757e-01 1.734926e-01 6.695235e-02 2.108852e-02 -2.506664e-01 6.828786e-02 6.256183e-02 2.342031e-03 3.373433e-02 1.164678e-02 1.698661e-01 2.215606e-02
5.118739e-03 6.594457e-01 1.098748e-01 6.424621e-02 1.948518e-02 -2.637756e-01 4.973798e-02 5.649968e-02 6.552750e-03 2.532507e-02 1.010796e-02 1.794803e-01 2.360829e-02
7.828660e-03 1.006140e+00 2.191894e-01 1.042786e-01 3.756976e-02 -3.689324e-01 7.590099e-02 6.132134e-02 7.529750e-03 1.185051e-02 8.609376e-03 2.249203e-01 3.583462e-02
1.114079e-02 8.005137e-01 1.187830e-01 6.933869e-02 6.783532e-03 -2.907862e-01 3.949042e-02 6.006971e-02 4.815312e-03 2.808193e-02 4.691104e-03 2.290878e-01 1.236139e-02
1.505512e-02 9.495171e-01 1.111817e-01 7.289059e-02 1.993750e-02 -3.615134e-01 5.494813e-02 7.609458e-02 2.292601e-03 2.649827e-02 1.143911e-02 2.640774e-01 3.605004e-02
6.022046e-04 8.848616e-01 2.373225e-01 9.409029e-02 2.805097e-02 -3.351712e-01 9.078256e-02 5.959797e-02 2.917186e-03 1.919087e-02 1.407313e-02 1.898184e-01 3.135572e-02
9.033069e-04 1.587186e-01 3.682230e-02 3.509412e-02 6.958986e-03 -3.929737e-02 1.503941e-02 6.166555e-02 5.872290e-03 5.012925e-02 4.924301e-03 7.794190e-02 8.547372e-03
1.806614e-03 5.883056e-01 6.188899e-02 5.440260e-02 1.246932e-02 -2.341415e-01 3.584390e-02 6.172402e-02 9.237826e-03 4.064968e-02 7.924245e-03 1.685468e-01 1.988735e-02
3.312125e-03 1.317291e+00 1.384750e-01 1.417810e-01 2.134911e-02 -4.976163e-01 5.636775e-02 6.691864e-02 6.583190e-03 2.546184e-03 5.733723e-03 2.635062e-01 2.349607e-02
5.419842e-03 7.427671e-01 1.753286e-01 1.081593e-01 2.269803e-02 -2.439458e-01 6.028543e-02 6.777531e-02 5.188624e-03 1.680723e-02 6.621117e-03 1.549450e-01 2.594559e-02
8.129762e-03 1.025408e+00 1.651881e-01 1.310122e-01 2.964749e-02 -3.526098e-01 5.063941e-02 8.033507e-02 5.824277e-03 1.793068e-02 1.208518e-02 2.238396e-01 1.112891e-02
1.144189e-02 9.965627e-01 2.152302e-01 1.207237e-01 2.817283e-02 -3.391584e-01 8.513928e-02 7.485986e-02 7.401306e-03 2.177696e-02 1.717676e-02 2.361396e-01 4.149152e-02
1.535622e-02 9.390514e-01 1.380602e-01 1.176443e-01 2.789151e-02 -3.384012e-01 5.274664e-02 8.420685e-02 6.801160e-03 1.605694e-02 9.911050e-03 2.405568e-01 2.987831e-02
1.505512e-03 7.643267e-01 2.106994e-01 7.726440e-02 2.316485e-02 -2.874789e-01 7.769569e-02 6.208074e-02 4.623598e-03 2.966989e-02 8.666615e-03 1.779175e-01 2.930954e-02
1.806614e-03 5.642505e-01 1.889947e-01 6.178634e-02 1.717415e-02 -2.023807e-01 8.253289e-02 6.557608e-02 8.475600e-03 4.210111e-02 7.302457e-03 1.496250e-01 4.219462e-02
2.709921e-03 5.669540e-01 1.044476e-01 4.826079e-02 8.817623e-03 -2.146072e-01 3.989669e-02 6.072576e-02 4.807876e-03 4.395117e-02 5.505878e-03 1.597662e-01 1.702314e-02
4.215432e-03 1.008915e+00 1.462049e-01 1.220921e-01 2.290793e-02 -3.608871e-01 6.125029e-02 5.681777e-02 5.866029e-03 -8.156757e-04 8.144608e-03 1.904941e-01 2.910055e-02
6.323149e-03 6.157406e-01 9.876463e-02 7.819203e-02 1.755542e-02 -2.179562e-01 3.628976e-02 6.031245e-02 4.806144e-03 2.160859e-02 8.830569e-03 1.548749e-01 1.312664e-02
9.033069e-03 5.655286e-01 7.670853e-02 8.509141e-02 1.001201e-02 -1.508659e-01 3.973670e-02 6.786321e-02 4.502264e-03 2.631413e-02 8.908987e-03 1.240394e-01 1.766813e-02
1.234519e-02 1.105971e+00 1.153399e-01 1.599612e-01 3.269371e-02 -3.595763e-01 2.349360e-02 8.922299e-02 1.010435e-02 3.231320e-03 6.625043e-03 2.242801e-01 1.149164e-02
1.625952e-02 8.762227e-01 2.051315e-01 9.560672e-02 2.934375e-02 -3.129510e-01 7.714041e-02 8.665559e-02 9.815112e-03 2.535932e-02 7.946698e-03 2.369267e-01 3.969635e-02
3.011023e-03 7.403107e-01 2.810933e-01 7.123060e-02 1.882794e-02 -2.889217e-01 1.224484e-01 6.406184e-02 8.438515e-03 3.306146e-02 1.332266e-02 1.909064e-01 5.269349e-02
3.312125e-03 8.435449e-01 1.661507e-01 8.509264e-02 3.746133e-02 -3.158544e-01 6.759167e-02 6.118625e-02 9.313692e-03 2.579019e-02 1.422649e-02 1.934780e-01 2.408238e-02
4.215432e-03 9.166702e-01 1.948565e-01 9.060697e-02 2.534705e-02 -3.526208e-01 1.001636e-01 6.968254e-02 6.994443e-03 2.871645e-02 1.127047e-02 2.194939e-01 5.337417e-02
5.720944e-03 8.820992e-01 2.174273e-01 9.932116e-02 3.053989e-02 -3.087550e-01 6.878775e-02 7.094194e-02 8.218056e-03 3.149127e-02 1.285384e-02 2.066860e-01 2.149663e-02
7.828660e-03 1.000253e+00 2.229533e-01 1.256732e-01 2.382095e-02 -3.284061e-01 9.052784e-02 7.084226e-02 3.138372e-03 1.561851e-02 1.108296e-02 1.999691e-01 4.401900e-02
1.053858e-02 8.215779e-01 1.177251e-01 1.106556e-01 2.301686e-02 -2.360181e-01 3.938219e-02 7.427912e-02 8.399481e-03 2.225571e-02 4.936087e-03 1.742006e-01 1.692269e-02
1.385071e-02 9.560284e-01 1.045729e-01 9.367725e-02 3.075042e-02 -3.408226e-01 4.048993e-02 7.493833e-02 6.202547e-03 2.239226e-02 1.447711e-02 2.405245e-01 2.399264e-02
1.776504e-02 7.463526e-01 7.499191e-02 1.154212e-01 1.904144e-02 -2.182981e-01 3.279199e-02 9.419772e-02 4.070195e-03 1.900807e-02 7.902556e-03 2.012640e-01 2.147146e-02
5.118739e-03 4.632710e-01 7.784044e-02 7.303172e-02 7.681678e-03 -1.465657e-01 3.707760e-02 6.240732e-02 7.790648e-03 3.158332e-02 5.412682e-03 1.273030e-01 1.904437e-02
5.419842e-03 5.283914e-01 7.039105e-02 7.166079e-02 1.332867e-02 -1.788133e-01 2.596762e-02 6.530591e-02 3.228483e-03 2.720352e-02 3.257778e-03 1.274131e-01 1.576519e-02
6.323149e-03 9.567906e-01 2.648894e-01 1.420366e-01 3.838519e-02 -3.084969e-01 9.575451e-02 8.216009e-02 5.603443e-03 1.598972e-02 1.374169e-02 1.890057e-01 3.554792e-02
7.828660e-03 6.956881e-01 9.953739e-02 7.684981e-02 1.077288e-02 -2.438589e-01 4.172062e-02 6.194831e-02 6.396007e-03 2.781545e-02 9.121764e-03 1.750025e-01 1.894642e-02
9.936376e-03 9.686472e-01 1.810913e-01 1.493642e-01 3.887724e-02 -3.227532e-01 5.619209e-02 7.854950e-02 1.143904e-02 -1.020666e-03 9.093559e-03 1.949093e-01 2.098328e-02
1.264630e-02 1.010792e+00 1.345127e-01 1.187260e-01 2.864236e-02 -3.573164e-01 5.081238e-02 7.199357e-02 7.030142e-03 4.048512e-03 1.146889e-02 2.230457e-01 2.683226e-02
1.595842e-02 9.526250e-01 1.209779e-01 7.017856e-02 1.338563e-02 -3.692512e-01 6.373025e-02 7.437573e-02 5.000890e-03 2.204912e-02 1.861024e-03 2.513139e-01 3.368923e-02
1.987275e-02 9.180388e-01 1.822202e-01 1.220606e-01 3.457418e-02 -3.294287e-01 7.187474e-02 9.778429e-02 9.878035e-03 8.382372e-03 1.563468e-02 2.569644e-01 3.055017e-02
7.828660e-03 7.945593e-01 1.421755e-01 1.095480e-01 2.108690e-02 -2.413740e-01 4.349088e-02 6.320678e-02 3.273305e-03 8.701851e-03 4.925433e-03 1.431440e-01 1.538536e-02
8.129762e-03 8.386782e-01 1.154365e-01 1.174538e-01 1.398530e-02 -2.826489e-01 5.093259e-02 6.853012e-02 7.833438e-03 9.032844e-03 6.261019e-03 1.769299e-01 2.229545e-02
9.033069e-03 8.018694e-01 1.813968e-01 9.318443e-02 2.722496e-02 -2.830858e-01 6.310824e-02 6.818501e-02 8.424576e-03 2.017180e-02 7.682434e-03 1.968109e-01 2.718392e-02
1.053858e-02 9.262146e-01 1.529931e-01 1.060834e-01 2.218024e-02 -3.272916e-01 6.037983e-02 6.327777e-02 7.092205e-03 1.673368e-02 9.277855e-03 2.231552e-01 2.045596e-02
1.264630e-02 6.842765e-01 5.362402e-02 1.070573e-01 1.247643e-02 -2.196653e-01 2.947390e-02 7.577336e-02 7.480208e-03 1.640055e-02 3.126318e-03 1.763611e-01 1.872950e-02
1.535622e-02 1.103262e+00 1.137229e-01 1.711749e-01 1.338090e-02 -3.588593e-01 5.789621e-02 9.344329e-02 9.445921e-03 -3.441451e-03 7.026166e-03 2.369545e-01 3.274989e-02
1.866834e-02 8.274627e-01 2.762057e-02 9.034091e-02 1.202133e-02 -2.889485e-01 1.798387e-02 9.282890e-02 8.875369e-03 2.673828e-02 7.883659e-03 2.425119e-01 2.895028e-02
2.258267e-02 8.459574e-01 7.807258e-02 1.102381e-01 3.139704e-02 -2.750875e-01 3.696188e-02 1.120335e-01 8.542637e-03 2.117620e-02 1.794342e-02 2.559682e-01 1.745608e-02
1.114079e-02 9.804022e-01 1.078032e-01 1.343111e-01 7.524806e-03 -3.327566e-01 4.895399e-02 7.524663e-02 6.718974e-03 1.208679e-02 7.747699e-03 2.207273e-01 1.962969e-02
1.144189e-02 9.684381e-01 2.996057e-01 1.339745e-01 3.117736e-02 -2.962045e-01 1.150139e-01 6.947550e-02 5.791267e-03 2.393513e-03 1.284319e-02 1.805655e-01 4.215535e-02
1.234519e-02 9.081557e-01 1.646987e-01 1.111239e-01 1.651999e-02 -3.113144e-01 7.694341e-02 8.899441e-02 1.154883e-02 2.500899e-02 1.014411e-02 2.108564e-01 3.854804e-02
1.385071e-02 7.831873e-01 1.663977e-01 1.220777e-01 3.392831e-02 -2.459997e-01 4.741574e-02 8.590552e-02 8.110144e-03 2.087831e-02 1.154560e-02 1.939502e-01 2.336592e-02
1.595842e-02 9.167742e-01 1.047687e-01 1.477158e-01 1.928688e-02 -2.759832e-01 4.677761e-02 8.940948e-02 7.244887e-03 4.139308e-03 3.993302e-03 2.074431e-01 1.610945e-02
1.866834e-02 1.039822e+00 8.361149e-02 1.071844e-01 3.654301e-02 -3.662449e-01 2.668471e-02 1.022031e-01 8.953527e-03 2.599412e-02 8.618846e-03 2.626174e-01 1.304530e-02
2.198047e-02 1.003640e+00 1.799923e-01 9.542870e-02 2.376287e-02 -3.821440e-01 8.945590e-02 8.856967e-02 6.153497e-03 1.241005e-02 1.489200e-02 3.203522e-01 4.167224e-02
2.589480e-02 1.168643e+00 1.557752e-01 1.919994e-01 4.791606e-02 -3.718718e-01 6.001694e-02 1.322611e-01 1.371137e-02 -8.077793e-03 1.698801e-02 3.248238e-01 2.670365e-02
1.505512e-02 9.117418e-01 1.568529e-01 1.002599e-01 1.684868e-02 -2.906544e-01 5.986085e-02 6.938048e-02 6.292957e-03 1.238465e-02 1.187687e-02 1.991289e-01 1.738268e-02
1.535622e-02 1.122344e+00 5.248604e-02 1.180475e-01 1.316487e-02 -4.244717e-01 1.696083e-02 8.861926e-02 4.301419e-03 2.027419e-02 1.241551e-02 2.975488e-01 1.711033e-02
1.625952e-02 9.775110e-01 1.262690e-01 1.480915e-01 2.774505e-02 -3.201706e-01 5.278004e-02 9.548053e-02 8.941817e-03 5.244067e-03 1.311468e-02 2.490183e-01 2.165746e-02
1.776504e-02 7.671816e-01 4.764984e-02 9.701164e-02 1.842873e-02 -2.147200e-01 3.109680e-02 9.127741e-02 5.247051e-03 2.857121e-02 1.284884e-02 1.972767e-01 2.057909e-02
1.987275e-02 1.024545e+00 1.529057e-01 1.365874e-01 3.226786e-02 -3.622240e-01 5.711870e-02 9.824876e-02 6.154490e-03 9.894180e-03 1.468017e-02 2.862932e-01 2.869286e-02
2.258267e-02 9.571517e-01 9.537289e-02 1.122849e-01 3.015001e-02 -3.006552e-01 6.474143e-02 1.058327e-01 1.297321e-02 1.521981e-02 1.826342e-02 2.713037e-01 4.469131e-02
2.589480e-02 9.647883e-01 7.896519e-02 9.031106e-02 3.263356e-02 -3.098177e-01 3.940196e-02 1.132301e-01 1.359508e-02 3.089797e-02 9.070142e-03 3.253279e-01 2.802838e-02
2.980913e-02 1.018695e+00 1.501814e-01 1.493809e-01 5.009962e-02 -3.402852e-01 2.252418e-02 1.563093e-01 2.248583e-02 2.293207e-02 9.857988e-03 3.715037e-01 1.850108e-02
1.204409e-03 8.672994e-01 2.399415e-01 6.363096e-02 1.902132e-02 -3.615048e-01 1.355086e-01 5.690159e-02 4.976013e-03 3.342223e-02 8.065338e-03 2.249621e-01 7.722007e-02
1.505512e-03 9.322856e-01 3.857833e-01 1.078841e-01 4.461460e-02 -3.476165e-01 1.521723e-01 6.223251e-02 7.874212e-03 1.588108e-02 1.567690e-02 1.995269e-01 6.398250e-02
2.408819e-03 7.898937e-01 1.382987e-01 8.207731e-02 2.223106e-02 -2.989447e-01 6.245087e-02 5.900387e-02 4.981479e-03 2.688625e-02 1.236452e-02 1.914051e-01 2.741636e-02
3.914330e-03 1.022320e+00 1.300946e-01 1.597826e-01 1.884994e-02 -3.160089e-01 4.624714e-02 7.171056e-02 7.255043e-03 1.239609e-03 3.529264e-03 1.684782e-01 1.902191e-02
6.022046e-03 1.386341e+00 2.263228e-01 1.452367e-01 3.543119e-02 -5.121236e-01 8.081849e-02 6.729043e-02 6.501143e-03 -5.615621e-03 1.695939e-02 2.591181e-01 4.107778e-02
8.731967e-03 5.261190e-01 7.143926e-02 5.748714e-02 2.080813e-02 -1.758118e-01 3.333235e-02 5.605189e-02 4.673707e-03 3.751380e-02 9.889820e-03 1.589881e-01 1.793761e-02
1.204409e-02 7.169328e-01 1.110073e-01 1.019856e-01 1.180743e-02 -2.398519e-01 5.753798e-02 7.603531e-02 5.681662e-03 1.521442e-02 7.746311e-03 1.740877e-01 2.878507e-02
1.595842e-02 9.931372e-01 1.405558e-01 9.836502e-02 1.592161e-02 -3.576544e-01 4.900134e-02 8.920590e-02 8.190478e-03 3.114334e-02 8.649782e-03 2.866629e-01 1.960941e-02
1.505512e-03 9.706884e-01 2.935725e-01 1.030763e-01 3.861620e-02 -3.621392e-01 1.020248e-01 5.734027e-02 5.434034e-03 1.326908e-02 1.687072e-02 1.992151e-01 3.242038e-02
1.806614e-03 5.073310e-01 1.462205e-01 7.699738e-02 8.097948e-03 -1.690998e-01 6.764403e-02 6.895915e-02 4.788594e-03 3.889464e-02 3.017556e-03 1.354208e-01 3.164819e-02
2.709921e-03 6.050761e-01 1.269988e-01 9.634464e-02 8.632404e-03 -1.849115e-01 5.962296e-02 7.629623e-02 7.595273e-03 3.818626e-02 1.200174e-02 1.433404e-01 2.662818e-02
4.215432e-03 6.998196e-01 1.461572e-01 6.459303e-02 1.671013e-02 -2.779059e-01 6.895870e-02 5.667523e-02 7.017427e-03 2.619259e-02 9.709197e-03 1.822763e-01 3.226913e-02
6.323149e-03 1.754704e+00 5.224393e-01 2.030376e-01 7.154161e-02 -6.135507e-01 1.697594e-01 8.031151e-02 1.357766e-02 -1.108987e-02 1.805469e-02 3.062950e-01 6.507936e-02
9.033069e-03 6.808595e-01 9.364014e-02 9.134901e-02 2.306717e-02 -2.262720e-01 3.208606e-02 6.424566e-02 4.857786e-03 1.895084e-02 1.018305e-02 1.627112e-01 1.846072e-02
1.234519e-02 8.310956e-01 1.436037e-01 1.096918e-01 2.690582e-02 -2.588040e-01 4.124864e-02 7.674931e-02 7.137342e-03 2.555042e-02 1.798567e-02 2.078299e-01 2.164047e-02
1.625952e-02 8.392435e-01 8.132101e-02 1.222646e-01 1.387512e-02 -2.469129e-01 4.838242e-02 9.425210e-02 7.215613e-03 2.154141e-02 5.118741e-03 2.077461e-01 2.268025e-02
2.408819e-03 7.515969e-01 1.441961e-01 9.072647e-02 8.903677e-03 -2.652765e-01 6.104011e-02 6.157935e-02 1.942085e-03 1.973599e-02 4.400747e-03 1.573247e-01 2.908807e-02
2.709921e-03 8.478412e-01 1.277497e-01 1.070380e-01 9.699437e-03 -3.003777e-01 6.379749e-02 5.860567e-02 5.989856e-03 9.625985e-03 4.355887e-03 1.685941e-01 3.082842e-02
3.613228e-03 7.526969e-01 1.779801e-01 8.941098e-02 1.294335e-02 -2.635836e-01 7.143409e-02 6.415089e-02 3.184064e-03 2.648794e-02 5.924481e-03 1.697366e-01 3.252815e-02
5.118739e-03 1.115765e+00 3.079137e-01 1.364454e-01 3.417412e-02 -3.875720e-01 1.200424e-01 7.086580e-02 3.919228e-03 1.290515e-02 1.714958e-02 2.256869e-01 4.413087e-02
7.226456e-03 7.054407e-01 7.351179e-02 8.201237e-02 1.189187e-02 -2.566054e-01 4.299392e-02 6.519728e-02 7.159622e-03 2.781548e-02 9.663378e-03 1.874711e-01 2.046670e-02
9.936376e-03 1.039381e+00 2.650455e-01 1.311866e-01 3.376488e-02 -3.696859e-01 1.244890e-01 6.913300e-02 1.101193e-02 3.128868e-03 8.577262e-03 2.251819e-01 5.962593e-02
1.324850e-02 1.007033e+00 9.246967e-02 1.246495e-01 1.655600e-02 -3.299751e-01 5.043524e-02 8.288009e-02 5.681627e-03 9.852083e-03 1.833170e-03 2.232488e-01 2.714673e-02
1.716283e-02 8.840113e-01 1.011800e-01 9.894028e-02 1.550986e-02 -3.551730e-01 4.437325e-02 8.121510e-02 7.435394e-03 2.161226e-02 8.242678e-03 2.911717e-01 3.056087e-02
3.914330e-03 8.546212e-01 1.563524e-01 1.099223e-01 1.984083e-02 -2.901413e-01 7.941522e-02 6.580125e-02 5.996797e-03 1.523335e-02 5.046069e-03 1.662922e-01 4.065497e-02
4.215432e-03 8.156954e-01 1.819719e-01 1.046586e-01 2.926270e-02 -2.847669e-01 6.529001e-02 5.848004e-02 2.862075e-03 9.846937e-03 1.373066e-02 1.659206e-01 2.554269e-02
5.118739e-03 6.371933e-01 1.296389e-01 7.522360e-02 1.938713e-02 -2.201990e-01 5.313337e-02 5.440959e-02 8.795048e-03 2.012051e-02 4.234747e-03 1.413521e-01 2.151815e-02
6.624251e-03 7.836170e-01 2.690242e-01 1.121410e-01 2.942619e-02 -2.551383e-01 1.118323e-01 6.680381e-02 1.172015e-02 1.423366e-02 8.508843e-03 1.588480e-01 4.933329e-02
8.731967e-03 7.072460e-01 1.813217e-01 8.776563e-02 2.451937e-02 -2.638506e-01 7.366821e-02 7.253250e-02 8.857787e-03 3.261537e-02 1.603898e-02 2.078003e-01 2.481593e-02
1.144189e-02 7.915611e-01 9.287895e-02 6.827352e-02 2.542522e-02 -2.953143e-01 3.114131e-02 7.061020e-02 6.726945e-03 2.558824e-02 9.068347e-03 2.069709e-01 1.199737e-02
1.475401e-02 7.254098e-01 2.737509e-02 1.050899e-01 1.439314e-02 -2.041248e-01 1.344174e-02 8.870647e-02 8.948168e-03 2.223857e-02 4.417722e-03 1.654960e-01 6.501749e-03
1.866834e-02 9.595512e-01 1.107541e-01 1.313817e-01 7.773423e-03 -3.104816e-01 4.690575e-02 8.758687e-02 5.254362e-03 -4.111128e-03 5.731661e-03 2.397971e-01 2.460942e-02
6.022046e-03 6.866847e-01 1.315152e-01 6.587215e-02 2.015023e-02 -2.703428e-01 6.759021e-02 6.346631e-02 5.990462e-03 3.129388e-02 8.352172e-03 1.891653e-01 3.775866e-02
6.323149e-03 8.767391e-01 2.567246e-01 1.411676e-01 4.297081e-02 -2.562811e-01 8.279459e-02 8.406870e-02 1.263191e-02 2.256125e-02 1.143043e-02 1.719438e-01 3.211860e-02
7.226456e-03 6.556240e-01 1.373788e-01 8.843217e-02 2.586932e-02 -2.233029e-01 3.857130e-02 6.567458e-02 6.247117e-03 2.134634e-02 8.049127e-03 1.612258e-01 1.573850e-02
8.731967e-03 8.711416e-01 1.363723e-01 1.152857e-01 1.760047e-02 -2.908653e-01 5.539874e-02 6.505188e-02 6.458356e-03 7.710162e-03 4.343845e-03 1.744826e-01 2.536668e-02
1.083968e-02 8.497708e-01 1.938741e-01 9.539238e-02 1.702950e-02 -3.108619e-01 7.729251e-02 6.977516e-02 5.878450e-03 1.395775e-02 9.511989e-03 2.074463e-01 3.204859e-02
1.354960e-02 7.822211e-01 1.785701e-01 9.120207e-02 6.525798e-03 -2.776018e-01 8.391700e-02 8.163560e-02 5.089860e-03 3.325522e-02 1.036823e-02 2.277985e-01 2.875376e-02
1.686173e-02 7.557251e-01 6.030213e-02 1.116318e-01 1.108154e-02 -2.331098e-01 2.441865e-02 8.349534e-02 4.884668e-03 1.063613e-02 6.066676e-03 1.799025e-01 1.384404e-02
2.077606e-02 1.005996e+00 1.241666e-01 1.427641e-01 1.033342e-02 -3.087916e-01 4.787136e-02 1.125205e-01 1.451936e-02 6.723562e-03 2.621897e-03 2.377692e-01 2.330818e-02
8.731967e-03 6.284864e-01 7.725542e-02 1.009599e-01 1.289201e-02 -1.675508e-01 3.129208e-02 6.837056e-02 3.389129e-03 2.570073e-02 8.827566e-03 1.370951e-01 1.876927e-02
9.033069e-03 7.591928e-01 1.131468e-01 1.031091e-01 1.815595e-02 -2.479186e-01 5.040402e-02 6.804750e-02 9.137118e-03 2.323492e-02 1.068309e-02 1.803416e-01 1.274075e-02
9.936376e-03 8.288143e-01 1.102302e-01 1.260357e-01 1.577156e-02 -2.501552e-01 5.013548e-02 7.250613e-02 9.005740e-03 6.686065e-03 7.357584e-03 1.595601e-01 2.016959e-02
1.144189e-02 7.101598e-01 5.322812e-02 9.486407e-02 1.102804e-02 -2.370651e-01 2.244747e-02 7.330114e-02 2.687393e-03 2.038611e-02 7.834777e-03 1.861472e-01 1.036544e-02
1.354960e-02 1.110245e+00 2.143960e-01 1.608272e-01 4.492658e-02 -3.594250e-01 6.460727e-02 9.179013e-02 1.369439e-02 7.765394e-03 1.054107e-02 2.366053e-01 2.189220e-02
1.625952e-02 8.949460e-01 1.283476e-01 1.621797e-01 2.854574e-02 -2.542435e-01 4.622993e-02 9.156095e-02 6.111330e-03 -2.613226e-03 8.155958e-03 1.853166e-01 2.678124e-02
1.957165e-02 8.857783e-01 1.696250e-01 1.064694e-01 3.425797e-02 -2.916498e-01 3.783386e-02 9.170635e-02 1.006904e-02 1.690074e-02 1.316066e-02 2.237295e-01 1.520509e-02
2.348598e-02 7.772984e-01 8.635920e-02 9.860593e-02 1.465345e-02 -2.780611e-01 3.210289e-02 1.161990e-01 1.334917e-02 2.103230e-02 1.292988e-02 2.778470e-01 2.116133e-02
1.204409e-02 9.007267e-01 1.815446e-01 1.011711e-01 1.827630e-02 -3.009001e-01 6.865555e-02 6.657586e-02 4.268684e-03 7.423447e-03 6.107694e-03 1.931690e-01 2.623726e-02
1.234519e-02 7.502944e-01 1.116208e-01 1.140750e-01 1.378477e-02 -2.315728e-01 5.635541e-02 7.520553e-02 7.598554e-03 1.486157e-02 6.761427e-03 1.807346e-01 3.412025e-02
1.324850e-02 1.148791e+00 1.870166e-01 1.075086e-01 2.353629e-02 -4.445682e-01 6.372196e-02 8.258465e-02 9.443274e-03 2.074780e-02 1.513628e-02 2.980127e-01 2.449185e-02
1.475401e-02 1.010014e+00 1.236842e-01 1.312495e-01 1.522071e-02 -3.636905e-01 4.629970e-02 9.462319e-02 4.704688e-03 7.924510e-03 5.530294e-03 2.492285e-01 2.507213e-02
1.686173e-02 9.820550e-01 1.424242e-01 1.399620e-01 2.854806e-02 -3.069925e-01 5.336352e-02 8.846883e-02 8.717000e-03 1.104823e-02 8.613484e-03 2.442004e-01 1.639315e-02
1.957165e-02 9.331262e-01 9.522852e-02 1.197995e-01 1.840442e-02 -3.120549e-01 4.472427e-02 9.085228e-02 1.063966e-02 1.286283e-02 9.874524e-03 2.680743e-01 1.928163e-02
2.288378e-02 9.168828e-01 3.815274e-02 1.145960e-01 1.809443e-02 -3.292799e-01 2.571821e-02 1.168918e-01 1.024250e-02 1.033399e-02 7.837513e-03 2.793862e-01 2.385592e-02
2.679811e-02 8.931358e-01 1.342894e-01 1.358761e-01 3.126050e-02 -2.590154e-01 7.691899e-02 1.397969e-01 6.855995e-03 2.152725e-02 1.292409e-02 3.077009e-01 3.833922e-02
1.595842e-02 6.578453e-01 5.991277e-02 9.834532e-02 2.368162e-02 -1.993518e-01 2.137370e-02 8.982295e-02 5.838318e-03 1.854503e-02 8.599385e-03 1.775758e-01 1.774094e-02
1.625952e-02 8.608299e-01 1.124932e-01 1.369675e-01 3.611153e-02 -2.465022e-01 3.343985e-02 9.479449e-02 8.738048e-03 1.357673e-02 1.769819e-02 2.008582e-01 1.116299e-02
1.716283e-02 1.002068e+00 1.044293e-01 1.525686e-01 3.599919e-02 -2.941773e-01 2.419987e-02 9.831025e-02 8.659463e-03 1.261137e-02 1.673340e-02 2.293997e-01 1.605032e-02
1.866834e-02 7.542097e-01 4.736184e-02 1.105428e-01 8.004806e-03 -2.352388e-01 2.500136e-02 1.023210e-01 3.832291e-03 1.932690e-02 7.291358e-03 2.059557e-01 1.636079e-02
2.077606e-02 1.043300e+00 1.342550e-01 1.662668e-01 3.820193e-02 -3.197944e-01 5.989142e-02 1.195198e-01 1.218108e-02 8.570215e-03 1.439857e-02 2.535034e-01 2.609372e-02
2.348598e-02 9.657266e-01 2.063580e-01 1.543753e-01 3.191484e-02 -2.528845e-01 6.708201e-02 1.116170e-01 9.887615e-03 6.639727e-03 1.113215e-02 2.308244e-01 3.448279e-02
2.679811e-02 9.138580e-01 8.782511e-02 1.430584e-01 1.416510e-02 -3.223312e-01 3.707908e-02 1.335416e-01 1.515024e-02 1.102651e-02 5.413101e-03 3.045568e-01 2.118904e-02
3.071244e-02 9.246292e-01 1.499405e-01 1.467405e-01 2.970110e-02 -2.550455e-01 8.869944e-02 1.629188e-01 7.454277e-03 2.363884e-02 1.344590e-02 3.052715e-01 4.369168e-02
2.709921e-03 1.135443e+00 1.887743e-01 1.190597e-01 3.207243e-02 -4.249527e-01 7.207279e-02 6.333577e-02 3.008539e-03 9.547905e-03 1.264158e-02 2.282062e-01 3.152861e-02
3.011023e-03 1.100024e+00 2.713221e-01 1.359263e-01 3.329639e-02 -3.996162e-01 1.043581e-01 6.405505e-02 8.002929e-03 -1.449684e-03 9.652902e-03 2.063696e-01 4.479863e-02
3.914330e-03 5.860332e-01 5.372604e-02 8.421815e-02 1.148699e-02 -1.950087e-01 2.212118e-02 7.556186e-02 7.956258e-03 4.084338e-02 1.003261e-02 1.572650e-01 1.368366e-02
5.419842e-03 8.383047e-01 1.158881e-01 1.114750e-01 1.815507e-02 -2.961282e-01 4.999338e-02 6.671595e-02 4.761294e-03 1.458497e-02 8.843230e-03 1.851160e-01 2.279459e-02
7.527558e-03 9.849119e-01 2.182507e-01 1.312731e-01 1.892534e-02 -3.372349e-01 1.023854e-01 8.284338e-02 7.034925e-03 2.409510e-02 8.064791e-03 2.233814e-01 5.118267e-02
1.023748e-02 9.866583e-01 1.878571e-01 1.376916e-01 4.147975e-02 -3.021513e-01 4.756688e-02 6.852602e-02 6.783701e-03 -4.763253e-04 1.481907e-02 1.825789e-01 8.296363e-03
1.354960e-02 1.305928e+00 3.610276e-01 1.870366e-01 5.260413e-02 -4.114904e-01 1.320414e-01 9.132784e-02 9.546201e-03 -5.504984e-03 1.636870e-02 2.378141e-01 5.697890e-02
1.746393e-02 8.153108e-01 6.055528e-02 1.016804e-01 1.172141e-02 -2.727122e-01 4.634701e-02 8.061264e-02 8.648023e-03 9.395331e-03 6.412445e-03 2.249774e-01 2.604462e-02
3.011023e-03 6.736431e-01 1.396692e-01 7.021284e-02 3.185200e-02 -2.514054e-01 5.513177e-02 6.651016e-02 7.112800e-03 3.866828e-02 1.008201e-02 1.780655e-01 2.456805e-02
3.312125e-03 7.723845e-01 2.560100e-01 8.168713e-02 2.673441e-02 -2.912380e-01 1.019519e-01 5.984926e-02 6.437170e-03 2.333403e-02 7.437758e-03 1.819482e-01 4.317202e-02
4.215432e-03 1.018211e+00 2.202776e-01 1.468980e-01 2.433707e-02 -3.229262e-01 8.919300e-02 7.264588e-02 7.398337e-03 9.502428e-03 6.461684e-03 1.809521e-01 3.866210e-02
5.720944e-03 7.278058e-01 8.149700e-02 9.420682e-02 6.969307e-03 -2.517913e-01 3.971744e-02 5.569207e-02 6.560461e-03 1.010406e-02 7.400032e-03 1.487812e-01 1.796576e-02
7.828660e-03 6.274729e-01 2.686281e-02 8.434457e-02 1.475889e-02 -1.947604e-01 1.336598e-02 6.366816e-02 7.804157e-03 2.652726e-02 6.085277e-03 1.486701e-01 9.672444e-03
1.053858e-02 7.316095e-01 1.501003e-01 9.014301e-02 2.416577e-02 -2.436584e-01 5.466587e-02 6.499214e-02 8.467297e-03 1.910211e-02 1.137501e-02 1.731952e-01 1.790490e-02
1.385071e-02 7.759655e-01 6.526084e-02 1.178758e-01 1.080527e-02 -2.493888e-01 3.545064e-02 8.994295e-02 3.906277e-03 1.587799e-02 2.895047e-03 1.923415e-01 1.724630e-02
1.776504e-02 8.963674e-01 6.144787e-02 1.073003e-01 2.457408e-02 -3.107407e-01 3.250170e-02 1.004505e-01 1.258686e-02 3.380535e-02 9.257768e-03 2.664128e-01 2.047446e-02
3.914330e-03 7.529837e-01 1.429021e-01 1.027680e-01 1.527466e-02 -2.513930e-01 6.078419e-02 7.337470e-02 5.016268e-03 2.639673e-02 6.920121e-03 1.637104e-01 2.537113e-02
4.215432e-03 5.744187e-01 2.006921e-01 6.865515e-02 1.703568e-02 -1.966616e-01 7.253003e-02 5.315300e-02 5.633415e-03 2.301460e-02 1.282221e-02 1.347333e-01 2.223944e-02
5.118739e-03 7.315694e-01 1.252492e-01 8.164437e-02 1.418504e-02 -2.443878e-01 5.099286e-02 6.700378e-02 4.359032e-03 3.672644e-02 7.571147e-03 1.778454e-01 1.998412e-02
6.624251e-03 8.114610e-01 1.389147e-01 1.129261e-01 2.583806e-02 -2.627902e-01 6.324876e-02 7.955639e-02 6.748520e-03 2.608430e-02 1.086566e-02 1.773003e-01 3.439830e-02
8.731967e-03 8.086408e-01 1.168783e-01 1.081872e-01 1.375941e-02 -2.739820e-01 4.750923e-02 7.150696e-02 4.487796e-03 1.418614e-02 3.622082e-03 1.749439e-01 2.302272e-02
1.144189e-02 8.580736e-01 1.321070e-01 1.233128e-01 1.734055e-02 -2.795125e-01 5.143299e-02 7.998528e-02 9.864900e-03 1.180929e-02 8.796512e-03 1.991010e-01 2.628837e-02
1.475401e-02 9.966088e-01 1.130711e-01 1.190690e-01 1.928055e-02 -3.400697e-01 3.405750e-02 7.212837e-02 5.048322e-03 3.518433e-03 3.905308e-03 2.318831e-01 1.096542e-02
1.866834e-02 1.256154e+00 2.549582e-01 1.731471e-01 3.226913e-02 -4.165525e-01 9.972477e-02 9.945586e-02 9.968477e-03 2.974184e-03 1.954524e-02 2.959502e-01 4.663553e-02
5.419842e-03 5.210692e-01 5.907565e-02 8.214316e-02 7.076307e-03 -1.648853e-01 2.817675e-02 6.154801e-02 5.529926e-03 2.563507e-02 5.658364e-03 1.301993e-01 9.457669e-03
5.720944e-03 8.558776e-01 1.093982e-01 8.163153e-02 1.151072e-02 -3.251680e-01 5.586514e-02 6.086391e-02 2.827191e-03 2.563039e-02 7.962088e-03 2.087771e-01 3.551307e-02
6.624251e-03 9.864007e-01 2.412119e-01 1.412411e-01 1.915519e-02 -3.475150e-01 1.196469e-01 7.114968e-02 4.693824e-03 1.588459e-03 9.497765e-03 2.064063e-01 5.941184e-02
8.129762e-03 8.886097e-01 1.488847e-01 9.517804e-02 9.834258e-03 -3.229608e-01 7.250068e-02 6.436734e-02 4.703083e-03 1.996084e-02 3.683958e-03 2.103103e-01 4.071043e-02
1.023748e-02 9.025104e-01 3.284936e-02 1.087652e-01 2.000974e-02 -3.085156e-01 2.411163e-02 6.747875e-02 5.366423e-03 1.081947e-02 6.742224e-03 2.005381e-01 1.351688e-02
1.294740e-02 7.729887e-01 1.330816e-01 8.021869e-02 1.411404e-02 -2.832001e-01 5.790850e-02 6.810176e-02 7.638301e-03 1.447630e-02 1.002034e-02 1.988708e-01 2.135805e-02
1.625952e-02 1.071832e+00 1.702827e-01 1.200968e-01 1.594444e-02 -3.233988e-01 6.077586e-02 8.752922e-02 3.093036e-03 1.638738e-02 8.473583e-03 2.246454e-01 2.363670e-02
2.017385e-02 8.777857e-01 4.666877e-02 1.260051e-01 1.795231e-02 -2.702416e-01 6.049262e-02 1.011773e-01 5.873558e-03 2.415081e-02 1.382382e-02 2.517796e-01 2.828603e-02
7.527558e-03 1.058441e+00 1.294843e-01 1.268233e-01 1.997801e-02 -3.671728e-01 4.993482e-02 7.448632e-02 4.702975e-03 2.049787e-02 1.118994e-02 2.365315e-01 2.174621e-02
7.828660e-03 7.180558e-01 2.083824e-01 1.049575e-01 3.052347e-02 -2.325037e-01 7.856039e-02 7.048665e-02 9.199040e-03 2.302021e-02 1.062237e-02 1.764554e-01 3.632779e-02
8.731967e-03 8.619187e-01 2.491308e-01 8.962642e-02 2.249009e-02 -3.228297e-01 9.885129e-02 7.604623e-02 5.110489e-03 2.808619e-02 1.489197e-02 2.110623e-01 4.619589e-02
1.023748e-02 6.836877e-01 1.561699e-01 9.110953e-02 2.743421e-02 -2.198453e-01 3.516748e-02 7.087509e-02 1.046208e-02 2.722837e-02 6.343814e-03 1.724134e-01 9.428223e-03
1.234519e-02 7.865318e-01 1.154798e-01 9.146005e-02 2.826090e-02 -2.965774e-01 4.244743e-02 8.398223e-02 5.757516e-03 3.568055e-02 1.012611e-02 2.434238e-01 1.311942e-02
1.505512e-02 7.988381e-01 4.395954e-02 1.159914e-01 1.323900e-02 -2.481754e-01 2.813902e-02 7.656934e-02 7.687621e-03 9.415357e-03 4.408621e-03 2.064984e-01 1.088726e-02
1.836724e-02 9.576289e-01 2.166586e-01 1.114028e-01 2.649774e-02 -3.598886e-01 9.724556e-02 1.056674e-01 1.240844e-02 2.485546e-02 1.745940e-02 2.752437e-01 5.727745e-02
2.228157e-02 8.432989e-01 9.248215e-02 9.800063e-02 2.128965e-02 -2.685030e-01 4.722735e-02 1.051615e-01 9.785310e-03 2.601064e-02 1.692755e-02 2.607265e-01 1.746953e-02
1.023748e-02 7.739093e-01 1.420439e-01 1.099677e-01 2.278335e-02 -2.539833e-01 4.612856e-02 7.599244e-02 1.285788e-02 2.194015e-02 1.481692e-02 1.964892e-01 2.133691e-02
1.053858e-02 6.683839e-01 1.352843e-01 9.637745e-02 1.880983e-02 -2.060301e-01 4.717895e-02 6.883699e-02 5.682097e-03 2.490719e-02 7.442021e-03 1.698991e-01 2.684345e-02
1.144189e-02 7.627584e-01 1.023977e-01 9.350792e-02 1.858802e-02 -2.259972e-01 3.582407e-02 7.204635e-02 7.282832e-03 2.220076e-02 2.983811e-03 1.606426e-01 2.145515e-02
1.294740e-02 9.182000e-01 1.330740e-01 1.278485e-01 2.711872e-02 -2.875025e-01 3.605225e-02 7.950893e-02 1.196313e-02 1.283137e-02 6.630742e-03 1.932570e-01 9.504861e-03
1.505512e-02 8.118315e-01 1.401228e-01 1.109750e-01 2.073702e-02 -2.481543e-01 5.053457e-02 9.746695e-02 8.280884e-03 2.924415e-02 9.857999e-03 2.063313e-01 1.729215e-02
1.776504e-02 8.927970e-01 1.363651e-01 1.432996e-01 2.476829e-02 -2.773915e-01 4.740082e-02 1.085722e-01 1.177766e-03 1.585588e-02 1.410597e-02 2.225456e-01 1.575785e-02
2.107716e-02 7.377133e-01 8.443836e-02 1.126845e-01 1.411489e-02 -2.076543e-01 1.509357e-02 1.232956e-01 8.121750e-03 2.094868e-02 1.100938e-02 2.307490e-01 1.735129e-02
2.499149e-02 8.521367e-01 1.238405e-01 1.366270e-01 4.189201e-02 -2.322332e-01 3.299164e-02 1.288880e-01 7.286913e-03 3.156980e-02 1.484545e-02 2.667717e-01 2.239119e-02
1.354960e-02 7.519375e-01 9.164239e-02 1.280375e-01 1.792473e-02 -2.286864e-01 4.399540e-02 9.138295e-02 8.147596e-03 1.389824e-02 7.716903e-03 1.673690e-01 1.523255e-02
1.385071e-02 8.642960e-01 6.832980e-02 1.194752e-01 3.028132e-02 -2.791102e-01 1.608771e-02 8.932610e-02 7.091462e-03 2.652884e-02 6.756777e-03 2.127514e-01 1.813012e-02
1.475401e-02 8.852958e-01 2.194759e-02 8.833309e-02 8.004280e-03 -3.053862e-01 1.728608e-02 7.679492e-02 3.730553e-03 1.994135e-02 5.108910e-03 2.329272e-01 1.240790e-02
1.625952e-02 9.173417e-01 1.795249e-01 1.282067e-01 2.726466e-02 -2.772863e-01 5.552940e-02 9.273109e-02 4.322064e-03 1.973611e-02 1.471449e-02 2.157195e-01 2.037845e-02
1.836724e-02 7.911428e-01 1.283844e-01 9.528061e-02 3.379551e-02 -2.687245e-01 2.753058e-02 8.542862e-02 9.327540e-03 1.611796e-02 9.635936e-03 2.371518e-01 1.189115e-02
2.107716e-02 8.118787e-01 7.000369e-02 9.608986e-02 1.777615e-02 -2.889971e-01 2.352670e-02 8.563938e-02 4.271730e-03 2.153980e-02 9.463840e-03 2.782195e-01 3.137230e-02
2.438929e-02 7.463346e-01 6.040693e-02 8.726602e-02 3.286405e-02 -2.636613e-01 2.834609e-02 9.351505e-02 6.103690e-03 7.317341e-03 1.718464e-02 2.609321e-01 1.856010e-02
2.830362e-02 8.322443e-01 6.805937e-02 1.082757e-01 1.797715e-02 -2.638232e-01 3.201229e-02 1.466587e-01 1.745246e-02 1.629948e-02 1.210844e-02 2.938604e-01 2.250992e-02
1.746393e-02 8.754956e-01 7.738554e-02 8.474265e-02 1.737785e-02 -2.966771e-01 4.567745e-02 9.289092e-02 6.592735e-03 3.860264e-02 1.623028e-02 2.537169e-01 3.622721e-02
1.776504e-02 9.213069e-01 9.608357e-02 7.409760e-02 1.795698e-02 -3.378752e-01 3.991712e-02 7.959625e-02 2.705818e-03 2.450102e-02 6.029940e-03 2.543354e-01 1.633985e-02
1.866834e-02 8.282978e-01 9.387807e-02 1.080681e-01 3.057319e-02 -2.725645e-01 3.074632e-02 1.027562e-01 7.495434e-03 3.314565e-02 1.020876e-02 2.473058e-01 2.376632e-02
2.017385e-02 9.065076e-01 1.341621e-01 1.016374e-01 2.443627e-02 -3.374995e-01 5.761529e-02 8.376620e-02 5.436682e-03 1.278386e-02 1.448735e-02 2.701363e-01 3.665085e-02
2.228157e-02 9.292744e-01 1.162095e-01 1.275356e-01 3.621140e-02 -3.379111e-01 2.940004e-02 9.745926e-02 7.423514e-03 -1.338645e-03 1.435385e-02 2.765450e-01 1.473640e-02
2.499149e-02 9.690571e-01 2.148771e-01 1.179308e-01 1.768142e-02 -3.129080e-01 8.882837e-02 1.035935e-01 1.005690e-02 -7.719867e-03 5.766320e-03 2.614750e-01 3.764624e-02
2.830362e-02 8.902556e-01 1.182578e-01 1.087359e-01 3.074924e-02 -2.753895e-01 3.540814e-02 1.115585e-01 1.427569e-02 2.524403e-02 1.495744e-02 2.954856e-01 1.847082e-02
3.221795e-02 9.082074e-01 1.574602e-01 9.832464e-02 3.156880e-02 -2.768263e-01 3.562513e-02 1.755112e-01 2.764218e-02 1.954074e-02 1.130463e-02 3.599642e-01 2.100801e-02
4.817637e-03 7.670162e-01 8.742065e-02 7.527819e-02 2.861906e-02 -2.949756e-01 2.786422e-02 5.333488e-02 6.149298e-03 2.130713e-02 5.517627e-03 1.918001e-01 1.601852e-02
5.118739e-03 1.030819e+00 4.783074e-01 1.204033e-01 3.652685e-02 -3.730456e-01 1.979264e-01 6.258367e-02 6.338938e-03 1.159735e-02 1.242769e-02 2.198112e-01 8.403383e-02
6.022046e-03 1.121119e+00 7.075047e-02 8.124554e-02 1.617332e-02 -4.395919e-01 2.591179e-02 6.563398e-02 5.314313e-03 2.495903e-02 6.371901e-03 2.539113e-01 1.572515e-02
7.527558e-03 8.132429e-01 1.083969e-01 1.046497e-01 1.861941e-02 -2.624726e-01 4.603667e-02 7.043928e-02 4.418714e-03 2.946243e-02 5.483883e-03 1.909224e-01 2.390497e-02
9.635274e-03 1.163663e+00 3.374203e-01 1.274719e-01 3.598298e-02 -4.109337e-01 1.320296e-01 7.099087e-02 6.929391e-03 4.258246e-03 1.380141e-02 2.306903e-01 5.492670e-02
1.234519e-02 8.760689e-01 1.477037e-01 1.205001e-01 2.458658e-02 -2.955664e-01 6.366651e-02 9.053549e-02 9.879983e-03 1.582455e-02 8.799770e-03 1.949788e-01 2.869326e-02
1.565732e-02 9.382646e-01 1.884694e-01 1.308756e-01 1.538978e-02 -2.960344e-01 6.981658e-02 8.754536e-02 3.161266e-03 7.953022e-03 6.954209e-03 2.029013e-01 2.904778e-02
1.957165e-02 8.544946e-01 1.616937e-01 1.184444e-01 2.923948e-02 -2.608498e-01 4.129827e-02 9.802496e-02 1.164036e-02 2.872252e-02 1.397032e-02 2.459733e-01 1.633316e-02
5.118739e-03 1.035206e+00 1.163352e-01 1.000455e-01 1.704791e-02 -3.877182e-01 4.144579e-02 5.986712e-02 3.482012e-03 1.527863e-02 6.091076e-03 2.200274e-01 2.240889e-02
5.419842e-03 6.772934e-01 4.851590e-02 1.144683e-01 1.279773e-02 -2.035059e-01 2.748723e-02 7.815907e-02 9.203185e-03 1.951859e-02 5.076934e-03 1.343092e-01 1.225039e-02
6.323149e-03 8.105652e-01 1.150921e-01 1.177295e-01 1.469521e-02 -2.491140e-01 4.029234e-02 7.079492e-02 3.796440e-03 2.024986e-02 4.805128e-03 1.677932e-01 1.631582e-02
7.828660e-03 9.076965e-01 1.225837e-01 1.131607e-01 1.661835e-02 -3.085445e-01 5.087942e-02 6.930729e-02 2.574513e-03 1.514941e-02 1.004832e-02 1.918557e-01 2.731700e-02
9.936376e-03 9.418514e-01 1.043614e-01 1.198229e-01 2.055379e-02 -3.083562e-01 3.483594e-02 7.341745e-02 1.126104e-02 1.007673e-02 9.799698e-03 1.948194e-01 1.777158e-02
1.264630e-02 8.148837e-01 4.088687e-02 9.831987e-02 2.197314e-02 -2.950914e-01 2.090128e-02 7.470084e-02 5.921832e-03 1.483160e-02 8.692703e-03 2.046360e-01 1.529274e-02
1.595842e-02 8.812492e-01 2.009435e-01 1.551268e-01 4.151046e-02 -2.622717e-01 4.692363e-02 9.808081e-02 5.732760e-03 7.684628e-03 1.137971e-02 2.088061e-01 1.822501e-02
1.987275e-02 9.345849e-01 1.956887e-01 8.895793e-02 2.153965e-02 -3.844508e-01 8.918463e-02 8.625529e-02 7.609603e-03 1.512647e-02 9.822217e-03 2.923183e-01 3.778979e-02
6.022046e-03 9.239404e-01 1.958934e-01 1.328828e-01 3.708883e-02 -2.943049e-01 5.890966e-02 7.365351e-02 7.300616e-03 1.174042e-02 1.518606e-02 1.781017e-01 2.128485e-02
6.323149e-03 1.117997e+00 3.072605e-01 1.671913e-01 4.797531e-02 -3.717038e-01 1.010090e-01 8.945636e-02 1.267476e-02 1.297221e-02 1.205982e-02 2.255248e-01 3.952323e-02
7.226456e-03 6.735716e-01 1.098765e-01 3.919401e-02 6.476315e-03 -2.900180e-01 5.539329e-02 6.120574e-02 8.625011e-03 4.290509e-02 8.172335e-03 2.119744e-01 2.317730e-02
8.731967e-03 1.120934e+00 2.215575e-01 1.180735e-01 2.966799e-02 -4.172731e-01 7.787662e-02 6.654306e-02 7.906099e-03 7.999647e-03 1.025458e-02 2.443979e-01 2.399500e-02
1.083968e-02 7.170713e-01 8.735113e-02 7.565126e-02 2.012429e-02 -2.603319e-01 2.309405e-02 7.328919e-02 4.748394e-03 3.138793e-02 1.252331e-02 2.020686e-01 1.261205e-02
1.354960e-02 8.948470e-01 7.776666e-02 1.405644e-01 1.243371e-02 -2.742364e-01 2.481430e-02 9.642402e-02 4.111668e-03 8.257388e-03 4.706889e-03 1.853264e-01 1.062431e-02
1.686173e-02 7.927356e-01 9.510278e-02 9.434775e-02 3.032829e-02 -2.891845e-01 3.309934e-02 8.639553e-02 8.393675e-03 1.803324e-02 1.015020e-02 2.299861e-01 2.559429e-02
2.077606e-02 9.665680e-01 1.185554e-01 1.011883e-01 2.466479e-02 -3.093439e-01 5.040850e-02 1.006002e-01 8.815131e-03 2.466996e-02 1.519427e-02 2.658661e-01 1.684644e-02
7.527558e-03 6.085409e-01 5.774025e-02 8.459158e-02 1.076823e-02 -1.944557e-01 2.993003e-02 7.700397e-02 7.350506e-03 3.624550e-02 7.540432e-03 1.562754e-01 1.484735e-02
7.828660e-03 7.704008e-01 1.751147e-01 9.033142e-02 1.648164e-02 -2.662847e-01 7.231048e-02 6.634629e-02 3.614818e-03 2.002828e-02 7.952851e-03 1.803468e-01 3.531183e-02
8.731967e-03 9.515304e-01 1.533011e-01 9.846168e-02 3.393910e-02 -3.480635e-01 4.123147e-02 6.953037e-02 4.870577e-03 2.256127e-02 1.224702e-02 2.245463e-01 1.323692e-02
1.023748e-02 1.199354e+00 1.187659e-01 1.262368e-01 1.673480e-02 -4.143466e-01 5.670449e-02 6.732451e-02 2.396711e-03 9.006243e-03 8.982874e-03 2.449878e-01 2.342170e-02
1.234519e-02 8.602792e-01 1.916306e-01 1.130664e-01 3.664176e-02 -3.046364e-01 7.639859e-02 7.776068e-02 1.320007e-02 1.654405e-02 1.436055e-02 2.296858e-01 4.099703e-02
1.505512e-02 7.948656e-01 8.925371e-02 8.008091e-02 6.569291e-03 -2.840857e-01 4.172907e-02 8.194591e-02 5.484592e-03 3.498751e-02 6.572250e-03 2.472494e-01 2.661465e-02
1.836724e-02 9.904133e-01 1.064768e-01 1.213512e-01 1.474434e-02 -3.338785e-01 4.631969e-02 9.070545e-02 7.414056e-03 1.005311e-02 1.063240e-02 2.546236e-01 2.751167e-02
2.228157e-02 8.614340e-01 1.084510e-01 1.160026e-01 2.259697e-02 -2.873536e-01 5.502630e-02 1.048367e-01 8.076636e-03 1.135526e-02 7.053247e-03 2.487244e-01 3.284809e-02
9.635274e-03 7.522293e-01 1.233115e-01 1.062057e-01 1.785572e-02 -2.576212e-01 4.480272e-02 7.388954e-02 5.337138e-03 1.437153e-02 7.746718e-03 1.757642e-01 1.341298e-02
9.936376e-03 9.562168e-01 2.889797e-01 1.404674e-01 4.664660e-02 -2.961276e-01 9.448112e-02 8.617166e-02 8.757281e-03 1.668563e-02 1.028722e-02 1.933183e-01 3.866259e-02
1.083968e-02 7.944502e-01 1.375273e-01 1.202282e-01 3.130437e-02 -2.378490e-01 4.527487e-02 7.235031e-02 5.150547e-03 1.160406e-02 1.086321e-02 1.691009e-01 2.080391e-02
1.234519e-02 7.959352e-01 8.828790e-02 1.163416e-01 2.865389e-02 -2.786482e-01 3.184142e-02 8.181651e-02 9.375995e-03 1.377066e-02 6.916055e-03 2.063832e-01 1.292848e-02
1.445291e-02 8.007645e-01 7.785332e-02 9.790350e-02 1.853169e-02 -2.674439e-01 4.186738e-02 8.146519e-02 2.951155e-03 2.583062e-02 7.787906e-03 2.160776e-01 2.647232e-02
1.716283e-02 8.167195e-01 6.287984e-02 9.200371e-02 2.162455e-02 -2.760674e-01 1.777086e-02 8.782312e-02 1.440468e-02 2.777109e-02 8.928522e-03 2.313124e-01 1.133231e-02
2.047496e-02 9.723294e-01 1.981010e-01 1.605260e-01 2.859656e-02 -2.904354e-01 5.754720e-02 1.105130e-01 4.120834e-03 1.088548e-02 1.547782e-02 2.481365e-01 2.029312e-02
2.438929e-02 9.413112e-01 1.450131e-01 1.366337e-01 2.849343e-02 -2.812091e-01 6.545502e-02 1.168378e-01 1.194452e-02 -4.102444e-03 1.434050e-02 2.638610e-01 2.661294e-02
1.234519e-02 9.639383e-01 1.787217e-01 1.134825e-01 2.826302e-02 -3.403673e-01 6.994442e-02 8.267688e-02 9.512255e-03 1.721994e-02 7.402654e-03 2.258327e-01 3.485591e-02
1.264630e-02 8.470426e-01 1.272605e-01 1.025530e-01 1.533433e-02 -2.657207e-01 5.635822e-02 7.728032e-02 6.194191e-03 3.010758e-02 8.670744e-03 2.058706e-01 2.386738e-02
1.354960e-02 1.150704e+00 1.271145e-01 1.493867e-01 1.969738e-02 -3.430805e-01 6.259011e-02 7.654932e-02 4.388264e-03 6.764541e-05 8.013614e-03 1.987021e-01 3.539129e-02
1.505512e-02 8.778944e-01 1.575333e-01 1.370988e-01 2.688165e-02 -2.835362e-01 7.117252e-02 8.512071e-02 8.526907e-03 1.828131e-03 8.574415e-03 2.025129e-01 2.490440e-02
1.716283e-02 8.702762e-01 1.259294e-01 1.113033e-01 2.022671e-02 -2.640955e-01 5.679299e-02 8.961519e-02 7.011070e-03 2.079553e-02 4.873620e-03 2.249612e-01 2.243967e-02
1.987275e-02 9.001996e-01 1.126609e-01 1.199024e-01 1.843894e-02 -3.038094e-01 2.677727e-02 1.022383e-01 6.412982e-03 1.645872e-02 1.148619e-02 2.450580e-01 1.860409e-02
2.318488e-02 9.193345e-01 1.030754e-01 1.191259e-01 2.083792e-02 -3.147561e-01 2.635544e-02 9.823931e-02 7.603894e-03 2.277701e-04 9.882267e-03 2.684952e-01 1.541403e-02
2.709921e-02 9.040451e-01 5.271407e-02 1.282848e-01 5.834586e-03 -2.741191e-01 3.459293e-02 1.197116e-01 9.513799e-03 3.776004e-03 6.720392e-03 2.669069e-01 3.131968e-02
1.565732e-02 9.867443e-01 2.532221e-01 1.577336e-01 2.350282e-02 -3.088390e-01 1.147254e-01 9.765719e-02 8.576176e-03 1.552523e-02 1.428963e-02 2.353868e-01 4.299403e-02
1.595842e-02 5.229946e-01 6.816929e-02 7.699050e-02 6.959565e-03 -1.669696e-01 4.031422e-02 8.838200e-02 4.050632e-03 2.768789e-02 4.843103e-03 1.800875e-01 2.621463e-02
1.686173e-02 8.433840e-01 1.272206e-01 8.968140e-02 3.275242e-02 -2.915791e-01 3.447444e-02 8.799367e-02 6.497723e-03 2.719096e-02 1.014596e-02 2.190004e-01 7.249110e-03
1.836724e-02 6.644140e-01 5.214663e-02 9.365966e-02 1.861057e-02 -2.090273e-01 3.818232e-02 8.885788e-02 9.849579e-03 1.923414e-02 5.869776e-03 2.007103e-01 1.793161e-02
2.047496e-02 8.945919e-01 1.848355e-01 1.462849e-01 3.913716e-02 -2.893372e-01 6.086508e-02 1.140522e-01 1.763631e-02 3.893816e-03 1.576633e-02 2.313370e-01 3.138580e-02
2.318488e-02 1.150760e+00 9.811470e-02 1.584094e-01 3.189738e-02 -3.850708e-01 3.664021e-02 1.202026e-01 9.600703e-03 -7.914773e-03 1.126116e-02 2.574706e-01 1.705661e-02
2.649700e-02 7.927616e-01 7.001703e-02 8.174668e-02 3.491849e-02 -2.654449e-01 1.932588e-02 1.313152e-01 1.312938e-02 2.395835e-02 1.379118e-02 3.062630e-01 2.095474e-02
3.041133e-02 9.720615e-01 1.298659e-01 1.197285e-01 3.081804e-02 -2.997315e-01 6.047923e-02 1.520505e-01 1.600404e-02 8.299276e-03 1.333720e-02 3.452516e-01 4.715163e-02
1.957165e-02 8.828777e-01 8.169505e-02 1.444472e-01 2.551302e-02 -2.886915e-01 2.793193e-02 9.877203e-02 7.423608e-03 4.803855e-03 5.589145e-03 2.160458e-01 2.090280e-02
1.987275e-02 8.380140e-01 8.988202e-02 9.383461e-02 1.559763e-02 -2.894517e-01 3.105790e-02 9.072141e-02 3.657534e-03 2.155908e-02 9.111284e-03 2.462663e-01 2.725354e-02
2.077606e-02 1.290104e+00 3.041006e-01 1.874646e-01 3.621509e-02 -4.348517e-01 1.231012e-01 1.187235e-01 1.169649e-02 -1.074388e-02 8.288224e-03 3.192163e-01 5.986473e-02
2.228157e-02 9.408401e-01 9.831768e-02 1.377795e-01 2.557017e-02 -2.782561e-01 4.983025e-02 1.005210e-01 5.972311e-03 2.284326e-02 1.099392e-02 2.590768e-01 2.511291e-02
2.438929e-02 1.033608e+00 9.324006e-02 1.648719e-01 1.785232e-02 -3.564458e-01 3.519216e-02 1.305107e-01 6.778384e-03 2.995207e-03 6.233098e-03 3.105019e-01 1.098902e-02
2.709921e-02 9.999967e-01 1.219364e-01 9.817857e-02 4.227142e-02 -3.356592e-01 3.821066e-02 1.281181e-01 6.686182e-03 2.801585e-02 1.300437e-02 3.449790e-01 2.235026e-02
3.041133e-02 8.253613e-01 3.007751e-02 8.141927e-02 2.958055e-02 -2.540299e-01 3.618755e-02 1.401500e-01 1.958776e-02 2.734605e-02 1.840226e-02 3.143046e-01 3.370545e-02
3.432566e-02 9.714252e-01 1.309946e-01 1.121139e-01 1.511198e-02 -3.429481e-01 6.234967e-02 1.465049e-01 7.457337e-03 -2.601052e-02 1.575217e-02 4.338818e-01 2.970974e-02
7.527558e-03 6.276323e-01 1.212693e-01 8.868795e-02 1.565540e-02 -2.082442e-01 4.884610e-02 7.130328e-02 3.681707e-03 2.527772e-02 8.824171e-03 1.581933e-01 1.933755e-02
7.828660e-03 8.629094e-01 1.355658e-01 1.033585e-01 2.629246e-02 -2.956287e-01 6.157896e-02 6.800245e-02 8.346980e-03 2.025144e-02 8.062907e-03 1.918881e-01 2.687479e-02
8.731967e-03 1.124880e+00 3.504580e-01 1.074289e-01 3.972026e-02 -4.179835e-01 1.332493e-01 7.584448e-02 4.078042e-03 2.411235e-02 1.620393e-02 2.572368e-01 5.643045e-02
1.023748e-02 1.056325e+00 1.838850e-01 1.530143e-01 3.607878e-02 -3.338691e-01 4.428765e-02 8.416516e-02 9.983302e-03 8.912741e-03 1.471720e-02 2.068220e-01 5.290786e-03
1.234519e-02 9.456490e-01 1.306188e-01 9.795782e-02 2.789795e-02 -3.295780e-01 4.417933e-02 6.775639e-02 1.015220e-02 1.422836e-02 5.560630e-03 2.225906e-01 1.752007e-02
1.505512e-02 8.691948e-01 1.301916e-01 1.139843e-01 1.212591e-02 -2.877634e-01 6.618332e-02 8.779589e-02 4.840466e-03 2.116595e-02 5.008109e-03 2.065172e-01 2.880391e-02
1.836724e-02 8.509146e-01 6.801744e-02 8.710056e-02 1.669689e-02 -2.976500e-01 2.479956e-02 8.035978e-02 5.893596e-03 1.692423e-02 1.195689e-02 2.350811e-01 2.759575e-02
2.228157e-02 1.052237e+00 7.182447e-02 1.330125e-01 1.622468e-02 -3.531677e-01 3.189379e-02 1.193131e-01 1.008239e-02 1.871225e-02 1.024745e-02 2.993788e-01 2.530339e-02
7.828660e-03 6.593368e-01 4.115030e-02 6.087940e-02 6.247757e-03 -2.472342e-01 2.549658e-02 6.558336e-02 3.864688e-03 3.655746e-02 7.953430e-03 1.895347e-01 1.947478e-02
8.129762e-03 9.214540e-01 1.730648e-01 1.010306e-01 1.132658e-02 -3.271405e-01 8.041899e-02 7.625431e-02 4.141907e-03 2.807533e-02 6.543673e-03 2.171640e-01 3.993372e-02
9.033069e-03 7.312274e-01 1.032945e-01 1.144845e-01 8.361967e-03 -2.342000e-01 4.946234e-02 7.027674e-02 3.803184e-03 1.427532e-02 8.825822e-03 1.606442e-01 2.182835e-02
1.053858e-02 9.591443e-01 2.088268e-01 1.480148e-01 4.525874e-02 -2.905350e-01 5.764154e-02 8.209187e-02 1.111942e-02 8.977876e-03 1.109158e-02 1.883231e-01 1.827476e-02
1.264630e-02 1.010216e+00 2.131317e-01 1.375047e-01 1.911389e-02 -3.253048e-01 7.210596e-02 7.511734e-02 6.078163e-03 5.909403e-03 1.181640e-02 2.153109e-01 2.429855e-02
1.535622e-02 7.922493e-01 9.486391e-02 8.190135e-02 3.114831e-02 -2.930708e-01 4.304172e-02 7.541875e-02 5.575694e-03 1.142096e-02 1.299887e-02 2.123045e-01 2.203665e-02
1.866834e-02 9.708962e-01 7.122114e-02 1.357442e-01 1.755335e-02 -3.236495e-01 3.971028e-02 9.717591e-02 1.083254e-02 7.764377e-03 4.145092e-03 2.504579e-01 3.009480e-02
2.258267e-02 8.628387e-01 1.315322e-01 1.249921e-01 2.899763e-02 -2.638181e-01 4.241479e-02 1.114726e-01 8.959954e-03 2.459646e-02 5.304113e-03 2.530320e-01 2.778132e-02
8.731967e-03 7.535606e-01 1.126730e-01 7.793730e-02 1.427130e-02 -2.669984e-01 4.701764e-02 7.251401e-02 1.024507e-02 3.754557e-02 7.978607e-03 1.980467e-01 2.551445e-02
9.033069e-03 6.320545e-01 6.398964e-02 9.181212e-02 2.320434e-02 -1.969320e-01 2.326376e-02 6.760932e-02 8.930961e-03 2.141380e-02 6.829386e-03 1.496833e-01 1.365935e-02
9.936376e-03 9.531785e-01 1.605610e-01 1.309535e-01 2.830306e-02 -3.512556e-01 5.931206e-02 8.473178e-02 5.828895e-03 9.868434e-03 9.809119e-03 2.332148e-01 2.700314e-02
1.144189e-02 9.955272e-01 1.008476e-01 1.426552e-01 1.381058e-02 -3.149420e-01 5.547440e-02 7.648835e-02 6.468932e-03 3.234441e-03 1.996197e-03 1.929921e-01 3.233477e-02
1.354960e-02 1.143423e+00 1.102935e-01 1.451967e-01 2.085474e-02 -3.644802e-01 3.371186e-02 8.324601e-02 7.948410e-03 1.078333e-02 4.676199e-03 2.329262e-01 1.195673e-02
1.625952e-02 9.641634e-01 1.663837e-01 1.123071e-01 2.241274e-02 -3.654754e-01 7.073962e-02 8.266803e-02 8.868894e-03 2.409381e-02 1.568495e-02 2.980843e-01 4.642600e-02
1.957165e-02 8.653632e-01 1.947275e-01 1.278664e-01 3.343422e-02 -2.750234e-01 8.081006e-02 1.025637e-01 1.258150e-02 1.991201e-02 1.566051e-02 2.567433e-01 2.641982e-02
2.348598e-02 8.926007e-01 5.448923e-02 1.550675e-01 2.256457e-02 -2.636499e-01 4.414745e-02 1.406359e-01 1.325087e-02 2.623152e-02 3.970153e-03 2.581408e-01 3.690050e-02
1.023748e-02 1.012338e+00 1.812961e-01 1.081662e-01 2.095999e-02 -3.510687e-01 8.333410e-02 7.223438e-02 1.157064e-02 1.897530e-02 1.181058e-02 2.299909e-01 5.241632e-02
1.053858e-02 9.315895e-01 2.467366e-01 6.681681e-02 3.212479e-02 -3.600788e-01 7.845984e-02 6.831085e-02 6.452140e-03 3.337741e-02 1.282568e-02 2.453056e-01 2.370970e-02
1.144189e-02 8.061417e-01 1.052035e-01 9.999747e-02 1.173221e-02 -2.900021e-01 5.655356e-02 8.018610e-02 7.053641e-03 2.673468e-02 8.556425e-03 2.164621e-01 2.645737e-02
1.294740e-02 7.971112e-01 1.550533e-01 1.077892e-01 2.756014e-02 -2.404629e-01 4.436103e-02 7.165504e-02 7.268925e-03 1.090080e-02 6.730119e-03 1.764963e-01 1.597053e-02
1.505512e-02 8.621971e-01 1.658424e-01 1.194503e-01 2.798261e-02 -2.910828e-01 5.616231e-02 1.002302e-01 5.970572e-03 2.880999e-02 1.906748e-02 2.301665e-01 3.140312e-02
1.776504e-02 1.213193e+00 1.574629e-01 1.780212e-01 3.635754e-02 -3.920376e-01 1.044904e-01 9.765021e-02 1.145665e-02 -6.306243e-03 9.844835e-03 2.685647e-01 6.326435e-02
2.107716e-02 7.629238e-01 6.698723e-02 1.096002e-01 2.986388e-02 -2.137978e-01 3.078121e-02 1.022907e-01 1.175806e-02 1.833088e-02 6.562702e-03 2.238365e-01 3.521705e-02
2.499149e-02 7.913096e-01 1.105906e-01 9.632812e-02 4.118588e-02 -2.551079e-01 3.829388e-02 1.004745e-01 1.762972e-02 1.707218e-02 1.316974e-02 2.780908e-01 2.818580e-02
1.234519e-02 7.400702e-01 9.185112e-02 1.135656e-01 2.836257e-02 -2.002706e-01 2.560487e-02 8.151100e-02 8.851346e-03 2.950725e-02 6.241618e-03 1.715628e-01 9.647654e-03
1.264630e-02 9.592639e-01 2.049910e-01 1.351736e-01 3.057262e-02 -2.895930e-01 9.083486e-02 7.521921e-02 7.635735e-03 1.299137e-02 7.600521e-03 1.937147e-01 4.431494e-02
1.354960e-02 7.603759e-01 7.864512e-02 9.373877e-02 2.448905e-02 -2.540796e-01 1.974585e-02 7.862733e-02 1.080497e-02 2.160630e-02 1.646925e-02 1.934977e-01 1.904690e-02
1.505512e-02 1.100686e+00 1.940089e-01 1.703621e-01 4.494820e-02 -3.128908e-01 4.943606e-02 9.193809e-02 1.533050e-02 3.962463e-03 9.788666e-03 2.134535e-01 2.614915e-02
1.716283e-02 7.367174e-01 9.875384e-02 9.547057e-02 2.249731e-02 -2.357530e-01 2.589580e-02 7.449630e-02 7.438456e-03 1.645091e-02 8.760623e-03 2.036902e-01 1.796602e-02
1.987275e-02 7.557935e-01 1.128492e-01 8.478442e-02 1.481635e-02 -2.595211e-01 3.039289e-02 9.346192e-02 5.125164e-03 3.442763e-02 7.302967e-03 2.578735e-01 1.726057e-02
2.318488e-02 8.212737e-01 1.291066e-01 1.240751e-01 2.769914e-02 -2.717203e-01 4.248514e-02 1.119093e-01 4.673099e-03 1.441757e-02 1.601628e-02 2.437865e-01 3.823910e-02
2.709921e-02 9.255019e-01 2.177068e-01 1.443131e-01 2.842600e-02 -2.891125e-01 8.571083e-02 1.475758e-01 2.656078e-02 2.538786e-02 1.958080e-02 3.392961e-01 2.885246e-02
1.505512e-02 8.964330e-01 1.201081e-01 1.413976e-01 1.701293e-02 -2.631538e-01 4.079025e-02 9.424920e-02 6.407619e-03 1.440645e-02 8.426995e-03 2.039894e-01 1.179067e-02
1.535622e-02 9.268770e-01 1.306836e-01 1.000359e-01 2.641093e-02 -3.308968e-01 5.564221e-02 7.129011e-02 4.000032e-03 1.025899e-02 1.694669e-02 2.539271e-01 3.017667e-02
1.625952e-02 7.438348e-01 6.016647e-02 9.920974e-02 1.430516e-02 -2.562198e-01 2.193772e-02 8.885372e-02 8.113124e-03 2.153303e-02 8.017521e-03 2.252188e-01 1.258570e-02
1.776504e-02 1.035744e+00 1.064196e-01 1.259949e-01 3.563250e-02 -3.372868e-01 2.941615e-02 9.655340e-02 8.824995e-03 2.049979e-02 1.091829e-02 2.403957e-01 1.804031e-02
1.987275e-02 6.422118e-01 4.681543e-02 5.192351e-02 1.459069e-02 -2.239375e-01 1.227757e-02 6.927021e-02 7.360392e-03 2.175283e-02 1.052981e-02 2.083896e-01 1.220681e-02
2.258267e-02 8.383860e-01 5.439879e-02 1.256236e-01 2.720858e-02 -2.284147e-01 1.694732e-02 1.230305e-01 1.075009e-02 2.892323e-02 1.539851e-02 2.344035e-01 1.685820e-02
2.589480e-02 9.846304e-01 1.256742e-01 1.398261e-01 1.941415e-02 -2.997068e-01 3.630827e-02 1.260796e-01 1.381136e-02 1.123429e-02 1.192342e-02 2.922174e-01 8.610099e-03
2.980913e-02 9.347794e-01 7.800938e-02 1.043916e-01 1.730939e-02 -3.231650e-01 3.604513e-02 1.335985e-01 1.239045e-02 1.679135e-02 1.761789e-02 3.487288e-01 2.150326e-02
1.836724e-02 8.421288e-01 7.984088e-02 1.193034e-01 1.079156e-02 -2.606094e-01 3.036403e-02 9.872237e-02 6.253247e-03 2.127797e-02 9.908160e-03 2.255411e-01 1.519295e-02
1.866834e-02 9.566377e-01 1.638633e-01 1.446176e-01 1.790021e-02 -3.108685e-01 6.745705e-02 1.110141e-01 2.100415e-03 1.533275e-02 1.475634e-02 2.544432e-01 2.623974e-02
1.957165e-02 9.508427e-01 8.204701e-02 1.194389e-01 2.265941e-02 -3.173593e-01 2.489604e-02 8.599834e-02 9.350580e-03 1.333894e-02 1.174359e-02 2.584840e-01 2.076179e-02
2.107716e-02 8.195267e-01 1.254639e-01 1.392759e-01 3.340955e-02 -2.174007e-01 4.172292e-02 1.128463e-01 1.111661e-02 2.030944e-02 1.510845e-02 1.895063e-01 2.010570e-02
2.318488e-02 7.993757e-01 3.749070e-02 9.205641e-02 1.369414e-02 -2.455290e-01 1.207555e-02 8.744478e-02 5.725429e-03 7.563094e-03 3.100905e-03 2.181268e-01 6.298757e-03
2.589480e-02 1.018895e+00 8.224111e-02 1.497872e-01 2.637970e-02 -2.987470e-01 6.628121e-03 1.263158e-01 1.333077e-02 2.183501e-02 1.063036e-02 2.995741e-01 1.219684e-02
2.920692e-02 9.850775e-01 1.630996e-01 1.353273e-01 2.010308e-02 -3.405269e-01 6.509843e-02 1.170994e-01 8.506050e-03 -5.112883e-03 9.841506e-03 3.232283e-01 3.617250e-02
3.312125e-02 1.057058e+00 1.329290e-01 1.229409e-01 2.581121e-02 -3.360361e-01 4.844316e-02 1.507735e-01 1.203289e-02 -5.351071e-03 2.377619e-02 3.651101e-01 2.877684e-02
2.228157e-02 1.157190e+00 2.260261e-01 1.567114e-01 4.303560e-02 -4.317545e-01 9.051170e-02 1.047176e-01 1.309902e-02 -5.266623e-03 1.182707e-02 3.502644e-01 4.830799e-02
2.258267e-02 7.448287e-01 7.711840e-02 1.382947e-01 1.978548e-02 -2.362280e-01 3.090395e-02 1.217973e-01 5.468843e-03 1.203867e-02 1.156396e-02 2.324131e-01 1.085865e-02
2.348598e-02 7.866810e-01 7.143641e-02 9.461385e-02 2.346595e-02 -2.384219e-01 2.303486e-02 1.087038e-01 1.529425e-02 2.297544e-02 9.971196e-03 2.700784e-01 2.863463e-02
2.499149e-02 8.606271e-01 8.505547e-02 1.031657e-01 1.117000e-02 -3.437173e-01 4.793665e-02 1.243222e-01 7.986267e-03 2.573323e-02 1.473384e-02 3.448005e-01 2.711067e-02
2.709921e-02 8.379339e-01 1.284687e-01 1.463356e-01 3.561358e-02 -2.094928e-01 4.041435e-02 1.257589e-01 1.553893e-02 8.333077e-03 9.217120e-03 2.284961e-01 2.119784e-02
2.980913e-02 8.916282e-01 6.122095e-02 1.497412e-01 1.115170e-02 -2.697865e-01 2.837118e-02 1.449409e-01 9.531850e-03 -7.761881e-03 1.080545e-02 2.927634e-01 2.723138e-02
3.312125e-02 7.727715e-01 8.516416e-02 1.355872e-01 5.274041e-02 -2.490172e-01 4.465348e-02 1.892530e-01 2.525774e-02 -1.230424e-02 1.118180e-02 3.753263e-01 4.508841e-02
3.703558e-02 8.126457e-01 5.298070e-02 1.283673e-01 2.791305e-02 -1.998916e-01 2.785803e-02 2.018730e-01 2.713326e-02 7.132115e-03 7.097598e-03 3.337762e-01 1.490332e-02
1.083968e-02 7.788008e-01 6.522303e-02 1.017884e-01 1.459967e-02 -2.518163e-01 2.553841e-02 7.210823e-02 6.894697e-03 1.853471e-02 6.154844e-03 1.804797e-01 1.286830e-02
1.114079e-02 6.042066e-01 5.114653e-02 8.730581e-02 1.019930e-02 -1.590148e-01 9.998668e-03 6.621820e-02 4.735660e-03 2.282711e-02 5.061580e-03 1.348413e-01 8.354386e-03
1.204409e-02 8.251088e-01 7.903637e-02 1.012476e-01 2.632287e-02 -2.757512e-01 3.444339e-02 7.852715e-02 1.152565e-02 2.500212e-02 7.105662e-03 2.058742e-01 1.796810e-02
1.354960e-02 7.685159e-01 3.288092e-02 1.072813e-01 1.183069e-02 -2.310021e-01 1.802592e-02 8.050270e-02 4.649809e-03 2.074753e-02 5.268940e-03 1.738366e-01 1.602840e-02
1.565732e-02 8.091893e-01 7.872689e-02 1.083364e-01 2.373040e-02 -2.596997e-01 2.542313e-02 8.274787e-02 8.411276e-03 1.783225e-02 7.042333e-03 2.072073e-01 5.245332e-03
1.836724e-02 7.588379e-01 1.457175e-01 1.020005e-01 3.454463e-02 -2.541301e-01 5.728383e-02 1.002644e-01 5.976865e-03 2.209196e-02 1.580382e-02 2.434934e-01 2.141614e-02
2.167937e-02 7.901074e-01 5.353924e-02 8.243671e-02 1.384485e-02 -2.745954e-01 1.625400e-02 8.763037e-02 4.654325e-03 1.323570e-02 6.124172e-03 2.523845e-01 1.142952e-02
2.559370e-02 8.053459e-01 7.403013e-02 9.675298e-02 1.384516e-02 -2.546306e-01 2.276778e-02 1.329642e-01 1.507051e-02 3.093256e-02 7.232386e-03 2.536714e-01 1.536638e-02
1.114079e-02 1.083971e+00 2.446378e-01 1.626520e-01 3.163847e-02 -3.311320e-01 7.565391e-02 8.190146e-02 5.960334e-03 2.527689e-05 9.777736e-03 2.012973e-01 3.163483e-02
1.144189e-02 8.170897e-01 1.801204e-01 1.315751e-01 3.432792e-02 -2.486928e-01 7.224950e-02 8.709769e-02 9.199255e-03 2.341202e-02 1.261608e-02 1.927137e-01 3.359783e-02
1.234519e-02 1.193181e+00 1.901450e-01 1.270949e-01 2.118413e-02 -4.397598e-01 7.874124e-02 8.055065e-02 5.836962e-03 1.111927e-02 6.588001e-03 2.751316e-01 3.459270e-02
1.385071e-02 7.581489e-01 1.373941e-01 8.368754e-02 1.881331e-02 -2.689821e-01 6.701230e-02 6.669246e-02 3.214821e-03 1.751112e-02 6.956955e-03 2.042927e-01 3.130783e-02
1.595842e-02 8.534454e-01 1.213307e-01 1.073316e-01 2.091691e-02 -2.829338e-01 4.485105e-02 8.013689e-02 6.600278e-03 7.196106e-03 5.260740e-03 1.948243e-01 2.011162e-02
1.866834e-02 7.777326e-01 6.272097e-02 1.080549e-01 9.899798e-03 -2.849334e-01 3.145323e-02 9.752464e-02 8.941548e-03 1.904024e-02 8.688786e-03 2.566939e-01 2.508956e-02
2.198047e-02 7.886352e-01 8.064134e-02 1.127725e-01 3.006559e-02 -2.472845e-01 2.125383e-02 1.141171e-01 1.343055e-02 1.385093e-02 1.847986e-02 2.314179e-01 1.410610e-02
2.589480e-02 8.895241e-01 9.019379e-02 1.426727e-01 1.937125e-02 -3.014059e-01 1.303996e-02 1.310465e-01 1.183992e-02 7.430754e-03 1.252578e-02 3.221712e-01 2.752718e-02
1.204409e-02 7.498319e-01 1.636242e-01 1.056903e-01 1.794072e-02 -2.501073e-01 7.001528e-02 7.882841e-02 7.631402e-03 8.781609e-03 8.092736e-03 1.748650e-01 3.098381e-02
1.234519e-02 8.987495e-01 7.628806e-02 9.776600e-02 2.623271e-02 -3.151987e-01 2.300062e-02 6.509224e-02 1.197621e-02 1.151129e-02 7.377694e-03 2.137075e-01 3.429929e-03
1.324850e-02 7.511364e-01 7.415846e-02 1.181731e-01 2.935425e-02 -2.191912e-01 1.751958e-02 9.623739e-02 7.402370e-03 3.673798e-02 1.497678e-02 1.936908e-01 1.038133e-02
1.475401e-02 8.781658e-01 1.459081e-01 1.267566e-01 2.261761e-02 -2.677394e-01 5.353892e-02 8.803390e-02 7.103592e-03 2.158441e-02 1.178090e-02 2.044866e-01 2.001880e-02
1.686173e-02 8.117174e-01 9.796289e-02 1.108126e-01 2.133338e-02 -2.538454e-01 5.779557e-02 8.884425e-02 6.724795e-03 2.075964e-02 7.131467e-03 2.121049e-01 3.494335e-02
1.957165e-02 8.261798e-01 1.212681e-01 1.444542e-01 1.049843e-02 -2.032167e-01 4.740647e-02 1.097600e-01 5.292224e-03 2.729622e-02 8.087438e-03 2.154032e-01 2.412944e-02
2.288378e-02 9.519375e-01 8.492258e-02 1.278839e-01 3.496282e-02 -3.170915e-01 3.450683e-02 1.057461e-01 9.260302e-03 1.154828e-02 1.643243e-02 2.557023e-01 1.145492e-02
2.679811e-02 1.077479e+00 4.479891e-02 1.205022e-01 1.351106e-02 -4.250935e-01 3.522729e-02 1.344157e-01 1.324605e-02 8.321294e-03 6.043487e-03 3.849403e-01 4.076599e-02
1.354960e-02 6.164983e-01 7.724974e-02 1.098280e-01 1.921668e-02 -1.721357e-01 3.269787e-02 8.007518e-02 4.792362e-03 2.583483e-02 8.540519e-03 1.745286e-01 1.065458e-02
1.385071e-02 8.485972e-01 1.797531e-01 1.072559e-01 4.273976e-02 -2.904155e-01 4.991571e-02 8.361075e-02 1.349927e-02 2.173669e-02 1.025581e-02 2.164208e-01 3.066374e-02
1.475401e-02 8.314532e-01 1.340188e-01 8.944404e-02 1.594743e-02 -2.808355e-01 6.401975e-02 7.632930e-02 6.837757e-03 2.699929e-02 1.208658e-02 2.181464e-01 2.017397e-02
1.625952e-02 1.007401e+00 1.204484e-01 1.099677e-01 1.299504e-02 -3.335523e-01 5.979411e-02 9.383447e-02 5.219336e-03 2.059607e-02 7.304854e-03 2.346924e-01 3.183137e-02
1.836724e-02 7.912367e-01 8.213339e-02 9.957144e-02 1.757921e-02 -2.424904e-01 3.744504e-02 8.177756e-02 6.028823e-03 2.502289e-02 3.249943e-03 2.179388e-01 2.363490e-02
2.107716e-02 9.112391e-01 1.214170e-01 1.440324e-01 2.035980e-02 -2.948096e-01 3.282829e-02 1.053244e-01 1.145931e-02 7.189384e-03 1.204805e-02 2.451561e-01 1.875294e-02
2.438929e-02 1.243912e+00 1.081795e-01 1.347318e-01 1.488219e-02 -4.607909e-01 3.806805e-02 1.129930e-01 8.044682e-03 7.430005e-03 1.181828e-02 3.485417e-01 2.735650e-02
2.830362e-02 8.073284e-01 9.426268e-02 1.084208e-01 1.642755e-02 -2.508006e-01 4.802534e-02 1.443160e-01 1.072391e-02 1.684514e-02 1.103943e-02 2.965373e-01 2.785063e-02
1.565732e-02 6.190543e-01 1.008583e-01 9.332862e-02 2.288939e-02 -2.088769e-01 3.944043e-02 7.942874e-02 6.910524e-03 1.827911e-02 7.934614e-03 2.067221e-01 2.354754e-02
1.595842e-02 7.139530e-01 1.026437e-01 9.994304e-02 1.570437e-02 -2.443215e-01 4.709500e-02 7.620681e-02 4.837727e-03 4.379210e-03 8.942333e-03 1.864597e-01 2.625976e-02
1.686173e-02 7.359435e-01 1.047035e-01 8.426597e-02 3.383117e-02 -2.405776e-01 2.652250e-02 8.841373e-02 8.048182e-03 3.595272e-02 8.255368e-03 2.297636e-01 8.091519e-03
1.836724e-02 9.542150e-01 9.894474e-02 1.379756e-01 2.416411e-02 -2.946249e-01 4.588443e-02 9.269401e-02 8.326333e-03 3.490541e-03 1.221269e-02 2.239721e-01 2.639466e-02
2.047496e-02 1.055089e+00 9.946825e-02 1.173337e-01 2.642314e-02 -3.693914e-01 3.684076e-02 8.524310e-02 5.999618e-03 1.555594e-02 1.550843e-02 2.884024e-01 2.758715e-02
2.318488e-02 1.004820e+00 7.341367e-02 1.378417e-01 1.402096e-02 -3.372488e-01 2.718987e-02 1.182118e-01 8.353964e-03 9.008522e-03 9.496928e-03 2.778998e-01 2.519408e-02
2.649700e-02 9.008328e-01 3.195762e-02 1.155534e-01 1.441931e-02 -3.245279e-01 3.179970e-02 1.170849e-01 9.139543e-03 4.836757e-03 1.323223e-02 3.024440e-01 3.053789e-02
3.041133e-02 8.247408e-01 7.067231e-02 1.169044e-01 3.231268e-02 -2.725823e-01 4.135371e-02 1.490358e-01 9.498638e-03 2.739315e-02 1.587918e-02 3.237607e-01 3.540729e-02
1.836724e-02 9.904232e-01 1.861710e-01 1.634113e-01 4.188852e-02 -3.107586e-01 5.419808e-02 1.063718e-01 1.364897e-02 7.923769e-03 1.569102e-02 2.628058e-01 1.197815e-02
1.866834e-02 1.027127e+00 1.588334e-01 1.254746e-01 1.332492e-02 -3.377192e-01 6.210218e-02 9.464600e-02 6.536430e-03 7.952513e-03 1.076321e-02 2.404698e-01 3.598108e-02
1.957165e-02 8.738613e-01 7.601910e-02 1.079961e-01 3.160043e-02 -3.021455e-01 3.451042e-02 8.350493e-02 1.266831e-02 7.445359e-03 9.829137e-03 2.281286e-01 1.491701e-02
2.107716e-02 8.824819e-01 1.298581e-01 1.309301e-01 3.391730e-02 -3.078076e-01 6.288687e-02 1.065901e-01 9.428802e-03 1.403799e-02 1.213468e-02 2.617146e-01 3.423841e-02
2.318488e-02 7.886859e-01 1.061025e-01 9.858106e-02 2.722503e-02 -2.084849e-01 3.492543e-02 1.158155e-01 1.032868e-02 2.155821e-02 1.165890e-02 2.245167e-01 1.423639e-02
2.589480e-02 1.057848e+00 8.542642e-02 1.714042e-01 1.159245e-02 -3.377012e-01 6.460930e-02 1.413247e-01 2.129571e-03 -7.931447e-03 1.992938e-02 3.124007e-01 2.782082e-02
2.920692e-02 8.570579e-01 3.628020e-02 1.214879e-01 1.452096e-02 -2.700595e-01 3.389213e-02 1.384662e-01 5.712605e-03 1.476104e-02 1.293431e-02 2.907629e-01 2.383186e-02
3.312125e-02 7.676694e-01 1.162737e-01 1.197124e-01 2.152241e-02 -1.854690e-01 7.352580e-02 1.570332e-01 1.067456e-02 1.836542e-02 2.374597e-02 2.911746e-01 2.628164e-02
2.167937e-02 8.719561e-01 1.085287e-01 1.162779e-01 2.631697e-02 -2.763426e-01 5.465103e-02 1.118604e-01 8.886167e-03 6.518680e-03 1.288417e-02 2.283302e-01 3.066640e-02
2.198047e-02 1.034333e+00 1.238897e-01 1.634389e-01 2.831378e-02 -3.573733e-01 4.994318e-02 1.213724e-01 1.740422e-02 3.636853e-03 9.693594e-03 3.046904e-01 1.875500e-02
2.288378e-02 8.931089e-01 1.244316e-01 8.469747e-02 2.490969e-02 -3.084940e-01 4.716775e-02 1.111493e-01 7.605435e-03 3.605202e-02 1.622129e-02 2.781870e-01 1.765772e-02
2.438929e-02 1.116434e+00 9.245702e-02 1.561592e-01 2.891314e-02 -3.695788e-01 5.623137e-02 1.049299e-01 1.207885e-02 2.969642e-03 9.344853e-03 3.201234e-01 4.175033e-02
2.649700e-02 1.132631e+00 1.022618e-01 1.343005e-01 4.646522e-02 -4.434738e-01 4.940644e-02 1.294862e-01 1.543187e-02 1.205575e-02 1.877428e-02 4.064688e-01 2.853930e-02
2.920692e-02 8.924625e-01 9.450060e-02 9.593709e-02 2.235318e-02 -3.280377e-01 5.589267e-02 1.295463e-01 1.204735e-02 2.568296e-03 8.447276e-03 3.267870e-01 3.604709e-02
3.251905e-02 8.137612e-01 4.230641e-02 1.181394e-01 2.810157e-02 -2.279257e-01 3.320990e-02 1.675036e-01 1.827955e-02 2.407271e-02 8.012960e-03 3.549416e-01 3.374153e-02
3.643338e-02 9.605664e-01 1.175407e-01 1.293317e-01 2.700156e-02 -2.364632e-01 5.933145e-02 1.772113e-01 1.028321e-02 1.149708e-03 9.588662e-03 4.044815e-01 6.275414e-02
2.559370e-02 8.293826e-01 6.324121e-02 8.154580e-02 3.047041e-02 -3.018932e-01 2.612468e-02 1.034391e-01 8.357099e-03 1.169629e-02 1.216672e-02 2.786475e-01 2.794534e-02
2.589480e-02 8.747852e-01 1.616963e-01 1.127721e-01 3.667961e-02 -2.985749e-01 4.530694e-02 1.157995e-01 8.757163e-03 5.375340e-03 1.153409e-02 2.815506e-01 2.138946e-02
2.679811e-02 7.883166e-01 5.554828e-02 1.097839e-01 2.015209e-02 -2.636722e-01 4.826840e-02 1.311162e-01 1.561606e-02 2.301077e-03 9.048065e-03 2.965510e-01 3.538247e-02
2.830362e-02 8.402239e-01 9.101718e-02 1.239280e-01 2.063627e-02 -2.742489e-01 4.969107e-02 1.331008e-01 1.426341e-02 1.383418e-02 1.162817e-02 2.973292e-01 2.671035e-02
3.041133e-02 7.129347e-01 5.740042e-02 9.978606e-02 1.220779e-02 -2.017279e-01 1.645787e-02 1.570212e-01 1.266309e-02 2.087133e-02 1.126913e-02 2.684761e-01 1.645127e-02
3.312125e-02 8.840299e-01 1.419434e-01 1.018405e-01 1.309754e-02 -2.794824e-01 6.391979e-02 1.555344e-01 1.043733e-02 -4.095540e-03 1.049026e-02 3.130045e-01 3.846342e-02
3.643338e-02 9.422609e-01 7.400032e-02 1.219375e-01 2.209164e-02 -2.822548e-01 1.399551e-02 1.754435e-01 1.162590e-02 7.761375e-03 1.258326e-02 4.333126e-01 1.553405e-02
4.034771e-02 1.040630e+00 1.862322e-01 1.880699e-01 4.126599e-02 -2.787740e-01 7.683602e-02 2.411396e-01 2.670055e-02 -5.154467e-02 2.569127e-02 4.155322e-01 3.820738e-02
1.475401e-02 8.757402e-01 5.975005e-02 1.295591e-01 1.277799e-02 -2.822435e-01 3.658073e-02 7.590344e-02 6.188892e-03 -3.588937e-03 8.432818e-03 1.871547e-01 1.612238e-02
1.505512e-02 1.050824e+00 2.375312e-01 1.493134e-01 3.554358e-02 -3.362884e-01 7.891826e-02 8.430617e-02 5.829470e-03 4.130597e-03 1.112773e-02 2.255608e-01 3.164085e-02
1.595842e-02 9.992322e-01 2.186599e-01 1.286732e-01 2.686814e-02 -3.376631e-01 8.048942e-02 8.892050e-02 1.104655e-02 1.550364e-02 1.684325e-02 2.549502e-01 3.237701e-02
1.746393e-02 7.661467e-01 1.184462e-01 1.109299e-01 3.734370e-02 -2.508268e-01 3.326014e-02 1.013317e-01 2.070846e-02 3.314098e-02 4.371332e-03 2.464121e-01 1.954357e-02
1.957165e-02 9.742014e-01 1.316113e-01 1.330295e-01 1.688570e-02 -3.388745e-01 6.043925e-02 1.005449e-01 3.232143e-03 2.448280e-03 1.101321e-02 2.415438e-01 3.509733e-02
2.228157e-02 9.304799e-01 1.382359e-01 1.435785e-01 5.344437e-02 -2.953007e-01 3.281870e-02 1.163944e-01 1.245709e-02 1.317995e-02 2.011441e-02 2.660414e-01 1.907341e-02
2.559370e-02 8.496186e-01 9.684081e-02 1.339083e-01 2.504148e-02 -2.796265e-01 6.036115e-02 1.286072e-01 6.701735e-03 2.263514e-02 2.103262e-02 3.046963e-01 3.538534e-02
2.950803e-02 1.077655e+00 2.010056e-01 1.354566e-01 1.195237e-02 -3.536586e-01 9.082669e-02 1.358767e-01 4.869185e-03 -1.892687e-02 1.566035e-02 3.357643e-01 2.943162e-02
1.505512e-02 7.902290e-01 1.959486e-01 1.119975e-01 3.683893e-02 -2.910581e-01 6.205145e-02 7.557824e-02 6.256577e-03 -2.673711e-03 1.359743e-02 2.093066e-01 1.525564e-02
1.535622e-02 9.127586e-01 1.142004e-01 1.184824e-01 1.220782e-02 -2.834048e-01 6.799986e-02 9.170082e-02 5.951526e-03 3.173274e-02 9.058236e-03 2.374045e-01 3.081914e-02
1.625952e-02 9.953123e-01 1.402523e-01 1.524103e-01 2.485038e-02 -3.044162e-01 5.750187e-02 8.876553e-02 6.662264e-03 6.046447e-03 1.377789e-02 2.260545e-01 2.692204e-02
1.776504e-02 9.669390e-01 1.361808e-01 1.235337e-01 2.449268e-02 -3.193517e-01 5.537538e-02 9.429838e-02 1.115592e-02 1.438161e-02 1.149479e-02 2.331894e-01 2.386495e-02
1.987275e-02 9.619589e-01 1.078478e-01 7.755519e-02 2.882368e-02 -3.319991e-01 3.521491e-02 8.855244e-02 8.878887e-03 2.309922e-02 1.591055e-02 2.627108e-01 3.864658e-02
2.258267e-02 1.106822e+00 1.131178e-01 1.452475e-01 2.643509e-02 -3.365101e-01 5.043407e-02 1.060924e-01 2.451559e-03 1.137609e-02 1.329865e-02 2.970916e-01 3.037069e-02
2.589480e-02 8.014310e-01 1.429051e-01 9.177676e-02 3.070836e-02 -2.828689e-01 4.491731e-02 1.234830e-01 1.517588e-02 2.093626e-02 1.291015e-02 2.942503e-01 2.045293e-02
2.980913e-02 8.520421e-01 8.076033e-02 1.333347e-01 1.430072e-02 -2.814451e-01 4.753608e-02 1.264550e-01 4.771043e-03 -1.190600e-03 1.766675e-02 2.932079e-01 2.329209e-02
1.595842e-02 9.365095e-01 2.072159e-01 9.533806e-02 2.297452e-02 -3.255553e-01 9.806442e-02 9.849898e-02 1.190341e-02 2.592415e-02 9.344550e-03 2.404418e-01 4.192986e-02
1.625952e-02 7.969909e-01 1.354704e-01 1.025365e-01 1.558782e-02 -2.487479e-01 4.579628e-02 9.230780e-02 7.942925e-03 2.152965e-02 2.989655e-03 1.939842e-01 2.042147e-02
1.716283e-02 6.326163e-01 4.315615e-02 8.550423e-02 1.340819e-02 -2.109344e-01 2.057562e-02 7.433961e-02 3.172737e-03 3.003285e-02 8.732506e-03 2.100401e-01 1.405106e-02
1.866834e-02 8.391714e-01 1.212219e-01 1.027942e-01 1.875229e-02 -2.787507e-01 7.554494e-02 9.109480e-02 5.037280e-03 2.541143e-02 7.034409e-03 2.321004e-01 3.427865e-02
2.077606e-02 9.494427e-01 1.103038e-01 1.404844e-01 2.338933e-02 -3.341449e-01 6.550909e-02 1.131989e-01 7.373711e-03 1.145549e-02 9.166973e-03 2.581709e-01 4.027169e-02
2.348598e-02 9.677841e-01 8.741050e-02 1.326346e-01 2.359729e-02 -3.138804e-01 3.317376e-02 1.151391e-01 1.030708e-02 5.225946e-03 9.082067e-03 2.750993e-01 1.791535e-02
2.679811e-02 8.408443e-01 1.356696e-01 1.289084e-01 1.694126e-02 -2.407425e-01 5.747876e-02 1.365894e-01 6.618173e-03 8.567206e-03 1.561988e-02 2.582918e-01 3.660297e-02
3.071244e-02 9.329777e-01 9.202424e-02 1.146808e-01 2.088437e-02 -3.016571e-01 3.729066e-02 1.497747e-01 1.125319e-02 1.641382e-02 1.303494e-02 3.511162e-01 2.431726e-02
1.746393e-02 9.751985e-01 2.139454e-01 1.138985e-01 3.017090e-02 -3.112818e-01 7.295713e-02 8.157163e-02 1.047249e-02 1.767769e-02 1.315957e-02 2.380403e-01 2.298214e-02
1.776504e-02 1.068681e+00 1.605981e-01 1.477176e-01 5.038791e-02 -3.843012e-01 3.683643e-02 1.023074e-01 9.417813e-03 -1.969143e-03 1.395995e-02 2.694440e-01 1.204260e-02
1.866834e-02 8.146550e-01 1.093314e-01 1.472344e-01 2.690551e-02 -2.396195e-01 2.208768e-02 1.043076e-01 1.464524e-02 7.151688e-03 1.284634e-02 2.053160e-01 1.692039e-02
2.017385e-02 7.972721e-01 7.116002e-02 1.125546e-01 2.067521e-02 -2.448629e-01 2.132490e-02 1.107156e-01 9.857258e-03 2.835355e-02 1.390968e-02 2.495446e-01 1.535839e-02
2.228157e-02 8.145969e-01 1.269942e-01 1.153105e-01 3.073879e-02 -2.693150e-01 3.372858e-02 1.070588e-01 1.396761e-02 1.509354e-02 1.055674e-02 2.825876e-01 2.206790e-02
2.499149e-02 8.949925e-01 1.083949e-01 1.615742e-01 1.965655e-02 -2.603437e-01 6.549225e-02 1.385543e-01 1.234397e-02 1.339487e-02 9.235389e-03 2.788670e-01 3.834396e-02
2.830362e-02 1.094466e+00 1.480384e-01 1.643118e-01 2.793959e-02 -3.562006e-01 6.381998e-02 1.106086e-01 6.924524e-03 -1.385108e-02 1.519845e-02 3.735785e-01 1.707481e-02
3.221795e-02 8.301986e-01 1.240321e-01 1.371877e-01 2.581367e-02 -2.935860e-01 5.170090e-02 1.568091e-01 7.074376e-03 2.163541e-03 1.542389e-02 3.513671e-01 2.616112e-02
1.957165e-02 7.967484e-01 9.064808e-02 8.367993e-02 1.657092e-02 -2.847890e-01 5.558194e-02 8.941073e-02 5.957384e-03 1.686552e-02 1.293579e-02 2.448866e-01 3.531005e-02
1.987275e-02 9.413091e-01 4.677199e-02 1.308667e-01 1.011506e-02 -3.021723e-01 1.267426e-02 9.899362e-02 9.461574e-03 1.809614e-02 4.139728e-03 2.458509e-01 5.115622e-03
2.077606e-02 1.051856e+00 1.180808e-01 1.584484e-01 3.214593e-02 -3.220765e-01 6.244516e-02 1.051748e-01 1.143395e-02 1.294623e-02 1.248871e-02 2.685078e-01 2.893096e-02
2.228157e-02 8.218426e-01 1.724068e-01 1.172617e-01 4.770717e-02 -2.319961e-01 4.253505e-02 1.080010e-01 1.261243e-02 1.495717e-02 1.980777e-02 2.347365e-01 1.863127e-02
2.438929e-02 8.086165e-01 3.531718e-02 1.242012e-01 3.283803e-02 -2.359909e-01 2.409267e-02 1.246308e-01 9.727189e-03 3.115481e-02 1.568154e-02 2.506623e-01 2.638918e-02
2.709921e-02 1.073543e+00 1.372284e-01 1.774892e-01 2.433102e-02 -3.214609e-01 5.681172e-02 1.446266e-01 8.799273e-03 6.635037e-03 1.235416e-02 3.181167e-01 2.026394e-02
3.041133e-02 9.198437e-01 1.010213e-01 9.626967e-02 4.330538e-02 -3.271223e-01 5.901025e-02 1.453186e-01 8.977987e-03 6.524168e-03 1.035504e-02 3.358938e-01 3.898617e-02
3.432566e-02 9.448804e-01 6.584513e-02 1.425057e-01 8.422052e-03 -3.166170e-01 5.007189e-02 1.780924e-01 8.555613e-03 7.860643e-03 1.461505e-02 3.889418e-01 2.213292e-02
2.228157e-02 9.187229e-01 8.837419e-02 1.107677e-01 1.824316e-02 -3.295613e-01 3.361951e-02 9.610470e-02 8.618619e-03 2.070785e-02 7.566132e-03 2.985902e-01 1.898052e-02
2.258267e-02 1.090359e+00 5.121625e-02 1.223954e-01 1.035428e-02 -4.174604e-01 4.708390e-02 1.081998e-01 6.987264e-03 1.349395e-02 1.632752e-02 3.416026e-01 3.334737e-02
2.348598e-02 9.201948e-01 1.064735e-01 1.467757e-01 2.277534e-02 -2.624847e-01 4.013960e-02 1.043673e-01 2.734198e-03 -1.319295e-03 1.597816e-02 2.377721e-01 3.157084e-02
2.499149e-02 8.017736e-01 9.294324e-02 8.557088e-02 1.807416e-02 -2.849947e-01 4.129329e-02 8.976047e-02 6.014739e-03 -7.676836e-04 8.247062e-03 2.901381e-01 4.093625e-02
2.709921e-02 1.030304e+00 1.471833e-01 1.420298e-01 2.795363e-02 -3.606158e-01 5.961556e-02 1.226655e-01 1.524772e-02 -4.533031e-03 9.130707e-03 3.281735e-01 4.074362e-02
2.980913e-02 1.177394e+00 6.020906e-02 1.560388e-01 2.871758e-02 -3.554830e-01 2.781770e-02 1.326904e-01 1.238986e-02 -1.519187e-02 9.721259e-03 2.779250e-01 1.513592e-02
3.312125e-02 8.631593e-01 1.076010e-01 6.930292e-02 2.331397e-02 -2.803107e-01 6.582908e-02 1.542477e-01 1.577657e-02 -2.786805e-03 1.420100e-02 3.164628e-01 4.742722e-02
3.703558e-02 8.950222e-01 8.905953e-02 1.230618e-01 4.092200e-02 -3.007028e-01 6.659825e-02 1.877968e-01 1.275293e-02 -3.816695e-02 2.041261e-02 4.363501e-01 2.503333e-02
2.559370e-02 8.179402e-01 1.423626e-01 9.325185e-02 2.363025e-02 -2.687285e-01 5.200634e-02 1.029841e-01 1.046979e-02 1.667050e-02 6.631139e-03 2.613442e-01 2.687909e-02
2.589480e-02 8.307778e-01 5.117091e-02 1.291172e-01 1.933144e-02 -2.497953e-01 3.581859e-02 1.255806e-01 1.017738e-02 1.638072e-02 1.171203e-02 2.684755e-01 1.612013e-02
2.679811e-02 9.753125e-01 9.594932e-02 1.483242e-01 8.951641e-03 -3.372897e-01 5.924739e-02 1.435553e-01 2.196094e-02 1.211718e-02 6.880378e-03 3.186732e-01 4.165521e-02
2.830362e-02 9.595283e-01 1.280895e-01 1.360770e-01 4.463757e-02 -3.352484e-01 6.111938e-02 1.239224e-01 1.306960e-02 -6.564946e-03 1.497264e-02 3.334966e-01 2.822136e-02
3.041133e-02 8.254395e-01 8.576199e-02 1.151483e-01 2.638384e-02 -3.112607e-01 5.465465e-02 1.622977e-01 9.392278e-03 1.047980e-02 1.008413e-02 3.341873e-01 3.122579e-02
3.312125e-02 9.120758e-01 8.192476e-02 1.281949e-01 1.648568e-02 -2.839288e-01 6.890959e-02 1.683997e-01 1.052930e-02 -2.143544e-02 1.815447e-02 3.282265e-01 3.363870e-02
3.643338e-02 9.607320e-01 7.961795e-02 1.786439e-01 4.484520e-02 -2.758730e-01 4.164119e-02 2.183243e-01 2.023974e-02 -2.316349e-02 2.086047e-02 4.039508e-01 1.377944e-02
4.034771e-02 9.330630e-01 1.024959e-01 1.407866e-01 3.049676e-02 -3.891275e-01 5.742457e-02 2.082304e-01 2.321739e-02 -3.764681e-02 1.518100e-02 4.864435e-01 1.972258e-02
2.950803e-02 1.062673e+00 8.149631e-02 1.528696e-01 2.968751e-02 -3.366900e-01 5.886975e-02 1.329257e-01 1.159395e-02 -2.011784e-02 9.644010e-03 3.002797e-01 3.904777e-02
2.980913e-02 1.024258e+00 4.637429e-02 1.580300e-01 1.938804e-02 -3.829332e-01 4.530964e-02 1.417342e-01 8.678090e-03 -1.287769e-02 1.756974e-02 3.831506e-01 3.365214e-02
3.071244e-02 9.156674e-01 1.080871e-01 1.739189e-01 3.352286e-02 -3.082540e-01 3.500923e-02 1.541914e-01 9.519886e-03 -7.615059e-03 1.209575e-02 3.256614e-01 3.232363e-02
3.221795e-02 9.315174e-01 1.028546e-01 1.037047e-01 2.141789e-02 -3.033980e-01 5.368734e-02 1.340115e-01 9.062598e-03 1.100367e-03 1.162124e-02 3.623471e-01 2.503850e-02
3.432566e-02 8.494797e-01 8.896196e-02 1.171014e-01 2.408518e-02 -2.694979e-01 3.989628e-02 1.428470e-01 1.473152e-02 -1.213496e-02 1.150832e-02 3.698236e-01 4.094019e-02
3.703558e-02 1.000042e+00 1.648336e-01 1.276800e-01 2.612957e-02 -4.005171e-01 9.434089e-02 1.661265e-01 7.970875e-03 -2.885052e-02 1.511933e-02 4.813877e-01 5.835481e-02
4.034771e-02 8.220161e-01 1.008635e-01 9.280350e-02 5.269573e-02 -2.012202e-01 3.082556e-02 2.067446e-01 9.347275e-03 3.966215e-03 1.755742e-02 3.678573e-01 4.435643e-02
4.426204e-02 8.128903e-01 3.045027e-02 1.518005e-01 5.192004e-02 -2.910429e-01 4.109773e-02 2.891115e-01 1.052968e-02 -6.221622e-02 3.001329e-02 4.943414e-01 5.594262e-02
