# k^2  LiLi LiLi_error  LiCl LiCl_error  LiNa LiNa_error  ClCl ClCl_error  ClNa ClNa_error  NaNa NaNa_error
0.000000e+00 6.400000e+02 0.000000e+00 1.431084e+03 0.000000e+00 1.280000e+03 0.000000e+00 3.200000e+03 0.000000e+00 2.862167e+03 0.000000e+00 2.560000e+03 0.000000e+00
3.009078e-04 1.046598e+00 1.055271e-01 1.504194e-01 3.612756e-02 -3.519167e-01 2.905187e-02 6.196158e-02 5.508691e-03 -5.184358e-03 1.323846e-02 1.707497e-01 1.879659e-02
1.203631e-03 7.659302e-01 2.096686e-01 8.317564e-02 1.053982e-02 -2.875717e-01 9.616075e-02 5.986724e-02 5.383253e-03 2.662986e-02 9.778034e-03 1.786428e-01 4.446909e-02
2.708170e-03 6.819873e-01 1.262153e-01 9.079406e-02 2.903435e-02 -2.354442e-01 5.239221e-02 6.535773e-02 5.972481e-03 2.761943e-02 1.053295e-02 1.569321e-01 3.103497e-02
4.814525e-03 9.849460e-01 1.761126e-01 9.735195e-02 2.370039e-02 -3.760125e-01 7.365449e-02 6.250962e-02 7.270176e-03 1.901443e-02 6.682509e-03 2.239207e-01 3.079746e-02
7.522695e-03 9.713638e-01 1.402491e-01 1.148277e-01 1.991572e-02 -3.622810e-01 5.225920e-02 7.253510e-02 8.143193e-03 1.712632e-02 7.810766e-03 2.288535e-01 2.700010e-02
1.083268e-02 1.052267e+00 1.571183e-01 1.092046e-01 1.557358e-02 -3.869250e-01 7.256480e-02 7.698194e-02 4.105642e-03 1.512315e-02 8.858993e-03 2.344909e-01 3.402054e-02
1.474448e-02 1.004173e+00 1.761903e-01 1.359838e-01 3.276088e-02 -3.571555e-01 8.450812e-02 8.429059e-02 8.348620e-03 2.266791e-03 1.522592e-02 2.298359e-01 4.289298e-02
3.009078e-04 9.568426e-01 3.165233e-01 7.604562e-02 2.033745e-02 -3.925358e-01 1.406137e-01 4.998985e-02 9.346243e-03 1.781616e-02 8.164992e-03 2.167224e-01 6.337694e-02
6.018156e-04 5.899849e-01 1.183124e-01 9.561490e-02 2.258506e-02 -1.865730e-01 4.408191e-02 7.454857e-02 4.361269e-03 3.447401e-02 1.031747e-02 1.322529e-01 1.704976e-02
1.504539e-03 3.612194e-01 8.436478e-02 6.169172e-02 1.051954e-02 -1.076576e-01 4.205247e-02 5.978145e-02 4.299476e-03 3.700406e-02 3.222727e-03 1.013844e-01 2.101979e-02
3.009078e-03 4.403672e-01 1.109999e-01 7.513076e-02 1.331711e-02 -1.325303e-01 4.494404e-02 6.968172e-02 1.118762e-02 4.020922e-02 7.499303e-03 1.218323e-01 2.187285e-02
5.115432e-03 1.026488e+00 2.321830e-01 1.478390e-01 4.643402e-02 -3.258919e-01 5.886306e-02 7.631554e-02 1.289810e-02 7.941877e-03 1.222885e-02 1.817007e-01 2.359633e-02
7.823602e-03 1.087838e+00 2.275223e-01 1.320646e-01 1.548076e-02 -3.748542e-01 8.940434e-02 5.918996e-02 3.370323e-03 -9.722196e-03 1.029006e-02 1.943820e-01 2.947761e-02
1.113359e-02 1.091333e+00 2.104069e-01 8.883328e-02 1.566616e-02 -4.321341e-01 1.148048e-01 5.872484e-02 1.003511e-02 1.020463e-02 6.032291e-03 2.624957e-01 6.070945e-02
1.504539e-02 7.928139e-01 5.643137e-02 1.056980e-01 9.855894e-03 -2.544184e-01 2.438936e-02 8.063281e-02 6.564269e-03 2.016644e-02 4.720315e-03 1.959812e-01 6.916239e-03
1.203631e-03 4.361285e-01 1.205602e-01 5.429623e-02 1.319072e-02 -1.588536e-01 5.993053e-02 5.882544e-02 3.939820e-03 3.518666e-02 8.368587e-03 1.210323e-01 2.502997e-02
1.504539e-03 7.054466e-01 1.630241e-01 1.042128e-01 4.093678e-02 -2.265347e-01 3.672495e-02 6.758718e-02 8.650559e-03 2.679153e-02 1.477366e-02 1.477037e-01 8.243737e-03
2.407262e-03 1.215059e+00 3.314463e-01 1.207604e-01 3.681084e-02 -4.753674e-01 1.380470e-01 6.831106e-02 6.492719e-03 1.492584e-02 1.679579e-02 2.630442e-01 6.014146e-02
3.911801e-03 7.388267e-01 1.330675e-01 8.036753e-02 2.895982e-02 -2.724146e-01 5.254569e-02 7.154904e-02 6.042938e-03 3.697855e-02 8.453055e-03 1.863531e-01 2.588887e-02
6.018156e-03 9.585051e-01 2.433209e-01 1.244739e-01 4.371358e-02 -3.363860e-01 7.464832e-02 7.789996e-02 7.679865e-03 1.808947e-02 1.281310e-02 2.062394e-01 2.929297e-02
8.726326e-03 1.054874e+00 2.654775e-01 1.355542e-01 1.798324e-02 -3.306717e-01 1.003458e-01 7.891643e-02 7.452092e-03 1.701619e-02 5.181721e-03 2.076235e-01 4.671361e-02
1.203631e-02 1.093447e+00 1.820828e-01 1.452370e-01 2.430825e-02 -3.537973e-01 7.168937e-02 8.272124e-02 6.585734e-03 1.221394e-02 4.777539e-03 2.207388e-01 3.567653e-02
1.594811e-02 1.067421e+00 2.531932e-01 1.450127e-01 2.011908e-02 -3.529518e-01 9.709211e-02 9.205695e-02 1.081557e-02 9.030177e-03 8.598143e-03 2.460017e-01 3.573788e-02
2.708170e-03 5.384520e-01 1.359905e-01 5.488811e-02 2.199031e-02 -2.016502e-01 3.995514e-02 5.011378e-02 4.846273e-03 2.529751e-02 9.724199e-03 1.354209e-01 1.485268e-02
3.009078e-03 6.071568e-01 1.460163e-01 7.015626e-02 1.743140e-02 -2.304016e-01 6.453874e-02 5.268939e-02 3.153215e-03 2.200490e-02 4.688057e-03 1.521124e-01 3.177588e-02
3.911801e-03 9.452068e-01 2.220010e-01 9.589100e-02 2.896830e-02 -3.591252e-01 8.013227e-02 5.727804e-02 5.519537e-03 1.425076e-02 9.365487e-03 2.071621e-01 2.832227e-02
5.416340e-03 5.503780e-01 9.859501e-02 8.529622e-02 2.732706e-02 -1.603813e-01 2.582056e-02 6.956298e-02 7.102126e-03 3.474305e-02 1.033261e-02 1.343722e-01 1.305788e-02
7.522695e-03 6.281797e-01 4.119391e-02 6.970695e-02 1.524264e-02 -2.436453e-01 1.644165e-02 6.878811e-02 7.488402e-03 2.914231e-02 8.631497e-03 1.822531e-01 9.303616e-03
1.023086e-02 1.125122e+00 1.734513e-01 1.619080e-01 1.996952e-02 -3.662296e-01 8.020452e-02 8.241052e-02 4.621648e-03 4.931802e-03 1.503904e-02 2.230149e-01 2.826952e-02
1.354085e-02 1.235315e+00 1.706060e-01 1.151837e-01 1.833551e-02 -4.800514e-01 8.710190e-02 9.327326e-02 1.069810e-02 2.552238e-02 1.043882e-02 3.142348e-01 3.620139e-02
1.745265e-02 7.974082e-01 8.911970e-02 1.202473e-01 2.229520e-02 -2.512461e-01 3.574972e-02 7.278103e-02 7.604744e-03 1.491214e-04 1.530112e-02 1.986799e-01 2.808216e-02
4.814525e-03 9.561109e-01 2.172815e-01 1.338915e-01 3.451838e-02 -3.308798e-01 7.357225e-02 7.031281e-02 9.033694e-03 9.107045e-03 8.971056e-03 1.974347e-01 2.955207e-02
5.115432e-03 4.822053e-01 1.182429e-01 7.889466e-02 1.451302e-02 -1.462556e-01 4.468965e-02 6.101119e-02 4.766783e-03 2.472404e-02 8.998543e-03 1.142512e-01 1.112904e-02
6.018156e-03 9.062034e-01 4.687881e-02 1.398967e-01 1.171505e-02 -2.901853e-01 1.842372e-02 7.464755e-02 7.223209e-03 7.982313e-03 1.014039e-02 1.717187e-01 1.090759e-02
7.522695e-03 1.173848e+00 2.015494e-01 1.715752e-01 1.752078e-02 -3.864798e-01 9.254338e-02 7.368070e-02 6.214146e-03 -8.384547e-03 1.078250e-02 2.099950e-01 3.875442e-02
9.629049e-03 1.134538e+00 7.083809e-02 1.143485e-01 1.173552e-02 -4.027818e-01 2.165198e-02 6.483405e-02 7.949906e-03 6.356636e-03 5.559420e-03 2.322248e-01 1.478828e-02
1.233722e-02 6.798641e-01 1.307885e-01 8.248109e-02 2.290522e-02 -2.277203e-01 5.023221e-02 7.990333e-02 5.683258e-03 4.019113e-02 1.596600e-02 2.028856e-01 2.200554e-02
1.564720e-02 8.903940e-01 9.752412e-02 1.131869e-01 2.120248e-02 -3.178674e-01 3.057430e-02 7.506454e-02 6.176986e-03 8.935507e-03 1.083690e-02 2.349393e-01 2.315746e-02
1.955901e-02 7.976990e-01 1.180315e-01 9.306677e-02 3.558695e-02 -2.840818e-01 3.305514e-02 8.242706e-02 5.779139e-03 1.610973e-02 1.063880e-02 2.334577e-01 1.058683e-02
7.522695e-03 9.192268e-01 1.719483e-01 1.025157e-01 3.577871e-02 -3.311946e-01 4.204221e-02 6.370137e-02 7.673145e-03 1.524118e-02 9.965973e-03 2.083307e-01 1.550674e-02
7.823602e-03 8.976307e-01 8.325757e-02 1.049338e-01 3.032888e-02 -3.243373e-01 3.669361e-02 5.813436e-02 8.570236e-03 9.339807e-03 7.235677e-03 2.068287e-01 2.300122e-02
8.726326e-03 7.151369e-01 8.148914e-02 7.915077e-02 1.487366e-02 -2.463257e-01 4.003853e-02 6.088354e-02 8.256562e-03 1.901255e-02 4.208517e-03 1.623330e-01 1.675184e-02
1.023086e-02 7.180127e-01 1.040391e-01 1.031942e-01 1.276647e-02 -2.372884e-01 4.281371e-02 7.504012e-02 7.824208e-03 2.175356e-02 8.211637e-03 1.742766e-01 1.799999e-02
1.233722e-02 8.793785e-01 1.293563e-01 9.086213e-02 2.734672e-02 -3.176550e-01 5.012036e-02 6.837084e-02 4.752414e-03 1.396166e-02 1.347603e-02 2.203038e-01 1.530751e-02
1.504539e-02 9.028488e-01 1.100314e-01 1.166282e-01 1.254257e-02 -2.932356e-01 7.502618e-02 8.832784e-02 9.157664e-03 2.392920e-02 1.001859e-02 2.238417e-01 3.812000e-02
1.835538e-02 8.714321e-01 1.246614e-01 1.127472e-01 2.964563e-02 -2.994535e-01 5.547892e-02 9.712416e-02 9.548476e-03 1.783156e-02 1.213604e-02 2.531690e-01 3.762450e-02
2.226718e-02 9.250106e-01 1.508321e-01 1.245807e-01 1.763509e-02 -2.870575e-01 7.335083e-02 1.082679e-01 7.765004e-03 1.567260e-02 8.629031e-03 2.674071e-01 3.391815e-02
1.083268e-02 7.893290e-01 1.992312e-01 1.084071e-01 3.190974e-02 -2.496188e-01 6.001422e-02 7.459378e-02 7.597243e-03 1.984121e-02 1.147258e-02 1.792712e-01 2.686779e-02
1.113359e-02 8.684417e-01 1.542028e-01 1.274981e-01 1.413509e-02 -2.579383e-01 6.650161e-02 7.870332e-02 9.642599e-03 1.122103e-02 7.483423e-03 1.648971e-01 2.997495e-02
1.203631e-02 8.375346e-01 1.316684e-01 1.512661e-01 2.947041e-02 -2.421537e-01 4.982876e-02 8.895104e-02 9.536444e-03 1.390386e-02 7.203166e-03 1.779208e-01 1.849271e-02
1.354085e-02 9.489005e-01 9.929331e-02 6.898137e-02 1.079277e-02 -3.844117e-01 4.951715e-02 6.729348e-02 3.315541e-03 2.496640e-02 7.404982e-03 2.772350e-01 3.782589e-02
1.564720e-02 8.614121e-01 9.960431e-02 1.094992e-01 1.913604e-02 -2.542233e-01 3.384943e-02 8.052370e-02 5.173873e-03 1.154392e-02 9.314947e-03 1.900078e-01 1.796946e-02
1.835538e-02 8.776956e-01 9.340285e-02 1.048578e-01 2.334327e-02 -2.990863e-01 3.381123e-02 7.599449e-02 6.520164e-03 8.155659e-03 6.772796e-03 2.187811e-01 1.268709e-02
2.166536e-02 1.172174e+00 6.317422e-02 1.662709e-01 2.020924e-02 -3.970207e-01 4.412112e-02 1.149687e-01 1.198039e-02 7.344133e-03 1.108626e-02 3.019377e-01 1.961277e-02
2.557716e-02 8.958927e-01 1.632040e-01 1.439277e-01 4.026337e-02 -2.343519e-01 3.014493e-02 1.274247e-01 1.623555e-02 8.722271e-03 9.329655e-03 2.480859e-01 1.354660e-02
1.474448e-02 7.946006e-01 8.159225e-02 1.060115e-01 1.414049e-02 -2.470947e-01 4.003176e-02 9.024828e-02 1.308552e-02 3.198573e-02 1.244832e-02 2.115031e-01 3.248526e-02
1.504539e-02 1.085009e+00 2.636395e-01 1.439645e-01 3.472402e-02 -3.615372e-01 7.274588e-02 8.265901e-02 8.388168e-03 -4.120668e-04 1.153257e-02 2.402483e-01 2.027237e-02
1.594811e-02 5.696878e-01 4.790345e-02 7.108586e-02 1.504533e-02 -2.038570e-01 1.858089e-02 8.477984e-02 5.924916e-03 3.716925e-02 1.084513e-02 2.101806e-01 2.832383e-02
1.745265e-02 8.395073e-01 7.099726e-02 1.067809e-01 2.212576e-02 -2.539196e-01 3.845103e-02 7.878330e-02 6.002618e-03 2.403279e-02 1.350066e-02 2.394363e-01 2.966737e-02
1.955901e-02 9.807043e-01 8.112663e-02 1.243246e-01 1.959754e-02 -2.967550e-01 3.210392e-02 9.528339e-02 7.065186e-03 1.052173e-02 5.039829e-03 2.272530e-01 1.409610e-02
2.226718e-02 8.842301e-01 1.923038e-01 1.258519e-01 3.897922e-02 -2.792242e-01 4.510848e-02 9.186764e-02 9.273775e-03 1.113361e-02 6.221454e-03 2.695334e-01 1.870095e-02
2.557716e-02 7.941557e-01 1.012985e-01 9.124076e-02 1.730451e-02 -2.647049e-01 3.052487e-02 1.160189e-01 1.398791e-02 4.136524e-03 4.906368e-03 2.722946e-01 1.069437e-02
2.948896e-02 9.353704e-01 1.584473e-01 1.151898e-01 1.725609e-02 -2.908653e-01 4.618506e-02 1.523055e-01 2.252340e-02 1.506531e-02 6.854181e-03 3.052259e-01 1.802465e-02
3.009078e-04 5.303774e-01 2.087376e-01 6.754368e-02 1.475939e-02 -1.909030e-01 1.057838e-01 6.207900e-02 6.263249e-03 3.568396e-02 6.611387e-03 1.371099e-01 5.219867e-02
6.018156e-04 7.662852e-01 2.740609e-01 1.012328e-01 4.453997e-02 -2.671930e-01 9.637870e-02 5.860874e-02 8.895798e-03 1.444777e-02 1.298637e-02 1.504199e-01 3.708606e-02
1.504539e-03 2.670149e-01 4.555968e-02 5.932271e-02 6.334153e-03 -6.607165e-02 2.210863e-02 5.815946e-02 7.550727e-03 3.375304e-02 5.543189e-03 7.433790e-02 1.055892e-02
3.009078e-03 6.399683e-01 9.077621e-02 9.733774e-02 1.889849e-02 -2.007738e-01 2.937159e-02 6.592578e-02 7.288656e-03 2.317102e-02 6.850556e-03 1.321969e-01 1.503929e-02
5.115432e-03 5.765287e-01 1.183926e-01 6.527759e-02 1.036925e-02 -2.086308e-01 4.429086e-02 6.531977e-02 7.276451e-03 3.418189e-02 7.492432e-03 1.530936e-01 1.992041e-02
7.823602e-03 8.481380e-01 9.008589e-02 9.634640e-02 9.351030e-03 -2.869868e-01 5.217605e-02 6.297208e-02 3.965087e-03 1.629730e-02 7.928289e-03 1.851479e-01 3.284036e-02
1.113359e-02 8.316910e-01 8.631145e-02 1.101756e-01 2.438511e-02 -2.795350e-01 5.425648e-02 7.810297e-02 9.798813e-03 1.718021e-02 7.355513e-03 1.939830e-01 3.644529e-02
1.504539e-02 8.572464e-01 1.777667e-01 9.989637e-02 2.765081e-02 -2.760246e-01 5.418733e-02 6.984593e-02 9.398523e-03 1.408734e-02 9.272213e-03 1.990747e-01 2.116682e-02
6.018156e-04 8.523768e-01 1.383643e-01 7.478467e-02 2.211748e-02 -3.398742e-01 7.131998e-02 5.955905e-02 1.252737e-02 2.906852e-02 1.080272e-02 2.030557e-01 4.360924e-02
9.027234e-04 2.831885e-01 9.813338e-02 5.050330e-02 1.885820e-02 -8.468960e-02 3.526478e-02 5.611237e-02 7.895701e-03 3.811210e-02 7.613840e-03 8.901522e-02 1.085551e-02
1.805447e-03 1.014141e+00 1.729662e-01 1.348632e-01 2.838137e-02 -3.581411e-01 5.918369e-02 7.136646e-02 6.887814e-03 1.066456e-02 1.055824e-02 1.960566e-01 2.538144e-02
3.309986e-03 6.819028e-01 6.361799e-02 8.181051e-02 1.810145e-02 -2.392167e-01 3.527792e-02 6.829254e-02 8.864828e-03 3.487787e-02 5.379719e-03 1.663407e-01 1.938463e-02
5.416340e-03 9.101105e-01 1.565205e-01 1.184314e-01 3.846572e-02 -3.005364e-01 6.222474e-02 6.593546e-02 8.007292e-03 1.317760e-02 1.263084e-02 1.759866e-01 2.899652e-02
8.124510e-03 9.586511e-01 1.131964e-01 9.971638e-02 3.058069e-02 -3.438042e-01 3.984426e-02 6.440151e-02 5.793534e-03 1.487467e-02 9.985242e-03 2.032827e-01 2.190256e-02
1.143450e-02 7.579718e-01 1.028152e-01 1.101905e-01 2.186368e-02 -2.265724e-01 3.042179e-02 8.738922e-02 4.927521e-03 3.433055e-02 1.081819e-02 1.873837e-01 2.403426e-02
1.534630e-02 7.355724e-01 1.094466e-01 1.038902e-01 1.652589e-02 -2.432399e-01 4.643662e-02 8.651990e-02 5.229733e-03 1.869027e-02 9.581301e-03 1.972674e-01 2.018232e-02
1.504539e-03 8.666761e-01 2.378258e-01 1.281971e-01 3.084152e-02 -2.861163e-01 8.794108e-02 6.529806e-02 4.940853e-03 9.364565e-03 9.935629e-03 1.576025e-01 3.533061e-02
1.805447e-03 3.282899e-01 4.882617e-02 4.385132e-02 5.879519e-03 -1.130871e-01 2.959029e-02 7.102212e-02 4.586293e-03 5.820181e-02 5.573402e-03 1.292632e-01 1.851497e-02
2.708170e-03 6.701432e-01 1.362229e-01 1.117092e-01 2.473267e-02 -2.088146e-01 4.351302e-02 7.673497e-02 5.783887e-03 2.933275e-02 9.323492e-03 1.470013e-01 1.378969e-02
4.212709e-03 1.175261e+00 2.003949e-01 1.789730e-01 3.792949e-02 -3.765841e-01 6.969097e-02 8.345528e-02 6.954562e-03 3.379042e-03 1.471706e-02 2.047803e-01 2.639196e-02
6.319064e-03 7.947976e-01 1.795076e-01 7.545645e-02 2.085277e-02 -3.069125e-01 6.756329e-02 5.738375e-02 3.538481e-03 2.138458e-02 1.110305e-02 1.962993e-01 2.327472e-02
9.027234e-03 6.784976e-01 6.018478e-02 7.456819e-02 3.396071e-02 -2.262319e-01 4.399803e-02 6.738191e-02 1.327688e-02 2.943442e-02 1.037581e-02 1.684219e-01 1.900618e-02
1.233722e-02 7.377790e-01 1.355879e-01 1.055808e-01 2.968144e-02 -2.327635e-01 4.319307e-02 7.582521e-02 8.446350e-03 1.303577e-02 1.035731e-02 1.674390e-01 1.724069e-02
1.624902e-02 1.005942e+00 2.146353e-01 1.301743e-01 3.326254e-02 -3.337664e-01 6.037244e-02 9.009465e-02 8.952309e-03 1.464781e-02 1.298792e-02 2.430233e-01 1.904458e-02
3.009078e-03 2.023873e+00 4.265132e-01 2.145753e-01 7.690615e-02 -7.622595e-01 1.388972e-01 7.667107e-02 9.189233e-03 -1.953269e-02 2.846571e-02 3.685712e-01 4.983471e-02
3.309986e-03 6.667058e-01 1.432548e-01 8.178351e-02 1.623191e-02 -2.402000e-01 6.202939e-02 6.160447e-02 7.160011e-03 2.558846e-02 5.939812e-03 1.585933e-01 3.072907e-02
4.212709e-03 7.288134e-01 1.856886e-01 8.030000e-02 1.447269e-02 -2.639122e-01 7.605120e-02 6.698699e-02 6.584822e-03 3.094592e-02 9.903470e-03 1.749991e-01 2.928126e-02
5.717248e-03 8.107579e-01 1.844174e-01 8.459724e-02 2.271865e-02 -2.989827e-01 8.301255e-02 6.393099e-02 6.597182e-03 2.846993e-02 7.676523e-03 1.973286e-01 4.428130e-02
7.823602e-03 8.452897e-01 7.479443e-02 8.129895e-02 6.402515e-03 -3.162113e-01 3.738006e-02 6.143493e-02 1.850663e-03 2.424797e-02 3.805368e-03 2.164741e-01 2.165405e-02
1.053177e-02 7.004621e-01 1.103661e-01 9.800583e-02 2.159418e-02 -2.263576e-01 2.784841e-02 6.775205e-02 3.082385e-03 1.848396e-02 7.512612e-03 1.723596e-01 1.537691e-02
1.384176e-02 8.462389e-01 1.194641e-01 1.069799e-01 2.701831e-02 -3.195781e-01 6.416538e-02 8.605765e-02 3.911002e-03 1.753491e-02 8.643069e-03 2.363483e-01 3.599125e-02
1.775356e-02 7.009876e-01 8.480196e-02 9.797238e-02 2.110268e-02 -2.127056e-01 2.571020e-02 8.283535e-02 6.646498e-03 2.314287e-02 1.117552e-02 1.977146e-01 1.050304e-02
5.115432e-03 8.788435e-01 2.790094e-01 8.106281e-02 2.708230e-02 -3.144313e-01 1.038618e-01 5.732738e-02 4.432898e-03 2.464015e-02 1.025279e-02 1.948786e-01 3.761463e-02
5.416340e-03 8.939900e-01 1.192900e-01 1.447612e-01 2.371779e-02 -2.595379e-01 4.256161e-02 7.862838e-02 1.110747e-02 1.129397e-02 5.798864e-03 1.504670e-01 1.271316e-02
6.319064e-03 7.889160e-01 3.145042e-01 9.795115e-02 5.460695e-02 -2.707816e-01 1.099056e-01 5.942047e-02 1.046957e-02 1.447800e-02 1.928313e-02 1.658788e-01 3.349908e-02
7.823602e-03 9.525724e-01 2.267659e-01 1.034751e-01 4.146855e-02 -3.487934e-01 7.136728e-02 6.136699e-02 1.130840e-02 1.297457e-02 7.424149e-03 2.159118e-01 3.546702e-02
9.929957e-03 7.627209e-01 2.013511e-01 9.344410e-02 3.380249e-02 -2.523881e-01 7.499133e-02 7.240206e-02 5.323827e-03 2.165422e-02 1.037044e-02 1.824837e-01 3.365978e-02
1.263813e-02 7.431066e-01 1.628599e-01 1.141837e-01 3.390505e-02 -2.290538e-01 5.267664e-02 8.423970e-02 6.745217e-03 2.077212e-02 1.961478e-02 1.707499e-01 1.796722e-02
1.594811e-02 8.288812e-01 1.193456e-01 8.593915e-02 1.022751e-02 -3.117360e-01 5.821623e-02 8.544390e-02 4.089587e-03 2.897277e-02 8.464162e-03 2.513522e-01 3.129495e-02
1.985991e-02 1.023981e+00 7.879285e-02 7.886938e-02 2.249564e-02 -3.851580e-01 4.992693e-02 8.229412e-02 7.649897e-03 2.992874e-02 6.506890e-03 3.141192e-01 2.777348e-02
7.823602e-03 8.646607e-01 1.717797e-01 1.092030e-01 2.706295e-02 -2.870985e-01 5.863652e-02 5.809437e-02 7.574644e-03 6.690210e-03 7.591262e-03 1.714523e-01 2.662278e-02
8.124510e-03 7.816963e-01 4.558305e-02 1.065625e-01 1.059429e-02 -2.546743e-01 2.877284e-02 6.432780e-02 7.251043e-03 1.305665e-02 6.916634e-03 1.714295e-01 1.275600e-02
9.027234e-03 7.595757e-01 1.237951e-01 8.968086e-02 3.096319e-02 -2.848522e-01 3.654357e-02 5.821187e-02 7.264634e-03 1.152564e-02 8.479350e-03 1.941215e-01 1.756308e-02
1.053177e-02 9.081878e-01 8.621273e-02 1.261940e-01 2.822523e-02 -2.889295e-01 3.064328e-02 7.837635e-02 7.050146e-03 1.618102e-02 7.905866e-03 1.993681e-01 2.353932e-02
1.263813e-02 8.067309e-01 7.814453e-02 1.130171e-01 7.841941e-03 -2.842109e-01 3.854477e-02 7.177725e-02 6.119063e-03 1.222239e-02 8.001798e-03 2.075511e-01 1.324579e-02
1.534630e-02 1.110156e+00 1.323927e-01 1.587727e-01 1.839252e-02 -2.934803e-01 3.060599e-02 8.921052e-02 7.854331e-03 3.921893e-03 4.496033e-03 1.910336e-01 1.518233e-02
1.865628e-02 7.515437e-01 6.259498e-02 8.807073e-02 2.111916e-02 -2.365468e-01 1.353380e-02 7.764113e-02 4.554373e-03 2.179024e-02 8.532578e-03 2.115611e-01 1.549238e-02
2.256808e-02 8.792406e-01 5.145679e-02 1.345989e-01 1.850308e-02 -2.877084e-01 5.781722e-02 1.168730e-01 1.161701e-02 9.452759e-03 1.325520e-02 2.588204e-01 3.839795e-02
1.113359e-02 9.623097e-01 1.906199e-01 1.447947e-01 2.326442e-02 -2.946829e-01 7.217347e-02 8.110346e-02 6.149481e-03 4.609081e-03 1.210428e-02 1.833646e-01 2.365460e-02
1.143450e-02 9.491317e-01 1.130116e-01 1.270566e-01 2.855321e-02 -3.264198e-01 3.863275e-02 8.360141e-02 1.365833e-02 1.442929e-02 8.700310e-03 2.176670e-01 1.435675e-02
1.233722e-02 9.758086e-01 1.978970e-01 1.195339e-01 2.790421e-02 -3.459834e-01 8.160573e-02 7.399680e-02 7.908325e-03 6.805439e-03 9.707394e-03 2.250208e-01 4.738015e-02
1.384176e-02 8.007388e-01 1.194727e-01 1.070437e-01 1.743937e-02 -2.639145e-01 5.513624e-02 9.224770e-02 8.536595e-03 2.578616e-02 1.258534e-02 1.959939e-01 2.809604e-02
1.594811e-02 8.571051e-01 6.335162e-02 1.103911e-01 2.173596e-02 -2.581266e-01 2.629511e-02 8.581059e-02 8.728855e-03 1.663189e-02 9.660852e-03 1.948321e-01 2.463062e-02
1.865628e-02 9.542464e-01 2.881618e-01 8.338534e-02 3.288018e-02 -3.369495e-01 9.881810e-02 7.672924e-02 8.288379e-03 1.829274e-02 1.540784e-02 2.624766e-01 3.442172e-02
2.196627e-02 8.926658e-01 7.552027e-02 1.375565e-01 8.297256e-03 -2.764860e-01 4.355809e-02 1.165334e-01 7.819562e-03 1.965278e-02 9.276034e-03 2.463398e-01 3.114406e-02
2.587807e-02 8.043784e-01 9.799405e-02 1.594149e-01 3.052531e-02 -2.068145e-01 3.544224e-02 1.444500e-01 1.228785e-02 2.506734e-02 1.429529e-02 2.563018e-01 1.455314e-02
1.504539e-02 1.069869e+00 1.536058e-01 1.545318e-01 2.140912e-02 -3.154357e-01 3.839652e-02 9.146727e-02 7.202283e-03 5.246686e-03 1.752393e-03 2.127518e-01 2.193918e-02
1.534630e-02 8.386853e-01 1.539740e-01 1.185821e-01 2.176475e-02 -2.960268e-01 7.137528e-02 8.531450e-02 8.411487e-03 1.052606e-02 1.189184e-02 2.222492e-01 2.759858e-02
1.624902e-02 6.579326e-01 9.912161e-02 7.039718e-02 1.567568e-02 -2.495547e-01 5.041663e-02 9.205120e-02 1.299003e-02 3.391698e-02 7.280567e-03 2.356637e-01 2.684369e-02
1.775356e-02 6.854866e-01 8.614491e-02 6.231031e-02 1.975979e-02 -2.310089e-01 6.037562e-02 8.714487e-02 6.847670e-03 3.686000e-02 5.961113e-03 2.270177e-01 3.670605e-02
1.985991e-02 9.157345e-01 1.133394e-01 1.255975e-01 2.498730e-02 -3.177612e-01 4.252960e-02 9.379294e-02 8.167433e-03 1.047383e-02 8.032718e-03 2.657633e-01 1.467080e-02
2.256808e-02 9.217252e-01 5.895761e-02 1.519717e-01 3.352266e-03 -2.899032e-01 3.002389e-02 9.929743e-02 5.415113e-03 -1.149721e-02 9.232739e-03 2.552085e-01 2.242772e-02
2.587807e-02 8.099977e-01 1.217629e-01 9.759782e-02 1.107068e-02 -2.549134e-01 7.421521e-02 1.076645e-01 7.983820e-03 1.459422e-03 7.113923e-03 2.854184e-01 5.111860e-02
2.978987e-02 1.007153e+00 7.841062e-02 1.062778e-01 2.727989e-02 -3.836705e-01 4.290439e-02 1.618358e-01 1.300965e-02 2.709340e-02 1.914486e-02 3.931869e-01 5.786440e-02
1.203631e-03 8.113343e-01 2.580961e-01 1.110490e-01 6.797958e-02 -2.811761e-01 6.261884e-02 6.066754e-02 1.517638e-02 1.203696e-02 1.717014e-02 1.581318e-01 1.883865e-02
1.504539e-03 1.337967e+00 3.070362e-01 1.161763e-01 2.247148e-02 -5.390451e-01 1.471237e-01 6.459406e-02 6.517249e-03 1.084040e-02 8.643264e-03 2.838964e-01 7.003537e-02
2.407262e-03 8.277066e-01 1.791004e-01 6.895354e-02 2.062484e-02 -3.306936e-01 7.004098e-02 5.802940e-02 5.139937e-03 3.068018e-02 8.637035e-03 2.082953e-01 2.806014e-02
3.911801e-03 7.971335e-01 1.819141e-01 1.063697e-01 2.888881e-02 -2.678560e-01 6.255079e-02 6.816094e-02 7.398919e-03 2.418585e-02 1.485725e-02 1.743469e-01 2.386885e-02
6.018156e-03 1.131206e+00 3.465938e-01 1.579937e-01 4.447515e-02 -3.662767e-01 1.345861e-01 8.517933e-02 1.344809e-02 1.226756e-02 1.374108e-02 2.096247e-01 5.508374e-02
8.726326e-03 7.718340e-01 9.020860e-02 9.242620e-02 1.892862e-02 -2.704243e-01 3.488294e-02 7.122414e-02 6.400970e-03 2.186821e-02 5.977837e-03 1.846710e-01 1.968219e-02
1.203631e-02 8.445703e-01 2.076038e-01 1.134181e-01 2.292528e-02 -2.943256e-01 9.516174e-02 8.524688e-02 5.967152e-03 2.418669e-02 1.136785e-02 2.134934e-01 3.749529e-02
1.594811e-02 8.860907e-01 1.233092e-01 9.333780e-02 2.149242e-02 -3.163246e-01 4.551195e-02 8.163226e-02 8.171511e-03 1.420464e-02 1.139800e-02 2.294316e-01 1.923279e-02
1.504539e-03 5.893169e-01 1.022666e-01 8.203450e-02 1.242557e-02 -2.002221e-01 4.337345e-02 5.965238e-02 4.104324e-03 2.783860e-02 6.468531e-03 1.380667e-01 1.766327e-02
1.805447e-03 6.428407e-01 1.329305e-01 7.837772e-02 2.851583e-02 -2.243468e-01 4.769378e-02 5.420235e-02 5.735857e-03 2.026590e-02 1.051999e-02 1.373160e-01 1.844121e-02
2.708170e-03 5.599582e-01 1.638180e-01 5.805365e-02 2.210325e-02 -2.054562e-01 5.795172e-02 5.138075e-02 5.651119e-03 2.821363e-02 6.576630e-03 1.416977e-01 2.461931e-02
4.212709e-03 8.769248e-01 1.906591e-01 1.153579e-01 1.962598e-02 -3.016110e-01 7.341188e-02 7.020705e-02 6.937993e-03 1.986706e-02 1.803445e-02 1.845795e-01 1.854039e-02
6.319064e-03 9.083549e-01 1.175031e-01 1.378065e-01 3.238409e-02 -2.901170e-01 3.121006e-02 7.729501e-02 8.768290e-03 8.585965e-03 9.406554e-03 1.662750e-01 1.391882e-02
9.027234e-03 1.076295e+00 1.285106e-01 1.395998e-01 1.777027e-02 -3.745827e-01 5.294402e-02 8.485109e-02 9.718448e-03 1.500013e-02 1.695489e-03 2.269696e-01 2.970236e-02
1.233722e-02 8.906857e-01 1.097288e-01 1.059758e-01 2.636666e-02 -3.158205e-01 3.770868e-02 7.356010e-02 3.789243e-03 1.966061e-02 1.914366e-02 2.302796e-01 2.880579e-02
1.624902e-02 1.010333e+00 1.368506e-01 1.114022e-01 2.788683e-02 -3.833386e-01 5.439003e-02 9.271776e-02 1.077947e-02 1.476927e-02 1.814515e-02 2.842787e-01 1.918266e-02
2.407262e-03 7.318057e-01 2.440069e-01 7.010306e-02 3.397367e-02 -2.875859e-01 1.029095e-01 6.509790e-02 5.848567e-03 3.586440e-02 1.124044e-02 1.912455e-01 5.490009e-02
2.708170e-03 4.468073e-01 1.392627e-01 5.990352e-02 1.213999e-02 -1.532750e-01 6.131276e-02 6.016981e-02 6.375513e-03 3.674363e-02 7.329409e-03 1.264670e-01 2.650924e-02
3.610893e-03 7.983057e-01 2.740581e-01 1.147096e-01 2.850280e-02 -2.783951e-01 1.093177e-01 7.189389e-02 6.252916e-03 1.907274e-02 8.046770e-03 1.755758e-01 4.747714e-02
5.115432e-03 8.007851e-01 1.124864e-01 1.072847e-01 3.273282e-02 -2.650627e-01 2.805374e-02 6.876318e-02 1.142232e-02 1.930035e-02 1.003534e-02 1.677651e-01 1.794771e-02
7.221787e-03 8.634665e-01 1.558619e-01 6.592932e-02 1.548768e-02 -3.257158e-01 6.096669e-02 7.168978e-02 2.486769e-03 4.087073e-02 6.628590e-03 2.167893e-01 2.696533e-02
9.929957e-03 9.043276e-01 2.169824e-01 1.101957e-01 2.455968e-02 -3.167043e-01 8.135470e-02 7.122701e-02 8.574451e-03 1.319115e-02 8.231669e-03 2.047010e-01 3.562787e-02
1.323994e-02 9.739298e-01 1.493778e-01 1.635582e-01 3.262211e-02 -3.149602e-01 5.379936e-02 9.521715e-02 8.825245e-03 7.742137e-03 9.824211e-03 2.254231e-01 2.866854e-02
1.715174e-02 8.902926e-01 1.008140e-01 1.252676e-01 2.051058e-02 -2.783237e-01 3.972821e-02 9.175907e-02 4.698288e-03 1.561213e-02 1.051585e-02 2.232291e-01 1.735381e-02
3.911801e-03 8.665804e-01 1.765711e-01 8.837027e-02 1.220832e-02 -3.236735e-01 7.327973e-02 6.285183e-02 3.790574e-03 2.346870e-02 9.130681e-03 1.954838e-01 3.080489e-02
4.212709e-03 1.161420e+00 3.386630e-01 1.546920e-01 2.504369e-02 -4.089191e-01 1.431464e-01 7.532152e-02 4.683352e-03 2.649511e-03 1.323140e-02 2.210026e-01 5.872168e-02
5.115432e-03 1.275043e+00 3.227228e-01 1.477347e-01 1.963698e-02 -4.682858e-01 1.596140e-01 8.096597e-02 5.152710e-03 1.329182e-02 5.155168e-03 2.634901e-01 7.969184e-02
6.619971e-03 1.048900e+00 2.363320e-01 1.488038e-01 3.675620e-02 -3.468764e-01 8.124878e-02 7.153048e-02 7.366171e-03 -1.080126e-03 1.182680e-02 1.874945e-01 3.733645e-02
8.726326e-03 7.321851e-01 7.258118e-02 9.658697e-02 1.039243e-02 -2.293064e-01 3.169541e-02 7.422095e-02 4.110427e-03 3.071643e-02 5.034176e-03 1.691779e-01 2.324499e-02
1.143450e-02 8.680785e-01 1.419490e-01 1.178690e-01 1.927799e-02 -2.712798e-01 6.500426e-02 7.247164e-02 3.220571e-03 1.130395e-02 1.091321e-02 1.806074e-01 3.593511e-02
1.474448e-02 8.122731e-01 1.099931e-01 1.219835e-01 2.609134e-02 -2.683484e-01 2.860124e-02 9.134228e-02 5.556064e-03 1.761823e-02 1.299656e-02 2.153108e-01 2.129450e-02
1.865628e-02 9.950784e-01 1.236964e-01 1.447572e-01 1.889575e-02 -3.233383e-01 7.188400e-02 9.420088e-02 1.167510e-02 4.884393e-03 1.088261e-02 2.447810e-01 3.232847e-02
6.018156e-03 7.073442e-01 9.232508e-02 1.005809e-01 1.533985e-02 -2.148282e-01 3.184949e-02 7.945231e-02 1.412129e-03 3.313542e-02 9.684758e-03 1.548600e-01 1.590174e-02
6.319064e-03 6.007561e-01 1.011725e-01 1.002396e-01 2.485095e-02 -1.740947e-01 2.908351e-02 7.413274e-02 3.456409e-03 2.991563e-02 1.052846e-02 1.384449e-01 1.386807e-02
7.221787e-03 9.605108e-01 1.413923e-01 1.161953e-01 2.435585e-02 -3.384340e-01 5.555492e-02 6.824747e-02 4.619154e-03 1.544549e-02 8.144049e-03 2.131950e-01 2.420873e-02
8.726326e-03 9.278063e-01 1.377286e-01 1.106870e-01 1.866129e-02 -3.232718e-01 5.847363e-02 6.955415e-02 5.695002e-03 8.803927e-03 1.383106e-02 1.941900e-01 1.629027e-02
1.083268e-02 9.757872e-01 5.152919e-02 1.193447e-01 1.064622e-02 -3.359261e-01 2.983424e-02 6.772195e-02 4.849587e-03 7.800548e-03 8.602992e-03 2.136506e-01 1.200189e-02
1.354085e-02 7.303124e-01 9.659815e-02 9.438104e-02 2.053494e-02 -2.356701e-01 3.502617e-02 7.927960e-02 7.359651e-03 2.093886e-02 6.533212e-03 1.777015e-01 1.314169e-02
1.685084e-02 1.020842e+00 1.110904e-01 1.221797e-01 1.824804e-02 -3.267804e-01 2.617945e-02 9.494078e-02 4.770402e-03 1.318553e-02 6.271890e-03 2.251105e-01 2.122471e-02
2.076264e-02 7.819922e-01 7.160406e-02 9.138532e-02 2.487828e-02 -2.459658e-01 1.581741e-02 9.675442e-02 1.089006e-02 1.754345e-02 1.048008e-02 2.269937e-01 1.778844e-02
8.726326e-03 9.702646e-01 1.619205e-01 1.126875e-01 2.064514e-02 -3.672573e-01 8.312352e-02 7.113439e-02 8.310390e-03 1.703648e-02 9.106411e-03 2.414879e-01 3.997261e-02
9.027234e-03 1.019903e+00 2.360200e-01 1.289913e-01 4.715937e-02 -3.285540e-01 6.008029e-02 7.407675e-02 9.107102e-03 1.366670e-02 1.369799e-02 1.959186e-01 1.285956e-02
9.929957e-03 6.903478e-01 7.369747e-02 8.477365e-02 1.815760e-02 -2.343090e-01 4.041621e-02 7.412672e-02 1.347047e-02 3.189522e-02 9.369637e-03 1.802852e-01 2.652559e-02
1.143450e-02 8.796378e-01 1.357115e-01 1.069623e-01 4.927091e-03 -2.714277e-01 5.791626e-02 6.309858e-02 9.590374e-03 8.497375e-03 8.715514e-03 1.760356e-01 1.670751e-02
1.354085e-02 1.182137e+00 9.995115e-02 1.949725e-01 2.503379e-02 -3.650489e-01 3.613505e-02 9.958822e-02 1.086338e-02 -1.286864e-02 1.322981e-02 2.131309e-01 1.045117e-02
1.624902e-02 8.779256e-01 1.060608e-01 5.494074e-02 3.004917e-02 -3.510340e-01 7.873185e-02 8.626994e-02 6.251035e-03 4.575900e-02 1.601587e-02 2.944924e-01 6.086132e-02
1.955901e-02 8.777546e-01 5.990499e-02 1.292376e-01 1.778096e-02 -3.001361e-01 3.493300e-02 1.008212e-01 5.352598e-03 1.204169e-02 1.189129e-02 2.610204e-01 3.470420e-02
2.347081e-02 8.081518e-01 8.501808e-02 1.289171e-01 1.720323e-02 -2.062099e-01 3.288300e-02 1.114227e-01 9.808679e-03 2.503157e-02 3.929651e-03 2.304680e-01 2.455059e-02
1.203631e-02 1.104849e+00 1.475965e-01 1.401195e-01 2.279364e-02 -3.374275e-01 5.369660e-02 7.619948e-02 2.653396e-03 4.884899e-03 1.170133e-02 2.012198e-01 1.793045e-02
1.233722e-02 8.062672e-01 1.173290e-01 9.447691e-02 1.559841e-02 -2.710633e-01 4.236557e-02 7.775689e-02 5.535128e-03 2.529007e-02 1.023142e-02 2.066599e-01 1.206129e-02
1.323994e-02 1.206097e+00 2.201588e-01 1.645152e-01 4.336335e-02 -3.893340e-01 5.852042e-02 8.750325e-02 6.179515e-03 -7.014257e-04 1.461475e-02 2.408004e-01 2.172982e-02
1.474448e-02 1.024419e+00 2.326343e-01 1.261390e-01 2.347844e-02 -3.529638e-01 1.089574e-01 8.905689e-02 7.289162e-03 1.723662e-02 7.198398e-03 2.639804e-01 5.982658e-02
1.685084e-02 7.656651e-01 7.544744e-02 6.465781e-02 7.144445e-03 -2.892179e-01 1.918557e-02 7.038863e-02 3.047146e-03 2.112211e-02 7.020719e-03 2.184338e-01 1.486014e-02
1.955901e-02 9.593246e-01 2.543390e-01 1.676055e-01 4.555845e-02 -2.648963e-01 5.861166e-02 1.180303e-01 1.505461e-02 1.151388e-02 1.361398e-02 2.240788e-01 2.105876e-02
2.286899e-02 1.071612e+00 5.405118e-02 1.345209e-01 1.732815e-02 -3.269728e-01 3.517899e-02 1.044515e-01 1.246218e-02 1.227097e-02 5.426453e-03 2.757962e-01 1.495574e-02
2.678079e-02 9.202518e-01 1.420094e-01 9.458885e-02 2.532749e-02 -3.063860e-01 5.554869e-02 1.232030e-01 7.400790e-03 6.322605e-03 1.650957e-02 2.849287e-01 1.800340e-02
1.594811e-02 8.660600e-01 8.418769e-02 1.192084e-01 2.001795e-02 -2.699687e-01 5.174817e-02 9.440706e-02 7.592407e-03 2.797434e-02 6.516880e-03 2.178610e-01 3.357018e-02
1.624902e-02 8.590317e-01 7.877158e-02 8.872598e-02 2.462541e-02 -3.235704e-01 5.522183e-02 8.449692e-02 1.048956e-02 2.674308e-02 1.021209e-02 2.589002e-01 2.607329e-02
1.715174e-02 8.324129e-01 8.554209e-02 1.250292e-01 2.495914e-02 -2.362776e-01 1.606386e-02 9.833010e-02 1.097724e-02 1.928366e-02 6.892725e-03 1.876378e-01 1.558120e-02
1.865628e-02 6.712057e-01 6.228564e-02 1.030876e-01 2.019949e-02 -2.050775e-01 1.401376e-02 8.698657e-02 5.046246e-03 1.315356e-02 1.128571e-02 1.848097e-01 5.969183e-03
2.076264e-02 1.034936e+00 1.352207e-01 1.632360e-01 3.038588e-02 -3.024514e-01 6.372852e-02 1.107151e-01 1.838846e-02 9.569463e-03 5.083749e-03 2.416325e-01 4.834305e-02
2.347081e-02 8.894931e-01 8.398293e-02 1.247401e-01 1.666314e-02 -2.650869e-01 3.909930e-02 1.196041e-01 7.997855e-03 2.301685e-02 8.454676e-03 2.750707e-01 3.706031e-02
2.678079e-02 8.356169e-01 3.687162e-02 1.431920e-01 3.622536e-02 -2.314889e-01 3.885013e-02 1.428931e-01 1.791131e-02 2.784561e-02 1.835689e-02 3.177913e-01 1.428741e-02
3.069259e-02 8.843367e-01 7.486021e-02 1.025220e-01 1.331718e-02 -3.536221e-01 4.740532e-02 1.284046e-01 7.059411e-03 2.400289e-03 8.959624e-03 3.837014e-01 2.926210e-02
2.708170e-03 1.344246e+00 2.837432e-01 1.843328e-01 4.525795e-02 -4.467781e-01 9.532800e-02 7.525702e-02 1.264747e-02 -7.665570e-03 1.628283e-02 2.176657e-01 3.543104e-02
3.009078e-03 9.584052e-01 2.501642e-01 1.071099e-01 2.828450e-02 -3.476662e-01 9.548814e-02 6.297729e-02 5.168244e-03 1.548084e-02 1.499501e-02 1.959184e-01 3.583728e-02
3.911801e-03 6.377752e-01 1.537069e-01 6.111616e-02 2.008872e-02 -2.381032e-01 5.786402e-02 5.471901e-02 6.481387e-03 2.864679e-02 9.447301e-03 1.576299e-01 2.336616e-02
5.416340e-03 7.799408e-01 1.355232e-01 9.069474e-02 1.355525e-02 -2.963546e-01 6.377588e-02 7.556863e-02 6.108617e-03 3.457481e-02 9.567235e-03 2.109706e-01 2.417294e-02
7.522695e-03 9.795305e-01 2.445401e-01 1.272687e-01 4.450161e-02 -3.272656e-01 7.425976e-02 6.583141e-02 8.436459e-03 4.066635e-03 1.396303e-02 1.876164e-01 3.013806e-02
1.023086e-02 8.511712e-01 6.768405e-02 1.171469e-01 1.498537e-02 -2.597906e-01 3.058882e-02 7.356629e-02 9.330250e-03 1.013264e-02 6.681413e-03 1.619736e-01 1.889266e-02
1.354085e-02 7.846794e-01 1.081381e-01 1.001352e-01 2.414333e-02 -2.502985e-01 3.903794e-02 7.999392e-02 7.538755e-03 1.747848e-02 1.453583e-02 1.854693e-01 1.824199e-02
1.745265e-02 7.403510e-01 8.425388e-02 1.001592e-01 1.857723e-02 -2.259285e-01 4.222935e-02 8.246049e-02 1.332784e-02 9.149743e-03 7.631587e-03 1.993434e-01 2.344814e-02
3.009078e-03 1.176226e+00 4.858097e-01 1.449979e-01 4.600210e-02 -4.245157e-01 1.869241e-01 6.810222e-02 2.739348e-03 -1.506057e-03 2.072291e-02 2.159940e-01 7.003741e-02
3.309986e-03 9.292903e-01 1.685179e-01 9.761103e-02 2.345532e-02 -3.522558e-01 5.981843e-02 6.272048e-02 3.725695e-03 2.047350e-02 8.441267e-03 2.104050e-01 2.508105e-02
4.212709e-03 9.300753e-01 2.056619e-01 1.384344e-01 2.048159e-02 -2.926323e-01 8.442278e-02 7.913949e-02 4.673196e-03 2.106049e-02 1.128034e-02 1.841835e-01 3.432883e-02
5.717248e-03 7.212238e-01 1.196398e-01 8.352517e-02 1.109381e-02 -2.535783e-01 6.488428e-02 5.481841e-02 2.588528e-03 1.345407e-02 4.256507e-03 1.570920e-01 3.468809e-02
7.823602e-03 7.211403e-01 4.307247e-02 8.794922e-02 1.784124e-02 -2.560289e-01 2.557452e-02 6.715508e-02 2.615996e-03 2.404700e-02 9.064910e-03 1.782875e-01 2.429254e-02
1.053177e-02 8.865928e-01 2.010379e-01 9.918802e-02 2.640651e-02 -3.153982e-01 7.335940e-02 7.415798e-02 6.193353e-03 2.019002e-02 8.851252e-03 2.118792e-01 3.656746e-02
1.384176e-02 1.023570e+00 2.965372e-01 1.289044e-01 4.433125e-02 -3.627920e-01 1.113300e-01 7.982672e-02 9.044708e-03 8.944692e-03 1.235051e-02 2.469721e-01 3.881379e-02
1.775356e-02 8.038421e-01 1.593147e-01 1.010104e-01 3.663439e-02 -2.521211e-01 5.559049e-02 8.963854e-02 1.164961e-02 3.205451e-02 1.046608e-02 2.326829e-01 2.850624e-02
3.911801e-03 7.897307e-01 2.220475e-01 7.969138e-02 3.846945e-02 -3.068754e-01 7.966998e-02 6.395525e-02 4.608267e-03 3.098234e-02 1.949005e-02 2.050579e-01 3.043036e-02
4.212709e-03 1.030330e+00 3.687408e-01 9.919415e-02 2.336236e-02 -3.964287e-01 1.643195e-01 5.722317e-02 3.418597e-03 1.625760e-02 1.367912e-02 2.336579e-01 7.057542e-02
5.115432e-03 7.274854e-01 1.126824e-01 9.815977e-02 1.341940e-02 -2.315108e-01 4.869306e-02 6.415814e-02 2.160582e-03 2.278203e-02 7.661968e-03 1.502128e-01 1.871303e-02
6.619971e-03 7.245858e-01 1.214854e-01 1.107048e-01 2.592286e-02 -2.188136e-01 5.440811e-02 7.081918e-02 9.949398e-03 2.173131e-02 1.029596e-02 1.533619e-01 2.439854e-02
8.726326e-03 8.807072e-01 2.944628e-01 1.387733e-01 3.656857e-02 -2.807877e-01 1.043481e-01 7.869310e-02 2.726352e-03 7.563282e-03 1.574455e-02 1.779704e-01 3.515499e-02
1.143450e-02 8.279369e-01 9.408677e-02 1.058681e-01 1.812233e-02 -2.720906e-01 3.279517e-02 7.525005e-02 5.886341e-03 1.674868e-02 9.742996e-03 1.881423e-01 8.588503e-03
1.474448e-02 1.050757e+00 5.192219e-02 1.389887e-01 2.509837e-02 -3.761525e-01 3.809921e-02 8.840621e-02 8.863628e-03 5.678032e-03 1.597094e-02 2.501465e-01 3.387026e-02
1.865628e-02 8.285053e-01 8.372737e-02 1.134117e-01 2.716259e-02 -2.928377e-01 2.556752e-02 8.783373e-02 8.574098e-03 1.097110e-02 1.031070e-02 2.385469e-01 1.200052e-02
5.416340e-03 8.080685e-01 1.744793e-01 9.012795e-02 2.480717e-02 -3.046240e-01 6.947337e-02 6.235944e-02 3.503509e-03 2.433983e-02 9.889600e-03 2.021412e-01 2.984414e-02
5.717248e-03 8.450409e-01 2.265046e-01 7.508888e-02 3.726253e-02 -3.292966e-01 6.743289e-02 5.952097e-02 4.089200e-03 2.655914e-02 1.563956e-02 2.113814e-01 1.706149e-02
6.619971e-03 6.357575e-01 1.533047e-01 9.814391e-02 3.027138e-02 -1.948492e-01 4.460490e-02 6.933373e-02 7.494955e-03 2.443108e-02 1.218608e-02 1.435350e-01 1.188860e-02
8.124510e-03 9.484137e-01 2.687951e-01 9.440159e-02 3.366399e-02 -3.571773e-01 1.066221e-01 7.650635e-02 5.964642e-03 2.897924e-02 1.214516e-02 2.364755e-01 5.064450e-02
1.023086e-02 7.637851e-01 1.332007e-01 9.523808e-02 2.829413e-02 -2.508262e-01 5.582458e-02 6.950049e-02 6.916628e-03 2.371268e-02 1.092199e-02 1.867960e-01 3.507045e-02
1.293903e-02 9.485998e-01 9.625203e-02 1.307605e-01 1.016664e-02 -2.824303e-01 3.213718e-02 8.367089e-02 4.722122e-03 1.822537e-02 5.004360e-03 2.000009e-01 1.652444e-02
1.624902e-02 9.621367e-01 1.446291e-01 1.840897e-01 4.534172e-02 -2.418849e-01 2.098527e-02 1.050150e-01 2.077852e-02 6.015794e-04 5.875736e-03 1.809243e-01 1.153667e-02
2.016082e-02 8.635854e-01 4.243320e-02 1.156613e-01 9.969680e-03 -3.202713e-01 3.456202e-02 9.914306e-02 8.903112e-03 1.519408e-02 1.426224e-02 2.712542e-01 2.326344e-02
7.522695e-03 4.694990e-01 5.063125e-02 6.400013e-02 8.849310e-03 -1.484663e-01 3.246040e-02 7.005419e-02 3.133499e-03 3.706263e-02 4.727910e-03 1.345428e-01 2.170322e-02
7.823602e-03 7.005072e-01 1.414320e-01 1.203388e-01 1.940242e-02 -2.114830e-01 5.963431e-02 7.879079e-02 1.046475e-02 2.286518e-02 1.423536e-02 1.577182e-01 2.294194e-02
8.726326e-03 7.625051e-01 1.060463e-01 8.201701e-02 1.964616e-02 -2.783179e-01 5.174743e-02 7.065889e-02 4.569870e-03 3.372834e-02 3.468012e-03 2.045248e-01 3.181032e-02
1.023086e-02 7.998741e-01 8.259422e-02 1.110346e-01 1.442549e-02 -2.532225e-01 3.944196e-02 7.538419e-02 3.565330e-03 1.311710e-02 5.110794e-03 1.803503e-01 1.792948e-02
1.233722e-02 1.037110e+00 1.467391e-01 1.468307e-01 1.949492e-02 -3.648497e-01 6.447829e-02 8.366547e-02 3.598251e-03 9.481370e-04 7.978088e-03 2.301122e-01 3.318285e-02
1.504539e-02 7.976829e-01 1.284778e-01 7.512185e-02 1.464148e-02 -2.962705e-01 6.216837e-02 7.111565e-02 5.773601e-03 2.107524e-02 9.433369e-03 2.276903e-01 4.265153e-02
1.835538e-02 7.380796e-01 7.309207e-02 7.911763e-02 1.482273e-02 -2.712869e-01 4.056863e-02 7.877560e-02 4.398430e-03 1.943376e-02 7.335156e-03 2.504946e-01 3.308735e-02
2.226718e-02 8.925011e-01 7.252797e-02 1.016097e-01 1.296640e-02 -3.105094e-01 4.159114e-02 1.107542e-01 9.609442e-03 2.531893e-02 1.653297e-02 2.895376e-01 2.897193e-02
1.023086e-02 7.290412e-01 1.027305e-01 7.248059e-02 1.945241e-02 -2.564670e-01 4.427663e-02 6.312114e-02 5.297962e-03 2.137403e-02 7.181073e-03 1.733637e-01 2.517647e-02
1.053177e-02 8.201203e-01 7.084280e-02 6.925513e-02 1.637962e-02 -3.072081e-01 3.357624e-02 6.387161e-02 1.129132e-02 2.993847e-02 1.434410e-02 2.189541e-01 2.755256e-02
1.143450e-02 9.855622e-01 1.098524e-01 1.321423e-01 3.424025e-02 -3.120711e-01 3.842027e-02 7.726552e-02 6.874639e-03 9.625631e-03 1.169453e-02 2.001437e-01 2.646533e-02
1.293903e-02 6.496234e-01 8.606861e-02 8.803766e-02 1.371783e-02 -1.956661e-01 3.502941e-02 7.082430e-02 6.764733e-03 2.157114e-02 3.927953e-03 1.671272e-01 2.246806e-02
1.504539e-02 6.429145e-01 7.776158e-02 8.297353e-02 5.387087e-03 -2.088917e-01 4.494513e-02 8.842413e-02 6.772595e-03 3.966519e-02 6.954956e-03 2.077677e-01 1.681026e-02
1.775356e-02 1.179973e+00 2.437739e-01 1.502267e-01 4.409045e-02 -3.946684e-01 8.001093e-02 9.365469e-02 1.222629e-02 2.272094e-03 1.106422e-02 2.750899e-01 3.562144e-02
2.106355e-02 7.812321e-01 1.013251e-01 1.198070e-01 6.964257e-03 -2.459304e-01 7.677346e-02 1.066049e-01 6.466051e-03 2.584710e-02 8.846887e-03 2.412586e-01 5.284540e-02
2.497535e-02 7.586685e-01 6.593420e-02 1.035075e-01 1.620315e-02 -2.599993e-01 1.841054e-02 1.275713e-01 6.551184e-03 1.712182e-02 1.511915e-02 2.703750e-01 3.169984e-02
1.354085e-02 8.256432e-01 1.533526e-01 1.083786e-01 2.574412e-02 -2.989667e-01 5.867672e-02 7.642863e-02 5.858105e-03 1.916893e-02 8.502176e-03 2.364082e-01 2.842459e-02
1.384176e-02 1.001315e+00 1.345510e-01 1.220642e-01 2.260497e-02 -3.605547e-01 5.139324e-02 7.669498e-02 3.315622e-03 8.433175e-03 8.991585e-03 2.445717e-01 2.669686e-02
1.474448e-02 7.558397e-01 8.625562e-02 8.670222e-02 9.519039e-03 -2.963842e-01 3.584087e-02 7.291636e-02 7.819506e-03 1.886332e-02 1.167393e-03 2.272937e-01 1.875681e-02
1.624902e-02 9.707006e-01 1.006391e-01 1.106945e-01 2.577389e-02 -3.288943e-01 4.389133e-02 8.864553e-02 1.090813e-02 2.256587e-02 5.314012e-03 2.441200e-01 1.960225e-02
1.835538e-02 1.098734e+00 1.542192e-01 1.100165e-01 3.382408e-02 -4.242389e-01 7.632151e-02 8.377083e-02 1.050336e-02 2.175755e-02 1.410412e-02 3.161596e-01 3.909786e-02
2.106355e-02 1.078662e+00 1.927303e-01 1.308387e-01 4.898124e-02 -3.442788e-01 5.873505e-02 1.047762e-01 1.264001e-02 6.953294e-03 9.154811e-03 2.574356e-01 2.763476e-02
2.437353e-02 7.111155e-01 6.579485e-02 1.337339e-01 2.164015e-02 -2.049981e-01 2.910110e-02 1.080487e-01 9.152455e-03 2.577588e-03 1.049469e-02 2.239594e-01 7.666815e-03
2.828533e-02 8.788296e-01 1.353320e-01 1.396767e-01 2.056494e-02 -2.528974e-01 4.172728e-02 1.313924e-01 7.781460e-03 6.824637e-03 1.510117e-02 2.910224e-01 2.543194e-02
1.745265e-02 1.183147e+00 1.765513e-01 1.551792e-01 3.602513e-02 -4.037434e-01 7.174325e-02 9.325256e-02 6.544652e-03 -2.828206e-03 1.306537e-02 2.651879e-01 3.257978e-02
1.775356e-02 9.564235e-01 1.404201e-01 1.261690e-01 3.509135e-02 -3.322509e-01 5.532323e-02 9.540162e-02 1.343824e-02 1.335627e-02 2.056341e-02 2.584379e-01 2.927101e-02
1.865628e-02 8.199439e-01 7.319204e-02 8.996850e-02 2.421041e-02 -2.959644e-01 2.537972e-02 8.760469e-02 1.262899e-02 1.858996e-02 8.525327e-03 2.296340e-01 1.188051e-02
2.016082e-02 8.275334e-01 8.623192e-02 1.228544e-01 3.152312e-02 -2.533365e-01 3.188630e-02 1.056547e-01 5.543236e-03 1.653002e-02 1.238335e-02 2.166102e-01 2.218827e-02
2.226718e-02 9.898610e-01 1.117625e-01 1.173875e-01 1.287689e-02 -3.468229e-01 4.925026e-02 1.076203e-01 9.262178e-03 8.267809e-03 7.436273e-03 2.872590e-01 2.114128e-02
2.497535e-02 9.941696e-01 1.444472e-01 1.273722e-01 2.304495e-02 -2.386547e-01 6.160397e-02 1.290776e-01 1.409765e-02 3.157561e-02 1.728424e-02 2.611559e-01 1.481634e-02
2.828533e-02 9.759350e-01 1.031274e-01 1.656370e-01 1.806298e-02 -3.268261e-01 5.765210e-02 1.423750e-01 1.019630e-02 -1.831215e-02 1.104622e-02 3.282192e-01 4.128346e-02
3.219713e-02 8.697567e-01 7.503469e-02 1.194903e-01 1.912478e-02 -2.986505e-01 3.624089e-02 1.273212e-01 5.051775e-03 -1.963831e-02 9.519273e-03 3.480287e-01 4.376381e-02
4.814525e-03 5.016069e-01 5.733267e-02 7.234267e-02 9.846906e-03 -1.644623e-01 3.622109e-02 6.184910e-02 4.238183e-03 2.930929e-02 6.506734e-03 1.273015e-01 2.208398e-02
5.115432e-03 7.144745e-01 1.385842e-01 7.220673e-02 1.208564e-02 -2.650611e-01 5.377461e-02 5.832969e-02 6.440545e-03 2.705731e-02 4.706303e-03 1.745241e-01 2.319317e-02
6.018156e-03 6.929758e-01 1.473755e-01 1.358930e-01 4.353846e-02 -1.878353e-01 2.445294e-02 8.177251e-02 9.352096e-03 1.672573e-02 1.568094e-02 1.273202e-01 9.779181e-03
7.522695e-03 8.206809e-01 9.391495e-02 5.553504e-02 1.937194e-02 -3.289735e-01 3.842063e-02 5.907753e-02 3.590086e-03 2.666241e-02 1.238028e-02 2.099357e-01 2.135858e-02
9.629049e-03 9.056241e-01 2.378766e-01 1.245780e-01 3.527215e-02 -2.980080e-01 8.853990e-02 6.912518e-02 7.179681e-03 5.008325e-03 1.443850e-02 1.846667e-01 3.020100e-02
1.233722e-02 1.099866e+00 1.683957e-01 1.650938e-01 3.514959e-02 -3.552579e-01 6.206292e-02 9.050342e-02 1.044579e-02 5.949498e-03 1.349701e-02 2.273898e-01 2.779426e-02
1.564720e-02 1.190349e+00 2.331395e-01 1.449447e-01 5.273526e-02 -4.259737e-01 6.698982e-02 9.350205e-02 7.171724e-03 6.985066e-03 1.601742e-02 2.759829e-01 1.917821e-02
1.955901e-02 7.337998e-01 8.736769e-02 1.067316e-01 2.049256e-02 -2.429642e-01 4.624581e-02 9.517796e-02 6.751900e-03 1.550378e-02 1.153288e-02 2.231552e-01 2.370786e-02
5.115432e-03 8.049862e-01 7.621687e-02 7.187435e-02 2.299690e-02 -3.044463e-01 2.487555e-02 6.002271e-02 5.594326e-03 3.097091e-02 1.334115e-02 1.985556e-01 2.168366e-02
5.416340e-03 6.436276e-01 5.182917e-02 8.632060e-02 8.814096e-03 -2.128941e-01 2.544277e-02 6.617299e-02 5.621536e-03 2.328421e-02 5.316210e-03 1.417728e-01 8.492821e-03
6.319064e-03 6.221720e-01 1.012324e-01 8.702768e-02 1.815965e-02 -2.091305e-01 3.384475e-02 6.469614e-02 4.347479e-03 2.588890e-02 6.512152e-03 1.575796e-01 1.561123e-02
7.823602e-03 8.582900e-01 1.050297e-01 8.279765e-02 1.987482e-02 -3.221682e-01 4.109778e-02 5.608858e-02 5.048824e-03 1.327459e-02 2.053070e-03 1.947065e-01 2.005862e-02
9.929957e-03 7.929032e-01 9.949114e-02 1.054740e-01 1.593904e-02 -2.684206e-01 3.492271e-02 6.979573e-02 3.210889e-03 1.639457e-02 9.296860e-03 1.923040e-01 2.154348e-02
1.263813e-02 1.011958e+00 2.005009e-01 1.213552e-01 1.318882e-02 -3.592754e-01 9.739278e-02 7.414784e-02 4.172228e-03 2.183386e-03 1.220903e-02 2.253046e-01 3.664919e-02
1.594811e-02 1.173608e+00 1.044129e-01 1.712618e-01 2.248941e-02 -3.523618e-01 4.231994e-02 9.778142e-02 1.184886e-02 2.067130e-03 7.183691e-03 2.214406e-01 2.570202e-02
1.985991e-02 8.573676e-01 7.972164e-02 1.149759e-01 1.724998e-02 -2.721541e-01 2.355264e-02 1.025320e-01 8.237240e-03 1.396250e-02 1.161578e-02 2.360670e-01 1.144146e-02
6.018156e-03 9.934314e-01 2.061270e-01 1.038033e-01 7.932944e-03 -3.585092e-01 9.774859e-02 6.174737e-02 3.492720e-03 1.173613e-02 3.563745e-03 2.027145e-01 4.490076e-02
6.319064e-03 7.470378e-01 2.562406e-01 8.802616e-02 2.807983e-02 -2.735919e-01 1.125627e-01 7.018577e-02 4.429663e-03 3.008411e-02 1.396235e-02 1.909860e-01 4.603900e-02
7.221787e-03 1.004456e+00 1.127073e-01 1.221086e-01 7.890225e-03 -3.412799e-01 4.703017e-02 7.412671e-02 7.235399e-03 1.955804e-02 8.486396e-03 2.104531e-01 2.644497e-02
8.726326e-03 8.112340e-01 2.453229e-01 1.116369e-01 4.387578e-02 -2.564485e-01 7.944539e-02 6.945013e-02 6.661416e-03 1.321728e-02 1.762326e-02 1.733665e-01 2.986799e-02
1.083268e-02 1.068140e+00 1.825254e-01 1.468081e-01 2.571430e-02 -3.636272e-01 8.356826e-02 9.440046e-02 7.455174e-03 1.916606e-02 8.353387e-03 2.489492e-01 3.589895e-02
1.354085e-02 8.054301e-01 1.118706e-01 8.117649e-02 1.351961e-02 -2.723701e-01 4.362209e-02 7.625851e-02 6.368932e-03 2.814894e-02 3.198468e-03 1.963828e-01 2.123367e-02
1.685084e-02 9.903924e-01 1.121344e-01 1.358722e-01 2.732710e-02 -3.438828e-01 4.994863e-02 8.744398e-02 9.964935e-03 2.985726e-03 8.218633e-03 2.479778e-01 2.765587e-02
2.076264e-02 8.935312e-01 7.208812e-02 1.162350e-01 2.841814e-02 -2.790780e-01 1.528312e-02 9.128600e-02 9.401775e-03 1.314009e-02 7.891028e-03 2.403480e-01 2.111128e-02
7.522695e-03 9.890215e-01 1.426864e-01 1.068908e-01 2.404297e-02 -3.584147e-01 5.350610e-02 6.748241e-02 7.083893e-03 1.575065e-02 1.016702e-02 2.181737e-01 2.114967e-02
7.823602e-03 9.142014e-01 9.980617e-02 1.113561e-01 1.600840e-02 -3.211808e-01 5.752903e-02 6.375197e-02 3.970871e-03 1.064887e-02 6.624446e-03 1.967557e-01 3.319525e-02
8.726326e-03 8.007914e-01 1.142182e-01 9.990597e-02 1.014668e-02 -2.936740e-01 5.421572e-02 6.282872e-02 6.210856e-03 1.262832e-02 8.552186e-03 1.994844e-01 2.593976e-02
1.023086e-02 6.261723e-01 6.256148e-02 6.473294e-02 1.438471e-02 -2.196511e-01 3.573358e-02 6.878880e-02 3.182103e-03 3.743702e-02 4.412440e-03 1.837327e-01 2.029775e-02
1.233722e-02 8.277815e-01 1.139529e-01 1.094021e-01 2.223980e-02 -2.608392e-01 3.074037e-02 8.996691e-02 8.981765e-03 3.792988e-02 4.625492e-03 2.037517e-01 1.994508e-02
1.504539e-02 9.041870e-01 1.232693e-01 1.073087e-01 1.599876e-02 -3.047687e-01 5.684067e-02 7.702950e-02 4.099238e-03 1.452657e-02 4.816009e-03 2.192249e-01 1.825333e-02
1.835538e-02 7.566719e-01 1.309358e-01 8.804022e-02 1.579432e-02 -2.582687e-01 3.872413e-02 8.595508e-02 1.304745e-02 2.213470e-02 7.153555e-03 2.207282e-01 1.475016e-02
2.226718e-02 7.572743e-01 1.346649e-01 9.094454e-02 1.948167e-02 -2.537637e-01 5.425000e-02 1.223797e-01 1.609401e-02 2.941411e-02 1.862242e-02 2.310285e-01 2.355827e-02
9.629049e-03 1.066099e+00 2.162316e-01 1.465603e-01 1.719355e-02 -3.370833e-01 8.336894e-02 7.573605e-02 6.789475e-03 6.052076e-03 6.577303e-03 2.012149e-01 4.383468e-02
9.929957e-03 9.812777e-01 2.094904e-01 1.043604e-01 2.535394e-02 -3.371091e-01 8.706975e-02 6.594734e-02 4.787807e-03 1.827836e-02 1.226692e-02 2.153242e-01 3.258117e-02
1.083268e-02 8.465265e-01 1.296432e-01 1.156872e-01 2.466074e-02 -2.743560e-01 3.132810e-02 7.751965e-02 3.989334e-03 1.765653e-02 9.530466e-03 1.866115e-01 1.210557e-02
1.233722e-02 7.748498e-01 6.440584e-02 8.912530e-02 1.637495e-02 -2.687883e-01 3.783317e-02 7.078453e-02 5.773124e-03 2.572751e-02 5.552603e-03 2.062061e-01 1.910559e-02
1.444357e-02 9.618501e-01 9.807929e-02 1.069882e-01 1.813372e-02 -3.451154e-01 5.034343e-02 7.998455e-02 9.147642e-03 2.006946e-02 5.754374e-03 2.550212e-01 2.802870e-02
1.715174e-02 8.802580e-01 1.087523e-01 1.041092e-01 1.685574e-02 -3.104654e-01 4.062656e-02 9.256997e-02 7.108778e-03 1.844949e-02 8.248292e-03 2.506531e-01 1.205244e-02
2.046173e-02 1.050280e+00 1.944221e-01 1.325945e-01 1.703889e-02 -3.737992e-01 9.866556e-02 1.069742e-01 7.366976e-03 1.434958e-02 8.970869e-03 2.906889e-01 4.521043e-02
2.437353e-02 8.368506e-01 6.774829e-02 1.104273e-01 1.467428e-02 -2.710782e-01 5.747193e-02 1.135506e-01 3.815498e-03 1.660396e-02 9.569068e-03 2.528990e-01 3.205492e-02
1.233722e-02 8.890449e-01 4.940368e-02 1.353936e-01 2.710248e-02 -2.588517e-01 2.622381e-02 8.152975e-02 1.002671e-02 7.128434e-03 6.764884e-03 1.611622e-01 1.771353e-02
1.263813e-02 9.926698e-01 9.907100e-02 1.437249e-01 2.635517e-02 -3.179367e-01 4.158812e-02 8.630736e-02 8.140156e-03 4.564002e-03 1.181053e-02 1.986739e-01 2.024201e-02
1.354085e-02 7.765235e-01 5.086148e-02 8.549664e-02 1.805810e-02 -2.818873e-01 2.159650e-02 7.339925e-02 8.568594e-03 1.852047e-02 9.114961e-03 2.101360e-01 1.675944e-02
1.504539e-02 1.027548e+00 1.662131e-01 1.187429e-01 2.572860e-02 -3.494645e-01 6.736227e-02 8.251687e-02 4.441670e-03 2.454705e-02 1.430256e-02 2.672724e-01 2.840034e-02
1.715174e-02 8.097743e-01 6.221801e-02 7.410901e-02 9.282236e-03 -2.904411e-01 3.537180e-02 8.144476e-02 2.141383e-03 2.493225e-02 2.338870e-03 2.478304e-01 3.067190e-02
1.985991e-02 1.001636e+00 2.321887e-01 1.858071e-01 5.458280e-02 -2.863338e-01 6.623407e-02 1.070340e-01 1.663383e-02 -8.020549e-03 1.251956e-02 2.396613e-01 2.278053e-02
2.316990e-02 1.053905e+00 1.139863e-01 1.688176e-01 2.976746e-02 -3.018898e-01 6.494771e-02 1.161185e-01 1.218473e-02 -7.140467e-03 1.685591e-02 2.400685e-01 3.428906e-02
2.708170e-02 8.399276e-01 1.309718e-01 1.301359e-01 4.410081e-02 -2.691322e-01 4.435798e-02 1.298356e-01 1.168009e-02 1.635125e-02 1.579596e-02 3.077025e-01 1.924566e-02
1.564720e-02 1.088451e+00 1.073287e-01 1.210272e-01 2.849344e-02 -3.822615e-01 5.489650e-02 7.813448e-02 1.126692e-02 1.089057e-02 1.028322e-02 2.667826e-01 2.911690e-02
1.594811e-02 8.058272e-01 1.169276e-01 8.131513e-02 1.807208e-02 -2.957836e-01 3.273469e-02 9.198513e-02 6.485128e-03 2.844609e-02 6.466350e-03 2.433788e-01 1.893251e-02
1.685084e-02 1.012718e+00 1.076325e-01 1.288799e-01 2.056969e-02 -3.401094e-01 4.149388e-02 8.109271e-02 6.703968e-03 7.781986e-03 1.137422e-02 2.515205e-01 2.681576e-02
1.835538e-02 1.090472e+00 1.313524e-01 1.670551e-01 2.923037e-02 -3.185605e-01 4.841800e-02 9.891238e-02 1.016623e-02 -1.687937e-03 8.571801e-03 2.124111e-01 2.546517e-02
2.046173e-02 9.453678e-01 9.337572e-02 1.605989e-01 2.237614e-02 -2.684992e-01 3.912293e-02 1.101582e-01 3.313495e-03 3.537872e-03 9.895092e-03 2.366055e-01 1.821603e-02
2.316990e-02 9.857202e-01 4.480189e-02 1.263146e-01 1.348357e-02 -3.074424e-01 1.398086e-02 1.064699e-01 1.056880e-02 1.380286e-02 4.880652e-03 2.725530e-01 1.274793e-02
2.647989e-02 9.074713e-01 9.961196e-02 1.178281e-01 1.954927e-02 -2.873789e-01 2.213009e-02 1.004856e-01 9.835930e-03 1.079760e-02 1.265409e-02 2.998566e-01 2.081035e-02
3.039169e-02 1.031219e+00 1.520517e-01 1.617375e-01 5.664669e-02 -2.890487e-01 4.616428e-02 1.510712e-01 2.282851e-02 1.127897e-02 5.315161e-03 3.407929e-01 4.756887e-02
1.955901e-02 1.145428e+00 1.666261e-01 1.340034e-01 4.480006e-02 -4.316912e-01 6.132033e-02 8.741875e-02 6.706499e-03 -1.017503e-02 1.771614e-02 2.992115e-01 3.418892e-02
1.985991e-02 1.066683e+00 1.355159e-01 1.586485e-01 3.357340e-02 -3.264035e-01 4.896380e-02 1.013631e-01 1.341145e-02 -3.619886e-03 6.160474e-03 2.317170e-01 2.975636e-02
2.076264e-02 9.676039e-01 1.452551e-01 1.457886e-01 2.440404e-02 -2.966180e-01 6.200581e-02 1.121269e-01 1.205219e-02 1.866070e-02 6.753374e-03 2.834708e-01 3.614085e-02
2.226718e-02 8.406733e-01 1.633644e-01 6.775799e-02 1.076961e-02 -3.001030e-01 7.012410e-02 9.707544e-02 4.143278e-03 2.587562e-02 3.057347e-03 2.611926e-01 2.904424e-02
2.437353e-02 9.544557e-01 6.329264e-02 1.683079e-01 2.718981e-02 -2.594551e-01 1.525729e-02 1.391979e-01 9.357443e-03 1.549390e-02 1.569301e-02 2.589803e-01 2.005229e-02
2.708170e-02 8.743136e-01 6.885568e-02 1.444832e-01 2.642941e-02 -3.116230e-01 4.055288e-02 1.352568e-01 7.471219e-03 2.517212e-03 1.186378e-02 3.150764e-01 2.984416e-02
3.039169e-02 8.488540e-01 9.616183e-02 7.993320e-02 2.186107e-02 -3.257063e-01 6.443929e-02 1.259120e-01 1.114091e-02 3.535224e-03 1.915789e-02 3.412107e-01 3.309637e-02
3.430349e-02 8.171000e-01 9.597385e-02 1.144647e-01 3.027909e-02 -3.035268e-01 5.262934e-02 1.634046e-01 1.768243e-02 -2.756298e-02 1.420953e-02 3.366863e-01 3.517499e-02
7.522695e-03 9.143543e-01 2.353740e-01 1.011842e-01 2.196559e-02 -3.334701e-01 1.026504e-01 5.757642e-02 5.656291e-03 8.302833e-03 1.186956e-02 1.973649e-01 4.778628e-02
7.823602e-03 7.633527e-01 1.402255e-01 1.095266e-01 2.777329e-02 -2.477596e-01 4.012824e-02 7.834355e-02 7.286977e-03 2.299753e-02 5.172762e-03 1.703237e-01 2.136043e-02
8.726326e-03 8.378881e-01 1.076440e-01 1.182096e-01 2.594024e-02 -2.806197e-01 3.911620e-02 7.712489e-02 8.618757e-03 1.936924e-02 6.553740e-03 1.895418e-01 1.041689e-02
1.023086e-02 8.668552e-01 1.028234e-01 1.343982e-01 2.642605e-02 -2.817453e-01 4.401985e-02 8.281272e-02 4.598769e-03 1.471326e-02 1.098650e-02 1.844079e-01 3.381272e-02
1.233722e-02 9.642041e-01 2.611402e-01 1.246200e-01 1.398911e-02 -3.128734e-01 9.425094e-02 8.058442e-02 1.897676e-03 1.089970e-02 2.841233e-03 2.074950e-01 4.186083e-02
1.504539e-02 8.263743e-01 2.118414e-01 1.169001e-01 4.327771e-02 -2.580666e-01 4.894298e-02 9.067877e-02 1.027251e-02 2.554357e-02 1.285162e-02 2.124352e-01 1.778148e-02
1.835538e-02 1.020679e+00 1.336807e-01 1.624049e-01 1.478004e-02 -3.230130e-01 6.236046e-02 1.067252e-01 8.899074e-03 -3.790634e-03 1.019421e-02 2.373509e-01 3.029786e-02
2.226718e-02 8.575877e-01 9.167643e-02 1.174960e-01 2.099196e-02 -3.246444e-01 4.981703e-02 1.216980e-01 1.398187e-02 2.760007e-03 8.513875e-03 2.572890e-01 2.840346e-02
7.823602e-03 7.905349e-01 4.509481e-02 1.216217e-01 2.026686e-02 -2.453287e-01 2.100226e-02 7.094614e-02 5.228392e-03 1.318927e-02 8.234369e-03 1.614278e-01 2.063141e-02
8.124510e-03 9.033849e-01 1.778044e-01 1.071139e-01 2.643779e-02 -3.046651e-01 6.161673e-02 7.283852e-02 6.647295e-03 2.085330e-02 6.897533e-03 1.945550e-01 2.427190e-02
9.027234e-03 8.740942e-01 2.573982e-01 1.149489e-01 3.773985e-02 -2.927370e-01 8.950745e-02 7.158532e-02 6.157015e-03 1.547536e-02 1.416552e-02 1.960091e-01 3.032631e-02
1.053177e-02 9.462003e-01 1.451946e-01 9.230384e-02 3.637291e-02 -3.456221e-01 6.309992e-02 6.240109e-02 5.097230e-03 1.098758e-02 1.258944e-02 2.095501e-01 3.489870e-02
1.263813e-02 8.040730e-01 1.621784e-01 7.071475e-02 1.234606e-02 -2.968740e-01 6.328809e-02 6.888268e-02 4.092435e-03 2.171436e-02 5.033176e-03 2.062119e-01 2.620895e-02
1.534630e-02 7.772543e-01 1.192135e-01 1.406553e-01 1.962819e-02 -2.002937e-01 3.369746e-02 9.011589e-02 7.328920e-03 1.563269e-02 1.290666e-02 1.751839e-01 5.338247e-03
1.865628e-02 9.582324e-01 7.668999e-02 1.190032e-01 2.316964e-02 -3.182684e-01 5.927917e-02 1.020268e-01 7.558195e-03 2.471634e-02 9.189042e-03 2.657575e-01 3.324824e-02
2.256808e-02 9.608857e-01 9.318366e-02 1.311629e-01 1.750208e-02 -2.988460e-01 3.393600e-02 1.065656e-01 8.514052e-03 9.994536e-03 1.035825e-02 2.782466e-01 2.257735e-02
8.726326e-03 9.674212e-01 2.627255e-01 1.268997e-01 4.658516e-02 -2.990023e-01 7.802700e-02 6.924245e-02 1.054226e-02 1.066241e-02 1.064644e-02 1.792324e-01 2.784643e-02
9.027234e-03 7.014218e-01 1.377591e-01 8.753150e-02 6.560627e-03 -2.199992e-01 5.960465e-02 7.467396e-02 5.783663e-03 3.746893e-02 6.040631e-03 1.786503e-01 2.324096e-02
9.929957e-03 8.538488e-01 1.966253e-01 7.955856e-02 3.128638e-02 -3.405839e-01 6.298100e-02 6.666415e-02 7.117435e-03 2.075306e-02 1.630407e-02 2.379839e-01 2.146166e-02
1.143450e-02 9.683232e-01 1.303410e-01 9.875205e-02 2.622799e-02 -3.596055e-01 7.136715e-02 7.609417e-02 1.476494e-02 2.460084e-02 8.400507e-03 2.435590e-01 3.348570e-02
1.354085e-02 7.355590e-01 6.202874e-02 4.255579e-02 1.190198e-02 -3.077328e-01 2.502030e-02 5.460727e-02 3.165870e-03 2.458658e-02 4.348485e-03 2.313740e-01 1.326003e-02
1.624902e-02 9.204437e-01 1.055245e-01 1.389715e-01 3.369682e-02 -2.906190e-01 4.123115e-02 9.992137e-02 8.454406e-03 8.949938e-03 8.522266e-03 2.078009e-01 2.019827e-02
1.955901e-02 9.275692e-01 7.246283e-02 1.341720e-01 2.835425e-02 -3.119549e-01 2.604719e-02 1.066212e-01 7.054724e-03 1.391538e-02 9.675574e-03 2.592651e-01 1.717838e-02
2.347081e-02 9.207810e-01 8.783638e-02 1.080382e-01 1.466748e-02 -2.977174e-01 4.384166e-02 1.109855e-01 6.086709e-03 2.789735e-02 9.794422e-03 2.734614e-01 4.110850e-02
1.023086e-02 8.513018e-01 4.195296e-02 9.660524e-02 1.120878e-02 -2.953459e-01 8.804544e-03 6.991285e-02 6.684091e-03 2.088428e-02 6.037954e-03 1.993795e-01 5.561137e-03
1.053177e-02 8.841494e-01 1.343589e-01 9.023019e-02 1.674574e-02 -3.299567e-01 6.881668e-02 7.804718e-02 7.867613e-03 3.341658e-02 5.327584e-03 2.370750e-01 3.158905e-02
1.143450e-02 1.019459e+00 1.415748e-01 1.328299e-01 3.324830e-02 -3.403177e-01 3.492611e-02 7.960704e-02 7.313427e-03 1.163912e-02 7.864382e-03 2.151297e-01 1.037964e-02
1.293903e-02 9.563744e-01 9.289239e-02 1.029523e-01 8.214047e-03 -3.267539e-01 5.103667e-02 7.464871e-02 8.493728e-03 1.673372e-02 8.551568e-03 2.209046e-01 3.317381e-02
1.504539e-02 8.084625e-01 6.720464e-02 1.018806e-01 2.292519e-02 -2.719024e-01 1.789646e-02 9.224002e-02 6.315298e-03 2.232528e-02 5.958304e-03 2.063435e-01 8.196679e-03
1.775356e-02 9.682044e-01 1.570983e-01 1.183566e-01 3.432018e-02 -2.943344e-01 4.076240e-02 9.415697e-02 1.036012e-02 1.641253e-02 1.616097e-02 2.435483e-01 2.611429e-02
2.106355e-02 1.121869e+00 1.447313e-01 1.392433e-01 2.804611e-02 -3.397288e-01 4.276611e-02 1.123328e-01 1.146873e-02 2.879224e-02 7.726251e-03 2.642821e-01 3.239660e-02
2.497535e-02 7.254022e-01 6.510592e-02 7.710770e-02 1.934590e-02 -2.570038e-01 2.958318e-02 1.160927e-01 1.226740e-02 1.148772e-02 1.461636e-02 2.525834e-01 1.775498e-02
1.233722e-02 9.294996e-01 1.347364e-01 1.285424e-01 2.173181e-02 -3.017474e-01 4.230577e-02 9.442286e-02 8.827483e-03 2.440746e-02 4.641300e-03 2.192124e-01 1.725261e-02
1.263813e-02 8.908498e-01 1.812414e-01 9.820649e-02 2.536122e-02 -3.156927e-01 6.806781e-02 7.905459e-02 2.586985e-03 1.533867e-02 1.244225e-02 2.034474e-01 2.884347e-02
1.354085e-02 7.323375e-01 8.591140e-02 7.317976e-02 1.381463e-02 -2.785516e-01 3.100041e-02 7.647127e-02 7.888266e-03 2.640629e-02 8.660929e-03 2.225098e-01 2.729489e-02
1.504539e-02 9.643262e-01 1.449263e-01 1.187852e-01 2.249613e-02 -3.078037e-01 4.675673e-02 8.383855e-02 5.476009e-03 1.374074e-02 9.504467e-03 2.102306e-01 9.821100e-03
1.715174e-02 7.826630e-01 1.097822e-01 1.212965e-01 2.624267e-02 -2.288011e-01 4.260680e-02 1.098073e-01 1.146033e-02 3.874390e-02 1.232428e-02 2.165783e-01 2.790916e-02
1.985991e-02 1.029349e+00 2.381535e-01 1.198210e-01 3.871622e-02 -3.297658e-01 6.714556e-02 9.908878e-02 8.002918e-03 1.883002e-02 1.251295e-02 2.391078e-01 2.700334e-02
2.316990e-02 7.929110e-01 6.023740e-02 1.071647e-01 1.971466e-02 -2.475630e-01 3.300376e-02 1.062335e-01 8.194166e-03 1.371886e-02 1.474836e-02 2.296402e-01 6.957688e-03
2.708170e-02 1.026998e+00 1.286239e-01 1.548425e-01 3.209254e-02 -3.419341e-01 5.064162e-02 1.307512e-01 2.131971e-02 2.841082e-03 1.255869e-02 3.183121e-01 3.249385e-02
1.504539e-02 8.658797e-01 1.360773e-01 1.230059e-01 2.961575e-02 -2.833478e-01 5.119681e-02 8.483145e-02 7.369757e-03 9.380381e-03 9.815945e-03 2.231784e-01 2.426262e-02
1.534630e-02 8.364270e-01 1.001150e-01 9.956400e-02 2.382691e-02 -2.842904e-01 3.637911e-02 7.342699e-02 9.447570e-03 1.807791e-02 7.031336e-03 2.187530e-01 1.672529e-02
1.624902e-02 9.251361e-01 7.968558e-02 8.890753e-02 8.390315e-03 -3.165683e-01 3.056223e-02 8.831090e-02 8.808540e-03 3.314330e-02 6.604628e-03 2.356870e-01 2.297807e-02
1.775356e-02 7.580582e-01 7.253206e-02 6.971616e-02 2.521443e-02 -2.642662e-01 5.652719e-02 9.137116e-02 1.513796e-02 3.280604e-02 5.014536e-03 2.453411e-01 2.174875e-02
1.985991e-02 7.269143e-01 6.735167e-02 1.078536e-01 2.735250e-02 -1.967123e-01 2.891585e-02 1.122529e-01 1.296821e-02 4.774876e-02 8.256913e-03 2.362973e-01 1.839605e-02
2.256808e-02 1.195264e+00 2.479404e-01 1.213456e-01 3.065091e-02 -4.656964e-01 8.780947e-02 1.055353e-01 9.815028e-03 1.593445e-02 1.384701e-02 3.739806e-01 4.790467e-02
2.587807e-02 1.006424e+00 1.017645e-01 1.153563e-01 2.690369e-02 -3.327670e-01 4.614822e-02 1.148573e-01 9.954327e-03 2.142332e-02 1.035911e-02 3.466492e-01 4.561457e-02
2.978987e-02 1.007677e+00 5.813220e-02 1.483858e-01 2.790980e-02 -3.085517e-01 4.428574e-02 1.599592e-01 1.939036e-02 -1.505331e-03 7.869561e-03 2.904699e-01 3.022275e-02
1.835538e-02 9.485506e-01 1.467803e-01 1.418372e-01 4.357556e-02 -2.356685e-01 5.764846e-02 8.843290e-02 7.626037e-03 2.422229e-02 1.801048e-02 2.224099e-01 2.425443e-02
1.865628e-02 7.508522e-01 5.478428e-02 7.693603e-02 2.176345e-02 -2.467672e-01 3.991174e-02 9.836377e-02 1.218906e-02 3.815005e-02 4.483758e-03 2.198251e-01 1.909789e-02
1.955901e-02 9.019967e-01 8.616050e-02 1.095581e-01 1.106828e-02 -3.024437e-01 4.975469e-02 9.219079e-02 8.761517e-03 1.813747e-02 6.991529e-03 2.883989e-01 3.234472e-02
2.106355e-02 1.016238e+00 7.708028e-02 1.493585e-01 1.149743e-02 -3.461004e-01 3.922190e-02 9.904872e-02 7.794796e-03 -3.063405e-03 1.136193e-02 2.751979e-01 1.215141e-02
2.316990e-02 1.034877e+00 1.600267e-01 1.338553e-01 2.036610e-02 -3.068179e-01 7.506730e-02 1.101713e-01 1.291635e-02 1.893032e-02 1.258481e-02 2.734400e-01 2.875816e-02
2.587807e-02 9.012739e-01 1.140267e-01 1.823355e-01 3.971232e-02 -2.573974e-01 3.255173e-02 1.340488e-01 1.057581e-02 -1.942248e-02 1.615518e-02 2.376245e-01 2.389488e-02
2.918806e-02 9.071421e-01 8.568401e-02 1.828466e-01 2.821129e-02 -2.717023e-01 4.277821e-02 1.545955e-01 1.407573e-02 5.251746e-03 9.540865e-03 3.081380e-01 3.669277e-02
3.309986e-02 8.926306e-01 9.458263e-02 1.680262e-01 3.414201e-02 -2.816931e-01 5.998245e-02 1.679189e-01 8.534534e-03 -4.173128e-02 1.384583e-02 3.362326e-01 2.984354e-02
2.226718e-02 7.717346e-01 8.161627e-02 7.146494e-02 6.471844e-03 -2.540173e-01 3.083176e-02 1.117468e-01 6.400062e-03 4.086785e-02 4.675898e-03 2.534538e-01 2.896330e-02
2.256808e-02 9.138344e-01 1.921789e-01 1.348841e-01 3.302087e-02 -3.054434e-01 6.953514e-02 1.090385e-01 1.078661e-02 1.183910e-02 1.317428e-02 2.639052e-01 2.561817e-02
2.347081e-02 8.358084e-01 9.107698e-02 1.165738e-01 2.450013e-02 -2.096150e-01 3.294338e-02 1.154028e-01 9.350923e-03 3.202674e-02 8.256789e-03 2.781099e-01 2.680503e-02
2.497535e-02 1.005053e+00 2.428967e-01 1.236141e-01 4.657593e-02 -3.638828e-01 8.028254e-02 1.280593e-01 1.323886e-02 1.447981e-02 1.641114e-02 3.275034e-01 2.290250e-02
2.708170e-02 8.741231e-01 1.563137e-01 9.792150e-02 2.839810e-02 -2.777575e-01 7.104657e-02 1.274835e-01 3.511700e-03 1.851870e-02 1.892813e-02 2.848764e-01 4.667673e-02
2.978987e-02 8.729305e-01 5.066745e-02 1.106361e-01 3.011313e-02 -2.454893e-01 2.655818e-02 1.436008e-01 1.008266e-02 1.233451e-02 9.009816e-03 2.943835e-01 2.108835e-02
3.309986e-02 9.736761e-01 8.589145e-02 1.355132e-01 3.223512e-02 -3.074980e-01 4.294081e-02 1.633437e-01 1.773702e-02 5.347118e-03 1.284071e-02 3.687074e-01 4.521257e-02
3.701166e-02 8.513129e-01 5.849496e-02 1.020263e-01 2.512843e-02 -2.818693e-01 3.363989e-02 1.856721e-01 8.966513e-03 -1.146992e-02 1.306162e-02 3.696651e-01 4.380772e-02
1.083268e-02 7.953695e-01 7.588546e-02 1.133735e-01 1.800792e-02 -2.388798e-01 1.419917e-02 7.787048e-02 9.778937e-03 2.162121e-02 1.522819e-02 1.794105e-01 1.764679e-02
1.113359e-02 1.087397e+00 1.872977e-01 1.120090e-01 1.926547e-02 -3.955087e-01 6.623032e-02 7.530456e-02 9.126671e-03 1.550187e-02 8.941830e-03 2.535726e-01 2.238862e-02
1.203631e-02 9.939967e-01 4.555090e-02 1.319122e-01 8.743569e-03 -3.349644e-01 2.901217e-02 7.511621e-02 4.812499e-03 5.169026e-03 5.893508e-03 2.188599e-01 1.323457e-02
1.354085e-02 1.146953e+00 1.858210e-01 1.290845e-01 1.953988e-02 -4.247305e-01 7.680488e-02 7.897838e-02 4.226158e-03 4.303483e-03 1.012993e-02 2.794129e-01 3.444744e-02
1.564720e-02 7.763380e-01 7.347890e-02 1.145942e-01 2.799744e-02 -2.730401e-01 5.437290e-02 7.918006e-02 8.035299e-03 1.360313e-02 1.255679e-02 2.275322e-01 2.562835e-02
1.835538e-02 1.012649e+00 6.759509e-02 1.060915e-01 1.197470e-02 -3.494629e-01 5.106851e-02 6.743464e-02 8.360102e-03 -3.815261e-04 7.916414e-03 2.371251e-01 2.275140e-02
2.166536e-02 8.965566e-01 8.724928e-02 1.674065e-01 2.010349e-02 -2.516533e-01 2.744255e-02 1.210978e-01 1.120933e-02 3.379997e-03 1.008646e-02 2.287342e-01 1.684692e-02
2.557716e-02 9.974032e-01 1.167223e-01 1.482248e-01 1.139469e-02 -3.283552e-01 3.986962e-02 1.142227e-01 7.787045e-03 3.303396e-03 8.033010e-03 3.098957e-01 3.206065e-02
1.113359e-02 7.826065e-01 1.490668e-01 1.215642e-01 2.715043e-02 -2.460312e-01 5.294086e-02 6.984164e-02 2.980784e-03 4.597031e-03 1.025628e-02 1.625333e-01 2.045564e-02
1.143450e-02 9.634398e-01 1.276010e-01 1.203818e-01 2.071214e-02 -3.095222e-01 4.811772e-02 8.324654e-02 7.723280e-03 1.981465e-02 7.147667e-03 2.077933e-01 2.491282e-02
1.233722e-02 7.983689e-01 7.165139e-02 9.657360e-02 1.455595e-02 -2.724141e-01 4.139468e-02 6.968531e-02 2.625655e-03 1.244986e-02 1.039487e-02 1.859233e-01 1.982952e-02
1.384176e-02 9.015769e-01 8.477688e-02 1.105968e-01 1.222105e-02 -3.253361e-01 4.941243e-02 6.884530e-02 2.818301e-03 1.124503e-02 7.990180e-03 2.317888e-01 2.746209e-02
1.594811e-02 7.387838e-01 6.856670e-02 7.491522e-02 1.114048e-02 -2.513617e-01 3.999679e-02 8.545857e-02 8.385938e-03 2.532694e-02 7.358878e-03 2.061050e-01 2.014573e-02
1.865628e-02 8.555726e-01 6.870719e-02 1.173921e-01 2.157884e-02 -3.115188e-01 4.096064e-02 9.123547e-02 6.702969e-03 1.398085e-02 1.585614e-02 2.521042e-01 1.351569e-02
2.196627e-02 8.541341e-01 9.660622e-02 1.004175e-01 1.359930e-02 -3.183825e-01 8.501415e-02 1.172045e-01 8.593412e-03 3.330417e-02 1.171333e-02 3.322154e-01 6.862597e-02
2.587807e-02 8.241989e-01 1.201625e-01 1.412748e-01 2.255471e-02 -2.295030e-01 2.353301e-02 1.194784e-01 9.465648e-03 1.377195e-02 1.109100e-02 2.820642e-01 2.602760e-02
1.203631e-02 6.349149e-01 3.184775e-02 9.319159e-02 9.065916e-03 -2.142492e-01 3.394551e-02 7.232678e-02 6.640873e-03 2.064190e-02 2.780350e-03 1.763843e-01 1.990199e-02
1.233722e-02 1.090930e+00 7.099301e-02 1.236039e-01 2.861433e-02 -3.803111e-01 2.873554e-02 8.648107e-02 5.960179e-03 1.744338e-02 1.437665e-02 2.341066e-01 1.798079e-02
1.323994e-02 9.807539e-01 8.558778e-02 1.445415e-01 1.775901e-02 -3.045343e-01 5.603102e-02 8.425533e-02 1.112154e-02 1.273021e-02 1.088996e-02 2.043611e-01 2.285990e-02
1.474448e-02 7.682658e-01 1.005815e-01 7.610872e-02 1.129568e-02 -2.843428e-01 4.342650e-02 7.560414e-02 7.241913e-03 2.512760e-02 8.829294e-03 2.197998e-01 1.535335e-02
1.685084e-02 7.825087e-01 3.482014e-02 1.034263e-01 1.029215e-02 -2.552375e-01 9.467475e-03 7.940503e-02 6.435544e-03 -1.003126e-03 7.599939e-03 1.858317e-01 2.030331e-02
1.955901e-02 9.608556e-01 1.244708e-01 1.032594e-01 2.872397e-02 -3.564937e-01 2.948509e-02 1.107219e-01 4.110612e-03 2.067502e-02 1.153563e-02 2.770162e-01 2.462733e-02
2.286899e-02 9.509144e-01 1.011072e-01 1.462078e-01 2.666451e-02 -3.097782e-01 3.277395e-02 1.340660e-01 8.785144e-03 3.326296e-03 1.203106e-02 2.685854e-01 8.227506e-03
2.678079e-02 7.613759e-01 1.093455e-01 1.392633e-01 3.354921e-02 -2.515978e-01 4.203249e-02 1.331200e-01 1.218510e-02 1.222335e-02 1.243557e-02 2.890988e-01 2.962702e-02
1.354085e-02 8.752893e-01 1.312354e-01 1.039681e-01 2.332737e-02 -3.000162e-01 5.767700e-02 9.297720e-02 9.789956e-03 3.126976e-02 6.371585e-03 2.251111e-01 2.548387e-02
1.384176e-02 6.754897e-01 9.244582e-02 8.618471e-02 2.872616e-02 -2.401657e-01 3.476307e-02 7.864337e-02 9.299967e-03 1.368239e-02 9.455252e-03 1.788835e-01 2.219126e-02
1.474448e-02 9.199865e-01 1.117752e-01 1.163865e-01 2.746053e-02 -3.202302e-01 4.963117e-02 8.715752e-02 1.264196e-02 1.823514e-02 4.631228e-03 2.429275e-01 3.064417e-02
1.624902e-02 6.600471e-01 5.902323e-02 8.980077e-02 1.521602e-02 -2.233714e-01 2.485416e-02 9.788742e-02 5.654196e-03 3.337075e-02 5.198235e-03 1.949520e-01 1.079317e-02
1.835538e-02 9.438323e-01 1.058341e-01 1.137098e-01 8.925664e-03 -3.341693e-01 6.005423e-02 8.634968e-02 6.289983e-03 1.264516e-02 6.393845e-03 2.565438e-01 2.738357e-02
2.106355e-02 7.970584e-01 1.446109e-01 9.742871e-02 1.486182e-02 -2.928857e-01 5.216543e-02 9.219385e-02 9.178887e-03 2.116900e-03 3.430344e-03 2.382137e-01 2.314036e-02
2.437353e-02 9.197675e-01 1.004711e-01 1.417248e-01 1.121488e-02 -3.205428e-01 4.770456e-02 1.120853e-01 1.383726e-02 2.387924e-03 7.136361e-03 2.772611e-01 1.956464e-02
2.828533e-02 1.012057e+00 1.133107e-01 1.471326e-01 2.809396e-02 -2.895685e-01 3.176725e-02 1.400463e-01 1.747694e-02 4.746767e-03 1.503910e-02 2.919003e-01 1.512177e-02
1.564720e-02 9.444703e-01 1.801019e-01 1.198542e-01 1.669688e-02 -3.141719e-01 9.054715e-02 7.658058e-02 9.409707e-03 1.732752e-02 1.554221e-02 2.470705e-01 3.106215e-02
1.594811e-02 7.528461e-01 8.429397e-02 1.068817e-01 1.893574e-02 -2.443941e-01 4.136138e-02 8.062828e-02 7.414363e-03 2.175935e-02 7.930980e-03 2.117014e-01 1.076047e-02
1.685084e-02 7.340614e-01 9.561463e-02 9.866403e-02 2.176997e-02 -2.527746e-01 4.805913e-02 9.412050e-02 6.883869e-03 2.601180e-02 8.506798e-03 2.226565e-01 3.369373e-02
1.835538e-02 9.176506e-01 1.751038e-01 1.200535e-01 2.775606e-02 -2.875598e-01 8.764108e-02 9.026303e-02 1.187980e-02 2.010430e-02 1.283900e-02 2.267923e-01 3.827310e-02
2.046173e-02 9.139359e-01 2.658415e-02 1.052016e-01 2.142948e-02 -3.207006e-01 2.330179e-02 8.698179e-02 1.234282e-02 1.151706e-02 1.001824e-02 2.454845e-01 1.615249e-02
2.316990e-02 7.798492e-01 9.469873e-02 1.283215e-01 1.916518e-02 -2.109616e-01 2.045300e-02 1.146758e-01 6.412516e-03 1.179730e-02 8.344405e-03 2.112541e-01 9.142804e-03
2.647989e-02 1.014639e+00 1.181811e-01 1.478692e-01 2.333515e-02 -3.400123e-01 6.445160e-02 1.391573e-01 1.055150e-02 8.865480e-03 7.724863e-03 3.326681e-01 3.720877e-02
3.039169e-02 1.233281e+00 1.219725e-01 2.153430e-01 2.337719e-02 -4.298261e-01 7.483476e-02 1.463828e-01 6.882306e-03 -4.604489e-02 2.260156e-02 3.670060e-01 4.447039e-02
1.835538e-02 9.841511e-01 1.086689e-01 1.517781e-01 1.798595e-02 -3.249684e-01 4.392377e-02 8.744379e-02 7.957967e-03 -7.472364e-03 9.568902e-03 2.274824e-01 1.732224e-02
1.865628e-02 6.492569e-01 7.004057e-02 8.509760e-02 5.434615e-03 -1.764155e-01 2.026087e-02 8.535280e-02 3.546120e-03 2.889424e-02 7.703443e-03 1.877181e-01 1.892090e-03
1.955901e-02 1.155024e+00 1.180458e-01 1.676541e-01 3.647751e-02 -3.631090e-01 4.630041e-02 1.103909e-01 1.161236e-02 7.329243e-03 1.676668e-02 2.707937e-01 2.280272e-02
2.106355e-02 1.027210e+00 1.492967e-01 1.676965e-01 2.683376e-02 -2.627806e-01 7.158480e-02 1.191942e-01 9.637640e-03 1.395649e-02 1.109876e-02 2.366578e-01 3.201309e-02
2.316990e-02 7.986943e-01 5.888379e-02 1.038746e-01 1.593537e-02 -2.888008e-01 4.718783e-02 1.033752e-01 5.170694e-03 1.774729e-02 1.116965e-02 2.853773e-01 3.125904e-02
2.587807e-02 7.965395e-01 3.658470e-02 8.887005e-02 2.172854e-02 -2.756333e-01 2.497787e-02 1.253606e-01 9.649465e-03 2.919499e-02 1.437328e-02 2.710862e-01 1.840541e-02
2.918806e-02 8.949999e-01 1.211161e-01 1.201360e-01 3.251496e-02 -2.768717e-01 3.999491e-02 1.256782e-01 1.581477e-02 -5.320354e-03 7.878355e-03 3.277628e-01 1.966461e-02
3.309986e-02 7.817220e-01 4.386335e-02 1.226378e-01 3.177201e-02 -2.404275e-01 2.180104e-02 1.882932e-01 1.898067e-02 -1.051386e-04 1.536383e-02 3.300837e-01 1.912456e-02
2.166536e-02 8.419941e-01 1.343390e-01 9.159637e-02 3.845216e-02 -2.946821e-01 4.149142e-02 1.150541e-01 1.115975e-02 3.875924e-02 9.853987e-03 2.938906e-01 2.546468e-02
2.196627e-02 7.589325e-01 1.263555e-01 8.073692e-02 2.906391e-02 -3.059524e-01 5.553923e-02 1.082247e-01 1.347010e-02 2.306886e-02 1.437402e-02 2.745491e-01 1.354109e-02
2.286899e-02 8.252404e-01 1.143413e-01 9.292615e-02 1.957942e-02 -2.945736e-01 5.881965e-02 1.033384e-01 8.400497e-03 1.827327e-02 1.340272e-02 2.600231e-01 2.625728e-02
2.437353e-02 8.371785e-01 7.631032e-02 9.085352e-02 1.473994e-02 -2.856400e-01 4.396655e-02 1.200878e-01 8.242403e-03 2.411180e-02 1.298268e-02 2.904337e-01 2.774434e-02
2.647989e-02 7.272106e-01 7.188676e-02 9.007304e-02 1.963178e-02 -2.029012e-01 3.679108e-02 1.141299e-01 1.015788e-02 1.737606e-02 1.076735e-02 2.770821e-01 2.462990e-02
2.918806e-02 9.205305e-01 8.400009e-02 1.244476e-01 3.218192e-02 -3.206298e-01 3.678830e-02 1.252322e-01 6.616816e-03 9.588350e-03 1.797172e-02 3.392396e-01 4.013760e-02
3.249804e-02 8.408058e-01 9.546843e-02 1.444751e-01 2.404638e-02 -2.601734e-01 5.341804e-02 1.629336e-01 1.208777e-02 3.476593e-03 1.914318e-02 3.558032e-01 4.143166e-02
3.640984e-02 8.988451e-01 1.368275e-01 1.411835e-01 1.930633e-02 -3.123434e-01 8.689983e-02 1.718624e-01 1.275703e-02 -2.284767e-02 1.566419e-02 4.834669e-01 3.679052e-02
2.557716e-02 9.074294e-01 1.282915e-01 9.798550e-02 1.604562e-02 -2.939584e-01 6.206212e-02 1.103706e-01 1.319135e-02 2.239070e-02 1.740730e-02 3.233027e-01 2.709904e-02
2.587807e-02 1.034816e+00 9.494180e-02 1.717754e-01 1.623622e-02 -3.221221e-01 4.931376e-02 1.501967e-01 1.344822e-02 4.294526e-03 1.432030e-02 2.864484e-01 1.924852e-02
2.678079e-02 1.200738e+00 1.005944e-01 2.059392e-01 3.164644e-02 -3.321760e-01 1.990029e-02 1.367362e-01 1.314261e-02 -7.490250e-03 9.357545e-03 2.884172e-01 2.285482e-02
2.828533e-02 8.811744e-01 4.646492e-02 1.355039e-01 1.922153e-02 -2.369682e-01 3.609651e-02 1.743124e-01 1.436594e-02 4.000830e-02 1.717067e-02 2.881904e-01 1.482023e-02
3.039169e-02 9.995882e-01 1.277703e-01 1.333157e-01 3.442842e-02 -3.157677e-01 5.837781e-02 1.674823e-01 1.309593e-02 3.229813e-02 2.054037e-02 3.618733e-01 1.496841e-02
3.309986e-02 8.146174e-01 1.619132e-01 1.409162e-01 2.306030e-02 -2.465619e-01 5.837194e-02 1.839344e-01 7.343821e-03 -7.325506e-03 1.242029e-02 3.420223e-01 1.522737e-02
3.640984e-02 8.514039e-01 6.724562e-02 1.274077e-01 2.532713e-02 -2.976177e-01 7.530000e-02 2.169655e-01 1.022967e-02 -1.606587e-02 2.602971e-02 4.211691e-01 4.548252e-02
4.032164e-02 7.643985e-01 8.170714e-02 1.272072e-01 2.545516e-02 -2.253196e-01 4.194317e-02 2.566219e-01 2.508593e-02 -1.775182e-03 2.289181e-02 3.805094e-01 4.171895e-02
1.474448e-02 8.855566e-01 1.380210e-01 8.712644e-02 1.323920e-02 -3.243581e-01 6.839799e-02 7.762964e-02 4.202861e-03 1.913783e-02 7.697850e-03 2.248686e-01 3.465641e-02
1.504539e-02 1.053237e+00 1.029128e-01 1.384428e-01 3.769584e-02 -3.393932e-01 3.396229e-02 8.554319e-02 1.122191e-02 6.325642e-03 1.426785e-02 2.373669e-01 2.317014e-02
1.594811e-02 1.094656e+00 2.859609e-01 8.663087e-02 2.693842e-02 -4.485355e-01 1.133704e-01 7.757095e-02 4.440816e-03 2.118701e-02 9.412470e-03 3.129777e-01 5.207271e-02
1.745265e-02 8.699068e-01 1.167841e-01 1.276252e-01 2.266601e-02 -2.807244e-01 5.143853e-02 9.693244e-02 1.014406e-02 1.130255e-02 1.267758e-02 2.337983e-01 1.153745e-02
1.955901e-02 8.780501e-01 1.577408e-01 1.092616e-01 1.863724e-02 -3.116099e-01 8.780169e-02 8.661027e-02 1.028798e-02 1.435494e-02 5.387995e-03 2.718804e-01 4.885640e-02
2.226718e-02 1.115797e+00 1.241000e-01 1.646275e-01 3.061002e-02 -3.684281e-01 4.858451e-02 1.152402e-01 1.596242e-02 -4.415073e-04 1.443243e-02 2.905742e-01 2.359216e-02
2.557716e-02 8.686659e-01 1.454732e-01 1.711114e-01 4.829369e-02 -2.216809e-01 2.161125e-02 1.413603e-01 2.337805e-02 4.518425e-03 9.007993e-03 2.682540e-01 1.909276e-02
2.948896e-02 8.817507e-01 1.145779e-01 1.623007e-01 1.912070e-02 -2.832296e-01 4.538913e-02 1.392615e-01 7.572350e-03 -1.062346e-02 8.220423e-03 3.216018e-01 2.999056e-02
1.504539e-02 9.011029e-01 1.640867e-01 1.401262e-01 2.808165e-02 -2.448004e-01 3.198617e-02 8.922084e-02 7.953449e-03 6.791638e-03 5.340703e-03 1.870436e-01 1.645267e-02
1.534630e-02 7.723824e-01 5.683503e-02 8.712595e-02 1.796143e-02 -2.840665e-01 2.340279e-02 6.675710e-02 3.478498e-03 1.587706e-02 5.010329e-03 2.218950e-01 1.741451e-02
1.624902e-02 8.154724e-01 7.143470e-02 8.459190e-02 9.062101e-03 -2.959662e-01 2.692222e-02 7.192873e-02 7.556026e-03 2.063535e-02 6.280823e-03 2.335319e-01 1.155893e-02
1.775356e-02 9.555929e-01 7.273838e-02 1.116294e-01 1.168966e-02 -3.011688e-01 2.399268e-02 9.031592e-02 6.817338e-03 2.193599e-02 1.183183e-02 2.237126e-01 2.168706e-02
1.985991e-02 1.107010e+00 1.654476e-01 1.617136e-01 3.070740e-02 -3.343428e-01 6.272884e-02 9.141838e-02 9.120418e-03 -6.645256e-03 1.352554e-02 2.500157e-01 2.133983e-02
2.256808e-02 9.647637e-01 9.127203e-02 1.161952e-01 1.051633e-02 -3.050597e-01 5.417477e-02 8.902691e-02 4.182817e-03 2.058060e-02 7.798410e-03 2.760998e-01 2.031671e-02
2.587807e-02 7.372651e-01 7.624713e-02 7.517064e-02 2.617297e-02 -2.443292e-01 6.154622e-02 1.074457e-01 5.637430e-03 3.058479e-02 1.195695e-02 2.623319e-01 3.739466e-02
2.978987e-02 8.219688e-01 1.214479e-01 1.496889e-01 4.171262e-02 -2.224452e-01 3.681570e-02 1.476329e-01 1.515529e-02 -6.840891e-03 8.693351e-03 2.768280e-01 3.306114e-02
1.594811e-02 8.709829e-01 1.248648e-01 6.990536e-02 1.751802e-02 -3.508957e-01 6.259922e-02 7.142907e-02 5.375216e-03 2.212148e-02 5.246667e-03 2.820420e-01 3.847570e-02
1.624902e-02 8.811460e-01 4.429855e-02 1.425821e-01 1.594268e-02 -2.336089e-01 2.952219e-02 9.357925e-02 1.032905e-02 1.236146e-02 8.136898e-03 1.938283e-01 2.627531e-02
1.715174e-02 7.507963e-01 5.584819e-02 1.100622e-01 1.178062e-02 -2.136122e-01 2.459022e-02 9.351466e-02 5.219022e-03 3.407528e-02 4.342905e-03 2.079847e-01 2.001041e-02
1.865628e-02 1.057505e+00 1.676534e-01 1.251928e-01 2.437247e-02 -3.258832e-01 7.676348e-02 1.141832e-01 4.757873e-03 3.714771e-02 8.416587e-03 2.686877e-01 2.654118e-02
2.076264e-02 9.487177e-01 4.699841e-02 1.210366e-01 1.427612e-02 -3.246243e-01 2.523308e-02 9.638663e-02 9.653761e-03 9.879212e-03 1.024548e-02 2.721665e-01 2.039866e-02
2.347081e-02 9.351226e-01 1.406733e-01 1.135314e-01 2.283657e-02 -3.173505e-01 7.540816e-02 1.066760e-01 5.042049e-03 1.900817e-02 1.943507e-02 2.928602e-01 3.292554e-02
2.678079e-02 9.912228e-01 1.682512e-01 1.615333e-01 3.598010e-02 -2.886647e-01 8.581674e-02 1.420844e-01 8.732890e-03 9.967443e-03 1.870198e-02 2.786983e-01 2.583458e-02
3.069259e-02 9.467501e-01 1.452522e-01 1.580885e-01 4.405474e-02 -3.272562e-01 4.265424e-02 1.663701e-01 1.427096e-02 4.641880e-03 9.187325e-03 3.526212e-01 2.146521e-02
1.745265e-02 9.295596e-01 7.153259e-02 1.498377e-01 1.856933e-02 -2.747403e-01 3.945015e-02 1.067117e-01 6.147528e-03 1.932672e-02 1.126717e-02 2.495216e-01 1.946054e-02
1.775356e-02 7.369513e-01 1.148998e-01 9.723834e-02 1.609416e-02 -2.099048e-01 3.640167e-02 9.135445e-02 2.474644e-03 2.808120e-02 7.318081e-03 1.885410e-01 1.574884e-02
1.865628e-02 9.772036e-01 1.732350e-01 9.800885e-02 3.385475e-02 -3.391343e-01 5.738829e-02 8.993470e-02 7.038737e-03 2.386597e-02 1.006920e-02 2.601583e-01 2.026731e-02
2.016082e-02 1.026050e+00 1.628586e-01 1.247720e-01 3.047323e-02 -3.751701e-01 7.510077e-02 1.021210e-01 1.108109e-02 2.116093e-02 1.700340e-02 3.151739e-01 3.395366e-02
2.226718e-02 8.416150e-01 1.188725e-01 1.123399e-01 1.329012e-02 -2.470030e-01 6.574366e-02 9.468426e-02 7.241447e-03 2.136509e-02 1.076277e-02 2.561175e-01 2.578972e-02
2.497535e-02 1.069524e+00 1.788551e-01 1.174311e-01 1.546595e-02 -3.961034e-01 9.896758e-02 1.137037e-01 6.729003e-03 1.450649e-02 1.410010e-02 3.161975e-01 4.737310e-02
2.828533e-02 8.625250e-01 9.553752e-02 1.371624e-01 2.309252e-02 -2.598167e-01 3.940484e-02 1.293323e-01 8.862173e-03 -1.028142e-03 1.628941e-02 2.990796e-01 3.034241e-02
3.219713e-02 7.685730e-01 9.086018e-02 1.213312e-01 3.051960e-02 -2.522632e-01 2.644753e-02 1.524471e-01 1.103799e-02 -1.876964e-03 1.018880e-02 3.084841e-01 1.658093e-02
1.955901e-02 1.095312e+00 2.497678e-01 1.632120e-01 3.146899e-02 -3.338064e-01 8.163198e-02 9.915610e-02 1.735378e-02 -4.406024e-03 7.540752e-03 2.276232e-01 3.015312e-02
1.985991e-02 9.026811e-01 7.956398e-02 1.049535e-01 1.293089e-02 -3.255538e-01 4.568276e-02 9.575435e-02 4.175001e-03 1.853387e-02 1.036565e-02 2.718592e-01 2.786093e-02
2.076264e-02 7.093491e-01 7.448384e-02 9.340237e-02 1.931651e-02 -2.153939e-01 2.490888e-02 9.923370e-02 2.622958e-03 2.895712e-02 6.738890e-03 2.314311e-01 2.565064e-02
2.226718e-02 8.033228e-01 1.051852e-01 1.276846e-01 4.097541e-02 -2.823608e-01 5.935758e-02 1.110903e-01 1.437174e-02 4.532309e-03 8.630045e-03 2.645864e-01 3.883606e-02
2.437353e-02 8.739678e-01 1.345576e-01 1.113580e-01 2.379727e-02 -2.507254e-01 5.700126e-02 1.032175e-01 1.014124e-02 1.064961e-02 1.540227e-02 2.339910e-01 2.486608e-02
2.708170e-02 7.605137e-01 7.766033e-02 8.771972e-02 3.694866e-02 -2.932592e-01 3.624182e-02 1.333217e-01 1.439177e-02 3.255178e-02 1.686449e-02 3.276229e-01 3.599115e-02
3.039169e-02 1.055618e+00 1.502967e-01 1.781838e-01 2.279708e-02 -3.741974e-01 3.456194e-02 1.645611e-01 1.851598e-02 -7.350119e-03 2.369201e-02 4.029273e-01 1.842470e-02
3.430349e-02 8.491223e-01 5.009702e-02 1.039416e-01 8.851587e-03 -3.340874e-01 6.050355e-02 1.790872e-01 1.963452e-02 -7.098657e-03 3.024925e-02 4.166349e-01 3.862296e-02
2.226718e-02 8.553703e-01 1.156416e-01 6.930754e-02 1.669992e-02 -2.932560e-01 4.762348e-02 9.580880e-02 9.216250e-03 3.764139e-02 1.614466e-02 2.800583e-01 1.153880e-02
2.256808e-02 8.254675e-01 9.788526e-02 9.202676e-02 1.199519e-02 -2.554934e-01 3.114516e-02 9.492954e-02 2.804628e-03 2.235331e-02 9.200592e-03 2.604901e-01 3.030235e-02
2.347081e-02 7.491264e-01 7.563729e-02 1.070950e-01 2.213067e-02 -2.515055e-01 4.230136e-02 1.067234e-01 8.903087e-03 1.990250e-02 3.703145e-03 2.587755e-01 3.436048e-02
2.497535e-02 8.114704e-01 1.107669e-01 1.075213e-01 1.763615e-02 -2.361530e-01 3.036823e-02 1.105343e-01 2.126506e-03 1.386231e-02 1.048963e-02 2.519709e-01 2.915056e-02
2.708170e-02 1.070255e+00 1.916105e-01 1.320311e-01 3.593028e-02 -3.501576e-01 8.158046e-02 1.389881e-01 6.599159e-03 2.983295e-02 1.781715e-02 3.196215e-01 3.785659e-02
2.978987e-02 7.498056e-01 8.239154e-02 6.491552e-02 2.406642e-02 -3.070362e-01 2.604543e-02 1.520253e-01 1.196521e-02 4.714998e-02 1.319084e-02 3.781929e-01 2.025610e-02
3.309986e-02 8.082169e-01 5.300033e-02 9.329240e-02 2.743585e-02 -2.165843e-01 1.237265e-02 1.599982e-01 9.865370e-03 6.831293e-03 2.199475e-02 3.025634e-01 3.789729e-02
3.701166e-02 9.336479e-01 7.191824e-02 1.440122e-01 4.800949e-02 -2.785904e-01 3.860647e-02 2.080577e-01 1.970474e-02 -3.101530e-02 2.945170e-02 3.457887e-01 3.074550e-02
2.557716e-02 1.018177e+00 4.531749e-02 1.504416e-01 2.940453e-02 -3.285729e-01 3.833555e-02 1.278803e-01 1.272650e-02 9.166612e-03 1.357554e-02 3.031090e-01 2.568722e-02
2.587807e-02 9.751251e-01 8.420183e-02 1.633062e-01 1.838610e-02 -2.960190e-01 2.522504e-02 1.384292e-01 2.046947e-02 1.885626e-02 2.339245e-02 3.183522e-01 4.313812e-02
2.678079e-02 8.811476e-01 1.463098e-01 1.215744e-01 3.651699e-02 -2.966377e-01 4.890152e-02 1.491062e-01 1.061253e-02 9.535894e-03 2.034757e-02 3.048541e-01 2.448877e-02
2.828533e-02 8.630026e-01 1.239642e-01 1.329778e-01 1.544399e-02 -2.709119e-01 4.656452e-02 1.345457e-01 5.623639e-03 -6.502814e-03 1.641514e-02 3.155126e-01 2.925266e-02
3.039169e-02 1.049405e+00 5.504209e-02 2.164610e-01 2.487951e-02 -3.561747e-01 4.643483e-02 1.687668e-01 1.476446e-02 -3.684940e-02 1.345451e-02 3.340415e-01 2.467567e-02
3.309986e-02 8.136304e-01 1.167241e-01 1.153948e-01 2.420009e-02 -2.670127e-01 6.718716e-02 1.563438e-01 1.135304e-02 -5.218178e-03 9.012159e-03 3.352692e-01 4.569023e-02
3.640984e-02 8.835457e-01 8.054939e-02 1.601736e-01 1.723522e-02 -2.622438e-01 4.516535e-02 2.267104e-01 2.564497e-02 1.845763e-02 1.386145e-02 3.920138e-01 2.915034e-02
4.032164e-02 7.988829e-01 8.045739e-02 1.269186e-01 3.354111e-02 -2.789289e-01 1.266030e-02 2.408649e-01 2.250905e-02 -4.882358e-02 1.788918e-02 4.308963e-01 4.610369e-02
2.948896e-02 1.068992e+00 1.514619e-01 1.265990e-01 2.499715e-02 -3.739891e-01 5.274674e-02 1.510513e-01 6.480640e-03 2.299927e-02 1.535631e-02 3.901646e-01 2.553783e-02
2.978987e-02 8.961504e-01 2.687319e-02 1.030304e-01 2.464995e-02 -3.065022e-01 1.630751e-02 1.725831e-01 8.742246e-03 4.061384e-02 1.492349e-02 4.018696e-01 1.243147e-02
3.069259e-02 9.198223e-01 1.248838e-01 1.272407e-01 2.677386e-02 -2.999106e-01 6.129014e-02 1.573584e-01 6.491835e-03 1.646508e-03 1.040534e-02 3.163470e-01 4.598772e-02
3.219713e-02 1.175850e+00 1.275166e-01 1.699525e-01 3.560076e-02 -3.582658e-01 5.857016e-02 1.445767e-01 1.257678e-02 -1.273955e-02 1.053917e-02 3.717005e-01 2.148717e-02
3.430349e-02 8.806984e-01 5.259736e-02 1.194935e-01 1.225103e-02 -2.955472e-01 5.391484e-02 1.423106e-01 1.791428e-02 1.535121e-03 1.210523e-02 3.759412e-01 3.331911e-02
3.701166e-02 8.932638e-01 7.526000e-02 1.030784e-01 1.998460e-02 -2.156095e-01 3.051037e-02 1.808953e-01 1.349529e-02 -7.689465e-04 8.742498e-03 3.271867e-01 4.601605e-02
4.032164e-02 1.002663e+00 7.916612e-02 2.159844e-01 3.063239e-02 -3.061953e-01 3.932890e-02 2.656204e-01 2.493287e-02 -7.051590e-02 1.735801e-02 4.248307e-01 9.685954e-03
4.423344e-02 9.383134e-01 8.571585e-02 1.914282e-01 4.612798e-02 -2.780981e-01 5.666673e-02 2.745631e-01 2.874002e-02 -1.073377e-01 3.605175e-02 5.017973e-01 5.656771e-02
