# k^2  LiLi LiLi_error  LiCl LiCl_error  LiNa LiNa_error  ClCl ClCl_error  ClNa ClNa_error  NaNa NaNa_error
0.000000e+00 2.240000e+03 0.000000e+00 2.677312e+03 0.000000e+00 1.466424e+03 5.084230e-14 3.200000e+03 0.000000e+00 1.752712e+03 1.136868e-13 9.600000e+02 0.000000e+00
3.232079e-04 6.941409e-01 1.870194e-01 1.560744e-01 1.547236e-02 -7.736052e-01 2.591011e-01 8.053599e-02 2.832073e-03 -9.124597e-02 2.563401e-02 1.016195e+00 3.520516e-01
1.292832e-03 3.462050e-01 3.998264e-02 1.076221e-01 5.108140e-03 -3.249371e-01 5.746829e-02 7.550832e-02 2.384690e-03 -2.646834e-02 8.508473e-03 4.503093e-01 7.782502e-02
2.908871e-03 4.609438e-01 7.415162e-02 1.226155e-01 1.122132e-02 -4.610102e-01 9.438426e-02 7.770454e-02 2.015732e-03 -4.311621e-02 1.594858e-02 6.331562e-01 1.171208e-01
5.171327e-03 4.971263e-01 3.749007e-02 1.266123e-01 8.418772e-03 -5.049579e-01 5.181882e-02 7.382928e-02 2.064894e-03 -5.976436e-02 1.036221e-02 6.878558e-01 6.989390e-02
8.080198e-03 5.220409e-01 4.169110e-02 1.513981e-01 1.162433e-02 -4.711262e-01 4.924009e-02 8.723588e-02 3.894927e-03 -7.374209e-02 1.307187e-02 6.128130e-01 6.090493e-02
1.163548e-02 5.821628e-01 3.360020e-02 1.525544e-01 1.210731e-02 -5.448689e-01 4.131123e-02 9.169173e-02 3.878373e-03 -7.865771e-02 1.294641e-02 7.281497e-01 5.741513e-02
1.583719e-02 4.673463e-01 3.207212e-02 1.275437e-01 8.351405e-03 -3.729636e-01 3.171476e-02 9.525769e-02 4.746795e-03 -2.712983e-02 1.225243e-02 5.931037e-01 3.885438e-02
3.232079e-04 4.459810e-01 6.702137e-02 1.276098e-01 1.536367e-02 -4.441917e-01 7.531096e-02 8.341614e-02 3.649637e-03 -4.177862e-02 1.773502e-02 6.009828e-01 8.671325e-02
6.464158e-04 4.322866e-01 4.806639e-02 1.225195e-01 1.357924e-02 -4.321068e-01 6.700570e-02 7.265566e-02 5.899126e-03 -5.275255e-02 1.491091e-02 5.665743e-01 9.014952e-02
1.616040e-03 3.920821e-01 3.833533e-02 1.122107e-01 1.496434e-02 -3.842667e-01 3.829271e-02 7.292867e-02 4.916587e-03 -3.598741e-02 1.397447e-02 5.255700e-01 5.093384e-02
3.232079e-03 3.731104e-01 4.000650e-02 1.059799e-01 1.009286e-02 -3.575356e-01 4.299774e-02 7.244248e-02 3.441720e-03 -3.043899e-02 1.089912e-02 4.947249e-01 4.519964e-02
5.494535e-03 4.141026e-01 4.498217e-02 1.184528e-01 8.171047e-03 -3.829722e-01 5.652424e-02 7.558937e-02 3.553824e-03 -4.031965e-02 8.456250e-03 5.275922e-01 7.144981e-02
8.403406e-03 4.633606e-01 2.425255e-02 1.154055e-01 5.456988e-03 -4.544280e-01 2.991423e-02 7.510527e-02 3.247660e-03 -4.843271e-02 4.069616e-03 6.436884e-01 3.921836e-02
1.195869e-02 4.990868e-01 4.159443e-02 1.254077e-01 9.092439e-03 -4.595859e-01 4.841053e-02 8.516356e-02 4.087825e-03 -4.529219e-02 8.626872e-03 6.509969e-01 6.336272e-02
1.616040e-02 4.993930e-01 2.898894e-02 1.331705e-01 1.274966e-02 -4.186519e-01 4.154544e-02 9.424330e-02 5.688957e-03 -4.775319e-02 1.546694e-02 6.237126e-01 5.780465e-02
1.292832e-03 3.603855e-01 2.350649e-02 1.070187e-01 8.972183e-03 -3.473348e-01 2.971564e-02 7.303292e-02 6.165021e-03 -2.947994e-02 4.514592e-03 4.802215e-01 4.213504e-02
1.616040e-03 3.819064e-01 4.790987e-02 1.095256e-01 1.455625e-02 -3.701532e-01 4.793480e-02 7.574534e-02 4.234740e-03 -2.697102e-02 1.433060e-02 5.159672e-01 5.368027e-02
2.585663e-03 3.403325e-01 5.061863e-02 1.028386e-01 1.066069e-02 -3.169529e-01 6.303385e-02 7.432819e-02 4.007533e-03 -1.982416e-02 1.153900e-02 4.552800e-01 8.201683e-02
4.201703e-03 3.661772e-01 4.867494e-02 1.212219e-01 1.624955e-02 -3.120891e-01 4.773191e-02 7.987848e-02 7.122089e-03 -3.696595e-02 1.290214e-02 4.233672e-01 5.389787e-02
6.464158e-03 4.508054e-01 3.790483e-02 1.303853e-01 1.124521e-02 -4.048951e-01 4.205318e-02 7.833493e-02 3.947346e-03 -5.401766e-02 8.765086e-03 5.387605e-01 5.058812e-02
9.373030e-03 4.581972e-01 4.392483e-02 1.297194e-01 1.366774e-02 -4.139684e-01 4.862961e-02 8.393537e-02 3.452324e-03 -4.547383e-02 1.674619e-02 5.895197e-01 4.951469e-02
1.292832e-02 4.572431e-01 2.793674e-02 1.181819e-01 1.131051e-02 -4.113624e-01 2.733577e-02 8.204262e-02 5.052814e-03 -4.150811e-02 7.962079e-03 6.088497e-01 4.106252e-02
1.713002e-02 4.723680e-01 1.897950e-02 1.200668e-01 7.782790e-03 -3.969786e-01 2.122465e-02 8.724783e-02 4.873928e-03 -4.255873e-02 4.110289e-03 5.883042e-01 2.347873e-02
2.908871e-03 5.284416e-01 4.929347e-02 1.400366e-01 1.424010e-02 -5.304817e-01 4.753034e-02 7.953334e-02 3.629349e-03 -6.534535e-02 1.632756e-02 6.992416e-01 3.944706e-02
3.232079e-03 3.986929e-01 1.139223e-02 1.201774e-01 9.490404e-03 -3.664776e-01 1.735571e-02 7.135816e-02 5.247069e-03 -5.083816e-02 6.223115e-03 4.714613e-01 3.186700e-02
4.201703e-03 3.913682e-01 6.344134e-02 1.035856e-01 1.687795e-02 -3.819465e-01 7.101150e-02 7.164373e-02 5.506018e-03 -2.748532e-02 1.395758e-02 5.402724e-01 8.882685e-02
5.817742e-03 4.803569e-01 6.936583e-02 1.248310e-01 1.263988e-02 -4.771306e-01 8.397886e-02 7.891698e-02 3.201104e-03 -5.234748e-02 1.429262e-02 6.548454e-01 1.070933e-01
8.080198e-03 4.252166e-01 5.134902e-02 1.119519e-01 1.011494e-02 -3.881096e-01 5.834034e-02 7.799232e-02 4.883471e-03 -2.985165e-02 1.178614e-02 5.585292e-01 5.716970e-02
1.098907e-02 4.470575e-01 3.746100e-02 1.171486e-01 1.070542e-02 -3.926778e-01 2.668028e-02 7.554294e-02 3.849639e-03 -4.356363e-02 5.208459e-03 5.514910e-01 3.146595e-02
1.454436e-02 4.557754e-01 2.360994e-02 1.215696e-01 3.938749e-03 -4.034075e-01 3.051587e-02 9.107086e-02 3.790183e-03 -4.254700e-02 6.202710e-03 6.037172e-01 4.218475e-02
1.874606e-02 5.425888e-01 4.573891e-02 1.479816e-01 1.240869e-02 -4.629670e-01 3.618890e-02 1.043228e-01 7.078556e-03 -6.203877e-02 7.886755e-03 7.037412e-01 3.524821e-02
5.171327e-03 4.418252e-01 4.862244e-02 1.177321e-01 1.494967e-02 -4.383467e-01 4.682896e-02 8.067769e-02 6.044157e-03 -3.706604e-02 1.403679e-02 6.242712e-01 5.416990e-02
5.494535e-03 4.159325e-01 2.764895e-02 1.198791e-01 8.727185e-03 -3.931172e-01 2.962919e-02 7.475857e-02 3.489108e-03 -4.665048e-02 7.602836e-03 5.410063e-01 3.694203e-02
6.464158e-03 4.123054e-01 3.629522e-02 1.211688e-01 1.039721e-02 -3.632364e-01 4.855414e-02 7.914794e-02 4.344520e-03 -3.790335e-02 1.244490e-02 4.987267e-01 5.644138e-02
8.080198e-03 5.707235e-01 3.186811e-02 1.456600e-01 6.850134e-03 -5.464118e-01 4.365816e-02 8.416087e-02 4.251035e-03 -6.581608e-02 5.371164e-03 7.307150e-01 5.735852e-02
1.034265e-02 4.344482e-01 1.124934e-02 1.192908e-01 4.472651e-03 -3.797096e-01 1.920766e-02 7.822100e-02 1.886076e-03 -4.356205e-02 4.042197e-03 5.285526e-01 3.195608e-02
1.325152e-02 4.622189e-01 2.999657e-02 1.227208e-01 1.051260e-02 -4.007385e-01 2.302930e-02 8.667716e-02 5.135536e-03 -3.973692e-02 7.671107e-03 5.906920e-01 2.429731e-02
1.680681e-02 5.149474e-01 3.223740e-02 1.481389e-01 7.681200e-03 -4.220483e-01 3.132282e-02 1.028142e-01 2.777004e-03 -6.053570e-02 7.552852e-03 6.258556e-01 2.713137e-02
2.100851e-02 5.430967e-01 1.539368e-02 1.438348e-01 7.588640e-03 -4.503193e-01 2.340894e-02 1.019696e-01 3.957241e-03 -6.903986e-02 6.836148e-03 7.038609e-01 3.197568e-02
8.080198e-03 5.125252e-01 3.209090e-02 1.393072e-01 4.214037e-03 -4.724441e-01 4.301608e-02 8.707062e-02 3.422018e-03 -5.279366e-02 8.967807e-03 6.443552e-01 5.148496e-02
8.403406e-03 5.121772e-01 5.534119e-02 1.318043e-01 1.359345e-02 -4.995212e-01 5.192484e-02 8.236652e-02 4.777954e-03 -5.805209e-02 1.094963e-02 6.888104e-01 5.400862e-02
9.373030e-03 4.813555e-01 4.655248e-02 1.369158e-01 8.070618e-03 -4.254739e-01 5.606553e-02 8.883236e-02 1.838528e-03 -4.765524e-02 1.169667e-02 5.945150e-01 6.591296e-02
1.098907e-02 4.778170e-01 2.708397e-02 1.369050e-01 7.819344e-03 -4.295930e-01 2.813801e-02 8.616545e-02 4.426811e-03 -5.919389e-02 8.609253e-03 5.981272e-01 3.212442e-02
1.325152e-02 4.844501e-01 1.072299e-02 1.380867e-01 5.566286e-03 -3.918416e-01 2.073233e-02 9.070771e-02 2.041819e-03 -4.674606e-02 5.162922e-03 5.629230e-01 4.033404e-02
1.616040e-02 5.389846e-01 7.370118e-03 1.475728e-01 3.935569e-03 -4.630591e-01 7.581980e-03 1.018138e-01 4.185921e-03 -6.180488e-02 8.169192e-03 6.570896e-01 1.866795e-02
1.971568e-02 4.823003e-01 3.348461e-02 1.334400e-01 7.859523e-03 -3.984337e-01 4.257430e-02 1.043574e-01 3.678513e-03 -4.818734e-02 9.927721e-03 6.431678e-01 6.459670e-02
2.391739e-02 5.029507e-01 3.190772e-02 1.251900e-01 1.452588e-02 -3.942801e-01 2.152875e-02 1.144758e-01 7.129056e-03 -4.047751e-02 8.515818e-03 6.551888e-01 1.697349e-02
1.163548e-02 5.322728e-01 4.767311e-02 1.566939e-01 1.493447e-02 -4.595857e-01 4.101725e-02 9.948434e-02 4.329079e-03 -6.761883e-02 1.644381e-02 6.185174e-01 2.864245e-02
1.195869e-02 4.843931e-01 3.425358e-02 1.329649e-01 2.619981e-03 -4.355689e-01 4.097030e-02 9.047712e-02 3.452414e-03 -4.912747e-02 7.894697e-03 6.298573e-01 3.990851e-02
1.292832e-02 4.940180e-01 8.481411e-03 1.392867e-01 1.100725e-02 -4.273695e-01 1.377008e-02 9.645539e-02 5.369582e-03 -5.236676e-02 9.280044e-03 5.981834e-01 2.811061e-02
1.454436e-02 4.853733e-01 2.975140e-02 1.290840e-01 1.496724e-02 -4.223449e-01 1.979070e-02 9.049871e-02 6.395098e-03 -4.384900e-02 1.180317e-02 6.497712e-01 2.809024e-02
1.680681e-02 5.257159e-01 3.085555e-02 1.458576e-01 1.283046e-02 -4.386996e-01 3.332776e-02 9.840820e-02 5.636563e-03 -6.152534e-02 1.255774e-02 6.402587e-01 3.147111e-02
1.971568e-02 5.338481e-01 4.081591e-02 1.452075e-01 1.217052e-02 -4.267419e-01 4.253639e-02 1.105672e-01 4.552771e-03 -5.242721e-02 1.328855e-02 6.481164e-01 5.596512e-02
2.327097e-02 5.668482e-01 1.866251e-02 1.609894e-01 9.309703e-03 -4.871774e-01 1.185640e-02 1.257956e-01 3.332840e-03 -6.640427e-02 6.692866e-03 7.756289e-01 2.284994e-02
2.747267e-02 5.405887e-01 1.742574e-02 1.527013e-01 1.185796e-02 -4.155160e-01 2.319856e-02 1.378876e-01 4.726406e-03 -5.906021e-02 1.639413e-02 7.196756e-01 1.040059e-02
1.583719e-02 5.132314e-01 2.668157e-02 1.455480e-01 1.174904e-02 -4.361698e-01 2.283910e-02 1.033647e-01 6.785818e-03 -5.994524e-02 7.752488e-03 6.199667e-01 2.762979e-02
1.616040e-02 5.007527e-01 3.336309e-02 1.392367e-01 7.873384e-03 -4.276498e-01 3.979544e-02 9.595177e-02 2.638259e-03 -5.783761e-02 8.588732e-03 6.292771e-01 5.150621e-02
1.713002e-02 5.227603e-01 4.288964e-02 1.353552e-01 1.044338e-02 -4.321664e-01 4.224525e-02 9.603451e-02 3.478876e-03 -4.597277e-02 1.067882e-02 6.559030e-01 4.603535e-02
1.874606e-02 5.297238e-01 1.468926e-02 1.355359e-01 9.054054e-03 -4.533695e-01 1.245888e-02 1.006747e-01 5.930295e-03 -4.435181e-02 5.408018e-03 7.318829e-01 2.745965e-02
2.100851e-02 5.839149e-01 3.356580e-02 1.513233e-01 1.102480e-02 -4.832912e-01 4.325353e-02 1.136989e-01 5.594104e-03 -5.614245e-02 1.136369e-02 7.590812e-01 5.653630e-02
2.391739e-02 5.196701e-01 2.816787e-02 1.361664e-01 8.327091e-03 -4.096215e-01 3.215482e-02 1.085044e-01 6.744763e-03 -5.045368e-02 9.962080e-03 6.907018e-01 4.732489e-02
2.747267e-02 5.477103e-01 2.366258e-02 1.550806e-01 9.830512e-03 -4.083022e-01 1.438913e-02 1.348872e-01 5.815747e-03 -7.511134e-02 1.249026e-02 7.045606e-01 2.046443e-02
3.167438e-02 5.752152e-01 3.463803e-02 1.686761e-01 1.234730e-02 -3.575551e-01 3.528628e-02 1.610115e-01 8.051850e-03 -7.421473e-02 1.712619e-02 6.959336e-01 4.814017e-02
3.232079e-04 6.606244e-01 1.851403e-01 1.455351e-01 3.515901e-02 -7.408752e-01 2.182453e-01 7.374878e-02 5.695672e-03 -8.726410e-02 4.313684e-02 9.724935e-01 2.555632e-01
6.464158e-04 3.623792e-01 9.225362e-02 1.099139e-01 1.778583e-02 -3.475134e-01 1.093353e-01 7.821327e-02 3.798268e-03 -2.430567e-02 2.552388e-02 4.869957e-01 1.211747e-01
1.616040e-03 3.613409e-01 5.706101e-02 1.043633e-01 1.626797e-02 -3.510363e-01 5.768698e-02 7.112756e-02 4.945475e-03 -2.789612e-02 1.571774e-02 4.895846e-01 6.211624e-02
3.232079e-03 4.393791e-01 5.739425e-02 1.207225e-01 8.957594e-03 -4.353988e-01 6.961981e-02 7.655168e-02 1.862012e-03 -4.626791e-02 1.296244e-02 5.912461e-01 8.532869e-02
5.494535e-03 4.359243e-01 2.840860e-02 1.190599e-01 4.319214e-03 -4.223659e-01 4.504357e-02 7.894500e-02 3.783685e-03 -4.018940e-02 5.486538e-03 5.947041e-01 6.886007e-02
8.403406e-03 4.625505e-01 3.079036e-02 1.224363e-01 1.036253e-02 -4.242405e-01 2.151573e-02 7.807647e-02 3.622844e-03 -4.423280e-02 1.021078e-02 5.909932e-01 1.321739e-02
1.195869e-02 6.109608e-01 6.424683e-02 1.536853e-01 1.568767e-02 -5.812561e-01 7.115830e-02 9.327272e-02 2.563339e-03 -7.517792e-02 2.021178e-02 7.978517e-01 7.821924e-02
1.616040e-02 5.858166e-01 2.395344e-02 1.581810e-01 6.327512e-03 -4.958896e-01 3.788872e-02 1.024135e-01 1.302593e-03 -6.652304e-02 5.254823e-03 6.810833e-01 5.533669e-02
6.464158e-04 2.921086e-01 4.412269e-02 8.584351e-02 1.405711e-02 -2.861258e-01 4.473958e-02 6.605460e-02 7.002750e-03 -1.033147e-02 9.513240e-03 4.206631e-01 5.268495e-02
9.696237e-04 3.612988e-01 6.184693e-02 1.035372e-01 1.200834e-02 -3.586931e-01 7.385011e-02 7.180688e-02 3.251188e-03 -2.645035e-02 1.375419e-02 5.049478e-01 8.840229e-02
1.939247e-03 4.949596e-01 7.850613e-02 1.155664e-01 8.917099e-03 -5.335481e-01 1.086910e-01 7.532393e-02 3.987746e-03 -3.873736e-02 1.072787e-02 7.474139e-01 1.514132e-01
3.555287e-03 4.422439e-01 7.628472e-02 1.245001e-01 1.825863e-02 -4.233892e-01 8.287206e-02 7.666682e-02 4.188917e-03 -4.888967e-02 2.019017e-02 5.644085e-01 9.197312e-02
5.817742e-03 4.144270e-01 2.485505e-02 1.200732e-01 5.638737e-03 -3.796988e-01 3.557567e-02 8.026172e-02 4.413563e-03 -3.760965e-02 6.596346e-03 5.202998e-01 4.033665e-02
8.726614e-03 4.237026e-01 2.992557e-02 1.229346e-01 9.574122e-03 -3.736683e-01 2.526043e-02 8.464657e-02 3.544958e-03 -3.804904e-02 8.428416e-03 5.350896e-01 1.907964e-02
1.228190e-02 4.708933e-01 5.518836e-02 1.271803e-01 1.672151e-02 -4.103083e-01 4.708575e-02 8.461209e-02 4.913078e-03 -4.510001e-02 1.397363e-02 5.791066e-01 3.911036e-02
1.648360e-02 4.628297e-01 3.193000e-02 1.319480e-01 1.028209e-02 -3.588902e-01 2.941096e-02 9.433933e-02 3.973941e-03 -4.382755e-02 9.543570e-03 5.405301e-01 2.047410e-02
1.616040e-03 4.098366e-01 6.735496e-02 1.126068e-01 1.043720e-02 -4.094832e-01 8.439834e-02 7.761774e-02 4.444819e-03 -2.913623e-02 9.162370e-03 5.753346e-01 1.106144e-01
1.939247e-03 4.086201e-01 5.474055e-02 1.052710e-01 1.353931e-02 -4.176320e-01 5.987259e-02 6.717422e-02 4.020218e-03 -3.597510e-02 1.921629e-02 5.735447e-01 5.762791e-02
2.908871e-03 4.692638e-01 5.420807e-02 1.168346e-01 1.123228e-02 -4.780350e-01 6.615669e-02 7.005661e-02 2.546835e-03 -4.649970e-02 1.496592e-02 6.451996e-01 7.697918e-02
4.524911e-03 4.548655e-01 3.364916e-02 1.247465e-01 7.507857e-03 -4.365485e-01 4.334792e-02 7.649566e-02 2.673849e-03 -5.051033e-02 1.090364e-02 5.789691e-01 5.222972e-02
6.787366e-03 3.811948e-01 4.232314e-02 9.913051e-02 6.959963e-03 -3.595696e-01 4.929686e-02 7.003764e-02 2.257221e-03 -2.246096e-02 6.775412e-03 5.254613e-01 6.387999e-02
9.696237e-03 4.755232e-01 4.666661e-02 1.309386e-01 9.921712e-03 -4.132395e-01 4.627496e-02 8.662536e-02 2.805508e-03 -4.783063e-02 9.220684e-03 5.526873e-01 5.289187e-02
1.325152e-02 5.481375e-01 4.876731e-02 1.592774e-01 1.050482e-02 -4.696505e-01 5.518998e-02 1.042968e-01 4.961668e-03 -6.368915e-02 1.336122e-02 6.454074e-01 6.541909e-02
1.745323e-02 4.473941e-01 4.062404e-02 1.083471e-01 1.465675e-02 -3.787567e-01 3.780871e-02 8.536575e-02 6.006845e-03 -2.599971e-02 1.399244e-02 6.154434e-01 3.515367e-02
3.232079e-03 4.797851e-01 3.626041e-02 1.282525e-01 4.974102e-03 -4.831084e-01 4.878721e-02 7.618377e-02 3.606521e-03 -5.556999e-02 4.167955e-03 6.499894e-01 6.678345e-02
3.555287e-03 4.746627e-01 4.329361e-02 1.368955e-01 1.080437e-02 -4.487223e-01 5.006536e-02 7.881206e-02 5.557654e-03 -6.179511e-02 1.059694e-02 5.799383e-01 5.764591e-02
4.524911e-03 4.316944e-01 4.603826e-02 1.166050e-01 8.672033e-03 -4.187219e-01 6.080795e-02 7.589145e-02 3.774503e-03 -3.708286e-02 1.257317e-02 5.852319e-01 7.474064e-02
6.140950e-03 4.428080e-01 3.658728e-02 1.238905e-01 1.003437e-02 -4.131270e-01 3.801885e-02 7.809415e-02 4.300490e-03 -4.579217e-02 8.844467e-03 5.644173e-01 4.698014e-02
8.403406e-03 5.180291e-01 3.061965e-02 1.399060e-01 1.283891e-02 -4.865025e-01 3.464190e-02 8.597497e-02 4.400264e-03 -5.561338e-02 1.069588e-02 6.689244e-01 5.188682e-02
1.131228e-02 4.554645e-01 2.421982e-02 1.295239e-01 9.867340e-03 -3.969076e-01 2.839850e-02 8.583491e-02 6.724443e-03 -5.087560e-02 1.028006e-02 5.534067e-01 2.779602e-02
1.486756e-02 5.270673e-01 2.951347e-02 1.436102e-01 5.854653e-03 -4.456718e-01 4.054393e-02 9.622124e-02 2.579703e-03 -5.653896e-02 1.374248e-02 6.166713e-01 4.559346e-02
1.906927e-02 5.477038e-01 1.777816e-02 1.517897e-01 1.008495e-02 -4.425625e-01 2.840228e-02 1.059719e-01 4.424630e-03 -6.002078e-02 3.684343e-03 6.619544e-01 5.042495e-02
5.494535e-03 4.874391e-01 5.098937e-02 1.239800e-01 1.141439e-02 -4.733457e-01 6.619212e-02 7.616189e-02 6.177932e-03 -4.468424e-02 1.250784e-02 6.497000e-01 8.289061e-02
5.817742e-03 4.743697e-01 7.589411e-02 1.271869e-01 1.177155e-02 -4.579838e-01 9.574347e-02 7.841740e-02 4.163475e-03 -5.062600e-02 1.487022e-02 6.261165e-01 1.186268e-01
6.787366e-03 4.663067e-01 1.250446e-02 1.266605e-01 9.176758e-03 -4.416686e-01 1.303410e-02 8.024659e-02 5.198320e-03 -4.849075e-02 7.896974e-03 6.007136e-01 1.956027e-02
8.403406e-03 4.657236e-01 5.347731e-02 1.301256e-01 1.149798e-02 -4.196948e-01 6.271345e-02 8.257874e-02 3.056038e-03 -4.473606e-02 1.219379e-02 5.887455e-01 8.314165e-02
1.066586e-02 4.422206e-01 3.056520e-02 1.177680e-01 8.282983e-03 -4.003375e-01 2.895942e-02 8.329106e-02 4.351052e-03 -3.646662e-02 7.721564e-03 5.904909e-01 3.975628e-02
1.357473e-02 4.757937e-01 3.623259e-02 1.320101e-01 8.718169e-03 -4.120064e-01 4.854422e-02 8.983206e-02 3.387434e-03 -4.652843e-02 1.254603e-02 5.992363e-01 6.213363e-02
1.713002e-02 5.710097e-01 3.598475e-02 1.608737e-01 1.346653e-02 -4.805353e-01 3.302407e-02 1.052365e-01 3.986942e-03 -7.144735e-02 1.151473e-02 6.918130e-01 3.548113e-02
2.133172e-02 5.438931e-01 2.629967e-02 1.465579e-01 1.260704e-02 -4.288661e-01 2.852741e-02 1.078636e-01 5.096449e-03 -5.144101e-02 6.427132e-03 6.647398e-01 3.600920e-02
8.403406e-03 4.324660e-01 4.805660e-02 1.235512e-01 1.253733e-02 -3.857624e-01 5.518548e-02 8.200702e-02 3.845194e-03 -4.111086e-02 1.288588e-02 5.313469e-01 6.607244e-02
8.726614e-03 5.318641e-01 3.562532e-02 1.235796e-01 1.549137e-02 -5.176530e-01 2.190128e-02 7.409972e-02 5.449608e-03 -5.283466e-02 1.204240e-02 7.045843e-01 1.401221e-02
9.696237e-03 5.081481e-01 3.682432e-02 1.318914e-01 1.297996e-02 -4.749574e-01 5.063929e-02 8.570070e-02 4.705867e-03 -5.575222e-02 1.269431e-02 6.520384e-01 7.545858e-02
1.131228e-02 5.348614e-01 1.718810e-02 1.554883e-01 6.279975e-03 -4.714502e-01 1.718007e-02 9.683184e-02 3.411729e-03 -6.851728e-02 6.687818e-03 6.439074e-01 3.622009e-02
1.357473e-02 5.506657e-01 5.465651e-02 1.514311e-01 2.076935e-02 -5.012353e-01 4.734320e-02 9.477808e-02 7.046907e-03 -6.819160e-02 1.827763e-02 7.131255e-01 5.258534e-02
1.648360e-02 4.925024e-01 1.211763e-02 1.384503e-01 9.183382e-03 -4.033385e-01 1.632614e-02 9.756125e-02 4.968232e-03 -5.460682e-02 4.105040e-03 5.876237e-01 2.643976e-02
2.003889e-02 5.605228e-01 3.127621e-02 1.520611e-01 7.512227e-03 -4.755328e-01 4.008037e-02 1.151388e-01 3.296271e-03 -6.109547e-02 1.058986e-02 7.224834e-01 5.034849e-02
2.424059e-02 5.167017e-01 3.709574e-02 1.597744e-01 1.136592e-02 -3.924827e-01 3.317222e-02 1.323514e-01 5.126551e-03 -6.729158e-02 1.472935e-02 6.798971e-01 2.051052e-02
1.195869e-02 5.052936e-01 2.983793e-02 1.274257e-01 1.023147e-02 -4.554185e-01 3.614783e-02 8.335022e-02 4.620176e-03 -4.681051e-02 1.134898e-02 6.559732e-01 4.543202e-02
1.228190e-02 5.196829e-01 5.759706e-02 1.314602e-01 1.276136e-02 -4.790609e-01 6.210022e-02 8.264988e-02 1.901960e-03 -6.248217e-02 1.382385e-02 6.591986e-01 7.660357e-02
1.325152e-02 4.749345e-01 1.843302e-02 1.311395e-01 4.641498e-03 -4.149329e-01 2.506469e-02 9.121103e-02 3.830744e-03 -4.513518e-02 4.925140e-03 6.198752e-01 3.508356e-02
1.486756e-02 5.500037e-01 4.502396e-02 1.440369e-01 1.128756e-02 -5.036509e-01 5.632641e-02 9.688482e-02 6.608075e-03 -6.078337e-02 1.506021e-02 7.221936e-01 6.453488e-02
1.713002e-02 5.113279e-01 3.158071e-02 1.365784e-01 1.086386e-02 -4.182906e-01 2.735223e-02 1.019302e-01 4.947684e-03 -5.102750e-02 9.666509e-03 6.244066e-01 3.078400e-02
2.003889e-02 4.944921e-01 3.081906e-02 1.450394e-01 8.883109e-03 -3.981086e-01 3.762522e-02 1.057690e-01 3.860939e-03 -6.416072e-02 1.058511e-02 6.100561e-01 4.485033e-02
2.359418e-02 5.236015e-01 3.846405e-02 1.297916e-01 1.013552e-02 -4.195937e-01 3.764608e-02 1.112674e-01 2.731238e-03 -4.542368e-02 1.056112e-02 6.967405e-01 4.077351e-02
2.779588e-02 5.369875e-01 4.371724e-02 1.514904e-01 1.272111e-02 -3.630852e-01 4.382135e-02 1.464483e-01 5.600787e-03 -5.105350e-02 1.520043e-02 6.510899e-01 4.217225e-02
1.616040e-02 4.812404e-01 3.390964e-02 1.394534e-01 1.379071e-02 -3.915483e-01 2.610646e-02 1.026905e-01 5.216200e-03 -4.889025e-02 6.789232e-03 5.845047e-01 2.686711e-02
1.648360e-02 5.597774e-01 3.883121e-02 1.497383e-01 9.492801e-03 -4.853328e-01 3.526669e-02 1.038318e-01 2.628209e-03 -6.157760e-02 9.237557e-03 6.820289e-01 4.276649e-02
1.745323e-02 5.467147e-01 3.427165e-02 1.333738e-01 5.990247e-03 -4.932418e-01 4.177963e-02 9.639956e-02 1.853213e-03 -4.923155e-02 1.255050e-02 7.441908e-01 4.786815e-02
1.906927e-02 5.296598e-01 4.006342e-02 1.403489e-01 1.434332e-02 -4.516005e-01 2.989531e-02 1.038185e-01 5.252486e-03 -5.166604e-02 9.864512e-03 6.739853e-01 4.164158e-02
2.133172e-02 5.511756e-01 2.622234e-02 1.618679e-01 1.112103e-02 -4.471336e-01 2.469046e-02 1.205037e-01 7.648224e-03 -6.885237e-02 6.872688e-03 6.813420e-01 3.468188e-02
2.424059e-02 5.218087e-01 3.980686e-02 1.513850e-01 1.031313e-02 -3.964641e-01 5.379774e-02 1.297927e-01 3.301787e-03 -5.715332e-02 1.557142e-02 6.682837e-01 6.139236e-02
2.779588e-02 5.672072e-01 3.183394e-02 1.436239e-01 5.763426e-03 -4.457461e-01 2.453738e-02 1.297329e-01 3.454940e-03 -5.975104e-02 4.675071e-03 8.034937e-01 3.475726e-02
3.199758e-02 5.609928e-01 2.165758e-02 1.592666e-01 1.317354e-02 -4.001132e-01 3.052627e-02 1.594881e-01 5.427043e-03 -7.367981e-02 2.112303e-02 7.788018e-01 5.049724e-02
1.292832e-03 4.456284e-01 7.089377e-02 1.104938e-01 1.547049e-02 -4.650351e-01 8.099924e-02 7.012005e-02 5.265692e-03 -3.695358e-02 1.502223e-02 6.419625e-01 1.016921e-01
1.616040e-03 4.451985e-01 7.001320e-02 1.103553e-01 1.331427e-02 -4.666196e-01 7.989633e-02 6.784352e-02 3.019114e-03 -4.296575e-02 1.405171e-02 6.362763e-01 9.473539e-02
2.585663e-03 4.585674e-01 2.843333e-02 1.265071e-01 1.585695e-02 -4.539068e-01 1.540805e-02 7.661130e-02 6.992502e-03 -5.219587e-02 1.186744e-02 6.071375e-01 1.672334e-02
4.201703e-03 4.053624e-01 5.352071e-02 1.225338e-01 1.495593e-02 -3.774647e-01 5.623538e-02 8.198899e-02 3.882703e-03 -3.788162e-02 1.831450e-02 5.255791e-01 5.400031e-02
6.464158e-03 3.845616e-01 3.265218e-02 1.067902e-01 1.011805e-02 -3.499973e-01 3.669920e-02 7.420630e-02 4.731567e-03 -2.548395e-02 6.756979e-03 5.008444e-01 5.020921e-02
9.373030e-03 5.087099e-01 8.070050e-02 1.401904e-01 1.401144e-02 -4.738783e-01 9.157203e-02 8.599683e-02 1.016191e-03 -6.196644e-02 1.966570e-02 6.556200e-01 9.707470e-02
1.292832e-02 5.956073e-01 2.642216e-02 1.581729e-01 6.656294e-03 -5.340709e-01 3.413603e-02 9.670942e-02 5.240963e-03 -7.135156e-02 3.283113e-03 7.265057e-01 4.970136e-02
1.713002e-02 5.106103e-01 7.268878e-03 1.400919e-01 1.280408e-02 -4.303547e-01 2.328052e-02 1.030067e-01 7.578397e-03 -4.953800e-02 6.694773e-03 6.533900e-01 4.672273e-02
1.616040e-03 3.917580e-01 5.082058e-02 1.127441e-01 1.598331e-02 -3.871324e-01 4.961961e-02 7.071307e-02 5.570331e-03 -4.397045e-02 1.507413e-02 5.189370e-01 5.082050e-02
1.939247e-03 4.123444e-01 6.549482e-02 1.120711e-01 1.040303e-02 -4.149271e-01 8.146312e-02 7.531881e-02 3.585479e-03 -3.319510e-02 1.199024e-02 5.806985e-01 1.027833e-01
2.908871e-03 5.260055e-01 5.986504e-02 1.278861e-01 8.773674e-03 -5.504252e-01 8.052408e-02 7.100266e-02 2.210953e-03 -6.530345e-02 1.330703e-02 7.231665e-01 1.030145e-01
4.524911e-03 4.251569e-01 4.021309e-02 1.202295e-01 9.885912e-03 -4.042324e-01 4.775885e-02 7.731187e-02 4.643890e-03 -4.219569e-02 9.572275e-03 5.525085e-01 5.816314e-02
6.787366e-03 4.260922e-01 3.562979e-02 1.202199e-01 6.957474e-03 -3.868900e-01 3.996120e-02 8.342218e-02 3.663311e-03 -2.584197e-02 3.836079e-03 5.638438e-01 5.335802e-02
9.696237e-03 4.461106e-01 1.373608e-02 1.209146e-01 3.490265e-03 -3.972531e-01 1.637125e-02 8.374356e-02 2.251336e-03 -3.961676e-02 1.971071e-03 5.543787e-01 2.884686e-02
1.325152e-02 4.974952e-01 3.392306e-02 1.399844e-01 1.279819e-02 -4.234838e-01 2.740327e-02 8.988071e-02 6.210623e-03 -6.077848e-02 1.115273e-02 5.962253e-01 2.277625e-02
1.745323e-02 4.959824e-01 1.840863e-02 1.394292e-01 5.011431e-03 -4.248858e-01 2.350695e-02 9.746949e-02 4.263331e-03 -6.033374e-02 4.207011e-03 6.298450e-01 3.149127e-02
2.585663e-03 4.523000e-01 7.014877e-02 1.219517e-01 1.219829e-02 -4.434742e-01 8.160661e-02 7.752163e-02 2.357054e-03 -4.032676e-02 1.739462e-02 6.021179e-01 8.685112e-02
2.908871e-03 4.470064e-01 6.512621e-02 1.205268e-01 1.806303e-02 -4.383922e-01 6.724951e-02 7.693417e-02 4.460381e-03 -4.094939e-02 1.934976e-02 5.949487e-01 7.052874e-02
3.878495e-03 3.762973e-01 8.875044e-02 1.099325e-01 1.493565e-02 -3.556680e-01 1.118034e-01 7.600028e-02 2.777002e-03 -2.604118e-02 2.033621e-02 5.141697e-01 1.418945e-01
5.494535e-03 4.343172e-01 2.495991e-02 1.155882e-01 1.104471e-02 -4.300871e-01 2.102003e-02 7.420816e-02 3.670924e-03 -4.616071e-02 1.205639e-02 5.939954e-01 1.940234e-02
7.756990e-03 4.251396e-01 1.509203e-02 1.161335e-01 1.088200e-02 -3.920903e-01 3.305482e-02 7.925859e-02 4.235835e-03 -3.445455e-02 7.923690e-03 5.659510e-01 5.525247e-02
1.066586e-02 4.693142e-01 2.396092e-02 1.301195e-01 1.110057e-02 -4.140122e-01 2.135091e-02 8.602791e-02 5.008539e-03 -4.460291e-02 8.731083e-03 5.884758e-01 2.370060e-02
1.422115e-02 4.657549e-01 1.934310e-02 1.184973e-01 2.735511e-03 -4.193804e-01 2.622255e-02 8.294896e-02 2.256928e-03 -4.185522e-02 4.307792e-03 6.257702e-01 3.097285e-02
1.842285e-02 4.946245e-01 3.009215e-02 1.393524e-01 6.471596e-03 -3.895904e-01 5.003935e-02 1.015857e-01 4.772126e-03 -5.392154e-02 1.478416e-02 5.887183e-01 6.251586e-02
4.201703e-03 3.638252e-01 3.040005e-02 1.041144e-01 8.944673e-03 -3.506914e-01 3.614182e-02 7.487776e-02 5.544902e-03 -2.249671e-02 5.490397e-03 5.147547e-01 4.638079e-02
4.524911e-03 4.045386e-01 1.789503e-02 1.030333e-01 2.869445e-03 -4.109355e-01 2.822575e-02 6.632735e-02 3.359739e-03 -4.053521e-02 7.222782e-03 5.682035e-01 3.920635e-02
5.494535e-03 4.492075e-01 1.121877e-02 1.119883e-01 5.730031e-03 -4.445735e-01 1.242046e-02 7.481998e-02 3.417666e-03 -3.099989e-02 4.238658e-03 6.376291e-01 2.394077e-02
7.110574e-03 4.367123e-01 3.511807e-02 1.149951e-01 1.247711e-02 -4.151243e-01 3.223106e-02 7.760794e-02 2.840294e-03 -3.549409e-02 1.475286e-02 5.847357e-01 3.568319e-02
9.373030e-03 5.082100e-01 4.222606e-02 1.308661e-01 9.030358e-03 -4.631920e-01 5.065894e-02 8.466420e-02 1.875215e-03 -4.266456e-02 9.876331e-03 6.426152e-01 6.649853e-02
1.228190e-02 5.166436e-01 3.113876e-02 1.404827e-01 5.843666e-03 -4.533701e-01 3.222533e-02 9.059184e-02 3.936806e-03 -5.772729e-02 4.290632e-03 6.231114e-01 4.493953e-02
1.583719e-02 4.857275e-01 2.593896e-02 1.406293e-01 8.833765e-03 -4.087764e-01 2.458396e-02 9.346408e-02 4.013041e-03 -7.072144e-02 1.103147e-02 5.933531e-01 2.014687e-02
2.003889e-02 4.651218e-01 3.270301e-02 1.202145e-01 6.686100e-03 -3.724219e-01 3.753922e-02 9.551582e-02 3.360960e-03 -3.339583e-02 1.170271e-02 6.098006e-01 4.245540e-02
6.464158e-03 4.837382e-01 6.078608e-02 1.280328e-01 1.508668e-02 -4.635651e-01 6.405548e-02 7.923196e-02 5.327857e-03 -5.218686e-02 1.467714e-02 6.325903e-01 6.567361e-02
6.787366e-03 4.992020e-01 6.462728e-02 1.207456e-01 1.175858e-02 -4.954552e-01 7.598925e-02 7.561502e-02 2.854861e-03 -4.454134e-02 1.556525e-02 6.904848e-01 8.851670e-02
7.756990e-03 5.338960e-01 4.110008e-02 1.377146e-01 8.088333e-03 -5.219457e-01 4.447622e-02 8.110047e-02 2.586376e-03 -6.347058e-02 9.238390e-03 7.054287e-01 5.218333e-02
9.373030e-03 5.554386e-01 5.388782e-02 1.532963e-01 1.605515e-02 -5.074374e-01 5.750185e-02 9.061357e-02 5.799476e-03 -6.920911e-02 1.986862e-02 6.800406e-01 5.203243e-02
1.163548e-02 5.475426e-01 5.111272e-02 1.441714e-01 1.283123e-02 -4.991536e-01 5.267392e-02 8.980058e-02 4.687371e-03 -6.062553e-02 1.376753e-02 6.941393e-01 5.455232e-02
1.454436e-02 4.547265e-01 1.838527e-02 1.200386e-01 7.143283e-03 -3.792770e-01 2.125580e-02 8.714591e-02 1.862853e-03 -3.845487e-02 1.169551e-02 5.621285e-01 1.920646e-02
1.809964e-02 4.929334e-01 2.835395e-02 1.366282e-01 9.137906e-03 -3.890165e-01 1.921659e-02 1.049947e-01 4.248872e-03 -3.748022e-02 4.814369e-03 6.211031e-01 2.925478e-02
2.230135e-02 5.551423e-01 2.031512e-02 1.570367e-01 9.225678e-03 -4.417826e-01 2.307661e-02 1.125335e-01 5.000956e-03 -6.950855e-02 1.207825e-02 6.707542e-01 2.259298e-02
9.373030e-03 5.220723e-01 5.720993e-02 1.364604e-01 1.378021e-02 -4.891632e-01 6.476962e-02 8.304606e-02 5.095560e-03 -5.659887e-02 1.422932e-02 6.758170e-01 7.447169e-02
9.696237e-03 5.374187e-01 1.690642e-02 1.465486e-01 7.545764e-03 -4.919565e-01 2.340436e-02 8.632658e-02 3.866439e-03 -6.644317e-02 8.094479e-03 6.662405e-01 2.470832e-02
1.066586e-02 5.095794e-01 4.913155e-02 1.362978e-01 1.276587e-02 -4.773079e-01 5.275327e-02 8.457340e-02 4.808234e-03 -6.066617e-02 9.581341e-03 6.701266e-01 6.623593e-02
1.228190e-02 5.306512e-01 4.207227e-02 1.454956e-01 1.488214e-02 -4.743548e-01 4.969771e-02 8.692751e-02 7.860513e-03 -6.894124e-02 1.590821e-02 6.417453e-01 5.371911e-02
1.454436e-02 5.228671e-01 2.559469e-02 1.405991e-01 1.413842e-02 -4.291708e-01 3.776090e-02 9.487636e-02 5.034314e-03 -4.853029e-02 1.067310e-02 5.928147e-01 6.215347e-02
1.745323e-02 5.831074e-01 3.538848e-02 1.609273e-01 7.829939e-03 -4.966114e-01 3.849090e-02 1.104940e-01 2.756096e-03 -6.856124e-02 8.307463e-03 7.373363e-01 5.423967e-02
2.100851e-02 4.965823e-01 4.421387e-02 1.469154e-01 1.129193e-02 -3.615687e-01 4.470782e-02 1.166877e-01 3.318284e-03 -4.708615e-02 1.249892e-02 5.805396e-01 5.155076e-02
2.521022e-02 5.592723e-01 3.944211e-02 1.647638e-01 1.781515e-02 -4.169771e-01 2.211668e-02 1.295936e-01 5.848405e-03 -7.247078e-02 1.228529e-02 6.562035e-01 2.278348e-02
1.292832e-02 5.214044e-01 3.713208e-02 1.359111e-01 1.084229e-02 -4.760123e-01 4.318601e-02 8.976411e-02 4.693574e-03 -5.591934e-02 7.301118e-03 6.790087e-01 5.939360e-02
1.325152e-02 4.596604e-01 3.086261e-02 1.236650e-01 7.043675e-03 -3.999958e-01 3.141806e-02 9.004027e-02 3.628156e-03 -3.340939e-02 7.406844e-03 6.004499e-01 3.884592e-02
1.422115e-02 5.792446e-01 8.689573e-02 1.594932e-01 2.188771e-02 -4.887187e-01 8.779057e-02 9.668114e-02 5.115195e-03 -7.233722e-02 2.519696e-02 6.670786e-01 8.300583e-02
1.583719e-02 4.895559e-01 3.894002e-02 1.245079e-01 8.571262e-03 -4.442187e-01 4.864173e-02 8.817223e-02 2.173496e-03 -5.108737e-02 1.242648e-02 6.531426e-01 5.777366e-02
1.809964e-02 5.315921e-01 3.255897e-02 1.411073e-01 1.061226e-02 -4.429579e-01 2.934173e-02 1.009570e-01 8.895233e-04 -5.060896e-02 1.285660e-02 6.773675e-01 2.933758e-02
2.100851e-02 5.589787e-01 3.589234e-02 1.502648e-01 8.095167e-03 -4.486079e-01 4.268229e-02 1.114073e-01 5.300141e-03 -5.927926e-02 8.444497e-03 6.908768e-01 4.844226e-02
2.456380e-02 5.760488e-01 2.155987e-02 1.565903e-01 8.642818e-03 -4.625692e-01 3.295411e-02 1.287029e-01 5.884958e-03 -6.809511e-02 1.186490e-02 7.300120e-01 5.686906e-02
2.876550e-02 5.529692e-01 9.785537e-03 1.561336e-01 3.043559e-03 -4.014018e-01 2.503435e-02 1.433248e-01 5.632754e-03 -7.139821e-02 1.319659e-02 7.131850e-01 1.750449e-02
1.713002e-02 4.808182e-01 4.162266e-02 1.304305e-01 1.153010e-02 -4.150436e-01 5.021196e-02 9.900064e-02 5.130552e-03 -3.901837e-02 1.188225e-02 6.617154e-01 6.688440e-02
1.745323e-02 5.424063e-01 2.994720e-02 1.499814e-01 7.628627e-03 -4.603462e-01 4.011640e-02 1.053641e-01 5.270284e-03 -5.932479e-02 7.443532e-03 6.670507e-01 5.647314e-02
1.842285e-02 5.257462e-01 4.954207e-02 1.490861e-01 9.026883e-03 -4.466310e-01 5.574353e-02 1.110195e-01 4.623520e-03 -5.915095e-02 9.313127e-03 6.986876e-01 6.591159e-02
2.003889e-02 5.338533e-01 5.711086e-02 1.383258e-01 1.560310e-02 -4.439785e-01 5.442731e-02 1.031713e-01 5.797996e-03 -4.979153e-02 1.302140e-02 6.960882e-01 6.080717e-02
2.230135e-02 5.058621e-01 2.743481e-02 1.389883e-01 8.259545e-03 -3.919692e-01 2.648301e-02 1.109167e-01 3.923179e-03 -4.151337e-02 1.371446e-02 6.326110e-01 1.864903e-02
2.521022e-02 6.169358e-01 3.576214e-02 1.759006e-01 1.685210e-02 -4.596081e-01 4.205957e-02 1.323277e-01 5.031131e-03 -8.826424e-02 1.825039e-02 6.994013e-01 4.937935e-02
2.876550e-02 5.482726e-01 1.853343e-02 1.400564e-01 1.078639e-02 -4.199356e-01 2.938214e-02 1.347420e-01 5.049302e-03 -5.978309e-02 8.691539e-03 7.425907e-01 5.095156e-02
3.296721e-02 5.835844e-01 3.319860e-02 1.678719e-01 1.410839e-02 -4.329653e-01 7.047786e-03 1.686298e-01 8.038612e-03 -8.727997e-02 1.609047e-02 8.579798e-01 2.410338e-02
2.908871e-03 3.983137e-01 3.419033e-02 1.108222e-01 1.199780e-02 -3.920082e-01 3.489095e-02 7.493833e-02 2.108257e-03 -3.200497e-02 1.451070e-02 5.517917e-01 4.366790e-02
3.232079e-03 4.388815e-01 1.512224e-02 1.195109e-01 3.908738e-03 -4.303933e-01 2.198649e-02 7.944310e-02 1.377641e-03 -3.650719e-02 6.663543e-03 5.943037e-01 4.174102e-02
4.201703e-03 4.477412e-01 4.467834e-02 1.205593e-01 1.503464e-02 -4.436157e-01 4.080082e-02 7.533402e-02 4.926787e-03 -4.681549e-02 1.338796e-02 6.065850e-01 3.960383e-02
5.817742e-03 3.993953e-01 1.656411e-02 1.169182e-01 6.792223e-03 -3.513250e-01 2.469582e-02 7.938676e-02 3.284836e-03 -3.037445e-02 4.373147e-03 4.929478e-01 3.501108e-02
8.080198e-03 4.157847e-01 2.199030e-02 1.174434e-01 3.799391e-03 -3.600693e-01 2.903919e-02 8.008382e-02 1.608568e-03 -3.175936e-02 2.447245e-03 4.991078e-01 4.161808e-02
1.098907e-02 4.602156e-01 2.462190e-02 1.351420e-01 7.705183e-03 -3.968935e-01 2.885515e-02 8.580784e-02 3.357177e-03 -5.678430e-02 6.727121e-03 5.472781e-01 4.388830e-02
1.454436e-02 5.113239e-01 2.313306e-02 1.452321e-01 5.869235e-03 -4.586594e-01 3.052365e-02 9.942111e-02 2.457946e-03 -5.909281e-02 4.681765e-03 6.834781e-01 4.156134e-02
1.874606e-02 5.885767e-01 1.919185e-02 1.678631e-01 1.085174e-02 -4.858244e-01 2.381936e-02 1.104278e-01 4.844237e-03 -8.322726e-02 9.347420e-03 6.998698e-01 3.557064e-02
3.232079e-03 4.399872e-01 6.414440e-02 1.265740e-01 1.435749e-02 -4.242883e-01 7.424279e-02 7.669465e-02 4.649408e-03 -5.171590e-02 1.466424e-02 5.639057e-01 8.978579e-02
3.555287e-03 4.993149e-01 5.494268e-02 1.308229e-01 8.583579e-03 -5.024341e-01 6.826598e-02 7.899234e-02 2.745802e-03 -5.408161e-02 9.606295e-03 6.786942e-01 8.677084e-02
4.524911e-03 4.113912e-01 2.674798e-02 1.138536e-01 8.991140e-03 -3.954844e-01 2.853240e-02 7.485831e-02 2.630765e-03 -3.597009e-02 9.007566e-03 5.592681e-01 3.448558e-02
6.140950e-03 4.939619e-01 6.548805e-02 1.348602e-01 1.429597e-02 -4.732792e-01 7.181881e-02 8.191178e-02 4.898128e-03 -5.574831e-02 1.796298e-02 6.467223e-01 7.515012e-02
8.403406e-03 5.214157e-01 6.055124e-03 1.314315e-01 3.847697e-03 -5.019696e-01 1.307670e-02 7.915762e-02 2.702337e-03 -5.744340e-02 4.881342e-03 6.847825e-01 3.103994e-02
1.131228e-02 4.675202e-01 2.614970e-02 1.262728e-01 7.350310e-03 -3.974901e-01 2.578412e-02 8.428745e-02 2.861428e-03 -4.069384e-02 6.672263e-03 5.546205e-01 2.456534e-02
1.486756e-02 4.621375e-01 4.238645e-02 1.383794e-01 1.546160e-02 -3.865175e-01 3.770401e-02 9.645560e-02 3.410630e-03 -5.637193e-02 1.681870e-02 5.695294e-01 3.654500e-02
1.906927e-02 5.462081e-01 2.795641e-02 1.390212e-01 9.718244e-03 -4.449963e-01 2.668444e-02 1.028852e-01 1.865154e-03 -5.297553e-02 1.252112e-02 6.461584e-01 3.217709e-02
4.201703e-03 5.325383e-01 7.675100e-02 1.417849e-01 2.251243e-02 -5.282017e-01 7.553557e-02 8.113537e-02 6.555863e-03 -7.015172e-02 2.179132e-02 6.857860e-01 7.828863e-02
4.524911e-03 4.028259e-01 6.399806e-02 1.148714e-01 1.729957e-02 -3.847746e-01 6.946269e-02 7.491118e-02 5.383669e-03 -4.195563e-02 1.690753e-02 5.294862e-01 8.307660e-02
5.494535e-03 3.996146e-01 3.812139e-02 1.102682e-01 1.504799e-02 -3.828738e-01 3.339651e-02 7.611726e-02 6.252367e-03 -3.088758e-02 1.485839e-02 5.526789e-01 3.745376e-02
7.110574e-03 4.325617e-01 4.124505e-02 1.288373e-01 1.393227e-02 -3.904828e-01 3.619500e-02 8.431977e-02 4.891130e-03 -4.479106e-02 1.400513e-02 5.379922e-01 3.974475e-02
9.373030e-03 5.012739e-01 5.759482e-02 1.430215e-01 2.003517e-02 -4.476510e-01 5.099715e-02 9.280529e-02 5.117306e-03 -5.041518e-02 2.329440e-02 6.235829e-01 4.155903e-02
1.228190e-02 5.400137e-01 5.809548e-02 1.501014e-01 2.005510e-02 -4.547379e-01 5.341333e-02 9.370115e-02 8.512691e-03 -6.184344e-02 1.498099e-02 6.282125e-01 5.589920e-02
1.583719e-02 5.232006e-01 5.123172e-02 1.515385e-01 1.076510e-02 -4.528216e-01 6.686152e-02 1.024992e-01 2.408987e-03 -6.091261e-02 1.141782e-02 6.732246e-01 8.746833e-02
2.003889e-02 5.624411e-01 8.717741e-03 1.614410e-01 1.277511e-02 -4.289002e-01 1.513577e-02 1.128771e-01 5.027870e-03 -7.256744e-02 1.033850e-02 6.305747e-01 2.531153e-02
5.817742e-03 4.139927e-01 3.564609e-02 1.154390e-01 9.482521e-03 -3.816438e-01 3.754921e-02 7.697275e-02 2.814119e-03 -3.512826e-02 1.106819e-02 5.250061e-01 3.659520e-02
6.140950e-03 4.615899e-01 2.268513e-02 1.301918e-01 4.915863e-03 -4.242942e-01 3.353987e-02 7.797750e-02 8.631389e-04 -5.363727e-02 7.373074e-03 5.710469e-01 4.692582e-02
7.110574e-03 4.602566e-01 3.967624e-02 1.160786e-01 6.911384e-03 -4.519110e-01 5.331215e-02 7.478588e-02 4.715919e-03 -4.237287e-02 7.426877e-03 6.383371e-01 6.662680e-02
8.726614e-03 4.844726e-01 2.945101e-02 1.348374e-01 7.087966e-03 -4.290460e-01 3.308203e-02 8.491604e-02 2.429455e-03 -5.010219e-02 7.018331e-03 5.760521e-01 4.584110e-02
1.098907e-02 5.217929e-01 5.536064e-02 1.404350e-01 1.402245e-02 -4.838742e-01 6.080006e-02 8.991196e-02 4.892937e-03 -5.671882e-02 1.235317e-02 6.873430e-01 7.423668e-02
1.389794e-02 4.513282e-01 1.927154e-02 1.199371e-01 6.080378e-03 -3.879911e-01 2.669257e-02 8.750192e-02 2.869396e-03 -2.994105e-02 1.207391e-02 6.042362e-01 1.773561e-02
1.745323e-02 5.345897e-01 2.679911e-02 1.377900e-01 8.574088e-03 -4.686799e-01 1.445228e-02 9.652064e-02 3.131625e-03 -5.549795e-02 9.774324e-03 6.962359e-01 2.772756e-02
2.165493e-02 5.797048e-01 5.947089e-02 1.538993e-01 1.513765e-02 -4.827100e-01 6.614598e-02 1.125070e-01 8.476366e-03 -6.094106e-02 1.175827e-02 7.496235e-01 6.562326e-02
8.080198e-03 4.699173e-01 2.162343e-02 1.408258e-01 1.413926e-03 -4.092321e-01 3.502973e-02 8.787455e-02 4.340192e-03 -5.525789e-02 5.637966e-03 5.425950e-01 4.667427e-02
8.403406e-03 4.772154e-01 4.321205e-02 1.324601e-01 8.544325e-03 -4.387857e-01 5.065598e-02 8.253428e-02 3.364194e-03 -5.742592e-02 9.155079e-03 5.856443e-01 6.236872e-02
9.373030e-03 4.458702e-01 3.241015e-02 1.125182e-01 1.216075e-02 -4.236881e-01 2.775315e-02 7.509904e-02 5.490750e-03 -4.172265e-02 9.689893e-03 6.040055e-01 2.722118e-02
1.098907e-02 4.329165e-01 1.887105e-02 1.114895e-01 8.654645e-03 -3.955436e-01 1.754869e-02 7.908663e-02 4.681529e-03 -3.201885e-02 4.053010e-03 5.832312e-01 2.248203e-02
1.325152e-02 5.475573e-01 3.900502e-02 1.609366e-01 1.252840e-02 -4.941939e-01 4.000800e-02 1.033753e-01 5.022082e-03 -7.463024e-02 1.071346e-02 7.144671e-01 5.740738e-02
1.616040e-02 5.125160e-01 2.699559e-02 1.395720e-01 6.396258e-03 -4.332032e-01 3.110643e-02 9.986701e-02 5.064286e-03 -5.060832e-02 6.235821e-03 6.462696e-01 3.961869e-02
1.971568e-02 4.909925e-01 2.539289e-02 1.265542e-01 5.927967e-03 -4.190189e-01 2.870697e-02 1.005207e-01 1.873353e-03 -3.702235e-02 7.243900e-03 6.846015e-01 3.649488e-02
2.391739e-02 4.974975e-01 1.671553e-02 1.366065e-01 9.557566e-03 -3.674863e-01 2.584417e-02 1.110489e-01 5.100591e-03 -4.448347e-02 1.054357e-02 6.207483e-01 4.318635e-02
1.098907e-02 4.718032e-01 3.614023e-02 1.335132e-01 5.399584e-03 -3.988093e-01 4.897546e-02 8.555813e-02 1.027943e-03 -4.649422e-02 7.198578e-03 5.620861e-01 6.714677e-02
1.131228e-02 5.047588e-01 2.755039e-02 1.390314e-01 5.564415e-03 -4.677421e-01 2.997050e-02 8.708878e-02 3.529385e-03 -5.976669e-02 6.527690e-03 6.684686e-01 3.007033e-02
1.228190e-02 4.964052e-01 2.481532e-02 1.373129e-01 1.038158e-02 -4.339748e-01 2.351560e-02 9.529791e-02 4.662478e-03 -4.408639e-02 9.072236e-03 6.191200e-01 3.393342e-02
1.389794e-02 4.530816e-01 1.218150e-02 1.178960e-01 8.424138e-03 -4.134840e-01 8.901888e-03 8.424690e-02 4.319824e-03 -4.446126e-02 4.121250e-03 6.174735e-01 1.619699e-02
1.616040e-02 5.501964e-01 7.547897e-02 1.549598e-01 1.975483e-02 -4.860271e-01 7.525373e-02 1.063459e-01 7.964872e-03 -7.335603e-02 1.824527e-02 7.036974e-01 7.714335e-02
1.906927e-02 4.322060e-01 3.705929e-02 1.280062e-01 6.974291e-03 -3.265284e-01 4.419294e-02 1.034285e-01 3.910078e-03 -2.764607e-02 1.063766e-02 5.660829e-01 4.987731e-02
2.262455e-02 5.295215e-01 2.534800e-02 1.434772e-01 1.109862e-02 -4.117338e-01 2.989852e-02 1.099761e-01 5.160359e-03 -5.799221e-02 1.005175e-02 6.536314e-01 4.596068e-02
2.682626e-02 5.332367e-01 1.853142e-02 1.463318e-01 7.507466e-03 -4.063629e-01 1.972062e-02 1.386720e-01 6.564158e-03 -5.549675e-02 1.307931e-02 7.073039e-01 1.466133e-02
1.454436e-02 5.157041e-01 3.257298e-02 1.360154e-01 7.721688e-03 -4.509743e-01 3.629647e-02 9.727218e-02 3.302814e-03 -4.230150e-02 1.002922e-02 6.723053e-01 4.309256e-02
1.486756e-02 4.519220e-01 2.230959e-02 1.285136e-01 1.298634e-02 -3.729749e-01 9.991214e-03 9.515801e-02 6.902594e-03 -3.597868e-02 1.045966e-02 5.791051e-01 1.564060e-02
1.583719e-02 5.172231e-01 2.946950e-02 1.314460e-01 8.191340e-03 -4.474678e-01 2.902672e-02 9.352575e-02 6.035302e-03 -4.282115e-02 7.719515e-03 6.750705e-01 3.587528e-02
1.745323e-02 4.891912e-01 3.051542e-02 1.388949e-01 9.289881e-03 -3.944436e-01 3.908650e-02 1.013260e-01 4.622590e-03 -4.584879e-02 1.091831e-02 6.128321e-01 4.476998e-02
1.971568e-02 4.544601e-01 2.796333e-02 1.153400e-01 5.853036e-03 -3.576313e-01 3.180153e-02 9.812105e-02 4.049988e-03 -2.504578e-02 8.183626e-03 5.902232e-01 3.719714e-02
2.262455e-02 5.587685e-01 2.261708e-02 1.526267e-01 1.099589e-02 -4.546844e-01 1.843365e-02 1.121397e-01 5.706069e-03 -6.990262e-02 1.032544e-02 7.345505e-01 1.997752e-02
2.617984e-02 5.108449e-01 2.737312e-02 1.385137e-01 1.210995e-02 -3.477233e-01 3.495998e-02 1.305608e-01 8.774126e-03 -3.381349e-02 1.552049e-02 6.203296e-01 4.077965e-02
3.038154e-02 5.548564e-01 2.935887e-02 1.491117e-01 7.298588e-03 -3.925142e-01 2.944037e-02 1.543035e-01 8.175693e-03 -4.577607e-02 1.222686e-02 7.651285e-01 4.142376e-02
1.874606e-02 5.132768e-01 3.497218e-02 1.383569e-01 1.123803e-02 -4.346931e-01 2.972519e-02 9.949161e-02 4.570725e-03 -5.429920e-02 9.406229e-03 6.944036e-01 4.575407e-02
1.906927e-02 4.860680e-01 2.090281e-02 1.297385e-01 1.111658e-02 -3.951029e-01 2.509667e-02 1.044339e-01 5.366739e-03 -3.829141e-02 8.765606e-03 6.244856e-01 3.771013e-02
2.003889e-02 5.237469e-01 2.381732e-02 1.435605e-01 4.683481e-03 -4.063786e-01 2.794891e-02 1.054231e-01 3.327216e-03 -5.416069e-02 3.856776e-03 6.267546e-01 3.188450e-02
2.165493e-02 5.329892e-01 2.784373e-02 1.410931e-01 1.422070e-02 -4.340057e-01 2.803525e-02 1.099070e-01 6.568226e-03 -4.987464e-02 1.777177e-02 7.217346e-01 3.622694e-02
2.391739e-02 5.363114e-01 3.886823e-02 1.416336e-01 1.239018e-02 -4.084267e-01 3.144045e-02 1.178442e-01 7.004669e-03 -3.804500e-02 1.136393e-02 7.251039e-01 2.718785e-02
2.682626e-02 5.221157e-01 3.465393e-02 1.473720e-01 1.309526e-02 -4.086259e-01 4.594596e-02 1.378338e-01 7.638409e-03 -5.784942e-02 1.318476e-02 7.286577e-01 7.108714e-02
3.038154e-02 5.667663e-01 2.784137e-02 1.489407e-01 7.183877e-03 -4.070412e-01 2.645200e-02 1.405432e-01 5.540124e-03 -6.742505e-02 6.626245e-03 7.381948e-01 3.808635e-02
3.458325e-02 5.085943e-01 3.246296e-02 1.272191e-01 1.024245e-02 -3.126869e-01 2.156987e-02 1.578376e-01 9.027814e-03 -4.579417e-02 1.088953e-02 7.193715e-01 2.274387e-02
5.171327e-03 4.982881e-01 6.079583e-02 1.437481e-01 2.072997e-02 -4.643158e-01 5.525010e-02 8.476710e-02 7.782519e-03 -6.311180e-02 2.120780e-02 6.032458e-01 4.354279e-02
5.494535e-03 4.495213e-01 6.417814e-02 1.223681e-01 1.399194e-02 -4.364076e-01 7.337334e-02 7.852989e-02 4.944139e-03 -4.442639e-02 1.708816e-02 6.093531e-01 7.857822e-02
6.464158e-03 4.933435e-01 3.650199e-02 1.219370e-01 1.221376e-02 -4.971535e-01 3.736482e-02 7.259415e-02 3.537261e-03 -5.170216e-02 1.364338e-02 6.913837e-01 4.121014e-02
8.080198e-03 4.691618e-01 1.630841e-02 1.353375e-01 8.467415e-03 -4.312654e-01 2.251973e-02 8.432915e-02 5.357261e-03 -5.727726e-02 3.262927e-03 5.905947e-01 3.393912e-02
1.034265e-02 4.278240e-01 3.708222e-02 1.133491e-01 1.378650e-02 -3.823015e-01 4.542525e-02 7.714999e-02 5.697344e-03 -3.655257e-02 1.361069e-02 5.577467e-01 5.921168e-02
1.325152e-02 5.187549e-01 3.835519e-02 1.431710e-01 1.447149e-02 -4.454482e-01 3.569328e-02 9.371458e-02 4.697806e-03 -5.785702e-02 1.181008e-02 6.134128e-01 3.561062e-02
1.680681e-02 4.978025e-01 5.140217e-02 1.366620e-01 1.497318e-02 -4.346923e-01 5.669887e-02 1.006376e-01 5.984500e-03 -5.078348e-02 1.507518e-02 6.770338e-01 6.393820e-02
2.100851e-02 5.580403e-01 4.399578e-02 1.523455e-01 1.365720e-02 -4.693654e-01 3.782588e-02 1.163882e-01 4.445418e-03 -6.683999e-02 1.323846e-02 7.051087e-01 3.679042e-02
5.494535e-03 5.113884e-01 6.989759e-02 1.492361e-01 1.831508e-02 -4.694866e-01 7.509088e-02 8.881981e-02 7.680878e-03 -6.669357e-02 1.671405e-02 6.008911e-01 8.378436e-02
5.817742e-03 4.274701e-01 2.218704e-02 1.250142e-01 8.782359e-03 -3.825435e-01 1.705215e-02 8.120383e-02 3.012316e-03 -4.072608e-02 6.898798e-03 5.209454e-01 2.285183e-02
6.787366e-03 4.232774e-01 4.265578e-02 1.116658e-01 9.558159e-03 -3.924136e-01 5.110088e-02 7.372674e-02 2.874461e-03 -3.457998e-02 1.104671e-02 5.407752e-01 6.100343e-02
8.403406e-03 4.350601e-01 2.920757e-02 1.205994e-01 6.004139e-03 -3.960234e-01 3.400024e-02 8.150411e-02 2.024973e-03 -3.748999e-02 7.188076e-03 5.696901e-01 4.152324e-02
1.066586e-02 5.194272e-01 4.796643e-02 1.408468e-01 1.449912e-02 -4.640398e-01 4.260795e-02 8.867964e-02 5.321767e-03 -5.861472e-02 1.503959e-02 6.284480e-01 3.318382e-02
1.357473e-02 5.209670e-01 4.929938e-02 1.425502e-01 1.310280e-02 -4.525119e-01 5.336566e-02 9.111474e-02 5.901181e-03 -6.177018e-02 1.159014e-02 6.388953e-01 5.312679e-02
1.713002e-02 5.706780e-01 4.487322e-02 1.458035e-01 1.028910e-02 -4.957879e-01 4.623395e-02 1.030627e-01 4.011320e-03 -6.343040e-02 1.091027e-02 7.203022e-01 4.613845e-02
2.133172e-02 5.136725e-01 3.551338e-02 1.438895e-01 8.446869e-03 -4.044980e-01 4.470995e-02 1.103640e-01 2.478803e-03 -5.150759e-02 9.521645e-03 6.446135e-01 6.683583e-02
6.464158e-03 4.256398e-01 2.110676e-02 1.334908e-01 7.065036e-03 -3.751688e-01 2.206949e-02 8.667113e-02 2.422286e-03 -4.966461e-02 8.158251e-03 5.082828e-01 2.191379e-02
6.787366e-03 5.040536e-01 3.103538e-02 1.341479e-01 1.228951e-02 -4.984517e-01 2.376715e-02 8.741955e-02 4.541619e-03 -4.613900e-02 1.017074e-02 7.132518e-01 1.991571e-02
7.756990e-03 4.241375e-01 4.249460e-03 1.161185e-01 4.963519e-03 -3.896301e-01 8.567756e-03 8.329732e-02 2.152926e-03 -2.852230e-02 5.105907e-03 5.639869e-01 1.589964e-02
9.373030e-03 4.412080e-01 2.580460e-02 1.135688e-01 8.569427e-03 -4.027673e-01 2.877004e-02 7.763146e-02 2.653842e-03 -3.219675e-02 1.202475e-02 5.888135e-01 3.982737e-02
1.163548e-02 4.919265e-01 4.937110e-02 1.292048e-01 1.178457e-02 -4.373797e-01 5.240303e-02 8.322296e-02 4.142743e-03 -5.203208e-02 1.132193e-02 6.100741e-01 5.941289e-02
1.454436e-02 5.022026e-01 2.886728e-02 1.391761e-01 1.114368e-02 -4.182437e-01 3.469727e-02 9.179528e-02 4.853234e-03 -5.115755e-02 8.535796e-03 5.969854e-01 4.492618e-02
1.809964e-02 5.258469e-01 2.635944e-02 1.482154e-01 1.422118e-02 -4.358690e-01 1.051543e-02 1.029317e-01 4.998823e-03 -6.024388e-02 1.258447e-02 6.764842e-01 2.129214e-02
2.230135e-02 5.225861e-01 3.263846e-02 1.524242e-01 1.389749e-02 -3.975605e-01 3.476154e-02 1.168237e-01 7.221808e-03 -6.033948e-02 1.154221e-02 6.253739e-01 2.463824e-02
8.080198e-03 4.958975e-01 4.496791e-02 1.314105e-01 1.127009e-02 -4.665749e-01 4.653644e-02 8.100223e-02 5.035124e-03 -5.584611e-02 9.772786e-03 6.366412e-01 6.093097e-02
8.403406e-03 4.192180e-01 2.900250e-02 1.245261e-01 7.697254e-03 -3.595392e-01 2.734677e-02 8.253914e-02 3.399653e-03 -4.077576e-02 9.371822e-03 5.001531e-01 2.872452e-02
9.373030e-03 4.360442e-01 3.723571e-02 1.196538e-01 1.146678e-02 -3.946399e-01 4.591127e-02 8.036892e-02 4.954504e-03 -3.822140e-02 1.145467e-02 5.771617e-01 5.509412e-02
1.098907e-02 5.186296e-01 3.915103e-02 1.460085e-01 9.615960e-03 -4.553347e-01 5.287698e-02 9.303808e-02 4.623004e-03 -5.184210e-02 1.300080e-02 6.335539e-01 5.790197e-02
1.325152e-02 4.758301e-01 2.624236e-02 1.336692e-01 9.858924e-03 -4.076757e-01 3.178146e-02 9.088472e-02 4.157934e-03 -4.868416e-02 8.512856e-03 5.872572e-01 4.512085e-02
1.616040e-02 5.035587e-01 3.566186e-02 1.319417e-01 9.070792e-03 -4.185100e-01 4.527695e-02 9.343049e-02 6.383411e-03 -4.250861e-02 1.006453e-02 6.145416e-01 5.505798e-02
1.971568e-02 5.584978e-01 2.887670e-02 1.518070e-01 4.718836e-03 -4.617361e-01 2.802506e-02 1.083344e-01 3.472227e-03 -6.798056e-02 1.136774e-02 6.807789e-01 1.607612e-02
2.391739e-02 5.757082e-01 3.407659e-02 1.633821e-01 1.084012e-02 -4.352935e-01 3.293434e-02 1.256822e-01 4.196883e-03 -7.058230e-02 1.102689e-02 6.794356e-01 4.549811e-02
1.034265e-02 5.414146e-01 5.585271e-02 1.481813e-01 1.019519e-02 -4.900878e-01 6.172883e-02 8.599360e-02 2.714577e-03 -7.088962e-02 7.789070e-03 6.554908e-01 7.614680e-02
1.066586e-02 5.307852e-01 3.098905e-02 1.392952e-01 6.881139e-03 -4.874650e-01 3.248836e-02 9.064311e-02 3.594995e-03 -5.358784e-02 5.449386e-03 6.697713e-01 4.320945e-02
1.163548e-02 4.752836e-01 3.781305e-02 1.199937e-01 9.677123e-03 -4.275725e-01 3.910044e-02 8.513235e-02 5.080969e-03 -2.860069e-02 5.952253e-03 6.431716e-01 5.269556e-02
1.325152e-02 4.812121e-01 3.756049e-02 1.302340e-01 1.002996e-02 -4.162170e-01 3.580549e-02 8.932973e-02 4.120208e-03 -4.492097e-02 7.978986e-03 6.141093e-01 3.577884e-02
1.551398e-02 4.988170e-01 4.010658e-02 1.325279e-01 5.239081e-03 -4.300309e-01 5.075563e-02 9.633941e-02 5.018526e-03 -4.321290e-02 7.871021e-03 6.295437e-01 5.415745e-02
1.842285e-02 5.486501e-01 3.533797e-02 1.451857e-01 1.161416e-02 -4.427588e-01 3.860078e-02 1.045653e-01 6.515988e-03 -5.289123e-02 1.446163e-02 6.442567e-01 3.018590e-02
2.197814e-02 6.030559e-01 3.113130e-02 1.739087e-01 7.948101e-03 -4.671577e-01 3.913087e-02 1.305177e-01 6.512423e-03 -8.089034e-02 1.499124e-02 6.822007e-01 3.815600e-02
2.617984e-02 5.720811e-01 4.668207e-02 1.728489e-01 1.383523e-02 -4.354412e-01 5.033270e-02 1.317884e-01 7.294862e-03 -8.455675e-02 1.109549e-02 7.349487e-01 5.413305e-02
1.325152e-02 4.832135e-01 3.800178e-02 1.417205e-01 8.925323e-03 -3.942120e-01 4.679660e-02 9.503040e-02 4.063888e-03 -4.649670e-02 1.063210e-02 5.599150e-01 6.271192e-02
1.357473e-02 5.513452e-01 2.545719e-02 1.472256e-01 1.202450e-02 -4.914677e-01 1.323006e-02 9.288854e-02 5.585022e-03 -6.443196e-02 1.118372e-02 6.794793e-01 2.411262e-02
1.454436e-02 4.770602e-01 4.464083e-02 1.205434e-01 4.527113e-03 -4.386584e-01 5.016337e-02 8.953159e-02 2.703588e-03 -3.918599e-02 8.001712e-03 6.763348e-01 4.923336e-02
1.616040e-02 5.053367e-01 2.666777e-02 1.322626e-01 8.516014e-03 -4.204596e-01 2.294221e-02 9.481378e-02 2.325662e-03 -3.875221e-02 9.680578e-03 6.374840e-01 2.265527e-02
1.842285e-02 4.871769e-01 2.544452e-02 1.329595e-01 7.747591e-03 -3.928999e-01 1.810287e-02 9.944151e-02 2.470376e-03 -4.014725e-02 7.747828e-03 6.354824e-01 1.785775e-02
2.133172e-02 5.029279e-01 8.956045e-03 1.419476e-01 8.495828e-03 -3.980648e-01 2.219121e-02 1.132169e-01 2.725210e-03 -5.228516e-02 8.066457e-03 6.378670e-01 3.985821e-02
2.488701e-02 5.546445e-01 1.908243e-02 1.530544e-01 7.185710e-03 -4.394041e-01 9.605468e-03 1.249924e-01 5.791658e-03 -7.172579e-02 8.764935e-03 7.415314e-01 2.414980e-02
2.908871e-02 5.897041e-01 2.708730e-02 1.829793e-01 1.183112e-02 -4.092429e-01 3.224160e-02 1.552761e-01 4.156658e-03 -8.292368e-02 2.006620e-02 7.477195e-01 2.453608e-02
1.680681e-02 5.588064e-01 3.986746e-02 1.485948e-01 2.006821e-02 -4.601379e-01 2.946775e-02 1.034626e-01 8.075846e-03 -4.844255e-02 1.752708e-02 6.764289e-01 3.926128e-02
1.713002e-02 5.128081e-01 2.082425e-02 1.348561e-01 6.634955e-03 -4.285964e-01 2.642908e-02 9.423714e-02 3.130130e-03 -5.324607e-02 7.449694e-03 6.437988e-01 4.092486e-02
1.809964e-02 5.969655e-01 4.372719e-02 1.653089e-01 1.120515e-02 -5.001278e-01 3.864139e-02 1.121512e-01 7.210692e-03 -7.184939e-02 9.167888e-03 7.000598e-01 3.258395e-02
1.971568e-02 5.528621e-01 3.459620e-02 1.566660e-01 1.446866e-02 -4.195866e-01 2.676823e-02 1.160196e-01 7.725090e-03 -5.202761e-02 9.505371e-03 6.297111e-01 3.791226e-02
2.197814e-02 5.197897e-01 1.995657e-02 1.447617e-01 1.240509e-02 -4.284768e-01 1.950693e-02 1.110715e-01 6.935853e-03 -6.706210e-02 9.648945e-03 7.023896e-01 1.100677e-02
2.488701e-02 5.428413e-01 1.844803e-02 1.421880e-01 1.124256e-02 -4.287730e-01 2.035496e-02 1.172482e-01 6.209881e-03 -5.711810e-02 7.154302e-03 6.907953e-01 2.433197e-02
2.844230e-02 5.317637e-01 1.468140e-02 1.509507e-01 9.037308e-03 -3.686770e-01 2.318288e-02 1.398045e-01 4.577002e-03 -5.382177e-02 1.550724e-02 6.632698e-01 5.516065e-02
3.264400e-02 5.305776e-01 3.004997e-02 1.541732e-01 1.659877e-02 -3.574694e-01 3.607355e-02 1.600380e-01 1.084265e-02 -6.234965e-02 1.134544e-02 7.308650e-01 2.645899e-02
2.100851e-02 5.770216e-01 2.211609e-02 1.612209e-01 9.064714e-03 -4.474197e-01 3.343802e-02 1.182832e-01 6.705665e-03 -6.446539e-02 1.170272e-02 6.632413e-01 4.264795e-02
2.133172e-02 5.372847e-01 3.638405e-02 1.487997e-01 5.887309e-03 -4.159035e-01 3.692672e-02 1.156168e-01 3.402747e-03 -5.164536e-02 8.804021e-03 6.314997e-01 3.257915e-02
2.230135e-02 5.670876e-01 4.558825e-02 1.465747e-01 9.827987e-03 -4.664359e-01 5.017760e-02 1.128575e-01 2.963204e-03 -5.987876e-02 7.637691e-03 7.640320e-01 7.233379e-02
2.391739e-02 5.635766e-01 2.703936e-02 1.526471e-01 1.057860e-02 -4.733271e-01 2.847927e-02 1.230126e-01 5.157665e-03 -7.197989e-02 1.069558e-02 7.454707e-01 3.015991e-02
2.617984e-02 6.157755e-01 2.717086e-02 1.703224e-01 1.189359e-02 -4.799883e-01 1.834828e-02 1.392611e-01 8.704842e-03 -8.202634e-02 1.295662e-02 7.393088e-01 1.429988e-02
2.908871e-02 5.615143e-01 3.110417e-02 1.627952e-01 1.115362e-02 -4.091021e-01 4.280251e-02 1.488440e-01 4.051202e-03 -7.146254e-02 1.438446e-02 6.907267e-01 6.085493e-02
3.264400e-02 5.478262e-01 2.311096e-02 1.392045e-01 8.375161e-03 -3.780601e-01 1.163576e-02 1.474480e-01 8.963726e-03 -6.403120e-02 8.935614e-03 7.320745e-01 3.853307e-03
3.684570e-02 5.591706e-01 2.415303e-02 1.684452e-01 8.957842e-03 -3.310887e-01 2.425936e-02 1.966330e-01 9.834515e-03 -8.318839e-02 1.012544e-02 7.320795e-01 3.552687e-02
8.080198e-03 4.745926e-01 3.024155e-02 1.308052e-01 5.283498e-03 -4.433807e-01 3.977311e-02 8.387569e-02 4.635744e-03 -4.862815e-02 5.156628e-03 6.188347e-01 4.697088e-02
8.403406e-03 4.492259e-01 2.922580e-02 1.207157e-01 9.478613e-03 -4.143966e-01 3.456702e-02 8.197885e-02 3.180568e-03 -3.859195e-02 1.184027e-02 5.818342e-01 3.544829e-02
9.373030e-03 4.033176e-01 4.085429e-02 1.093129e-01 9.900042e-03 -3.652030e-01 4.881914e-02 7.925161e-02 3.568167e-03 -3.051789e-02 8.839771e-03 5.314176e-01 6.152510e-02
1.098907e-02 5.900917e-01 4.688492e-02 1.677540e-01 1.433290e-02 -5.285874e-01 5.324424e-02 9.955070e-02 4.246958e-03 -7.339191e-02 1.553550e-02 7.277848e-01 6.581104e-02
1.325152e-02 5.108914e-01 2.992952e-02 1.356606e-01 1.162981e-02 -4.535145e-01 3.939491e-02 8.780524e-02 5.901977e-03 -5.612784e-02 1.140969e-02 6.456276e-01 4.386297e-02
1.616040e-02 5.678979e-01 2.136700e-02 1.558736e-01 9.822040e-03 -4.946509e-01 4.518163e-02 1.020017e-01 3.832079e-03 -6.746490e-02 8.299905e-03 7.188625e-01 7.758549e-02
1.971568e-02 5.869267e-01 2.390222e-02 1.523245e-01 8.337320e-03 -4.984930e-01 3.867391e-02 1.090034e-01 4.904666e-03 -6.100376e-02 1.008135e-02 7.378233e-01 4.968153e-02
2.391739e-02 4.643555e-01 1.258738e-02 1.265091e-01 6.584010e-03 -3.530277e-01 2.042885e-02 1.124987e-01 4.658786e-03 -4.461798e-02 7.912961e-03 6.629795e-01 3.470544e-02
8.403406e-03 4.543601e-01 3.147513e-02 1.251134e-01 1.095175e-02 -4.306723e-01 2.700344e-02 8.079259e-02 5.584138e-03 -4.898831e-02 6.293909e-03 6.102591e-01 3.043067e-02
8.726614e-03 4.545054e-01 1.504795e-02 1.208917e-01 5.602579e-03 -4.284826e-01 2.414707e-02 8.343049e-02 2.621545e-03 -4.076584e-02 4.362913e-03 6.121747e-01 4.213864e-02
9.696237e-03 4.922726e-01 4.598609e-02 1.440242e-01 1.381118e-02 -4.171704e-01 4.510878e-02 8.689917e-02 5.571554e-03 -5.551962e-02 1.161060e-02 5.555383e-01 5.058838e-02
1.131228e-02 5.307460e-01 3.575281e-02 1.484048e-01 1.090331e-02 -4.737242e-01 3.511432e-02 9.004291e-02 2.113467e-03 -6.629940e-02 1.228658e-02 6.445480e-01 5.026524e-02
1.357473e-02 4.290810e-01 3.263362e-02 1.065853e-01 6.201062e-03 -3.961833e-01 4.205271e-02 8.234772e-02 2.845006e-03 -3.119381e-02 7.325603e-03 6.077010e-01 5.906372e-02
1.648360e-02 5.548907e-01 2.806449e-02 1.543769e-01 1.427368e-02 -4.562990e-01 2.012820e-02 1.037039e-01 8.869875e-03 -6.863760e-02 5.071876e-03 6.338426e-01 3.042422e-02
2.003889e-02 5.030578e-01 1.752806e-02 1.423018e-01 5.001606e-03 -4.155251e-01 2.607581e-02 1.058888e-01 2.977311e-03 -5.776283e-02 3.806864e-03 6.680862e-01 4.651379e-02
2.424059e-02 5.537604e-01 6.090486e-02 1.639548e-01 2.014161e-02 -4.187220e-01 4.566658e-02 1.247100e-01 8.550425e-03 -6.513752e-02 1.398933e-02 6.801489e-01 3.901162e-02
9.373030e-03 4.899768e-01 2.242120e-02 1.356367e-01 4.590138e-03 -4.409530e-01 2.631218e-02 8.739096e-02 3.392759e-03 -5.338604e-02 4.897896e-03 6.038821e-01 3.116570e-02
9.696237e-03 5.305097e-01 3.299310e-02 1.488343e-01 1.288554e-02 -4.828686e-01 2.988697e-02 9.043578e-02 5.488391e-03 -6.296785e-02 9.886673e-03 6.579829e-01 2.989296e-02
1.066586e-02 5.156811e-01 1.118620e-02 1.420345e-01 4.690081e-03 -4.613580e-01 1.846589e-02 8.782323e-02 2.301068e-03 -5.776078e-02 5.733393e-03 6.362507e-01 3.024290e-02
1.228190e-02 4.659147e-01 9.407426e-03 1.254553e-01 5.768171e-03 -4.214518e-01 1.035315e-02 8.464784e-02 2.134384e-03 -4.868355e-02 6.881472e-03 6.028047e-01 1.835594e-02
1.454436e-02 5.044711e-01 5.753855e-02 1.354943e-01 1.372411e-02 -4.611791e-01 6.310834e-02 9.182777e-02 3.368188e-03 -5.879566e-02 1.585931e-02 6.589568e-01 5.927916e-02
1.745323e-02 4.876183e-01 3.674873e-02 1.422864e-01 1.087176e-02 -3.986043e-01 3.399526e-02 9.992906e-02 3.974261e-03 -5.893673e-02 1.052463e-02 5.981282e-01 3.395736e-02
2.100851e-02 4.967835e-01 1.186816e-02 1.482476e-01 5.797509e-03 -3.849608e-01 1.624104e-02 1.143147e-01 4.414918e-03 -5.430107e-02 8.056631e-03 6.060894e-01 2.160835e-02
2.521022e-02 5.763705e-01 3.011873e-02 1.709053e-01 1.265376e-02 -4.150984e-01 2.221261e-02 1.362357e-01 5.347965e-03 -7.584334e-02 1.800539e-02 6.504163e-01 2.085166e-02
1.098907e-02 4.521250e-01 3.694308e-02 1.315241e-01 1.076161e-02 -3.942665e-01 4.083456e-02 8.366063e-02 4.122523e-03 -5.167004e-02 1.198274e-02 5.524834e-01 4.415469e-02
1.131228e-02 4.708553e-01 2.368767e-02 1.354252e-01 8.730328e-03 -4.053744e-01 3.088926e-02 8.574003e-02 3.720995e-03 -5.581920e-02 9.533609e-03 5.560102e-01 3.727691e-02
1.228190e-02 4.731422e-01 3.240411e-02 1.246929e-01 7.347795e-03 -4.237723e-01 3.587200e-02 9.027830e-02 3.616943e-03 -3.769917e-02 6.225845e-03 6.171183e-01 4.824877e-02
1.389794e-02 5.061974e-01 4.156293e-02 1.310676e-01 1.123527e-02 -4.411065e-01 4.538337e-02 9.264070e-02 4.174587e-03 -3.908528e-02 1.037914e-02 6.512217e-01 5.631936e-02
1.616040e-02 5.311425e-01 3.113251e-02 1.426435e-01 1.081714e-02 -4.532825e-01 3.262466e-02 1.021528e-01 3.886963e-03 -4.571176e-02 1.321240e-02 6.789701e-01 3.883902e-02
1.906927e-02 4.934729e-01 4.508754e-02 1.351912e-01 1.319630e-02 -3.924430e-01 4.074041e-02 9.767748e-02 4.092962e-03 -6.080366e-02 1.358290e-02 5.971847e-01 3.900530e-02
2.262455e-02 5.134024e-01 3.932693e-02 1.312353e-01 1.128550e-02 -4.397401e-01 4.143010e-02 1.118407e-01 5.838355e-03 -5.153893e-02 1.132168e-02 7.128039e-01 4.715468e-02
2.682626e-02 5.272451e-01 2.509722e-02 1.512388e-01 7.731062e-03 -3.817895e-01 2.657716e-02 1.355731e-01 5.502441e-03 -5.474878e-02 9.997754e-03 6.995711e-01 3.471197e-02
1.325152e-02 4.840851e-01 1.263042e-02 1.274224e-01 5.872026e-03 -4.335673e-01 1.021326e-02 8.811603e-02 2.403418e-03 -4.655459e-02 3.208717e-03 6.352993e-01 1.905060e-02
1.357473e-02 5.137201e-01 2.227108e-02 1.428106e-01 8.360403e-04 -4.291544e-01 2.854472e-02 9.291423e-02 2.158683e-03 -5.839879e-02 2.177210e-03 5.799158e-01 3.368655e-02
1.454436e-02 5.558876e-01 5.014593e-02 1.466880e-01 1.259282e-02 -4.947707e-01 5.538080e-02 9.559797e-02 6.270378e-03 -6.343980e-02 8.121935e-03 6.914658e-01 7.190678e-02
1.616040e-02 5.178930e-01 2.723460e-02 1.401638e-01 7.776767e-03 -4.295048e-01 2.806139e-02 1.006251e-01 4.601411e-03 -4.481431e-02 6.750807e-03 6.469470e-01 3.082383e-02
1.842285e-02 4.950082e-01 4.103392e-02 1.351475e-01 1.110008e-02 -3.923656e-01 3.156504e-02 1.030528e-01 2.043443e-03 -4.079895e-02 7.843517e-03 6.030895e-01 4.010847e-02
2.133172e-02 5.858527e-01 2.601513e-02 1.659392e-01 1.065788e-02 -4.731179e-01 1.910414e-02 1.134733e-01 5.693359e-03 -8.486279e-02 7.240813e-03 7.153785e-01 1.905661e-02
2.488701e-02 5.697344e-01 2.851900e-02 1.630721e-01 1.083632e-02 -4.426765e-01 2.883662e-02 1.220040e-01 5.735921e-03 -8.240474e-02 1.227451e-02 7.259878e-01 3.405396e-02
2.908871e-02 5.650972e-01 1.544126e-02 1.609873e-01 3.910180e-03 -4.067822e-01 3.330215e-02 1.416299e-01 5.824554e-03 -6.814739e-02 4.595776e-03 7.327325e-01 3.976268e-02
1.616040e-02 4.948129e-01 3.670597e-02 1.367847e-01 6.642056e-03 -4.154351e-01 4.209959e-02 9.737631e-02 2.998491e-03 -4.866877e-02 7.044792e-03 6.224635e-01 5.864623e-02
1.648360e-02 4.721339e-01 2.931865e-02 1.253002e-01 7.056984e-03 -3.692377e-01 2.405409e-02 9.260738e-02 9.355366e-04 -3.409356e-02 7.318946e-03 5.637949e-01 1.967853e-02
1.745323e-02 5.042315e-01 3.433263e-02 1.380003e-01 4.692169e-03 -4.237320e-01 4.358444e-02 1.001948e-01 4.508230e-03 -5.006651e-02 9.612065e-03 6.581806e-01 4.716492e-02
1.906927e-02 5.064957e-01 3.688993e-02 1.296301e-01 9.454793e-03 -4.498364e-01 3.677179e-02 9.855915e-02 4.230594e-03 -5.036976e-02 6.728145e-03 7.035037e-01 3.957281e-02
2.133172e-02 5.302108e-01 2.625899e-02 1.450382e-01 1.609205e-02 -4.351532e-01 2.024762e-02 1.088739e-01 6.774894e-03 -6.147646e-02 1.529847e-02 6.980181e-01 2.671720e-02
2.424059e-02 5.231312e-01 2.743915e-02 1.326794e-01 3.873963e-03 -4.317437e-01 3.835601e-02 1.154676e-01 2.807004e-03 -4.764215e-02 4.049344e-03 7.028132e-01 5.854299e-02
2.779588e-02 5.838319e-01 2.205124e-02 1.623766e-01 6.210887e-03 -4.648506e-01 2.542504e-02 1.374090e-01 4.351251e-03 -7.770615e-02 6.747183e-03 8.156564e-01 5.257790e-02
3.199758e-02 5.488407e-01 2.377025e-02 1.438929e-01 1.051651e-02 -4.164019e-01 1.920469e-02 1.556400e-01 8.510561e-03 -6.752377e-02 6.920096e-03 8.089102e-01 2.818033e-02
1.971568e-02 5.609729e-01 3.290138e-02 1.494693e-01 8.140490e-03 -4.596776e-01 2.617161e-02 1.037089e-01 4.552320e-03 -6.679810e-02 5.365654e-03 6.891554e-01 3.276888e-02
2.003889e-02 5.420574e-01 3.542482e-02 1.488333e-01 7.867663e-03 -4.413507e-01 4.701378e-02 1.067514e-01 3.600422e-03 -5.652814e-02 9.958398e-03 6.845853e-01 6.998177e-02
2.100851e-02 5.628188e-01 1.346438e-02 1.753349e-01 7.404569e-03 -4.152647e-01 2.046601e-02 1.220296e-01 5.251569e-03 -6.964031e-02 4.730614e-03 6.113916e-01 3.073677e-02
2.262455e-02 5.122620e-01 3.272604e-02 1.357614e-01 5.974419e-03 -4.082650e-01 3.970483e-02 1.068235e-01 5.964055e-03 -5.682985e-02 8.736040e-03 6.827934e-01 4.555908e-02
2.488701e-02 4.868748e-01 2.678576e-02 1.350563e-01 7.828731e-03 -3.680243e-01 4.137860e-02 1.222598e-01 4.749472e-03 -4.948672e-02 1.142050e-02 6.719511e-01 5.550078e-02
2.779588e-02 5.028678e-01 7.630588e-03 1.360297e-01 8.066618e-03 -3.750734e-01 1.001723e-02 1.324630e-01 4.520723e-03 -5.179575e-02 5.048898e-03 7.015478e-01 2.362463e-02
3.135117e-02 5.827531e-01 1.113130e-02 1.651491e-01 1.133422e-02 -4.018327e-01 1.192441e-02 1.648640e-01 8.797985e-03 -6.886488e-02 8.386811e-03 7.909669e-01 1.955841e-02
3.555287e-02 4.980305e-01 2.772305e-02 1.269251e-01 9.125469e-03 -3.424277e-01 2.979982e-02 1.579858e-01 1.159382e-02 -5.745950e-02 1.423465e-02 7.941724e-01 4.318241e-02
2.391739e-02 5.218437e-01 3.417762e-02 1.560661e-01 9.846189e-03 -3.700466e-01 3.535908e-02 1.239551e-01 4.647654e-03 -6.716798e-02 1.347677e-02 6.309842e-01 4.747138e-02
2.424059e-02 5.374562e-01 2.684636e-02 1.372338e-01 8.031412e-03 -4.299004e-01 2.871337e-02 1.184641e-01 3.635040e-03 -5.399565e-02 7.490413e-03 6.889555e-01 2.562813e-02
2.521022e-02 5.759725e-01 5.309333e-02 1.667231e-01 2.177490e-02 -4.244103e-01 3.164401e-02 1.371130e-01 9.150406e-03 -5.743123e-02 1.375103e-02 7.073321e-01 2.042026e-02
2.682626e-02 5.612114e-01 2.069082e-02 1.567981e-01 9.886027e-03 -4.436357e-01 2.464132e-02 1.384348e-01 5.238306e-03 -6.763188e-02 1.353986e-02 7.764036e-01 3.265234e-02
2.908871e-02 5.469975e-01 2.745119e-02 1.643307e-01 1.257470e-02 -3.809353e-01 3.517806e-02 1.495685e-01 6.632017e-03 -6.455835e-02 7.211140e-03 6.777731e-01 4.780544e-02
3.199758e-02 5.888466e-01 2.564932e-02 1.547819e-01 1.239580e-02 -4.119730e-01 4.435072e-02 1.529500e-01 6.640338e-03 -6.617462e-02 1.313325e-02 7.635555e-01 6.904448e-02
3.555287e-02 5.925258e-01 2.214127e-02 1.495581e-01 6.057402e-03 -4.081694e-01 1.778334e-02 1.727649e-01 5.677164e-03 -9.517248e-02 1.332952e-02 8.040783e-01 5.036691e-02
3.975457e-02 5.973553e-01 3.572804e-02 1.590010e-01 1.557491e-02 -3.655524e-01 2.323815e-02 2.115661e-01 1.129952e-02 -1.119993e-01 1.381406e-02 8.423294e-01 2.802852e-02
1.163548e-02 5.081536e-01 3.461520e-02 1.317194e-01 4.739726e-03 -4.543784e-01 4.625367e-02 8.840097e-02 3.123435e-03 -4.234902e-02 9.885851e-03 6.530240e-01 4.741172e-02
1.195869e-02 4.905086e-01 4.973827e-02 1.382293e-01 1.075747e-02 -4.273181e-01 5.291762e-02 9.058661e-02 3.127694e-03 -5.178813e-02 1.235208e-02 5.955578e-01 5.630408e-02
1.292832e-02 5.138943e-01 4.526630e-02 1.464622e-01 8.541382e-03 -4.556109e-01 5.032684e-02 9.457486e-02 5.465356e-03 -6.554368e-02 1.132757e-02 6.463303e-01 5.117021e-02
1.454436e-02 4.876671e-01 2.323196e-02 1.306107e-01 6.975135e-03 -4.264939e-01 1.141971e-02 8.603485e-02 3.169355e-03 -5.280253e-02 4.205390e-03 6.260211e-01 2.173847e-02
1.680681e-02 5.659396e-01 4.091739e-02 1.526443e-01 8.671340e-03 -4.775176e-01 2.944584e-02 1.007682e-01 2.207230e-03 -6.670849e-02 7.059319e-03 6.836555e-01 2.680479e-02
1.971568e-02 5.113789e-01 2.968562e-02 1.319380e-01 1.226636e-02 -4.365920e-01 3.606264e-02 9.973303e-02 5.164450e-03 -4.381742e-02 1.299789e-02 7.219948e-01 4.862372e-02
2.327097e-02 5.277173e-01 3.768237e-02 1.529038e-01 1.410267e-02 -4.145244e-01 3.155520e-02 1.199063e-01 7.944283e-03 -6.230401e-02 1.325301e-02 7.028647e-01 2.104370e-02
2.747267e-02 5.162430e-01 1.503576e-02 1.378572e-01 5.933290e-03 -3.813297e-01 2.838924e-02 1.334096e-01 5.836684e-03 -4.862745e-02 1.690128e-03 6.892719e-01 5.081482e-02
1.195869e-02 5.519830e-01 2.471454e-02 1.546671e-01 8.626183e-03 -4.805990e-01 2.304767e-02 9.768510e-02 4.160628e-03 -6.458754e-02 9.757467e-03 6.484034e-01 2.602182e-02
1.228190e-02 5.216852e-01 3.829675e-02 1.400571e-01 8.603067e-03 -4.610923e-01 4.019916e-02 9.089915e-02 4.023267e-03 -5.436863e-02 1.366966e-02 6.422691e-01 3.443850e-02
1.325152e-02 5.422151e-01 5.839167e-02 1.575855e-01 1.339925e-02 -4.615541e-01 6.308255e-02 9.979859e-02 2.610539e-03 -6.493849e-02 1.540316e-02 6.441591e-01 7.773160e-02
1.486756e-02 4.916862e-01 3.720627e-02 1.295058e-01 1.287904e-02 -4.310986e-01 3.388927e-02 9.322916e-02 2.192087e-03 -4.424568e-02 1.366910e-02 6.469369e-01 3.586252e-02
1.713002e-02 5.286507e-01 5.710989e-02 1.445580e-01 1.656720e-02 -4.501381e-01 5.977424e-02 1.006946e-01 7.373292e-03 -6.244902e-02 1.549163e-02 6.534120e-01 6.954853e-02
2.003889e-02 5.629229e-01 3.098236e-02 1.514136e-01 1.241439e-02 -4.624688e-01 4.065381e-02 1.069230e-01 5.991930e-03 -5.986587e-02 9.271746e-03 6.997981e-01 6.209167e-02
2.359418e-02 5.601752e-01 4.267238e-02 1.643570e-01 1.459305e-02 -4.256623e-01 4.900353e-02 1.244167e-01 6.986048e-03 -6.747624e-02 1.405433e-02 6.950878e-01 4.794958e-02
2.779588e-02 6.080782e-01 1.789951e-02 1.696666e-01 1.503199e-02 -4.589695e-01 2.436793e-02 1.510213e-01 1.265572e-02 -7.656142e-02 1.066457e-02 7.561468e-01 4.487585e-02
1.292832e-02 5.168848e-01 4.242908e-02 1.314268e-01 7.235129e-03 -4.519701e-01 5.647547e-02 8.974062e-02 3.263790e-03 -4.465151e-02 1.465797e-02 6.267700e-01 6.339687e-02
1.325152e-02 4.714301e-01 3.400511e-02 1.355114e-01 7.231163e-03 -3.902849e-01 3.578306e-02 9.268610e-02 3.080766e-03 -4.596761e-02 5.179832e-03 5.519985e-01 4.574175e-02
1.422115e-02 4.913178e-01 1.914158e-02 1.307050e-01 6.289739e-03 -4.435077e-01 1.726353e-02 8.882044e-02 2.223728e-03 -5.194421e-02 9.006289e-03 6.557489e-01 2.420329e-02
1.583719e-02 5.162920e-01 4.004236e-02 1.356205e-01 1.358017e-02 -4.464584e-01 4.182337e-02 9.418945e-02 6.061423e-03 -5.455828e-02 1.055193e-02 6.407721e-01 5.713959e-02
1.809964e-02 4.702481e-01 3.086410e-02 1.247315e-01 1.079431e-02 -4.006785e-01 3.207736e-02 9.560423e-02 5.609700e-03 -4.452889e-02 8.730576e-03 6.353559e-01 4.876626e-02
2.100851e-02 5.658221e-01 3.651639e-02 1.749716e-01 1.207046e-02 -4.421012e-01 3.549425e-02 1.208343e-01 3.171375e-03 -7.074836e-02 1.535632e-02 6.966957e-01 3.729702e-02
2.456380e-02 5.082327e-01 1.918528e-02 1.540597e-01 1.042733e-02 -3.901764e-01 1.821815e-02 1.295476e-01 6.207335e-03 -6.589670e-02 1.013335e-02 6.619471e-01 3.173698e-02
2.876550e-02 5.507531e-01 2.489224e-02 1.418574e-01 9.102106e-03 -4.479563e-01 2.883226e-02 1.330966e-01 2.968015e-03 -7.371663e-02 1.568483e-02 7.809053e-01 2.156185e-02
1.454436e-02 5.133739e-01 3.492518e-02 1.424622e-01 1.281743e-02 -4.395979e-01 3.639271e-02 9.709038e-02 7.252326e-03 -5.036302e-02 1.237335e-02 6.497000e-01 3.818342e-02
1.486756e-02 4.689905e-01 4.697423e-02 1.260741e-01 8.857520e-03 -4.129533e-01 4.623004e-02 9.088643e-02 3.868292e-03 -4.351650e-02 1.188752e-02 6.284740e-01 4.427397e-02
1.583719e-02 5.814239e-01 2.890627e-02 1.666003e-01 1.029525e-02 -4.826453e-01 2.804610e-02 1.038805e-01 6.919085e-03 -7.871027e-02 7.679973e-03 6.601438e-01 2.802065e-02
1.745323e-02 5.159701e-01 1.981077e-02 1.413446e-01 5.050197e-03 -4.223910e-01 2.578145e-02 1.001132e-01 2.829333e-03 -5.161436e-02 4.284618e-03 6.403176e-01 3.613856e-02
1.971568e-02 5.100884e-01 3.410703e-02 1.386277e-01 1.306324e-02 -4.226245e-01 3.943214e-02 1.070244e-01 4.026826e-03 -6.016328e-02 1.161097e-02 6.548083e-01 5.754833e-02
2.262455e-02 5.168019e-01 2.236964e-02 1.331280e-01 9.038370e-03 -4.198770e-01 2.778441e-02 1.116930e-01 7.417265e-03 -4.821912e-02 6.800170e-03 6.977284e-01 2.894661e-02
2.617984e-02 6.109003e-01 2.921685e-02 1.689183e-01 1.464338e-02 -4.744863e-01 1.852184e-02 1.397731e-01 5.608822e-03 -7.393509e-02 1.030882e-02 7.569269e-01 2.630342e-02
3.038154e-02 4.991812e-01 2.152247e-02 1.466732e-01 8.740077e-03 -3.230070e-01 2.057101e-02 1.423514e-01 5.678438e-03 -4.680734e-02 8.752394e-03 6.938509e-01 6.394541e-02
1.680681e-02 4.779666e-01 4.532433e-02 1.373160e-01 1.536646e-02 -4.068256e-01 4.100495e-02 9.932942e-02 5.923098e-03 -5.329441e-02 1.730473e-02 6.376043e-01 4.047421e-02
1.713002e-02 5.502891e-01 3.415707e-02 1.490116e-01 1.398308e-02 -4.547651e-01 1.847653e-02 9.814728e-02 3.840947e-03 -5.864923e-02 9.036903e-03 6.669486e-01 2.338068e-02
1.809964e-02 5.298805e-01 2.072197e-02 1.375279e-01 1.176240e-02 -4.686855e-01 1.482742e-02 1.008257e-01 5.868222e-03 -5.570583e-02 1.037806e-02 7.114854e-01 2.823284e-02
1.971568e-02 5.242402e-01 3.082771e-02 1.348214e-01 8.175722e-03 -4.234431e-01 3.586177e-02 1.023709e-01 4.498891e-03 -5.119628e-02 8.599668e-03 6.531757e-01 4.592264e-02
2.197814e-02 5.443875e-01 3.844581e-02 1.718406e-01 1.553885e-02 -4.264558e-01 3.911943e-02 1.262581e-01 7.210588e-03 -7.697754e-02 1.479115e-02 6.781044e-01 4.626099e-02
2.488701e-02 5.346558e-01 1.746284e-02 1.534675e-01 7.531979e-03 -3.959395e-01 2.669093e-02 1.271516e-01 4.623367e-03 -5.474322e-02 1.533276e-02 6.832666e-01 2.786343e-02
2.844230e-02 5.931138e-01 2.675987e-02 1.661214e-01 9.582393e-03 -4.714780e-01 2.550146e-02 1.400901e-01 3.629831e-03 -8.566635e-02 1.315122e-02 8.063251e-01 3.928386e-02
3.264400e-02 5.780439e-01 3.760291e-02 1.459176e-01 1.392786e-02 -3.811446e-01 3.746465e-02 1.556097e-01 5.864756e-03 -5.676551e-02 1.223463e-02 7.753347e-01 5.302731e-02
1.971568e-02 5.413529e-01 3.662410e-02 1.423182e-01 1.006856e-02 -4.960494e-01 3.929199e-02 1.071655e-01 4.363844e-03 -6.691262e-02 1.346450e-02 7.710746e-01 4.151531e-02
2.003889e-02 4.923420e-01 2.307084e-02 1.326921e-01 1.668565e-02 -3.825497e-01 3.173826e-02 1.039756e-01 1.086207e-02 -4.558974e-02 1.190275e-02 6.012206e-01 3.659177e-02
2.100851e-02 5.502161e-01 3.679422e-02 1.620592e-01 1.131021e-02 -4.383426e-01 2.686759e-02 1.165972e-01 4.263558e-03 -7.410357e-02 3.483357e-03 6.659984e-01 4.473847e-02
2.262455e-02 4.996422e-01 1.323028e-02 1.437041e-01 6.594179e-03 -4.056732e-01 1.855287e-02 1.166501e-01 4.049387e-03 -6.201254e-02 4.519247e-03 6.531827e-01 1.996967e-02
2.488701e-02 4.880678e-01 2.317622e-02 1.288426e-01 1.145780e-02 -3.862835e-01 2.222677e-02 1.178750e-01 3.039313e-03 -5.410669e-02 9.433450e-03 6.584958e-01 3.458643e-02
2.779588e-02 5.507361e-01 3.735907e-02 1.469966e-01 1.682991e-02 -4.381706e-01 4.653260e-02 1.363572e-01 1.063037e-02 -5.640557e-02 1.664089e-02 7.669478e-01 7.444275e-02
3.135117e-02 5.006900e-01 1.981344e-02 1.358993e-01 7.839515e-03 -3.160067e-01 1.378516e-02 1.496196e-01 6.705905e-03 -3.128950e-02 1.182553e-02 6.669685e-01 2.546021e-02
3.555287e-02 5.358738e-01 3.302051e-02 1.411492e-01 1.712637e-02 -3.251659e-01 3.209935e-02 1.634526e-01 1.007251e-02 -5.039851e-02 1.747055e-02 7.599547e-01 2.502583e-02
2.327097e-02 5.346971e-01 3.179050e-02 1.605625e-01 6.362103e-03 -4.109010e-01 3.359260e-02 1.187283e-01 7.634633e-03 -6.527967e-02 7.873899e-03 6.810544e-01 4.473511e-02
2.359418e-02 5.262197e-01 4.111424e-02 1.401205e-01 1.493799e-02 -4.239852e-01 3.969975e-02 1.127689e-01 3.859840e-03 -6.103053e-02 1.119264e-02 6.925306e-01 5.458812e-02
2.456380e-02 5.004798e-01 2.613375e-02 1.454743e-01 5.995139e-03 -3.852479e-01 3.228138e-02 1.200961e-01 3.069917e-03 -6.646175e-02 7.116297e-03 6.739068e-01 3.177387e-02
2.617984e-02 5.154518e-01 2.513750e-02 1.441687e-01 8.909419e-03 -3.812884e-01 2.898187e-02 1.306293e-01 7.125846e-03 -4.908055e-02 1.272715e-02 7.094231e-01 2.546993e-02
2.844230e-02 5.313248e-01 2.091010e-02 1.413348e-01 8.066942e-03 -4.039396e-01 2.441263e-02 1.294135e-01 4.866589e-03 -5.853158e-02 8.329071e-03 7.557494e-01 3.978222e-02
3.135117e-02 5.193309e-01 1.983979e-02 1.486732e-01 9.083762e-03 -3.887530e-01 1.110173e-02 1.487658e-01 6.468157e-03 -8.021182e-02 5.001842e-03 7.282995e-01 1.106674e-02
3.490645e-02 6.261305e-01 3.720481e-02 1.787168e-01 1.256288e-02 -4.012526e-01 1.359321e-02 1.768718e-01 7.749427e-03 -9.922075e-02 9.704112e-03 7.573024e-01 2.774975e-02
3.910816e-02 5.783935e-01 4.495594e-02 1.621161e-01 2.288842e-02 -2.999722e-01 4.031991e-02 2.098220e-01 1.695468e-02 -6.908849e-02 1.570181e-02 8.076353e-01 4.163695e-02
2.747267e-02 5.557930e-01 2.476316e-02 1.657312e-01 9.984514e-03 -4.129494e-01 2.474015e-02 1.460070e-01 4.288561e-03 -6.132015e-02 1.435613e-02 7.743816e-01 3.179449e-02
2.779588e-02 5.687248e-01 1.516679e-02 1.410118e-01 8.430849e-03 -4.213847e-01 1.569794e-02 1.313325e-01 8.574321e-03 -5.344963e-02 5.216520e-03 7.119869e-01 2.200563e-02
2.876550e-02 5.503856e-01 6.409672e-02 1.543700e-01 1.955951e-02 -4.154171e-01 5.528206e-02 1.471274e-01 7.747386e-03 -6.197530e-02 1.960664e-02 7.206318e-01 4.306122e-02
3.038154e-02 6.185765e-01 3.640069e-02 1.669660e-01 9.369711e-03 -4.559810e-01 3.314839e-02 1.593182e-01 6.212631e-03 -8.469994e-02 1.768091e-02 8.161227e-01 1.493288e-02
3.264400e-02 5.466983e-01 2.583727e-02 1.547733e-01 1.102159e-02 -3.519688e-01 1.625195e-02 1.667973e-01 4.218105e-03 -6.879759e-02 1.175766e-02 7.226141e-01 2.498831e-02
3.555287e-02 5.627722e-01 3.342407e-02 1.652938e-01 9.814013e-03 -3.587408e-01 4.486118e-02 1.799708e-01 7.797244e-03 -7.117238e-02 8.495847e-03 7.842471e-01 4.234417e-02
3.910816e-02 5.873712e-01 8.111753e-03 1.516924e-01 8.581136e-03 -3.459381e-01 1.599066e-02 2.145860e-01 9.211591e-03 -9.082051e-02 1.447547e-02 7.647513e-01 2.640768e-02
4.330986e-02 5.620941e-01 3.851110e-02 1.419097e-01 1.571064e-02 -2.873770e-01 2.001384e-02 2.407903e-01 9.731225e-03 -8.994052e-02 1.408644e-02 8.814039e-01 2.780989e-02
1.583719e-02 5.482035e-01 3.974809e-02 1.517643e-01 9.796246e-03 -4.758594e-01 3.841456e-02 1.091263e-01 5.323487e-03 -4.730178e-02 9.352590e-03 7.099773e-01 4.184779e-02
1.616040e-02 5.380146e-01 4.617205e-02 1.491994e-01 1.067984e-02 -4.412222e-01 5.499793e-02 1.037717e-01 2.951281e-03 -5.773906e-02 1.452367e-02 6.402075e-01 6.775910e-02
1.713002e-02 5.236005e-01 2.822651e-02 1.392712e-01 1.033312e-02 -4.327276e-01 2.822450e-02 9.900006e-02 2.506548e-03 -4.885014e-02 8.140059e-03 6.410911e-01 4.213007e-02
1.874606e-02 4.793197e-01 3.702682e-02 1.264166e-01 1.297724e-02 -3.652603e-01 3.053208e-02 9.664126e-02 5.067402e-03 -3.772183e-02 1.060251e-02 5.630492e-01 2.904758e-02
2.100851e-02 5.317264e-01 1.795092e-02 1.450814e-01 7.837404e-03 -4.133625e-01 3.373028e-02 1.095143e-01 8.619463e-03 -4.409278e-02 6.072530e-03 6.534345e-01 5.157451e-02
2.391739e-02 5.663385e-01 2.311290e-02 1.525059e-01 8.027700e-03 -4.395174e-01 1.098111e-02 1.199107e-01 4.763938e-03 -5.955787e-02 5.288178e-03 7.036354e-01 1.803250e-02
2.747267e-02 5.514093e-01 2.705776e-02 1.636745e-01 1.127293e-02 -3.984220e-01 3.760988e-02 1.485139e-01 6.109923e-03 -5.457497e-02 1.293444e-02 6.593639e-01 5.341303e-02
3.167438e-02 5.269335e-01 3.476550e-02 1.436227e-01 1.210068e-02 -3.705963e-01 3.115799e-02 1.488284e-01 7.252120e-03 -6.433731e-02 1.288336e-02 7.488835e-01 5.293999e-02
1.616040e-02 4.856883e-01 2.739583e-02 1.311972e-01 8.851930e-03 -4.030710e-01 3.496117e-02 9.537791e-02 4.748854e-03 -4.348005e-02 9.991153e-03 6.139969e-01 4.399965e-02
1.648360e-02 5.461159e-01 3.278911e-02 1.524075e-01 6.308405e-03 -4.468143e-01 3.503105e-02 9.946578e-02 4.040237e-03 -6.368241e-02 6.873719e-03 6.239123e-01 4.106919e-02
1.745323e-02 4.858715e-01 2.223052e-02 1.412078e-01 6.961503e-03 -4.021092e-01 2.922022e-02 1.034786e-01 3.497272e-03 -4.941014e-02 9.346689e-03 6.093591e-01 2.663578e-02
1.906927e-02 4.775434e-01 2.183197e-02 1.235803e-01 7.467633e-03 -4.043768e-01 2.965539e-02 9.660359e-02 4.074624e-03 -4.287070e-02 6.398294e-03 6.431998e-01 3.753888e-02
2.133172e-02 5.658417e-01 3.174289e-02 1.474741e-01 8.772285e-03 -4.860793e-01 3.232805e-02 1.098707e-01 2.102825e-03 -6.695239e-02 1.013270e-02 7.562837e-01 3.426049e-02
2.424059e-02 5.268424e-01 3.544842e-02 1.398397e-01 1.237817e-02 -4.253822e-01 3.390529e-02 1.165196e-01 4.297770e-03 -6.290195e-02 8.595661e-03 7.065363e-01 4.204801e-02
2.779588e-02 5.448280e-01 3.214166e-02 1.471255e-01 1.297048e-02 -4.022237e-01 2.975955e-02 1.325152e-01 3.392281e-03 -5.379555e-02 8.276348e-03 7.229041e-01 1.791232e-02
3.199758e-02 5.200879e-01 1.670107e-02 1.403049e-01 6.484332e-03 -3.474444e-01 1.473211e-02 1.488923e-01 5.631292e-03 -5.666107e-02 1.089706e-02 7.036306e-01 3.697929e-02
1.713002e-02 5.324510e-01 3.162229e-02 1.459341e-01 1.054076e-02 -4.590579e-01 3.217809e-02 9.847783e-02 4.761619e-03 -6.776777e-02 9.197477e-03 6.644626e-01 3.327895e-02
1.745323e-02 5.234991e-01 2.888194e-02 1.480730e-01 9.048645e-03 -4.396138e-01 2.761940e-02 1.046960e-01 5.392239e-03 -6.289079e-02 4.699562e-03 6.556801e-01 3.703864e-02
1.842285e-02 5.214972e-01 3.869799e-02 1.396273e-01 1.118340e-02 -4.216732e-01 4.546152e-02 1.031344e-01 5.849310e-03 -4.746099e-02 8.336025e-03 6.440892e-01 5.498589e-02
2.003889e-02 4.976695e-01 3.456071e-02 1.381974e-01 1.043495e-02 -4.203000e-01 4.227144e-02 1.079257e-01 4.848316e-03 -5.671418e-02 1.336755e-02 6.673442e-01 4.813453e-02
2.230135e-02 5.188412e-01 2.733104e-02 1.450520e-01 4.576305e-03 -3.995108e-01 3.680434e-02 1.152087e-01 2.275967e-03 -4.914952e-02 1.026512e-02 6.488725e-01 3.533327e-02
2.521022e-02 5.407724e-01 3.207333e-02 1.573875e-01 1.101296e-02 -3.917632e-01 2.458269e-02 1.334932e-01 3.819817e-03 -5.485497e-02 8.905638e-03 6.615501e-01 2.542683e-02
2.876550e-02 4.888359e-01 3.286785e-02 1.323285e-01 1.551848e-02 -3.202418e-01 2.708519e-02 1.349454e-01 1.436897e-02 -2.700833e-02 1.323889e-02 6.568783e-01 3.564881e-02
3.296721e-02 5.683349e-01 1.269709e-02 1.628103e-01 5.597314e-03 -3.958343e-01 2.330339e-02 1.569897e-01 5.466277e-03 -7.776856e-02 1.494689e-02 7.850656e-01 4.484540e-02
1.874606e-02 5.639113e-01 3.506120e-02 1.528743e-01 8.736281e-03 -4.703230e-01 4.583410e-02 1.044041e-01 4.789937e-03 -6.683599e-02 1.215692e-02 6.962390e-01 5.599278e-02
1.906927e-02 5.229522e-01 3.503077e-02 1.419320e-01 1.003642e-02 -4.467435e-01 4.191953e-02 1.057400e-01 4.452696e-03 -5.613387e-02 1.076812e-02 6.967762e-01 4.444451e-02
2.003889e-02 5.222794e-01 2.611756e-02 1.483577e-01 9.686023e-03 -4.387291e-01 3.806223e-02 1.103729e-01 5.857112e-03 -6.031060e-02 1.223851e-02 6.959527e-01 4.993442e-02
2.165493e-02 5.127310e-01 2.495588e-02 1.332323e-01 9.414526e-03 -4.176252e-01 2.794509e-02 1.107722e-01 6.843896e-03 -5.174425e-02 7.931558e-03 6.683337e-01 4.243939e-02
2.391739e-02 5.776136e-01 3.746156e-02 1.654094e-01 1.810930e-02 -4.509812e-01 3.310105e-02 1.272794e-01 9.214201e-03 -6.894154e-02 1.434020e-02 6.908658e-01 3.434085e-02
2.682626e-02 4.835914e-01 1.387339e-02 1.314992e-01 1.042390e-02 -3.457810e-01 1.029254e-02 1.260274e-01 4.196070e-03 -4.014212e-02 1.350590e-02 6.450409e-01 2.656709e-02
3.038154e-02 4.945888e-01 2.560668e-02 1.243017e-01 1.516975e-02 -3.383016e-01 3.122423e-02 1.448149e-01 6.401746e-03 -2.926770e-02 1.199311e-02 7.021762e-01 4.056570e-02
3.458325e-02 5.281756e-01 2.674277e-02 1.396006e-01 1.424772e-02 -3.456267e-01 2.713874e-02 1.739883e-01 1.054892e-02 -6.614956e-02 1.235404e-02 7.119209e-01 2.107255e-02
2.100851e-02 5.078572e-01 2.463516e-02 1.429630e-01 1.136869e-02 -4.030838e-01 1.368877e-02 1.151280e-01 5.384320e-03 -5.723660e-02 9.186967e-03 6.576902e-01 1.709815e-02
2.133172e-02 4.881716e-01 1.960300e-02 1.352416e-01 9.646141e-03 -3.879284e-01 1.823869e-02 1.122376e-01 5.402708e-03 -4.255634e-02 1.032551e-02 6.545049e-01 1.203452e-02
2.230135e-02 5.537822e-01 4.035050e-02 1.499935e-01 8.225829e-03 -4.532145e-01 3.796447e-02 1.182373e-01 4.572539e-03 -6.646075e-02 7.571125e-03 7.048837e-01 5.042993e-02
2.391739e-02 5.818206e-01 2.639199e-02 1.581898e-01 1.169418e-02 -4.620444e-01 3.653422e-02 1.218376e-01 3.343507e-03 -5.722137e-02 1.496115e-02 7.635056e-01 4.339387e-02
2.617984e-02 5.341520e-01 1.694091e-02 1.546997e-01 1.332750e-02 -3.888387e-01 1.825572e-02 1.332750e-01 7.834177e-03 -5.284982e-02 5.267716e-03 6.846388e-01 3.263371e-02
2.908871e-02 5.119222e-01 3.085536e-02 1.347241e-01 9.875243e-03 -3.517115e-01 2.372626e-02 1.342608e-01 5.275721e-03 -5.311570e-02 1.119253e-02 6.817027e-01 3.266594e-02
3.264400e-02 5.523662e-01 2.128340e-02 1.446693e-01 1.124930e-02 -3.946857e-01 2.205953e-02 1.470073e-01 8.109845e-03 -6.286912e-02 8.834301e-03 8.338292e-01 4.857561e-02
3.684570e-02 5.486953e-01 2.933925e-02 1.543154e-01 1.348512e-02 -3.339828e-01 1.233005e-02 1.877561e-01 5.818148e-03 -7.775447e-02 1.040312e-02 7.441503e-01 2.208144e-02
2.391739e-02 5.702660e-01 3.775787e-02 1.419270e-01 1.274419e-02 -4.931790e-01 5.447889e-02 1.178876e-01 6.065989e-03 -5.966547e-02 8.589701e-03 7.929127e-01 9.336810e-02
2.424059e-02 5.437426e-01 1.826588e-02 1.511543e-01 9.930705e-03 -4.052241e-01 1.999346e-02 1.262641e-01 5.353133e-03 -5.941471e-02 4.331586e-03 6.714685e-01 3.021364e-02
2.521022e-02 5.564705e-01 2.511790e-02 1.506654e-01 1.265014e-02 -4.090933e-01 2.037420e-02 1.262339e-01 6.798261e-03 -6.199835e-02 1.328257e-02 6.808726e-01 4.030978e-02
2.682626e-02 5.024990e-01 1.427353e-02 1.414739e-01 9.146320e-03 -3.710501e-01 1.470776e-02 1.270879e-01 5.882064e-03 -5.046089e-02 1.246879e-02 6.696356e-01 2.185816e-02
2.908871e-02 5.528417e-01 2.709397e-02 1.528423e-01 6.313797e-03 -3.967970e-01 2.229574e-02 1.340768e-01 4.125824e-03 -6.419284e-02 6.199652e-03 7.441436e-01 1.590632e-02
3.199758e-02 5.075953e-01 3.378054e-02 1.366404e-01 1.256977e-02 -3.565224e-01 2.962066e-02 1.450194e-01 3.854075e-03 -6.044356e-02 8.546138e-03 7.223070e-01 5.054527e-02
3.555287e-02 5.848481e-01 1.058634e-02 1.561531e-01 1.090204e-02 -3.879926e-01 2.775422e-02 1.771537e-01 1.085786e-02 -7.602308e-02 9.355030e-03 8.385498e-01 4.836881e-02
3.975457e-02 5.522611e-01 3.150761e-02 1.448930e-01 1.459651e-02 -3.171315e-01 3.111332e-02 2.064771e-01 6.267899e-03 -7.684352e-02 1.740453e-02 8.194301e-01 2.652256e-02
2.747267e-02 5.790357e-01 2.099290e-02 1.612911e-01 1.147953e-02 -4.394345e-01 2.769203e-02 1.339038e-01 6.819270e-03 -7.138281e-02 7.973442e-03 7.519468e-01 4.904640e-02
2.779588e-02 5.417658e-01 4.962375e-02 1.376054e-01 2.024856e-02 -4.295133e-01 3.045824e-02 1.222067e-01 5.942336e-03 -6.773756e-02 1.601270e-02 7.674266e-01 3.120287e-02
2.876550e-02 5.231951e-01 2.703990e-02 1.459687e-01 9.992460e-03 -3.416851e-01 2.366984e-02 1.397565e-01 7.675100e-03 -4.352856e-02 6.134430e-03 6.649217e-01 4.265546e-02
3.038154e-02 5.679186e-01 4.673617e-02 1.597445e-01 1.157671e-02 -3.973211e-01 4.107106e-02 1.511028e-01 7.904539e-03 -7.986368e-02 1.492191e-02 6.961413e-01 4.022418e-02
3.264400e-02 5.380076e-01 3.474691e-02 1.388008e-01 7.957630e-03 -3.657175e-01 3.167754e-02 1.432854e-01 3.332728e-03 -6.693974e-02 1.180386e-02 7.686652e-01 4.357189e-02
3.555287e-02 5.500897e-01 2.848008e-02 1.567894e-01 1.154277e-02 -3.427026e-01 4.651147e-02 1.761682e-01 7.153915e-03 -6.659580e-02 1.749177e-02 7.735564e-01 6.503113e-02
3.910816e-02 5.722911e-01 2.644440e-02 1.438576e-01 1.663191e-02 -3.406930e-01 2.225705e-02 2.045008e-01 1.403569e-02 -8.136793e-02 3.988213e-03 8.374305e-01 4.257582e-02
4.330986e-02 5.512706e-01 1.923504e-02 1.285874e-01 1.075851e-02 -2.824616e-01 1.128445e-02 2.302228e-01 8.869025e-03 -8.034192e-02 5.748032e-03 8.964537e-01 3.780511e-02
3.167438e-02 5.209254e-01 2.203733e-02 1.360168e-01 4.966210e-03 -3.735503e-01 2.169780e-02 1.467246e-01 5.615489e-03 -5.866672e-02 5.635195e-03 7.256505e-01 4.660487e-02
3.199758e-02 5.677234e-01 4.334788e-02 1.582473e-01 1.603602e-02 -4.146365e-01 4.857895e-02 1.526348e-01 7.393130e-03 -8.630424e-02 1.705846e-02 7.959421e-01 4.960099e-02
3.296721e-02 5.297495e-01 4.049842e-02 1.365213e-01 7.399099e-03 -3.993711e-01 2.705830e-02 1.496005e-01 3.203577e-03 -6.348717e-02 1.056936e-02 7.680152e-01 3.151682e-02
3.458325e-02 5.407776e-01 3.295332e-02 1.334689e-01 8.235318e-03 -3.750367e-01 2.731014e-02 1.591922e-01 3.498011e-03 -5.793415e-02 9.678123e-03 7.772897e-01 3.287641e-02
3.684570e-02 5.886384e-01 5.781702e-02 1.697365e-01 2.343583e-02 -3.890850e-01 3.801767e-02 1.893372e-01 1.201273e-02 -9.068989e-02 1.990252e-02 8.339710e-01 3.403683e-02
3.975457e-02 5.440391e-01 3.809412e-02 1.341221e-01 1.383144e-02 -3.222862e-01 2.983395e-02 1.941981e-01 1.254398e-02 -8.245799e-02 7.750896e-03 8.218802e-01 3.177738e-02
4.330986e-02 6.216205e-01 3.264203e-02 1.567882e-01 1.197126e-02 -3.342432e-01 3.183992e-02 2.525749e-01 3.313095e-03 -1.010932e-01 1.915255e-02 9.321551e-01 6.832938e-02
4.751156e-02 5.863073e-01 1.748481e-02 1.279438e-01 1.098090e-02 -2.483384e-01 1.563480e-02 2.835399e-01 1.852945e-02 -9.734270e-02 2.180614e-02 8.973388e-01 3.585982e-02
