# k^2  LiLi LiLi_error  LiCl LiCl_error  LiNa LiNa_error  ClCl ClCl_error  ClNa ClNa_error  NaNa NaNa_error
0.000000e+00 2.240000e+03 0.000000e+00 2.677312e+03 0.000000e+00 1.466424e+03 0.000000e+00 3.200000e+03 0.000000e+00 1.752712e+03 1.136868e-13 9.600000e+02 0.000000e+00
3.232640e-04 1.149818e+00 2.487871e-01 1.909289e-01 4.180891e-02 -1.402251e+00 3.381618e-01 7.560696e-02 1.394865e-02 -1.535250e-01 4.838178e-02 1.856645e+00 4.526285e-01
1.293056e-03 3.717202e-01 6.996782e-02 1.131069e-01 1.632114e-02 -3.478651e-01 8.233806e-02 8.011340e-02 2.733508e-03 -2.319424e-02 2.717188e-02 4.890546e-01 9.684556e-02
2.909376e-03 4.396377e-01 1.875161e-02 1.181047e-01 1.262383e-02 -4.466462e-01 2.117136e-02 8.064152e-02 5.036723e-03 -3.533970e-02 1.331737e-02 6.330364e-01 2.920082e-02
5.172225e-03 3.659135e-01 6.211552e-02 1.042553e-01 1.693715e-02 -3.568003e-01 7.950196e-02 7.019090e-02 7.934073e-03 -3.486166e-02 1.771870e-02 5.213108e-01 1.091551e-01
8.081601e-03 4.609895e-01 6.462248e-02 1.139617e-01 1.599596e-02 -4.339110e-01 6.337252e-02 7.090210e-02 6.584461e-03 -4.370044e-02 2.055627e-02 6.103121e-01 4.350597e-02
1.163751e-02 6.455902e-01 6.848020e-02 1.879320e-01 2.183669e-02 -5.898016e-01 7.620386e-02 1.038324e-01 8.791359e-03 -1.092845e-01 1.802900e-02 7.493176e-01 1.026874e-01
1.583994e-02 3.650690e-01 2.421050e-02 1.106884e-01 1.062842e-02 -2.719164e-01 3.797631e-02 9.302614e-02 1.179861e-02 -1.420259e-02 1.747131e-02 4.715643e-01 3.562361e-02
3.232640e-04 3.055598e-01 4.866553e-02 8.319574e-02 1.450582e-02 -3.169433e-01 4.944380e-02 7.360768e-02 1.060693e-02 5.487962e-03 9.924262e-03 4.974523e-01 7.776412e-02
6.465281e-04 3.183420e-01 4.665857e-02 9.538970e-02 1.239440e-02 -3.128128e-01 6.420078e-02 6.310301e-02 6.877419e-03 -3.009311e-02 1.286103e-02 4.317880e-01 9.123971e-02
1.616320e-03 4.138377e-01 7.437421e-02 1.091928e-01 2.657102e-02 -4.164199e-01 8.456000e-02 6.291472e-02 1.233567e-02 -5.006096e-02 2.411716e-02 5.393022e-01 9.875274e-02
3.232640e-03 3.558348e-01 5.891286e-02 9.245016e-02 1.025535e-02 -3.417829e-01 8.484803e-02 6.570929e-02 4.430855e-03 -1.717582e-02 6.715397e-03 4.807175e-01 1.253339e-01
5.495489e-03 3.318074e-01 7.600240e-02 9.673152e-02 2.325744e-02 -3.049560e-01 7.986999e-02 6.736547e-02 5.754821e-03 -2.174992e-02 2.569292e-02 4.631498e-01 1.032068e-01
8.404865e-03 4.712407e-01 6.204632e-02 1.214450e-01 2.208104e-02 -4.431100e-01 6.791969e-02 7.682393e-02 9.626689e-03 -5.206311e-02 1.967972e-02 6.092153e-01 9.468499e-02
1.196077e-02 4.710795e-01 7.273237e-02 1.173349e-01 1.958943e-02 -4.227035e-01 9.016421e-02 7.789785e-02 2.406319e-03 -5.357623e-02 2.672664e-02 5.529107e-01 1.172362e-01
1.616320e-02 4.810987e-01 6.392728e-02 1.292008e-01 1.381724e-02 -4.291896e-01 8.449877e-02 8.394222e-02 6.252703e-03 -5.369905e-02 1.580989e-02 6.772364e-01 9.929177e-02
1.293056e-03 3.296951e-01 5.134374e-02 1.181272e-01 1.925998e-02 -2.741189e-01 4.915891e-02 7.960606e-02 9.884300e-03 -3.200221e-02 1.581591e-02 3.596959e-01 5.687146e-02
1.616320e-03 4.222174e-01 7.876955e-02 1.419146e-01 2.438842e-02 -3.714403e-01 7.406184e-02 8.196479e-02 9.270491e-03 -6.549434e-02 1.874043e-02 4.472025e-01 7.822837e-02
2.586112e-03 3.019994e-01 7.422073e-02 8.574575e-02 1.834440e-02 -3.007770e-01 8.913191e-02 6.897756e-02 7.649346e-03 -5.213237e-03 2.010707e-02 4.722468e-01 1.177238e-01
4.202433e-03 5.178804e-01 9.437243e-02 1.686839e-01 2.309051e-02 -4.539947e-01 1.032370e-01 9.748993e-02 1.071305e-02 -7.556881e-02 2.211383e-02 5.699592e-01 1.131290e-01
6.465281e-03 4.392063e-01 6.853964e-02 1.328517e-01 1.195254e-02 -3.778935e-01 8.583980e-02 8.146017e-02 4.259412e-03 -4.729004e-02 1.598803e-02 5.105007e-01 9.904951e-02
9.374657e-03 6.329220e-01 8.795049e-02 1.737235e-01 1.699393e-02 -6.277216e-01 1.024167e-01 9.111912e-02 5.998684e-03 -1.091987e-01 2.371136e-02 8.125590e-01 1.135492e-01
1.293056e-02 3.996033e-01 7.500485e-02 8.143639e-02 1.656120e-02 -3.779429e-01 8.386455e-02 6.948892e-02 9.081176e-03 -1.191159e-02 9.815476e-03 5.949526e-01 1.260690e-01
1.713299e-02 4.787036e-01 7.117504e-02 1.253553e-01 1.421665e-02 -3.860561e-01 8.916839e-02 8.959818e-02 5.116266e-03 -5.123556e-02 2.255634e-02 5.562978e-01 1.026857e-01
2.909376e-03 4.064958e-01 8.836129e-02 9.196233e-02 1.991106e-02 -4.394321e-01 1.185504e-01 6.377211e-02 7.399407e-03 -1.750210e-02 1.859621e-02 6.649692e-01 1.641730e-01
3.232640e-03 3.957944e-01 5.968391e-02 1.255466e-01 2.106440e-02 -3.508427e-01 5.595978e-02 8.082619e-02 7.350944e-03 -4.428611e-02 2.050300e-02 4.522732e-01 5.487481e-02
4.202433e-03 4.473231e-01 1.235225e-01 1.520691e-01 2.866587e-02 -3.847769e-01 1.405597e-01 9.451304e-02 7.912480e-03 -5.803771e-02 2.554282e-02 5.063704e-01 1.832957e-01
5.818753e-03 7.228027e-01 1.232680e-01 1.627981e-01 2.695683e-02 -7.952759e-01 1.398296e-01 8.191632e-02 9.102017e-03 -1.041179e-01 3.330537e-02 1.077720e+00 1.563420e-01
8.081601e-03 3.726680e-01 7.374510e-02 1.053789e-01 1.835372e-02 -3.196316e-01 8.367708e-02 7.755474e-02 4.880666e-03 -1.304478e-02 2.092884e-02 4.936494e-01 9.961420e-02
1.099098e-02 5.436085e-01 8.036406e-02 1.440941e-01 1.760187e-02 -4.580337e-01 1.076512e-01 8.534496e-02 5.112067e-03 -4.910768e-02 2.457711e-02 6.476365e-01 1.127601e-01
1.454688e-02 4.246121e-01 6.598458e-02 1.134083e-01 1.729266e-02 -3.981303e-01 6.895658e-02 8.711501e-02 8.524830e-03 -3.697877e-02 1.561538e-02 6.185076e-01 9.498468e-02
1.874931e-02 4.770078e-01 6.687376e-02 1.229421e-01 1.285445e-02 -4.038423e-01 9.077390e-02 8.950950e-02 7.666084e-03 -4.364140e-02 2.155779e-02 6.306680e-01 1.037703e-01
5.172225e-03 3.626369e-01 7.786389e-02 8.793590e-02 1.331207e-02 -3.725948e-01 9.875863e-02 7.501739e-02 2.266699e-03 -5.855088e-03 2.105061e-02 5.803858e-01 1.361751e-01
5.495489e-03 4.380083e-01 6.865182e-02 1.217580e-01 1.370736e-02 -4.225071e-01 8.588422e-02 7.343664e-02 5.085042e-03 -5.098722e-02 1.466031e-02 5.758295e-01 1.091266e-01
6.465281e-03 3.582273e-01 3.178758e-02 1.180300e-01 1.594463e-02 -2.791146e-01 3.856928e-02 8.098576e-02 8.009469e-03 -2.424680e-02 1.544102e-02 4.014222e-01 4.457860e-02
8.081601e-03 5.516905e-01 7.608309e-02 1.492594e-01 1.360564e-02 -4.888830e-01 9.362653e-02 8.877024e-02 3.555918e-03 -5.394238e-02 1.649372e-02 6.468255e-01 1.306148e-01
1.034445e-02 4.991951e-01 9.910646e-02 1.270339e-01 1.404730e-02 -4.665921e-01 1.230704e-01 7.875149e-02 4.448723e-03 -5.806962e-02 1.581429e-02 6.200253e-01 1.597878e-01
1.325383e-02 5.123049e-01 8.728064e-02 1.298614e-01 1.429383e-02 -4.658007e-01 1.039407e-01 9.010929e-02 7.289875e-03 -4.742179e-02 1.734827e-02 6.562015e-01 1.205798e-01
1.680973e-02 4.680942e-01 6.059148e-02 1.465674e-01 1.772402e-02 -3.648581e-01 7.315082e-02 1.143120e-01 1.097317e-02 -3.837331e-02 1.224360e-02 5.897839e-01 1.104353e-01
2.101216e-02 5.351542e-01 7.528072e-02 1.349872e-01 2.194635e-02 -3.957349e-01 5.399822e-02 9.978969e-02 1.345105e-02 -5.411773e-02 1.667573e-02 6.178296e-01 6.275756e-02
8.081601e-03 4.627924e-01 7.050929e-02 1.362599e-01 3.909896e-02 -4.196698e-01 4.730324e-02 9.441012e-02 1.659156e-02 -3.546464e-02 3.212959e-02 6.184521e-01 5.713959e-02
8.404865e-03 5.817184e-01 8.166518e-02 1.464500e-01 1.288305e-02 -5.543872e-01 1.309427e-01 8.133719e-02 7.329703e-03 -7.870904e-02 1.896319e-02 7.147146e-01 1.761714e-01
9.374657e-03 4.499681e-01 4.257948e-02 1.385909e-01 7.147505e-03 -3.748309e-01 6.470544e-02 8.449552e-02 9.717762e-03 -5.744673e-02 8.542860e-03 4.997627e-01 8.015820e-02
1.099098e-02 5.920922e-01 3.363894e-02 1.669820e-01 1.097844e-02 -5.118905e-01 5.237115e-02 9.584054e-02 8.788423e-03 -7.704300e-02 3.591207e-03 6.546278e-01 7.058254e-02
1.325383e-02 5.467763e-01 5.755624e-02 1.474666e-01 1.306429e-02 -4.746326e-01 6.748190e-02 9.069548e-02 3.064581e-03 -6.316626e-02 1.803633e-02 6.492038e-01 8.445770e-02
1.616320e-02 5.096710e-01 3.605145e-02 1.505922e-01 1.370403e-02 -4.202618e-01 2.900270e-02 1.009558e-01 1.251110e-02 -6.707621e-02 1.314074e-02 5.997156e-01 5.029015e-02
1.971911e-02 5.576857e-01 5.237449e-02 1.586512e-01 2.738790e-02 -4.864296e-01 4.424133e-02 1.130489e-01 1.934236e-02 -7.450084e-02 2.633152e-02 7.659172e-01 7.251555e-02
2.392154e-02 4.855470e-01 3.267848e-02 1.235330e-01 1.792113e-02 -3.607967e-01 1.098725e-02 1.170907e-01 9.585576e-03 -2.581281e-02 9.142472e-03 6.176578e-01 4.619129e-02
1.163751e-02 6.611421e-01 1.627889e-01 1.880687e-01 4.691710e-02 -5.968472e-01 1.564245e-01 1.082016e-01 1.314304e-02 -1.065109e-01 4.689871e-02 7.431553e-01 1.551989e-01
1.196077e-02 4.733801e-01 3.309813e-02 1.302989e-01 9.765701e-03 -4.307433e-01 4.084387e-02 8.711538e-02 5.186283e-03 -4.542848e-02 1.123823e-02 6.348241e-01 6.357788e-02
1.293056e-02 5.306923e-01 7.209131e-02 1.455960e-01 2.532309e-02 -4.626700e-01 9.801888e-02 1.032731e-01 1.428227e-02 -5.140702e-02 2.228960e-02 6.403203e-01 1.384844e-01
1.454688e-02 5.338768e-01 2.677311e-02 1.380881e-01 1.666229e-02 -4.803462e-01 2.782089e-02 8.777640e-02 9.705575e-03 -6.723946e-02 7.279121e-03 6.906353e-01 5.969181e-02
1.680973e-02 5.262043e-01 3.873016e-02 1.499990e-01 1.484621e-02 -4.504719e-01 3.616891e-02 9.584191e-02 8.255780e-03 -7.062169e-02 9.437844e-03 6.548898e-01 6.661760e-02
1.971911e-02 5.171689e-01 7.806626e-02 1.440691e-01 1.992013e-02 -4.010220e-01 8.812991e-02 1.003113e-01 6.918795e-03 -7.056079e-02 2.305280e-02 5.787643e-01 1.106703e-01
2.327501e-02 6.487689e-01 9.199028e-02 1.948020e-01 3.649112e-02 -5.518399e-01 8.210314e-02 1.348338e-01 1.627101e-02 -9.946621e-02 3.290726e-02 7.976177e-01 1.071972e-01
2.747744e-02 5.911205e-01 4.833466e-02 1.724496e-01 4.572652e-03 -4.724610e-01 5.110506e-02 1.405018e-01 7.373727e-03 -7.804935e-02 1.379791e-02 7.419739e-01 5.926936e-02
1.583994e-02 5.249956e-01 3.226518e-02 1.706753e-01 5.318322e-03 -3.973220e-01 4.570862e-02 1.187079e-01 4.367580e-03 -6.680741e-02 1.034973e-02 5.460278e-01 7.224894e-02
1.616320e-02 4.485842e-01 6.673117e-02 1.267208e-01 1.788702e-02 -3.565219e-01 3.851341e-02 9.043623e-02 6.055422e-03 -4.421484e-02 1.225570e-02 5.253648e-01 4.064221e-02
1.713299e-02 5.245349e-01 6.381857e-02 1.258147e-01 1.503722e-02 -4.653860e-01 1.099260e-01 9.358983e-02 7.115514e-03 -3.918101e-02 2.177566e-02 6.970415e-01 1.515356e-01
1.874931e-02 5.314799e-01 6.951880e-02 1.259936e-01 2.333558e-02 -4.410132e-01 5.124393e-02 9.176850e-02 1.159151e-02 -3.736813e-02 1.803660e-02 7.396701e-01 5.015973e-02
2.101216e-02 6.286413e-01 7.004015e-02 1.796472e-01 2.754484e-02 -5.185578e-01 7.891511e-02 1.216331e-01 1.458176e-02 -8.511381e-02 2.052310e-02 7.948058e-01 1.157313e-01
2.392154e-02 4.837399e-01 6.651365e-02 1.146673e-01 2.293451e-02 -3.842080e-01 7.070676e-02 1.027325e-01 1.382373e-02 -3.390498e-02 2.657092e-02 6.541776e-01 9.099618e-02
2.747744e-02 5.598889e-01 8.727188e-02 1.501901e-01 9.403186e-03 -4.404798e-01 1.029332e-01 1.342387e-01 1.097899e-02 -8.503750e-02 1.930982e-02 7.739246e-01 1.090317e-01
3.167988e-02 5.459177e-01 2.136991e-02 1.454012e-01 2.072682e-02 -2.821612e-01 3.788027e-02 1.651793e-01 1.581779e-02 -2.040520e-02 1.172324e-02 5.807658e-01 5.957266e-02
3.232640e-04 1.124967e+00 2.464559e-01 2.513937e-01 6.705949e-02 -1.254255e+00 2.549790e-01 8.568791e-02 1.973095e-02 -2.258338e-01 6.744367e-02 1.502044e+00 2.679491e-01
6.465281e-04 3.080209e-01 8.870817e-02 1.117331e-01 1.994480e-02 -2.634861e-01 1.087209e-01 9.045510e-02 9.574739e-03 -4.168791e-03 2.995514e-02 4.000098e-01 1.178459e-01
1.616320e-03 2.833911e-01 3.750190e-02 1.005266e-01 1.543937e-02 -2.404369e-01 3.455631e-02 7.347310e-02 6.521341e-03 -1.938410e-02 1.827361e-02 3.341556e-01 3.271993e-02
3.232640e-03 5.285439e-01 1.283745e-01 1.367699e-01 2.856040e-02 -5.336618e-01 1.330869e-01 7.851829e-02 7.530805e-03 -6.641763e-02 2.967957e-02 6.906531e-01 1.445775e-01
5.495489e-03 4.552529e-01 3.400612e-02 1.406609e-01 1.865439e-02 -4.126032e-01 5.655316e-02 9.668019e-02 1.459675e-02 -4.065963e-02 5.936371e-03 5.827639e-01 9.832399e-02
8.404865e-03 4.505837e-01 7.770301e-02 1.119877e-01 2.184800e-02 -4.224961e-01 7.887703e-02 6.958709e-02 5.816395e-03 -3.805984e-02 2.426392e-02 6.032881e-01 1.027358e-01
1.196077e-02 7.418305e-01 1.091153e-01 1.712118e-01 2.491439e-02 -7.244648e-01 1.253486e-01 9.298123e-02 1.125964e-02 -1.014199e-01 2.050381e-02 9.318272e-01 1.654797e-01
1.616320e-02 6.189018e-01 6.928767e-02 1.734234e-01 2.725889e-02 -4.635402e-01 6.780023e-02 1.010800e-01 1.283335e-02 -7.088005e-02 8.863142e-03 5.830119e-01 8.708106e-02
6.465281e-04 2.375409e-01 1.137250e-01 8.950099e-02 3.392138e-02 -1.948930e-01 1.113908e-01 6.780314e-02 1.081406e-02 -1.265868e-02 3.300775e-02 2.756098e-01 1.108640e-01
9.697921e-04 5.238373e-01 1.201630e-01 1.304559e-01 2.376018e-02 -5.564049e-01 1.452494e-01 7.506486e-02 7.720732e-03 -6.183336e-02 2.602941e-02 7.408962e-01 1.780160e-01
1.939584e-03 5.075648e-01 1.660332e-01 1.161631e-01 2.392509e-02 -5.395043e-01 2.140766e-01 7.537629e-02 2.240923e-03 -3.489108e-02 3.512126e-02 7.536474e-01 2.688603e-01
3.555904e-03 5.092858e-01 8.657941e-02 1.381136e-01 2.070489e-02 -5.067549e-01 9.372215e-02 7.876571e-02 7.071744e-03 -6.667455e-02 2.008657e-02 6.619932e-01 1.136649e-01
5.818753e-03 4.234247e-01 3.627348e-02 1.225152e-01 2.223435e-02 -3.876324e-01 4.139241e-02 8.302807e-02 1.420988e-02 -3.943800e-02 1.716731e-02 5.170194e-01 5.753639e-02
8.728129e-03 3.536888e-01 6.135356e-02 1.109359e-01 1.924789e-02 -2.957666e-01 5.742634e-02 8.247096e-02 8.471241e-03 -2.163288e-02 1.007244e-02 4.398627e-01 7.504085e-02
1.228403e-02 3.639741e-01 3.341033e-02 7.894468e-02 9.149625e-03 -3.212411e-01 4.860306e-02 6.432579e-02 5.419927e-03 -4.542920e-03 9.718794e-03 5.213005e-01 5.884168e-02
1.648647e-02 4.561888e-01 5.598619e-02 1.254690e-01 2.159262e-02 -3.620335e-01 5.803104e-02 8.865981e-02 8.904342e-03 -4.976628e-02 1.780389e-02 5.321566e-01 7.836291e-02
1.616320e-03 3.249995e-01 4.475348e-02 1.079846e-01 2.009853e-02 -2.886547e-01 3.388476e-02 7.155622e-02 8.645682e-03 -3.428740e-02 1.782539e-02 3.821826e-01 3.212473e-02
1.939584e-03 3.871010e-01 9.026283e-02 1.011430e-01 1.547785e-02 -3.911138e-01 1.119451e-01 7.556724e-02 8.762138e-03 -1.326353e-02 1.029236e-02 5.737382e-01 1.518725e-01
2.909376e-03 4.491550e-01 1.008775e-01 1.035615e-01 2.068462e-02 -4.830626e-01 1.290268e-01 6.508171e-02 5.741019e-03 -3.690608e-02 2.696672e-02 6.899204e-01 1.642625e-01
4.525697e-03 5.994713e-01 1.522457e-01 1.479487e-01 2.923995e-02 -6.147155e-01 1.766057e-01 7.699006e-02 5.848889e-03 -8.453950e-02 3.457769e-02 7.906058e-01 2.043240e-01
6.788545e-03 3.508526e-01 4.732318e-02 8.641428e-02 1.084000e-02 -3.372148e-01 5.405997e-02 6.153926e-02 1.756792e-03 -2.043689e-02 1.684865e-02 4.964437e-01 7.248161e-02
9.697921e-03 5.166444e-01 8.140773e-02 1.327603e-01 1.388821e-02 -4.757895e-01 8.215492e-02 8.211378e-02 4.616912e-03 -5.849010e-02 1.714032e-02 6.284785e-01 8.327163e-02
1.325383e-02 5.692576e-01 8.972735e-02 1.710192e-01 3.204837e-02 -4.826017e-01 5.998740e-02 1.046443e-01 1.322382e-02 -7.846067e-02 2.116866e-02 6.409634e-01 5.145676e-02
1.745626e-02 3.776270e-01 4.306909e-02 1.123495e-01 1.730999e-02 -3.128433e-01 4.861433e-02 9.496783e-02 9.697327e-03 -2.397286e-02 1.943888e-02 5.605281e-01 5.423290e-02
3.232640e-03 5.077107e-01 1.094967e-01 1.416855e-01 2.753099e-02 -4.934951e-01 1.152794e-01 7.879549e-02 6.611096e-03 -7.265236e-02 3.064783e-02 6.234016e-01 1.193013e-01
3.555904e-03 3.879564e-01 4.614277e-02 1.091623e-01 1.103127e-02 -3.665158e-01 6.696266e-02 6.616182e-02 3.423589e-03 -3.765263e-02 1.533981e-02 5.030687e-01 9.077542e-02
4.525697e-03 3.636513e-01 7.545033e-02 1.156834e-01 2.490194e-02 -3.161360e-01 8.011595e-02 8.365177e-02 1.145965e-02 -2.375537e-02 1.887854e-02 4.415990e-01 1.105984e-01
6.142017e-03 4.169501e-01 8.756604e-02 1.179395e-01 2.854515e-02 -3.734287e-01 8.860351e-02 8.250816e-02 1.168242e-02 -2.738116e-02 2.905050e-02 5.266497e-01 8.769357e-02
8.404865e-03 5.509233e-01 5.283036e-02 1.606125e-01 1.086715e-02 -4.817672e-01 5.555161e-02 9.124209e-02 5.110788e-03 -7.343674e-02 1.065396e-02 6.182646e-01 7.478221e-02
1.131424e-02 4.645125e-01 5.595020e-02 1.278537e-01 1.926414e-02 -4.098353e-01 7.705114e-02 7.753509e-02 1.021035e-02 -6.101662e-02 1.488255e-02 5.460076e-01 1.148028e-01
1.487015e-02 4.952780e-01 7.411638e-02 1.417806e-01 1.460851e-02 -3.788563e-01 9.027162e-02 1.051260e-01 7.713752e-03 -3.501769e-02 1.848445e-02 5.422076e-01 9.927166e-02
1.907258e-02 5.186619e-01 6.124973e-02 1.421997e-01 1.943634e-03 -3.871187e-01 8.991249e-02 1.027669e-01 8.482194e-03 -3.490810e-02 1.939732e-02 6.167937e-01 9.996213e-02
5.495489e-03 3.329247e-01 6.121169e-02 9.292344e-02 1.397152e-02 -2.932170e-01 6.858771e-02 7.068267e-02 4.869123e-03 -1.288525e-02 2.069116e-02 4.184970e-01 5.949483e-02
5.818753e-03 4.564589e-01 9.704326e-02 1.352531e-01 1.477699e-02 -3.981475e-01 1.218607e-01 8.560883e-02 9.370766e-03 -4.531510e-02 1.887495e-02 5.292607e-01 1.421585e-01
6.788545e-03 4.971245e-01 1.205269e-01 1.353252e-01 2.335219e-02 -4.684555e-01 1.390159e-01 7.677122e-02 7.160424e-03 -6.393522e-02 2.279386e-02 6.046270e-01 1.710728e-01
8.404865e-03 4.337551e-01 6.166316e-02 1.300920e-01 2.039545e-02 -3.768484e-01 5.558961e-02 8.278809e-02 7.694744e-03 -4.539523e-02 1.675508e-02 5.142254e-01 6.402353e-02
1.066771e-02 4.093925e-01 4.715370e-02 1.100807e-01 2.020689e-02 -3.861821e-01 5.196369e-02 8.016030e-02 1.191423e-02 -2.078281e-02 1.581611e-02 6.352780e-01 8.146648e-02
1.357709e-02 4.297626e-01 6.016523e-02 1.356374e-01 1.496965e-02 -3.200541e-01 6.042890e-02 9.494658e-02 3.207556e-03 -3.006429e-02 2.248024e-02 4.981767e-01 4.024179e-02
1.713299e-02 4.779996e-01 8.450572e-02 1.385685e-01 1.697386e-02 -3.614117e-01 8.078312e-02 1.019156e-01 6.981370e-03 -4.046147e-02 1.565742e-02 5.652194e-01 8.724505e-02
2.133543e-02 5.847245e-01 3.663214e-02 1.606264e-01 1.986741e-02 -4.513349e-01 2.087225e-02 1.082454e-01 1.389640e-02 -6.061749e-02 1.444253e-02 6.662330e-01 3.454213e-02
8.404865e-03 3.741485e-01 5.077678e-02 1.138578e-01 1.542906e-02 -3.177712e-01 5.856556e-02 7.553196e-02 5.010600e-03 -3.828511e-02 1.331999e-02 4.327897e-01 8.868379e-02
8.728129e-03 5.538036e-01 9.598633e-02 1.520259e-01 2.787652e-02 -4.820151e-01 8.681580e-02 8.365232e-02 9.255979e-03 -6.517851e-02 2.568104e-02 6.269019e-01 8.182057e-02
9.697921e-03 5.345501e-01 1.040918e-01 1.480339e-01 2.249146e-02 -4.926803e-01 1.310964e-01 8.753055e-02 8.836544e-03 -7.307476e-02 2.589833e-02 6.592965e-01 1.589979e-01
1.131424e-02 4.630253e-01 6.923456e-02 1.396326e-01 1.345518e-02 -4.219491e-01 9.222696e-02 9.595675e-02 6.292716e-03 -6.997309e-02 2.093882e-02 5.815281e-01 1.110533e-01
1.357709e-02 5.080053e-01 7.321231e-02 1.292702e-01 2.735355e-02 -4.943118e-01 7.263512e-02 8.159087e-02 8.533605e-03 -6.048648e-02 2.549445e-02 7.294556e-01 1.081519e-01
1.648647e-02 4.656187e-01 3.201303e-02 1.412828e-01 9.819778e-03 -3.521519e-01 4.721446e-02 1.014716e-01 5.620141e-03 -4.802116e-02 1.503285e-02 5.242856e-01 4.292250e-02
2.004237e-02 5.716744e-01 7.016267e-02 1.446600e-01 2.403056e-02 -4.978765e-01 8.635642e-02 1.081839e-01 1.712791e-02 -6.947334e-02 2.346899e-02 7.278069e-01 1.048231e-01
2.424480e-02 5.274396e-01 4.929128e-02 1.704155e-01 2.189227e-02 -4.162887e-01 4.740679e-02 1.388420e-01 9.443235e-03 -7.914499e-02 3.086244e-02 7.570530e-01 5.759460e-02
1.196077e-02 4.453633e-01 5.044380e-02 1.105109e-01 1.236066e-02 -4.174921e-01 6.371049e-02 7.213445e-02 5.023101e-03 -5.243121e-02 8.330695e-03 6.137756e-01 9.739041e-02
1.228403e-02 3.783989e-01 3.604381e-02 1.146270e-01 1.867585e-02 -2.988806e-01 4.095124e-02 8.387282e-02 8.807627e-03 -3.473579e-02 1.500156e-02 4.174992e-01 4.950523e-02
1.325383e-02 4.511330e-01 2.890890e-02 1.245479e-01 1.876079e-02 -4.153260e-01 5.367595e-02 9.321276e-02 7.660181e-03 -4.230089e-02 1.981859e-02 6.427816e-01 9.885301e-02
1.487015e-02 5.850146e-01 1.228213e-01 1.380114e-01 2.770811e-02 -5.845372e-01 1.520095e-01 9.491441e-02 1.023270e-02 -5.914812e-02 3.499871e-02 8.636590e-01 1.979786e-01
1.713299e-02 4.442254e-01 3.671107e-02 1.105759e-01 1.250903e-02 -3.746722e-01 6.363681e-02 9.081357e-02 7.147967e-03 -3.468719e-02 1.174777e-02 6.006274e-01 8.954926e-02
2.004237e-02 5.427202e-01 5.495361e-02 1.481337e-01 1.872902e-02 -4.795609e-01 3.987079e-02 9.990924e-02 1.110536e-02 -8.925776e-02 1.367408e-02 7.033880e-01 6.286640e-02
2.359828e-02 4.994490e-01 8.299433e-02 1.078705e-01 2.134240e-02 -3.933228e-01 1.004396e-01 9.994680e-02 6.649405e-03 -3.243036e-02 2.901068e-02 6.311540e-01 1.407820e-01
2.780071e-02 5.928430e-01 9.979702e-02 1.875571e-01 3.661579e-02 -4.241184e-01 9.610285e-02 1.533335e-01 1.571365e-02 -9.774888e-02 4.248737e-02 7.355880e-01 8.248567e-02
1.616320e-02 4.275159e-01 4.395330e-02 1.219422e-01 2.216593e-02 -3.447911e-01 5.432238e-02 8.985204e-02 1.490060e-02 -3.578489e-02 6.808312e-03 5.606695e-01 7.412810e-02
1.648647e-02 5.643138e-01 8.650155e-02 1.284763e-01 1.314072e-02 -4.919508e-01 1.201371e-01 9.014752e-02 7.482329e-03 -5.129780e-02 3.099053e-02 6.808621e-01 1.297044e-01
1.745626e-02 6.253601e-01 1.166728e-01 1.448829e-01 1.639647e-02 -5.929351e-01 1.503668e-01 9.141653e-02 5.315247e-03 -6.734941e-02 1.994629e-02 8.998626e-01 1.806323e-01
1.907258e-02 6.380982e-01 8.026704e-02 1.798485e-01 2.450297e-02 -5.195780e-01 6.776196e-02 1.106053e-01 1.379755e-02 -7.395030e-02 8.960438e-03 7.479045e-01 9.703350e-02
2.133543e-02 6.259039e-01 8.054896e-02 2.074859e-01 3.267777e-02 -4.525859e-01 7.351615e-02 1.434240e-01 1.280400e-02 -7.893602e-02 3.149287e-02 6.454298e-01 6.355002e-02
2.424480e-02 5.065690e-01 5.374553e-02 1.324957e-01 2.035859e-02 -3.823786e-01 6.760599e-02 1.236961e-01 8.894352e-03 -3.188460e-02 1.883620e-02 6.531325e-01 7.826075e-02
2.780071e-02 5.104497e-01 2.117770e-02 1.440672e-01 2.264615e-02 -3.964204e-01 3.035533e-02 1.290012e-01 7.187208e-03 -7.906084e-02 2.307588e-02 7.556056e-01 9.480216e-02
3.200314e-02 5.434301e-01 5.580192e-02 1.716469e-01 1.532317e-02 -4.062341e-01 5.614982e-02 1.714435e-01 6.970114e-03 -9.999094e-02 2.313777e-02 7.738173e-01 1.236585e-01
1.293056e-03 4.431915e-01 1.299471e-01 1.029022e-01 2.213441e-02 -4.641345e-01 1.670750e-01 6.930512e-02 7.581855e-03 -2.350385e-02 2.500633e-02 6.545157e-01 2.257068e-01
1.616320e-03 6.790263e-01 1.574627e-01 1.608429e-01 3.320306e-02 -7.281695e-01 1.831000e-01 7.930202e-02 9.730933e-03 -9.794653e-02 3.779011e-02 9.316986e-01 2.177419e-01
2.586112e-03 3.776880e-01 5.326666e-02 1.058137e-01 1.938387e-02 -3.731255e-01 5.776135e-02 6.430329e-02 8.716989e-03 -4.391394e-02 1.423844e-02 5.048186e-01 8.687377e-02
4.202433e-03 3.834117e-01 5.888742e-02 1.260121e-01 1.112364e-02 -3.387738e-01 8.638477e-02 9.153608e-02 4.038709e-03 -2.508872e-02 1.025124e-02 4.981180e-01 1.353912e-01
6.465281e-03 4.677889e-01 8.893339e-02 1.207300e-01 2.083360e-02 -4.433768e-01 1.173729e-01 7.618218e-02 9.241493e-03 -4.093004e-02 1.313720e-02 6.139018e-01 1.736810e-01
9.374657e-03 3.363835e-01 6.414873e-02 1.063046e-01 1.662196e-02 -2.736041e-01 6.495402e-02 8.059024e-02 1.958339e-03 -1.976972e-02 2.104908e-02 4.328399e-01 7.016565e-02
1.293056e-02 7.015522e-01 2.997785e-02 1.768195e-01 1.099009e-02 -6.646512e-01 3.995877e-02 1.007899e-01 5.963367e-03 -9.923294e-02 9.869555e-03 8.621296e-01 7.995459e-02
1.713299e-02 5.482175e-01 4.514418e-02 1.685412e-01 2.440447e-02 -3.959970e-01 3.092123e-02 1.225827e-01 8.348968e-03 -4.899329e-02 1.834724e-02 5.728538e-01 3.961282e-02
1.616320e-03 2.779342e-01 7.629749e-02 6.664946e-02 4.193263e-03 -3.003703e-01 1.172403e-01 6.207134e-02 4.856593e-03 8.152143e-03 1.150874e-02 4.821352e-01 1.724574e-01
1.939584e-03 3.844002e-01 3.399992e-02 1.031047e-01 1.596459e-02 -3.925832e-01 3.213282e-02 6.826169e-02 8.037829e-03 -3.437537e-02 1.124203e-02 5.453579e-01 4.452867e-02
2.909376e-03 6.167889e-01 2.380569e-01 1.170418e-01 2.633062e-02 -7.113033e-01 3.167033e-01 6.269003e-02 4.125916e-03 -6.470429e-02 3.860510e-02 9.705617e-01 4.150407e-01
4.525697e-03 5.119157e-01 5.265282e-02 1.424843e-01 1.882103e-02 -5.076689e-01 7.883279e-02 8.811769e-02 6.847842e-03 -5.818965e-02 1.816931e-02 6.952698e-01 1.271735e-01
6.788545e-03 4.003469e-01 6.238095e-02 1.278918e-01 1.854874e-02 -3.502148e-01 9.075160e-02 8.907327e-02 1.367394e-02 -2.791516e-02 1.739689e-02 5.270306e-01 1.263162e-01
9.697921e-03 3.229707e-01 3.051441e-02 9.567559e-02 1.756932e-02 -2.657640e-01 1.852207e-02 8.200835e-02 7.622318e-03 -1.086196e-02 1.479303e-02 4.185268e-01 4.105648e-02
1.325383e-02 4.496310e-01 5.489450e-02 1.104446e-01 1.800020e-02 -4.158932e-01 6.609817e-02 7.684274e-02 3.711199e-03 -4.910455e-02 2.334876e-02 6.243731e-01 8.584048e-02
1.745626e-02 5.500379e-01 5.240463e-02 1.400303e-01 1.379551e-02 -5.048874e-01 5.379953e-02 8.740758e-02 3.891265e-03 -7.349954e-02 1.613280e-02 7.144459e-01 8.883480e-02
2.586112e-03 5.188986e-01 1.146801e-01 1.421404e-01 2.031668e-02 -5.038179e-01 1.373569e-01 8.809627e-02 7.615269e-03 -5.086343e-02 2.736441e-02 6.710032e-01 1.560502e-01
2.909376e-03 4.440425e-01 7.998891e-02 1.143718e-01 1.098029e-02 -4.421491e-01 1.034911e-01 7.241116e-02 2.714530e-03 -4.034017e-02 1.508853e-02 5.958868e-01 1.368322e-01
3.879169e-03 6.080675e-01 2.378152e-01 1.476338e-01 3.600170e-02 -6.542361e-01 3.188168e-01 8.070958e-02 1.092852e-02 -7.713481e-02 4.321934e-02 8.958163e-01 4.282237e-01
5.495489e-03 4.689893e-01 8.403819e-02 1.097967e-01 1.646242e-02 -4.984923e-01 1.058240e-01 6.750800e-02 7.883342e-03 -5.260570e-02 1.898258e-02 6.888507e-01 1.310736e-01
7.758337e-03 4.870485e-01 6.643438e-02 1.707661e-01 2.211255e-02 -3.780235e-01 5.749546e-02 9.808048e-02 7.326186e-03 -7.426096e-02 2.380974e-02 4.716742e-01 4.088020e-02
1.066771e-02 4.664533e-01 7.003095e-02 1.215052e-01 2.416107e-02 -4.189103e-01 6.092837e-02 8.337723e-02 1.235320e-02 -4.316696e-02 1.629209e-02 5.830178e-01 5.239404e-02
1.422362e-02 3.728133e-01 2.886398e-02 9.284866e-02 9.648961e-03 -3.329087e-01 1.648394e-02 7.677236e-02 3.217472e-03 -1.385577e-02 6.273345e-03 5.491950e-01 2.472567e-02
1.842605e-02 4.745580e-01 6.777381e-02 1.321046e-01 1.799929e-02 -3.817343e-01 6.239720e-02 9.957654e-02 1.347611e-02 -4.417661e-02 1.374948e-02 6.297260e-01 6.342062e-02
4.202433e-03 2.932874e-01 5.704548e-02 9.371048e-02 1.865583e-02 -2.489099e-01 5.485367e-02 6.863744e-02 8.330912e-03 -1.583262e-02 1.477973e-02 3.555707e-01 6.046303e-02
4.525697e-03 3.459554e-01 9.805311e-02 9.985846e-02 1.552840e-02 -3.115607e-01 1.172568e-01 7.147998e-02 2.841908e-03 -1.996053e-02 1.939948e-02 4.460250e-01 1.480603e-01
5.495489e-03 5.831438e-01 1.254689e-01 1.382879e-01 2.197676e-02 -5.915597e-01 1.456137e-01 7.873406e-02 7.478820e-03 -6.461111e-02 2.661895e-02 7.827645e-01 1.585526e-01
7.111809e-03 4.093144e-01 1.022937e-01 1.137865e-01 2.048207e-02 -3.858710e-01 1.083933e-01 8.348669e-02 2.038982e-03 -2.422505e-02 2.771856e-02 5.659298e-01 1.135256e-01
9.374657e-03 4.246619e-01 7.556861e-02 1.055057e-01 8.622348e-03 -4.137578e-01 1.008337e-01 7.220210e-02 5.894235e-03 -2.783077e-02 9.363024e-03 6.261799e-01 1.335193e-01
1.228403e-02 5.944571e-01 3.271548e-02 1.490020e-01 1.122285e-02 -5.157565e-01 3.887045e-02 8.591870e-02 4.190695e-03 -6.867404e-02 1.071384e-02 6.616838e-01 5.476407e-02
1.583994e-02 4.451064e-01 8.732651e-02 1.194232e-01 1.583652e-02 -3.543160e-01 8.779450e-02 8.018129e-02 4.518615e-03 -4.326686e-02 1.470074e-02 5.218144e-01 9.842169e-02
2.004237e-02 4.843786e-01 6.796026e-02 1.156241e-01 1.617065e-02 -4.300922e-01 8.436126e-02 9.372030e-02 5.328692e-03 -1.963981e-02 2.567452e-02 7.306296e-01 9.004958e-02
6.465281e-03 3.978705e-01 5.511098e-02 1.150821e-01 1.780491e-02 -3.534481e-01 5.160538e-02 8.135816e-02 5.913216e-03 -3.219305e-02 2.229904e-02 4.947242e-01 4.055336e-02
6.788545e-03 5.043280e-01 1.112829e-01 1.424928e-01 2.571777e-02 -4.717995e-01 1.190612e-01 8.279548e-02 3.364917e-03 -6.595363e-02 3.131306e-02 6.179733e-01 1.285453e-01
7.758337e-03 5.236987e-01 1.215954e-01 1.281401e-01 2.826471e-02 -5.349397e-01 1.345893e-01 8.375665e-02 7.988746e-03 -4.781886e-02 3.104939e-02 7.636282e-01 1.450863e-01
9.374657e-03 7.697675e-01 1.447474e-01 2.087540e-01 4.558954e-02 -7.383769e-01 1.469332e-01 1.045913e-01 1.772963e-02 -1.370659e-01 3.932213e-02 9.021034e-01 1.701527e-01
1.163751e-02 3.946766e-01 4.690817e-02 9.952273e-02 1.220478e-02 -3.381097e-01 4.718450e-02 7.688166e-02 4.782989e-03 -1.853545e-02 1.777807e-02 5.268708e-01 4.053553e-02
1.454688e-02 4.373001e-01 7.240860e-02 1.144013e-01 1.720450e-02 -3.670399e-01 7.473233e-02 8.438172e-02 5.472801e-03 -3.903717e-02 2.002606e-02 5.444775e-01 8.245919e-02
1.810279e-02 4.611628e-01 6.140567e-02 1.327956e-01 2.003895e-02 -3.638133e-01 7.786844e-02 1.086363e-01 1.422643e-02 -3.244975e-02 1.748160e-02 5.911273e-01 9.356531e-02
2.230522e-02 5.959473e-01 5.587348e-02 1.693892e-01 2.380915e-02 -4.846243e-01 3.193703e-02 1.168138e-01 1.330292e-02 -7.225143e-02 1.714413e-02 7.298337e-01 2.512960e-02
9.374657e-03 3.674731e-01 3.235367e-02 1.158807e-01 8.701848e-03 -2.926754e-01 4.728252e-02 8.053599e-02 5.545935e-03 -2.684381e-02 1.699831e-02 4.393074e-01 5.179673e-02
9.697921e-03 5.952525e-01 9.403440e-02 1.507667e-01 2.085672e-02 -5.815197e-01 1.021492e-01 8.679109e-02 5.324797e-03 -8.015407e-02 2.282107e-02 7.715425e-01 1.206003e-01
1.066771e-02 3.981806e-01 6.687381e-02 1.104826e-01 2.440699e-02 -3.637248e-01 6.565240e-02 7.273056e-02 6.505043e-03 -4.998844e-02 2.977106e-02 5.253850e-01 5.634680e-02
1.228403e-02 4.833863e-01 8.224958e-02 1.503380e-01 1.982050e-02 -4.043995e-01 8.161297e-02 9.285372e-02 1.036349e-02 -6.527287e-02 2.345981e-02 5.517100e-01 8.133509e-02
1.454688e-02 5.181990e-01 9.170173e-02 1.507855e-01 2.251463e-02 -4.317324e-01 9.690907e-02 9.984606e-02 1.021286e-02 -6.151766e-02 2.547039e-02 5.765301e-01 1.125110e-01
1.745626e-02 6.413372e-01 3.550317e-02 1.674596e-01 1.357456e-02 -5.386577e-01 4.171245e-02 1.094509e-01 8.879877e-03 -7.456753e-02 1.122904e-02 7.535304e-01 5.618024e-02
2.101216e-02 5.062174e-01 2.415987e-02 1.550520e-01 1.615858e-02 -3.604292e-01 2.215922e-02 1.212818e-01 5.787976e-03 -7.204282e-02 1.185593e-02 5.143971e-01 3.719138e-02
2.521460e-02 6.428798e-01 9.195690e-02 1.778203e-01 4.368960e-02 -4.998395e-01 5.217618e-02 1.231176e-01 1.865600e-02 -9.307955e-02 2.681586e-02 7.491970e-01 4.340453e-02
1.293056e-02 4.928782e-01 6.194360e-02 1.109328e-01 1.110018e-02 -4.860067e-01 6.579874e-02 8.118826e-02 6.936797e-03 -4.479325e-02 1.137137e-02 7.129681e-01 5.887867e-02
1.325383e-02 4.703479e-01 7.178236e-02 1.140372e-01 2.162235e-02 -4.304342e-01 7.899944e-02 7.858413e-02 1.216328e-02 -3.863063e-02 1.661606e-02 6.422629e-01 9.641110e-02
1.422362e-02 5.410390e-01 9.646828e-02 1.500598e-01 2.469010e-02 -4.615669e-01 9.503258e-02 9.284503e-02 7.695647e-03 -6.285990e-02 2.327055e-02 6.761802e-01 1.128492e-01
1.583994e-02 4.626526e-01 8.148755e-02 1.086107e-01 1.690755e-02 -4.124514e-01 7.745513e-02 8.013265e-02 4.286575e-03 -3.647435e-02 2.250300e-02 5.995869e-01 8.054732e-02
1.810279e-02 5.304162e-01 8.201901e-02 1.472126e-01 2.957313e-02 -4.179718e-01 6.107153e-02 1.048450e-01 1.180062e-02 -4.454885e-02 2.631140e-02 6.625392e-01 4.321481e-02
2.101216e-02 4.666183e-01 5.239346e-02 1.297554e-01 1.144731e-02 -3.444156e-01 3.334813e-02 1.067761e-01 5.982919e-03 -5.061097e-02 8.953560e-03 5.256674e-01 3.557178e-02
2.456807e-02 6.206081e-01 3.783827e-02 1.540804e-01 2.588690e-02 -5.027583e-01 3.360472e-02 1.243743e-01 1.799614e-02 -6.678955e-02 1.960312e-02 7.732869e-01 5.967006e-02
2.877050e-02 5.258557e-01 6.217344e-02 1.420871e-01 3.434218e-02 -4.250606e-01 5.024437e-02 1.424335e-01 2.400510e-02 -8.300061e-02 3.857637e-02 7.308821e-01 3.493741e-02
1.713299e-02 5.824800e-01 7.645649e-02 1.509416e-01 2.606964e-02 -5.275463e-01 7.369654e-02 9.872713e-02 1.105306e-02 -6.798243e-02 1.702383e-02 7.532677e-01 1.178060e-01
1.745626e-02 4.600179e-01 8.859220e-02 1.266588e-01 2.572515e-02 -3.867581e-01 8.459679e-02 9.137900e-02 8.335702e-03 -4.909679e-02 2.181555e-02 5.964168e-01 8.401471e-02
1.842605e-02 4.873848e-01 4.558066e-02 1.579386e-01 1.048401e-02 -4.024277e-01 3.896678e-02 1.110187e-01 7.730470e-03 -7.334997e-02 6.985805e-03 6.273837e-01 5.079737e-02
2.004237e-02 5.607356e-01 8.392519e-02 1.576173e-01 2.508517e-02 -4.442636e-01 6.475144e-02 1.134255e-01 1.016316e-02 -5.613930e-02 1.553004e-02 6.926874e-01 9.534736e-02
2.230522e-02 4.800820e-01 4.561138e-02 1.241737e-01 1.728649e-02 -3.745937e-01 5.056938e-02 1.085204e-01 1.190856e-02 -2.302969e-02 2.697979e-02 6.602006e-01 7.142014e-02
2.521460e-02 7.183056e-01 4.745076e-02 2.367566e-01 9.616111e-03 -5.377063e-01 2.247255e-02 1.590982e-01 9.316800e-03 -1.385044e-01 4.423251e-03 7.598534e-01 5.138618e-02
2.877050e-02 4.486316e-01 2.771912e-02 1.026052e-01 2.455470e-02 -3.078590e-01 3.870491e-02 1.240196e-01 1.502741e-02 -1.407034e-02 2.625893e-02 6.323046e-01 5.729463e-02
3.297293e-02 6.174791e-01 7.874682e-02 1.771547e-01 4.264772e-02 -4.346437e-01 2.638213e-02 1.590954e-01 1.914335e-02 -6.615461e-02 1.518248e-02 8.340831e-01 8.168962e-02
2.909376e-03 4.526255e-01 1.273036e-01 1.310113e-01 3.040994e-02 -4.485216e-01 1.396687e-01 7.855959e-02 6.685592e-03 -5.553431e-02 3.371745e-02 6.126279e-01 1.601905e-01
3.232640e-03 4.492017e-01 4.832745e-02 1.201973e-01 1.649788e-02 -4.461225e-01 7.042413e-02 8.094858e-02 6.231675e-03 -3.404009e-02 1.558541e-02 6.279949e-01 1.098100e-01
4.202433e-03 5.303095e-01 7.709957e-02 1.546846e-01 1.692815e-02 -4.911388e-01 9.893017e-02 9.045304e-02 8.603271e-03 -6.664280e-02 1.628136e-02 6.288920e-01 1.199876e-01
5.818753e-03 3.583157e-01 4.245514e-02 1.014079e-01 1.576014e-02 -3.110797e-01 3.556509e-02 7.014902e-02 8.051758e-03 -2.009820e-02 1.082053e-02 4.456894e-01 4.164401e-02
8.081601e-03 4.240352e-01 1.075495e-01 1.245228e-01 2.679247e-02 -3.550152e-01 1.137449e-01 7.755744e-02 7.197220e-03 -4.064516e-02 2.523860e-02 4.833741e-01 1.296567e-01
1.099098e-02 4.021863e-01 3.276100e-02 1.114830e-01 1.214682e-02 -3.642363e-01 3.827087e-02 7.684994e-02 5.960830e-03 -3.787069e-02 1.160407e-02 5.429712e-01 6.418850e-02
1.454688e-02 5.053621e-01 7.159422e-02 1.403187e-01 2.668541e-02 -4.887942e-01 6.725764e-02 1.050753e-01 1.005210e-02 -6.345102e-02 2.033186e-02 7.195114e-01 9.535169e-02
1.874931e-02 6.511106e-01 5.791018e-02 1.733952e-01 2.988400e-02 -5.381703e-01 2.772183e-02 1.092501e-01 1.426805e-02 -8.727717e-02 2.018750e-02 7.304892e-01 2.201309e-02
3.232640e-03 3.737630e-01 1.444696e-01 1.139866e-01 4.211874e-02 -3.526625e-01 1.494399e-01 7.659484e-02 1.373725e-02 -3.547757e-02 4.226975e-02 4.838078e-01 1.675466e-01
3.555904e-03 6.028871e-01 1.049233e-01 1.489108e-01 1.538685e-02 -6.408347e-01 1.351549e-01 8.329711e-02 3.621077e-03 -7.209531e-02 2.343223e-02 8.778717e-01 1.695502e-01
4.525697e-03 3.887719e-01 5.395169e-02 9.665384e-02 1.476872e-02 -3.909253e-01 5.622273e-02 7.145878e-02 6.069392e-03 -1.509056e-02 2.048994e-02 5.948226e-01 5.113501e-02
6.142017e-03 3.951896e-01 8.025156e-02 1.110175e-01 1.914374e-02 -3.650051e-01 8.692697e-02 8.023895e-02 6.538938e-03 -2.035092e-02 2.907967e-02 5.494911e-01 9.106917e-02
8.404865e-03 5.367173e-01 2.817206e-02 1.463007e-01 1.030922e-02 -4.908818e-01 5.523584e-02 8.424551e-02 8.893664e-03 -6.812271e-02 1.332628e-02 6.439682e-01 7.890779e-02
1.131424e-02 4.083303e-01 2.913502e-02 1.084310e-01 4.422961e-03 -3.533640e-01 3.555663e-02 8.163975e-02 5.264148e-03 -2.100910e-02 4.091165e-03 5.252231e-01 5.553313e-02
1.487015e-02 4.430274e-01 1.861357e-02 1.320499e-01 7.655804e-03 -3.635426e-01 9.242990e-03 8.946475e-02 3.005981e-03 -6.219137e-02 9.369911e-03 5.488283e-01 2.154692e-02
1.907258e-02 5.320222e-01 4.657579e-02 1.306018e-01 2.056794e-02 -4.638774e-01 5.899246e-02 1.061138e-01 9.196416e-03 -4.093438e-02 2.509242e-02 6.921277e-01 6.501222e-02
4.202433e-03 6.764761e-01 1.247834e-01 1.833321e-01 3.259034e-02 -6.572997e-01 1.389408e-01 9.356768e-02 9.648089e-03 -1.048418e-01 3.014367e-02 8.135007e-01 1.654287e-01
4.525697e-03 3.431231e-01 7.020074e-02 1.049337e-01 2.529367e-02 -3.238820e-01 7.192567e-02 7.346112e-02 8.649527e-03 -3.124757e-02 2.513422e-02 4.676572e-01 7.683957e-02
5.495489e-03 3.299817e-01 3.529425e-02 1.033237e-01 1.616552e-02 -2.893736e-01 3.154812e-02 8.132986e-02 5.697755e-03 -1.248018e-02 2.205326e-02 4.371108e-01 1.950740e-02
7.111809e-03 4.995825e-01 8.127657e-02 1.551241e-01 2.251491e-02 -4.348136e-01 7.847376e-02 8.951382e-02 1.093593e-02 -7.115073e-02 1.561330e-02 5.500705e-01 8.699842e-02
9.374657e-03 5.481097e-01 1.474556e-01 1.623214e-01 3.264257e-02 -4.758373e-01 1.535924e-01 1.069322e-01 7.366903e-03 -5.503381e-02 3.161057e-02 6.500714e-01 1.701560e-01
1.228403e-02 5.152780e-01 8.582831e-02 1.517210e-01 3.853107e-02 -3.791270e-01 6.259940e-02 9.653585e-02 1.590620e-02 -4.915039e-02 3.222418e-02 5.261843e-01 5.780273e-02
1.583994e-02 4.372081e-01 9.682046e-02 1.398589e-01 2.735666e-02 -3.491975e-01 1.066925e-01 1.055869e-01 1.144236e-02 -4.123675e-02 2.929843e-02 5.403157e-01 1.156400e-01
2.004237e-02 4.930410e-01 2.956268e-02 1.428212e-01 2.618527e-02 -3.181794e-01 1.317155e-02 1.051634e-01 1.484510e-02 -3.871297e-02 1.331636e-02 4.981754e-01 1.821901e-02
5.818753e-03 3.602263e-01 4.713053e-02 1.152229e-01 1.108053e-02 -3.097214e-01 5.220223e-02 7.796577e-02 5.211491e-03 -3.182544e-02 8.691532e-03 4.334274e-01 6.994320e-02
6.142017e-03 4.971327e-01 7.561985e-02 1.384117e-01 1.995691e-02 -4.728458e-01 9.344546e-02 7.858944e-02 7.294503e-03 -6.751950e-02 2.009425e-02 6.206059e-01 1.246269e-01
7.111809e-03 5.567100e-01 6.632802e-02 1.296941e-01 1.162758e-02 -5.711650e-01 8.350760e-02 7.701418e-02 1.566001e-03 -6.027232e-02 1.935036e-02 7.822499e-01 9.918246e-02
8.728129e-03 4.251518e-01 6.677513e-02 1.248955e-01 1.881316e-02 -3.561555e-01 6.620911e-02 8.639540e-02 5.170276e-03 -3.711242e-02 2.294048e-02 4.774359e-01 5.736268e-02
1.099098e-02 4.991211e-01 4.814211e-02 1.495970e-01 1.144784e-02 -4.318194e-01 6.377595e-02 9.912989e-02 5.406456e-03 -5.189297e-02 1.741953e-02 6.051272e-01 9.051286e-02
1.390035e-02 4.248905e-01 6.258365e-02 1.091019e-01 1.615525e-02 -3.613082e-01 5.005954e-02 8.551793e-02 7.350177e-03 -1.332481e-02 1.665901e-02 5.927809e-01 6.401255e-02
1.745626e-02 4.956010e-01 3.043302e-02 1.280943e-01 1.272431e-02 -4.436177e-01 2.269542e-02 9.288154e-02 6.377521e-03 -4.717783e-02 1.072121e-02 6.788328e-01 3.078804e-02
2.165869e-02 5.276183e-01 7.549470e-02 1.327810e-01 1.522131e-02 -4.232784e-01 8.123474e-02 9.676400e-02 1.272690e-02 -5.144177e-02 2.101927e-02 6.879861e-01 8.310807e-02
8.081601e-03 4.435777e-01 5.997351e-02 1.551062e-01 1.388025e-02 -3.356309e-01 5.523893e-02 9.815120e-02 6.194119e-03 -5.825679e-02 2.102355e-02 4.101214e-01 4.123165e-02
8.404865e-03 5.607670e-01 9.537315e-02 1.560423e-01 2.581215e-02 -5.259432e-01 1.080942e-01 9.051576e-02 1.228232e-02 -7.169330e-02 2.389778e-02 6.989894e-01 1.346849e-01
9.374657e-03 4.771933e-01 9.320664e-02 1.357120e-01 2.815399e-02 -4.268487e-01 7.630978e-02 7.961088e-02 1.028072e-02 -6.526219e-02 2.109749e-02 5.674986e-01 6.448366e-02
1.099098e-02 4.282022e-01 5.669794e-02 1.205222e-01 2.470551e-02 -3.903229e-01 4.791153e-02 8.704827e-02 1.231971e-02 -3.388920e-02 1.604276e-02 5.926351e-01 3.905654e-02
1.325383e-02 4.677968e-01 5.323427e-02 1.442336e-01 1.588654e-02 -3.987473e-01 7.946906e-02 9.982230e-02 8.519110e-03 -5.266098e-02 2.562401e-02 6.125307e-01 9.181253e-02
1.616320e-02 5.274114e-01 1.762578e-02 1.482878e-01 8.988462e-03 -4.411577e-01 4.836904e-02 1.047780e-01 6.341539e-03 -5.054597e-02 9.141469e-03 6.404917e-01 8.995374e-02
1.971911e-02 4.818948e-01 4.325303e-02 1.197824e-01 1.837967e-02 -3.934721e-01 3.813836e-02 9.328177e-02 8.002321e-03 -3.209159e-02 1.117356e-02 6.506296e-01 7.474254e-02
2.392154e-02 5.269983e-01 2.541792e-02 1.781924e-01 2.100267e-02 -4.034115e-01 3.998080e-02 1.361250e-01 9.736390e-03 -8.270380e-02 2.468095e-02 6.398566e-01 7.512140e-02
1.099098e-02 5.153983e-01 7.587948e-02 1.460294e-01 1.348307e-02 -4.370762e-01 9.559196e-02 8.647258e-02 5.655364e-03 -6.183320e-02 1.377421e-02 5.682179e-01 1.280553e-01
1.131424e-02 5.177136e-01 2.476729e-02 1.409925e-01 1.434462e-02 -4.684831e-01 2.624926e-02 9.100390e-02 7.952248e-03 -4.441766e-02 9.077886e-03 6.827046e-01 3.947114e-02
1.228403e-02 4.976231e-01 8.934949e-02 1.383123e-01 2.806357e-02 -4.523540e-01 9.410079e-02 9.810402e-02 1.017870e-02 -5.113111e-02 2.766210e-02 6.425493e-01 1.231181e-01
1.390035e-02 4.660871e-01 4.962104e-02 1.277057e-01 1.657690e-02 -3.992438e-01 4.499885e-02 8.403869e-02 6.161422e-03 -4.556694e-02 1.661395e-02 6.031114e-01 4.654682e-02
1.616320e-02 7.731994e-01 1.424523e-01 1.994396e-01 3.763828e-02 -7.377026e-01 1.595560e-01 1.225265e-01 1.122589e-02 -1.179170e-01 3.490856e-02 9.654730e-01 2.088563e-01
1.907258e-02 3.443877e-01 2.257192e-02 1.127774e-01 6.576734e-03 -2.439005e-01 2.765418e-02 9.684733e-02 4.568237e-03 -9.811873e-03 9.132891e-03 5.054880e-01 2.851420e-02
2.262848e-02 6.530787e-01 6.386459e-02 1.695046e-01 2.256151e-02 -5.563304e-01 4.282958e-02 1.100708e-01 9.951790e-03 -1.093527e-01 1.636279e-02 7.744699e-01 3.929981e-02
2.683092e-02 5.509600e-01 6.474528e-02 1.526538e-01 1.807455e-02 -3.862475e-01 5.286294e-02 1.338161e-01 1.029006e-02 -4.727900e-02 1.287831e-02 6.638738e-01 4.476686e-02
1.454688e-02 4.849070e-01 5.556851e-02 1.142780e-01 2.718758e-02 -4.611088e-01 5.969682e-02 9.358376e-02 1.137121e-02 -3.441861e-02 2.769578e-02 6.984516e-01 9.661498e-02
1.487015e-02 5.070476e-01 3.817857e-02 1.540674e-01 1.105189e-02 -4.359711e-01 3.542942e-02 1.119536e-01 7.232291e-03 -5.662404e-02 1.334144e-02 6.541629e-01 4.144958e-02
1.583994e-02 5.088285e-01 4.306746e-02 1.493061e-01 1.652975e-02 -4.115682e-01 5.754219e-02 9.914409e-02 1.129348e-02 -6.041045e-02 1.235718e-02 6.416655e-01 9.455389e-02
1.745626e-02 6.217537e-01 1.067692e-01 1.852322e-01 2.411940e-02 -5.434465e-01 1.259828e-01 1.201640e-01 1.264146e-02 -9.125912e-02 2.153516e-02 7.644636e-01 1.550617e-01
1.971911e-02 4.707444e-01 5.452916e-02 1.321723e-01 1.696983e-02 -3.379238e-01 4.462545e-02 9.598022e-02 7.050610e-03 -5.036283e-02 1.550527e-02 5.146528e-01 4.585415e-02
2.262848e-02 5.498147e-01 8.637207e-02 1.531982e-01 3.769746e-02 -4.562232e-01 8.261712e-02 1.088833e-01 1.737531e-02 -7.279009e-02 3.156341e-02 7.436007e-01 1.146880e-01
2.618439e-02 5.965101e-01 7.223224e-02 1.621604e-01 2.489821e-02 -4.450010e-01 5.273821e-02 1.459626e-01 1.205676e-02 -7.453460e-02 2.227870e-02 7.095394e-01 7.451264e-02
3.038682e-02 4.942833e-01 4.883060e-02 1.348950e-01 2.509917e-02 -3.067960e-01 2.185950e-02 1.542516e-01 1.392926e-02 -1.510681e-03 2.150245e-02 6.713869e-01 3.920408e-02
1.874931e-02 5.067270e-01 5.632531e-02 1.211126e-01 9.152988e-03 -4.335581e-01 5.778707e-02 8.804229e-02 4.992213e-03 -3.063434e-02 1.281092e-02 7.228477e-01 7.212334e-02
1.907258e-02 4.609297e-01 3.658858e-02 1.083701e-01 1.575936e-02 -3.609451e-01 4.165100e-02 8.861835e-02 6.987281e-03 -3.905966e-02 1.090153e-02 5.460211e-01 5.868072e-02
2.004237e-02 5.739773e-01 9.337960e-02 1.567968e-01 2.160926e-02 -4.170524e-01 5.457134e-02 1.208467e-01 7.157586e-03 -5.401241e-02 1.097854e-02 5.918687e-01 5.892792e-02
2.165869e-02 5.719384e-01 8.474590e-02 1.552631e-01 3.121657e-02 -4.619975e-01 7.237091e-02 1.195398e-01 1.226908e-02 -6.447995e-02 3.832233e-02 7.393333e-01 1.001639e-01
2.392154e-02 5.994649e-01 9.125411e-02 1.750392e-01 3.828454e-02 -5.028274e-01 9.658713e-02 1.410304e-01 1.663663e-02 -6.924856e-02 3.420850e-02 8.159569e-01 1.026088e-01
2.683092e-02 4.728207e-01 5.121056e-02 1.221421e-01 1.981480e-02 -3.927561e-01 3.848457e-02 1.126544e-01 7.284404e-03 -5.734515e-02 1.871124e-02 7.529430e-01 4.853468e-02
3.038682e-02 5.905915e-01 7.143011e-02 1.430940e-01 2.261122e-02 -3.861650e-01 8.244415e-02 1.385043e-01 3.442603e-03 -7.290126e-02 3.058510e-02 6.570397e-01 9.383051e-02
3.458925e-02 4.889750e-01 5.845580e-02 1.249514e-01 1.358105e-02 -3.209685e-01 6.583643e-02 1.503175e-01 2.422266e-02 -2.832112e-02 1.932332e-02 7.603423e-01 6.340686e-02
5.172225e-03 4.252327e-01 4.180477e-02 1.251823e-01 1.151416e-02 -3.894363e-01 5.765813e-02 7.920114e-02 9.044422e-03 -4.799610e-02 9.307219e-03 5.150245e-01 8.202391e-02
5.495489e-03 3.721584e-01 5.532490e-02 9.810134e-02 8.687919e-03 -3.566939e-01 6.206498e-02 6.847965e-02 2.873086e-03 -2.415992e-02 7.574497e-03 5.160757e-01 8.339412e-02
6.465281e-03 4.053421e-01 1.167835e-01 9.672905e-02 2.617002e-02 -4.204773e-01 1.364598e-01 6.551744e-02 8.499829e-03 -2.781354e-02 2.611351e-02 6.331819e-01 1.680201e-01
8.081601e-03 4.804449e-01 8.367703e-02 1.294055e-01 1.955005e-02 -4.676033e-01 9.881948e-02 7.936835e-02 5.458734e-03 -6.378687e-02 2.113931e-02 6.331486e-01 1.177355e-01
1.034445e-02 4.919832e-01 2.259378e-02 1.101591e-01 1.460505e-02 -4.819222e-01 3.412414e-02 6.960902e-02 6.763860e-03 -4.046402e-02 1.368244e-02 7.025678e-01 4.425174e-02
1.325383e-02 5.430834e-01 7.227400e-02 1.401194e-01 1.875605e-02 -5.001221e-01 7.533528e-02 9.139699e-02 6.631768e-03 -6.379864e-02 2.253336e-02 6.914846e-01 8.815751e-02
1.680973e-02 5.309387e-01 7.950222e-02 1.450995e-01 2.188681e-02 -4.787294e-01 8.294480e-02 1.039315e-01 6.703596e-03 -6.201927e-02 2.981337e-02 7.646103e-01 6.889581e-02
2.101216e-02 5.612415e-01 9.469485e-02 1.496993e-01 1.933920e-02 -4.872339e-01 1.106190e-01 1.100127e-01 1.049583e-02 -7.098203e-02 1.784181e-02 7.410227e-01 1.421899e-01
5.495489e-03 4.570939e-01 8.161039e-02 1.541484e-01 3.303122e-02 -3.792546e-01 7.797410e-02 9.725801e-02 1.575804e-02 -5.915919e-02 2.786552e-02 4.791764e-01 8.505871e-02
5.818753e-03 3.630380e-01 5.503703e-02 1.182989e-01 9.692187e-03 -3.181174e-01 7.499872e-02 7.984056e-02 3.939476e-03 -4.099310e-02 1.672441e-02 4.282121e-01 8.918514e-02
6.788545e-03 4.833307e-01 1.107560e-01 1.334840e-01 2.812104e-02 -4.417058e-01 1.128201e-01 7.669012e-02 7.497160e-03 -5.615520e-02 3.055599e-02 5.776151e-01 1.105116e-01
8.404865e-03 5.012470e-01 9.598819e-02 1.382454e-01 1.793556e-02 -4.782746e-01 1.181676e-01 8.581560e-02 1.087042e-02 -6.481306e-02 1.808955e-02 6.509152e-01 1.411924e-01
1.066771e-02 5.482170e-01 8.062180e-02 1.452871e-01 1.807771e-02 -4.729493e-01 9.246106e-02 8.514322e-02 5.666142e-03 -6.369559e-02 1.764528e-02 6.313443e-01 1.067658e-01
1.357709e-02 5.862563e-01 1.172620e-01 1.723788e-01 3.457336e-02 -5.027184e-01 9.021655e-02 1.050225e-01 9.733908e-03 -7.183641e-02 2.911508e-02 7.150414e-01 6.554374e-02
1.713299e-02 4.191427e-01 3.906633e-02 1.162224e-01 2.132208e-02 -3.099797e-01 2.043865e-02 9.285555e-02 8.145427e-03 -2.740250e-02 1.275194e-02 5.195119e-01 2.956302e-02
2.133543e-02 5.505006e-01 3.718328e-02 1.618661e-01 2.010366e-02 -4.387080e-01 4.202574e-02 1.134822e-01 1.031745e-02 -5.670514e-02 1.900254e-02 7.103828e-01 1.037671e-01
6.465281e-03 4.957169e-01 6.791215e-02 1.523019e-01 1.769987e-02 -4.622224e-01 8.102373e-02 9.097583e-02 6.549685e-03 -7.038417e-02 1.677837e-02 6.310834e-01 1.136870e-01
6.788545e-03 4.900233e-01 8.633814e-02 1.282983e-01 2.082629e-02 -4.782055e-01 1.122786e-01 8.827729e-02 6.093490e-03 -2.847976e-02 2.319313e-02 7.078930e-01 1.458345e-01
7.758337e-03 4.177743e-01 6.160307e-02 1.031091e-01 1.429080e-02 -3.981853e-01 5.990942e-02 7.436659e-02 6.314363e-03 -1.706254e-02 1.173412e-02 6.020546e-01 6.469752e-02
9.374657e-03 4.379353e-01 4.950958e-02 1.085514e-01 1.693625e-02 -4.012012e-01 5.389998e-02 7.789361e-02 3.876030e-03 -2.283206e-02 1.471616e-02 6.007796e-01 8.117454e-02
1.163751e-02 4.668034e-01 2.924449e-02 1.165472e-01 1.781078e-02 -4.218228e-01 3.221220e-02 8.101220e-02 1.212333e-02 -3.974486e-02 4.738405e-03 5.969456e-01 7.266721e-02
1.454688e-02 4.660126e-01 5.111062e-02 1.291494e-01 2.054074e-02 -3.757092e-01 5.473199e-02 8.768045e-02 9.765712e-03 -4.465911e-02 1.906298e-02 5.398836e-01 6.805650e-02
1.810279e-02 5.759564e-01 7.699391e-02 1.599181e-01 1.971706e-02 -4.812743e-01 8.201105e-02 1.092401e-01 6.164804e-03 -6.895212e-02 2.747571e-02 7.199748e-01 9.656540e-02
2.230522e-02 4.978802e-01 3.657836e-02 1.497887e-01 9.591232e-03 -3.342125e-01 3.766010e-02 1.168137e-01 1.243261e-02 -4.366257e-02 7.928431e-03 5.597894e-01 4.341921e-02
8.081601e-03 5.065657e-01 8.924512e-02 1.168553e-01 1.830156e-02 -5.015000e-01 9.988376e-02 7.212244e-02 8.544675e-03 -4.705908e-02 1.346296e-02 6.932790e-01 1.412187e-01
8.404865e-03 4.401360e-01 8.658189e-02 1.294465e-01 2.301008e-02 -3.964741e-01 8.589480e-02 8.318936e-02 8.364304e-03 -4.940858e-02 2.196653e-02 5.437156e-01 8.961451e-02
9.374657e-03 4.206080e-01 2.890612e-02 1.051218e-01 7.495988e-03 -3.802569e-01 2.859815e-02 7.732868e-02 6.627086e-03 -1.787691e-02 1.196687e-02 5.711820e-01 4.566002e-02
1.099098e-02 4.667489e-01 5.264914e-02 1.283994e-01 1.707223e-02 -4.230198e-01 5.212395e-02 8.358771e-02 5.970866e-03 -4.425536e-02 1.930637e-02 6.143643e-01 4.903302e-02
1.325383e-02 4.849702e-01 8.290784e-02 1.273976e-01 2.404545e-02 -4.268879e-01 9.387937e-02 8.927014e-02 9.362305e-03 -4.781778e-02 2.225574e-02 6.093961e-01 1.021737e-01
1.616320e-02 4.438630e-01 4.175758e-02 1.228614e-01 2.185103e-02 -3.350016e-01 4.544614e-02 9.018537e-02 1.232817e-02 -3.342225e-02 2.066179e-02 5.147033e-01 6.094993e-02
1.971911e-02 4.717323e-01 7.337822e-02 1.458920e-01 1.627461e-02 -3.373135e-01 5.346399e-02 1.092400e-01 1.118776e-02 -4.337433e-02 1.293158e-02 5.869892e-01 7.816499e-02
2.392154e-02 5.571591e-01 7.854559e-02 1.668524e-01 2.724945e-02 -3.808612e-01 4.791231e-02 1.314551e-01 9.770919e-03 -6.250519e-02 1.753983e-02 6.001356e-01 4.553818e-02
1.034445e-02 6.864183e-01 1.169036e-01 1.940175e-01 2.231597e-02 -6.077487e-01 1.516426e-01 1.034363e-01 6.456540e-03 -1.019118e-01 1.828828e-02 7.658353e-01 1.980154e-01
1.066771e-02 5.097880e-01 8.042427e-02 1.351308e-01 2.076500e-02 -4.542507e-01 6.797507e-02 8.921660e-02 6.000292e-03 -4.552957e-02 2.269218e-02 6.289994e-01 4.801878e-02
1.163751e-02 4.302693e-01 4.431905e-02 1.115843e-01 1.254602e-02 -3.852707e-01 5.317687e-02 8.605947e-02 1.022961e-02 -9.610639e-03 8.457346e-03 6.245867e-01 7.798416e-02
1.325383e-02 5.348041e-01 4.480253e-02 1.392338e-01 1.467636e-02 -4.521698e-01 5.119688e-02 9.017418e-02 2.984448e-03 -4.319295e-02 1.909681e-02 6.522083e-01 5.922434e-02
1.551667e-02 5.903517e-01 6.355267e-02 1.516718e-01 2.296764e-02 -5.409737e-01 7.321840e-02 1.064644e-01 9.074969e-03 -6.442339e-02 1.946970e-02 7.420384e-01 7.882324e-02
1.842605e-02 5.127307e-01 6.090685e-02 1.288031e-01 1.529762e-02 -4.169353e-01 6.776293e-02 1.048459e-01 7.445467e-03 -2.127109e-02 1.703415e-02 6.753821e-01 9.783414e-02
2.198196e-02 6.194980e-01 6.923978e-02 1.716615e-01 2.267392e-02 -4.887341e-01 6.368455e-02 1.228142e-01 7.133765e-03 -8.308537e-02 2.605080e-02 7.513677e-01 4.181805e-02
2.618439e-02 4.953525e-01 4.349828e-02 1.594839e-01 1.035005e-02 -3.756660e-01 6.335000e-02 1.238413e-01 1.068283e-02 -9.558979e-02 2.933264e-02 7.226857e-01 8.381386e-02
1.325383e-02 5.698412e-01 7.371283e-03 1.663788e-01 2.210028e-02 -5.132357e-01 5.116522e-02 1.070594e-01 1.316537e-02 -7.768141e-02 1.046161e-02 7.164172e-01 9.898200e-02
1.357709e-02 5.771092e-01 4.785929e-02 1.676959e-01 1.234021e-02 -5.024469e-01 5.923376e-02 1.044654e-01 2.904210e-03 -7.478401e-02 2.618478e-02 6.936252e-01 7.755236e-02
1.454688e-02 4.024589e-01 2.681035e-02 9.384877e-02 1.242461e-02 -3.999809e-01 1.512109e-02 8.545486e-02 9.863407e-03 -1.827783e-02 1.026641e-02 6.821342e-01 5.087418e-02
1.616320e-02 5.081846e-01 4.178937e-02 1.239917e-01 1.443925e-02 -4.658261e-01 4.894096e-02 9.309901e-02 5.358481e-03 -2.989802e-02 1.669419e-02 7.288055e-01 6.840911e-02
1.842605e-02 5.627133e-01 7.172122e-02 1.499050e-01 2.585229e-02 -4.460826e-01 6.317717e-02 1.039903e-01 5.971002e-03 -5.173239e-02 3.196344e-02 6.720201e-01 5.404417e-02
2.133543e-02 5.646206e-01 7.237663e-02 1.583277e-01 2.225798e-02 -4.027263e-01 5.818699e-02 1.134052e-01 1.220239e-02 -4.804776e-02 9.189988e-03 5.835146e-01 7.402647e-02
2.489133e-02 6.466799e-01 1.098262e-01 1.892777e-01 2.774558e-02 -4.684381e-01 9.067284e-02 1.315357e-01 1.702739e-02 -9.836624e-02 2.748681e-02 7.143369e-01 7.298717e-02
2.909376e-02 6.340999e-01 3.659527e-02 2.121332e-01 1.522859e-02 -4.133397e-01 4.142123e-02 1.698309e-01 1.442341e-02 -1.149344e-01 1.331059e-02 6.726970e-01 4.026999e-02
1.680973e-02 4.643553e-01 3.485348e-02 1.268291e-01 7.684551e-03 -3.609127e-01 4.781652e-02 9.293898e-02 7.297598e-03 -4.096959e-02 1.280704e-02 5.606288e-01 5.853669e-02
1.713299e-02 4.582182e-01 3.214026e-02 1.328969e-01 1.419007e-02 -3.552029e-01 4.201944e-02 1.024133e-01 1.272369e-02 -3.334639e-02 8.527883e-03 5.533235e-01 4.422552e-02
1.810279e-02 5.558358e-01 8.077426e-02 1.610274e-01 1.651478e-02 -4.425821e-01 6.495948e-02 1.089752e-01 4.489857e-03 -7.450720e-02 2.086931e-02 6.044683e-01 5.989117e-02
1.971911e-02 5.252002e-01 1.013226e-01 1.308208e-01 2.928226e-02 -4.012451e-01 7.254188e-02 1.015330e-01 1.104581e-02 -3.567792e-02 2.352396e-02 6.101848e-01 5.770601e-02
2.198196e-02 4.653468e-01 3.872136e-02 1.313423e-01 1.935571e-02 -3.998566e-01 4.807352e-02 9.610182e-02 9.499673e-03 -6.114372e-02 1.689838e-02 6.673136e-01 4.740304e-02
2.489133e-02 5.409620e-01 1.507531e-02 1.336081e-01 1.377487e-02 -4.559964e-01 4.499567e-02 1.144706e-01 1.068985e-02 -6.736286e-02 1.217517e-02 7.260031e-01 9.474942e-02
2.844724e-02 5.294062e-01 3.802738e-02 1.350952e-01 1.559698e-02 -2.942750e-01 3.133433e-02 1.310362e-01 4.926293e-03 -2.453019e-02 2.364319e-02 5.104475e-01 4.618333e-02
3.264967e-02 5.271009e-01 1.916479e-02 1.490341e-01 1.960954e-02 -3.302287e-01 2.919158e-02 1.536741e-01 1.977480e-02 -5.469873e-02 2.014683e-02 7.290416e-01 6.353974e-02
2.101216e-02 5.699935e-01 7.784976e-02 1.535818e-01 2.729549e-02 -4.686325e-01 7.748229e-02 1.215356e-01 1.258036e-02 -8.114652e-02 2.698788e-02 6.670260e-01 8.687750e-02
2.133543e-02 6.422917e-01 1.194206e-01 1.592453e-01 2.246775e-02 -5.309784e-01 1.153598e-01 1.067800e-01 3.528604e-03 -7.727248e-02 2.153217e-02 7.245202e-01 1.190963e-01
2.230522e-02 4.538959e-01 3.929406e-02 1.181595e-01 6.766814e-03 -3.638300e-01 5.732153e-02 1.112919e-01 5.885050e-03 -5.060639e-02 1.259290e-02 6.504317e-01 9.016501e-02
2.392154e-02 5.208798e-01 5.371663e-02 1.412787e-01 2.652624e-02 -4.212905e-01 3.908687e-02 1.245582e-01 1.667584e-02 -5.608912e-02 9.308311e-03 6.425059e-01 4.303886e-02
2.618439e-02 6.459659e-01 6.152741e-02 1.861071e-01 2.884396e-02 -4.758313e-01 6.925798e-02 1.378292e-01 1.148346e-02 -7.775136e-02 2.127803e-02 7.255413e-01 8.279470e-02
2.909376e-02 5.445254e-01 7.889856e-02 1.634696e-01 2.657499e-02 -3.713812e-01 4.389131e-02 1.590446e-01 9.200922e-03 -6.204194e-02 1.457854e-02 6.270569e-01 5.042508e-02
3.264967e-02 4.915030e-01 2.772693e-02 1.313584e-01 2.673115e-02 -3.233052e-01 2.275423e-02 1.521348e-01 2.769365e-02 -3.270689e-02 9.607199e-03 7.169856e-01 8.479937e-02
3.685210e-02 5.195521e-01 2.819854e-02 1.632162e-01 2.339528e-02 -3.133241e-01 5.259492e-02 1.834383e-01 9.910186e-03 -7.776136e-02 2.998976e-02 7.705773e-01 9.522913e-02
8.081601e-03 4.981664e-01 4.624618e-02 1.407362e-01 1.493925e-02 -4.623319e-01 4.164704e-02 9.350392e-02 5.432818e-03 -5.111368e-02 2.071441e-02 6.411686e-01 4.150485e-02
8.404865e-03 3.874998e-01 5.656629e-02 9.564300e-02 1.678816e-02 -3.700180e-01 5.494251e-02 7.234167e-02 7.937475e-03 -2.030341e-02 1.419362e-02 5.612253e-01 6.012390e-02
9.374657e-03 4.328664e-01 5.991460e-02 1.186367e-01 2.193421e-02 -3.866616e-01 6.205025e-02 8.321132e-02 7.472457e-03 -3.964823e-02 2.371825e-02 5.487951e-01 7.123530e-02
1.099098e-02 5.240127e-01 7.349611e-02 1.577825e-01 3.550820e-02 -4.609240e-01 6.374306e-02 9.861401e-02 1.546244e-02 -5.710747e-02 2.814102e-02 6.752924e-01 8.101031e-02
1.325383e-02 6.080733e-01 1.031007e-01 1.598150e-01 3.768606e-02 -5.564332e-01 9.902595e-02 9.708439e-02 1.034474e-02 -7.686200e-02 3.907221e-02 7.394000e-01 1.084428e-01
1.616320e-02 5.678158e-01 6.089054e-02 1.838896e-01 2.594652e-02 -4.195687e-01 5.253730e-02 1.110203e-01 1.372146e-02 -8.034171e-02 1.986997e-02 5.620024e-01 6.430209e-02
1.971911e-02 5.030991e-01 4.732125e-02 1.543634e-01 2.285152e-02 -3.705007e-01 4.880217e-02 1.048252e-01 1.205257e-02 -6.960869e-02 2.043536e-02 5.752278e-01 7.730504e-02
2.392154e-02 4.904336e-01 2.277884e-02 1.195950e-01 1.984044e-02 -3.399975e-01 6.126222e-02 1.139261e-01 9.428987e-03 -3.075725e-02 2.146920e-02 6.149687e-01 1.029669e-01
8.404865e-03 4.617878e-01 5.023436e-02 1.288821e-01 8.904302e-03 -4.238876e-01 7.271147e-02 8.017809e-02 7.885171e-03 -5.535194e-02 8.965009e-03 5.755332e-01 9.450725e-02
8.728129e-03 4.535246e-01 6.443951e-02 1.172031e-01 1.861153e-02 -4.537546e-01 7.676432e-02 8.108710e-02 8.318573e-03 -4.099603e-02 1.274088e-02 6.833069e-01 1.130947e-01
9.697921e-03 4.748330e-01 6.978133e-02 1.429259e-01 2.320917e-02 -4.008045e-01 7.011726e-02 8.709440e-02 8.086067e-03 -5.177218e-02 2.619360e-02 5.591670e-01 6.686941e-02
1.131424e-02 4.424801e-01 4.927906e-02 1.133907e-01 1.572056e-02 -4.094404e-01 4.967680e-02 8.328674e-02 4.565240e-03 -2.981754e-02 1.670614e-02 6.142877e-01 5.842121e-02
1.357709e-02 4.792115e-01 2.785222e-02 1.201484e-01 7.798093e-03 -4.549253e-01 5.316455e-02 9.136637e-02 5.025428e-03 -3.644332e-02 1.042667e-02 6.805336e-01 9.257914e-02
1.648647e-02 5.465958e-01 8.414551e-02 1.522954e-01 2.417762e-02 -4.350768e-01 8.698746e-02 1.031424e-01 1.196428e-02 -5.835346e-02 1.745486e-02 6.050093e-01 1.010937e-01
2.004237e-02 4.727139e-01 5.168187e-02 1.318537e-01 2.225255e-02 -3.823325e-01 6.523540e-02 1.086406e-01 1.119351e-02 -4.392081e-02 2.631834e-02 6.652605e-01 1.038952e-01
2.424480e-02 6.824562e-01 7.134013e-02 1.939156e-01 1.324580e-02 -5.255409e-01 8.495970e-02 1.211057e-01 5.135064e-03 -9.454945e-02 1.591413e-02 7.309941e-01 1.246988e-01
9.374657e-03 5.901974e-01 3.579687e-02 1.442787e-01 8.243067e-03 -5.374339e-01 5.697374e-02 8.523918e-02 5.200488e-03 -6.208787e-02 8.569114e-03 6.980289e-01 8.744194e-02
9.697921e-03 4.453840e-01 6.126133e-02 1.147241e-01 1.005880e-02 -4.296995e-01 7.589845e-02 7.924392e-02 5.469061e-03 -3.556981e-02 1.301722e-02 6.386384e-01 9.917429e-02
1.066771e-02 5.786582e-01 6.632486e-02 1.552160e-01 1.741773e-02 -5.551257e-01 8.920580e-02 9.175901e-02 1.125841e-02 -7.411944e-02 2.025717e-02 7.771076e-01 1.161810e-01
1.228403e-02 4.933588e-01 7.873392e-02 1.374481e-01 1.602319e-02 -4.366370e-01 9.003688e-02 9.127603e-02 3.389214e-03 -4.724148e-02 2.403016e-02 6.246267e-01 1.047585e-01
1.454688e-02 6.059853e-01 1.225409e-01 1.521306e-01 3.166878e-02 -5.725980e-01 1.358164e-01 8.891549e-02 1.255689e-02 -7.891806e-02 3.343940e-02 8.058193e-01 1.507918e-01
1.745626e-02 5.324328e-01 4.347771e-02 1.427095e-01 2.669315e-02 -4.411833e-01 5.092320e-02 9.760373e-02 1.606142e-02 -5.573855e-02 7.532648e-03 6.573462e-01 8.033942e-02
2.101216e-02 4.994783e-01 6.836848e-02 1.356126e-01 2.799954e-02 -4.423302e-01 6.863034e-02 1.046026e-01 1.265526e-02 -5.440048e-02 3.158348e-02 6.987875e-01 4.995734e-02
2.521460e-02 5.530999e-01 3.284431e-02 1.810310e-01 1.434487e-02 -3.406764e-01 3.643063e-02 1.452775e-01 7.950384e-03 -8.397571e-02 1.192004e-02 5.157054e-01 3.045300e-02
1.099098e-02 4.470464e-01 7.716137e-02 1.367618e-01 1.609048e-02 -3.686813e-01 8.239002e-02 8.513963e-02 7.398347e-03 -5.506156e-02 1.516114e-02 5.077568e-01 8.746459e-02
1.131424e-02 4.347916e-01 4.707687e-02 1.134882e-01 1.835211e-02 -3.634611e-01 4.449594e-02 7.169032e-02 6.790581e-03 -3.647411e-02 1.846555e-02 5.237513e-01 3.654666e-02
1.228403e-02 4.443236e-01 8.194691e-02 1.237503e-01 2.667943e-02 -3.801191e-01 7.837038e-02 9.081795e-02 1.452233e-02 -3.996092e-02 2.161689e-02 5.460812e-01 7.600497e-02
1.390035e-02 5.172201e-01 3.121534e-02 1.487775e-01 1.329167e-02 -4.564153e-01 6.966522e-02 1.023766e-01 8.125502e-03 -4.899145e-02 8.760385e-03 6.993541e-01 9.374837e-02
1.616320e-02 5.652642e-01 1.209799e-01 1.465037e-01 2.939966e-02 -4.874678e-01 1.045963e-01 1.071764e-01 7.589712e-03 -4.805241e-02 3.147789e-02 7.237086e-01 1.002501e-01
1.907258e-02 4.307863e-01 7.072080e-02 1.119034e-01 2.232855e-02 -3.218419e-01 7.126719e-02 9.045013e-02 6.923943e-03 -4.055494e-02 2.104966e-02 4.669206e-01 9.128873e-02
2.262848e-02 5.818454e-01 4.334271e-02 1.623748e-01 6.248196e-03 -4.949225e-01 5.112338e-02 1.201668e-01 6.603480e-03 -7.814386e-02 1.304425e-02 7.398390e-01 7.600589e-02
2.683092e-02 4.712840e-01 4.243662e-02 1.513142e-01 1.331822e-02 -2.975325e-01 3.850938e-02 1.478191e-01 1.409446e-02 -5.315289e-02 1.761544e-02 6.092681e-01 4.108074e-02
1.325383e-02 5.234428e-01 8.585714e-02 1.535284e-01 3.171133e-02 -4.428354e-01 8.305940e-02 1.029492e-01 1.443644e-02 -5.314616e-02 3.071351e-02 6.370812e-01 8.200695e-02
1.357709e-02 4.531506e-01 4.037273e-02 1.264776e-01 9.690807e-03 -3.491197e-01 5.475335e-02 9.436375e-02 3.728334e-03 -3.071185e-02 1.251941e-02 5.057642e-01 7.388520e-02
1.454688e-02 5.356097e-01 6.979007e-02 1.388529e-01 1.505008e-02 -4.597987e-01 7.471077e-02 9.656142e-02 5.528817e-03 -4.675672e-02 2.148216e-02 6.432328e-01 7.793832e-02
1.616320e-02 5.535760e-01 3.874890e-02 1.645737e-01 9.961041e-03 -4.341753e-01 2.951453e-02 1.179148e-01 1.142126e-02 -5.766022e-02 1.698612e-02 6.362701e-01 7.026819e-02
1.842605e-02 4.493379e-01 3.846246e-02 1.088052e-01 2.017829e-02 -3.631459e-01 4.327903e-02 9.246058e-02 6.006766e-03 -2.434288e-02 2.082600e-02 5.611476e-01 5.996061e-02
2.133543e-02 4.906406e-01 5.259357e-02 1.361636e-01 1.997664e-02 -4.237763e-01 5.367939e-02 9.659047e-02 8.916886e-03 -7.750531e-02 2.101439e-02 6.812319e-01 7.316890e-02
2.489133e-02 6.198339e-01 7.203592e-02 1.588466e-01 3.403742e-02 -4.824476e-01 2.948469e-02 1.133279e-01 1.135337e-02 -6.724335e-02 2.064818e-02 8.212686e-01 5.340354e-02
2.909376e-02 5.366657e-01 2.514204e-02 1.698749e-01 1.152723e-02 -3.276560e-01 4.157584e-02 1.688999e-01 5.227811e-03 -4.951345e-02 1.730590e-02 6.649778e-01 3.509889e-02
1.616320e-02 5.341157e-01 7.130327e-02 1.601227e-01 2.760605e-02 -4.361276e-01 7.027178e-02 1.113631e-01 1.021253e-02 -5.315582e-02 2.954255e-02 6.728569e-01 1.003112e-01
1.648647e-02 4.688784e-01 5.003929e-02 1.258736e-01 1.491150e-02 -3.707673e-01 5.450236e-02 9.093316e-02 6.832886e-03 -3.352148e-02 1.096494e-02 5.813277e-01 7.273232e-02
1.745626e-02 5.529797e-01 7.580506e-02 1.471977e-01 2.219306e-02 -4.554038e-01 6.665750e-02 1.051086e-01 1.493232e-02 -5.535534e-02 1.479188e-02 6.887344e-01 9.923975e-02
1.907258e-02 5.044753e-01 8.002042e-02 1.239620e-01 1.315878e-02 -4.477660e-01 9.615792e-02 9.870994e-02 1.221280e-02 -5.334942e-02 1.694645e-02 6.529986e-01 9.668574e-02
2.133543e-02 4.931359e-01 2.405090e-02 1.337153e-01 9.230709e-03 -4.261046e-01 3.624151e-02 9.796491e-02 3.536950e-03 -8.470706e-02 1.218450e-02 6.815924e-01 7.400922e-02
2.424480e-02 4.550600e-01 2.208215e-02 1.205194e-01 1.350747e-02 -3.883174e-01 2.418214e-02 1.177213e-01 9.998789e-03 -4.450616e-02 1.649012e-02 6.433557e-01 2.075813e-02
2.780071e-02 5.651762e-01 9.500228e-02 1.535859e-01 3.981353e-02 -4.082729e-01 7.871983e-02 1.426093e-01 2.061969e-02 -6.351047e-02 3.072351e-02 7.863775e-01 6.939390e-02
3.200314e-02 5.322671e-01 4.405156e-02 1.186981e-01 8.373824e-03 -3.536728e-01 5.070162e-02 1.296402e-01 8.356323e-03 -1.557407e-02 1.861695e-02 7.131932e-01 6.973681e-02
1.971911e-02 4.980700e-01 5.661301e-02 1.228746e-01 3.072657e-02 -4.068830e-01 5.237040e-02 9.380924e-02 1.654628e-02 -4.120473e-02 2.074948e-02 6.313101e-01 5.944954e-02
2.004237e-02 5.222800e-01 6.067790e-02 1.459886e-01 8.010139e-03 -3.810090e-01 7.581094e-02 1.091503e-01 6.410581e-03 -3.825393e-02 1.588140e-02 5.873743e-01 8.069958e-02
2.101216e-02 5.403957e-01 5.570525e-02 1.819692e-01 2.222553e-02 -3.908528e-01 7.075710e-02 1.295300e-01 1.367746e-02 -6.721072e-02 2.089013e-02 5.998001e-01 8.039513e-02
2.262848e-02 4.885474e-01 6.035468e-02 1.181173e-01 1.940557e-02 -3.990269e-01 7.280391e-02 9.136376e-02 3.319850e-03 -6.253780e-02 2.485555e-02 6.869106e-01 7.476125e-02
2.489133e-02 5.276642e-01 6.405405e-02 1.406674e-01 1.617059e-02 -4.269641e-01 6.262344e-02 1.197388e-01 1.102684e-02 -6.694592e-02 1.629061e-02 7.367181e-01 9.565613e-02
2.780071e-02 5.262344e-01 1.922557e-02 1.675908e-01 1.257250e-02 -3.826355e-01 4.707825e-02 1.537967e-01 1.450351e-03 -8.131843e-02 1.789273e-02 7.137385e-01 6.930755e-02
3.135661e-02 5.495922e-01 6.561123e-02 1.691058e-01 3.486527e-02 -3.768975e-01 5.291688e-02 1.773282e-01 2.135407e-02 -6.792477e-02 3.696853e-02 7.730195e-01 4.620744e-02
3.555904e-02 4.849040e-01 4.293005e-02 1.193637e-01 1.139169e-02 -3.473730e-01 2.626770e-02 1.421695e-01 9.047588e-03 -4.485925e-02 2.131897e-02 8.206104e-01 9.788965e-02
2.392154e-02 3.838125e-01 3.915968e-02 1.206506e-01 9.816544e-03 -2.802161e-01 5.889142e-02 1.175474e-01 4.930539e-03 -4.599005e-02 2.207706e-02 5.581817e-01 7.347627e-02
2.424480e-02 5.058498e-01 4.346088e-02 1.378015e-01 9.462086e-03 -3.740494e-01 8.401227e-02 1.238095e-01 4.053669e-03 -6.001136e-02 2.709469e-02 6.170950e-01 1.089448e-01
2.521460e-02 6.629322e-01 7.422237e-02 2.032648e-01 3.429391e-02 -4.734196e-01 5.445376e-02 1.515991e-01 1.467576e-02 -7.534735e-02 2.754164e-02 7.202799e-01 6.341645e-02
2.683092e-02 5.561205e-01 6.366208e-02 1.560014e-01 1.271771e-02 -4.062199e-01 8.420408e-02 1.478588e-01 8.157481e-03 -4.162620e-02 2.121541e-02 7.839063e-01 1.427066e-01
2.909376e-02 4.706964e-01 2.949989e-02 1.236271e-01 1.230555e-02 -3.097719e-01 2.739912e-02 1.329392e-01 8.070690e-03 -3.588711e-02 1.007165e-02 5.388440e-01 3.490827e-02
3.200314e-02 6.589497e-01 5.734291e-02 1.794257e-01 3.672773e-02 -4.058848e-01 4.443413e-02 1.635835e-01 1.721910e-02 -7.511691e-02 2.651972e-02 6.910650e-01 6.455245e-02
3.555904e-02 5.471702e-01 6.291609e-02 1.345544e-01 1.069059e-02 -3.613254e-01 5.907557e-02 1.724328e-01 1.195899e-02 -1.083977e-01 2.385670e-02 8.220103e-01 8.780435e-02
3.976148e-02 4.388752e-01 2.606037e-02 1.599562e-01 2.118429e-02 -2.286007e-01 6.167470e-02 2.293115e-01 2.437158e-02 -1.261979e-01 2.885121e-02 7.304878e-01 8.728914e-02
1.163751e-02 4.903762e-01 3.086624e-02 1.341998e-01 1.045903e-02 -4.071256e-01 3.377002e-02 9.373704e-02 3.174206e-03 -3.558201e-02 1.405023e-02 5.959312e-01 1.827235e-02
1.196077e-02 4.945016e-01 5.956473e-02 1.162804e-01 1.560391e-02 -4.635022e-01 6.084437e-02 8.544594e-02 4.565800e-03 -2.961941e-02 1.618517e-02 6.657172e-01 7.041311e-02
1.293056e-02 5.205216e-01 4.377795e-02 1.185234e-01 2.362973e-02 -4.846753e-01 4.744291e-02 7.930494e-02 1.143776e-02 -4.783840e-02 1.465439e-02 6.756232e-01 6.280885e-02
1.454688e-02 4.514707e-01 2.810437e-02 1.111250e-01 3.944062e-03 -4.307655e-01 5.242181e-02 8.103111e-02 3.696237e-03 -4.255998e-02 1.345150e-02 6.682591e-01 7.678239e-02
1.680973e-02 6.253985e-01 9.828966e-02 1.722755e-01 2.464720e-02 -5.650949e-01 9.273526e-02 1.075283e-01 7.897807e-03 -9.038414e-02 2.576932e-02 7.996233e-01 8.247241e-02
1.971911e-02 5.709697e-01 9.267777e-02 1.615199e-01 3.415257e-02 -4.823666e-01 1.068915e-01 1.027637e-01 1.167231e-02 -8.929018e-02 3.285840e-02 7.027344e-01 1.268268e-01
2.327501e-02 5.277453e-01 3.925528e-02 1.432106e-01 1.730395e-02 -4.259651e-01 5.547351e-02 1.024059e-01 7.836383e-03 -7.179538e-02 2.390980e-02 7.474224e-01 5.808990e-02
2.747744e-02 5.024526e-01 2.886584e-02 1.177133e-01 2.258866e-02 -3.781463e-01 5.441494e-02 1.258682e-01 1.110275e-02 -5.385357e-02 9.158287e-03 6.520787e-01 1.192799e-01
1.196077e-02 5.301267e-01 9.877192e-02 1.472311e-01 2.345406e-02 -4.544759e-01 9.740869e-02 1.019578e-01 7.259343e-03 -4.730448e-02 2.446045e-02 6.163919e-01 1.124209e-01
1.228403e-02 6.326365e-01 9.771265e-02 1.691236e-01 3.315608e-02 -5.804676e-01 8.960074e-02 9.225170e-02 1.210394e-02 -9.520523e-02 2.409732e-02 7.333289e-01 9.603514e-02
1.325383e-02 5.534149e-01 1.059966e-01 1.393033e-01 1.510508e-02 -5.258553e-01 1.283475e-01 9.204351e-02 9.996355e-03 -5.453618e-02 1.815541e-02 7.953261e-01 1.729281e-01
1.487015e-02 5.642896e-01 8.240207e-02 1.550120e-01 2.547949e-02 -4.818146e-01 7.903975e-02 1.003981e-01 7.181207e-03 -6.380157e-02 2.423341e-02 6.709680e-01 9.003128e-02
1.713299e-02 5.890942e-01 8.230199e-02 1.732827e-01 3.290186e-02 -4.535483e-01 4.803397e-02 1.061657e-01 1.460570e-02 -8.298759e-02 2.270999e-02 5.940849e-01 4.056930e-02
2.004237e-02 6.859112e-01 8.063394e-02 1.801383e-01 2.953143e-02 -6.007650e-01 9.326322e-02 1.127488e-01 1.247834e-02 -8.199579e-02 3.730371e-02 8.882255e-01 1.251926e-01
2.359828e-02 5.277365e-01 5.195987e-02 1.565005e-01 2.081132e-02 -4.029519e-01 3.284602e-02 1.195371e-01 1.662098e-02 -5.349671e-02 7.646176e-03 7.101670e-01 6.806206e-02
2.780071e-02 6.818162e-01 8.746975e-02 2.279014e-01 4.498969e-02 -4.638029e-01 8.026041e-02 1.864510e-01 3.245293e-02 -1.044645e-01 3.903533e-02 6.830042e-01 9.657003e-02
1.293056e-02 5.467634e-01 9.988127e-02 1.426006e-01 1.960177e-02 -4.589491e-01 9.665137e-02 8.598315e-02 6.733754e-03 -6.124950e-02 1.947457e-02 5.964306e-01 9.780874e-02
1.325383e-02 4.657817e-01 9.142806e-02 1.422624e-01 3.223246e-02 -3.746464e-01 7.253029e-02 9.853430e-02 1.159764e-02 -4.749060e-02 2.656564e-02 5.187528e-01 7.781372e-02
1.422362e-02 6.361346e-01 3.932772e-02 1.675541e-01 1.101210e-02 -5.783793e-01 5.375834e-02 9.667392e-02 3.827727e-03 -9.155966e-02 2.499713e-02 7.575469e-01 5.682530e-02
1.583994e-02 4.978142e-01 5.551399e-02 1.482377e-01 1.492909e-02 -3.942474e-01 3.878519e-02 1.042862e-01 8.341593e-03 -5.159975e-02 1.652792e-02 5.386435e-01 2.534921e-02
1.810279e-02 4.402454e-01 4.074519e-02 1.017187e-01 2.115649e-02 -3.748829e-01 4.436392e-02 1.020257e-01 1.156343e-02 -1.443001e-02 1.740341e-02 6.189034e-01 7.224614e-02
2.101216e-02 5.475455e-01 5.747737e-02 1.648490e-01 1.826127e-02 -4.051747e-01 6.605120e-02 1.215694e-01 1.424292e-02 -4.663104e-02 1.673119e-02 6.383862e-01 8.863419e-02
2.456807e-02 4.587341e-01 3.240610e-02 1.304865e-01 7.136043e-03 -3.407281e-01 3.504181e-02 1.087289e-01 6.138313e-03 -4.650252e-02 1.217448e-02 6.508267e-01 4.394569e-02
2.877050e-02 5.838541e-01 3.600824e-02 1.592352e-01 8.243697e-03 -4.773531e-01 4.510412e-02 1.395131e-01 9.308581e-03 -9.119587e-02 1.381832e-02 8.110081e-01 5.092707e-02
1.454688e-02 5.456694e-01 8.253362e-02 1.794792e-01 1.809879e-02 -4.387836e-01 9.153871e-02 1.126671e-01 1.224249e-02 -8.938481e-02 2.255415e-02 5.971364e-01 9.218604e-02
1.487015e-02 5.000752e-01 1.366910e-01 1.279540e-01 3.261158e-02 -4.397987e-01 1.217373e-01 8.587530e-02 5.935177e-03 -4.268783e-02 3.542628e-02 6.663348e-01 1.178121e-01
1.583994e-02 4.788146e-01 4.064528e-02 1.364392e-01 8.506729e-03 -3.807792e-01 4.181219e-02 9.872828e-02 6.734632e-03 -4.794601e-02 6.056550e-03 5.640171e-01 7.481996e-02
1.745626e-02 5.254571e-01 7.901836e-02 1.473831e-01 1.775586e-02 -4.349739e-01 8.135698e-02 1.075013e-01 8.620990e-03 -6.024148e-02 1.306098e-02 6.317469e-01 9.410558e-02
1.971911e-02 5.283500e-01 7.412490e-02 1.266778e-01 3.291570e-02 -4.592750e-01 4.760839e-02 9.470218e-02 9.175959e-03 -5.270310e-02 2.371372e-02 6.865511e-01 5.829456e-02
2.262848e-02 5.433826e-01 2.402198e-02 1.480900e-01 1.988766e-02 -4.286643e-01 3.077521e-02 1.128806e-01 1.119459e-02 -7.524261e-02 1.978127e-02 6.566751e-01 4.525350e-02
2.618439e-02 5.503981e-01 2.725016e-02 1.364362e-01 1.926558e-02 -4.033097e-01 5.193631e-02 1.332500e-01 1.540119e-02 -3.363360e-02 2.286678e-02 6.831586e-01 7.053485e-02
3.038682e-02 5.390057e-01 3.220371e-02 1.625479e-01 8.995269e-03 -3.111800e-01 3.382240e-02 1.482388e-01 1.325230e-02 -4.567396e-02 1.796631e-02 6.174951e-01 2.121887e-02
1.680973e-02 4.113076e-01 4.154098e-02 1.244862e-01 1.700669e-02 -3.378984e-01 5.095130e-02 9.818914e-02 7.961681e-03 -3.633164e-02 2.592048e-02 5.610911e-01 7.603643e-02
1.713299e-02 5.661863e-01 9.406927e-02 1.526221e-01 2.415525e-02 -4.278058e-01 8.410107e-02 9.875552e-02 6.865771e-03 -4.896356e-02 1.887230e-02 6.129973e-01 8.520776e-02
1.810279e-02 4.874817e-01 3.421737e-02 1.300894e-01 1.433727e-02 -3.835719e-01 2.826590e-02 1.081833e-01 5.618495e-03 -3.303971e-02 1.691373e-02 5.938352e-01 2.614680e-02
1.971911e-02 5.204458e-01 6.456996e-02 1.456682e-01 2.111547e-02 -4.330466e-01 5.951901e-02 9.976236e-02 8.484976e-03 -7.482926e-02 2.425446e-02 6.721737e-01 7.914190e-02
2.198196e-02 5.627110e-01 3.901077e-02 1.870021e-01 1.790769e-02 -4.312242e-01 4.850946e-02 1.383388e-01 1.182168e-02 -7.919201e-02 1.582447e-02 6.998573e-01 5.574478e-02
2.489133e-02 5.654387e-01 6.773409e-02 1.615008e-01 3.169507e-02 -4.530218e-01 5.485595e-02 1.235412e-01 1.288996e-02 -9.558825e-02 2.278380e-02 6.686844e-01 8.238304e-02
2.844724e-02 5.486933e-01 6.833442e-02 1.420394e-01 2.795803e-02 -4.878245e-01 6.718279e-02 1.408477e-01 1.497897e-02 -6.819338e-02 1.570419e-02 9.132004e-01 1.334689e-01
3.264967e-02 5.992575e-01 5.551399e-02 1.640076e-01 1.612516e-02 -3.735185e-01 4.735051e-02 1.722340e-01 1.252122e-02 -5.009814e-02 2.221188e-02 7.297154e-01 1.005225e-01
1.971911e-02 4.395628e-01 7.611221e-02 1.118580e-01 2.078762e-02 -4.077439e-01 7.868046e-02 9.533689e-02 1.185250e-02 -3.969444e-02 1.800782e-02 6.968063e-01 1.024986e-01
2.004237e-02 4.859736e-01 3.654775e-02 1.551307e-01 1.938018e-02 -3.675311e-01 4.006865e-02 1.183946e-01 1.467025e-02 -6.665443e-02 2.178579e-02 5.523574e-01 4.235335e-02
2.101216e-02 4.715568e-01 2.848367e-02 1.378421e-01 1.009317e-02 -4.067750e-01 4.332658e-02 1.116319e-01 4.541164e-03 -7.164623e-02 1.687591e-02 6.562630e-01 6.906167e-02
2.262848e-02 5.079548e-01 2.777797e-02 1.380271e-01 1.637356e-02 -4.416378e-01 2.161516e-02 1.076525e-01 9.981641e-03 -5.403627e-02 1.783021e-02 7.328716e-01 4.334431e-02
2.489133e-02 4.963131e-01 2.414669e-02 1.411590e-01 1.257698e-02 -3.827192e-01 3.563568e-02 1.199991e-01 5.949907e-03 -5.076255e-02 1.159772e-02 6.712034e-01 4.466587e-02
2.780071e-02 5.301540e-01 5.089747e-02 1.539903e-01 1.894212e-02 -4.236801e-01 6.017310e-02 1.443249e-01 8.920188e-03 -6.072669e-02 2.849952e-02 7.655697e-01 2.820863e-02
3.135661e-02 4.749873e-01 4.883260e-02 1.326732e-01 1.991365e-02 -3.114296e-01 4.084657e-02 1.452243e-01 2.062720e-02 -5.008936e-02 1.829105e-02 6.964726e-01 8.317553e-02
3.555904e-02 6.205926e-01 8.322294e-02 1.157975e-01 2.494945e-02 -4.096226e-01 9.475354e-02 1.465667e-01 4.461709e-03 -2.967128e-02 3.498496e-02 8.568615e-01 1.162546e-01
2.327501e-02 5.342007e-01 7.155943e-02 1.663384e-01 3.912640e-02 -4.045872e-01 5.569643e-02 1.307252e-01 2.056414e-02 -7.154065e-02 2.777432e-02 6.483825e-01 5.935759e-02
2.359828e-02 5.406050e-01 9.190225e-02 1.457364e-01 3.185901e-02 -4.093828e-01 7.403135e-02 1.065311e-01 5.412601e-03 -7.520405e-02 2.264922e-02 6.406579e-01 8.482546e-02
2.456807e-02 4.279207e-01 3.040502e-02 1.271457e-01 1.028557e-02 -3.288664e-01 5.862151e-02 1.226888e-01 1.093967e-02 -4.744878e-02 1.398871e-02 6.582555e-01 7.664479e-02
2.618439e-02 5.246569e-01 7.141325e-02 1.238067e-01 2.338366e-02 -3.813287e-01 4.737723e-02 1.248478e-01 1.101039e-02 -3.209277e-02 3.028510e-02 7.320119e-01 5.662420e-02
2.844724e-02 5.644300e-01 5.443017e-02 1.407081e-01 1.674534e-02 -4.545379e-01 4.559929e-02 1.141922e-01 7.239206e-03 -6.851717e-02 1.800696e-02 8.266628e-01 5.026338e-02
3.135661e-02 5.218675e-01 5.882484e-02 1.423848e-01 2.206663e-02 -4.151663e-01 8.231164e-02 1.493406e-01 1.728040e-02 -9.166499e-02 2.518922e-02 7.443658e-01 9.221146e-02
3.491252e-02 7.164100e-01 5.297574e-02 2.093236e-01 2.869594e-02 -4.348503e-01 3.518167e-02 1.908479e-01 1.344092e-02 -1.091538e-01 1.652900e-02 7.493797e-01 3.251339e-02
3.911495e-02 6.879185e-01 4.040300e-02 2.244151e-01 4.096172e-02 -3.309995e-01 4.305790e-02 2.601938e-01 3.428000e-02 -1.081432e-01 4.226586e-02 8.193029e-01 1.022198e-01
2.747744e-02 6.050354e-01 2.219862e-02 1.652820e-01 2.445022e-02 -5.024822e-01 4.490216e-02 1.472931e-01 1.838533e-02 -9.590921e-02 1.444739e-02 8.503199e-01 1.165198e-01
2.780071e-02 6.272523e-01 1.180105e-01 1.552132e-01 4.019313e-02 -4.593228e-01 7.458793e-02 1.219414e-01 1.774318e-02 -5.833401e-02 3.318835e-02 7.490525e-01 3.272382e-02
2.877050e-02 4.465441e-01 1.458532e-02 1.427762e-01 1.460979e-02 -3.569483e-01 4.177019e-02 1.622160e-01 1.899352e-02 -5.657471e-02 2.776415e-02 6.904786e-01 7.639365e-02
3.038682e-02 6.171012e-01 8.346921e-02 1.451515e-01 2.278472e-02 -4.751206e-01 8.668111e-02 1.562004e-01 5.908779e-03 -8.154269e-02 2.465649e-02 8.635839e-01 6.395456e-02
3.264967e-02 4.797254e-01 3.648023e-02 1.358699e-01 9.316714e-03 -3.093892e-01 6.034300e-03 1.620333e-01 1.266967e-02 -3.703748e-02 2.421804e-02 6.927993e-01 3.347726e-02
3.555904e-02 6.152676e-01 7.240810e-02 1.709145e-01 2.314658e-02 -4.722369e-01 3.544240e-02 1.813064e-01 1.450606e-02 -8.384402e-02 1.708656e-02 8.828331e-01 7.985403e-02
3.911495e-02 5.572855e-01 2.459881e-02 1.715158e-01 1.828556e-02 -3.161009e-01 3.163030e-02 2.028412e-01 1.374571e-02 -7.930291e-02 2.348323e-02 6.744585e-01 4.456907e-02
4.331738e-02 6.439606e-01 8.126964e-02 1.744638e-01 3.683663e-02 -3.523848e-01 2.672879e-02 2.489617e-01 2.483650e-02 -1.320476e-01 2.764070e-02 8.698294e-01 9.113750e-02
1.583994e-02 6.335770e-01 3.904033e-02 1.696375e-01 1.494441e-02 -5.826193e-01 7.329226e-02 1.216567e-01 1.432434e-02 -5.358185e-02 1.482279e-02 8.566639e-01 9.580168e-02
1.616320e-02 5.572463e-01 1.059348e-01 1.500195e-01 2.827928e-02 -4.696479e-01 9.321916e-02 1.018214e-01 1.368154e-02 -6.427008e-02 2.089740e-02 6.567490e-01 1.006763e-01
1.713299e-02 4.016642e-01 6.055969e-02 9.776886e-02 1.297006e-02 -3.563361e-01 6.155196e-02 8.458745e-02 6.474192e-03 -2.585587e-02 1.451563e-02 5.747822e-01 7.621968e-02
1.874931e-02 4.922869e-01 1.476836e-02 1.417699e-01 1.339238e-02 -3.459781e-01 2.807928e-02 1.060685e-01 1.387338e-02 -3.664243e-02 1.279036e-02 5.166226e-01 4.841172e-02
2.101216e-02 4.919700e-01 3.188178e-02 1.388325e-01 1.405570e-02 -3.811417e-01 1.458752e-02 9.777105e-02 1.094506e-02 -3.962550e-02 5.718265e-03 6.183001e-01 4.952411e-02
2.392154e-02 6.359060e-01 5.085593e-02 1.656333e-01 8.985809e-03 -4.926472e-01 3.270773e-02 1.201189e-01 8.111535e-03 -6.746133e-02 1.040028e-02 7.108294e-01 5.147145e-02
2.747744e-02 5.265331e-01 5.477133e-02 1.642859e-01 2.789072e-02 -3.912221e-01 6.656923e-02 1.409794e-01 1.247152e-02 -6.775451e-02 2.722048e-02 6.613339e-01 8.551333e-02
3.167988e-02 4.868074e-01 2.289174e-02 1.337249e-01 1.555370e-02 -3.395720e-01 3.342404e-02 1.417718e-01 1.640427e-02 -3.317034e-02 1.465559e-02 7.551168e-01 2.797441e-02
1.616320e-02 4.163331e-01 3.928824e-02 1.298123e-01 1.086663e-02 -3.168805e-01 4.275470e-02 1.051438e-01 7.027135e-03 -3.347215e-02 1.450996e-02 5.038954e-01 4.477124e-02
1.648647e-02 6.266733e-01 7.260698e-02 1.688432e-01 1.621234e-02 -5.300666e-01 6.712395e-02 1.056368e-01 8.639342e-03 -8.483601e-02 1.617392e-02 6.910318e-01 7.269222e-02
1.745626e-02 5.362715e-01 5.551109e-02 1.702030e-01 1.778358e-02 -4.262131e-01 7.928310e-02 1.205632e-01 1.497913e-02 -5.354718e-02 1.444239e-02 6.656495e-01 1.231263e-01
1.907258e-02 4.627079e-01 3.754761e-02 1.247263e-01 1.748353e-02 -3.765848e-01 3.009196e-02 1.023570e-01 6.943833e-03 -2.878656e-02 2.429733e-02 5.994431e-01 5.530229e-02
2.133543e-02 6.604182e-01 8.403283e-02 1.617601e-01 1.684445e-02 -5.956528e-01 9.957839e-02 1.066784e-01 7.844002e-03 -9.772676e-02 2.480707e-02 8.492916e-01 9.283007e-02
2.424480e-02 5.347404e-01 3.087375e-02 1.615546e-01 9.186122e-03 -4.280239e-01 3.241990e-02 1.248432e-01 1.989307e-03 -7.005427e-02 1.499569e-02 7.490439e-01 1.519871e-02
2.780071e-02 6.276786e-01 4.135515e-02 1.930758e-01 1.848908e-02 -4.144800e-01 3.864353e-02 1.454563e-01 5.850142e-03 -5.403891e-02 2.717202e-02 7.434054e-01 4.144399e-02
3.200314e-02 5.030571e-01 4.926261e-02 1.282498e-01 2.360177e-02 -3.435977e-01 5.256253e-02 1.402428e-01 6.100170e-03 -4.264873e-02 2.936226e-02 7.170731e-01 6.056289e-02
1.713299e-02 5.161899e-01 8.731778e-02 1.282611e-01 2.635246e-02 -4.586199e-01 7.406374e-02 8.390356e-02 8.203600e-03 -5.426124e-02 1.941091e-02 6.749630e-01 9.052688e-02
1.745626e-02 4.651753e-01 4.868638e-02 1.308910e-01 1.542661e-02 -3.875201e-01 2.879834e-02 9.637896e-02 7.207020e-03 -6.113933e-02 9.450573e-03 6.113110e-01 2.993461e-02
1.842605e-02 4.566623e-01 7.686470e-02 1.206849e-01 2.437575e-02 -3.567522e-01 6.761121e-02 1.002947e-01 8.626025e-03 -2.566651e-02 1.841508e-02 5.518453e-01 6.119292e-02
2.004237e-02 5.199527e-01 8.136811e-02 1.468925e-01 3.804958e-02 -4.407112e-01 7.025910e-02 1.122480e-01 1.837329e-02 -6.453658e-02 3.119002e-02 6.850958e-01 6.654933e-02
2.230522e-02 4.732183e-01 2.841823e-02 1.311249e-01 1.679593e-02 -4.074836e-01 5.489848e-02 1.164291e-01 6.265183e-03 -4.057055e-02 1.825667e-02 6.735827e-01 8.121837e-02
2.521460e-02 5.390093e-01 6.834616e-02 1.402981e-01 2.177264e-02 -3.754717e-01 6.465100e-02 1.277987e-01 6.427551e-03 -4.170906e-02 2.794323e-02 6.219412e-01 7.178419e-02
2.877050e-02 5.575657e-01 7.306314e-02 1.178234e-01 2.360370e-02 -4.127234e-01 4.990059e-02 1.161161e-01 8.172325e-03 -4.167850e-02 1.762339e-02 7.125360e-01 8.884368e-02
3.297293e-02 6.340830e-01 4.249101e-02 1.967563e-01 1.465431e-02 -4.055061e-01 6.194827e-02 1.878507e-01 1.435585e-02 -1.021497e-01 1.592695e-02 7.769177e-01 8.450155e-02
1.874931e-02 5.683940e-01 7.836165e-02 1.547321e-01 3.284090e-02 -4.942849e-01 4.237030e-02 1.090163e-01 1.395349e-02 -5.838817e-02 2.511104e-02 7.763728e-01 2.090226e-02
1.907258e-02 5.144396e-01 5.005843e-02 1.440541e-01 1.967476e-02 -4.388070e-01 4.773543e-02 1.115597e-01 1.123625e-02 -6.850053e-02 1.859926e-02 6.429027e-01 4.933916e-02
2.004237e-02 4.962586e-01 2.781842e-02 1.533241e-01 8.345102e-03 -3.763045e-01 5.270303e-02 1.124991e-01 4.440556e-03 -5.890290e-02 1.536509e-02 6.224387e-01 5.827857e-02
2.165869e-02 4.492695e-01 1.557359e-02 1.269816e-01 1.547777e-02 -3.643279e-01 2.490836e-02 1.106295e-01 1.184033e-02 -5.528651e-02 1.229968e-02 6.151925e-01 5.830664e-02
2.392154e-02 5.696238e-01 6.818916e-02 1.772446e-01 2.697324e-02 -4.329412e-01 5.299530e-02 1.404662e-01 1.572091e-02 -7.559935e-02 2.407583e-02 6.641570e-01 4.107964e-02
2.683092e-02 5.203407e-01 8.617376e-02 1.330129e-01 3.239969e-02 -3.400100e-01 6.865786e-02 1.229417e-01 1.359178e-02 -4.008092e-02 2.450868e-02 6.433196e-01 6.963835e-02
3.038682e-02 5.522516e-01 2.229953e-02 1.191715e-01 2.260679e-02 -3.824678e-01 2.348243e-02 1.454934e-01 9.793234e-03 -5.330512e-02 1.446194e-02 7.197528e-01 5.702208e-02
3.458925e-02 5.260661e-01 1.639281e-02 1.414893e-01 1.492465e-02 -2.884569e-01 5.502123e-02 1.635187e-01 1.391495e-02 -4.787543e-02 3.287156e-02 6.707295e-01 9.495891e-02
2.101216e-02 5.750193e-01 5.847154e-02 1.456420e-01 1.314529e-02 -4.946734e-01 6.155373e-02 1.092407e-01 8.849374e-03 -6.902585e-02 2.506874e-02 7.510522e-01 9.328400e-02
2.133543e-02 4.591072e-01 7.253404e-02 1.167097e-01 1.967666e-02 -3.825418e-01 8.588816e-02 1.103957e-01 1.272958e-02 -3.153952e-02 2.100967e-02 6.845749e-01 1.059749e-01
2.230522e-02 5.600317e-01 7.966201e-02 1.465039e-01 1.427399e-02 -5.005329e-01 8.621915e-02 1.129199e-01 6.409426e-03 -8.231689e-02 1.758795e-02 7.953250e-01 1.110449e-01
2.392154e-02 6.395338e-01 1.565594e-01 1.728616e-01 3.917650e-02 -5.150917e-01 1.719207e-01 1.211323e-01 8.308681e-03 -8.559976e-02 4.750079e-02 7.450535e-01 1.881129e-01
2.618439e-02 5.327372e-01 7.533231e-02 1.662182e-01 2.373665e-02 -3.582415e-01 7.677765e-02 1.312018e-01 1.304550e-02 -6.616333e-02 2.087827e-02 6.151285e-01 6.097178e-02
2.909376e-02 5.091885e-01 7.102766e-02 1.277521e-01 3.033847e-02 -3.404628e-01 7.282381e-02 1.249077e-01 1.689409e-02 -3.585398e-02 3.142890e-02 6.517050e-01 8.215686e-02
3.264967e-02 4.782011e-01 6.578404e-02 1.185430e-01 1.630143e-02 -3.786390e-01 8.016807e-02 1.475856e-01 5.851780e-03 -6.539146e-02 2.672632e-02 8.573428e-01 8.978388e-02
3.685210e-02 6.035592e-01 4.315192e-02 1.914688e-01 1.415472e-02 -3.216254e-01 4.747624e-02 1.903268e-01 1.495885e-02 -1.027936e-01 2.252359e-02 7.886780e-01 8.052494e-02
2.392154e-02 6.384489e-01 6.600862e-02 1.389265e-01 2.236122e-02 -5.772809e-01 8.717877e-02 1.058298e-01 1.690541e-02 -6.053351e-02 1.935080e-02 9.360126e-01 1.223633e-01
2.424480e-02 5.340463e-01 5.232731e-02 1.539194e-01 1.618816e-02 -3.994133e-01 9.890838e-02 1.251370e-01 1.017781e-02 -6.078698e-02 1.880511e-02 6.740105e-01 1.466932e-01
2.521460e-02 5.187839e-01 9.518652e-02 1.289088e-01 2.285309e-02 -3.551702e-01 6.755813e-02 1.076419e-01 1.082819e-02 -3.787397e-02 2.627019e-02 6.242806e-01 4.525556e-02
2.683092e-02 4.371365e-01 1.806905e-02 1.339296e-01 1.101470e-02 -2.796088e-01 2.165128e-02 1.349335e-01 1.590051e-02 -4.885366e-02 6.555348e-03 5.525469e-01 3.606752e-02
2.909376e-02 5.490898e-01 9.059994e-02 1.450207e-01 4.265600e-02 -4.358395e-01 7.724145e-02 1.348171e-01 1.220276e-02 -6.018406e-02 3.446160e-02 7.759582e-01 9.630481e-02
3.200314e-02 4.979858e-01 3.313253e-02 1.320669e-01 1.884551e-02 -3.435758e-01 4.862255e-02 1.482596e-01 1.135737e-02 -4.954453e-02 1.586497e-02 6.450413e-01 7.961086e-02
3.555904e-02 5.665222e-01 4.300560e-02 1.258905e-01 1.398936e-02 -3.648346e-01 5.275636e-02 1.552830e-01 2.038857e-02 -7.434571e-02 1.842492e-02 7.407953e-01 7.709345e-02
3.976148e-02 6.123281e-01 8.643116e-02 1.593228e-01 2.239475e-02 -3.816997e-01 8.028107e-02 1.869228e-01 9.667203e-03 -8.560292e-02 2.993173e-02 8.813598e-01 1.352235e-01
2.747744e-02 4.665924e-01 3.017861e-02 1.353434e-01 1.589298e-02 -3.022561e-01 3.068057e-02 1.322129e-01 1.518078e-02 -3.197861e-02 1.397720e-02 5.493975e-01 3.293533e-02
2.780071e-02 5.849762e-01 4.922211e-02 1.411088e-01 1.630450e-02 -5.225994e-01 7.293519e-02 1.204935e-01 1.264061e-02 -9.410494e-02 2.713480e-02 9.086264e-01 1.156970e-01
2.877050e-02 5.324026e-01 2.996361e-02 1.273637e-01 7.353397e-03 -4.132411e-01 5.167130e-02 1.095505e-01 6.440052e-03 -5.089354e-02 1.775870e-02 7.791990e-01 8.499176e-02
3.038682e-02 6.373210e-01 6.954988e-02 1.903981e-01 2.155571e-02 -4.697633e-01 4.988953e-02 1.713708e-01 7.595345e-03 -1.139936e-01 2.351298e-02 7.469877e-01 4.131119e-02
3.264967e-02 5.616249e-01 4.399054e-02 1.563618e-01 2.764366e-02 -3.512252e-01 6.185719e-02 1.449849e-01 1.140249e-02 -6.853164e-02 3.139867e-02 7.811980e-01 8.713308e-02
3.555904e-02 5.622896e-01 4.723671e-02 1.608445e-01 1.816532e-02 -3.395903e-01 3.943175e-02 1.767409e-01 1.961850e-02 -9.164711e-02 1.940315e-02 7.275663e-01 5.124640e-02
3.911495e-02 5.407873e-01 3.523229e-02 1.091792e-01 1.749287e-02 -3.665257e-01 2.961752e-02 1.753385e-01 1.546369e-02 -8.058186e-02 2.598860e-02 9.019920e-01 3.866799e-02
4.331738e-02 5.884401e-01 7.733763e-02 1.481359e-01 3.021428e-02 -3.137888e-01 8.957065e-02 2.228262e-01 2.557542e-02 -9.481890e-02 4.232050e-02 8.904795e-01 8.974403e-02
3.167988e-02 6.009028e-01 5.784076e-02 1.396875e-01 3.393052e-02 -4.191029e-01 5.918047e-02 1.668460e-01 1.914370e-02 -3.843444e-02 1.352910e-02 8.116027e-01 9.785755e-02
3.200314e-02 4.553514e-01 5.053306e-02 1.153905e-01 2.049056e-02 -3.090337e-01 3.971248e-02 1.464743e-01 1.745354e-02 -4.513864e-02 2.370271e-02 7.051099e-01 4.577721e-02
3.297293e-02 5.096703e-01 4.466746e-02 1.338741e-01 2.192704e-02 -3.731042e-01 3.413527e-02 1.480353e-01 1.797664e-02 -4.547945e-02 1.083217e-02 8.043249e-01 1.007167e-01
3.458925e-02 6.614260e-01 6.504090e-02 1.603471e-01 2.439183e-02 -4.463255e-01 8.101356e-02 1.471792e-01 1.800450e-02 -7.201033e-02 1.603713e-02 9.299248e-01 8.625564e-02
3.685210e-02 6.164841e-01 7.876907e-02 1.710959e-01 3.511017e-02 -4.257930e-01 5.991852e-02 1.686854e-01 2.733079e-02 -9.683433e-02 3.348974e-02 9.124560e-01 8.556594e-02
3.976148e-02 5.215886e-01 9.410974e-02 1.523142e-01 5.501692e-02 -2.562601e-01 3.846558e-02 2.227088e-01 2.292021e-02 -8.486748e-02 1.442133e-02 8.332953e-01 6.398131e-02
4.331738e-02 6.095490e-01 7.407101e-02 1.448073e-01 4.046482e-02 -3.294255e-01 7.851116e-02 2.620838e-01 8.988875e-03 -6.978806e-02 2.303284e-02 9.093527e-01 1.079991e-01
4.751981e-02 6.057737e-01 2.662761e-02 1.674101e-01 1.893082e-02 -2.625490e-01 3.564368e-02 3.293833e-01 2.176503e-02 -9.644491e-02 5.151902e-02 8.727497e-01 8.975694e-02
