# k^2  LiLi LiLi_error  LiCl LiCl_error  LiNa LiNa_error  ClCl ClCl_error  ClNa ClNa_error  NaNa NaNa_error
0.000000e+00 1.120000e+03 0.000000e+00 1.893146e+03 0.000000e+00 1.526303e+03 0.000000e+00 3.200000e+03 0.000000e+00 2.579922e+03 0.000000e+00 2.080000e+03 0.000000e+00
3.071116e-04 4.131345e-01 1.790245e-01 1.150179e-01 4.191734e-02 -1.592414e-01 8.235692e-02 7.188752e-02 8.557451e-03 5.318404e-03 2.071072e-02 1.251658e-01 3.716489e-02
1.228446e-03 8.096742e-01 2.183677e-01 1.428449e-01 5.516387e-02 -4.175205e-01 9.266823e-02 8.412232e-02 1.222189e-02 -6.634818e-05 2.918081e-02 3.131626e-01 4.114901e-02
2.764004e-03 6.150832e-01 1.259050e-01 7.637328e-02 1.819091e-02 -3.433636e-01 8.057099e-02 5.985552e-02 4.491449e-03 2.091634e-02 1.483359e-02 2.826609e-01 5.704169e-02
4.913786e-03 6.337004e-01 9.256610e-02 1.042834e-01 1.984943e-02 -3.075488e-01 3.588173e-02 6.162570e-02 6.704471e-03 1.574394e-03 1.002559e-02 2.368724e-01 2.145287e-02
7.677790e-03 6.410948e-01 8.935719e-02 1.064876e-01 2.137298e-02 -3.312413e-01 5.379471e-02 6.258594e-02 8.541089e-03 -9.924972e-03 1.011047e-02 2.587532e-01 3.599342e-02
1.105602e-02 8.688918e-01 1.244160e-01 1.763074e-01 2.218898e-02 -4.112417e-01 6.872614e-02 8.564226e-02 3.266738e-03 -3.046429e-02 1.267417e-02 3.151646e-01 4.552458e-02
1.504847e-02 8.847181e-01 1.572837e-01 1.489969e-01 2.853145e-02 -4.241925e-01 6.674744e-02 8.830332e-02 7.137111e-03 -1.467535e-02 1.702768e-02 3.598371e-01 2.264816e-02
3.071116e-04 5.186414e-01 1.009442e-01 7.893916e-02 2.789104e-02 -2.813540e-01 4.699819e-02 5.804216e-02 5.948902e-03 1.410366e-02 2.130580e-02 2.245809e-01 2.579769e-02
6.142232e-04 1.151721e+00 2.536849e-01 1.630908e-01 4.240610e-02 -6.393325e-01 1.456107e-01 7.330546e-02 7.865767e-03 -2.782500e-02 2.774887e-02 4.364599e-01 8.268027e-02
1.535558e-03 1.380760e+00 2.211041e-01 2.058046e-01 3.417165e-02 -7.529290e-01 1.281829e-01 7.994277e-02 6.547616e-03 -5.237186e-02 1.882218e-02 4.919031e-01 7.944192e-02
3.071116e-03 7.105144e-01 8.956634e-02 1.371147e-01 1.166061e-02 -3.323350e-01 5.797625e-02 7.324622e-02 8.597741e-03 -9.540202e-03 9.995868e-03 2.335379e-01 3.364928e-02
5.220897e-03 6.989410e-01 1.388454e-01 1.004697e-01 2.563834e-02 -3.726713e-01 7.666614e-02 6.487003e-02 7.931328e-03 2.696658e-03 1.176426e-02 2.898069e-01 4.913041e-02
7.984902e-03 7.857421e-01 1.754145e-01 1.305230e-01 3.204598e-02 -3.840331e-01 8.652949e-02 7.712528e-02 5.957280e-03 -6.866315e-03 1.689665e-02 2.899017e-01 3.960619e-02
1.136313e-02 9.771482e-01 9.568662e-02 1.632442e-01 2.006280e-02 -4.997764e-01 4.869477e-02 8.967249e-02 6.991075e-03 -2.475655e-02 1.502245e-02 3.723594e-01 2.520345e-02
1.535558e-02 1.022692e+00 1.375051e-01 1.684761e-01 2.569614e-02 -5.004537e-01 1.009779e-01 8.376390e-02 1.108624e-02 -3.239550e-02 1.020167e-02 3.686751e-01 6.987845e-02
1.228446e-03 1.016522e+00 3.042411e-01 1.600643e-01 4.682215e-02 -5.512624e-01 1.693755e-01 7.370572e-02 5.840011e-03 -2.695343e-02 2.942207e-02 3.790501e-01 9.293326e-02
1.535558e-03 1.087622e+00 2.157286e-01 1.481534e-01 4.070371e-02 -6.014055e-01 1.252898e-01 7.715304e-02 7.635112e-03 -9.809348e-03 2.180379e-02 4.326274e-01 8.403883e-02
2.456893e-03 5.786605e-01 1.418317e-01 1.125852e-01 3.124959e-02 -2.809780e-01 7.425474e-02 8.067512e-02 8.565905e-03 1.649370e-02 1.331323e-02 2.352407e-01 4.154107e-02
3.992451e-03 5.364433e-01 1.133706e-01 8.428321e-02 2.340273e-02 -2.737799e-01 6.472604e-02 5.491917e-02 4.708341e-03 5.370120e-03 1.215349e-02 2.144532e-01 4.310622e-02
6.142232e-03 7.279364e-01 1.172882e-01 1.365559e-01 3.241110e-02 -3.632854e-01 7.069434e-02 7.532817e-02 9.553698e-03 -1.042201e-02 1.495134e-02 2.844317e-01 4.711986e-02
8.906236e-03 8.154535e-01 1.066358e-01 1.284633e-01 1.597900e-02 -4.133783e-01 6.896071e-02 7.593613e-02 3.973255e-03 -3.260249e-03 1.027601e-02 3.326247e-01 4.902136e-02
1.228446e-02 8.452346e-01 1.108225e-01 1.784975e-01 2.655165e-02 -3.472035e-01 4.514085e-02 1.043923e-01 9.527888e-03 -7.212581e-03 1.538916e-02 2.764078e-01 2.760213e-02
1.627691e-02 8.165699e-01 1.115267e-01 1.653965e-01 4.874837e-02 -3.853545e-01 4.849116e-02 1.038790e-01 1.385545e-02 -1.968680e-02 2.673752e-02 3.408716e-01 1.744011e-02
2.764004e-03 7.640203e-01 3.075854e-01 1.559952e-01 5.817097e-02 -3.534720e-01 1.539040e-01 7.904621e-02 1.064210e-02 -1.517563e-02 2.997983e-02 2.445583e-01 7.879321e-02
3.071116e-03 6.352981e-01 8.353644e-02 1.045077e-01 2.426914e-02 -3.371009e-01 3.052509e-02 6.586792e-02 5.234209e-03 1.021570e-03 1.617621e-02 2.622308e-01 1.211874e-02
3.992451e-03 7.016269e-01 1.457670e-01 8.860317e-02 9.446036e-03 -3.803768e-01 9.653919e-02 6.712570e-02 7.471557e-03 1.934245e-02 9.578164e-03 3.092413e-01 5.795318e-02
5.528009e-03 7.767347e-01 1.002277e-01 1.376172e-01 2.851584e-02 -3.835971e-01 5.054979e-02 7.692768e-02 9.533622e-03 -1.140794e-02 1.453632e-02 2.860331e-01 2.440224e-02
7.677790e-03 6.858432e-01 6.398788e-02 1.472174e-01 8.687933e-03 -2.915365e-01 4.306265e-02 8.755200e-02 9.011205e-03 -3.550511e-03 1.104322e-02 2.317679e-01 2.606733e-02
1.044179e-02 5.688002e-01 3.835336e-02 1.135511e-01 2.826941e-02 -2.617419e-01 2.894672e-02 8.030781e-02 9.197065e-03 9.808405e-04 1.096193e-02 2.332900e-01 2.608487e-02
1.382002e-02 7.956031e-01 7.247463e-02 1.337337e-01 1.592803e-02 -3.927954e-01 5.128462e-02 8.895751e-02 8.253400e-03 -1.136209e-02 1.230924e-02 3.183780e-01 2.865097e-02
1.781247e-02 7.027490e-01 7.493979e-02 1.178894e-01 2.225116e-02 -3.263687e-01 5.705353e-02 1.058518e-01 8.705239e-03 1.350726e-03 1.673118e-02 3.191400e-01 3.328785e-02
4.913786e-03 9.844735e-01 1.739907e-01 1.656243e-01 3.334518e-02 -5.026610e-01 8.363274e-02 9.381043e-02 1.378482e-02 -1.147285e-02 1.678679e-02 3.646363e-01 3.397727e-02
5.220897e-03 5.515819e-01 7.441349e-02 1.097137e-01 1.401958e-02 -2.536176e-01 4.153046e-02 6.832417e-02 3.934769e-03 8.485726e-04 7.057573e-03 1.965852e-01 2.049729e-02
6.142232e-03 9.727422e-01 8.179770e-02 1.771137e-01 3.834699e-02 -4.572300e-01 2.304548e-02 8.565612e-02 1.453003e-02 -2.159672e-02 1.382700e-02 3.171157e-01 1.621282e-02
7.677790e-03 6.448185e-01 1.926451e-01 9.254676e-02 2.480601e-02 -3.253029e-01 1.154238e-01 6.447428e-02 8.655202e-03 9.095278e-03 1.137151e-02 2.672964e-01 7.720046e-02
9.827571e-03 1.060835e+00 3.126471e-01 1.534312e-01 4.072044e-02 -5.471635e-01 1.846197e-01 8.225830e-02 6.970058e-03 -2.259638e-02 2.262590e-02 3.887644e-01 1.098662e-01
1.259158e-02 5.818273e-01 8.396427e-02 1.113689e-01 2.312800e-02 -2.548467e-01 3.778354e-02 8.395182e-02 1.120445e-02 5.136338e-03 1.016197e-02 2.367458e-01 2.325171e-02
1.596980e-02 8.146673e-01 1.025764e-01 1.512370e-01 2.521303e-02 -3.591991e-01 4.741538e-02 8.679134e-02 7.502287e-03 -1.861018e-02 1.195025e-02 2.823141e-01 2.482668e-02
1.996225e-02 7.066738e-01 6.125258e-02 1.246799e-01 1.805073e-02 -3.381917e-01 4.773618e-02 1.061012e-01 1.445656e-02 -1.771228e-03 1.107506e-02 3.450881e-01 2.508240e-02
7.677790e-03 8.583828e-01 2.248523e-01 1.207660e-01 2.188709e-02 -4.428689e-01 1.308628e-01 7.941673e-02 8.168090e-03 4.484818e-03 1.334909e-02 3.449747e-01 7.431769e-02
7.984902e-03 8.213373e-01 1.651215e-01 1.085759e-01 2.571784e-02 -4.271488e-01 1.043125e-01 7.863618e-02 1.001547e-02 1.451164e-02 5.985129e-03 3.459047e-01 6.643799e-02
8.906236e-03 1.032099e+00 1.593582e-01 1.625061e-01 2.618217e-02 -5.479721e-01 9.926343e-02 8.801814e-02 8.389509e-03 -2.057954e-02 2.031791e-02 4.068536e-01 5.576312e-02
1.044179e-02 7.696834e-01 1.136183e-01 1.313646e-01 3.196725e-02 -3.674905e-01 4.457000e-02 8.361840e-02 7.355603e-03 -5.441248e-03 1.441638e-02 2.886864e-01 2.236258e-02
1.259158e-02 8.297639e-01 1.283724e-01 1.221076e-01 1.732695e-02 -3.999642e-01 7.291180e-02 7.425547e-02 7.253745e-03 -8.673672e-03 1.050462e-02 3.085171e-01 5.063103e-02
1.535558e-02 7.713292e-01 1.485580e-01 1.396984e-01 3.347930e-02 -3.636799e-01 5.966752e-02 8.993798e-02 1.162435e-02 -1.433092e-02 1.879359e-02 3.076929e-01 1.834926e-02
1.873381e-02 8.717018e-01 6.999473e-02 1.441169e-01 2.231358e-02 -4.040566e-01 6.015287e-02 9.631588e-02 6.015283e-03 -1.614270e-03 1.228718e-02 3.659193e-01 5.099455e-02
2.272626e-02 7.877631e-01 1.114430e-01 1.390241e-01 2.100791e-02 -3.798064e-01 7.900526e-02 1.193537e-01 4.962634e-03 -2.365927e-02 1.725530e-02 3.822111e-01 4.973746e-02
1.105602e-02 8.668317e-01 1.334622e-01 1.450603e-01 1.809705e-02 -4.211558e-01 9.129607e-02 8.277907e-02 1.015255e-02 -1.459997e-02 1.285111e-02 3.154278e-01 4.945661e-02
1.136313e-02 9.287580e-01 1.599280e-01 1.162696e-01 2.567545e-02 -4.697015e-01 1.012107e-01 7.469707e-02 5.182495e-03 -3.925900e-03 1.245299e-02 3.530184e-01 6.953859e-02
1.228446e-02 1.085666e+00 7.731509e-02 1.763062e-01 2.939597e-02 -5.125965e-01 5.996727e-02 9.332976e-02 1.007595e-02 -1.346506e-02 2.177629e-02 3.934479e-01 4.805614e-02
1.382002e-02 7.348985e-01 1.355308e-01 1.364319e-01 8.600281e-03 -3.528319e-01 8.318505e-02 9.607991e-02 2.238389e-03 -1.124524e-02 1.076056e-02 2.989003e-01 4.470652e-02
1.596980e-02 7.066584e-01 4.798520e-02 1.011898e-01 1.463370e-02 -3.551354e-01 2.178147e-02 8.621462e-02 5.812743e-03 1.890983e-02 1.483479e-02 3.355187e-01 3.573132e-02
1.873381e-02 8.421806e-01 6.821633e-02 1.691398e-01 2.634113e-02 -3.988950e-01 2.791836e-02 1.066495e-01 1.502601e-02 -1.833160e-02 8.299832e-03 3.474348e-01 3.231590e-02
2.211204e-02 8.752895e-01 1.160412e-01 1.707249e-01 2.186425e-02 -3.600170e-01 6.411024e-02 1.182270e-01 1.391554e-02 -1.032434e-02 1.691539e-02 3.235345e-01 2.216953e-02
2.610449e-02 9.408306e-01 4.715092e-02 2.006536e-01 1.963864e-02 -3.817083e-01 3.467911e-02 1.466634e-01 5.952802e-03 -3.547905e-02 1.059276e-02 3.752119e-01 2.150136e-02
1.504847e-02 7.244996e-01 3.241563e-02 1.538262e-01 1.830568e-02 -3.049225e-01 2.296319e-02 9.816506e-02 6.509172e-03 -8.036009e-03 9.297769e-03 2.668324e-01 1.660529e-02
1.535558e-02 8.255188e-01 1.017504e-01 1.487936e-01 2.285108e-02 -4.038524e-01 4.944920e-02 9.291384e-02 7.354969e-03 -1.313170e-02 1.311401e-02 3.464351e-01 2.745297e-02
1.627691e-02 6.899769e-01 1.179351e-01 1.217817e-01 3.137343e-02 -3.049176e-01 5.597779e-02 9.290516e-02 3.562707e-03 1.465305e-02 1.761163e-02 2.988086e-01 2.996590e-02
1.781247e-02 7.775819e-01 9.428585e-02 1.407620e-01 1.737737e-02 -3.707458e-01 6.637341e-02 9.441485e-02 7.219910e-03 -9.047363e-03 2.185986e-03 3.645876e-01 5.063860e-02
1.996225e-02 8.858155e-01 6.517984e-02 1.332911e-01 3.696255e-02 -4.163195e-01 3.174971e-02 9.504311e-02 1.032645e-02 -2.323398e-02 1.617224e-02 3.414859e-01 2.141551e-02
2.272626e-02 7.411648e-01 5.424053e-02 1.177000e-01 1.466031e-02 -3.474465e-01 3.387551e-02 9.678371e-02 8.164072e-03 -1.217285e-02 8.545288e-03 3.757747e-01 2.163131e-02
2.610449e-02 6.419753e-01 9.151659e-02 1.259920e-01 2.804695e-02 -2.646110e-01 6.029843e-02 1.406695e-01 4.794005e-03 1.349969e-02 2.059577e-02 3.477717e-01 4.383277e-02
3.009694e-02 8.614419e-01 1.328892e-01 1.886088e-01 2.437376e-02 -3.656315e-01 8.231423e-02 1.644939e-01 8.338955e-03 -4.567740e-02 2.108001e-02 4.171240e-01 7.234606e-02
3.071116e-04 2.545705e-01 9.378627e-02 7.176191e-02 2.470836e-02 -9.764984e-02 4.257231e-02 6.906920e-02 1.151964e-02 3.231795e-02 5.340203e-03 1.120657e-01 2.476365e-02
6.142232e-04 8.176828e-01 2.790557e-01 1.477653e-01 5.550378e-02 -4.135352e-01 1.445549e-01 8.991795e-02 1.252053e-02 4.457017e-03 2.643939e-02 3.116140e-01 8.500422e-02
1.535558e-03 9.809786e-01 2.422556e-01 1.127277e-01 1.981270e-02 -5.808134e-01 1.613770e-01 6.819538e-02 8.097225e-03 7.681869e-04 1.145211e-02 4.341992e-01 1.096633e-01
3.071116e-03 6.046483e-01 1.657666e-01 9.153267e-02 2.875622e-02 -3.199074e-01 9.147381e-02 6.135404e-02 1.050575e-02 7.095654e-03 9.867084e-03 2.505552e-01 5.730479e-02
5.220897e-03 5.785152e-01 1.357433e-01 1.058815e-01 2.160884e-02 -2.813004e-01 6.115557e-02 6.013192e-02 7.244622e-03 -5.668413e-05 9.607474e-03 2.290403e-01 2.703536e-02
7.984902e-03 5.797178e-01 7.210676e-02 7.977872e-02 9.752594e-03 -3.113912e-01 4.516827e-02 7.091969e-02 8.633878e-03 2.357848e-02 1.623660e-02 2.893110e-01 3.892588e-02
1.136313e-02 8.125732e-01 1.728831e-01 1.206800e-01 2.487173e-02 -4.267814e-01 1.085322e-01 7.451718e-02 4.336776e-03 -5.863352e-03 1.537438e-02 3.482504e-01 6.709394e-02
1.535558e-02 5.904889e-01 6.890399e-02 8.756664e-02 2.053441e-02 -2.795085e-01 4.006557e-02 7.840838e-02 3.271465e-03 1.047671e-02 1.442538e-02 2.649625e-01 1.840888e-02
6.142232e-04 3.225159e-01 1.119821e-01 5.801887e-02 1.503320e-02 -1.605670e-01 6.462597e-02 5.336492e-02 6.874433e-03 2.351101e-02 1.070375e-02 1.467657e-01 3.673465e-02
9.213348e-04 5.299170e-01 1.120729e-01 1.064610e-01 1.532726e-02 -2.552060e-01 6.378368e-02 6.944699e-02 6.760727e-03 8.751152e-03 1.092014e-02 2.024664e-01 3.644677e-02
1.842670e-03 3.241220e-01 6.272287e-02 5.714538e-02 1.037693e-02 -1.575156e-01 4.173457e-02 5.893768e-02 7.178190e-03 3.139812e-02 4.611375e-03 1.571635e-01 2.757624e-02
3.378228e-03 7.313151e-01 1.257073e-01 1.262963e-01 2.059743e-02 -3.780737e-01 8.937569e-02 8.423011e-02 6.275937e-03 1.150053e-02 1.407937e-02 3.072796e-01 6.597217e-02
5.528009e-03 7.248947e-01 7.792161e-02 1.317968e-01 2.100827e-02 -3.506588e-01 5.444625e-02 8.456060e-02 8.446696e-03 5.483992e-03 1.239863e-02 2.752389e-01 4.361721e-02
8.292013e-03 6.135956e-01 2.775705e-02 9.590621e-02 1.380811e-02 -2.931026e-01 1.783611e-02 6.106547e-02 2.975511e-03 8.082225e-03 9.794532e-03 2.503648e-01 1.382766e-02
1.167024e-02 6.902758e-01 5.072610e-02 1.263196e-01 2.081283e-02 -3.256242e-01 1.877885e-02 8.661180e-02 6.486747e-03 7.392721e-04 1.020004e-02 2.837857e-01 1.839591e-02
1.566269e-02 9.449590e-01 1.149962e-01 1.461555e-01 1.411699e-02 -4.810550e-01 8.802801e-02 8.383345e-02 7.725937e-03 -2.171992e-02 6.058330e-03 3.941461e-01 6.696630e-02
1.535558e-03 1.112790e+00 1.425746e-01 1.578010e-01 4.185754e-02 -6.192204e-01 5.255536e-02 6.959675e-02 9.695802e-03 -2.911306e-02 2.046891e-02 4.256843e-01 1.898904e-02
1.842670e-03 4.780015e-01 9.376401e-02 9.174090e-02 1.894832e-02 -2.301921e-01 4.553683e-02 6.959961e-02 2.466157e-03 1.686722e-02 1.665220e-02 1.923648e-01 1.531481e-02
2.764004e-03 7.702565e-01 8.895966e-02 1.462601e-01 1.616382e-02 -3.571205e-01 6.499593e-02 8.240526e-02 6.883323e-03 -1.924542e-03 1.011113e-02 2.593403e-01 4.107278e-02
4.299562e-03 7.583907e-01 1.136789e-01 7.824043e-02 1.981036e-02 -4.605090e-01 6.421126e-02 5.652860e-02 4.656128e-03 8.138150e-03 9.414803e-03 3.663413e-01 4.348949e-02
6.449344e-03 6.619307e-01 1.149434e-01 1.225523e-01 1.875318e-02 -3.228914e-01 6.719977e-02 7.369577e-02 4.307281e-03 -4.745645e-03 1.065016e-02 2.483147e-01 4.708008e-02
9.213348e-03 7.662497e-01 1.869110e-01 1.289031e-01 3.324638e-02 -3.660276e-01 9.855372e-02 7.223820e-02 6.470499e-03 -1.185388e-02 2.149022e-02 2.779268e-01 5.511742e-02
1.259158e-02 7.408344e-01 5.531339e-02 1.424376e-01 2.310140e-02 -3.367256e-01 3.465864e-02 8.886529e-02 5.591061e-03 -1.436260e-02 1.180538e-02 2.788628e-01 2.958443e-02
1.658403e-02 8.734970e-01 1.876275e-01 1.592653e-01 3.466202e-02 -4.039358e-01 1.003074e-01 9.636459e-02 1.437390e-02 -1.377548e-02 2.062256e-02 3.557031e-01 5.555355e-02
3.071116e-03 8.559774e-01 1.235943e-01 1.197128e-01 2.523985e-02 -4.715272e-01 5.843129e-02 6.213455e-02 5.363830e-03 -1.082804e-02 1.443575e-02 3.413211e-01 2.874459e-02
3.378228e-03 7.821339e-01 2.104180e-01 1.348471e-01 2.210946e-02 -4.028970e-01 1.373785e-01 7.735003e-02 7.030664e-03 -4.724559e-03 1.048398e-02 3.034556e-01 9.596646e-02
4.299562e-03 8.638270e-01 1.970856e-01 1.348259e-01 2.059747e-02 -4.419489e-01 1.177925e-01 7.766648e-02 6.320189e-03 -1.142871e-03 1.555900e-02 3.286878e-01 6.896710e-02
5.835120e-03 7.658079e-01 1.909994e-01 1.097226e-01 2.510283e-02 -4.076214e-01 1.136161e-01 7.388976e-02 5.118553e-03 8.375465e-03 2.003245e-02 3.214823e-01 6.834186e-02
7.984902e-03 6.824031e-01 5.695015e-02 1.348671e-01 8.604404e-03 -3.126145e-01 3.229093e-02 7.214076e-02 3.864600e-03 -1.038945e-02 8.114790e-03 2.503529e-01 2.419741e-02
1.074891e-02 8.068755e-01 1.332238e-01 1.315445e-01 3.138859e-02 -4.150221e-01 6.730960e-02 8.061420e-02 6.170127e-03 -9.080558e-03 1.779554e-02 3.314673e-01 3.762865e-02
1.412713e-02 7.484056e-01 7.677284e-02 1.173508e-01 1.593969e-02 -3.631442e-01 6.492669e-02 7.546762e-02 6.582102e-03 -1.750364e-02 1.380570e-02 2.928578e-01 4.765182e-02
1.811958e-02 8.070527e-01 6.459797e-02 1.376011e-01 1.202549e-02 -3.674117e-01 3.676826e-02 1.027458e-01 9.598156e-03 5.019630e-03 6.509033e-03 3.313861e-01 3.772051e-02
5.220897e-03 7.051020e-01 6.408285e-02 8.385017e-02 1.599719e-02 -3.966668e-01 3.931456e-02 6.816844e-02 4.433469e-03 1.855816e-02 1.067392e-02 3.253924e-01 2.717563e-02
5.528009e-03 7.369696e-01 2.370233e-01 1.355103e-01 3.110844e-02 -3.617248e-01 1.399759e-01 7.484661e-02 9.107144e-03 -1.188940e-02 1.773579e-02 2.661054e-01 8.074629e-02
6.449344e-03 6.279934e-01 1.308280e-01 1.136374e-01 2.599365e-02 -2.845642e-01 6.732709e-02 6.518358e-02 8.655354e-03 -2.617250e-03 1.047990e-02 2.199585e-01 3.336093e-02
7.984902e-03 8.978770e-01 2.928344e-01 1.329866e-01 4.929132e-02 -4.679150e-01 1.687667e-01 6.773503e-02 8.806232e-03 -1.334093e-02 3.027482e-02 3.534518e-01 9.150518e-02
1.013468e-02 7.167750e-01 1.276953e-01 1.033134e-01 2.569406e-02 -3.683704e-01 5.983374e-02 7.154322e-02 5.075299e-03 6.879514e-03 9.742990e-03 3.199164e-01 3.363699e-02
1.289869e-02 1.098086e+00 1.821256e-01 1.804151e-01 3.667745e-02 -5.241108e-01 7.741007e-02 9.490924e-02 9.654176e-03 -2.761705e-02 1.586659e-02 3.780260e-01 3.273873e-02
1.627691e-02 5.393630e-01 5.768698e-02 8.304296e-02 1.853002e-02 -2.449222e-01 2.932916e-02 8.788154e-02 6.401210e-03 2.308507e-02 7.859167e-03 2.849263e-01 3.011677e-02
2.026937e-02 9.426562e-01 1.304231e-01 1.890155e-01 3.026395e-02 -4.162316e-01 5.063877e-02 1.119978e-01 1.032027e-02 -2.498612e-02 1.977485e-02 3.699849e-01 2.528983e-02
7.984902e-03 9.825337e-01 2.137481e-01 1.655951e-01 2.948623e-02 -4.798112e-01 1.070371e-01 8.920235e-02 7.423066e-03 -1.406731e-02 1.281861e-02 3.479586e-01 5.841326e-02
8.292013e-03 1.400349e+00 3.787333e-01 2.507734e-01 5.241402e-02 -6.814443e-01 2.170173e-01 9.647263e-02 7.877676e-03 -6.290491e-02 3.461414e-02 4.427665e-01 1.182855e-01
9.213348e-03 8.637488e-01 2.311624e-01 1.367064e-01 3.259707e-02 -4.487913e-01 1.382077e-01 7.103724e-02 8.050396e-03 -2.423558e-02 2.168987e-02 3.280041e-01 7.777405e-02
1.074891e-02 8.032149e-01 1.460307e-01 1.239664e-01 1.683578e-02 -3.946233e-01 7.639909e-02 7.358471e-02 7.661100e-03 -9.315352e-03 7.090731e-03 2.990046e-01 4.145215e-02
1.289869e-02 1.014270e+00 2.040672e-01 2.108771e-01 4.103290e-02 -4.898032e-01 1.106249e-01 1.081115e-01 1.124219e-02 -4.156798e-02 1.882125e-02 3.646667e-01 7.072264e-02
1.566269e-02 7.156374e-01 4.987424e-02 1.279519e-01 1.627989e-02 -3.300137e-01 3.205493e-02 9.525385e-02 6.549315e-03 -9.333811e-03 7.819136e-03 2.761934e-01 2.293055e-02
1.904092e-02 8.001600e-01 1.067436e-01 1.375790e-01 1.869437e-02 -3.934368e-01 4.780047e-02 1.016950e-01 6.884391e-03 -4.283995e-03 1.825245e-02 3.610696e-01 1.987847e-02
2.303337e-02 6.620454e-01 5.408748e-02 1.185945e-01 5.941687e-03 -3.173033e-01 3.020064e-02 1.053260e-01 1.091791e-02 -4.092957e-03 7.958754e-03 3.370144e-01 2.285748e-02
1.136313e-02 5.201092e-01 5.323437e-02 8.986805e-02 1.979481e-02 -2.375961e-01 2.675009e-02 7.416979e-02 7.202034e-03 1.505560e-02 6.245276e-03 2.180373e-01 1.919528e-02
1.167024e-02 6.782524e-01 1.537040e-01 1.000784e-01 3.437601e-02 -3.624767e-01 7.564838e-02 6.913332e-02 1.072626e-02 9.490020e-04 1.258918e-02 3.130186e-01 4.677698e-02
1.259158e-02 8.325594e-01 7.655031e-02 1.101963e-01 1.944968e-02 -4.239154e-01 4.062222e-02 7.917600e-02 4.298462e-03 2.383981e-03 1.181187e-02 3.540944e-01 3.335631e-02
1.412713e-02 9.521545e-01 1.347644e-01 1.677470e-01 2.540083e-02 -4.686806e-01 6.830306e-02 8.903554e-02 6.396430e-03 -3.157555e-02 1.718595e-02 3.636066e-01 3.393780e-02
1.627691e-02 8.397327e-01 6.142566e-02 1.420827e-01 1.692096e-02 -4.281377e-01 3.756913e-02 9.153723e-02 6.954411e-03 -1.523789e-02 4.156657e-03 3.788741e-01 2.617069e-02
1.904092e-02 8.488592e-01 8.067864e-02 1.706268e-01 3.274233e-02 -3.540335e-01 4.561228e-02 1.118620e-01 9.611154e-03 -3.039580e-02 2.009964e-02 2.769605e-01 2.427631e-02
2.241915e-02 6.760574e-01 1.063680e-01 8.730296e-02 2.898827e-02 -3.168433e-01 4.571004e-02 9.629149e-02 1.077502e-02 1.181432e-02 1.123939e-02 3.730250e-01 3.989672e-02
2.641160e-02 7.237078e-01 4.553624e-02 1.321468e-01 1.481383e-02 -3.375853e-01 3.979718e-02 1.304539e-01 1.201923e-02 -5.102920e-03 1.694837e-02 3.678089e-01 2.865034e-02
1.535558e-02 7.757236e-01 4.558375e-02 1.310399e-01 1.405290e-02 -3.830326e-01 1.986565e-02 9.088590e-02 8.909318e-03 -8.155448e-03 3.608562e-03 3.369995e-01 2.354020e-02
1.566269e-02 8.380333e-01 1.491767e-01 1.355871e-01 2.014167e-02 -4.524726e-01 8.621478e-02 9.163808e-02 8.776021e-03 -2.023196e-02 1.440552e-02 3.905358e-01 4.719620e-02
1.658403e-02 9.611491e-01 8.921005e-02 1.953541e-01 2.294439e-02 -4.492293e-01 4.646533e-02 1.142097e-01 1.068100e-02 -1.549236e-02 9.563844e-03 3.908518e-01 3.917552e-02
1.811958e-02 8.429702e-01 2.179960e-01 1.708000e-01 4.364511e-02 -3.570404e-01 9.808933e-02 1.083728e-01 1.066321e-02 -6.299461e-03 1.212477e-02 3.634912e-01 6.057530e-02
2.026937e-02 1.031156e+00 2.259101e-01 1.998652e-01 2.615667e-02 -4.779536e-01 1.310965e-01 1.226139e-01 7.746408e-03 -3.733174e-02 2.180143e-02 4.011395e-01 7.212360e-02
2.303337e-02 7.341237e-01 1.235828e-01 1.090063e-01 3.290232e-02 -3.448201e-01 7.082669e-02 8.167457e-02 9.310737e-03 -5.481952e-03 2.003111e-02 3.711210e-01 4.725083e-02
2.641160e-02 9.326965e-01 9.525059e-02 1.575427e-01 3.906206e-02 -4.682674e-01 6.841184e-02 1.370509e-01 1.277008e-02 -1.150052e-02 2.563003e-02 4.646410e-01 4.809372e-02
3.040405e-02 9.250639e-01 9.177903e-02 1.644961e-01 3.681195e-02 -4.103076e-01 4.469429e-02 1.555244e-01 1.667003e-02 -1.757843e-02 1.636600e-02 5.174844e-01 3.369556e-02
1.228446e-03 9.145695e-01 1.796793e-01 1.437755e-01 2.919404e-02 -4.925150e-01 1.005081e-01 7.492976e-02 6.462123e-03 -1.256019e-02 1.765347e-02 3.518902e-01 5.331647e-02
1.535558e-03 5.141719e-01 2.041577e-01 6.769482e-02 1.739556e-02 -2.899974e-01 1.301848e-01 5.687480e-02 6.151407e-03 2.022406e-02 1.155459e-02 2.430182e-01 8.178577e-02
2.456893e-03 4.379695e-01 1.217292e-01 9.433870e-02 2.323732e-02 -1.995425e-01 6.577090e-02 6.365939e-02 3.776636e-03 1.190863e-02 1.136582e-02 1.707643e-01 3.952711e-02
3.992451e-03 4.892301e-01 1.013104e-01 9.805727e-02 1.433028e-02 -2.152527e-01 6.939637e-02 6.771225e-02 8.590827e-03 1.151797e-02 2.686258e-03 1.755230e-01 4.635134e-02
6.142232e-03 5.607417e-01 7.135333e-02 1.456852e-01 1.971008e-02 -2.142720e-01 3.730285e-02 8.823479e-02 7.676216e-03 2.542219e-04 9.428409e-03 1.746871e-01 1.999710e-02
8.906236e-03 8.030038e-01 1.647910e-01 1.250060e-01 2.189324e-02 -4.051656e-01 9.461563e-02 7.228890e-02 5.074370e-03 -6.332005e-03 9.963003e-03 3.138400e-01 5.415180e-02
1.228446e-02 7.274894e-01 1.134935e-01 1.003205e-01 1.075456e-02 -3.547099e-01 6.611658e-02 7.726934e-02 5.210430e-03 1.694781e-02 1.123570e-02 3.178388e-01 5.775803e-02
1.627691e-02 8.509504e-01 6.452012e-02 1.229422e-01 1.008912e-02 -4.594455e-01 5.490604e-02 8.706355e-02 5.733291e-03 -7.323221e-03 1.224856e-02 4.235640e-01 4.961549e-02
1.535558e-03 3.359903e-01 7.610990e-02 6.948279e-02 6.738913e-03 -1.569381e-01 5.556068e-02 6.164419e-02 6.299499e-03 2.633340e-02 6.029397e-03 1.544662e-01 4.540012e-02
1.842670e-03 4.490414e-01 7.743621e-02 8.507743e-02 1.922392e-02 -2.179654e-01 3.518175e-02 6.470288e-02 7.654160e-03 1.439672e-02 8.188794e-03 1.788960e-01 2.483039e-02
2.764004e-03 8.920614e-01 1.493971e-01 1.397215e-01 2.197551e-02 -4.598932e-01 8.725783e-02 7.452668e-02 7.956813e-03 -8.570093e-03 1.175179e-02 3.273079e-01 5.404579e-02
4.299562e-03 1.436519e+00 3.867035e-01 2.119299e-01 6.828698e-02 -7.472645e-01 1.965452e-01 7.209384e-02 1.014275e-02 -6.220359e-02 3.632936e-02 4.685296e-01 1.003068e-01
6.449344e-03 7.384025e-01 1.359868e-01 1.159029e-01 2.365952e-02 -3.826881e-01 6.879657e-02 8.386441e-02 1.160284e-02 1.622621e-02 4.158878e-03 3.274386e-01 4.469844e-02
9.213348e-03 7.176656e-01 1.640622e-01 1.359476e-01 2.588487e-02 -3.159341e-01 9.912907e-02 8.303433e-02 2.887258e-03 -1.373559e-03 2.012165e-02 2.496382e-01 6.436752e-02
1.259158e-02 7.864830e-01 1.080109e-01 1.439375e-01 2.574684e-02 -3.655800e-01 5.924503e-02 8.630862e-02 5.389404e-03 5.009922e-04 1.556657e-02 3.265208e-01 4.662371e-02
1.658403e-02 7.180288e-01 1.079423e-01 1.250119e-01 3.074719e-02 -3.733883e-01 3.390324e-02 9.237327e-02 9.430357e-03 -6.077183e-03 1.268106e-02 3.633734e-01 2.027976e-02
2.456893e-03 1.085413e+00 2.816395e-01 1.482948e-01 2.544452e-02 -6.068185e-01 1.797887e-01 6.549301e-02 5.913358e-03 -2.869530e-02 1.734976e-02 4.175408e-01 1.101751e-01
2.764004e-03 1.180396e+00 2.425402e-01 1.571712e-01 4.268673e-02 -6.535980e-01 1.312976e-01 7.197724e-02 8.606682e-03 -2.616094e-02 1.867475e-02 4.494719e-01 7.802731e-02
3.685339e-03 1.167857e+00 2.274288e-01 1.988766e-01 2.598384e-02 -6.212632e-01 1.418018e-01 8.309162e-02 4.821070e-03 -4.723755e-02 1.868034e-02 4.202117e-01 9.107377e-02
5.220897e-03 1.021190e+00 1.688326e-01 1.814549e-01 2.573701e-02 -4.834212e-01 9.261926e-02 8.397415e-02 5.912899e-03 -2.648076e-02 1.835549e-02 3.244868e-01 5.065457e-02
7.370678e-03 8.218650e-01 1.424533e-01 1.181795e-01 3.327286e-02 -4.355310e-01 6.825251e-02 6.931829e-02 8.513970e-03 -9.114616e-03 1.368618e-02 3.266803e-01 3.807498e-02
1.013468e-02 9.357546e-01 7.089697e-02 1.221126e-01 3.105442e-02 -5.202344e-01 4.385700e-02 7.294825e-02 7.812493e-03 -9.673065e-03 1.432127e-02 4.149933e-01 4.749691e-02
1.351291e-02 9.042745e-01 1.631092e-01 1.513827e-01 4.277221e-02 -4.495375e-01 8.824027e-02 8.637135e-02 1.004358e-02 -2.057971e-02 2.043178e-02 3.606061e-01 5.775561e-02
1.750536e-02 7.299374e-01 1.409480e-01 1.136616e-01 9.023045e-03 -3.619104e-01 9.141692e-02 9.203489e-02 7.562971e-03 2.271191e-02 6.897006e-03 3.832763e-01 4.998126e-02
3.992451e-03 7.359010e-01 1.604207e-01 1.154679e-01 2.709386e-02 -3.793681e-01 8.057476e-02 7.354671e-02 9.451681e-03 6.132756e-03 1.166705e-02 2.933669e-01 4.951759e-02
4.299562e-03 6.528632e-01 1.536104e-01 1.098131e-01 1.814586e-02 -3.117373e-01 9.136845e-02 6.897056e-02 7.778621e-03 4.419869e-03 1.029730e-02 2.358971e-01 5.321558e-02
5.220897e-03 7.385953e-01 2.141557e-01 1.213198e-01 2.992343e-02 -3.640816e-01 1.325152e-01 7.815616e-02 6.544273e-03 6.426355e-03 2.280138e-02 2.814716e-01 7.578510e-02
6.756455e-03 8.266197e-01 1.221636e-01 1.599924e-01 3.660636e-02 -3.877737e-01 6.252520e-02 8.360387e-02 1.210870e-02 -1.627533e-02 1.443091e-02 2.824303e-01 3.882681e-02
8.906236e-03 5.001544e-01 6.607350e-02 9.663745e-02 1.931296e-02 -2.273038e-01 2.929711e-02 7.600098e-02 6.019591e-03 1.913048e-02 1.232018e-02 2.125472e-01 2.696968e-02
1.167024e-02 9.045496e-01 1.525375e-01 1.292117e-01 1.759395e-02 -4.599226e-01 9.763750e-02 7.652361e-02 4.980980e-03 -5.423218e-03 6.968378e-03 3.674331e-01 5.962989e-02
1.504847e-02 7.346708e-01 9.444448e-02 1.267469e-01 1.819410e-02 -3.443319e-01 7.238145e-02 8.507662e-02 1.038052e-02 -5.180790e-03 9.072206e-03 2.981159e-01 5.013458e-02
1.904092e-02 7.072286e-01 7.910047e-02 1.352339e-01 1.435596e-02 -3.353487e-01 6.228809e-02 1.082638e-01 1.012889e-02 -9.476742e-03 7.798686e-03 3.484454e-01 6.201925e-02
6.142232e-03 7.505952e-01 1.075472e-01 1.025777e-01 2.025709e-02 -4.093737e-01 5.912145e-02 6.228066e-02 7.277468e-03 -9.756904e-04 7.981011e-03 3.157562e-01 3.853833e-02
6.449344e-03 7.753859e-01 2.130414e-01 1.404437e-01 2.722161e-02 -3.741330e-01 1.297654e-01 7.678102e-02 3.283038e-03 -1.134462e-02 1.856248e-02 2.798117e-01 7.493697e-02
7.370678e-03 5.464333e-01 8.206646e-02 9.275716e-02 2.709161e-02 -2.466662e-01 3.762987e-02 8.005220e-02 6.738759e-03 2.736784e-02 1.928081e-02 2.245936e-01 2.110195e-02
8.906236e-03 6.176565e-01 3.769686e-02 1.303252e-01 8.075186e-03 -2.825525e-01 1.539398e-02 8.468522e-02 4.131277e-03 7.848324e-03 8.207039e-03 2.573804e-01 5.792620e-03
1.105602e-02 5.009770e-01 6.756422e-02 7.457982e-02 8.507167e-03 -2.408737e-01 4.715296e-02 7.112010e-02 4.475465e-03 3.173573e-02 6.424359e-03 2.609938e-01 4.092009e-02
1.382002e-02 7.045634e-01 6.453238e-02 1.453820e-01 1.867000e-02 -3.191663e-01 4.530020e-02 8.749153e-02 7.649509e-03 -1.209834e-02 6.506227e-03 2.776593e-01 3.774726e-02
1.719825e-02 5.966999e-01 5.363678e-02 9.857012e-02 1.067845e-02 -2.782276e-01 2.601555e-02 8.862790e-02 1.065925e-02 2.369786e-02 1.047480e-02 3.121819e-01 2.274748e-02
2.119070e-02 7.326908e-01 4.931466e-02 1.156735e-01 8.033403e-03 -3.658895e-01 6.184158e-02 9.627561e-02 5.823325e-03 -1.828005e-03 1.084581e-02 3.698554e-01 5.092530e-02
8.906236e-03 8.927339e-01 1.544697e-01 1.434257e-01 4.512955e-02 -4.567848e-01 7.450837e-02 7.228401e-02 1.176807e-02 -1.851124e-02 2.054653e-02 3.436967e-01 4.837189e-02
9.213348e-03 6.891390e-01 1.057931e-01 1.217851e-01 1.188723e-02 -3.383641e-01 6.251908e-02 8.153055e-02 5.249774e-03 4.908914e-04 9.086068e-03 2.721740e-01 4.033100e-02
1.013468e-02 9.288296e-01 1.774442e-01 1.726443e-01 4.335632e-02 -4.681295e-01 7.676883e-02 8.619740e-02 9.841443e-03 -2.644100e-02 2.621027e-02 3.621896e-01 3.132125e-02
1.167024e-02 8.452028e-01 1.125775e-01 1.491698e-01 2.875243e-02 -4.180176e-01 7.099527e-02 7.682685e-02 1.222913e-02 -2.140374e-02 5.927967e-03 3.261804e-01 5.922065e-02
1.382002e-02 6.774916e-01 8.851428e-02 1.183216e-01 2.865080e-02 -3.378095e-01 3.959659e-02 7.475300e-02 1.119144e-02 -1.132091e-02 1.194356e-02 2.993819e-01 2.356275e-02
1.658403e-02 1.040617e+00 8.312533e-02 1.441770e-01 3.687993e-02 -5.188035e-01 4.148960e-02 8.580793e-02 1.162598e-02 -1.874661e-02 2.219174e-02 3.997662e-01 2.521332e-02
1.996225e-02 8.669162e-01 6.018125e-02 1.614246e-01 1.184364e-02 -4.139996e-01 4.431237e-02 1.189106e-01 7.282949e-03 -1.603182e-02 1.078543e-02 3.910867e-01 3.026465e-02
2.395471e-02 9.391346e-01 8.367853e-02 1.785197e-01 1.931673e-02 -4.172243e-01 6.630142e-02 1.219769e-01 6.951124e-03 -2.602811e-02 9.846241e-03 4.010470e-01 6.147644e-02
1.228446e-02 5.601541e-01 4.096369e-02 1.054486e-01 1.744810e-02 -2.566227e-01 3.322938e-02 8.611709e-02 1.339678e-02 1.938658e-02 7.168850e-03 2.619897e-01 2.453961e-02
1.259158e-02 8.990614e-01 6.888509e-02 1.574767e-01 2.376148e-02 -4.588829e-01 4.650910e-02 9.138137e-02 8.300915e-03 -2.226487e-02 1.576995e-02 3.698040e-01 3.067610e-02
1.351291e-02 6.773225e-01 7.589858e-02 1.191457e-01 6.650945e-03 -3.241447e-01 4.487631e-02 8.954353e-02 4.345359e-03 1.663243e-03 9.073389e-03 2.920500e-01 3.017688e-02
1.504847e-02 8.725099e-01 1.346366e-01 1.481206e-01 3.214671e-02 -4.216991e-01 7.842008e-02 9.210938e-02 7.669361e-03 -6.161668e-03 1.934096e-02 3.760769e-01 4.584734e-02
1.719825e-02 9.087884e-01 1.010747e-01 1.700547e-01 2.463478e-02 -4.048448e-01 6.036088e-02 9.758747e-02 1.462784e-02 -2.507846e-02 9.803387e-03 3.212420e-01 4.505089e-02
1.996225e-02 9.266187e-01 5.516760e-02 1.807949e-01 2.949426e-02 -4.223276e-01 2.765925e-02 1.102598e-01 1.574841e-02 -3.068520e-02 1.175089e-02 3.540178e-01 1.653155e-02
2.334048e-02 8.241956e-01 1.296786e-01 1.509407e-01 4.420055e-02 -3.751168e-01 3.165708e-02 1.123015e-01 1.731665e-02 -1.906426e-02 1.428227e-02 3.786049e-01 1.984399e-02
2.733293e-02 8.145878e-01 7.552319e-02 1.488112e-01 1.779744e-02 -3.918123e-01 4.361874e-02 1.271060e-01 1.701429e-02 -3.822517e-02 1.603408e-02 4.125870e-01 3.545652e-02
1.627691e-02 7.560361e-01 6.278035e-02 1.358391e-01 2.543737e-02 -3.162681e-01 4.132382e-02 9.074711e-02 6.484886e-03 2.262834e-03 1.918511e-02 2.929198e-01 3.465464e-02
1.658403e-02 8.223279e-01 1.816160e-01 1.176495e-01 1.514328e-02 -4.060339e-01 1.245568e-01 8.209832e-02 5.754495e-03 -5.414596e-03 1.000434e-02 3.520496e-01 8.898674e-02
1.750536e-02 8.556113e-01 1.067557e-01 1.252016e-01 1.710029e-02 -4.440783e-01 6.311831e-02 8.609716e-02 4.700539e-03 -2.568098e-02 1.049174e-02 3.693305e-01 5.080564e-02
1.904092e-02 1.013754e+00 1.313413e-01 1.824491e-01 3.872922e-02 -5.318065e-01 6.746343e-02 1.160601e-01 1.201741e-02 -3.508407e-02 2.112133e-02 4.583373e-01 3.829559e-02
2.119070e-02 6.413780e-01 3.952119e-02 9.513767e-02 1.713816e-02 -2.908501e-01 2.978314e-02 9.155220e-02 9.236672e-03 6.068015e-03 5.744037e-03 3.144438e-01 2.457446e-02
2.395471e-02 7.834184e-01 8.269333e-02 1.089962e-01 2.307671e-02 -3.462147e-01 6.131571e-02 1.088340e-01 6.774360e-03 1.751850e-02 8.670011e-03 3.684202e-01 6.192431e-02
2.733293e-02 7.303352e-01 1.429337e-01 1.164990e-01 3.448508e-02 -3.209385e-01 6.118711e-02 1.329117e-01 1.242863e-02 6.411484e-03 2.140536e-02 3.618960e-01 2.384920e-02
3.132538e-02 8.073342e-01 9.792871e-02 1.822142e-01 3.127270e-02 -3.855867e-01 7.258885e-02 1.730181e-01 1.589978e-02 -2.952903e-02 1.362054e-02 4.585696e-01 5.393767e-02
2.764004e-03 7.683447e-01 1.464031e-01 1.119152e-01 3.691591e-02 -4.190295e-01 7.560720e-02 5.750028e-02 1.064019e-02 -1.321371e-02 1.583810e-02 2.963939e-01 4.309840e-02
3.071116e-03 4.317298e-01 6.769490e-02 4.510629e-02 1.257413e-02 -2.459850e-01 3.691239e-02 6.091762e-02 5.365664e-03 4.282216e-02 6.799834e-03 2.375864e-01 2.596037e-02
3.992451e-03 6.443210e-01 7.792432e-02 1.031132e-01 2.018661e-02 -3.418005e-01 4.647278e-02 6.506398e-02 8.997680e-03 2.991005e-03 7.496194e-03 2.676263e-01 3.627179e-02
5.528009e-03 8.612237e-01 1.378521e-01 1.176474e-01 2.052066e-02 -4.666340e-01 8.206516e-02 6.632285e-02 5.898560e-03 -1.093664e-02 8.850360e-03 3.325712e-01 5.286226e-02
7.677790e-03 5.597477e-01 8.424276e-02 1.167729e-01 2.488313e-02 -2.422127e-01 4.193083e-02 8.057480e-02 7.346590e-03 1.141975e-02 1.025629e-02 2.199827e-01 2.931145e-02
1.044179e-02 1.105849e+00 1.955795e-01 2.017567e-01 4.542266e-02 -5.558411e-01 9.096031e-02 8.975310e-02 1.089831e-02 -5.029688e-02 2.071753e-02 3.890860e-01 4.119440e-02
1.382002e-02 7.527966e-01 1.210913e-01 1.192876e-01 1.955842e-02 -3.668360e-01 7.544109e-02 6.987618e-02 3.341361e-03 -1.397907e-02 1.075987e-02 2.979288e-01 4.786234e-02
1.781247e-02 6.918446e-01 1.034983e-01 1.335372e-01 3.170492e-02 -3.295193e-01 6.468102e-02 9.967560e-02 1.159610e-02 -2.358720e-04 2.214678e-02 3.380058e-01 3.274559e-02
3.071116e-03 1.276789e+00 4.078151e-01 1.775437e-01 4.920052e-02 -6.934804e-01 2.469284e-01 8.331042e-02 7.747392e-03 -2.409553e-02 3.131895e-02 4.802222e-01 1.475094e-01
3.378228e-03 8.689942e-01 3.846146e-01 1.167549e-01 4.016431e-02 -4.902773e-01 2.406720e-01 6.647858e-02 6.612415e-03 -5.205665e-03 2.682215e-02 3.661100e-01 1.465445e-01
4.299562e-03 5.778096e-01 1.547628e-01 1.076699e-01 1.809576e-02 -2.711973e-01 8.674631e-02 6.835876e-02 6.430717e-03 5.040217e-03 1.419000e-02 2.155176e-01 4.705421e-02
5.835120e-03 6.694820e-01 1.403485e-01 7.840663e-02 2.192300e-02 -3.855435e-01 8.540413e-02 6.275892e-02 8.114844e-03 9.530494e-03 9.822841e-03 3.074988e-01 5.046248e-02
7.984902e-03 6.331489e-01 6.549527e-02 1.219093e-01 2.209345e-02 -2.943317e-01 4.091248e-02 7.411832e-02 7.338422e-03 -6.044945e-03 9.182041e-03 2.296915e-01 3.043892e-02
1.074891e-02 8.807329e-01 1.196296e-01 1.641500e-01 2.129449e-02 -4.091778e-01 6.614451e-02 8.636815e-02 7.983143e-03 -2.695969e-02 1.073743e-02 3.015985e-01 4.292190e-02
1.412713e-02 8.346013e-01 7.940285e-02 1.203341e-01 1.355739e-02 -4.173723e-01 4.791363e-02 7.248176e-02 3.755370e-03 -1.509268e-02 1.310171e-02 3.419861e-01 3.227477e-02
1.811958e-02 8.301257e-01 8.554151e-02 1.505359e-01 3.285277e-02 -4.097320e-01 6.405783e-02 1.065969e-01 1.489451e-02 -1.267460e-02 1.490511e-02 3.730339e-01 4.863380e-02
3.992451e-03 8.274179e-01 2.362676e-01 1.071168e-01 2.159234e-02 -4.652792e-01 1.476550e-01 6.857700e-02 4.166987e-03 2.381106e-03 1.339414e-02 3.515010e-01 9.612970e-02
4.299562e-03 6.273310e-01 1.737781e-01 1.072001e-01 3.798279e-02 -3.129127e-01 8.143906e-02 6.794355e-02 9.578676e-03 8.409868e-03 1.716007e-02 2.585114e-01 3.828859e-02
5.220897e-03 6.936007e-01 1.260934e-01 1.059562e-01 3.999703e-02 -3.506622e-01 3.775282e-02 6.939675e-02 9.242159e-03 4.596336e-03 1.555859e-02 2.693621e-01 2.169716e-02
6.756455e-03 8.129577e-01 1.758505e-01 1.207024e-01 1.901965e-02 -4.185978e-01 1.073320e-01 7.837900e-02 9.738348e-03 -2.127159e-03 1.438311e-02 3.103709e-01 6.189659e-02
8.906236e-03 7.472233e-01 8.822333e-02 1.268342e-01 1.648228e-02 -3.749887e-01 7.821611e-02 7.524327e-02 6.260693e-03 8.808586e-04 7.571752e-03 3.248539e-01 6.169158e-02
1.167024e-02 8.046543e-01 1.594467e-01 1.442623e-01 2.550952e-02 -3.969875e-01 1.002279e-01 9.378429e-02 6.338029e-03 -1.224355e-02 1.865005e-02 3.141948e-01 5.631366e-02
1.504847e-02 7.598498e-01 1.925274e-01 1.249043e-01 4.750937e-02 -3.689740e-01 7.695610e-02 8.466317e-02 8.608748e-03 -2.726182e-03 2.379292e-02 3.274359e-01 2.827085e-02
1.904092e-02 8.283501e-01 8.978129e-02 1.615329e-01 1.803743e-02 -4.159461e-01 7.417437e-02 1.087857e-01 6.543171e-03 -1.652684e-02 1.482879e-02 4.180237e-01 6.167214e-02
5.528009e-03 7.442834e-01 2.390927e-01 1.060544e-01 1.411888e-02 -4.098379e-01 1.670745e-01 6.328719e-02 3.032800e-03 -2.675567e-03 1.191745e-02 3.213806e-01 1.187481e-01
5.835120e-03 6.782575e-01 1.338924e-01 1.220081e-01 3.390852e-02 -3.185732e-01 6.144431e-02 6.749475e-02 8.936711e-03 -1.711059e-03 1.821071e-02 2.450581e-01 3.557729e-02
6.756455e-03 5.051397e-01 6.948477e-02 9.954199e-02 2.401215e-02 -2.312856e-01 3.993335e-02 6.746474e-02 9.166811e-03 3.390640e-03 8.223298e-03 1.891736e-01 2.782120e-02
8.292013e-03 7.483242e-01 1.310518e-01 1.285134e-01 3.499576e-02 -3.749904e-01 6.091158e-02 7.446495e-02 7.604224e-03 -1.120816e-02 1.677310e-02 2.861977e-01 4.233660e-02
1.044179e-02 9.458513e-01 1.114152e-01 1.308514e-01 2.083309e-02 -5.041043e-01 7.354647e-02 7.023388e-02 6.581632e-03 -2.029352e-02 1.239182e-02 3.724288e-01 4.795278e-02
1.320580e-02 7.110647e-01 1.669152e-01 1.029067e-01 2.580204e-02 -3.826570e-01 1.095749e-01 7.791020e-02 5.865046e-03 -3.527278e-03 1.636794e-02 3.255261e-01 7.165271e-02
1.658403e-02 7.863492e-01 1.490497e-01 1.615235e-01 3.383430e-02 -3.755852e-01 8.757876e-02 1.134165e-01 8.379312e-03 1.413409e-03 2.462519e-02 3.700728e-01 4.065832e-02
2.057648e-02 9.708088e-01 1.597017e-01 1.562803e-01 2.181886e-02 -4.529580e-01 7.739529e-02 1.111725e-01 1.147799e-02 -9.760852e-03 1.169680e-02 4.226059e-01 4.682160e-02
7.677790e-03 7.450609e-01 1.083908e-01 1.550777e-01 1.840384e-02 -3.418936e-01 6.205028e-02 7.944411e-02 7.275027e-03 -1.978948e-02 1.311511e-02 2.540547e-01 3.322008e-02
7.984902e-03 7.240759e-01 1.396473e-01 1.292743e-01 2.749184e-02 -3.535415e-01 7.673665e-02 8.504872e-02 4.863661e-03 3.480970e-03 1.583193e-02 2.852603e-01 4.905003e-02
8.906236e-03 7.260786e-01 8.795881e-02 1.179775e-01 1.502780e-02 -3.581481e-01 4.729936e-02 7.610893e-02 3.432826e-03 6.883253e-03 8.538935e-03 3.040375e-01 3.120720e-02
1.044179e-02 6.541431e-01 1.385891e-01 9.845045e-02 2.721115e-02 -3.305397e-01 7.403873e-02 6.822222e-02 1.076075e-02 1.996573e-03 6.536584e-03 2.764839e-01 5.201042e-02
1.259158e-02 7.212889e-01 8.227567e-02 1.108294e-01 1.066171e-02 -3.835327e-01 4.915054e-02 8.008437e-02 5.363395e-03 -3.602942e-03 8.174871e-03 3.227154e-01 2.777440e-02
1.535558e-02 5.149798e-01 5.106155e-02 8.252271e-02 9.484460e-03 -2.454122e-01 3.604466e-02 7.549255e-02 7.709211e-03 7.389562e-03 1.158575e-02 2.443893e-01 2.213237e-02
1.873381e-02 1.134348e+00 1.280081e-01 1.965858e-01 3.149089e-02 -4.912299e-01 7.051748e-02 1.081206e-01 1.150660e-02 -3.024704e-02 1.580925e-02 3.883152e-01 3.176934e-02
2.272626e-02 9.698384e-01 7.080968e-02 1.934742e-01 3.841308e-02 -4.306907e-01 1.790285e-02 1.335082e-01 1.582438e-02 -1.778762e-02 1.441157e-02 4.044853e-01 3.007828e-02
1.044179e-02 6.928693e-01 7.512193e-02 1.281661e-01 2.376252e-02 -3.252595e-01 2.902708e-02 8.929725e-02 9.734353e-03 1.601065e-02 9.810293e-03 2.985286e-01 1.444410e-02
1.074891e-02 6.226944e-01 4.752953e-02 1.026851e-01 8.215015e-03 -3.183985e-01 3.066751e-02 7.563004e-02 4.992000e-03 9.316492e-03 6.388300e-03 2.878798e-01 1.809393e-02
1.167024e-02 8.104876e-01 4.647359e-02 1.321591e-01 2.833404e-02 -4.098555e-01 4.793324e-02 8.801975e-02 8.624539e-03 4.739992e-04 1.477538e-02 3.464031e-01 5.103151e-02
1.320580e-02 9.115436e-01 1.551658e-01 1.464134e-01 2.056149e-02 -4.546456e-01 9.039473e-02 8.200414e-02 1.042484e-02 -1.031211e-02 4.055171e-03 3.761082e-01 5.519592e-02
1.535558e-02 8.343825e-01 1.379016e-01 1.795749e-01 3.631450e-02 -3.539527e-01 7.094079e-02 1.100871e-01 8.590600e-03 -1.725771e-02 1.593905e-02 2.946960e-01 4.025170e-02
1.811958e-02 9.723209e-01 6.014767e-02 1.469969e-01 2.626772e-02 -4.868352e-01 5.412844e-02 9.486888e-02 1.052080e-02 -2.351862e-02 1.406904e-02 3.856573e-01 4.988624e-02
2.149781e-02 9.680195e-01 9.519886e-02 1.756912e-01 1.896647e-02 -4.641866e-01 6.352345e-02 1.142629e-01 9.041332e-03 -2.633703e-02 1.580806e-02 4.186950e-01 5.716029e-02
2.549026e-02 1.046873e+00 1.652167e-01 1.677398e-01 3.471843e-02 -5.792323e-01 9.298257e-02 1.161241e-01 7.915775e-03 -4.190184e-02 2.744750e-02 6.021822e-01 5.381927e-02
1.382002e-02 6.620421e-01 1.036591e-01 1.217596e-01 2.147824e-02 -2.991820e-01 7.297373e-02 8.361133e-02 6.268893e-03 -8.556306e-03 1.178913e-02 2.632926e-01 4.401224e-02
1.412713e-02 8.538344e-01 1.133006e-01 1.409911e-01 1.539613e-02 -4.035824e-01 7.012969e-02 7.490287e-02 4.901575e-03 -1.907894e-02 1.394683e-02 3.221741e-01 3.864706e-02
1.504847e-02 7.318755e-01 1.422811e-01 1.343652e-01 3.968484e-02 -3.426630e-01 8.423575e-02 8.821665e-02 1.527057e-02 -1.471840e-03 1.176373e-02 3.223268e-01 5.327420e-02
1.658403e-02 7.246763e-01 7.797003e-02 1.310765e-01 2.067113e-02 -3.193250e-01 4.021338e-02 8.245129e-02 5.737830e-03 -5.974604e-05 5.534515e-03 2.996581e-01 3.112634e-02
1.873381e-02 7.504670e-01 7.089847e-02 1.587864e-01 2.840516e-02 -3.325908e-01 4.717079e-02 1.092548e-01 6.818119e-03 -8.091545e-03 1.603397e-02 3.285155e-01 3.242661e-02
2.149781e-02 8.147073e-01 1.347679e-01 1.751942e-01 5.081017e-02 -4.202995e-01 6.582720e-02 1.211590e-01 1.260516e-02 -4.100815e-02 2.574588e-02 4.032677e-01 4.359098e-02
2.487604e-02 8.046888e-01 8.374916e-02 1.228536e-01 1.517556e-02 -4.027969e-01 6.436495e-02 1.266547e-01 6.475819e-03 6.261018e-03 2.322520e-02 4.261217e-01 3.028114e-02
2.886849e-02 8.996317e-01 4.860894e-02 1.688681e-01 3.711062e-02 -4.089603e-01 4.839051e-02 1.543871e-01 2.017731e-02 -9.285456e-03 2.206953e-02 5.028223e-01 3.912075e-02
1.781247e-02 7.257816e-01 7.905453e-02 1.098982e-01 1.182888e-02 -3.520104e-01 5.590577e-02 9.663210e-02 4.764231e-03 4.879629e-03 1.185293e-02 3.268777e-01 4.040068e-02
1.811958e-02 1.067674e+00 1.083094e-01 1.843473e-01 3.728620e-02 -5.049795e-01 5.249060e-02 1.019196e-01 1.135470e-02 -3.721641e-02 1.953254e-02 3.814058e-01 2.958633e-02
1.904092e-02 8.104965e-01 6.986020e-02 1.774705e-01 1.511486e-02 -3.055922e-01 2.965522e-02 1.091086e-01 1.130245e-02 -1.527713e-02 6.370216e-03 2.933285e-01 2.053319e-02
2.057648e-02 1.047030e+00 1.683477e-01 1.334819e-01 2.811002e-02 -5.654295e-01 9.193368e-02 1.009002e-01 1.017893e-02 -1.366776e-02 1.572079e-02 4.774825e-01 5.229414e-02
2.272626e-02 8.062566e-01 9.376705e-02 1.724699e-01 2.985080e-02 -3.475230e-01 3.010190e-02 1.285803e-01 7.343710e-03 -1.513815e-02 1.789849e-02 3.555029e-01 2.562937e-02
2.549026e-02 8.439789e-01 6.893916e-02 1.383488e-01 2.536061e-02 -4.487596e-01 2.934480e-02 1.208987e-01 1.259251e-02 -1.405672e-02 2.357192e-02 4.691291e-01 3.570609e-02
2.886849e-02 9.498151e-01 9.589250e-02 1.708641e-01 2.680470e-02 -4.304209e-01 7.779096e-02 1.356425e-01 4.573289e-03 -3.756346e-02 1.911925e-02 4.398637e-01 7.387748e-02
3.286094e-02 8.188354e-01 4.778452e-02 1.089557e-01 2.009739e-02 -3.495995e-01 4.219250e-02 1.492075e-01 1.163701e-02 -1.734137e-02 1.498472e-02 4.433820e-01 4.443835e-02
4.913786e-03 8.331338e-01 2.217326e-01 1.328873e-01 3.325521e-02 -4.524696e-01 1.262567e-01 7.873139e-02 6.201185e-03 -1.357173e-02 1.947210e-02 3.290792e-01 7.454919e-02
5.220897e-03 6.672868e-01 7.287767e-02 1.178151e-01 1.061606e-02 -3.336251e-01 4.827107e-02 7.136637e-02 5.353699e-03 1.959470e-03 9.949292e-03 2.666476e-01 2.943671e-02
6.142232e-03 7.794891e-01 1.617051e-01 9.038999e-02 2.193553e-02 -4.496161e-01 8.236677e-02 6.405512e-02 2.179480e-03 8.279447e-03 1.417057e-02 3.614037e-01 4.180474e-02
7.677790e-03 6.445102e-01 1.258709e-01 1.069258e-01 3.198495e-02 -3.305148e-01 5.373895e-02 7.360381e-02 1.077568e-02 7.169939e-03 1.088905e-02 2.793626e-01 3.924300e-02
9.827571e-03 5.206313e-01 4.526388e-02 9.683008e-02 1.526603e-02 -2.371575e-01 2.467120e-02 7.063619e-02 6.340789e-03 8.377578e-03 7.315987e-03 2.111115e-01 2.097175e-02
1.259158e-02 7.733733e-01 1.632975e-01 9.808881e-02 2.166753e-02 -4.209296e-01 1.204146e-01 7.650502e-02 4.510791e-03 -1.269159e-03 1.084698e-02 3.494042e-01 8.627789e-02
1.596980e-02 6.167762e-01 6.707358e-02 1.230579e-01 1.815450e-02 -2.652253e-01 3.632431e-02 9.950876e-02 9.244919e-03 1.369549e-02 1.563601e-02 2.853206e-01 1.249093e-02
1.996225e-02 7.532791e-01 5.943489e-02 1.298044e-01 7.409149e-03 -3.441886e-01 4.119568e-02 9.608760e-02 6.207802e-03 1.780899e-03 1.658969e-02 3.495429e-01 4.001360e-02
5.220897e-03 9.216090e-01 1.763135e-01 1.515706e-01 4.138921e-02 -4.793565e-01 7.857496e-02 8.402570e-02 7.870840e-03 -1.248218e-02 2.175873e-02 3.548410e-01 3.251185e-02
5.528009e-03 6.170115e-01 1.451402e-01 1.061501e-01 1.856026e-02 -3.250837e-01 9.154991e-02 7.360927e-02 8.447428e-03 1.034197e-02 1.456200e-02 2.817679e-01 5.541966e-02
6.449344e-03 1.020379e+00 2.381537e-01 1.377741e-01 4.090997e-02 -5.494404e-01 1.238077e-01 7.775805e-02 1.130120e-02 -9.485816e-03 1.927753e-02 4.029506e-01 6.517124e-02
7.984902e-03 9.392630e-01 1.699218e-01 1.662113e-01 4.084534e-02 -4.502801e-01 7.002064e-02 8.074371e-02 8.749776e-03 -2.978591e-02 1.893030e-02 3.078929e-01 2.782004e-02
1.013468e-02 6.602252e-01 7.050047e-02 1.203688e-01 1.827894e-02 -2.803871e-01 4.922870e-02 7.850225e-02 7.733507e-03 7.431163e-03 1.378540e-02 2.402235e-01 3.428614e-02
1.289869e-02 9.721228e-01 1.063817e-01 1.654801e-01 2.980674e-02 -4.648904e-01 5.271008e-02 8.693795e-02 9.605391e-03 -2.111560e-02 1.131603e-02 3.625075e-01 4.400084e-02
1.627691e-02 8.171879e-01 9.809338e-02 1.742329e-01 2.519880e-02 -3.554381e-01 3.718425e-02 1.038616e-01 8.666885e-03 -1.495580e-02 1.069058e-02 3.024141e-01 1.860608e-02
2.026937e-02 8.474087e-01 8.672105e-02 1.213070e-01 2.212857e-02 -3.757537e-01 4.065303e-02 1.027779e-01 7.991726e-03 9.163905e-03 1.064945e-02 3.541085e-01 3.378693e-02
6.142232e-03 7.541915e-01 1.096205e-01 1.082499e-01 2.189053e-02 -4.020493e-01 5.696514e-02 6.072494e-02 2.623644e-03 -4.368200e-03 1.662778e-02 3.092359e-01 2.660758e-02
6.449344e-03 6.911838e-01 6.626809e-02 1.094292e-01 4.212926e-03 -3.607975e-01 3.426964e-02 6.585402e-02 7.093001e-03 -2.675240e-03 7.874342e-03 2.808487e-01 1.390272e-02
7.370678e-03 7.282757e-01 8.044543e-02 1.240661e-01 2.654012e-02 -3.635265e-01 2.791481e-02 7.632718e-02 8.549411e-03 1.730824e-03 1.704035e-02 2.947966e-01 2.992747e-02
8.906236e-03 1.113109e+00 1.601507e-01 1.570910e-01 3.078341e-02 -5.858439e-01 8.483871e-02 7.150737e-02 6.258562e-03 -3.024454e-02 1.488988e-02 4.117541e-01 5.542689e-02
1.105602e-02 8.224018e-01 1.321729e-01 1.227158e-01 2.421936e-02 -4.445223e-01 6.554022e-02 8.067451e-02 6.257263e-03 -6.412379e-03 1.160877e-02 3.737265e-01 2.923194e-02
1.382002e-02 8.126963e-01 1.181621e-01 1.375934e-01 1.095482e-02 -4.001145e-01 8.794019e-02 9.524300e-02 1.723186e-02 -8.246195e-03 1.548168e-02 3.281387e-01 6.417374e-02
1.719825e-02 7.042700e-01 8.794728e-02 1.010505e-01 1.085073e-02 -3.344693e-01 3.990040e-02 8.622879e-02 6.655913e-04 1.513959e-02 7.633936e-03 3.273865e-01 2.391613e-02
2.119070e-02 7.062314e-01 9.316428e-02 1.465789e-01 2.173988e-02 -3.264089e-01 5.928742e-02 1.286695e-01 1.015038e-02 1.473588e-02 1.897450e-02 3.500382e-01 4.249048e-02
7.677790e-03 7.419011e-01 1.298883e-01 9.412684e-02 2.420912e-02 -3.886452e-01 8.246938e-02 6.874634e-02 4.212502e-03 1.161058e-02 1.903956e-02 3.087214e-01 5.153433e-02
7.984902e-03 5.963922e-01 7.998834e-02 8.195085e-02 8.290142e-03 -3.130793e-01 5.993969e-02 6.859898e-02 5.762205e-03 1.740912e-02 1.397361e-02 2.735145e-01 6.609000e-02
8.906236e-03 4.796405e-01 3.855824e-02 8.309725e-02 1.357726e-02 -2.233179e-01 2.140216e-02 6.225043e-02 5.698122e-03 1.105359e-02 6.151226e-03 2.067548e-01 1.250475e-02
1.044179e-02 8.153840e-01 1.430304e-01 1.287332e-01 1.873051e-02 -4.412784e-01 8.574788e-02 8.480448e-02 4.530013e-03 -9.258758e-04 1.304774e-02 3.740218e-01 5.552047e-02
1.259158e-02 6.873665e-01 2.530099e-02 1.167987e-01 8.600518e-03 -3.166205e-01 1.424222e-02 8.338778e-02 8.714900e-03 9.193776e-03 1.520872e-02 2.857799e-01 9.853309e-03
1.535558e-02 7.670025e-01 1.308059e-01 1.144189e-01 3.973878e-02 -3.712512e-01 8.413710e-02 8.681555e-02 7.247291e-03 2.926218e-03 1.917024e-02 3.311944e-01 6.403922e-02
1.873381e-02 6.170560e-01 8.702970e-02 9.813488e-02 1.700337e-02 -2.907296e-01 4.872102e-02 8.394578e-02 7.236191e-03 1.091814e-02 1.095714e-02 3.310567e-01 2.838704e-02
2.272626e-02 8.344115e-01 1.072019e-01 1.532017e-01 2.641089e-02 -3.563039e-01 6.051800e-02 1.184914e-01 5.464052e-03 -6.152108e-03 1.411500e-02 3.597685e-01 3.279162e-02
9.827571e-03 6.950199e-01 8.542657e-02 1.165818e-01 1.572468e-02 -3.378494e-01 5.430194e-02 7.419581e-02 3.977738e-03 3.336448e-03 1.088569e-02 2.852917e-01 4.252277e-02
1.013468e-02 6.354950e-01 3.572201e-02 1.090499e-01 1.393844e-02 -3.013563e-01 4.226919e-02 8.636957e-02 1.127636e-02 1.143089e-02 9.354282e-03 2.643852e-01 3.232057e-02
1.105602e-02 9.434969e-01 1.444609e-01 1.374250e-01 2.853131e-02 -4.713371e-01 6.989309e-02 8.851324e-02 1.151582e-02 -1.947009e-03 9.063020e-03 3.509235e-01 4.395843e-02
1.259158e-02 8.247607e-01 1.270441e-01 1.524521e-01 2.565607e-02 -3.776712e-01 6.600803e-02 9.625803e-02 7.917655e-03 -7.239851e-03 2.030246e-02 3.141719e-01 3.143496e-02
1.474136e-02 5.488896e-01 8.173778e-02 1.043325e-01 1.442959e-02 -2.609915e-01 8.061275e-02 7.526162e-02 8.705595e-03 -3.909691e-03 6.228700e-03 2.514595e-01 6.406371e-02
1.750536e-02 8.333427e-01 1.347868e-01 1.416872e-01 2.458097e-02 -3.991092e-01 5.325274e-02 9.598374e-02 7.023184e-03 -6.201817e-04 8.501110e-03 3.596648e-01 2.994264e-02
2.088359e-02 7.754704e-01 5.870144e-02 1.229021e-01 2.044186e-02 -3.822612e-01 3.596200e-02 1.048796e-01 1.178271e-02 -1.356647e-03 9.501433e-03 3.911155e-01 4.345169e-02
2.487604e-02 7.376530e-01 8.687712e-02 1.584756e-01 2.765389e-02 -2.944274e-01 2.558318e-02 1.460719e-01 1.942662e-02 -2.393472e-02 1.041976e-02 3.126360e-01 2.483231e-02
1.259158e-02 7.911686e-01 1.597149e-01 1.244243e-01 1.671877e-02 -4.032050e-01 1.102083e-01 7.551463e-02 2.640577e-03 -1.439568e-02 1.494308e-02 3.244397e-01 7.292463e-02
1.289869e-02 1.330989e+00 2.134658e-01 2.122956e-01 2.584418e-02 -6.885094e-01 1.223592e-01 1.059519e-01 9.907048e-03 -4.182017e-02 1.003156e-02 4.900934e-01 8.179569e-02
1.382002e-02 6.958262e-01 9.591914e-02 1.315259e-01 2.408116e-02 -3.223899e-01 4.614617e-02 8.626645e-02 6.604466e-03 -1.224645e-02 1.174273e-02 2.853045e-01 2.104520e-02
1.535558e-02 9.311799e-01 1.935231e-01 1.722054e-01 3.630536e-02 -4.216621e-01 1.084335e-01 9.816858e-02 7.862284e-03 -1.471619e-02 2.311212e-02 3.490081e-01 6.913114e-02
1.750536e-02 7.661653e-01 1.360473e-01 1.403406e-01 2.799708e-02 -3.505050e-01 6.620443e-02 9.411140e-02 7.257709e-03 -1.149534e-02 1.798685e-02 3.118060e-01 3.329000e-02
2.026937e-02 8.727554e-01 9.005781e-02 1.368650e-01 1.559992e-02 -4.439110e-01 4.443352e-02 1.007437e-01 5.702638e-03 -2.174537e-02 1.040535e-02 3.829046e-01 2.569611e-02
2.364759e-02 9.533442e-01 1.445836e-01 1.808714e-01 2.100007e-02 -4.328619e-01 7.999470e-02 1.223404e-01 1.076228e-02 -2.889505e-02 1.338205e-02 3.936684e-01 4.617526e-02
2.764004e-02 7.076526e-01 8.795500e-02 1.089808e-01 2.341590e-02 -3.017934e-01 4.407952e-02 1.269538e-01 1.640349e-02 -1.022891e-02 1.803962e-02 3.510739e-01 2.823998e-02
1.596980e-02 8.133715e-01 1.157956e-01 1.510462e-01 1.768756e-02 -4.036465e-01 4.904052e-02 9.780801e-02 5.729870e-03 -7.347772e-03 1.576731e-02 3.781864e-01 1.530988e-02
1.627691e-02 8.087743e-01 1.101021e-01 1.372652e-01 1.980090e-02 -3.656292e-01 5.947529e-02 8.450966e-02 8.575058e-03 -1.239679e-02 8.792309e-03 3.213897e-01 4.722359e-02
1.719825e-02 9.955939e-01 1.680543e-01 1.874041e-01 3.343445e-02 -4.549910e-01 8.453953e-02 1.240731e-01 1.226863e-02 -1.803237e-02 1.860399e-02 3.674419e-01 4.911969e-02
1.873381e-02 9.191721e-01 1.445984e-01 1.351243e-01 6.616257e-03 -4.794802e-01 9.991115e-02 1.001508e-01 6.636594e-03 -1.582351e-02 1.154335e-02 4.165965e-01 5.712799e-02
2.088359e-02 6.446069e-01 4.475178e-02 1.025513e-01 1.788612e-02 -3.145164e-01 2.867718e-02 9.223842e-02 6.087441e-03 -5.171119e-03 1.357896e-02 3.286087e-01 1.785620e-02
2.364759e-02 8.136267e-01 9.880454e-02 1.276264e-01 1.323241e-02 -4.081361e-01 8.608884e-02 1.071311e-01 9.072553e-03 -1.432478e-02 1.037518e-02 4.279705e-01 5.502685e-02
2.702582e-02 8.452413e-01 5.504252e-02 1.456629e-01 1.171504e-02 -3.929602e-01 4.265579e-02 1.176486e-01 9.571212e-03 -2.041638e-02 8.748262e-03 3.894655e-01 4.920924e-02
3.101827e-02 7.508256e-01 6.343901e-02 1.100285e-01 1.249393e-02 -4.162550e-01 7.704883e-02 1.510282e-01 1.677450e-02 -9.229468e-03 1.545219e-02 5.350909e-01 5.087624e-02
1.996225e-02 9.940748e-01 1.762688e-01 1.439791e-01 4.104173e-02 -4.733007e-01 5.736117e-02 8.623410e-02 9.139791e-03 -1.627851e-02 1.895572e-02 4.007136e-01 1.876286e-02
2.026937e-02 7.467508e-01 6.775070e-02 1.490849e-01 9.246276e-03 -3.411461e-01 5.220062e-02 1.176891e-01 3.763154e-03 -8.750358e-03 5.034399e-03 3.334762e-01 4.999535e-02
2.119070e-02 7.771183e-01 6.193114e-02 1.340652e-01 1.447860e-02 -4.007827e-01 3.357284e-02 9.623155e-02 5.791468e-03 -2.478542e-02 1.605738e-02 3.945442e-01 9.143293e-03
2.272626e-02 8.715464e-01 8.188522e-02 1.625471e-01 1.683048e-02 -3.855282e-01 7.844975e-02 1.090013e-01 5.091710e-03 -2.496786e-02 1.088876e-02 3.855437e-01 5.189788e-02
2.487604e-02 9.485589e-01 1.413468e-01 1.975622e-01 4.194888e-02 -4.239946e-01 1.006759e-01 1.286750e-01 1.830186e-02 -4.763097e-02 2.120646e-02 3.970645e-01 5.724634e-02
2.764004e-02 8.693048e-01 1.026700e-01 1.704969e-01 2.554406e-02 -4.059005e-01 5.520535e-02 1.502581e-01 1.221788e-02 -2.540003e-02 1.508035e-02 4.273483e-01 3.640372e-02
3.101827e-02 1.063469e+00 1.176698e-01 2.490054e-01 4.107628e-02 -4.918289e-01 8.309472e-02 1.860851e-01 1.690705e-02 -5.624756e-02 3.014175e-02 4.880897e-01 6.501875e-02
3.501072e-02 7.997191e-01 5.680736e-02 1.648079e-01 3.287217e-02 -3.903147e-01 3.383654e-02 1.927565e-01 1.875518e-02 -4.363614e-02 1.419244e-02 5.381704e-01 2.420410e-02
7.677790e-03 7.285492e-01 1.112138e-01 1.298374e-01 2.409137e-02 -3.575421e-01 4.624314e-02 7.505432e-02 8.601550e-03 -3.097158e-03 9.858928e-03 2.850970e-01 2.671145e-02
7.984902e-03 9.461001e-01 1.565802e-01 1.533426e-01 3.261144e-02 -4.590212e-01 9.870496e-02 8.410195e-02 9.521466e-03 -1.474926e-02 1.875179e-02 3.320062e-01 5.411718e-02
8.906236e-03 8.677893e-01 1.318923e-01 1.438617e-01 1.173255e-02 -4.319446e-01 8.644339e-02 8.720515e-02 1.067935e-02 -3.639110e-03 1.161678e-02 3.412425e-01 5.485441e-02
1.044179e-02 7.187232e-01 5.876391e-02 1.598397e-01 2.653921e-02 -3.183150e-01 4.042863e-02 9.464348e-02 7.961445e-03 -1.408289e-02 1.311823e-02 2.509830e-01 3.773332e-02
1.259158e-02 6.830254e-01 4.415518e-02 1.094706e-01 1.938659e-02 -3.638812e-01 5.721183e-02 8.263643e-02 6.096566e-03 7.459976e-03 8.826494e-03 3.246775e-01 5.214575e-02
1.535558e-02 8.080010e-01 1.194507e-01 1.504333e-01 2.442676e-02 -3.720434e-01 7.355137e-02 9.255921e-02 6.715417e-03 -1.769564e-02 1.610979e-02 3.139262e-01 5.198777e-02
1.873381e-02 6.423803e-01 6.549000e-02 1.149916e-01 7.826220e-03 -3.107602e-01 4.763606e-02 9.279848e-02 1.098107e-02 -1.146121e-02 4.941422e-03 3.159018e-01 3.727749e-02
2.272626e-02 8.896243e-01 1.229472e-01 1.633667e-01 3.330498e-02 -3.578703e-01 7.345305e-02 1.117908e-01 6.917096e-03 -9.597632e-03 2.050739e-02 3.548396e-01 4.332276e-02
7.984902e-03 8.163610e-01 1.252274e-01 1.333983e-01 1.582207e-02 -4.081296e-01 8.301063e-02 7.517951e-02 2.999928e-03 -6.941848e-03 1.016553e-02 3.110406e-01 5.992317e-02
8.292013e-03 6.428717e-01 3.481143e-02 1.278351e-01 6.436115e-03 -2.942416e-01 2.189980e-02 7.908671e-02 5.288275e-03 1.373065e-03 4.746174e-03 2.468488e-01 2.243999e-02
9.213348e-03 6.055822e-01 1.207905e-01 1.044780e-01 1.921341e-02 -2.947734e-01 7.304201e-02 7.348652e-02 5.681931e-03 1.013211e-02 1.661745e-02 2.660708e-01 3.289322e-02
1.074891e-02 6.057324e-01 8.453172e-02 1.124957e-01 2.149701e-02 -2.795781e-01 4.473700e-02 7.559489e-02 1.208660e-02 1.030183e-02 1.014620e-02 2.500547e-01 3.132449e-02
1.289869e-02 8.271314e-01 8.100152e-02 1.174109e-01 2.709553e-02 -4.227225e-01 3.262758e-02 8.650193e-02 7.018008e-03 4.192181e-03 1.490021e-02 3.588960e-01 2.035072e-02
1.566269e-02 9.045261e-01 1.121318e-01 1.830168e-01 4.220611e-02 -4.068407e-01 3.065310e-02 9.587408e-02 1.196455e-02 -3.294787e-02 1.159032e-02 3.482003e-01 2.829485e-02
1.904092e-02 8.302686e-01 5.051485e-02 1.450923e-01 1.555010e-02 -3.695384e-01 2.442118e-02 9.840185e-02 7.016483e-03 -6.913891e-03 9.590882e-03 3.458894e-01 1.774549e-02
2.303337e-02 8.030753e-01 9.073304e-02 1.745287e-01 2.531565e-02 -3.267763e-01 5.112590e-02 1.157925e-01 7.395750e-03 -2.718820e-02 8.906265e-03 3.234794e-01 4.467242e-02
8.906236e-03 6.140658e-01 8.826323e-02 1.043036e-01 2.759585e-02 -2.970858e-01 3.755392e-02 7.266495e-02 7.007696e-03 1.095732e-02 1.250551e-02 2.641231e-01 2.149632e-02
9.213348e-03 8.230332e-01 9.761151e-02 1.235831e-01 2.017115e-02 -4.312269e-01 6.107908e-02 7.491627e-02 5.910004e-03 -6.486184e-03 1.302989e-02 3.403144e-01 4.110707e-02
1.013468e-02 6.008018e-01 1.118931e-01 1.049282e-01 1.881092e-02 -2.889257e-01 6.617006e-02 7.318539e-02 5.723566e-03 5.378467e-03 1.145475e-02 2.483112e-01 4.141176e-02
1.167024e-02 6.862882e-01 6.955078e-02 1.031133e-01 2.787573e-02 -3.495031e-01 1.634780e-02 8.067600e-02 1.173491e-02 1.209640e-02 6.771420e-03 3.253484e-01 1.663141e-02
1.382002e-02 5.820341e-01 2.225974e-02 1.094531e-01 1.281037e-02 -2.815814e-01 4.262649e-03 7.753296e-02 4.434152e-03 -4.552672e-03 1.211798e-02 2.576317e-01 1.486337e-02
1.658403e-02 8.772274e-01 7.438942e-02 1.780941e-01 3.061218e-02 -3.214559e-01 4.137230e-02 1.084480e-01 1.145953e-02 -1.190988e-03 8.817672e-03 2.766891e-01 3.964295e-02
1.996225e-02 8.369851e-01 2.089714e-01 1.611297e-01 3.617473e-02 -3.773022e-01 1.028591e-01 1.088197e-01 1.551311e-02 -2.749353e-02 1.364609e-02 3.276084e-01 5.342550e-02
2.395471e-02 8.858657e-01 1.195565e-01 1.590202e-01 2.592530e-02 -4.456948e-01 8.182760e-02 1.044489e-01 8.436017e-03 -3.324360e-02 2.245409e-02 4.431903e-01 4.499111e-02
1.044179e-02 6.848259e-01 2.424996e-02 1.118627e-01 2.275394e-02 -3.279358e-01 3.943656e-02 7.960643e-02 4.464749e-03 9.690827e-03 1.461376e-02 2.809198e-01 4.304962e-02
1.074891e-02 8.280780e-01 1.240771e-01 1.597463e-01 2.448641e-02 -3.796153e-01 6.484066e-02 8.529372e-02 5.181062e-03 -1.678242e-02 1.514341e-02 2.925281e-01 3.972724e-02
1.167024e-02 1.114544e+00 1.337624e-01 1.672993e-01 1.060232e-02 -5.541195e-01 7.698654e-02 8.744044e-02 6.368448e-03 -2.851697e-02 6.877781e-03 3.885652e-01 4.834982e-02
1.320580e-02 8.380896e-01 1.181795e-01 1.673450e-01 2.641670e-02 -3.537589e-01 5.722851e-02 9.772306e-02 7.083828e-03 -1.964017e-02 1.717661e-02 2.813260e-01 2.424018e-02
1.535558e-02 8.663080e-01 4.903328e-02 1.504313e-01 2.456783e-02 -4.455215e-01 2.969367e-02 8.665640e-02 2.968343e-03 -3.567243e-02 1.197073e-02 3.435043e-01 2.798682e-02
1.811958e-02 6.521970e-01 6.450446e-02 1.181058e-01 1.500684e-02 -3.169162e-01 2.921977e-02 9.371008e-02 4.102809e-03 4.633385e-03 8.776887e-03 3.180624e-01 2.451180e-02
2.149781e-02 8.459808e-01 1.233341e-01 1.648479e-01 3.717168e-02 -4.334678e-01 6.291264e-02 1.237888e-01 1.432443e-02 -1.248077e-02 1.988643e-02 4.288783e-01 4.516358e-02
2.549026e-02 6.063162e-01 7.516539e-02 9.205747e-02 1.570120e-02 -2.767319e-01 4.635280e-02 1.034455e-01 9.897258e-03 1.604742e-02 7.406906e-03 3.335456e-01 3.382456e-02
1.259158e-02 9.727397e-01 1.850848e-01 1.471632e-01 3.302139e-02 -4.984296e-01 1.042097e-01 7.892175e-02 1.176916e-02 -1.540902e-02 1.884344e-02 3.934115e-01 6.891098e-02
1.289869e-02 8.666865e-01 1.242461e-01 1.421276e-01 2.786748e-02 -4.400125e-01 6.796551e-02 1.008451e-01 7.640239e-03 -6.898409e-03 1.700088e-02 3.532377e-01 4.495795e-02
1.382002e-02 6.941957e-01 7.224043e-02 1.325273e-01 2.405045e-02 -3.161620e-01 2.889301e-02 8.930810e-02 2.869368e-03 -2.152729e-03 1.548364e-02 2.765813e-01 2.544987e-02
1.535558e-02 7.121543e-01 8.053032e-02 1.217399e-01 1.618110e-02 -3.484059e-01 6.618124e-02 9.007650e-02 6.048036e-03 -2.184474e-03 1.088193e-02 3.346978e-01 4.341447e-02
1.750536e-02 7.243679e-01 1.311714e-01 1.297909e-01 1.606164e-02 -3.027999e-01 7.715372e-02 9.292416e-02 4.660375e-03 -7.016417e-03 1.131863e-02 2.677307e-01 4.300345e-02
2.026937e-02 8.893127e-01 1.604974e-01 1.322323e-01 3.307715e-02 -4.178572e-01 9.546185e-02 1.054944e-01 5.710010e-03 1.853423e-02 2.970143e-02 4.211197e-01 5.922443e-02
2.364759e-02 9.626236e-01 1.447826e-01 1.451237e-01 1.925028e-02 -4.407485e-01 6.703782e-02 8.751523e-02 5.036232e-03 -3.247366e-02 7.342480e-03 3.855365e-01 4.678432e-02
2.764004e-02 6.589548e-01 8.956776e-02 1.319799e-01 2.201447e-02 -2.902376e-01 3.923900e-02 1.370942e-01 1.302846e-02 -1.581227e-02 1.436347e-02 3.534928e-01 2.821790e-02
1.535558e-02 7.200887e-01 8.022115e-02 1.232501e-01 2.161155e-02 -3.649210e-01 4.927740e-02 8.849042e-02 5.846378e-03 2.125574e-03 8.332380e-03 3.356859e-01 3.089616e-02
1.566269e-02 8.104292e-01 1.372115e-01 1.372606e-01 3.288751e-02 -3.937983e-01 7.782864e-02 9.285414e-02 1.353756e-02 -6.775619e-03 1.221300e-02 3.484965e-01 5.715427e-02
1.658403e-02 8.204238e-01 9.381669e-02 1.212773e-01 1.662807e-02 -4.199922e-01 7.215954e-02 9.177136e-02 1.575310e-02 2.520359e-03 7.408573e-03 3.754191e-01 5.629264e-02
1.811958e-02 7.545042e-01 9.820989e-02 1.524538e-01 2.659854e-02 -2.786678e-01 3.297326e-02 9.096835e-02 8.192195e-03 3.581447e-03 1.019835e-02 2.754819e-01 3.626633e-02
2.026937e-02 7.861483e-01 1.069093e-01 1.372802e-01 3.260558e-02 -3.603130e-01 4.917280e-02 1.103093e-01 8.521138e-03 -1.708891e-02 1.646155e-02 3.647489e-01 3.867971e-02
2.303337e-02 9.349395e-01 9.818982e-02 1.419461e-01 2.312256e-02 -4.246508e-01 5.590108e-02 1.235635e-01 1.112426e-02 -1.215436e-02 5.601201e-03 3.810493e-01 4.240391e-02
2.641160e-02 6.205171e-01 7.897504e-02 1.116904e-01 2.905376e-02 -2.767719e-01 2.525975e-02 1.164461e-01 1.047890e-02 -1.078555e-02 1.320389e-02 3.547517e-01 4.523219e-02
3.040405e-02 8.306756e-01 8.595562e-02 1.514549e-01 2.561315e-02 -3.408610e-01 3.524995e-02 1.490868e-01 8.771902e-03 -2.583271e-02 1.781255e-02 4.053119e-01 1.214229e-02
1.873381e-02 8.249806e-01 7.902067e-02 1.525706e-01 1.976919e-02 -3.748843e-01 2.798424e-02 8.890944e-02 6.699856e-03 -3.603208e-02 9.835487e-03 3.147946e-01 1.060932e-02
1.904092e-02 7.200856e-01 6.506961e-02 1.012235e-01 5.034990e-03 -3.439448e-01 3.843765e-02 8.873125e-02 2.485601e-03 -5.004538e-03 1.012920e-02 3.231619e-01 2.043756e-02
1.996225e-02 9.166570e-01 1.182861e-01 1.658060e-01 2.463434e-02 -4.285888e-01 5.595833e-02 1.135876e-01 1.019043e-02 -2.401590e-02 1.263656e-02 3.615067e-01 2.433047e-02
2.149781e-02 6.559956e-01 6.706816e-02 1.281082e-01 6.473229e-03 -2.658056e-01 4.692677e-02 1.156493e-01 9.192208e-03 1.059762e-02 9.127921e-03 2.950507e-01 3.624186e-02
2.364759e-02 7.213296e-01 1.056587e-01 1.198795e-01 2.974359e-02 -3.298248e-01 7.038449e-02 9.702230e-02 9.518928e-03 -1.092846e-02 9.681794e-03 3.490078e-01 5.640806e-02
2.641160e-02 7.591443e-01 1.167530e-01 1.301231e-01 1.603462e-02 -3.140484e-01 3.250878e-02 1.333098e-01 1.062136e-02 6.240876e-03 1.263655e-02 3.647713e-01 2.135402e-02
2.978983e-02 7.880764e-01 7.537668e-02 1.333457e-01 3.122098e-02 -3.788095e-01 3.790827e-02 1.346606e-01 1.138138e-02 -2.180184e-02 2.000645e-02 4.398412e-01 2.113812e-02
3.378228e-02 9.510904e-01 7.291134e-02 2.006473e-01 3.578054e-02 -3.964461e-01 5.463449e-02 1.693601e-01 1.904446e-02 -3.972297e-02 1.301879e-02 4.900766e-01 2.773008e-02
2.272626e-02 8.662480e-01 7.500763e-02 1.623046e-01 3.942418e-02 -4.349362e-01 2.774286e-02 1.081505e-01 1.425771e-02 -2.960442e-02 1.587757e-02 4.296067e-01 1.756053e-02
2.303337e-02 7.422591e-01 5.594155e-02 1.456333e-01 6.695222e-03 -3.094426e-01 3.424749e-02 1.306931e-01 7.862572e-03 -4.607388e-03 1.315698e-02 3.312051e-01 2.241689e-02
2.395471e-02 8.575609e-01 9.037991e-02 1.630289e-01 1.765570e-02 -3.957143e-01 7.053510e-02 1.191643e-01 7.272145e-03 -1.440750e-02 1.278159e-02 4.321726e-01 5.118172e-02
2.549026e-02 7.687162e-01 3.268592e-02 1.743856e-01 9.943714e-03 -3.205322e-01 1.065420e-02 1.457214e-01 9.927519e-03 -2.721920e-02 9.040298e-03 3.301722e-01 1.891179e-02
2.764004e-02 6.007273e-01 4.430017e-02 1.150301e-01 1.435297e-02 -2.343664e-01 2.687371e-02 1.135048e-01 5.302562e-03 -1.545925e-02 1.544272e-02 3.001790e-01 2.425962e-02
3.040405e-02 8.655682e-01 8.163974e-02 1.543079e-01 1.840345e-02 -4.126981e-01 6.448243e-02 1.499212e-01 1.250371e-02 -2.837674e-02 1.738952e-02 4.512186e-01 4.547905e-02
3.378228e-02 7.060694e-01 8.698892e-02 1.347694e-01 2.807498e-02 -2.947853e-01 3.528941e-02 1.359473e-01 1.828136e-02 -2.890429e-02 1.612724e-02 4.714113e-01 3.168005e-02
3.777473e-02 7.941123e-01 1.534588e-01 1.554194e-01 4.482062e-02 -3.590360e-01 1.020565e-01 2.029019e-01 2.442050e-02 -5.195253e-02 2.081943e-02 5.290699e-01 9.215465e-02
1.105602e-02 6.709846e-01 1.399950e-01 1.176203e-01 1.781271e-02 -3.174797e-01 8.362921e-02 7.344005e-02 5.632983e-03 -5.698550e-03 1.121110e-02 2.584616e-01 5.401288e-02
1.136313e-02 6.824644e-01 1.251852e-01 1.236783e-01 1.981517e-02 -2.942478e-01 6.854298e-02 7.398320e-02 7.169717e-03 -5.664184e-03 6.298109e-03 2.425725e-01 4.794930e-02
1.228446e-02 6.177065e-01 6.080420e-02 1.153363e-01 1.727594e-02 -2.945496e-01 2.618094e-02 7.641553e-02 9.517367e-03 -5.412637e-03 8.574471e-03 2.527204e-01 2.781347e-02
1.382002e-02 8.844863e-01 1.191901e-01 1.404780e-01 2.492826e-02 -4.567163e-01 8.050171e-02 8.568449e-02 6.500184e-03 -1.676843e-02 1.308532e-02 3.768421e-01 5.675151e-02
1.596980e-02 6.950357e-01 8.862007e-02 1.214490e-01 1.674515e-02 -3.355634e-01 4.082849e-02 8.276559e-02 9.013631e-03 -8.603511e-03 4.081814e-03 3.097518e-01 2.195193e-02
1.873381e-02 8.677494e-01 9.443941e-02 1.402935e-01 2.442696e-02 -3.753058e-01 4.902916e-02 1.049411e-01 7.388401e-03 1.264483e-02 2.274942e-02 3.494950e-01 1.520189e-02
2.211204e-02 8.879770e-01 2.954826e-02 1.531304e-01 1.937172e-02 -3.875311e-01 4.025010e-02 1.197751e-01 6.085001e-03 -2.388906e-02 8.485296e-03 3.432631e-01 4.396105e-02
2.610449e-02 7.925708e-01 1.180133e-01 1.009019e-01 2.384357e-02 -3.664473e-01 5.936763e-02 1.168689e-01 1.037366e-02 -4.675582e-03 9.071336e-03 3.751154e-01 3.747107e-02
1.136313e-02 8.858269e-01 1.367339e-01 1.430997e-01 2.624336e-02 -4.153540e-01 7.688592e-02 8.021982e-02 8.932359e-03 -9.810047e-03 9.346003e-03 3.125930e-01 5.033415e-02
1.167024e-02 7.479821e-01 1.300089e-01 1.507016e-01 4.043675e-02 -3.304994e-01 4.887519e-02 9.265518e-02 1.023455e-02 -8.938397e-03 1.898477e-02 2.647120e-01 2.311803e-02
1.259158e-02 1.092093e+00 8.129257e-02 1.712782e-01 2.534396e-02 -5.646390e-01 5.155933e-02 7.577379e-02 8.572602e-03 -4.029392e-02 1.360995e-02 4.169568e-01 3.159204e-02
1.412713e-02 8.697207e-01 2.023581e-01 1.496582e-01 4.056983e-02 -4.021799e-01 1.039921e-01 7.566137e-02 8.577891e-03 -2.915424e-02 2.021901e-02 3.173205e-01 4.865358e-02
1.627691e-02 7.764328e-01 6.974118e-02 1.093664e-01 6.718668e-03 -3.650870e-01 5.011962e-02 8.037895e-02 7.024220e-03 4.202301e-03 1.305091e-02 3.357855e-01 2.606551e-02
1.904092e-02 7.354039e-01 1.036224e-01 1.183695e-01 2.202908e-02 -3.053868e-01 6.653938e-02 8.573081e-02 9.563568e-03 -1.025628e-04 1.293968e-02 2.793898e-01 4.580257e-02
2.241915e-02 7.123493e-01 1.493086e-02 1.402157e-01 1.141764e-02 -3.167950e-01 2.797689e-02 1.160788e-01 1.111830e-02 -5.847860e-03 3.865799e-03 3.278526e-01 3.235157e-02
2.641160e-02 1.072663e+00 2.163062e-01 1.855810e-01 4.583474e-02 -4.623442e-01 1.174781e-01 1.323682e-01 4.752446e-03 -1.371343e-02 3.567231e-02 4.820213e-01 9.055416e-02
1.228446e-02 1.190644e+00 2.018988e-01 2.359549e-01 4.627337e-02 -5.586739e-01 8.620120e-02 1.078298e-01 1.135119e-02 -4.594420e-02 2.173569e-02 4.004958e-01 4.442127e-02
1.259158e-02 8.169815e-01 8.582231e-02 1.229327e-01 3.134568e-02 -4.029381e-01 3.636276e-02 8.867948e-02 8.219079e-03 9.488773e-03 1.490295e-02 3.465166e-01 2.098279e-02
1.351291e-02 7.739369e-01 1.398443e-01 1.447273e-01 2.361424e-02 -3.336404e-01 7.250742e-02 8.514667e-02 8.766972e-03 -1.194290e-02 1.945815e-02 2.693945e-01 2.865623e-02
1.504847e-02 7.374964e-01 1.755560e-01 1.338451e-01 2.853006e-02 -3.258405e-01 1.087733e-01 8.593800e-02 6.620281e-03 -1.267336e-02 1.493834e-02 2.797331e-01 6.816817e-02
1.719825e-02 8.380370e-01 1.700703e-01 1.582756e-01 3.233796e-02 -3.922879e-01 9.137103e-02 9.719174e-02 5.525951e-03 -2.619626e-02 1.984716e-02 3.460121e-01 4.622945e-02
1.996225e-02 1.030049e+00 2.406633e-01 1.853504e-01 2.994851e-02 -4.832807e-01 1.388101e-01 1.180546e-01 5.170828e-03 -2.380895e-02 2.206679e-02 4.109158e-01 8.625631e-02
2.334048e-02 1.026014e+00 4.787068e-02 1.745317e-01 1.405485e-02 -4.938324e-01 2.473167e-02 1.084047e-01 1.180934e-02 -3.106625e-02 8.534971e-03 4.303757e-01 3.157601e-02
2.733293e-02 8.221661e-01 9.828619e-02 1.520382e-01 3.106391e-02 -3.277843e-01 3.443809e-02 1.307551e-01 1.616236e-02 -1.398195e-02 1.280038e-02 3.424550e-01 2.865803e-02
1.382002e-02 7.518201e-01 8.862695e-02 1.243533e-01 1.767504e-02 -3.583209e-01 6.394707e-02 9.464313e-02 6.189832e-03 -3.134197e-03 1.281263e-02 3.156161e-01 4.319246e-02
1.412713e-02 9.089538e-01 3.826305e-02 1.371858e-01 1.688914e-02 -4.519612e-01 3.416651e-02 9.068566e-02 8.101685e-03 -2.487473e-03 1.164444e-02 3.775978e-01 2.957518e-02
1.504847e-02 7.709009e-01 9.792625e-02 1.144841e-01 2.925713e-02 -4.184749e-01 4.156462e-02 8.910167e-02 1.211591e-02 3.915117e-03 2.212442e-02 3.882637e-01 4.526610e-02
1.658403e-02 9.120798e-01 1.598860e-01 1.650000e-01 2.321136e-02 -4.608238e-01 1.062788e-01 1.105069e-01 7.829961e-03 -9.329418e-03 1.805999e-02 4.148060e-01 6.631940e-02
1.873381e-02 8.301792e-01 1.427998e-01 1.240823e-01 1.343077e-02 -4.017249e-01 5.933606e-02 8.258415e-02 4.683249e-03 -3.225524e-03 1.038557e-02 3.559726e-01 3.080842e-02
2.149781e-02 8.764971e-01 1.397445e-01 1.768084e-01 1.620930e-02 -4.074762e-01 5.396005e-02 1.185505e-01 1.056424e-02 -3.370389e-02 6.688415e-03 3.759213e-01 2.602749e-02
2.487604e-02 6.668642e-01 9.306414e-02 1.253883e-01 2.410492e-02 -3.072036e-01 5.517158e-02 1.232144e-01 1.348596e-02 2.964474e-03 1.663331e-02 3.805329e-01 5.263555e-02
2.886849e-02 7.425268e-01 6.073361e-02 1.322579e-01 1.377688e-02 -2.970174e-01 4.785283e-02 1.345592e-01 1.267244e-02 -2.658274e-03 1.459048e-02 3.871867e-01 4.518144e-02
1.596980e-02 6.362606e-01 1.027789e-01 1.124789e-01 1.608539e-02 -3.114001e-01 5.705622e-02 8.364562e-02 5.695206e-03 1.087335e-02 1.368254e-02 3.264811e-01 3.391539e-02
1.627691e-02 8.349988e-01 8.521793e-02 1.638141e-01 2.280753e-02 -3.624905e-01 5.602328e-02 1.059476e-01 6.423745e-03 -1.981006e-02 1.819246e-02 3.139975e-01 3.898309e-02
1.719825e-02 9.217105e-01 7.820665e-02 1.452392e-01 1.635588e-02 -4.622164e-01 3.756613e-02 1.051758e-01 8.667309e-03 -3.363640e-03 1.275350e-02 3.877318e-01 3.540961e-02
1.873381e-02 8.377001e-01 1.055291e-01 1.560714e-01 2.314249e-02 -3.920488e-01 6.860823e-02 1.071233e-01 7.839622e-03 -1.041837e-02 1.349893e-02 3.761829e-01 6.484828e-02
2.088359e-02 7.316363e-01 7.317992e-02 1.462596e-01 1.387977e-02 -3.573303e-01 4.026388e-02 9.777591e-02 7.908359e-03 -2.180863e-02 8.599633e-03 3.607027e-01 2.876222e-02
2.364759e-02 7.407087e-01 6.057702e-02 1.394727e-01 2.812059e-02 -3.488166e-01 5.145492e-02 1.202296e-01 1.430127e-02 -1.607078e-02 1.749438e-02 3.782534e-01 3.676438e-02
2.702582e-02 9.243902e-01 1.078897e-01 1.788035e-01 4.352970e-02 -3.916700e-01 4.576723e-02 1.476295e-01 1.609522e-02 -1.262513e-02 1.926804e-02 4.244811e-01 1.088507e-02
3.101827e-02 7.222332e-01 4.755435e-02 1.486554e-01 3.941865e-02 -2.643029e-01 2.861626e-02 1.467974e-01 2.028555e-02 -2.006080e-02 1.248340e-02 3.683034e-01 1.697976e-02
1.873381e-02 9.101584e-01 8.800277e-02 1.828971e-01 1.670857e-02 -3.924122e-01 6.704347e-02 1.059875e-01 8.946309e-03 -2.522309e-02 1.184527e-02 3.441207e-01 5.696941e-02
1.904092e-02 8.576886e-01 1.523553e-01 1.480368e-01 2.903606e-02 -4.461462e-01 8.509089e-02 9.652481e-02 7.298826e-03 -3.414870e-02 2.315343e-02 3.775428e-01 5.224147e-02
1.996225e-02 8.033975e-01 7.449457e-02 1.433167e-01 1.560441e-02 -3.708263e-01 5.977422e-02 1.023993e-01 8.353982e-03 -5.904286e-03 4.843255e-03 3.398403e-01 5.379716e-02
2.149781e-02 7.923015e-01 9.915705e-02 1.578702e-01 2.442126e-02 -3.556860e-01 4.741783e-02 1.219282e-01 1.188012e-02 -8.023235e-03 1.256944e-02 3.625233e-01 2.417675e-02
2.364759e-02 8.242775e-01 3.477072e-02 1.382154e-01 2.297708e-02 -4.186763e-01 3.706256e-02 1.223954e-01 1.341511e-02 -7.506767e-05 1.021324e-02 4.285908e-01 1.777361e-02
2.641160e-02 9.287050e-01 7.992701e-02 1.512793e-01 3.071264e-02 -4.413010e-01 5.116603e-02 1.173373e-01 1.380523e-02 -2.222142e-02 1.494007e-02 4.422120e-01 4.775205e-02
2.978983e-02 7.601940e-01 9.309502e-02 1.771809e-01 1.951605e-02 -3.188579e-01 3.946120e-02 1.525520e-01 9.470662e-03 -2.633239e-02 1.315456e-02 3.887512e-01 1.950755e-02
3.378228e-02 8.549843e-01 4.949812e-02 1.766715e-01 1.106383e-02 -2.607533e-01 1.942445e-02 1.890100e-01 1.349241e-02 -2.802741e-02 1.572108e-02 3.861424e-01 2.600415e-02
2.211204e-02 8.132616e-01 6.832408e-02 1.670343e-01 2.732319e-02 -3.365748e-01 4.867264e-02 1.139625e-01 1.146359e-02 -1.411952e-02 1.599040e-02 3.210554e-01 3.527878e-02
2.241915e-02 9.341047e-01 1.233908e-01 1.632463e-01 2.738023e-02 -4.142312e-01 7.370280e-02 1.131226e-01 7.873070e-03 -1.822227e-02 1.505424e-02 3.873582e-01 5.233556e-02
2.334048e-02 1.016807e+00 1.748409e-01 1.808051e-01 1.675996e-02 -4.927117e-01 1.239053e-01 1.195209e-01 1.369563e-02 -3.311555e-02 1.375027e-02 4.102550e-01 9.420172e-02
2.487604e-02 7.932245e-01 1.019095e-01 1.293443e-01 3.473075e-02 -3.596948e-01 3.698178e-02 1.133664e-01 1.305321e-02 -6.102621e-03 1.401381e-02 3.915077e-01 2.270962e-02
2.702582e-02 6.298905e-01 2.656653e-02 1.178035e-01 7.148153e-03 -2.656857e-01 3.213191e-02 1.266820e-01 1.390720e-02 1.366676e-03 1.182844e-02 3.597635e-01 4.454336e-02
2.978983e-02 7.770623e-01 8.843530e-02 1.173412e-01 2.941987e-02 -3.595303e-01 5.646579e-02 1.257909e-01 2.111213e-02 1.706302e-03 6.950189e-03 4.298959e-01 4.923261e-02
3.316805e-02 7.443372e-01 5.290219e-02 1.352157e-01 2.535236e-02 -3.436080e-01 2.458485e-02 1.426722e-01 6.594888e-03 -2.253402e-02 1.024905e-02 4.485547e-01 2.580982e-02
3.716050e-02 7.340922e-01 3.982352e-02 1.653758e-01 3.150324e-02 -3.014090e-01 4.013148e-02 2.062678e-01 1.906251e-02 -4.935815e-02 2.649585e-02 4.795367e-01 3.583795e-02
2.610449e-02 7.775477e-01 8.006181e-02 1.824361e-01 3.686137e-02 -3.136263e-01 2.802275e-02 1.620607e-01 2.058374e-02 -2.554775e-02 1.970554e-02 3.610515e-01 1.647121e-02
2.641160e-02 9.610830e-01 1.468441e-01 1.656870e-01 3.088961e-02 -4.114134e-01 8.338294e-02 1.297038e-01 7.205352e-03 -2.075373e-02 2.409179e-02 4.255519e-01 4.743137e-02
2.733293e-02 1.116888e+00 1.455883e-01 1.997150e-01 4.337400e-02 -5.281186e-01 1.016674e-01 1.388868e-01 1.970105e-02 -3.644789e-02 2.252112e-02 5.265609e-01 5.716404e-02
2.886849e-02 6.973975e-01 9.584464e-02 1.487779e-01 3.982928e-02 -2.943047e-01 5.353691e-02 1.443769e-01 2.380994e-02 -4.525399e-03 2.217328e-02 4.086250e-01 4.011362e-02
3.101827e-02 8.877750e-01 1.014075e-01 1.989275e-01 2.745577e-02 -3.838872e-01 4.126452e-02 1.540415e-01 1.008791e-02 -6.091014e-02 1.900719e-02 4.371927e-01 2.578462e-02
3.378228e-02 7.551200e-01 9.752775e-02 1.261508e-01 1.048098e-02 -2.728713e-01 4.222846e-02 1.685798e-01 1.555772e-02 -5.573697e-03 2.015464e-02 4.033127e-01 3.522868e-02
3.716050e-02 7.760562e-01 7.357064e-02 1.500010e-01 1.655987e-02 -3.169927e-01 6.846361e-02 2.024959e-01 1.272999e-02 -5.533581e-02 1.455995e-02 4.970425e-01 4.825429e-02
4.115295e-02 8.238596e-01 5.127562e-02 2.390710e-01 5.355236e-02 -3.084527e-01 3.449160e-02 2.655653e-01 3.806781e-02 -9.147091e-02 2.801033e-02 5.100105e-01 2.165103e-02
1.504847e-02 9.667508e-01 7.746845e-02 1.693091e-01 2.137461e-02 -4.304173e-01 3.793649e-02 9.576330e-02 1.027672e-02 -1.861797e-02 1.022100e-02 3.327365e-01 3.063055e-02
1.535558e-02 8.194075e-01 1.714573e-01 1.656221e-01 4.140198e-02 -3.410215e-01 8.803382e-02 9.692590e-02 1.226381e-02 -2.200586e-02 1.988769e-02 2.678638e-01 5.738470e-02
1.627691e-02 7.291957e-01 1.744739e-01 1.387494e-01 3.698506e-02 -3.533377e-01 1.073900e-01 9.347233e-02 1.260028e-02 -1.393072e-02 1.985237e-02 3.227671e-01 5.919291e-02
1.781247e-02 8.583389e-01 2.026024e-01 1.487745e-01 2.937182e-02 -4.471861e-01 1.249017e-01 9.193438e-02 1.023062e-02 -2.413740e-02 2.460171e-02 3.918088e-01 7.692237e-02
1.996225e-02 7.875679e-01 8.507568e-02 1.267270e-01 1.928926e-02 -3.572763e-01 5.612774e-02 9.589894e-02 1.123835e-02 -1.013034e-02 9.585560e-03 3.349623e-01 4.687789e-02
2.272626e-02 8.343862e-01 1.298251e-01 1.406162e-01 2.553357e-02 -4.158028e-01 3.803815e-02 1.080396e-01 1.112831e-02 -4.185791e-03 1.340242e-02 4.425516e-01 3.981062e-02
2.610449e-02 7.935778e-01 1.603385e-01 1.685830e-01 3.746678e-02 -3.381375e-01 7.653459e-02 1.307387e-01 1.342218e-02 -3.674701e-02 2.170945e-02 3.580569e-01 4.021351e-02
3.009694e-02 7.364085e-01 8.141984e-02 1.425400e-01 3.968413e-02 -3.317766e-01 7.297527e-02 1.396013e-01 1.342910e-02 -3.156593e-02 2.056558e-02 4.246121e-01 3.861953e-02
1.535558e-02 7.571205e-01 1.025971e-01 1.047126e-01 1.005557e-02 -3.954505e-01 9.260499e-02 8.242325e-02 5.045993e-03 6.461464e-03 8.846180e-03 3.637447e-01 7.729865e-02
1.566269e-02 7.625351e-01 1.079746e-01 1.273028e-01 2.435979e-02 -3.212181e-01 5.481313e-02 9.601463e-02 8.731667e-03 3.988293e-03 1.484703e-02 2.689765e-01 2.899279e-02
1.658403e-02 9.036140e-01 1.276955e-01 1.916133e-01 3.270262e-02 -3.773943e-01 7.374851e-02 1.104715e-01 1.197561e-02 -3.529843e-02 1.841567e-02 3.080003e-01 4.072802e-02
1.811958e-02 7.876058e-01 1.515482e-01 1.164034e-01 2.510051e-02 -3.914438e-01 8.138671e-02 9.350216e-02 7.581466e-03 -6.240530e-04 1.625222e-02 3.434894e-01 5.274807e-02
2.026937e-02 8.160036e-01 1.490958e-01 1.309559e-01 2.483105e-02 -4.092717e-01 5.991050e-02 9.712772e-02 7.011405e-03 -2.026919e-03 8.890792e-03 3.731614e-01 4.637681e-02
2.303337e-02 8.603380e-01 9.260569e-02 1.731627e-01 2.681994e-02 -3.895988e-01 5.618446e-02 1.147068e-01 8.210817e-03 -2.530007e-02 1.801566e-02 3.886987e-01 1.975934e-02
2.641160e-02 7.928531e-01 1.108593e-01 1.425437e-01 2.820710e-02 -4.007189e-01 6.916551e-02 1.317146e-01 8.022251e-03 -3.404397e-02 4.212901e-03 4.073532e-01 6.772229e-02
3.040405e-02 6.453702e-01 6.652644e-02 1.254804e-01 1.064710e-02 -2.936646e-01 5.835524e-02 1.350149e-01 9.234260e-03 -6.286898e-03 2.577922e-02 4.272604e-01 3.167956e-02
1.627691e-02 7.259044e-01 1.668463e-01 1.310912e-01 2.335937e-02 -3.297484e-01 9.815947e-02 9.012119e-02 3.426454e-03 -7.213883e-03 1.136111e-02 2.950077e-01 5.732280e-02
1.658403e-02 6.182894e-01 6.244250e-02 1.119121e-01 7.892920e-03 -2.593026e-01 3.488221e-02 8.694406e-02 3.275474e-03 3.001652e-03 8.805256e-03 2.419373e-01 2.227194e-02
1.750536e-02 7.487324e-01 1.135055e-01 1.364922e-01 2.504663e-02 -3.470216e-01 7.308962e-02 9.937026e-02 1.051043e-02 -1.112784e-02 1.074100e-02 3.330661e-01 6.279885e-02
1.904092e-02 7.028296e-01 4.633872e-02 1.383994e-01 1.335208e-02 -3.200681e-01 3.381013e-02 1.153948e-01 1.085367e-02 1.018611e-02 1.128574e-02 3.348649e-01 3.491396e-02
2.119070e-02 7.710576e-01 7.148949e-02 1.562628e-01 2.027631e-02 -3.363041e-01 4.067078e-02 1.075973e-01 8.967534e-03 -2.322729e-02 1.093729e-02 3.384676e-01 4.282985e-02
2.395471e-02 7.542696e-01 7.089552e-02 1.346744e-01 1.299200e-02 -3.816565e-01 3.847011e-02 1.247691e-01 3.917856e-03 -1.205737e-02 8.144123e-03 4.204939e-01 3.407181e-02
2.733293e-02 8.019141e-01 4.422280e-02 1.454511e-01 1.323505e-02 -3.725826e-01 4.260952e-02 1.358832e-01 2.239601e-02 -1.480357e-02 7.050276e-03 4.219058e-01 3.071462e-02
3.132538e-02 9.139722e-01 8.978302e-02 1.807772e-01 1.573972e-02 -4.749977e-01 6.503698e-02 1.633653e-01 1.325169e-02 -5.722652e-02 1.940474e-02 5.388314e-01 3.251473e-02
1.781247e-02 7.844738e-01 1.633822e-01 1.488743e-01 3.336167e-02 -3.455439e-01 7.654223e-02 1.078587e-01 6.529298e-03 3.848451e-03 1.531973e-02 3.417913e-01 4.137998e-02
1.811958e-02 9.066337e-01 9.784657e-02 1.396235e-01 2.215833e-02 -4.402341e-01 4.572782e-02 9.098314e-02 6.593483e-03 -6.411983e-03 1.341095e-02 3.994125e-01 2.904655e-02
1.904092e-02 6.428535e-01 6.166060e-02 1.500558e-01 1.812904e-02 -2.251891e-01 3.792219e-02 1.125904e-01 4.366105e-03 1.044208e-02 1.892569e-02 2.585050e-01 1.600498e-02
2.057648e-02 7.665842e-01 7.819454e-02 1.423931e-01 2.152915e-02 -3.676745e-01 4.247600e-02 9.767769e-02 7.258397e-03 -1.619034e-02 1.791446e-02 3.773469e-01 3.759628e-02
2.272626e-02 8.747489e-01 7.010547e-02 1.582941e-01 2.143831e-02 -3.644316e-01 5.364776e-02 1.240026e-01 1.135213e-02 1.189667e-02 1.572384e-02 3.742718e-01 4.035697e-02
2.549026e-02 7.595055e-01 1.313209e-01 1.374261e-01 3.336516e-02 -3.123265e-01 6.061582e-02 1.141619e-01 9.155436e-03 1.051157e-02 1.496610e-02 3.876737e-01 2.995073e-02
2.886849e-02 7.109759e-01 9.484894e-02 1.372905e-01 3.298995e-02 -3.029779e-01 5.964792e-02 1.330139e-01 1.570408e-02 -2.236461e-02 1.388901e-02 3.192333e-01 3.970388e-02
3.286094e-02 9.159068e-01 8.699363e-02 1.639819e-01 2.774700e-02 -4.208707e-01 5.012241e-02 1.810576e-01 1.263485e-02 -3.225814e-02 1.841508e-02 5.356220e-01 5.218804e-02
1.996225e-02 7.645238e-01 3.540041e-02 1.147764e-01 1.089202e-02 -3.275987e-01 3.882509e-02 8.760348e-02 5.044978e-03 3.562472e-03 6.009580e-03 3.136696e-01 2.953377e-02
2.026937e-02 7.445451e-01 1.752513e-01 1.163246e-01 3.544852e-02 -3.690337e-01 9.474739e-02 9.901330e-02 1.063510e-02 5.240110e-03 2.011552e-02 3.726691e-01 6.787784e-02
2.119070e-02 7.051483e-01 5.129860e-02 1.001431e-01 7.615648e-03 -3.665894e-01 4.288185e-02 1.006570e-01 3.285210e-03 3.742056e-03 7.908064e-03 3.780088e-01 3.373788e-02
2.272626e-02 7.421553e-01 8.598656e-02 1.449526e-01 2.100814e-02 -3.186143e-01 6.200401e-02 1.301468e-01 1.679211e-02 -4.462392e-03 7.148679e-03 3.619429e-01 6.555051e-02
2.487604e-02 7.327412e-01 6.248372e-02 1.195730e-01 1.039657e-02 -3.576776e-01 5.176843e-02 1.114714e-01 5.065699e-03 -1.670000e-02 1.379660e-02 3.921265e-01 3.105781e-02
2.764004e-02 6.549543e-01 7.596330e-02 1.472778e-01 2.467142e-02 -2.568578e-01 3.598013e-02 1.375509e-01 1.038288e-02 -2.480680e-02 1.465472e-02 3.086293e-01 2.436371e-02
3.101827e-02 1.010132e+00 1.013400e-01 1.663241e-01 2.543579e-02 -4.845466e-01 6.679144e-02 1.340837e-01 7.906629e-03 -4.714512e-02 1.811689e-02 4.961881e-01 4.519920e-02
3.501072e-02 9.877338e-01 9.029640e-02 2.063517e-01 3.442086e-02 -4.123515e-01 2.758280e-02 2.038801e-01 1.481340e-02 -6.987185e-02 1.820698e-02 5.161945e-01 3.724822e-02
2.272626e-02 9.307019e-01 1.311918e-01 1.492311e-01 2.566137e-02 -4.498387e-01 6.474272e-02 9.470442e-02 5.287965e-03 -2.835655e-02 1.595736e-02 4.127702e-01 3.640235e-02
2.303337e-02 7.629374e-01 1.231984e-01 1.267395e-01 4.255528e-02 -3.857173e-01 5.183493e-02 1.030840e-01 1.760366e-02 -1.307174e-02 1.860276e-02 4.030881e-01 3.264858e-02
2.395471e-02 8.129512e-01 6.312602e-02 1.699170e-01 2.593359e-02 -3.583133e-01 2.794288e-02 1.247274e-01 1.357534e-02 -2.639675e-02 3.423434e-03 3.356109e-01 2.570794e-02
2.549026e-02 9.404564e-01 1.018097e-01 1.977288e-01 2.081590e-02 -3.996136e-01 4.421426e-02 1.244271e-01 8.361913e-03 -4.397183e-02 9.295450e-03 3.777544e-01 2.633779e-02
2.764004e-02 6.811912e-01 3.964396e-02 1.012306e-01 1.197702e-02 -2.465958e-01 4.399188e-02 1.318250e-01 1.453095e-02 3.145175e-02 1.298958e-02 3.619258e-01 3.100711e-02
3.040405e-02 9.157926e-01 1.176812e-01 1.563211e-01 3.079332e-02 -4.396178e-01 5.692419e-02 1.490795e-01 1.693602e-02 -3.071615e-02 3.109945e-02 5.035172e-01 4.060756e-02
3.378228e-02 8.987081e-01 6.326837e-02 1.654898e-01 2.727511e-02 -3.947515e-01 5.708977e-02 1.527121e-01 9.327760e-03 -3.115469e-02 1.325319e-02 5.537680e-01 8.616936e-02
3.777473e-02 7.407050e-01 2.865863e-02 1.771816e-01 2.199145e-02 -3.258511e-01 1.541910e-02 2.425178e-01 2.177189e-02 -4.326906e-02 1.496573e-02 5.449907e-01 3.530066e-02
2.610449e-02 7.358546e-01 5.731406e-02 1.166107e-01 2.283311e-02 -3.676109e-01 2.098985e-02 1.225286e-01 1.310460e-02 1.291740e-02 1.025270e-02 4.295127e-01 1.547935e-02
2.641160e-02 8.658842e-01 1.162176e-01 1.686883e-01 1.994720e-02 -4.341478e-01 7.449957e-02 1.420173e-01 1.223312e-02 -5.035822e-02 1.573818e-02 4.696390e-01 6.192542e-02
2.733293e-02 9.356250e-01 1.071168e-01 1.791113e-01 2.831934e-02 -4.549605e-01 7.259194e-02 1.301214e-01 1.948911e-02 -2.620531e-02 1.198085e-02 5.071863e-01 7.064153e-02
2.886849e-02 7.112075e-01 9.219690e-02 1.482419e-01 3.087716e-02 -3.177133e-01 3.678294e-02 1.413229e-01 1.109856e-02 -4.785057e-02 1.765508e-02 3.901584e-01 3.723141e-02
3.101827e-02 9.337002e-01 3.109881e-02 2.006127e-01 2.139028e-02 -4.333078e-01 3.953242e-02 1.811528e-01 1.724644e-02 -4.916261e-02 1.206836e-02 4.796645e-01 2.995999e-02
3.378228e-02 8.497398e-01 7.580608e-02 1.621519e-01 1.766860e-02 -4.057078e-01 6.430332e-02 1.469637e-01 1.380714e-02 -3.320005e-02 2.087215e-02 5.292763e-01 6.146770e-02
3.716050e-02 7.793861e-01 9.095095e-02 1.238858e-01 1.938520e-02 -3.487118e-01 6.138664e-02 1.857276e-01 1.676870e-02 -3.372873e-02 2.231579e-02 5.775768e-01 4.133618e-02
4.115295e-02 7.732596e-01 4.608475e-02 1.938346e-01 2.532529e-02 -2.628697e-01 2.547657e-02 2.473056e-01 2.784370e-02 -4.913015e-02 2.003306e-02 4.828319e-01 4.702868e-02
3.009694e-02 8.520678e-01 3.693744e-02 1.681819e-01 1.108613e-02 -3.859308e-01 4.739033e-02 1.577833e-01 4.549550e-03 -2.660257e-02 1.268016e-02 4.187747e-01 5.295849e-02
3.040405e-02 9.415792e-01 7.191999e-02 1.826350e-01 1.502382e-02 -4.086672e-01 1.742471e-02 1.579218e-01 1.664770e-02 -3.181837e-02 9.993150e-03 4.624236e-01 2.363233e-02
3.132538e-02 6.795661e-01 7.897851e-02 1.006571e-01 2.201385e-02 -2.720212e-01 5.601850e-02 1.470335e-01 1.736383e-02 2.286532e-03 1.720219e-02 3.529027e-01 2.675637e-02
3.286094e-02 7.712949e-01 7.168964e-02 1.933539e-01 3.356121e-02 -2.737938e-01 7.109024e-02 1.743902e-01 2.878580e-02 -3.571869e-02 2.788506e-02 4.370280e-01 6.235099e-02
3.501072e-02 7.297183e-01 7.756673e-02 1.290971e-01 2.816897e-02 -3.658123e-01 3.617428e-02 1.712815e-01 1.809274e-02 -2.843371e-02 7.281798e-03 5.036679e-01 6.639346e-02
3.777473e-02 8.478940e-01 8.079175e-02 1.651553e-01 2.109997e-02 -3.419780e-01 4.001406e-02 1.950041e-01 1.773994e-02 -1.956557e-02 1.722329e-02 5.459297e-01 3.441435e-02
4.115295e-02 8.384725e-01 9.093276e-02 1.401707e-01 2.708086e-02 -3.087739e-01 5.678429e-02 2.513078e-01 1.937803e-02 -5.745159e-02 4.352268e-02 5.282302e-01 4.211590e-02
4.514541e-02 7.558820e-01 9.158493e-02 1.153207e-01 3.974582e-02 -3.546057e-01 5.200907e-02 2.715013e-01 1.703692e-02 -9.076465e-02 3.680212e-02 6.338774e-01 8.320017e-02
