# k^2  LiLi LiLi_error  LiCl LiCl_error  LiNa LiNa_error  ClCl ClCl_error  ClNa ClNa_error  NaNa NaNa_error
0.000000e+00 1.120000e+03 0.000000e+00 1.893146e+03 0.000000e+00 1.526303e+03 0.000000e+00 3.200000e+03 0.000000e+00 2.579922e+03 0.000000e+00 2.080000e+03 0.000000e+00
3.074034e-04 3.408697e-01 1.084352e-01 6.856818e-02 1.216394e-02 -1.620025e-01 7.557795e-02 5.969314e-02 3.297896e-03 2.521748e-02 7.441826e-03 1.511521e-01 5.216346e-02
1.229614e-03 7.551444e-01 1.204831e-01 1.265066e-01 1.230387e-02 -3.971758e-01 8.356376e-02 6.720107e-02 7.808860e-03 -1.004875e-02 1.009378e-02 2.837003e-01 4.852005e-02
2.766631e-03 9.067416e-01 2.663057e-01 1.597104e-01 6.317909e-02 -4.571298e-01 1.181521e-01 8.609794e-02 1.421454e-02 -1.191801e-02 2.829701e-02 3.262899e-01 5.366338e-02
4.918455e-03 8.877053e-01 1.022192e-01 1.411302e-01 2.102924e-02 -4.702197e-01 5.841777e-02 6.745075e-02 2.316503e-03 -2.260592e-02 1.896988e-02 3.333967e-01 2.874642e-02
7.685086e-03 8.047279e-01 1.491854e-01 1.369148e-01 2.646596e-02 -3.911475e-01 6.716751e-02 7.502637e-02 7.302002e-03 -1.018912e-02 1.561044e-02 2.956055e-01 2.680882e-02
1.106652e-02 7.426239e-01 9.848913e-02 1.218328e-01 3.113745e-02 -3.575160e-01 5.229476e-02 8.183558e-02 1.464935e-02 -5.184821e-03 1.514358e-02 2.815967e-01 3.322533e-02
1.506277e-02 8.351570e-01 1.441934e-01 1.404852e-01 3.222043e-02 -3.803851e-01 5.226472e-02 9.822445e-02 9.287457e-03 6.169075e-03 1.794954e-02 3.312740e-01 3.525258e-02
3.074034e-04 6.374073e-01 1.244209e-01 1.005437e-01 2.362922e-02 -3.419090e-01 6.493275e-02 6.214455e-02 7.683358e-03 4.126749e-03 1.148723e-02 2.580536e-01 3.949529e-02
6.148069e-04 3.557041e-01 8.701518e-02 7.859069e-02 1.793656e-02 -1.649566e-01 6.804805e-02 7.602348e-02 1.504710e-02 3.666597e-02 7.956422e-03 1.710579e-01 5.201496e-02
1.537017e-03 6.037286e-01 2.179514e-01 9.681013e-02 3.819030e-02 -3.205575e-01 1.135248e-01 6.217500e-02 1.280532e-02 4.109787e-03 1.587920e-02 2.428823e-01 6.477640e-02
3.074034e-03 6.179312e-01 1.811301e-01 1.019722e-01 2.949776e-02 -3.301284e-01 1.093858e-01 6.810028e-02 7.539750e-03 8.155270e-03 1.368294e-02 2.686732e-01 6.911575e-02
5.225858e-03 6.836644e-01 1.331549e-01 1.285534e-01 1.980893e-02 -3.270621e-01 7.808499e-02 7.452647e-02 9.817164e-03 -4.607973e-03 3.005303e-03 2.462698e-01 5.407904e-02
7.992489e-03 5.987630e-01 1.039209e-01 1.001865e-01 1.535416e-02 -2.975569e-01 5.714492e-02 6.914597e-02 4.007918e-03 8.521849e-03 1.199969e-02 2.578392e-01 2.596189e-02
1.137393e-02 6.118841e-01 1.612794e-01 1.008568e-01 2.761425e-02 -2.959641e-01 1.020575e-01 7.877974e-02 1.100956e-02 1.099974e-02 9.757526e-03 2.612158e-01 7.341138e-02
1.537017e-02 6.122241e-01 8.600465e-02 1.190395e-01 1.101661e-02 -2.861250e-01 5.059011e-02 9.522427e-02 3.932616e-03 5.434495e-03 9.600904e-03 2.731257e-01 4.393402e-02
1.229614e-03 1.305629e+00 3.773080e-01 2.025834e-01 4.310438e-02 -7.046410e-01 2.281319e-01 7.824469e-02 6.103449e-03 -5.205633e-02 2.629579e-02 4.570054e-01 1.390379e-01
1.537017e-03 3.127701e-01 7.112708e-02 5.323447e-02 1.766177e-02 -1.556825e-01 3.801776e-02 5.420561e-02 1.045153e-02 2.874019e-02 7.416815e-03 1.522126e-01 2.501955e-02
2.459227e-03 8.615706e-01 2.032218e-01 1.613716e-01 3.147874e-02 -4.232386e-01 1.143036e-01 8.477516e-02 8.675543e-03 -1.356726e-02 1.817797e-02 2.986506e-01 6.405264e-02
3.996245e-03 6.996004e-01 8.461008e-02 1.159866e-01 2.012188e-02 -3.542107e-01 5.302949e-02 6.724742e-02 1.001571e-02 -7.299689e-04 2.960140e-03 2.687695e-01 3.949227e-02
6.148069e-03 8.265962e-01 1.299683e-01 1.153867e-01 2.845287e-02 -4.472197e-01 7.550522e-02 6.484070e-02 5.518335e-03 -9.060982e-03 1.762905e-02 3.311751e-01 4.815155e-02
8.914699e-03 6.296775e-01 8.192259e-02 1.009265e-01 1.339195e-02 -3.257785e-01 5.572555e-02 6.574909e-02 3.710360e-03 5.649427e-03 7.865087e-03 2.885339e-01 3.740188e-02
1.229614e-02 8.002478e-01 8.302198e-02 1.493087e-01 2.649821e-02 -3.968290e-01 3.882851e-02 8.848492e-02 5.695145e-03 -1.855825e-02 1.621494e-02 3.183233e-01 3.391187e-02
1.629238e-02 8.395256e-01 1.212085e-01 1.163366e-01 1.290836e-02 -4.365877e-01 7.650899e-02 8.782699e-02 6.583827e-03 2.059207e-03 1.415396e-02 3.826366e-01 3.730861e-02
2.766631e-03 1.177901e+00 4.151404e-01 1.631455e-01 4.801197e-02 -6.593454e-01 2.414727e-01 6.450862e-02 6.949842e-03 -3.976223e-02 2.759328e-02 4.460875e-01 1.419544e-01
3.074034e-03 6.507725e-01 2.236438e-01 1.533912e-01 3.096394e-02 -2.731220e-01 1.253636e-01 8.284438e-02 4.446310e-03 -8.601576e-03 2.137391e-02 1.980543e-01 6.654332e-02
3.996245e-03 5.332387e-01 1.368522e-01 8.725681e-02 2.707490e-02 -2.674225e-01 7.203325e-02 6.315478e-02 6.903156e-03 1.424669e-02 1.826468e-02 2.241400e-01 4.076292e-02
5.533262e-03 1.326574e+00 4.744935e-01 1.964046e-01 8.519511e-02 -7.018865e-01 2.423559e-01 8.023489e-02 1.675584e-02 -4.045750e-02 4.702609e-02 4.766706e-01 1.230766e-01
7.685086e-03 7.124527e-01 1.365112e-01 1.300204e-01 3.455501e-02 -3.301387e-01 6.649754e-02 7.761231e-02 1.262643e-02 -2.062593e-03 1.233021e-02 2.573291e-01 3.965329e-02
1.045172e-02 6.377007e-01 9.510957e-02 1.160792e-01 1.699052e-02 -2.823641e-01 4.582414e-02 7.355983e-02 9.957788e-03 4.326796e-03 3.267844e-03 2.400398e-01 3.338886e-02
1.383315e-02 7.631180e-01 5.018892e-02 1.603820e-01 2.462334e-02 -3.245260e-01 2.453843e-02 9.233633e-02 1.134921e-02 -1.689346e-02 9.353853e-03 2.730289e-01 2.518490e-02
1.782940e-02 7.479186e-01 8.723284e-02 1.426510e-01 2.304069e-02 -3.252033e-01 5.682740e-02 9.310082e-02 7.545001e-03 -1.950096e-02 1.113114e-02 2.680340e-01 3.578583e-02
4.918455e-03 1.107934e+00 1.148005e-01 1.565281e-01 1.547246e-02 -5.766260e-01 8.290013e-02 6.569243e-02 3.605886e-03 -3.160108e-02 8.502661e-03 3.770962e-01 5.804326e-02
5.225858e-03 6.130095e-01 1.293940e-01 1.129748e-01 1.877576e-02 -2.781049e-01 7.327459e-02 7.651086e-02 1.163770e-02 1.318312e-02 7.949456e-03 2.270431e-01 5.027362e-02
6.148069e-03 7.418698e-01 1.266490e-01 1.390934e-01 2.710386e-02 -3.531022e-01 7.575285e-02 7.334441e-02 6.608318e-03 -1.426599e-02 1.098135e-02 2.625761e-01 5.388820e-02
7.685086e-03 7.130173e-01 1.293327e-01 1.120187e-01 1.682034e-02 -3.717759e-01 8.286798e-02 7.196267e-02 6.312645e-03 1.662515e-03 7.753130e-03 3.043607e-01 6.016970e-02
9.836910e-03 7.780816e-01 7.278005e-02 1.217593e-01 1.494160e-02 -3.785353e-01 4.753636e-02 7.522337e-02 5.114008e-03 -5.848927e-03 5.805936e-03 2.929663e-01 2.893842e-02
1.260354e-02 6.363323e-01 2.822847e-02 9.254634e-02 1.469649e-02 -3.401711e-01 1.438916e-02 7.338904e-02 6.296880e-03 7.876967e-03 1.491112e-02 3.070604e-01 8.546458e-03
1.598498e-02 8.003733e-01 1.280838e-01 1.426440e-01 2.270274e-02 -3.743156e-01 8.377938e-02 9.662718e-02 6.747930e-03 -9.328735e-03 1.266165e-02 3.338212e-01 5.274627e-02
1.998122e-02 7.731067e-01 8.099618e-02 1.365414e-01 2.993720e-02 -4.073519e-01 4.868002e-02 1.105271e-01 8.572116e-03 -1.356112e-02 1.421218e-02 3.851827e-01 4.752979e-02
7.685086e-03 6.546407e-01 2.973335e-02 1.151401e-01 1.545289e-02 -3.221623e-01 2.035990e-02 7.380944e-02 9.029186e-03 -6.192388e-03 6.687516e-03 2.499422e-01 1.512887e-02
7.992489e-03 5.680585e-01 8.405849e-02 8.412621e-02 1.909942e-02 -2.831763e-01 3.915317e-02 6.914707e-02 7.756747e-03 1.693037e-02 1.334421e-02 2.485226e-01 1.062137e-02
8.914699e-03 8.712816e-01 7.145758e-02 1.707992e-01 2.514040e-02 -3.845081e-01 2.199759e-02 8.603158e-02 7.859000e-03 -1.988520e-02 1.171589e-02 2.852523e-01 8.746716e-03
1.045172e-02 5.926041e-01 9.779877e-02 1.347580e-01 2.636702e-02 -2.531767e-01 5.513400e-02 8.623129e-02 8.343337e-03 -5.722692e-03 1.939184e-02 2.187698e-01 1.975646e-02
1.260354e-02 6.373679e-01 4.148598e-02 1.275646e-01 2.150517e-02 -2.599568e-01 9.093372e-03 1.015852e-01 7.352244e-03 1.746229e-02 1.392301e-02 2.470628e-01 1.642269e-02
1.537017e-02 1.055078e+00 1.279210e-01 2.026044e-01 2.543899e-02 -4.727082e-01 6.955401e-02 1.124806e-01 1.661786e-02 -2.819377e-02 1.822630e-02 3.695827e-01 2.983589e-02
1.875161e-02 7.187454e-01 1.257419e-01 1.438259e-01 2.921107e-02 -3.113513e-01 4.952006e-02 1.040631e-01 1.121381e-02 -8.882845e-03 8.800669e-03 2.993267e-01 3.296811e-02
2.274785e-02 8.378635e-01 8.354888e-02 1.335159e-01 2.750866e-02 -3.797691e-01 3.983035e-02 1.081244e-01 9.879901e-03 -1.045441e-02 1.951604e-02 3.764605e-01 3.172364e-02
1.106652e-02 6.009994e-01 7.058900e-02 1.030789e-01 1.348855e-02 -2.963304e-01 4.345290e-02 7.303928e-02 3.049391e-03 5.077085e-03 1.548182e-02 2.627364e-01 1.783891e-02
1.137393e-02 6.718129e-01 1.154372e-01 1.388270e-01 1.478081e-02 -2.996496e-01 7.313945e-02 8.066422e-02 6.023061e-03 -1.457076e-02 1.032489e-02 2.488512e-01 4.083480e-02
1.229614e-02 9.306136e-01 1.219080e-01 1.520254e-01 2.482915e-02 -4.707419e-01 5.869987e-02 7.482196e-02 6.343667e-03 -3.556659e-02 1.056304e-02 3.428792e-01 3.450794e-02
1.383315e-02 7.405909e-01 9.465596e-02 1.464819e-01 8.017510e-03 -3.552879e-01 4.908205e-02 9.426178e-02 5.184489e-03 -6.774310e-03 1.085529e-02 3.326921e-01 4.089355e-02
1.598498e-02 8.598897e-01 1.663756e-01 1.441723e-01 2.602651e-02 -4.265878e-01 9.608015e-02 1.010566e-01 4.520904e-03 -5.800982e-03 1.750878e-02 3.619887e-01 5.895014e-02
1.875161e-02 8.139672e-01 9.103141e-02 1.578736e-01 2.558465e-02 -3.282086e-01 6.832405e-02 1.185384e-01 1.015624e-02 -7.156605e-03 1.343888e-02 2.927733e-01 4.836942e-02
2.213305e-02 7.650767e-01 6.244247e-02 1.374315e-01 2.116916e-02 -3.553467e-01 3.720814e-02 1.141443e-01 1.453533e-03 -1.035420e-02 1.713541e-02 3.335524e-01 3.143366e-02
2.612929e-02 7.262516e-01 6.776364e-02 1.642818e-01 2.779148e-02 -3.137448e-01 4.743747e-02 1.515424e-01 5.590928e-03 -1.171099e-02 8.537761e-03 3.565700e-01 6.151392e-02
1.506277e-02 7.984276e-01 1.245717e-01 1.186705e-01 3.720731e-02 -4.151097e-01 5.510181e-02 8.345417e-02 1.343109e-02 -6.947618e-03 1.895436e-02 3.657675e-01 2.835592e-02
1.537017e-02 7.049460e-01 8.000966e-02 1.106756e-01 3.158771e-02 -3.415551e-01 5.997143e-02 8.564358e-02 8.124929e-03 2.242168e-03 2.467277e-02 3.271895e-01 4.230105e-02
1.629238e-02 8.532730e-01 1.245495e-01 1.304817e-01 1.862996e-02 -4.159812e-01 6.065875e-02 9.456899e-02 1.065764e-02 6.666515e-03 8.190766e-03 3.833260e-01 4.681195e-02
1.782940e-02 8.756752e-01 1.701823e-01 1.420491e-01 2.606133e-02 -4.379519e-01 9.213673e-02 1.014883e-01 9.126248e-03 -1.098916e-02 2.257300e-02 3.890944e-01 3.890112e-02
1.998122e-02 8.182726e-01 7.262087e-02 1.534989e-01 2.300619e-02 -3.771963e-01 3.817304e-02 1.089612e-01 5.460463e-03 -7.298659e-03 1.618713e-02 3.359083e-01 3.526392e-02
2.274785e-02 8.611090e-01 8.641677e-02 1.403421e-01 2.220807e-02 -3.637434e-01 3.102191e-02 1.080624e-01 1.104709e-02 -7.006732e-03 7.071550e-03 3.602825e-01 5.415032e-02
2.612929e-02 9.851251e-01 1.407740e-01 1.509319e-01 5.039802e-02 -4.715755e-01 6.985516e-02 1.283894e-01 2.308296e-02 -1.445251e-02 1.241952e-02 4.658130e-01 3.139061e-02
3.012554e-02 6.495772e-01 6.010107e-02 1.035221e-01 1.609348e-02 -3.119422e-01 5.292264e-02 1.235928e-01 9.126345e-03 -4.774110e-03 1.821464e-02 4.282716e-01 5.868284e-02
3.074034e-04 9.200068e-01 2.761535e-01 1.384465e-01 5.312207e-02 -5.019243e-01 1.410768e-01 7.302776e-02 7.882806e-03 -9.690623e-03 3.214616e-02 3.583668e-01 6.951414e-02
6.148069e-04 4.128346e-01 5.204215e-02 3.261469e-02 1.142482e-02 -2.624643e-01 3.114713e-02 4.495175e-02 3.568832e-03 3.111633e-02 8.118042e-03 2.333606e-01 1.931587e-02
1.537017e-03 7.312811e-01 7.079018e-02 1.471991e-01 1.962613e-02 -3.421057e-01 5.869527e-02 7.772722e-02 1.152342e-02 -1.123252e-02 6.948333e-03 2.375291e-01 3.777839e-02
3.074034e-03 5.288239e-01 7.180567e-02 1.006011e-01 1.919714e-02 -2.498465e-01 3.886209e-02 6.271747e-02 6.186244e-03 3.807727e-03 6.302228e-03 1.954453e-01 2.565426e-02
5.225858e-03 4.260753e-01 4.172771e-02 5.901596e-02 8.110407e-03 -2.230340e-01 2.984476e-02 4.759005e-02 1.774563e-03 1.311728e-02 5.975852e-03 1.927916e-01 2.231600e-02
7.992489e-03 5.139233e-01 4.851596e-02 7.984513e-02 1.557580e-02 -2.535917e-01 3.000660e-02 6.759223e-02 5.471606e-03 2.352109e-02 1.007132e-02 2.405379e-01 2.458406e-02
1.137393e-02 6.671704e-01 9.344356e-02 1.415447e-01 1.879192e-02 -2.846843e-01 4.738320e-02 9.485995e-02 3.862377e-03 2.381227e-03 1.486793e-02 2.561862e-01 2.095228e-02
1.537017e-02 9.611160e-01 2.235880e-01 1.256610e-01 3.562011e-02 -5.099630e-01 1.193016e-01 8.772873e-02 4.702520e-03 -4.962336e-03 2.383615e-02 4.130509e-01 5.724743e-02
6.148069e-04 5.458612e-01 1.718167e-01 5.579621e-02 1.263405e-02 -3.311972e-01 1.145743e-01 6.209197e-02 4.711497e-03 3.616056e-02 9.473842e-03 2.910705e-01 7.832388e-02
9.222103e-04 6.479247e-01 1.591344e-01 1.055984e-01 1.606953e-02 -3.491857e-01 1.043335e-01 6.218943e-02 7.054209e-03 -1.348269e-03 1.008195e-02 2.614986e-01 6.501554e-02
1.844421e-03 8.444273e-01 2.726760e-01 1.627063e-01 4.915911e-02 -4.138941e-01 1.319540e-01 8.008843e-02 1.510369e-02 -2.120157e-02 1.784488e-02 2.823246e-01 7.101778e-02
3.381438e-03 4.907611e-01 9.474186e-02 9.804266e-02 2.068880e-02 -2.348344e-01 4.409764e-02 6.219305e-02 7.885282e-03 3.557800e-03 1.023641e-02 1.887661e-01 2.545393e-02
5.533262e-03 8.661012e-01 9.852396e-02 1.448765e-01 3.096125e-02 -4.485117e-01 2.970109e-02 7.492397e-02 1.142337e-02 -1.753432e-02 9.433267e-03 3.269359e-01 1.162611e-02
8.299892e-03 8.294035e-01 1.291041e-01 1.407996e-01 1.214002e-02 -4.036303e-01 8.294012e-02 7.915642e-02 5.502228e-03 -1.355732e-02 1.124388e-02 2.878421e-01 5.083902e-02
1.168133e-02 7.222340e-01 8.777620e-02 1.274867e-01 2.636537e-02 -3.342354e-01 6.443187e-02 8.577127e-02 1.188532e-02 1.380460e-03 5.599991e-03 2.821897e-01 5.665765e-02
1.567757e-02 9.488321e-01 8.514947e-02 1.814392e-01 2.765106e-02 -4.178258e-01 6.018113e-02 1.070149e-01 1.789375e-02 -1.790695e-02 1.659675e-02 3.354606e-01 4.211692e-02
1.537017e-03 2.860622e-01 2.995368e-02 5.639025e-02 4.876960e-03 -1.415382e-01 2.695894e-02 5.028829e-02 3.273203e-03 2.111864e-02 4.226749e-03 1.389834e-01 1.959789e-02
1.844421e-03 4.830520e-01 9.551312e-02 6.891606e-02 2.975687e-02 -2.548933e-01 5.695395e-02 7.078531e-02 5.480726e-03 3.766560e-02 1.726963e-02 2.342210e-01 3.583768e-02
2.766631e-03 7.403650e-01 1.986706e-01 1.436735e-01 1.589709e-02 -3.547875e-01 1.280272e-01 8.457599e-02 9.849341e-03 -1.171380e-03 1.566915e-02 2.640816e-01 7.782546e-02
4.303648e-03 5.513008e-01 8.480867e-02 7.387794e-02 1.324262e-02 -3.047974e-01 5.153415e-02 5.510260e-02 6.248148e-03 1.364599e-02 7.564065e-03 2.560510e-01 3.954293e-02
6.455472e-03 8.862489e-01 1.057063e-01 1.684622e-01 2.678321e-02 -4.095024e-01 6.143322e-02 8.589265e-02 1.070515e-02 -1.469666e-02 1.120867e-02 3.008603e-01 4.766912e-02
9.222103e-03 8.540096e-01 2.306896e-01 1.299602e-01 4.111184e-02 -4.262824e-01 1.065984e-01 7.622492e-02 7.460936e-03 -1.273921e-02 1.834987e-02 3.117850e-01 4.904897e-02
1.260354e-02 8.824681e-01 1.699954e-01 1.895284e-01 4.237173e-02 -3.908338e-01 7.696216e-02 1.084948e-01 7.704317e-03 -1.884218e-02 1.951301e-02 3.132926e-01 5.155111e-02
1.659978e-02 1.032136e+00 1.730172e-01 1.980077e-01 2.064955e-02 -4.641780e-01 1.053634e-01 1.129442e-01 1.097302e-02 -2.378466e-02 9.799547e-03 3.665326e-01 7.986849e-02
3.074034e-03 5.132458e-01 1.233966e-01 8.613988e-02 2.159721e-02 -2.554210e-01 6.563519e-02 6.308465e-02 2.418911e-03 1.686939e-02 1.372695e-02 2.163931e-01 3.374862e-02
3.381438e-03 5.973011e-01 1.523345e-01 1.331396e-01 3.399933e-02 -2.657815e-01 7.263819e-02 8.521676e-02 1.165951e-02 3.502050e-03 1.306570e-02 2.050159e-01 3.598668e-02
4.303648e-03 4.531386e-01 9.077959e-02 6.699194e-02 1.599138e-02 -2.292416e-01 4.485085e-02 5.896449e-02 4.808866e-03 2.087299e-02 6.761126e-03 1.984671e-01 2.505111e-02
5.840665e-03 6.811642e-01 2.545514e-01 1.219538e-01 4.743113e-02 -3.451795e-01 1.385093e-01 7.916188e-02 6.810892e-03 4.137453e-03 2.900026e-02 2.855580e-01 7.344131e-02
7.992489e-03 8.469577e-01 1.534681e-01 1.089149e-01 2.991375e-02 -4.619754e-01 7.141754e-02 6.504193e-02 5.062394e-03 -8.078372e-04 1.540506e-02 3.742123e-01 3.800215e-02
1.075912e-02 6.282300e-01 5.337932e-02 9.959761e-02 8.217711e-03 -3.148465e-01 2.862839e-02 6.891472e-02 6.081925e-03 3.699967e-03 8.495648e-03 2.763897e-01 2.262474e-02
1.414056e-02 7.728278e-01 1.152627e-01 1.489347e-01 3.784488e-02 -3.388675e-01 4.690512e-02 9.205793e-02 1.207248e-02 -1.533166e-02 1.728276e-02 2.709819e-01 1.426108e-02
1.813680e-02 7.000812e-01 1.599443e-01 1.003998e-01 3.431871e-02 -3.564713e-01 1.028046e-01 8.655476e-02 9.391119e-03 8.888715e-03 2.103878e-02 3.443348e-01 6.162992e-02
5.225858e-03 8.634857e-01 2.682880e-01 1.610818e-01 6.027177e-02 -4.228285e-01 1.112244e-01 8.757169e-02 2.012690e-02 -1.378247e-02 1.917737e-02 3.098158e-01 5.164964e-02
5.533262e-03 9.398445e-01 3.040378e-01 1.578338e-01 5.740042e-02 -4.980298e-01 1.511969e-01 7.162108e-02 9.248100e-03 -3.235889e-02 3.176634e-02 3.494312e-01 6.935390e-02
6.455472e-03 9.449875e-01 7.899852e-02 1.618294e-01 1.081023e-02 -4.652442e-01 4.893662e-02 7.965990e-02 5.945736e-03 -1.930056e-02 8.313198e-03 3.323695e-01 3.261919e-02
7.992489e-03 7.012435e-01 6.989376e-02 9.409035e-02 1.467490e-02 -3.710861e-01 4.699442e-02 6.960174e-02 5.026305e-03 1.135648e-02 1.071058e-02 3.055403e-01 3.649374e-02
1.014431e-02 7.682469e-01 9.413992e-02 1.170331e-01 1.307842e-02 -4.010773e-01 7.189955e-02 7.855373e-02 3.049974e-03 -6.486757e-04 1.378576e-02 3.231679e-01 4.802172e-02
1.291094e-02 6.333034e-01 7.307426e-02 1.065116e-01 2.046118e-02 -3.468748e-01 2.912441e-02 7.625050e-02 8.741982e-03 -5.944306e-03 1.004971e-02 3.169518e-01 1.525039e-02
1.629238e-02 9.869982e-01 2.328784e-01 1.771385e-01 2.359544e-02 -4.775529e-01 1.478229e-01 1.009099e-01 7.133341e-03 -2.563955e-02 1.060080e-02 3.795479e-01 9.271342e-02
2.028863e-02 6.783395e-01 4.862226e-02 1.270559e-01 1.211833e-02 -3.201376e-01 2.109575e-02 1.003758e-01 3.861782e-03 -1.175321e-02 9.624642e-03 3.337663e-01 1.936919e-02
7.992489e-03 7.536704e-01 8.529954e-02 1.222420e-01 1.438508e-02 -3.835583e-01 5.233647e-02 7.939205e-02 3.652313e-03 5.928711e-03 9.160444e-03 3.152591e-01 3.757529e-02
8.299892e-03 4.798348e-01 6.548121e-02 1.073596e-01 1.361829e-02 -1.983320e-01 4.414190e-02 7.093319e-02 7.468654e-03 4.865666e-03 9.921578e-03 1.872559e-01 2.702957e-02
9.222103e-03 7.258089e-01 1.211293e-01 1.083503e-01 2.706205e-02 -3.579729e-01 6.177271e-02 6.505926e-02 7.079249e-03 -5.480146e-03 1.422638e-02 2.781181e-01 3.753919e-02
1.075912e-02 9.748642e-01 1.331516e-01 1.752009e-01 2.981393e-02 -4.557015e-01 7.167086e-02 8.858247e-02 7.606759e-03 -2.905772e-02 1.727244e-02 3.302173e-01 3.654236e-02
1.291094e-02 8.398038e-01 1.292146e-01 1.580788e-01 2.530950e-02 -3.695917e-01 6.287265e-02 9.919927e-02 8.614851e-03 -1.022183e-02 9.703835e-03 2.792005e-01 3.529737e-02
1.567757e-02 7.176231e-01 9.931433e-02 1.300673e-01 2.376537e-02 -3.063231e-01 7.627242e-02 1.036498e-01 9.918776e-03 4.550350e-03 1.580231e-02 2.736179e-01 5.144045e-02
1.905901e-02 7.903755e-01 9.237766e-02 1.083437e-01 1.959326e-02 -3.863062e-01 4.420731e-02 8.694077e-02 8.009829e-03 1.519805e-03 1.114559e-02 3.386048e-01 1.759624e-02
2.305526e-02 8.310336e-01 3.465488e-02 1.263519e-01 6.912827e-03 -3.515700e-01 1.675377e-02 1.064316e-01 6.419061e-03 -7.814279e-03 9.454228e-03 3.241379e-01 3.548603e-02
1.137393e-02 8.883136e-01 2.269605e-01 1.433001e-01 4.604775e-02 -4.431743e-01 1.222005e-01 7.710312e-02 6.862928e-03 -1.887514e-02 2.755668e-02 3.357858e-01 7.088766e-02
1.168133e-02 7.133874e-01 1.437354e-01 1.239858e-01 1.531766e-02 -3.507020e-01 9.505051e-02 7.790748e-02 5.241457e-03 1.835659e-03 8.613651e-03 3.217484e-01 5.949752e-02
1.260354e-02 9.691463e-01 1.882865e-01 1.699583e-01 3.048412e-02 -5.171208e-01 1.205931e-01 9.216420e-02 7.328769e-03 -2.587907e-02 2.351339e-02 4.225150e-01 7.321770e-02
1.414056e-02 6.727962e-01 1.334454e-01 1.319376e-01 2.386339e-02 -3.170639e-01 7.230002e-02 9.097738e-02 7.646125e-03 -1.199161e-02 1.016608e-02 2.879754e-01 4.911097e-02
1.629238e-02 5.256085e-01 4.291198e-02 7.051619e-02 1.366792e-02 -2.562205e-01 1.912547e-02 7.215986e-02 5.509618e-03 1.847109e-02 6.292266e-03 2.791116e-01 8.899792e-03
1.905901e-02 7.593775e-01 5.310772e-02 1.190246e-01 1.543697e-02 -3.839442e-01 4.492357e-02 8.892699e-02 9.523757e-03 -2.613150e-03 8.863150e-03 3.668306e-01 3.627017e-02
2.244045e-02 6.889432e-01 7.177026e-02 1.140617e-01 1.355226e-02 -3.304100e-01 4.308702e-02 1.042842e-01 1.262424e-02 -1.512005e-02 3.964654e-03 3.352398e-01 2.996529e-02
2.643669e-02 6.478617e-01 1.113946e-01 8.970521e-02 2.227281e-02 -3.056365e-01 6.198499e-02 1.120762e-01 5.115516e-03 -1.307893e-03 1.427828e-02 4.060705e-01 4.248434e-02
1.537017e-02 7.149243e-01 1.140981e-01 9.817304e-02 3.105481e-02 -3.548431e-01 5.383453e-02 8.243268e-02 1.162352e-02 9.479515e-03 1.539431e-02 3.246869e-01 3.036065e-02
1.567757e-02 8.723299e-01 1.360951e-01 1.524361e-01 3.853727e-02 -4.490236e-01 8.748730e-02 1.058987e-01 1.330506e-02 -2.020626e-02 2.672711e-02 3.768955e-01 5.166015e-02
1.659978e-02 7.921774e-01 1.110629e-01 1.807137e-01 2.954185e-02 -3.194796e-01 5.961846e-02 1.114550e-01 7.125834e-03 -1.068810e-02 1.403391e-02 2.847569e-01 3.340014e-02
1.813680e-02 1.211520e+00 1.477792e-01 2.360112e-01 1.617422e-02 -5.317152e-01 8.369805e-02 1.123587e-01 8.858892e-03 -5.320324e-02 1.150424e-02 3.895005e-01 3.254926e-02
2.028863e-02 7.558365e-01 5.666598e-02 1.356435e-01 1.170702e-02 -3.817932e-01 4.179486e-02 1.038709e-01 1.249392e-02 -2.311288e-02 7.377667e-03 3.747989e-01 4.172870e-02
2.305526e-02 9.355543e-01 1.087858e-01 1.606139e-01 2.010234e-02 -4.444610e-01 5.913085e-02 1.035174e-01 7.124774e-03 -1.821231e-02 8.651225e-03 4.333843e-01 3.372057e-02
2.643669e-02 9.010096e-01 1.605088e-01 1.334058e-01 3.611283e-02 -4.366735e-01 6.113343e-02 1.338520e-01 1.406132e-02 -6.859635e-03 1.029095e-02 4.485277e-01 4.098537e-02
3.043294e-02 8.369935e-01 1.070325e-01 1.462791e-01 1.746714e-02 -4.415184e-01 4.542766e-02 1.465672e-01 9.648821e-03 -4.000812e-02 1.323367e-02 5.289973e-01 3.440243e-02
1.229614e-03 3.176108e-01 6.248350e-02 5.651082e-02 1.291816e-02 -1.610922e-01 3.911720e-02 5.604316e-02 2.772022e-03 2.834096e-02 9.056119e-03 1.599391e-01 2.713487e-02
1.537017e-03 6.266236e-01 1.425679e-01 9.400213e-02 1.518419e-02 -3.379113e-01 9.721819e-02 6.250077e-02 9.333489e-03 7.160864e-03 4.923090e-03 2.594406e-01 6.288920e-02
2.459227e-03 3.234981e-01 5.030636e-02 6.590570e-02 1.736373e-02 -1.465975e-01 2.190125e-02 6.897960e-02 5.403676e-03 3.863416e-02 1.037959e-02 1.637689e-01 2.051417e-02
3.996245e-03 4.790236e-01 1.744570e-01 9.093452e-02 2.408045e-02 -2.158030e-01 8.753660e-02 7.609695e-02 8.147812e-03 2.716900e-02 1.542407e-02 1.958616e-01 3.957468e-02
6.148069e-03 9.018950e-01 2.165249e-01 1.488154e-01 4.034765e-02 -4.455042e-01 1.085176e-01 7.021535e-02 1.066303e-02 -2.203037e-02 2.047002e-02 3.113626e-01 5.722998e-02
8.914699e-03 7.661056e-01 1.067368e-01 1.330929e-01 3.214786e-02 -3.900828e-01 5.062425e-02 6.546920e-02 1.157896e-02 -2.447266e-02 9.816695e-03 2.895027e-01 3.416950e-02
1.229614e-02 8.808962e-01 1.617437e-01 1.211410e-01 1.596326e-02 -4.682862e-01 9.748642e-02 7.742182e-02 3.488209e-03 -6.782692e-03 9.064151e-03 3.815850e-01 6.534723e-02
1.629238e-02 6.282540e-01 8.034483e-02 1.263001e-01 2.989372e-02 -2.870462e-01 3.878293e-02 9.717769e-02 1.006963e-02 -9.079770e-04 1.436796e-02 2.602774e-01 3.166692e-02
1.537017e-03 8.254463e-01 1.553384e-01 1.214369e-01 2.768019e-02 -4.522734e-01 9.056471e-02 7.016678e-02 8.360324e-03 -2.022417e-03 1.186199e-02 3.353656e-01 6.073614e-02
1.844421e-03 3.620439e-01 8.128628e-02 6.330885e-02 1.576743e-02 -1.785303e-01 4.359314e-02 5.672487e-02 4.780661e-03 2.582730e-02 5.664831e-03 1.684534e-01 2.328179e-02
2.766631e-03 4.791936e-01 6.987565e-02 9.085078e-02 1.567583e-02 -2.238786e-01 4.271165e-02 8.013604e-02 7.048709e-03 3.118601e-02 5.996639e-03 2.050764e-01 2.982142e-02
4.303648e-03 6.306768e-01 1.697256e-01 1.251631e-01 3.378579e-02 -2.872255e-01 8.109992e-02 6.477778e-02 5.029125e-03 -1.107135e-02 1.965610e-02 2.058915e-01 3.490264e-02
6.455472e-03 5.870121e-01 8.404522e-02 9.058349e-02 1.704771e-02 -2.969958e-01 4.886702e-02 6.738935e-02 5.256822e-03 1.374821e-02 6.605784e-03 2.461224e-01 3.616972e-02
9.222103e-03 6.476970e-01 8.006269e-02 1.154166e-01 1.603535e-02 -3.089895e-01 3.773975e-02 7.409791e-02 4.884490e-03 1.447080e-03 1.448169e-02 2.670034e-01 1.796825e-02
1.260354e-02 8.900290e-01 5.729514e-02 1.355530e-01 2.897663e-02 -4.757407e-01 2.298579e-02 8.766588e-02 8.950520e-03 -1.756889e-02 1.001508e-02 3.731482e-01 1.852815e-02
1.659978e-02 6.581091e-01 1.060507e-01 9.656209e-02 2.487568e-02 -3.035128e-01 4.526698e-02 7.570118e-02 6.238980e-03 -1.501799e-03 1.458798e-02 2.710298e-01 2.359392e-02
2.459227e-03 7.417203e-01 1.173831e-01 1.014415e-01 2.084711e-02 -4.170352e-01 8.556022e-02 6.329599e-02 6.588400e-03 5.361444e-03 9.326360e-03 3.247334e-01 6.702492e-02
2.766631e-03 3.980355e-01 6.353698e-02 6.100954e-02 1.056217e-02 -2.126789e-01 4.000906e-02 5.656672e-02 5.185126e-03 2.459729e-02 4.653141e-03 1.979054e-01 2.915731e-02
3.688841e-03 5.964858e-01 3.199996e-02 9.840642e-02 1.905062e-02 -2.965213e-01 3.004963e-02 6.141693e-02 5.926333e-03 4.541768e-03 9.289805e-03 2.296733e-01 2.673925e-02
5.225858e-03 8.576425e-01 8.518965e-02 1.364058e-01 2.195601e-02 -4.318905e-01 4.489103e-02 6.743597e-02 4.213195e-03 -1.352754e-02 1.434435e-02 3.116569e-01 2.839130e-02
7.377682e-03 6.782904e-01 1.069064e-01 1.127624e-01 2.479218e-02 -3.215270e-01 6.518720e-02 6.459544e-02 1.239136e-02 -3.209669e-03 1.081135e-02 2.481817e-01 3.885977e-02
1.014431e-02 9.933033e-01 1.621906e-01 1.520083e-01 2.513934e-02 -5.107993e-01 9.515846e-02 7.917498e-02 8.059430e-03 -2.504566e-02 1.647951e-02 3.695976e-01 5.864323e-02
1.352575e-02 8.110065e-01 1.090824e-01 1.405729e-01 9.489962e-03 -3.756882e-01 5.802066e-02 7.856028e-02 3.737215e-03 -1.703006e-02 1.037048e-02 3.001094e-01 3.112928e-02
1.752200e-02 7.792678e-01 9.846071e-02 1.199501e-01 1.851500e-02 -3.917374e-01 6.103160e-02 8.947955e-02 8.622325e-03 -1.291859e-03 1.120281e-02 3.549482e-01 4.048511e-02
3.996245e-03 7.077803e-01 1.408373e-01 1.185081e-01 1.503969e-02 -3.587689e-01 8.535166e-02 7.230058e-02 5.322550e-03 3.437590e-03 1.399237e-02 2.780743e-01 5.131074e-02
4.303648e-03 6.168553e-01 1.960978e-01 9.829457e-02 2.696203e-02 -3.198541e-01 1.194434e-01 6.967077e-02 5.488747e-03 1.447335e-02 1.693606e-02 2.696463e-01 7.511722e-02
5.225858e-03 5.201883e-01 1.156681e-01 1.115859e-01 3.120076e-02 -2.215832e-01 4.994345e-02 8.053809e-02 8.544476e-03 1.590289e-02 1.324823e-02 1.934339e-01 2.518588e-02
6.762875e-03 5.844249e-01 1.647245e-01 1.114617e-01 1.858247e-02 -2.927131e-01 1.058772e-01 7.364591e-02 2.791435e-03 3.883226e-03 8.251305e-03 2.562867e-01 7.374301e-02
8.914699e-03 5.935848e-01 7.586433e-02 1.113873e-01 1.233688e-02 -2.920845e-01 4.610468e-02 8.306429e-02 2.753963e-03 1.392978e-02 1.072811e-02 2.733503e-01 3.460828e-02
1.168133e-02 8.854799e-01 2.490390e-01 1.518939e-01 3.494964e-02 -4.180055e-01 1.331789e-01 8.768466e-02 4.549210e-03 -7.700414e-03 1.848338e-02 3.260308e-01 7.407547e-02
1.506277e-02 8.077025e-01 5.497085e-02 1.258443e-01 1.039469e-02 -4.139345e-01 3.385633e-02 8.298477e-02 6.533121e-03 -7.689974e-03 1.075325e-02 3.503471e-01 2.130251e-02
1.905901e-02 7.287606e-01 9.315465e-02 1.467218e-01 1.756150e-02 -2.766784e-01 4.642486e-02 1.064699e-01 5.698679e-03 3.576698e-03 1.292885e-02 2.744059e-01 2.300620e-02
6.148069e-03 5.373472e-01 1.153405e-01 9.037714e-02 1.672789e-02 -2.527428e-01 6.608077e-02 6.977321e-02 7.153369e-03 1.389003e-02 1.966451e-02 2.095745e-01 3.309852e-02
6.455472e-03 5.709160e-01 1.020026e-01 1.060662e-01 1.427956e-02 -2.800870e-01 6.009673e-02 7.797641e-02 6.226974e-03 2.056814e-02 1.311740e-02 2.558610e-01 3.637185e-02
7.377682e-03 1.095863e+00 1.743698e-01 1.833269e-01 2.591032e-02 -5.261084e-01 9.753433e-02 8.293050e-02 1.025760e-02 -3.055542e-02 1.396396e-02 3.647530e-01 4.757544e-02
8.914699e-03 5.944765e-01 4.314925e-02 1.044820e-01 1.355400e-02 -2.760874e-01 3.980968e-02 7.789773e-02 8.194164e-03 1.192097e-02 5.443155e-03 2.436825e-01 3.114338e-02
1.106652e-02 7.051975e-01 1.215957e-01 1.415946e-01 2.741409e-02 -2.944846e-01 5.606477e-02 9.275864e-02 9.608326e-03 -8.399927e-03 1.363115e-02 2.180921e-01 2.616718e-02
1.383315e-02 1.032855e+00 1.260525e-01 1.754904e-01 3.557705e-02 -4.896802e-01 5.442638e-02 9.485730e-02 5.380428e-03 -2.395728e-02 2.016043e-02 3.671570e-01 2.811711e-02
1.721459e-02 6.349424e-01 4.129341e-02 1.399591e-01 1.912024e-02 -2.532518e-01 1.808586e-02 1.144831e-01 1.274893e-02 1.438461e-02 1.798129e-02 2.614991e-01 1.589238e-02
2.121084e-02 6.426480e-01 8.329925e-02 1.182879e-01 2.114962e-02 -3.099554e-01 3.645984e-02 9.214307e-02 6.499802e-03 -7.730828e-03 1.429820e-02 3.278687e-01 2.003385e-02
8.914699e-03 6.084612e-01 1.330471e-01 1.118536e-01 3.357311e-02 -2.734872e-01 4.787050e-02 8.533439e-02 1.047449e-02 1.729320e-02 1.043634e-02 2.407880e-01 2.493178e-02
9.222103e-03 1.034511e+00 2.894401e-01 1.585017e-01 3.487198e-02 -5.118349e-01 1.560069e-01 8.141118e-02 5.991857e-03 -2.255449e-02 1.843310e-02 3.549785e-01 8.720487e-02
1.014431e-02 6.293955e-01 8.132304e-02 1.266371e-01 1.105413e-02 -2.801941e-01 5.270579e-02 8.621778e-02 6.807115e-03 -7.715069e-04 8.303159e-03 2.394938e-01 2.846688e-02
1.168133e-02 7.341804e-01 1.349304e-01 1.269125e-01 2.104828e-02 -3.497897e-01 7.065289e-02 7.013217e-02 6.063619e-03 -1.681696e-02 1.257042e-02 2.627835e-01 3.659292e-02
1.383315e-02 8.284570e-01 9.116578e-02 1.483588e-01 2.004594e-02 -3.793049e-01 4.795791e-02 8.842281e-02 7.755348e-03 -1.705868e-02 6.904557e-03 3.079546e-01 3.058031e-02
1.659978e-02 7.532067e-01 6.561859e-02 1.172775e-01 1.030690e-02 -3.670366e-01 3.669316e-02 9.149207e-02 3.979085e-03 -1.804948e-03 1.059655e-02 3.322134e-01 1.733973e-02
1.998122e-02 7.616438e-01 3.655621e-02 1.164776e-01 1.584180e-02 -3.713099e-01 3.309861e-02 9.062832e-02 9.598161e-03 -4.149852e-03 1.068154e-02 3.364161e-01 3.116959e-02
2.397747e-02 8.054123e-01 1.438207e-01 1.251289e-01 3.255346e-02 -4.193458e-01 6.544447e-02 1.074990e-01 1.623714e-02 -1.742943e-02 1.334866e-02 4.432788e-01 5.039520e-02
1.229614e-02 8.794745e-01 6.273610e-02 1.416193e-01 1.807871e-02 -4.260428e-01 3.018840e-02 7.817993e-02 8.757299e-03 -1.573487e-02 1.071937e-02 3.232096e-01 2.073241e-02
1.260354e-02 7.731398e-01 5.692033e-02 1.220211e-01 5.216465e-03 -3.777745e-01 3.828860e-02 7.354451e-02 4.960885e-03 -7.224453e-03 5.269542e-03 3.083185e-01 4.133577e-02
1.352575e-02 9.087030e-01 1.620793e-01 1.554961e-01 3.312295e-02 -4.172248e-01 8.138930e-02 8.359125e-02 7.698326e-03 -1.865826e-02 1.626868e-02 3.143782e-01 4.532599e-02
1.506277e-02 7.906108e-01 1.209484e-01 1.342644e-01 2.737766e-02 -3.701122e-01 6.141595e-02 8.381908e-02 6.304216e-03 -1.533470e-02 1.521587e-02 3.113875e-01 4.137519e-02
1.721459e-02 8.186567e-01 1.225069e-01 1.539872e-01 2.590766e-02 -3.945577e-01 5.850827e-02 1.164443e-01 8.746284e-03 -1.085555e-02 1.305740e-02 3.435243e-01 2.311093e-02
1.998122e-02 7.645933e-01 9.437209e-02 1.134396e-01 2.142066e-02 -3.683548e-01 4.722368e-02 9.248292e-02 7.194279e-03 -7.712218e-03 1.489038e-02 3.279071e-01 2.927724e-02
2.336266e-02 7.841950e-01 1.428276e-01 1.316614e-01 3.705679e-02 -4.055220e-01 8.250685e-02 1.265939e-01 1.746963e-02 -4.654475e-03 1.922302e-02 4.762113e-01 4.965354e-02
2.735890e-02 7.856136e-01 5.684914e-02 1.412115e-01 2.468788e-02 -3.626553e-01 2.807057e-02 1.283172e-01 1.376981e-02 -2.408383e-02 9.847094e-03 4.214214e-01 3.667702e-02
1.629238e-02 7.017874e-01 8.212148e-02 1.289169e-01 1.098958e-02 -3.159565e-01 6.082220e-02 9.130178e-02 5.243040e-03 7.805402e-03 1.136610e-02 3.140358e-01 4.123933e-02
1.659978e-02 7.475940e-01 8.533589e-02 1.332954e-01 1.643003e-02 -3.500319e-01 6.562424e-02 9.572805e-02 5.700978e-03 -1.126033e-02 3.305918e-03 3.193226e-01 4.537568e-02
1.752200e-02 6.242369e-01 6.754887e-02 1.116048e-01 1.947063e-02 -2.649510e-01 3.541236e-02 1.026886e-01 1.140802e-02 2.555855e-02 1.442623e-02 2.807164e-01 3.595591e-02
1.905901e-02 7.805488e-01 1.198763e-01 1.418561e-01 3.984974e-02 -3.711363e-01 1.927631e-02 1.085651e-01 1.241649e-02 6.584672e-03 1.495301e-02 3.783659e-01 1.969177e-02
2.121084e-02 7.310385e-01 5.998012e-02 1.031636e-01 1.667070e-02 -3.263754e-01 3.516622e-02 9.650652e-02 6.990709e-03 1.194722e-02 1.142232e-02 3.405563e-01 3.667254e-02
2.397747e-02 7.170633e-01 7.413606e-02 1.186470e-01 1.453224e-02 -3.428556e-01 4.783829e-02 1.140445e-01 6.919046e-03 -1.238124e-02 9.642659e-03 3.426356e-01 4.105506e-02
2.735890e-02 9.843431e-01 8.417966e-02 1.539489e-01 1.194603e-02 -4.223605e-01 6.544585e-02 1.353390e-01 8.434713e-03 -7.704068e-03 2.352391e-02 4.266625e-01 4.855487e-02
3.135515e-02 8.817314e-01 6.679468e-02 1.386923e-01 1.221049e-02 -4.731030e-01 4.467447e-02 1.416978e-01 9.386250e-03 -4.299118e-02 1.135780e-02 5.729464e-01 7.199880e-02
2.766631e-03 9.095900e-01 1.442322e-01 1.442493e-01 3.569224e-02 -4.780409e-01 7.149469e-02 7.054458e-02 9.565744e-03 -2.043691e-02 1.665791e-02 3.308547e-01 3.936672e-02
3.074034e-03 5.069356e-01 7.310252e-02 1.158416e-01 1.513997e-02 -2.185503e-01 3.978904e-02 7.450008e-02 7.175067e-03 8.929266e-03 7.852737e-03 1.841368e-01 1.935684e-02
3.996245e-03 7.883534e-01 1.362127e-01 1.335860e-01 2.793085e-02 -3.993323e-01 7.276785e-02 8.791444e-02 5.157556e-03 1.022469e-02 2.061063e-02 3.164409e-01 4.158303e-02
5.533262e-03 8.600572e-01 2.235466e-01 1.680006e-01 3.394276e-02 -4.009426e-01 1.330757e-01 9.151821e-02 7.790886e-03 -1.104990e-02 2.002655e-02 2.960620e-01 8.167377e-02
7.685086e-03 6.092455e-01 1.820441e-01 9.904899e-02 2.592317e-02 -3.206516e-01 1.049219e-01 6.313008e-02 4.819461e-03 -1.777152e-03 1.364064e-02 2.632373e-01 6.382100e-02
1.045172e-02 8.165536e-01 1.730052e-01 1.051616e-01 1.977129e-02 -4.415922e-01 9.496998e-02 6.947903e-02 3.818826e-03 1.382299e-05 1.361030e-02 3.472149e-01 5.499973e-02
1.383315e-02 9.433771e-01 7.283442e-02 1.678331e-01 1.744947e-02 -4.449486e-01 3.261303e-02 8.921420e-02 1.848708e-03 -3.266478e-02 5.235457e-03 3.216372e-01 1.737533e-02
1.782940e-02 8.529087e-01 5.317542e-02 1.392987e-01 2.559255e-02 -3.569826e-01 2.119859e-02 8.976125e-02 1.153753e-02 -1.198969e-02 1.144885e-02 3.029685e-01 1.850470e-02
3.074034e-03 5.418719e-01 1.384416e-01 1.098961e-01 2.837357e-02 -2.515435e-01 7.520343e-02 7.237548e-02 8.135055e-03 1.032272e-02 1.416828e-02 2.070594e-01 4.468528e-02
3.381438e-03 9.834227e-01 3.127894e-01 1.576065e-01 5.689928e-02 -5.270418e-01 1.736016e-01 7.445498e-02 1.084049e-02 -2.819337e-02 3.074070e-02 3.610405e-01 9.823682e-02
4.303648e-03 9.405680e-01 1.984611e-01 1.612379e-01 3.188691e-02 -4.742476e-01 1.146606e-01 8.490342e-02 1.106926e-02 -1.304965e-02 1.616431e-02 3.433496e-01 6.314580e-02
5.840665e-03 9.439351e-01 1.837067e-01 1.438929e-01 1.640836e-02 -5.048890e-01 1.191487e-01 7.929598e-02 5.060719e-03 -1.485138e-02 1.491773e-02 3.693496e-01 7.682843e-02
7.992489e-03 6.917738e-01 3.993174e-02 1.275336e-01 1.515815e-02 -3.417667e-01 2.634281e-02 6.996674e-02 9.285448e-03 -1.660402e-02 6.021517e-03 2.554328e-01 2.581427e-02
1.075912e-02 7.969679e-01 7.057178e-02 1.380160e-01 1.827162e-02 -3.756242e-01 4.903390e-02 8.502678e-02 1.035247e-02 -1.516907e-03 6.086241e-03 3.074705e-01 4.507777e-02
1.414056e-02 6.803648e-01 1.089409e-01 1.284977e-01 1.970748e-02 -3.221877e-01 5.584024e-02 7.866305e-02 7.967215e-03 -9.554868e-03 1.782141e-02 2.993244e-01 2.769817e-02
1.813680e-02 7.419634e-01 7.400847e-02 1.076269e-01 2.367496e-02 -3.806659e-01 5.696976e-02 8.629141e-02 7.830556e-03 3.972090e-04 1.860191e-02 3.694067e-01 4.381557e-02
3.996245e-03 5.815452e-01 1.382865e-01 9.785615e-02 2.557309e-02 -2.897976e-01 6.966824e-02 6.172961e-02 8.263732e-03 4.113189e-03 1.193506e-02 2.283460e-01 3.449970e-02
4.303648e-03 7.782871e-01 1.031223e-01 1.107895e-01 3.623292e-02 -4.216394e-01 7.801846e-02 6.907777e-02 1.233360e-02 3.959618e-03 1.349931e-02 3.280404e-01 6.580915e-02
5.225858e-03 7.680160e-01 1.812997e-01 1.255372e-01 2.658376e-02 -3.807952e-01 1.017064e-01 7.186083e-02 4.317538e-03 -8.032552e-03 1.163577e-02 2.752308e-01 6.198077e-02
6.762875e-03 6.192612e-01 7.848945e-02 1.077728e-01 1.899997e-02 -3.135176e-01 4.946547e-02 7.033365e-02 5.411605e-03 -7.450690e-04 1.122519e-02 2.509560e-01 3.497971e-02
8.914699e-03 6.897440e-01 9.736285e-02 1.262210e-01 1.573801e-02 -3.211439e-01 5.441073e-02 7.949643e-02 1.237484e-03 3.598261e-03 1.013755e-02 2.821791e-01 3.748387e-02
1.168133e-02 6.755997e-01 1.051610e-01 1.413659e-01 2.200286e-02 -2.699008e-01 5.827929e-02 9.326786e-02 1.094333e-02 7.909384e-03 1.572459e-02 2.443040e-01 2.588360e-02
1.506277e-02 7.595076e-01 1.875152e-01 1.299335e-01 4.380959e-02 -3.540030e-01 1.046481e-01 9.003585e-02 1.069945e-02 1.411310e-04 2.231775e-02 3.069205e-01 6.241906e-02
1.905901e-02 8.530765e-01 9.536301e-02 1.681970e-01 3.002150e-02 -3.880799e-01 4.200603e-02 1.089140e-01 1.090187e-02 -1.970236e-02 1.452570e-02 3.564041e-01 3.066108e-02
5.533262e-03 5.257744e-01 7.027554e-02 7.610552e-02 1.826978e-02 -2.817216e-01 3.051409e-02 6.069299e-02 8.360346e-03 1.349297e-02 8.287941e-03 2.371564e-01 2.108776e-02
5.840665e-03 4.698604e-01 8.339366e-02 7.797658e-02 1.894887e-02 -2.331253e-01 4.090328e-02 6.032774e-02 5.454097e-03 1.248799e-02 1.156695e-02 1.990475e-01 2.231432e-02
6.762875e-03 7.705683e-01 1.018781e-01 1.277758e-01 2.012897e-02 -3.779978e-01 6.416565e-02 6.437407e-02 6.842290e-03 -1.374818e-02 5.660509e-03 2.766574e-01 4.153909e-02
8.299892e-03 8.347381e-01 1.277452e-01 1.198588e-01 3.610424e-02 -4.447248e-01 8.339843e-02 7.171651e-02 1.049862e-02 -6.955761e-04 1.554890e-02 3.517085e-01 7.096165e-02
1.045172e-02 8.400315e-01 1.473077e-01 1.104868e-01 3.215575e-02 -4.308636e-01 6.898727e-02 7.683789e-02 9.541807e-03 2.661325e-03 1.602224e-02 3.355103e-01 3.636419e-02
1.321835e-02 7.230833e-01 8.861933e-02 1.369879e-01 1.982046e-02 -3.480166e-01 5.993769e-02 8.281731e-02 5.505190e-03 -2.085944e-02 9.450381e-03 2.851177e-01 4.080305e-02
1.659978e-02 7.365250e-01 3.252788e-02 1.247113e-01 6.433073e-03 -3.462449e-01 3.667360e-02 9.479045e-02 6.061894e-03 1.408632e-02 9.142433e-03 3.580942e-01 2.330966e-02
2.059603e-02 8.431447e-01 6.706752e-02 1.604159e-01 2.041660e-02 -3.565308e-01 5.367081e-02 1.055550e-01 8.265469e-03 -1.108897e-02 2.054458e-02 3.394642e-01 2.489729e-02
7.685086e-03 7.367062e-01 1.424986e-01 1.052894e-01 2.558820e-02 -3.841581e-01 7.616582e-02 7.642623e-02 7.119863e-03 1.372197e-02 1.484298e-02 3.258939e-01 4.102118e-02
7.992489e-03 9.111444e-01 1.105926e-01 1.619897e-01 1.750679e-02 -4.434719e-01 6.970859e-02 8.522154e-02 7.601364e-03 -1.782053e-02 1.212918e-02 3.225367e-01 5.183630e-02
8.914699e-03 8.243779e-01 2.641886e-01 1.370144e-01 3.863105e-02 -4.330391e-01 1.460466e-01 7.605537e-02 7.182328e-03 -1.868253e-02 2.559219e-02 3.348436e-01 7.741880e-02
1.045172e-02 6.345956e-01 7.203820e-02 1.150759e-01 1.402270e-02 -2.957769e-01 3.946072e-02 7.510364e-02 9.504585e-03 1.502375e-03 1.048924e-02 2.564365e-01 1.982680e-02
1.260354e-02 7.294073e-01 1.003273e-01 1.472921e-01 1.311445e-02 -3.073848e-01 6.920925e-02 9.041562e-02 5.652610e-03 -4.893028e-03 8.217448e-03 2.659156e-01 4.409381e-02
1.537017e-02 8.427632e-01 1.091078e-01 1.485274e-01 2.882006e-02 -4.033408e-01 7.311721e-02 9.219535e-02 8.987486e-03 -8.601338e-03 1.597095e-02 3.487004e-01 4.866389e-02
1.875161e-02 8.076512e-01 1.464713e-01 1.423487e-01 2.661051e-02 -3.752837e-01 8.471893e-02 1.024062e-01 5.190248e-03 -1.146358e-02 1.827159e-02 3.276044e-01 3.582697e-02
2.274785e-02 8.246358e-01 1.135536e-01 1.623422e-01 2.653468e-02 -3.262204e-01 2.789424e-02 1.254206e-01 6.325070e-03 1.733729e-03 1.320445e-02 3.285460e-01 2.813385e-02
1.045172e-02 7.291644e-01 1.691278e-01 1.073832e-01 2.545952e-02 -3.646092e-01 8.663940e-02 7.524384e-02 5.213500e-03 -8.642121e-04 1.719059e-02 2.942761e-01 4.020540e-02
1.075912e-02 8.431755e-01 2.582265e-01 1.610365e-01 3.811902e-02 -3.975841e-01 1.338073e-01 8.506769e-02 9.529622e-03 -1.780700e-02 1.674145e-02 3.212606e-01 7.766503e-02
1.168133e-02 6.640686e-01 8.716714e-02 9.118297e-02 1.899468e-02 -3.503118e-01 3.430737e-02 7.282158e-02 5.688716e-03 1.554330e-02 1.819995e-02 3.172523e-01 3.322825e-02
1.321835e-02 5.720876e-01 6.456224e-02 7.944199e-02 1.068539e-02 -2.891664e-01 3.819176e-02 8.137629e-02 5.763249e-03 2.717039e-02 8.757941e-03 2.924694e-01 2.980377e-02
1.537017e-02 8.389388e-01 4.822802e-02 1.198899e-01 1.433306e-02 -4.379234e-01 2.421084e-02 9.162062e-02 8.196213e-03 3.075622e-03 7.257921e-03 3.841341e-01 1.755915e-02
1.813680e-02 9.002155e-01 7.683421e-02 1.540559e-01 1.628507e-02 -4.078255e-01 4.278928e-02 1.025971e-01 9.408157e-03 -2.254086e-02 6.084662e-03 3.388621e-01 3.381525e-02
2.151824e-02 8.748189e-01 7.509069e-02 1.606638e-01 2.790434e-02 -4.033095e-01 2.792437e-02 1.162313e-01 8.983823e-03 -2.882215e-02 1.319223e-02 3.533170e-01 1.364494e-02
2.551448e-02 7.634565e-01 1.002756e-01 1.251882e-01 3.739953e-02 -3.054056e-01 4.649921e-02 1.335401e-01 7.461598e-03 1.147623e-02 2.583711e-02 3.438523e-01 2.044195e-02
1.383315e-02 9.167351e-01 1.377643e-01 1.420909e-01 1.590277e-02 -4.597358e-01 1.053238e-01 8.874627e-02 6.782737e-03 -5.070826e-03 1.297083e-02 3.767068e-01 7.153278e-02
1.414056e-02 6.295431e-01 9.131278e-02 1.152964e-01 2.845947e-02 -2.852359e-01 5.684143e-02 8.503086e-02 4.669039e-03 4.084278e-03 1.013708e-02 2.600748e-01 3.805678e-02
1.506277e-02 8.643744e-01 6.339577e-02 1.434066e-01 1.801319e-02 -4.269930e-01 3.772862e-02 8.926196e-02 1.056238e-02 -1.517534e-02 1.328040e-02 3.705538e-01 2.709901e-02
1.659978e-02 8.136670e-01 4.209918e-02 1.331784e-01 1.753328e-02 -4.277495e-01 3.373276e-02 9.036241e-02 7.238785e-03 -9.197470e-03 1.493519e-02 3.765670e-01 2.500319e-02
1.875161e-02 7.199028e-01 1.273224e-01 1.432815e-01 1.774414e-02 -3.109988e-01 7.080898e-02 1.162316e-01 1.265285e-02 1.477069e-02 1.687803e-02 3.401871e-01 5.018361e-02
2.151824e-02 7.494334e-01 9.644166e-02 1.434654e-01 2.196296e-02 -3.507744e-01 4.700669e-02 1.119279e-01 5.274463e-03 -1.428375e-02 1.797513e-02 3.683429e-01 3.231831e-02
2.489968e-02 7.272683e-01 7.313370e-02 1.338652e-01 3.223979e-02 -3.195842e-01 4.705125e-02 1.163640e-01 1.339752e-02 5.210355e-03 1.582521e-02 3.679998e-01 5.350266e-02
2.889592e-02 9.662049e-01 1.109229e-01 1.907835e-01 3.502446e-02 -4.197017e-01 6.027126e-02 1.435501e-01 1.193329e-02 -1.955993e-02 1.734296e-02 4.819366e-01 3.682306e-02
1.782940e-02 8.366513e-01 1.162643e-01 1.359327e-01 3.145878e-02 -3.952194e-01 6.630454e-02 9.918000e-02 1.475724e-02 -5.800907e-03 1.727034e-02 3.516405e-01 3.960534e-02
1.813680e-02 8.760101e-01 1.288812e-01 1.363848e-01 2.351385e-02 -4.334545e-01 5.259590e-02 1.038339e-01 7.266189e-03 -1.812393e-02 1.232380e-02 3.658317e-01 4.117689e-02
1.905901e-02 7.099496e-01 5.867634e-02 1.456330e-01 2.250299e-02 -3.313370e-01 2.868360e-02 1.027467e-01 1.228834e-02 -1.023512e-02 1.197729e-02 3.238530e-01 3.046800e-02
2.059603e-02 9.022203e-01 1.435282e-01 1.486961e-01 1.411294e-02 -4.362182e-01 7.828212e-02 9.543162e-02 4.318319e-03 -1.439457e-02 9.321308e-03 4.055673e-01 4.005930e-02
2.274785e-02 7.218111e-01 8.271227e-02 1.129773e-01 1.130353e-02 -3.527001e-01 4.993914e-02 9.512693e-02 9.623344e-03 -2.268303e-03 1.038945e-02 3.578278e-01 4.139266e-02
2.551448e-02 8.209060e-01 8.251989e-02 1.533613e-01 3.623676e-02 -3.300663e-01 3.062054e-02 1.195133e-01 5.503240e-03 -1.705616e-02 1.927781e-02 3.512666e-01 1.972876e-02
2.889592e-02 8.715314e-01 9.378514e-02 1.353728e-01 2.466903e-02 -3.640160e-01 5.622816e-02 1.108914e-01 1.090782e-02 -1.989376e-02 1.811394e-02 3.843834e-01 5.630405e-02
3.289217e-02 7.716738e-01 5.900312e-02 1.394366e-01 1.981053e-02 -3.598871e-01 3.190920e-02 1.881120e-01 9.498261e-03 -1.848992e-02 1.206834e-02 4.599068e-01 4.058720e-02
4.918455e-03 1.026845e+00 1.827578e-01 1.725002e-01 3.671114e-02 -5.390884e-01 1.015545e-01 7.776283e-02 7.714521e-03 -3.657137e-02 1.914522e-02 3.711656e-01 5.957985e-02
5.225858e-03 9.362397e-01 2.299221e-01 1.712241e-01 5.065824e-02 -4.513108e-01 1.164667e-01 8.474876e-02 1.251741e-02 -2.172972e-02 2.330845e-02 3.125360e-01 6.485434e-02
6.148069e-03 5.645774e-01 9.015182e-02 9.782470e-02 2.021364e-02 -2.765794e-01 5.168155e-02 7.169763e-02 9.589462e-03 1.290499e-02 6.912332e-03 2.342475e-01 3.376398e-02
7.685086e-03 7.132334e-01 1.764865e-01 1.096744e-01 3.085577e-02 -3.571966e-01 8.346242e-02 6.245316e-02 5.325625e-03 -4.968855e-03 1.695737e-02 2.751572e-01 4.030295e-02
9.836910e-03 7.867344e-01 1.688877e-01 1.311247e-01 3.247669e-02 -3.819324e-01 7.709717e-02 7.201877e-02 1.150916e-02 -1.651346e-02 1.328739e-02 2.856919e-01 3.524684e-02
1.260354e-02 9.141126e-01 1.045688e-01 1.596736e-01 1.746218e-02 -4.592505e-01 6.272637e-02 8.225248e-02 6.267260e-03 -2.038778e-02 1.528908e-02 3.581414e-01 2.943698e-02
1.598498e-02 7.700659e-01 2.328263e-01 1.351783e-01 3.704062e-02 -3.722907e-01 1.195690e-01 7.892716e-02 5.528659e-03 -1.441857e-02 2.326528e-02 3.276332e-01 6.702392e-02
1.998122e-02 6.630561e-01 5.789730e-02 1.176141e-01 1.287652e-02 -2.891482e-01 3.029398e-02 9.499776e-02 8.807386e-03 3.862235e-03 1.416878e-02 2.978836e-01 2.827821e-02
5.225858e-03 8.355303e-01 1.738244e-01 1.607213e-01 2.331881e-02 -3.873268e-01 1.101652e-01 8.273119e-02 5.326911e-03 -1.540868e-02 1.633311e-02 2.741783e-01 6.542420e-02
5.533262e-03 9.024190e-01 1.370782e-01 1.210006e-01 1.072559e-02 -4.985007e-01 8.404413e-02 7.534161e-02 9.716283e-03 -1.095524e-03 9.059994e-03 3.766171e-01 5.071115e-02
6.455472e-03 6.479978e-01 1.272354e-01 1.442277e-01 2.351113e-02 -2.771943e-01 6.249574e-02 8.566760e-02 8.510166e-04 2.860532e-04 1.629518e-02 2.231052e-01 2.908353e-02
7.992489e-03 8.289093e-01 1.957224e-01 1.291957e-01 2.810353e-02 -4.192950e-01 1.085062e-01 6.596291e-02 6.708586e-03 -1.901360e-02 1.892937e-02 2.998236e-01 6.008258e-02
1.014431e-02 9.069249e-01 1.362648e-01 1.408863e-01 1.412747e-02 -4.479892e-01 8.008098e-02 8.287884e-02 2.833794e-03 2.541816e-04 1.003376e-02 3.627674e-01 5.457853e-02
1.291094e-02 1.026295e+00 2.478518e-01 1.864553e-01 4.162251e-02 -4.978362e-01 1.404637e-01 9.447798e-02 1.171338e-02 -2.868670e-02 2.121006e-02 3.792526e-01 8.575241e-02
1.629238e-02 8.388001e-01 6.951300e-02 1.874780e-01 2.470248e-02 -3.147546e-01 2.524018e-02 1.160670e-01 1.462160e-02 -8.862114e-03 6.521853e-03 2.728889e-01 1.959155e-02
2.028863e-02 9.459016e-01 1.244854e-01 1.524470e-01 3.648901e-02 -4.362654e-01 8.983035e-02 1.156706e-01 1.445454e-02 -1.038906e-02 1.145550e-02 3.863814e-01 7.674656e-02
6.148069e-03 6.620629e-01 1.494904e-01 1.048717e-01 1.872744e-02 -3.406677e-01 1.028023e-01 7.125398e-02 7.446868e-03 6.803089e-03 1.164822e-02 2.722143e-01 6.429512e-02
6.455472e-03 7.451576e-01 1.167010e-01 1.387690e-01 2.505314e-02 -3.504604e-01 5.754712e-02 7.644813e-02 4.673429e-03 -1.092210e-02 1.731389e-02 2.579563e-01 2.593302e-02
7.377682e-03 8.317607e-01 1.926517e-01 1.521620e-01 2.478175e-02 -3.883400e-01 1.076576e-01 7.974800e-02 1.024920e-02 -1.344301e-02 8.869501e-03 2.840190e-01 7.300389e-02
8.914699e-03 7.317297e-01 8.932823e-02 1.101060e-01 1.233581e-02 -3.883502e-01 5.312673e-02 6.983347e-02 6.431794e-03 -5.158665e-04 9.765383e-03 3.208103e-01 2.642809e-02
1.106652e-02 8.798575e-01 1.674528e-01 1.476986e-01 3.105947e-02 -4.321704e-01 7.463021e-02 7.654877e-02 5.417715e-03 -2.712039e-02 1.638342e-02 3.258724e-01 3.603388e-02
1.383315e-02 9.374375e-01 7.725152e-02 1.751416e-01 3.290551e-02 -4.401665e-01 5.168652e-02 1.003954e-01 1.546451e-02 -1.881894e-02 1.161329e-02 3.598790e-01 4.198033e-02
1.721459e-02 7.804310e-01 7.709088e-02 1.475025e-01 2.016347e-02 -3.804982e-01 6.542143e-02 9.399413e-02 1.029086e-02 -2.193404e-02 1.120521e-02 3.332179e-01 3.983593e-02
2.121084e-02 8.300128e-01 7.559041e-02 1.230891e-01 2.071395e-02 -3.795567e-01 3.130513e-02 9.997987e-02 8.356965e-03 -1.123618e-02 8.656760e-03 3.243347e-01 2.290877e-02
7.685086e-03 6.582255e-01 1.065137e-01 1.157815e-01 9.844433e-03 -3.240858e-01 6.681028e-02 7.318173e-02 2.380276e-03 -1.975255e-03 1.039344e-02 2.556379e-01 3.543400e-02
7.992489e-03 6.122508e-01 9.389883e-02 9.843135e-02 1.661661e-02 -3.050372e-01 5.791325e-02 6.819753e-02 6.590344e-03 1.082691e-02 7.346692e-03 2.717997e-01 3.974771e-02
8.914699e-03 1.163531e+00 2.373032e-01 1.566346e-01 2.568810e-02 -6.199267e-01 1.642828e-01 7.245600e-02 6.167187e-03 -2.887264e-02 1.470606e-02 4.416412e-01 1.212527e-01
1.045172e-02 7.535921e-01 5.419382e-02 1.186341e-01 1.844734e-02 -3.846760e-01 3.353895e-02 7.498813e-02 7.028544e-03 -3.373091e-03 1.006273e-02 3.260460e-01 2.540264e-02
1.260354e-02 7.994086e-01 1.064799e-01 1.613253e-01 1.991358e-02 -3.814211e-01 7.138855e-02 9.350219e-02 7.362933e-03 -1.972893e-02 9.728553e-03 3.227252e-01 5.127984e-02
1.537017e-02 7.537361e-01 1.085053e-01 1.239118e-01 1.970655e-02 -3.405530e-01 5.989252e-02 8.486205e-02 6.437234e-03 -6.489321e-03 1.049277e-02 2.984255e-01 3.820918e-02
1.875161e-02 6.812648e-01 1.218668e-01 9.730986e-02 3.508069e-02 -3.013965e-01 5.427621e-02 8.281058e-02 8.863891e-03 6.356786e-03 1.987324e-02 2.718201e-01 2.502783e-02
2.274785e-02 7.949915e-01 1.005217e-01 1.107296e-01 2.241870e-02 -4.033788e-01 6.160661e-02 1.084634e-01 1.276749e-02 -1.652349e-03 1.497419e-02 4.033049e-01 3.571306e-02
9.836910e-03 8.063353e-01 1.332954e-01 1.530512e-01 3.138183e-02 -3.521710e-01 5.605828e-02 8.402575e-02 9.902132e-03 -9.362704e-03 1.486909e-02 2.744549e-01 2.530157e-02
1.014431e-02 8.469894e-01 2.753766e-01 1.494420e-01 3.992962e-02 -3.972883e-01 1.405240e-01 7.621023e-02 8.450294e-03 -1.806276e-02 1.833525e-02 3.065364e-01 7.548021e-02
1.106652e-02 7.636077e-01 1.828530e-01 1.056747e-01 2.829803e-02 -3.994746e-01 1.039863e-01 7.125225e-02 6.405554e-03 -3.314832e-03 2.083024e-02 3.187188e-01 5.717044e-02
1.260354e-02 9.031116e-01 1.614952e-01 1.440532e-01 2.621709e-02 -4.376698e-01 8.248457e-02 7.970937e-02 7.040905e-03 -1.954380e-02 1.388485e-02 3.248795e-01 4.891328e-02
1.475536e-02 8.785022e-01 1.139798e-01 1.529580e-01 2.453091e-02 -4.222105e-01 4.868451e-02 9.015875e-02 5.081485e-03 -1.272265e-02 1.387713e-02 3.544506e-01 3.057476e-02
1.752200e-02 7.181615e-01 9.153707e-02 1.280437e-01 1.631927e-02 -3.415574e-01 4.629248e-02 9.637358e-02 4.251336e-03 -5.791725e-03 9.247206e-03 3.000137e-01 2.273042e-02
2.090343e-02 7.160419e-01 6.974830e-02 1.283259e-01 1.717010e-02 -3.015059e-01 3.110731e-02 9.283931e-02 9.555841e-03 -1.426230e-02 1.051139e-02 2.979599e-01 1.892475e-02
2.489968e-02 7.379523e-01 7.709523e-02 1.617613e-01 1.965110e-02 -2.862672e-01 4.642599e-02 1.335809e-01 8.469149e-03 -9.721766e-03 1.210098e-02 3.477365e-01 4.289143e-02
1.260354e-02 7.926271e-01 1.117327e-01 1.328814e-01 1.847942e-02 -3.746165e-01 8.738947e-02 8.179585e-02 9.954479e-03 -2.642348e-03 4.910847e-03 3.117998e-01 6.500550e-02
1.291094e-02 6.666087e-01 8.288047e-02 1.240765e-01 1.455698e-02 -3.137215e-01 5.412393e-02 8.599505e-02 6.238791e-03 1.809483e-03 1.500562e-02 2.754767e-01 3.263015e-02
1.383315e-02 6.616207e-01 5.969560e-02 1.144782e-01 1.254016e-02 -2.869833e-01 4.040458e-02 8.238751e-02 8.750287e-03 1.167494e-02 7.438160e-03 2.648704e-01 2.321765e-02
1.537017e-02 1.142211e+00 1.752114e-01 1.942750e-01 3.912030e-02 -5.449936e-01 1.068019e-01 9.744257e-02 5.264216e-03 -2.817430e-02 2.461381e-02 4.137708e-01 6.971171e-02
1.752200e-02 8.150786e-01 7.154487e-02 1.161109e-01 1.173265e-02 -3.996811e-01 4.703787e-02 8.948686e-02 2.304385e-03 -1.561307e-02 7.589807e-03 3.323776e-01 3.349912e-02
2.028863e-02 8.304760e-01 4.343732e-02 1.225451e-01 1.586948e-02 -3.968128e-01 1.769420e-02 9.012024e-02 4.995866e-03 -9.206512e-03 6.999493e-03 3.641359e-01 2.117615e-02
2.367006e-02 6.855882e-01 1.251608e-01 9.880125e-02 1.973054e-02 -2.882004e-01 7.208774e-02 1.180491e-01 1.084221e-02 1.455265e-02 6.098413e-03 3.343879e-01 5.689483e-02
2.766631e-02 7.814770e-01 1.226948e-01 1.095237e-01 2.426825e-02 -3.698842e-01 8.501021e-02 1.132375e-01 1.072233e-02 -1.799112e-02 1.626674e-02 4.106959e-01 5.523406e-02
1.598498e-02 8.647907e-01 7.934221e-02 1.724487e-01 2.500945e-02 -4.176872e-01 5.965960e-02 1.070492e-01 1.314315e-02 -1.721719e-02 1.347517e-02 3.608520e-01 4.472122e-02
1.629238e-02 8.836512e-01 1.463764e-01 1.235816e-01 1.566218e-02 -4.238493e-01 8.395821e-02 8.506357e-02 8.656198e-03 -3.315628e-03 1.214308e-02 3.416391e-01 5.190785e-02
1.721459e-02 8.722624e-01 1.395473e-01 1.247603e-01 2.989743e-02 -4.469283e-01 8.282969e-02 9.155553e-02 1.068245e-02 -4.709391e-03 1.731388e-02 3.893517e-01 4.185436e-02
1.875161e-02 7.443540e-01 7.383031e-02 1.347921e-01 1.456981e-02 -3.493053e-01 5.668548e-02 9.649783e-02 7.127783e-03 -4.131778e-03 8.881138e-03 3.219302e-01 5.804688e-02
2.090343e-02 7.497913e-01 5.146874e-02 1.212536e-01 1.278022e-02 -3.160546e-01 3.509702e-02 9.630014e-02 1.203965e-02 -2.331635e-03 3.403790e-03 3.211220e-01 2.563637e-02
2.367006e-02 9.034278e-01 8.772245e-02 1.790487e-01 2.033711e-02 -3.951065e-01 6.039415e-02 1.290310e-01 1.044806e-02 -2.663960e-02 1.407326e-02 3.902413e-01 6.483845e-02
2.705150e-02 7.909102e-01 7.167085e-02 1.371458e-01 1.453250e-02 -3.488231e-01 4.501937e-02 1.240775e-01 6.152055e-03 -1.711995e-02 1.194761e-02 3.634167e-01 3.590296e-02
3.104775e-02 8.261261e-01 6.895162e-02 1.606603e-01 8.215314e-03 -3.524814e-01 4.093073e-02 1.724650e-01 1.706302e-02 -9.468132e-03 2.318266e-02 4.051517e-01 1.803308e-02
1.998122e-02 6.775090e-01 8.275907e-02 1.144735e-01 2.244219e-02 -3.179625e-01 3.220051e-02 8.740457e-02 5.666563e-03 -3.561413e-03 1.338356e-02 3.153684e-01 1.469391e-02
2.028863e-02 9.056575e-01 9.291603e-02 1.832804e-01 1.824899e-02 -3.796289e-01 5.402039e-02 1.159177e-01 6.153537e-03 -2.025634e-02 7.886381e-03 3.414231e-01 3.536707e-02
2.121084e-02 9.321074e-01 9.521266e-02 1.486778e-01 1.930276e-02 -4.199312e-01 3.800652e-02 1.017322e-01 7.082345e-03 -5.839919e-04 1.004821e-02 4.156408e-01 2.510109e-02
2.274785e-02 6.991022e-01 5.290105e-02 1.354465e-01 1.190527e-02 -3.394748e-01 4.975057e-02 1.102600e-01 1.433311e-02 -1.721122e-02 1.196737e-02 3.460568e-01 4.200072e-02
2.489968e-02 7.700690e-01 1.039425e-01 1.161763e-01 2.268081e-02 -3.805250e-01 4.738513e-02 1.203490e-01 1.714473e-02 8.915671e-03 8.676106e-03 4.335233e-01 4.556807e-02
2.766631e-02 8.199431e-01 7.261050e-02 1.311089e-01 2.868449e-02 -3.656540e-01 2.162494e-02 1.090266e-01 5.762236e-03 -1.521140e-03 1.803893e-02 4.201488e-01 1.537213e-02
3.104775e-02 6.650236e-01 8.449362e-02 1.173143e-01 2.377097e-02 -2.626634e-01 5.549141e-02 1.409814e-01 1.048184e-02 -4.883534e-03 2.563835e-02 3.662404e-01 2.709768e-02
3.504399e-02 8.001699e-01 1.086479e-01 1.445073e-01 4.759422e-02 -4.147508e-01 7.576939e-02 1.665702e-01 1.962403e-02 -3.554551e-02 3.354385e-02 6.126157e-01 4.538857e-02
7.685086e-03 5.289139e-01 4.781450e-02 8.932453e-02 7.726521e-03 -2.454879e-01 2.663365e-02 6.370585e-02 2.977293e-03 8.802588e-03 6.274507e-03 2.099494e-01 2.021881e-02
7.992489e-03 6.775874e-01 1.632341e-01 1.074608e-01 3.194083e-02 -3.399681e-01 8.260127e-02 6.532622e-02 5.526879e-03 -2.745061e-03 1.897071e-02 2.684087e-01 4.633197e-02
8.914699e-03 8.374925e-01 8.859979e-02 1.834668e-01 2.442201e-02 -3.784496e-01 4.165730e-02 8.696171e-02 1.112800e-02 -4.050953e-02 1.470772e-02 2.548275e-01 1.841828e-02
1.045172e-02 6.501601e-01 2.876424e-02 1.158313e-01 1.499967e-02 -3.260672e-01 1.966313e-02 8.088845e-02 9.855537e-03 -1.672200e-03 6.907646e-03 2.748786e-01 1.941082e-02
1.260354e-02 7.808504e-01 7.199863e-02 1.446535e-01 1.548448e-02 -3.658436e-01 6.532277e-02 7.719290e-02 7.992736e-03 -1.952639e-02 4.865014e-03 2.977008e-01 4.989896e-02
1.537017e-02 7.403164e-01 9.572360e-02 1.172924e-01 6.958427e-03 -3.537641e-01 5.715987e-02 8.585714e-02 4.344129e-03 -3.833452e-03 3.954742e-03 3.055035e-01 3.779891e-02
1.875161e-02 7.186068e-01 7.687012e-02 1.284839e-01 1.738665e-02 -3.426255e-01 4.812356e-02 8.584292e-02 8.478548e-03 -8.450067e-03 1.086467e-02 3.336322e-01 2.405780e-02
2.274785e-02 9.168074e-01 1.201807e-01 1.545945e-01 2.651522e-02 -4.503996e-01 5.374792e-02 9.738374e-02 1.018448e-02 -3.410054e-02 1.738456e-02 4.201736e-01 2.986047e-02
7.992489e-03 6.418311e-01 1.048277e-01 1.228386e-01 1.260539e-02 -3.133022e-01 6.268622e-02 8.585800e-02 4.711262e-03 5.096179e-03 1.334690e-02 2.659730e-01 3.776629e-02
8.299892e-03 5.912331e-01 8.170700e-02 1.104497e-01 1.312815e-02 -2.836609e-01 4.658934e-02 7.362101e-02 3.507148e-03 -1.401150e-03 1.081442e-02 2.322966e-01 2.409343e-02
9.222103e-03 8.156394e-01 1.015841e-01 1.208833e-01 2.788920e-02 -4.122951e-01 5.506359e-02 6.733025e-02 1.028785e-02 -1.208809e-02 1.260797e-02 3.055911e-01 3.578059e-02
1.075912e-02 7.281544e-01 7.013638e-02 1.120910e-01 1.608823e-02 -3.709324e-01 4.055570e-02 7.382507e-02 5.263347e-03 8.129488e-04 1.111564e-02 3.150312e-01 3.098701e-02
1.291094e-02 5.590709e-01 1.044298e-01 1.045551e-01 1.956712e-02 -2.688384e-01 6.700675e-02 8.520908e-02 1.110693e-02 4.637432e-03 1.153986e-02 2.521123e-01 3.374373e-02
1.567757e-02 8.241541e-01 1.925848e-01 1.318371e-01 3.135830e-02 -4.316832e-01 1.196149e-01 7.891380e-02 8.061433e-03 -2.135512e-02 1.913583e-02 3.680595e-01 7.865457e-02
1.905901e-02 7.874171e-01 5.430207e-02 1.470130e-01 2.892936e-02 -3.540327e-01 1.692587e-02 1.007575e-01 1.403239e-02 -1.091727e-02 9.280600e-03 3.288795e-01 1.923296e-02
2.305526e-02 7.921239e-01 1.011433e-01 1.241280e-01 1.913428e-02 -4.185273e-01 9.629786e-02 1.039777e-01 5.536409e-03 1.367425e-03 1.303317e-02 4.686573e-01 8.672706e-02
8.914699e-03 6.656920e-01 1.712170e-01 1.104030e-01 1.725798e-02 -3.108678e-01 1.171677e-01 6.688783e-02 9.174066e-03 1.487417e-03 3.941363e-03 2.515645e-01 8.175394e-02
9.222103e-03 6.098522e-01 5.140097e-02 1.128856e-01 1.444614e-02 -2.686724e-01 2.281735e-02 6.922309e-02 3.251190e-03 -2.150889e-03 1.051824e-02 2.150624e-01 1.292143e-02
1.014431e-02 8.907752e-01 9.401929e-02 1.328589e-01 3.282106e-02 -4.444577e-01 3.440117e-02 8.514696e-02 9.494640e-03 9.305205e-04 1.361347e-02 3.523499e-01 4.373068e-02
1.168133e-02 7.605776e-01 1.473644e-01 1.551794e-01 4.083262e-02 -3.535514e-01 7.359733e-02 9.070666e-02 8.278904e-03 -1.265658e-02 2.167966e-02 2.904781e-01 4.226586e-02
1.383315e-02 7.846294e-01 9.795514e-02 1.297101e-01 1.851537e-02 -3.598791e-01 5.420695e-02 8.432718e-02 7.694905e-03 -5.610231e-03 7.151778e-03 3.077789e-01 3.620694e-02
1.659978e-02 8.402453e-01 4.606996e-02 1.319691e-01 1.170737e-02 -4.567235e-01 4.128696e-02 9.071357e-02 5.732598e-03 -2.327884e-02 1.241865e-02 3.677316e-01 4.335307e-02
1.998122e-02 7.446235e-01 7.395641e-02 1.281805e-01 2.193470e-02 -3.504588e-01 2.963300e-02 9.326726e-02 4.456793e-03 -6.208909e-03 1.486537e-02 3.408815e-01 3.864006e-02
2.397747e-02 7.752123e-01 8.408619e-02 1.565898e-01 1.392034e-02 -3.386707e-01 4.606993e-02 1.215298e-01 1.444109e-02 -4.433794e-03 1.278320e-02 4.003366e-01 2.030880e-02
1.045172e-02 9.986358e-01 1.233113e-01 1.636356e-01 1.673162e-02 -4.848402e-01 8.137212e-02 8.968282e-02 5.637994e-03 -1.408960e-02 5.156400e-03 3.628571e-01 5.944253e-02
1.075912e-02 7.593804e-01 8.318191e-02 1.225176e-01 2.202126e-02 -3.754184e-01 4.576644e-02 8.623121e-02 9.928111e-03 4.656485e-03 9.769001e-03 3.050843e-01 1.991441e-02
1.168133e-02 7.089819e-01 7.856717e-02 1.131705e-01 2.022959e-02 -3.445150e-01 4.716100e-02 7.438391e-02 7.947791e-03 6.986423e-03 1.101272e-02 2.968113e-01 3.145007e-02
1.321835e-02 6.277557e-01 3.784846e-02 8.958434e-02 1.422528e-02 -3.003630e-01 3.981454e-02 7.970871e-02 5.719004e-03 1.961092e-02 8.919680e-03 2.823364e-01 4.419816e-02
1.537017e-02 6.350028e-01 5.025824e-02 8.703724e-02 1.142617e-02 -2.958101e-01 1.971442e-02 7.209435e-02 4.795654e-03 1.045903e-02 6.890613e-03 2.624393e-01 1.280585e-02
1.813680e-02 8.497190e-01 5.007296e-02 1.656076e-01 1.532689e-02 -3.715409e-01 1.671376e-02 1.120859e-01 8.407363e-03 -5.896134e-03 1.741760e-02 3.398328e-01 2.346564e-02
2.151824e-02 7.995470e-01 1.302596e-01 1.196679e-01 2.995585e-02 -3.757094e-01 9.073590e-02 8.682776e-02 1.166987e-02 -1.062344e-02 1.115148e-02 3.450369e-01 5.375093e-02
2.551448e-02 7.554430e-01 1.305677e-01 1.309999e-01 3.360535e-02 -3.312332e-01 4.597010e-02 1.271301e-01 1.594535e-02 -1.186125e-02 1.091400e-02 3.713089e-01 3.017151e-02
1.260354e-02 1.038100e+00 7.850217e-02 1.442477e-01 2.575981e-02 -5.050628e-01 5.003411e-02 8.159330e-02 9.438286e-03 -1.698955e-02 1.147842e-02 3.680368e-01 4.947897e-02
1.291094e-02 8.619338e-01 8.849611e-02 1.641966e-01 3.014174e-02 -4.099609e-01 3.262015e-02 9.625989e-02 1.272369e-02 -3.260087e-03 5.414303e-03 3.591547e-01 2.930819e-02
1.383315e-02 8.297711e-01 1.431522e-01 1.675203e-01 2.996533e-02 -3.656910e-01 5.491899e-02 1.026083e-01 1.076654e-02 -5.755934e-03 1.190387e-02 3.278851e-01 4.479437e-02
1.537017e-02 8.305786e-01 6.626381e-02 1.494840e-01 2.357202e-02 -3.487736e-01 2.559523e-02 8.854679e-02 8.542173e-03 -4.361680e-03 1.016521e-02 2.916977e-01 1.442228e-02
1.752200e-02 7.122671e-01 7.951310e-02 9.177723e-02 1.627211e-02 -3.719534e-01 3.583354e-02 7.518539e-02 5.023821e-03 6.942638e-06 9.996919e-03 3.638559e-01 2.145863e-02
2.028863e-02 8.806156e-01 7.670743e-02 1.364259e-01 2.041928e-02 -4.656747e-01 4.547846e-02 9.499405e-02 5.488006e-03 -2.349177e-02 1.596080e-02 4.161319e-01 3.345664e-02
2.367006e-02 8.387001e-01 1.693995e-01 1.604156e-01 2.982683e-02 -3.797608e-01 8.905485e-02 1.133087e-01 1.017651e-02 -1.394211e-02 2.172650e-02 3.948164e-01 6.077869e-02
2.766631e-02 8.500014e-01 3.815850e-02 1.574123e-01 2.670082e-02 -3.969990e-01 3.246713e-02 1.388980e-01 9.432648e-03 -2.478227e-02 9.328578e-03 3.950441e-01 3.751425e-02
1.537017e-02 7.936269e-01 1.183178e-01 1.373676e-01 2.303930e-02 -3.706566e-01 8.023010e-02 9.676234e-02 4.244048e-03 -8.484277e-03 1.838304e-02 3.131419e-01 4.698657e-02
1.567757e-02 9.124020e-01 1.148962e-01 1.419163e-01 2.623874e-02 -4.582395e-01 6.543379e-02 9.003488e-02 3.743146e-03 -1.297694e-02 1.963016e-02 3.772080e-01 3.956358e-02
1.659978e-02 6.914964e-01 9.264274e-02 1.212187e-01 1.278228e-02 -3.092371e-01 5.901557e-02 8.228829e-02 3.470118e-03 -9.528543e-03 6.836348e-03 2.801390e-01 2.679791e-02
1.813680e-02 1.053572e+00 2.025397e-01 1.850113e-01 5.311324e-02 -4.982201e-01 8.902510e-02 1.095407e-01 1.416774e-02 -2.032964e-02 2.287858e-02 4.080208e-01 4.523142e-02
2.028863e-02 8.408653e-01 1.406908e-01 1.508927e-01 2.083888e-02 -3.757888e-01 8.260744e-02 1.144239e-01 1.140161e-02 8.607591e-03 1.277492e-02 3.613104e-01 4.528701e-02
2.305526e-02 8.290706e-01 8.029381e-02 1.308579e-01 2.332627e-02 -3.820001e-01 2.612007e-02 9.894540e-02 7.782791e-03 -9.998315e-03 1.033584e-02 3.603141e-01 2.309660e-02
2.643669e-02 9.537203e-01 1.805754e-01 1.877291e-01 1.916339e-02 -4.526680e-01 1.167665e-01 1.444143e-01 8.754195e-03 -3.139316e-02 1.357249e-02 4.519204e-01 8.377768e-02
3.043294e-02 7.457157e-01 1.123190e-01 1.828687e-01 2.877755e-02 -3.376900e-01 8.079986e-02 1.611167e-01 1.063441e-02 -3.676122e-02 1.978724e-02 4.433344e-01 4.993427e-02
1.875161e-02 9.633874e-01 1.645361e-01 1.720849e-01 4.187034e-02 -4.141123e-01 6.816563e-02 1.068095e-01 1.256957e-02 -2.171027e-02 1.969864e-02 3.361534e-01 3.230432e-02
1.905901e-02 9.288007e-01 1.045446e-01 1.259593e-01 1.398081e-02 -5.146343e-01 7.340620e-02 1.057394e-01 8.909081e-03 -9.592352e-03 1.362541e-02 4.822075e-01 6.046315e-02
1.998122e-02 8.085853e-01 1.003172e-01 1.255869e-01 1.290455e-02 -3.794377e-01 6.333407e-02 9.091240e-02 4.617326e-03 -8.141056e-03 9.848060e-03 3.492010e-01 4.392038e-02
2.151824e-02 8.547445e-01 7.499131e-02 1.930348e-01 3.008116e-02 -3.501395e-01 3.367853e-02 1.082539e-01 1.481170e-02 -4.696107e-02 4.864934e-03 3.137136e-01 2.883634e-02
2.367006e-02 5.897352e-01 4.894899e-02 1.251752e-01 1.568773e-02 -2.681343e-01 1.946576e-02 1.175021e-01 1.143739e-02 -6.085843e-03 1.372447e-02 3.092230e-01 1.296252e-02
2.643669e-02 7.797465e-01 6.125949e-02 1.377216e-01 3.298385e-02 -3.586066e-01 3.165732e-02 1.099366e-01 1.025717e-02 -1.915032e-02 2.047999e-02 4.018615e-01 3.107627e-02
2.981813e-02 7.233947e-01 2.259032e-02 1.628867e-01 1.177296e-02 -3.066885e-01 1.622783e-02 1.599690e-01 1.327760e-02 -2.060679e-02 1.076377e-02 3.874093e-01 4.067876e-02
3.381438e-02 8.289353e-01 1.043404e-01 1.180597e-01 2.133051e-02 -4.354100e-01 3.231166e-02 1.597930e-01 5.835963e-03 -4.074011e-02 2.460413e-02 5.046970e-01 3.234538e-02
2.274785e-02 7.633772e-01 8.804507e-02 1.251454e-01 2.474941e-02 -3.352908e-01 5.282706e-02 9.853886e-02 9.099552e-03 -1.350796e-02 1.623085e-02 3.188296e-01 3.644383e-02
2.305526e-02 7.301423e-01 1.012203e-01 1.319000e-01 3.099673e-02 -3.430990e-01 4.075344e-02 1.153875e-01 1.699220e-02 1.148022e-04 1.702865e-02 3.533820e-01 2.021817e-02
2.397747e-02 7.279411e-01 2.521554e-02 1.264191e-01 1.460936e-02 -3.382628e-01 2.141179e-02 1.139102e-01 1.456443e-02 -5.199117e-04 5.083193e-03 3.567039e-01 3.701755e-02
2.551448e-02 8.483985e-01 7.000908e-02 1.503295e-01 2.117448e-02 -4.306619e-01 4.887629e-02 1.177426e-01 9.652506e-03 -2.940923e-02 1.038237e-02 4.580157e-01 3.393574e-02
2.766631e-02 8.692311e-01 1.540825e-01 1.484914e-01 5.332126e-03 -4.020760e-01 1.320554e-01 1.226688e-01 4.704488e-03 -2.457478e-02 1.626331e-02 4.300157e-01 8.975981e-02
3.043294e-02 7.785492e-01 1.036306e-01 1.239787e-01 2.090401e-02 -3.614774e-01 4.763354e-02 1.500124e-01 1.508584e-02 -2.765701e-02 1.079093e-02 4.457158e-01 2.516691e-02
3.381438e-02 8.336956e-01 1.856857e-02 1.632494e-01 1.306376e-02 -3.795285e-01 4.308479e-02 1.886835e-01 1.539808e-02 -2.254564e-02 1.387820e-02 4.523436e-01 5.751555e-02
3.781062e-02 7.963339e-01 7.109195e-02 1.488160e-01 3.057284e-02 -3.327164e-01 4.247282e-02 2.018063e-01 2.794705e-02 -4.392911e-02 2.921537e-02 5.667248e-01 3.512733e-02
1.106652e-02 7.447451e-01 2.179454e-01 1.089446e-01 3.419645e-02 -3.665359e-01 1.201838e-01 6.598572e-02 7.024115e-03 -4.635158e-03 1.968595e-02 3.011001e-01 7.303944e-02
1.137393e-02 8.636207e-01 2.140329e-01 1.539021e-01 3.584823e-02 -3.877280e-01 1.107381e-01 8.532971e-02 6.407262e-03 -1.284832e-02 2.073385e-02 2.802036e-01 5.071210e-02
1.229614e-02 1.080674e+00 1.641460e-01 1.910677e-01 2.044423e-02 -5.091712e-01 9.885959e-02 9.531734e-02 1.246866e-02 -3.082061e-02 7.063255e-03 3.816099e-01 6.469739e-02
1.383315e-02 6.681447e-01 8.721642e-02 1.446923e-01 3.771841e-02 -2.909989e-01 2.799988e-02 9.007141e-02 1.578365e-02 -1.586514e-02 1.378802e-02 2.482701e-01 3.159681e-02
1.598498e-02 1.032673e+00 1.788129e-01 1.517524e-01 2.693558e-02 -5.646954e-01 1.065923e-01 7.906142e-02 5.054631e-03 -3.061818e-02 1.508185e-02 4.558739e-01 7.155635e-02
1.875161e-02 8.686575e-01 1.039579e-01 1.758338e-01 2.603379e-02 -4.171408e-01 8.140545e-02 9.980717e-02 9.510955e-03 -3.645758e-02 8.948082e-03 3.611679e-01 6.791150e-02
2.213305e-02 9.275565e-01 1.460054e-01 1.638906e-01 2.393825e-02 -4.629536e-01 8.290020e-02 1.206779e-01 1.236428e-02 -6.038115e-03 6.827778e-03 4.419788e-01 5.329969e-02
2.612929e-02 8.618879e-01 7.789904e-02 1.533332e-01 1.845628e-02 -4.272288e-01 3.785970e-02 1.011697e-01 9.429802e-03 -3.413024e-02 6.999505e-03 4.390033e-01 1.960991e-02
1.137393e-02 7.794238e-01 1.155261e-01 1.383626e-01 2.541242e-02 -4.039957e-01 6.426492e-02 7.842327e-02 4.351636e-03 -1.486544e-02 1.197241e-02 3.436850e-01 3.679395e-02
1.168133e-02 8.020541e-01 1.268386e-01 1.298500e-01 2.645914e-02 -3.792271e-01 6.617884e-02 7.911615e-02 4.434916e-03 -6.968481e-03 1.343681e-02 3.056161e-01 4.314661e-02
1.260354e-02 1.078733e+00 1.526922e-01 1.489119e-01 1.582443e-02 -5.812196e-01 1.205920e-01 8.967617e-02 3.609112e-03 -1.397731e-02 9.795526e-03 4.575022e-01 8.673411e-02
1.414056e-02 8.539439e-01 1.201652e-01 1.322476e-01 1.543345e-02 -4.133711e-01 5.897527e-02 8.784322e-02 6.572281e-03 -1.336761e-03 1.289937e-02 3.488869e-01 4.155925e-02
1.629238e-02 7.143328e-01 6.050887e-02 1.345083e-01 2.211973e-02 -3.134604e-01 2.868355e-02 9.294230e-02 1.400298e-02 -2.118591e-03 2.884434e-03 2.817639e-01 2.659675e-02
1.905901e-02 9.724387e-01 1.484181e-01 1.737956e-01 3.410289e-02 -4.732495e-01 6.409170e-02 1.107862e-01 1.299616e-02 -1.654609e-02 1.309505e-02 4.166414e-01 3.458290e-02
2.244045e-02 7.380540e-01 1.165523e-01 1.305928e-01 1.942202e-02 -3.568081e-01 7.673840e-02 1.043827e-01 6.576260e-03 -1.416588e-02 1.370517e-02 3.320154e-01 5.979567e-02
2.643669e-02 8.912425e-01 5.557439e-02 1.576897e-01 1.791064e-02 -4.201461e-01 1.860466e-02 1.150352e-01 8.507134e-03 -3.087074e-02 8.667403e-03 4.178729e-01 1.658042e-02
1.229614e-02 8.650428e-01 1.164886e-01 1.487122e-01 2.857376e-02 -4.031630e-01 5.288892e-02 9.142595e-02 1.223734e-02 1.130098e-04 1.373511e-02 3.373551e-01 2.930962e-02
1.260354e-02 7.293933e-01 1.241777e-01 1.217216e-01 2.436435e-02 -3.760024e-01 6.919946e-02 8.463973e-02 7.652917e-03 -2.196347e-03 1.433450e-02 3.319659e-01 4.976552e-02
1.352575e-02 9.177426e-01 2.771559e-01 1.400992e-01 3.802219e-02 -4.838013e-01 1.629843e-01 8.404123e-02 6.209209e-03 -1.711429e-02 2.652095e-02 3.783583e-01 8.460334e-02
1.506277e-02 7.569163e-01 8.767420e-02 1.200308e-01 2.199636e-02 -4.087320e-01 5.338335e-02 8.527872e-02 3.360483e-03 -7.927225e-03 1.404133e-02 3.684996e-01 3.440198e-02
1.721459e-02 8.984791e-01 1.573402e-01 1.606532e-01 2.923308e-02 -4.606929e-01 8.200411e-02 9.243532e-02 8.300096e-03 -2.283635e-02 1.537801e-02 4.010341e-01 4.384045e-02
1.998122e-02 9.072620e-01 1.279738e-01 1.489103e-01 2.253409e-02 -4.605955e-01 7.865696e-02 1.032603e-01 1.140338e-02 -2.502473e-02 1.545701e-02 4.077950e-01 4.631557e-02
2.336266e-02 6.944416e-01 8.100074e-02 1.446143e-01 1.588886e-02 -2.994027e-01 3.867921e-02 1.209239e-01 9.848853e-03 -8.467602e-03 6.495263e-03 3.352262e-01 3.112741e-02
2.735890e-02 6.310192e-01 4.285998e-02 1.361677e-01 1.917080e-02 -2.686659e-01 2.072867e-02 1.262424e-01 1.695866e-02 -3.040918e-02 1.166532e-02 3.366104e-01 3.145838e-02
1.383315e-02 7.116644e-01 1.145926e-01 9.353381e-02 5.783143e-03 -3.586587e-01 6.465510e-02 7.408810e-02 3.965048e-03 9.066835e-03 7.688518e-03 3.206493e-01 3.653378e-02
1.414056e-02 9.862239e-01 1.458280e-01 1.957455e-01 3.442036e-02 -4.447807e-01 7.169521e-02 9.771110e-02 9.654733e-03 -4.220234e-02 1.976058e-02 3.283158e-01 3.645609e-02
1.506277e-02 5.452938e-01 6.757174e-02 1.033648e-01 1.834043e-02 -2.428582e-01 3.811918e-02 9.336616e-02 9.993476e-03 1.583122e-02 1.161100e-02 2.572702e-01 2.975308e-02
1.659978e-02 7.385600e-01 6.026336e-02 1.230847e-01 9.928139e-03 -3.225823e-01 4.749907e-02 8.295780e-02 6.093778e-03 -2.018890e-03 1.302005e-02 2.870328e-01 3.153338e-02
1.875161e-02 7.539164e-01 1.525835e-01 1.081610e-01 2.024191e-02 -3.688650e-01 1.014428e-01 8.144899e-02 7.510066e-03 -7.172874e-03 1.681632e-02 3.291603e-01 6.044469e-02
2.151824e-02 1.034898e+00 1.386354e-01 1.890675e-01 3.933994e-02 -4.420494e-01 4.519294e-02 1.139319e-01 1.046200e-02 -2.915765e-02 1.212850e-02 3.757766e-01 3.498775e-02
2.489968e-02 8.583734e-01 8.235576e-02 1.614687e-01 3.843671e-02 -3.934096e-01 3.491281e-02 1.222543e-01 1.923170e-02 -2.924915e-02 1.333869e-02 3.852520e-01 2.120775e-02
2.889592e-02 8.301426e-01 9.843173e-02 1.563260e-01 2.012581e-02 -3.788748e-01 7.450542e-02 1.329898e-01 1.002918e-02 -1.961458e-02 1.885924e-02 4.598665e-01 4.094151e-02
1.598498e-02 8.373705e-01 1.350666e-01 1.697723e-01 3.555548e-02 -3.684766e-01 6.270443e-02 9.693527e-02 1.258919e-02 -2.575845e-02 1.433393e-02 2.934109e-01 3.509516e-02
1.629238e-02 7.748685e-01 8.207890e-02 1.329027e-01 1.653889e-02 -3.627024e-01 5.645457e-02 8.806351e-02 7.430358e-03 3.426541e-04 1.116839e-02 3.353496e-01 3.597141e-02
1.721459e-02 8.878032e-01 6.706391e-02 1.418006e-01 1.698164e-02 -4.268376e-01 3.429921e-02 8.336689e-02 3.983388e-03 -2.327525e-02 7.853910e-03 3.516321e-01 3.291856e-02
1.875161e-02 6.942904e-01 4.167679e-02 1.181328e-01 1.522768e-02 -3.561319e-01 1.350962e-02 9.530653e-02 4.658551e-03 -8.657724e-03 1.409172e-02 3.495838e-01 2.502081e-02
2.090343e-02 6.976058e-01 6.314004e-02 1.247813e-01 1.570134e-02 -3.272970e-01 3.451749e-02 1.045619e-01 8.697315e-03 -4.905543e-03 1.084923e-02 3.187434e-01 1.799427e-02
2.367006e-02 6.883965e-01 6.249826e-02 1.324142e-01 1.156271e-02 -2.827285e-01 4.834577e-02 1.226533e-01 3.229351e-03 1.087720e-03 9.585842e-03 2.974551e-01 3.524803e-02
2.705150e-02 5.873816e-01 7.686517e-02 1.114410e-01 2.704081e-02 -2.394422e-01 3.554279e-02 1.403771e-01 1.744315e-02 3.142056e-02 1.140202e-02 4.037501e-01 3.568701e-02
3.104775e-02 8.479157e-01 1.054026e-01 1.464110e-01 3.511979e-02 -4.099773e-01 8.078527e-02 1.278922e-01 1.084051e-02 -3.565637e-02 3.092539e-02 4.955340e-01 5.417456e-02
1.875161e-02 8.591842e-01 9.395381e-02 1.449742e-01 1.860744e-02 -3.886337e-01 5.672862e-02 9.546144e-02 5.171865e-03 -3.072570e-03 1.355255e-02 3.656720e-01 3.710142e-02
1.905901e-02 8.045965e-01 8.186158e-02 1.151792e-01 1.626676e-02 -3.905196e-01 6.834698e-02 9.230459e-02 1.168640e-02 7.059548e-03 1.093974e-02 3.761201e-01 4.757073e-02
1.998122e-02 9.256773e-01 8.210697e-02 1.626600e-01 1.390437e-02 -4.332938e-01 6.120555e-02 1.118439e-01 5.431134e-03 -6.665132e-03 6.729619e-03 4.175752e-01 8.239038e-02
2.151824e-02 7.965615e-01 7.118100e-02 1.248509e-01 2.941615e-02 -4.337162e-01 5.464139e-02 9.325957e-02 9.773463e-03 -2.548138e-02 1.437783e-02 4.272883e-01 4.748802e-02
2.367006e-02 7.073702e-01 7.213974e-02 1.307626e-01 2.949388e-02 -2.880241e-01 2.306295e-02 1.072030e-01 1.114113e-02 1.049717e-03 1.413631e-02 3.105984e-01 1.542636e-02
2.643669e-02 1.016652e+00 1.893109e-01 1.871931e-01 5.819840e-02 -4.985021e-01 6.652943e-02 1.328394e-01 1.066905e-02 -2.919490e-02 2.754078e-02 5.075998e-01 3.167057e-02
2.981813e-02 9.503479e-01 9.347923e-02 1.667347e-01 2.567244e-02 -4.220269e-01 7.413423e-02 1.437356e-01 6.316166e-03 -4.338029e-02 1.389333e-02 4.019879e-01 4.424700e-02
3.381438e-02 8.595745e-01 7.551786e-02 1.108924e-01 2.825541e-02 -3.831072e-01 2.982908e-02 1.546684e-01 1.973837e-02 -2.052223e-02 1.365455e-02 5.206364e-01 3.962378e-02
2.213305e-02 6.507001e-01 6.573510e-02 1.364693e-01 1.828621e-02 -2.914174e-01 2.707704e-02 1.130939e-01 6.633008e-03 -3.985120e-03 1.689919e-02 3.167628e-01 1.312644e-02
2.244045e-02 6.661381e-01 9.184490e-02 1.139633e-01 2.137823e-02 -3.379937e-01 5.163721e-02 1.005302e-01 6.278166e-03 -8.547166e-03 1.176273e-02 3.693650e-01 4.210046e-02
2.336266e-02 8.580825e-01 7.688535e-02 1.815560e-01 2.164676e-02 -4.106637e-01 5.317171e-02 1.176590e-01 8.146772e-03 -2.710059e-02 2.043072e-02 4.068416e-01 4.151895e-02
2.489968e-02 7.619769e-01 9.606898e-02 1.640240e-01 3.075321e-02 -3.356652e-01 3.811195e-02 1.265372e-01 1.755517e-02 -9.961668e-03 1.620385e-02 3.607676e-01 2.381053e-02
2.705150e-02 8.747372e-01 1.503188e-01 1.679236e-01 4.674203e-02 -3.357267e-01 4.674927e-02 1.393177e-01 1.906430e-02 3.590156e-03 1.323194e-02 3.698605e-01 3.296734e-02
2.981813e-02 7.190956e-01 1.003764e-01 1.020727e-01 3.066163e-02 -2.709348e-01 5.339809e-02 1.289796e-01 1.243340e-02 -2.642163e-02 1.685478e-02 3.158492e-01 2.656731e-02
3.319957e-02 9.084173e-01 7.561596e-02 1.967825e-01 2.481665e-02 -4.158853e-01 3.111394e-02 1.751759e-01 1.357360e-02 -5.692427e-02 2.379589e-02 5.159304e-01 3.875007e-02
3.719581e-02 7.564470e-01 7.646884e-02 1.781463e-01 9.661518e-03 -3.506580e-01 1.108486e-01 2.319689e-01 2.435226e-02 -2.169329e-02 2.248278e-02 6.083591e-01 1.343405e-01
2.612929e-02 7.624079e-01 1.179914e-01 1.527489e-01 2.695570e-02 -3.495255e-01 4.784876e-02 1.205782e-01 1.015937e-02 -1.766644e-02 1.949812e-02 3.837004e-01 3.205960e-02
2.643669e-02 7.222505e-01 7.800988e-02 1.607086e-01 2.041799e-02 -3.166169e-01 1.371635e-02 1.518222e-01 6.568150e-03 -1.225534e-02 1.602690e-02 3.867067e-01 4.877221e-02
2.735890e-02 7.644286e-01 6.832246e-02 1.428896e-01 1.859944e-02 -3.786161e-01 6.567701e-02 1.387093e-01 1.371885e-02 -2.066994e-02 2.071572e-02 4.483480e-01 5.312642e-02
2.889592e-02 9.819645e-01 1.445746e-01 2.058503e-01 3.111026e-02 -3.656060e-01 5.501268e-02 1.669723e-01 8.604370e-03 -1.915648e-02 1.808552e-02 4.254444e-01 3.280753e-02
3.104775e-02 9.756683e-01 9.343351e-02 1.267516e-01 2.823046e-02 -4.726842e-01 4.592762e-02 1.366742e-01 7.946386e-03 -6.230704e-03 2.055387e-02 5.543120e-01 3.813259e-02
3.381438e-02 7.371060e-01 7.339702e-02 1.439554e-01 1.147800e-02 -3.478901e-01 7.015853e-02 2.064606e-01 2.501289e-02 -2.629901e-02 1.541694e-02 4.466269e-01 4.903236e-02
3.719581e-02 8.039698e-01 6.522938e-02 1.769225e-01 2.205105e-02 -2.948242e-01 6.531427e-02 2.103955e-01 1.268955e-02 -3.498408e-02 2.673482e-02 5.146738e-01 8.797020e-02
4.119206e-02 7.480922e-01 1.288467e-01 1.696993e-01 3.670172e-02 -2.821725e-01 9.160424e-02 2.792212e-01 2.794229e-02 -4.240409e-02 2.325738e-02 5.321130e-01 6.003114e-02
1.506277e-02 8.615889e-01 1.271547e-01 1.155952e-01 1.066039e-02 -4.268502e-01 7.835676e-02 7.860861e-02 4.842139e-03 2.829883e-05 8.881075e-03 3.533078e-01 5.520418e-02
1.537017e-02 6.571707e-01 6.843066e-02 1.149904e-01 1.127629e-02 -3.255139e-01 6.015008e-02 8.861400e-02 1.238007e-02 -6.639326e-04 6.196637e-03 3.217869e-01 4.477696e-02
1.629238e-02 8.784063e-01 2.506478e-01 1.599041e-01 4.745153e-02 -4.453942e-01 1.272451e-01 1.011125e-01 7.467298e-03 -2.282454e-02 2.737777e-02 3.899225e-01 5.906582e-02
1.782940e-02 8.657095e-01 1.077379e-01 1.874320e-01 2.326458e-02 -3.863542e-01 4.923712e-02 1.195297e-01 1.532496e-02 -1.816117e-02 5.419929e-03 3.386869e-01 3.153046e-02
1.998122e-02 6.929172e-01 9.202602e-02 1.142014e-01 2.192355e-02 -3.067177e-01 5.279073e-02 1.095433e-01 1.148182e-02 1.179746e-02 9.303752e-03 3.020569e-01 4.683103e-02
2.274785e-02 6.956876e-01 5.030851e-02 1.320545e-01 1.334431e-02 -3.316808e-01 3.351181e-02 1.133371e-01 1.288028e-02 -1.802058e-02 1.169132e-02 3.567285e-01 4.233114e-02
2.612929e-02 7.520755e-01 8.185132e-02 1.588831e-01 4.152919e-02 -3.178639e-01 5.380520e-02 1.347390e-01 1.504487e-02 -1.322677e-02 1.892564e-02 3.799461e-01 4.387115e-02
3.012554e-02 8.369031e-01 5.486731e-02 1.222726e-01 3.015176e-02 -3.958876e-01 3.058051e-02 1.423391e-01 2.922666e-03 -5.077256e-03 2.545086e-02 4.335193e-01 2.096289e-02
1.537017e-02 9.222324e-01 1.342751e-01 1.923900e-01 2.371909e-02 -4.118009e-01 7.176116e-02 1.142249e-01 5.678859e-03 -2.297746e-02 2.012436e-02 3.333607e-01 4.097258e-02
1.567757e-02 8.723676e-01 1.378685e-01 1.333314e-01 2.553202e-02 -3.908476e-01 8.464360e-02 7.434723e-02 7.920681e-03 -1.202902e-02 1.420844e-02 3.089782e-01 4.007639e-02
1.659978e-02 7.103456e-01 1.162393e-01 1.230140e-01 1.700122e-02 -3.697770e-01 7.116440e-02 8.834204e-02 6.490318e-03 -3.074224e-03 1.047617e-02 3.631331e-01 5.461148e-02
1.813680e-02 9.748570e-01 8.585685e-02 1.386430e-01 3.863001e-03 -4.863251e-01 4.960996e-02 9.175724e-02 5.904860e-03 -2.410273e-02 6.667666e-03 3.959147e-01 2.683611e-02
2.028863e-02 8.098163e-01 7.371991e-02 1.469982e-01 2.579117e-02 -3.742259e-01 3.805986e-02 1.151161e-01 9.501286e-03 -2.020402e-02 1.730894e-02 3.450432e-01 2.155568e-02
2.305526e-02 7.183260e-01 8.081717e-02 1.510183e-01 2.261459e-02 -2.853774e-01 4.929642e-02 1.247611e-01 1.245705e-02 4.680746e-03 1.017763e-02 3.386263e-01 3.152475e-02
2.643669e-02 8.521106e-01 1.251199e-01 1.579919e-01 2.556563e-02 -4.268344e-01 7.359325e-02 1.143682e-01 1.327819e-02 -2.416253e-02 1.183799e-02 4.761226e-01 5.091465e-02
3.043294e-02 7.632416e-01 9.403287e-02 1.136800e-01 2.426927e-02 -3.647640e-01 5.035298e-02 1.385885e-01 2.000712e-02 3.382200e-03 1.315079e-02 4.403434e-01 5.235588e-02
1.629238e-02 7.351425e-01 1.622337e-02 1.464798e-01 1.505144e-02 -2.991418e-01 4.034096e-02 1.027990e-01 6.366932e-03 7.483901e-03 1.365181e-02 2.867838e-01 2.703641e-02
1.659978e-02 7.545550e-01 1.699104e-01 1.195962e-01 2.725275e-02 -3.941239e-01 8.595681e-02 9.095253e-02 2.714448e-03 -7.481090e-03 1.639950e-02 3.705493e-01 4.136909e-02
1.752200e-02 8.693900e-01 1.824731e-01 1.427004e-01 3.677984e-02 -3.920760e-01 8.456211e-02 9.446503e-02 7.517832e-03 -1.472390e-02 2.025626e-02 3.276951e-01 4.327291e-02
1.905901e-02 8.067050e-01 6.758519e-02 1.597479e-01 1.583051e-02 -3.335885e-01 9.561364e-03 1.067535e-01 6.249706e-03 -2.011778e-02 9.950576e-03 3.179117e-01 8.982500e-03
2.121084e-02 9.164076e-01 1.209081e-01 1.654681e-01 2.841937e-02 -4.443047e-01 7.662996e-02 1.110285e-01 1.234721e-02 -3.112669e-02 1.382914e-02 3.983032e-01 4.907990e-02
2.397747e-02 7.782307e-01 9.750354e-02 1.161719e-01 1.413347e-02 -3.822867e-01 5.726798e-02 9.790075e-02 5.114378e-03 -1.370409e-02 1.274931e-02 3.685503e-01 4.018944e-02
2.735890e-02 7.861168e-01 1.026764e-01 1.461783e-01 6.598039e-03 -3.184536e-01 5.930003e-02 1.284006e-01 6.042786e-03 1.399411e-02 6.507932e-03 3.640319e-01 3.645240e-02
3.135515e-02 7.756408e-01 4.110845e-02 1.713516e-01 9.239375e-03 -3.417195e-01 4.747253e-02 1.530903e-01 7.722861e-03 -2.661190e-02 1.091576e-02 4.496252e-01 3.064959e-02
1.782940e-02 8.232291e-01 1.060134e-01 1.482519e-01 2.360820e-02 -3.846318e-01 4.753711e-02 9.056495e-02 4.572963e-03 -1.399700e-02 7.579494e-03 3.371461e-01 2.316693e-02
1.813680e-02 8.979277e-01 1.609284e-01 1.464170e-01 2.531225e-02 -4.795442e-01 8.763122e-02 9.327703e-02 1.156525e-02 -2.386619e-02 1.543992e-02 4.083018e-01 5.191740e-02
1.905901e-02 7.540306e-01 1.064902e-01 1.026403e-01 2.080619e-02 -3.675689e-01 4.582718e-02 9.075214e-02 6.548877e-03 1.182400e-02 2.002843e-02 3.600049e-01 2.992650e-02
2.059603e-02 8.919636e-01 7.492817e-02 1.569135e-01 2.535296e-02 -4.564861e-01 3.221420e-02 1.095463e-01 3.474973e-03 -3.125457e-02 1.774206e-02 4.068962e-01 1.558568e-02
2.274785e-02 9.855700e-01 9.122721e-02 1.759156e-01 2.263694e-02 -4.639157e-01 6.960096e-02 1.147460e-01 6.978581e-03 -1.424120e-02 2.000530e-02 4.271561e-01 4.928564e-02
2.551448e-02 9.547559e-01 2.299124e-01 1.847566e-01 5.265840e-02 -4.717195e-01 1.080280e-01 1.405764e-01 1.445261e-02 -1.238641e-02 2.876805e-02 4.868386e-01 6.639922e-02
2.889592e-02 7.165375e-01 9.193262e-02 1.376046e-01 3.476252e-02 -3.120721e-01 5.435135e-02 1.308074e-01 1.095493e-02 -1.434555e-03 2.778783e-02 4.339773e-01 3.842184e-02
3.289217e-02 6.654092e-01 3.099050e-02 9.837481e-02 1.382646e-02 -3.004647e-01 5.067695e-02 1.483386e-01 1.300338e-02 -1.085426e-02 1.943240e-02 4.120558e-01 6.372349e-02
1.998122e-02 7.466843e-01 6.849385e-02 1.046079e-01 1.588063e-02 -3.627348e-01 5.542460e-02 1.041064e-01 1.285725e-02 9.694864e-03 1.569603e-02 3.425028e-01 3.873060e-02
2.028863e-02 8.068918e-01 6.651964e-02 1.176715e-01 2.787349e-02 -4.023141e-01 2.983195e-02 8.738473e-02 1.083213e-02 6.730799e-03 1.768067e-02 4.102774e-01 1.259955e-02
2.121084e-02 8.007517e-01 1.392983e-01 1.521721e-01 2.873204e-02 -3.560199e-01 8.319192e-02 1.243841e-01 1.564620e-02 -7.350016e-04 2.114478e-02 3.421656e-01 3.907534e-02
2.274785e-02 9.046069e-01 6.867993e-02 1.825814e-01 1.500554e-02 -3.768260e-01 2.762341e-02 1.244259e-01 1.212842e-02 -2.493674e-02 9.295443e-03 3.468296e-01 1.698878e-02
2.489968e-02 6.894340e-01 5.888753e-02 1.326160e-01 2.951137e-02 -2.743670e-01 9.468064e-03 1.319655e-01 2.289340e-02 5.573718e-03 8.110663e-03 3.482918e-01 4.029046e-02
2.766631e-02 8.286972e-01 1.537219e-01 1.502474e-01 3.164757e-02 -4.188892e-01 9.455527e-02 1.443897e-01 1.984239e-02 -6.510766e-03 8.163898e-03 4.854412e-01 5.089376e-02
3.104775e-02 7.536503e-01 5.596733e-02 1.160545e-01 1.616021e-02 -3.445214e-01 6.032116e-02 1.395491e-01 1.515874e-02 -2.223225e-02 1.893301e-02 4.259782e-01 6.705517e-02
3.504399e-02 8.402789e-01 1.614367e-01 1.715146e-01 2.660828e-02 -3.451957e-01 9.185690e-02 1.739194e-01 9.638094e-03 -2.077383e-02 2.531949e-02 5.064030e-01 5.420784e-02
2.274785e-02 6.344731e-01 4.523599e-02 1.090624e-01 1.200447e-02 -2.910184e-01 3.133876e-02 9.228658e-02 6.744121e-03 -2.248499e-02 3.339912e-03 2.755937e-01 1.529886e-02
2.305526e-02 7.635526e-01 9.419239e-02 1.233818e-01 3.593775e-02 -3.536910e-01 5.216240e-02 1.183877e-01 1.575266e-02 6.336376e-03 9.488644e-03 3.408885e-01 4.370311e-02
2.397747e-02 6.835973e-01 7.269900e-02 1.063017e-01 2.243045e-02 -3.246107e-01 4.455368e-02 9.936170e-02 8.047069e-03 -3.655242e-03 2.349065e-02 3.402963e-01 3.731909e-02
2.551448e-02 9.717061e-01 1.688886e-01 1.537066e-01 2.727553e-02 -4.264701e-01 1.177650e-01 1.258937e-01 1.256730e-02 -4.079418e-04 2.395698e-02 4.308169e-01 9.736487e-02
2.766631e-02 9.533986e-01 8.309243e-02 1.757542e-01 3.625358e-02 -4.145940e-01 5.907674e-02 1.409867e-01 1.736497e-02 -3.559782e-02 1.366940e-02 4.044993e-01 6.581011e-02
3.043294e-02 9.851986e-01 1.326984e-01 1.935741e-01 3.184391e-02 -4.093476e-01 2.606355e-02 1.741659e-01 2.359320e-02 -2.861001e-02 1.665501e-02 4.315290e-01 2.458107e-02
3.381438e-02 8.132807e-01 8.961143e-02 1.148581e-01 1.747482e-02 -4.046451e-01 7.199715e-02 1.482333e-01 6.983203e-03 -3.855062e-02 1.443735e-02 5.434708e-01 6.357927e-02
3.781062e-02 8.270201e-01 8.404184e-02 1.358020e-01 1.728023e-02 -3.358658e-01 5.485916e-02 1.938462e-01 9.976274e-03 -6.053354e-03 1.595692e-02 5.707384e-01 6.134795e-02
2.612929e-02 6.962125e-01 1.094182e-01 1.449473e-01 2.487037e-02 -2.612982e-01 3.044972e-02 1.335547e-01 6.331298e-03 1.357689e-02 1.770428e-02 3.350855e-01 1.938935e-02
2.643669e-02 8.532237e-01 1.274369e-01 1.819022e-01 3.444508e-02 -4.064032e-01 5.760470e-02 1.319621e-01 7.790919e-03 -5.315968e-02 1.654670e-02 3.962427e-01 3.373568e-02
2.735890e-02 7.264184e-01 2.281222e-02 1.156732e-01 1.733208e-02 -3.310013e-01 2.094473e-02 1.162963e-01 1.504560e-02 5.977190e-03 9.106533e-03 3.963269e-01 3.038596e-02
2.889592e-02 9.983482e-01 1.823612e-01 2.037563e-01 2.939521e-02 -4.959340e-01 1.004869e-01 1.550195e-01 5.779494e-03 -6.027067e-02 2.412071e-02 5.013335e-01 4.530352e-02
3.104775e-02 6.213328e-01 3.873107e-02 1.082221e-01 1.522728e-02 -3.027934e-01 4.116622e-02 1.384586e-01 9.287564e-03 -1.814083e-03 2.187307e-02 4.735181e-01 5.156328e-02
3.381438e-02 8.760131e-01 8.611202e-02 1.908787e-01 4.968236e-02 -3.801618e-01 3.681344e-02 1.866087e-01 9.218000e-03 -3.148144e-02 1.536209e-02 4.632682e-01 6.212692e-02
3.719581e-02 8.596187e-01 4.214392e-02 1.585925e-01 2.504715e-02 -3.670662e-01 3.343013e-02 2.099547e-01 1.827433e-02 -2.793710e-02 1.491306e-02 5.294075e-01 7.086000e-02
4.119206e-02 7.925895e-01 7.583678e-02 1.522269e-01 2.853585e-02 -3.308371e-01 2.672499e-02 2.181452e-01 3.412370e-02 -6.178115e-02 1.569781e-02 5.955397e-01 4.402447e-02
3.012554e-02 6.876592e-01 6.740308e-02 1.468535e-01 2.322638e-02 -3.087262e-01 5.166203e-02 1.468731e-01 1.585778e-02 -1.903989e-02 1.223765e-02 3.902327e-01 4.824469e-02
3.043294e-02 8.306385e-01 6.882198e-02 2.194209e-01 2.111582e-02 -3.516201e-01 1.879956e-02 1.697920e-01 1.503037e-02 -3.453718e-02 1.703891e-02 4.303214e-01 3.316126e-02
3.135515e-02 9.090024e-01 1.158755e-01 1.847785e-01 3.230205e-02 -4.402299e-01 7.072284e-02 1.846596e-01 2.397173e-02 -1.585460e-02 2.513492e-02 5.162008e-01 5.888320e-02
3.289217e-02 7.110739e-01 7.821221e-02 1.242772e-01 1.845108e-02 -3.824186e-01 5.595251e-02 1.597604e-01 1.676088e-02 -4.191644e-02 2.279343e-02 5.024986e-01 5.617870e-02
3.504399e-02 9.143472e-01 3.704191e-02 1.584301e-01 2.192491e-02 -3.663710e-01 6.245412e-03 1.890902e-01 1.054742e-02 -2.606928e-02 2.509451e-02 5.428452e-01 4.185946e-02
3.781062e-02 7.306845e-01 9.153747e-02 1.554070e-01 3.155799e-02 -3.057387e-01 4.747626e-02 2.125204e-01 2.086325e-02 -2.160942e-02 9.371332e-03 5.099357e-01 6.849862e-02
4.119206e-02 6.428297e-01 7.528061e-02 1.178978e-01 4.175176e-02 -2.496307e-01 4.522052e-02 2.327631e-01 2.199804e-02 -3.198752e-02 2.465323e-02 5.968865e-01 5.729949e-02
4.518830e-02 8.703528e-01 9.661656e-02 1.224608e-01 3.891307e-02 -3.706203e-01 1.052169e-01 2.583351e-01 1.967481e-02 -7.368742e-02 3.254712e-02 6.340755e-01 7.434430e-02
