# k^2  LiLi LiLi_error  LiCl LiCl_error  LiNa LiNa_error  ClCl ClCl_error  ClNa ClNa_error  NaNa NaNa_error
0.000000e+00 1.760000e+03 0.000000e+00 2.373184e+03 0.000000e+00 1.591980e+03 0.000000e+00 3.200000e+03 0.000000e+00 2.146625e+03 0.000000e+00 1.440000e+03 0.000000e+00
3.161407e-04 4.045680e-01 3.369605e-02 5.007280e-02 1.841227e-02 -3.739227e-01 3.516323e-02 5.066008e-02 5.386267e-03 1.999289e-02 2.145267e-02 4.466885e-01 6.286235e-02
1.264563e-03 1.068859e+00 1.782832e-01 2.126327e-01 1.653712e-02 -8.462915e-01 1.733250e-01 8.768202e-02 2.800109e-03 -1.030809e-01 1.697333e-02 7.740045e-01 1.656653e-01
2.845266e-03 4.120415e-01 6.295229e-02 1.035473e-01 2.281476e-02 -2.918124e-01 5.605920e-02 7.456869e-02 1.231926e-02 9.737872e-04 1.274903e-02 3.407930e-01 7.128231e-02
5.058251e-03 7.302070e-01 1.746049e-01 1.383905e-01 3.267108e-02 -5.723062e-01 1.461129e-01 7.196589e-02 8.432188e-03 -4.400974e-02 2.899596e-02 5.805800e-01 1.193735e-01
7.903517e-03 4.781471e-01 6.770927e-02 1.217481e-01 2.523153e-02 -3.025476e-01 5.167184e-02 7.901184e-02 1.061136e-02 -1.941246e-02 1.356897e-02 3.199288e-01 4.450522e-02
1.138106e-02 6.496813e-01 1.274272e-01 1.335287e-01 2.620259e-02 -4.679034e-01 9.569278e-02 8.401636e-02 6.817858e-03 -2.907820e-02 1.220383e-02 4.967802e-01 9.235744e-02
1.549089e-02 6.688101e-01 1.103405e-01 1.263854e-01 2.977527e-02 -5.125195e-01 8.910052e-02 8.036108e-02 9.452323e-03 -4.627781e-02 3.074735e-02 5.895937e-01 7.111757e-02
3.161407e-04 7.804688e-01 1.795583e-01 1.254435e-01 3.355537e-02 -6.742475e-01 1.527154e-01 6.358689e-02 1.091367e-02 -4.161593e-02 2.290572e-02 6.872942e-01 1.354209e-01
6.322813e-04 1.014829e+00 1.650954e-01 1.991128e-01 2.973811e-02 -8.132183e-01 1.405380e-01 7.462590e-02 7.974142e-03 -1.068874e-01 2.369940e-02 7.342615e-01 1.195586e-01
1.580703e-03 2.935645e-01 5.472946e-02 6.288309e-02 1.277713e-02 -2.239280e-01 5.433682e-02 5.479614e-02 5.096704e-03 1.488670e-02 1.387171e-02 2.758865e-01 6.819026e-02
3.161407e-03 5.244118e-01 1.345771e-01 9.300958e-02 1.015359e-02 -4.260568e-01 1.377687e-01 7.203844e-02 1.046014e-02 2.598817e-03 1.144335e-02 4.816983e-01 1.359788e-01
5.374391e-03 4.516019e-01 7.326752e-02 9.879981e-02 1.067298e-02 -3.084027e-01 6.360016e-02 6.214464e-02 4.728882e-03 -1.302586e-02 1.134601e-02 3.243071e-01 5.954580e-02
8.219657e-03 6.356731e-01 8.174316e-02 1.540314e-01 2.780354e-02 -4.410331e-01 5.705010e-02 8.674646e-02 1.157178e-02 -3.845818e-02 2.016206e-02 4.752984e-01 4.955154e-02
1.169720e-02 6.402458e-01 1.617035e-01 1.220307e-01 2.949313e-02 -4.782480e-01 1.442742e-01 8.142091e-02 8.520811e-03 -2.129956e-02 2.745940e-02 5.448062e-01 1.235159e-01
1.580703e-02 7.528737e-01 1.732817e-01 1.644238e-01 3.703491e-02 -5.465920e-01 1.386864e-01 1.116902e-01 6.826504e-03 -4.655096e-02 3.826472e-02 6.102587e-01 8.656018e-02
1.264563e-03 4.582831e-01 2.011839e-01 1.008280e-01 3.620516e-02 -3.534535e-01 1.725391e-01 6.709055e-02 8.741964e-03 -1.340702e-02 2.840792e-02 3.731295e-01 1.515900e-01
1.580703e-03 4.286433e-01 1.424649e-01 7.560646e-02 2.629948e-02 -3.517528e-01 1.196403e-01 6.326409e-02 6.132039e-03 9.624999e-03 2.825326e-02 4.037933e-01 1.055093e-01
2.529125e-03 6.059252e-01 1.543481e-01 1.341417e-01 3.213411e-02 -4.723890e-01 1.383074e-01 6.695642e-02 1.082640e-02 -4.926688e-02 2.095982e-02 4.672627e-01 1.318430e-01
4.109829e-03 6.319563e-01 1.474404e-01 1.406608e-01 3.244869e-02 -4.596643e-01 1.236014e-01 8.047355e-02 7.594729e-03 -3.416712e-02 2.586339e-02 4.588708e-01 1.048984e-01
6.322813e-03 7.371631e-01 1.829745e-01 1.550115e-01 3.359140e-02 -5.658922e-01 1.524673e-01 8.505121e-02 6.568914e-03 -4.376760e-02 2.848838e-02 5.876666e-01 1.301393e-01
9.168079e-03 5.439259e-01 9.586217e-02 1.250347e-01 1.895584e-02 -3.484448e-01 7.348135e-02 7.736930e-02 5.874599e-03 -2.382982e-02 1.337232e-02 3.544528e-01 6.786277e-02
1.264563e-02 6.343722e-01 1.275797e-01 1.360578e-01 3.820537e-02 -4.263002e-01 7.305005e-02 8.341896e-02 1.383764e-02 -3.144165e-02 2.626737e-02 4.625041e-01 5.473221e-02
1.675546e-02 6.502961e-01 4.630965e-02 1.434223e-01 1.727765e-02 -4.726435e-01 5.282034e-02 9.986151e-02 1.155127e-02 -4.412626e-02 1.889454e-02 5.874246e-01 7.378985e-02
2.845266e-03 3.673220e-01 7.489222e-02 7.939801e-02 7.983373e-03 -2.796459e-01 7.994383e-02 6.439856e-02 5.791704e-03 6.745565e-03 8.669233e-03 3.285315e-01 8.234488e-02
3.161407e-03 4.417294e-01 7.365596e-02 8.925744e-02 1.127644e-02 -3.493303e-01 7.788456e-02 6.526390e-02 7.655493e-03 -1.248990e-03 8.493138e-03 4.006131e-01 7.964305e-02
4.109829e-03 3.716078e-01 4.356592e-02 8.795883e-02 2.229847e-02 -2.677412e-01 2.971913e-02 7.225097e-02 9.045941e-03 4.489954e-03 1.324551e-02 3.093391e-01 3.238185e-02
5.690532e-03 5.692489e-01 4.991859e-02 1.234809e-01 1.684578e-02 -4.201130e-01 3.673444e-02 7.445816e-02 6.725195e-03 -3.357144e-02 1.345715e-02 4.222724e-01 4.075170e-02
7.903517e-03 7.119181e-01 6.638149e-02 1.315176e-01 7.199993e-03 -5.626192e-01 7.700552e-02 7.330950e-02 4.528174e-03 -3.061832e-02 1.073564e-02 6.129776e-01 9.119529e-02
1.074878e-02 6.106845e-01 5.056309e-02 1.650234e-01 2.100781e-02 -3.746887e-01 2.952837e-02 9.112287e-02 9.360483e-03 -4.158812e-02 9.771622e-03 3.875084e-01 2.992969e-02
1.422633e-02 6.483871e-01 9.655917e-02 1.398596e-01 2.876118e-02 -4.576247e-01 6.832191e-02 9.669570e-02 1.057460e-02 -4.333285e-02 1.354444e-02 4.870797e-01 6.759894e-02
1.833616e-02 7.147500e-01 8.840272e-02 1.449477e-01 1.127283e-02 -5.028645e-01 8.545944e-02 1.024466e-01 9.026043e-03 -3.503495e-02 7.835532e-03 5.598263e-01 7.781895e-02
5.058251e-03 6.421325e-01 1.271456e-01 1.411787e-01 3.142299e-02 -4.617497e-01 9.951809e-02 7.008877e-02 1.055886e-02 -5.020623e-02 2.536090e-02 4.366502e-01 8.136414e-02
5.374391e-03 6.482254e-01 1.901042e-01 1.416600e-01 4.314342e-02 -4.924270e-01 1.546983e-01 7.970392e-02 7.686497e-03 -3.756128e-02 4.266039e-02 5.159763e-01 1.093110e-01
6.322813e-03 5.453153e-01 9.947342e-02 1.102221e-01 1.801871e-02 -4.124196e-01 9.501329e-02 8.520674e-02 8.784029e-03 -1.328274e-03 1.800135e-02 4.600855e-01 8.783428e-02
7.903517e-03 5.631640e-01 8.165759e-02 1.193167e-01 1.282607e-02 -4.192604e-01 8.654317e-02 7.105731e-02 5.508101e-03 -2.826768e-02 1.750488e-02 4.510969e-01 8.354157e-02
1.011650e-02 5.533840e-01 5.361671e-02 1.164127e-01 1.708018e-02 -4.027068e-01 4.972172e-02 7.876674e-02 5.049378e-03 -2.435360e-02 1.404379e-02 4.409932e-01 4.683607e-02
1.296177e-02 4.795616e-01 7.880233e-02 1.135809e-01 2.640983e-02 -3.238316e-01 3.417420e-02 8.065152e-02 7.567197e-03 -1.754561e-02 1.577940e-02 3.797341e-01 2.101382e-02
1.643931e-02 6.947780e-01 6.759854e-02 1.588424e-01 5.556342e-03 -4.381393e-01 7.206722e-02 9.616238e-02 1.144277e-02 -4.424709e-02 1.524948e-02 5.019611e-01 7.359670e-02
2.054914e-02 8.753443e-01 1.626821e-01 2.075113e-01 3.766673e-02 -5.371798e-01 1.165924e-01 1.340931e-01 1.234568e-02 -4.288271e-02 3.382275e-02 6.101113e-01 9.348164e-02
7.903517e-03 4.322469e-01 5.890182e-02 9.770144e-02 6.736580e-03 -2.949036e-01 6.410624e-02 7.393749e-02 3.888934e-03 -5.169318e-04 7.826781e-03 3.491648e-01 7.734203e-02
8.219657e-03 5.089030e-01 9.025102e-02 1.104916e-01 1.799043e-02 -3.585960e-01 8.814857e-02 6.492639e-02 1.176921e-02 -2.426556e-02 8.741886e-03 3.844409e-01 9.971592e-02
9.168079e-03 6.181858e-01 1.161417e-01 1.484430e-01 2.136840e-02 -4.160209e-01 1.042254e-01 8.449353e-02 9.494769e-03 -3.699260e-02 1.536318e-02 4.255507e-01 9.250701e-02
1.074878e-02 5.070247e-01 1.132272e-01 1.334498e-01 3.135520e-02 -3.209124e-01 7.478533e-02 9.066849e-02 9.257959e-03 -1.703563e-02 1.929569e-02 3.826515e-01 5.802529e-02
1.296177e-02 5.960676e-01 5.469795e-02 1.354005e-01 1.305861e-02 -3.789322e-01 4.844914e-02 8.307978e-02 5.142187e-03 -3.293355e-02 9.815688e-03 4.098852e-01 4.159319e-02
1.580703e-02 6.174128e-01 6.331809e-02 1.533623e-01 2.302101e-02 -3.884204e-01 5.703654e-02 9.786584e-02 1.051966e-02 -2.723317e-02 1.656644e-02 4.711871e-01 5.640963e-02
1.928458e-02 7.003699e-01 6.371510e-02 1.607517e-01 2.845702e-02 -4.677852e-01 4.989046e-02 1.086792e-01 1.272775e-02 -3.951866e-02 2.550919e-02 5.584210e-01 6.034928e-02
2.339441e-02 6.737630e-01 5.125926e-02 1.460655e-01 2.612174e-02 -4.219426e-01 4.894682e-02 1.152359e-01 1.628974e-02 -4.323476e-02 2.222406e-02 5.011247e-01 3.668533e-02
1.138106e-02 7.565207e-01 1.005127e-01 1.496898e-01 2.669802e-02 -5.664640e-01 7.607932e-02 7.605785e-02 7.268266e-03 -5.388014e-02 2.227513e-02 6.040553e-01 6.172484e-02
1.169720e-02 7.495254e-01 6.568326e-02 1.790448e-01 2.618793e-02 -5.336172e-01 3.591278e-02 9.344404e-02 1.405561e-02 -6.436282e-02 1.895547e-02 5.611893e-01 2.719645e-02
1.264563e-02 5.647196e-01 3.204859e-02 1.092565e-01 1.312556e-02 -4.150736e-01 4.172072e-02 7.880394e-02 6.285541e-03 -1.706422e-02 5.314253e-03 4.809731e-01 4.460432e-02
1.422633e-02 6.164564e-01 6.308432e-02 1.398723e-01 1.542466e-02 -4.273241e-01 5.935125e-02 9.676685e-02 7.171824e-03 -3.126587e-02 9.855177e-03 4.852614e-01 5.016047e-02
1.643931e-02 7.452280e-01 4.309080e-02 1.393380e-01 2.214947e-02 -5.398885e-01 5.140027e-02 8.665421e-02 1.086002e-02 -4.647199e-02 1.680039e-02 5.764244e-01 5.663833e-02
1.928458e-02 6.107773e-01 7.801390e-02 1.448058e-01 1.856805e-02 -3.601837e-01 6.813392e-02 9.463786e-02 4.442155e-03 -3.901914e-02 1.600086e-02 4.329971e-01 6.747816e-02
2.276213e-02 7.074913e-01 6.291041e-02 1.584122e-01 2.475390e-02 -4.849041e-01 3.675854e-02 1.076482e-01 1.036241e-02 -4.447237e-02 1.678565e-02 6.418478e-01 3.559356e-02
2.687196e-02 6.222157e-01 2.555820e-02 1.234671e-01 1.429076e-02 -3.692196e-01 3.456671e-02 1.180309e-01 5.893816e-03 -3.726013e-02 6.953587e-03 5.316129e-01 5.384846e-02
1.549089e-02 6.663705e-01 1.110715e-01 1.558065e-01 2.613405e-02 -4.371703e-01 9.625547e-02 1.012086e-01 1.476362e-02 -3.780228e-02 2.375805e-02 4.820139e-01 7.563406e-02
1.580703e-02 6.091890e-01 1.228914e-01 1.185543e-01 3.612434e-02 -4.351537e-01 7.981701e-02 8.735693e-02 9.341411e-03 -2.117518e-02 3.328664e-02 4.965569e-01 4.313763e-02
1.675546e-02 7.002579e-01 6.217639e-02 1.331060e-01 1.239693e-02 -4.751358e-01 5.411482e-02 9.110171e-02 6.867266e-03 -2.476167e-02 1.535543e-02 5.439268e-01 7.452608e-02
1.833616e-02 6.095398e-01 7.340928e-02 1.461955e-01 1.359909e-02 -3.813194e-01 5.824352e-02 1.060810e-01 5.784944e-03 -2.423035e-02 6.592717e-03 4.643630e-01 5.568142e-02
2.054914e-02 6.697088e-01 8.999051e-02 1.477518e-01 2.060944e-02 -4.078066e-01 6.410373e-02 1.023015e-01 8.572304e-03 -2.894577e-02 1.694437e-02 5.337079e-01 8.258414e-02
2.339441e-02 7.706509e-01 6.845688e-02 1.860849e-01 8.784931e-03 -5.570238e-01 7.381944e-02 1.213176e-01 8.654764e-03 -8.833196e-02 1.517821e-02 6.807453e-01 7.995366e-02
2.687196e-02 6.247862e-01 3.779727e-02 1.426080e-01 9.191667e-03 -3.737352e-01 3.327994e-02 1.168743e-01 8.000423e-03 -3.660376e-02 1.008686e-02 5.204021e-01 4.303575e-02
3.098178e-02 7.305904e-01 5.345589e-02 1.686209e-01 2.525800e-02 -4.611044e-01 4.755323e-02 1.617584e-01 1.925098e-02 -4.947722e-02 2.279762e-02 6.751354e-01 7.742409e-02
3.161407e-04 2.570186e-01 5.484598e-02 8.603059e-02 1.960539e-02 -1.572077e-01 4.748826e-02 7.738866e-02 1.538248e-02 1.956000e-02 1.347811e-02 2.057763e-01 3.490887e-02
6.322813e-04 7.881388e-01 2.332090e-01 1.590628e-01 4.574074e-02 -6.323936e-01 1.908927e-01 6.920957e-02 1.012028e-02 -7.243183e-02 3.641563e-02 5.935175e-01 1.581894e-01
1.580703e-03 4.449867e-01 8.832917e-02 1.313771e-01 2.604861e-02 -2.928959e-01 6.892323e-02 8.644612e-02 7.054988e-03 -2.192789e-02 2.043918e-02 2.925366e-01 5.998794e-02
3.161407e-03 7.624226e-01 3.328117e-02 1.783011e-01 1.894258e-02 -5.556852e-01 2.928346e-02 8.425422e-02 1.094063e-02 -6.567585e-02 1.191833e-02 5.225121e-01 3.917037e-02
5.374391e-03 6.336377e-01 1.499351e-01 1.350118e-01 1.480519e-02 -4.690293e-01 1.403841e-01 8.084311e-02 7.621864e-03 -2.322607e-02 1.334879e-02 4.976267e-01 1.330423e-01
8.219657e-03 3.976120e-01 3.665648e-02 8.870285e-02 1.214459e-02 -2.873645e-01 4.850568e-02 7.869567e-02 4.987906e-03 1.252505e-02 8.521835e-03 3.717580e-01 5.578957e-02
1.169720e-02 5.337383e-01 1.651302e-02 1.131226e-01 9.334326e-03 -3.850857e-01 2.175662e-02 7.716989e-02 6.815244e-03 -2.412632e-02 3.978924e-03 4.484929e-01 3.752129e-02
1.580703e-02 5.453413e-01 1.051225e-01 1.093820e-01 2.135396e-02 -3.974000e-01 8.363049e-02 8.154390e-02 7.267009e-03 -2.050250e-02 1.240459e-02 4.647906e-01 7.881864e-02
6.322813e-04 3.448301e-01 7.370906e-02 8.430576e-02 1.348732e-02 -2.509100e-01 6.587945e-02 7.120711e-02 9.082684e-03 1.513458e-02 1.203709e-02 3.027820e-01 6.325802e-02
9.484220e-04 3.193084e-01 7.073632e-02 6.839192e-02 1.244193e-02 -2.464749e-01 6.872645e-02 5.185715e-02 3.056701e-03 2.873523e-03 9.846519e-03 2.804038e-01 7.072393e-02
1.896844e-03 8.951954e-01 2.130564e-01 1.777046e-01 2.524305e-02 -7.121869e-01 2.148152e-01 9.346517e-02 5.186905e-03 -5.506219e-02 2.486371e-02 7.084029e-01 2.125725e-01
3.477547e-03 8.346871e-01 2.494818e-01 1.777966e-01 4.620667e-02 -6.427436e-01 2.055339e-01 8.278906e-02 9.702645e-03 -7.242411e-02 3.799942e-02 6.143897e-01 1.703315e-01
5.690532e-03 4.336900e-01 1.055159e-01 8.957362e-02 1.853991e-02 -3.238021e-01 1.022410e-01 6.964194e-02 4.766572e-03 3.181213e-03 1.734504e-02 3.773476e-01 1.074913e-01
8.535798e-03 5.625127e-01 1.147696e-01 1.671469e-01 3.103192e-02 -3.434871e-01 7.975323e-02 1.027456e-01 7.768391e-03 -4.224217e-02 2.445992e-02 3.426870e-01 5.731362e-02
1.201335e-02 6.465736e-01 9.886044e-02 1.272637e-01 1.962669e-02 -4.793549e-01 7.130927e-02 7.371082e-02 8.154576e-03 -4.589532e-02 1.086105e-02 5.034283e-01 6.541697e-02
1.612317e-02 7.533638e-01 1.295481e-01 1.771504e-01 4.241350e-02 -4.851298e-01 6.504492e-02 9.679160e-02 9.935498e-03 -6.636482e-02 2.715255e-02 5.010861e-01 3.087812e-02
1.580703e-03 4.603995e-01 1.162486e-01 8.984200e-02 2.656399e-02 -3.733274e-01 1.015806e-01 6.819743e-02 3.986158e-03 2.758686e-03 2.859307e-02 4.253864e-01 8.530757e-02
1.896844e-03 5.425026e-01 4.943673e-02 1.270418e-01 1.665812e-02 -4.005986e-01 3.643997e-02 7.273200e-02 7.150934e-03 -3.287386e-02 9.045671e-03 3.954616e-01 3.470711e-02
2.845266e-03 5.347259e-01 1.089094e-01 1.025953e-01 1.972922e-02 -4.219441e-01 9.670947e-02 6.211915e-02 2.749294e-03 -2.061409e-02 2.452486e-02 4.407430e-01 7.653613e-02
4.425969e-03 4.195329e-01 3.302629e-02 9.943714e-02 1.134979e-02 -3.098188e-01 2.914789e-02 6.574667e-02 1.370881e-03 -1.321447e-02 1.192694e-02 3.415441e-01 2.740897e-02
6.638954e-03 5.255209e-01 8.209581e-02 1.216503e-01 1.904581e-02 -3.528286e-01 6.487080e-02 7.987136e-02 8.795162e-03 -1.240950e-02 1.494179e-02 3.732771e-01 6.149391e-02
9.484220e-03 7.913184e-01 5.892187e-02 1.683859e-01 1.810093e-02 -5.754813e-01 5.844418e-02 8.628330e-02 5.020962e-03 -6.104674e-02 1.079196e-02 5.670796e-01 6.992998e-02
1.296177e-02 6.777258e-01 6.745466e-02 1.563541e-01 3.014889e-02 -4.563249e-01 4.246747e-02 8.820997e-02 1.686420e-02 -5.130180e-02 1.277879e-02 4.710324e-01 2.263618e-02
1.707160e-02 8.866648e-01 1.581698e-01 1.952963e-01 4.436271e-02 -6.068734e-01 8.016396e-02 1.037090e-01 9.819480e-03 -8.731488e-02 2.790813e-02 5.960492e-01 3.611543e-02
3.161407e-03 4.878615e-01 8.626939e-02 1.281431e-01 1.868205e-02 -3.368294e-01 7.669203e-02 8.609132e-02 4.419864e-03 -1.791321e-02 1.840667e-02 3.501455e-01 6.233032e-02
3.477547e-03 8.850661e-01 1.982287e-01 1.783631e-01 3.805832e-02 -6.905802e-01 1.622736e-01 7.888340e-02 8.658064e-03 -7.914650e-02 3.312674e-02 6.463460e-01 1.295626e-01
4.425969e-03 4.061930e-01 5.595473e-02 1.023348e-01 1.256379e-02 -2.768689e-01 4.814886e-02 7.314246e-02 4.526491e-03 -5.949626e-03 1.481846e-02 3.088016e-01 3.365481e-02
6.006673e-03 6.111635e-01 6.023579e-02 1.234578e-01 7.765167e-03 -4.762759e-01 7.506401e-02 7.004972e-02 5.892574e-03 -3.532885e-02 5.391445e-03 4.996471e-01 8.424316e-02
8.219657e-03 6.134093e-01 1.081949e-01 1.163951e-01 1.043811e-02 -4.509938e-01 1.092617e-01 7.772811e-02 8.656411e-03 -1.278925e-02 1.511559e-02 4.879806e-01 1.001069e-01
1.106492e-02 6.090300e-01 6.158606e-02 1.387186e-01 9.676898e-03 -4.152512e-01 5.645920e-02 8.083539e-02 7.157457e-03 -3.750511e-02 6.454944e-03 4.361963e-01 5.032550e-02
1.454247e-02 5.215382e-01 3.570660e-02 1.351990e-01 1.131046e-02 -3.124651e-01 3.382681e-02 8.883449e-02 7.369268e-03 -2.802604e-02 8.673471e-03 3.758934e-01 4.510399e-02
1.865230e-02 6.858781e-01 1.506340e-01 1.534934e-01 4.177459e-02 -4.402107e-01 1.126346e-01 1.135924e-01 1.453468e-02 -3.697912e-02 2.869587e-02 4.808126e-01 8.782694e-02
5.374391e-03 5.712275e-01 5.771334e-02 1.181278e-01 1.004660e-02 -4.218013e-01 5.139251e-02 6.503983e-02 5.070831e-03 -2.946258e-02 4.878238e-03 4.300436e-01 6.067469e-02
5.690532e-03 6.062275e-01 9.058363e-02 1.488918e-01 2.691294e-02 -4.120818e-01 6.475681e-02 8.239113e-02 1.036397e-02 -3.888233e-02 1.628830e-02 4.059215e-01 4.781292e-02
6.638954e-03 6.153499e-01 7.873052e-02 1.319876e-01 1.525668e-02 -4.367216e-01 9.269212e-02 7.626108e-02 7.073638e-03 -3.090946e-02 1.323308e-02 4.511047e-01 9.577290e-02
8.219657e-03 6.361753e-01 8.121944e-02 1.373045e-01 2.797241e-02 -4.474872e-01 5.097827e-02 7.443031e-02 9.917377e-03 -3.788247e-02 2.092064e-02 4.535193e-01 2.790963e-02
1.043264e-02 6.979962e-01 9.129812e-02 1.453587e-01 2.071989e-02 -5.057877e-01 7.237196e-02 8.868737e-02 6.428120e-03 -4.240327e-02 1.609972e-02 5.264566e-01 5.703333e-02
1.327791e-02 6.416758e-01 1.079151e-01 1.496592e-01 3.212128e-02 -4.008129e-01 6.045452e-02 8.384337e-02 8.235296e-03 -3.977604e-02 1.866469e-02 4.120543e-01 3.861568e-02
1.675546e-02 6.700325e-01 1.311065e-01 1.662285e-01 4.210601e-02 -4.292962e-01 1.031143e-01 1.045105e-01 1.297411e-02 -4.734051e-02 3.508249e-02 4.798027e-01 7.581924e-02
2.086528e-02 6.645666e-01 3.903258e-02 1.260923e-01 8.612700e-03 -4.884439e-01 5.704649e-02 9.219429e-02 7.954256e-03 -4.075220e-02 2.069552e-02 6.245561e-01 5.374162e-02
8.219657e-03 6.566248e-01 8.825059e-02 1.536715e-01 1.435744e-02 -4.451389e-01 8.891008e-02 8.527491e-02 7.725988e-03 -4.475938e-02 2.328496e-02 4.348130e-01 7.466922e-02
8.535798e-03 1.002598e+00 1.411257e-01 1.960311e-01 1.496197e-02 -7.461675e-01 1.409265e-01 8.988751e-02 5.886803e-03 -8.328886e-02 1.371646e-02 7.033771e-01 1.315197e-01
9.484220e-03 6.276394e-01 1.271816e-01 1.469891e-01 2.229609e-02 -4.406848e-01 1.039816e-01 8.327795e-02 7.178696e-03 -4.587250e-02 2.101358e-02 4.500589e-01 7.561956e-02
1.106492e-02 6.681845e-01 7.789283e-02 1.457695e-01 1.788330e-02 -4.813711e-01 6.217201e-02 8.156931e-02 8.446938e-03 -4.934161e-02 1.126529e-02 4.952923e-01 6.270337e-02
1.327791e-02 5.716218e-01 4.943279e-02 1.217234e-01 2.068693e-02 -3.914608e-01 5.024839e-02 8.304571e-02 7.270751e-03 -2.207108e-02 1.028838e-02 4.455583e-01 6.780183e-02
1.612317e-02 7.376676e-01 7.028008e-02 1.562566e-01 1.444108e-02 -5.289122e-01 8.432205e-02 1.023407e-01 6.879386e-03 -4.333278e-02 1.634406e-02 5.733718e-01 9.114156e-02
1.960072e-02 4.803562e-01 3.323009e-02 9.841490e-02 1.748336e-02 -2.983678e-01 3.568700e-02 9.328739e-02 1.366608e-02 -8.798345e-03 2.034987e-02 3.877629e-01 2.435463e-02
2.371055e-02 7.325523e-01 6.285236e-02 1.713688e-01 8.702127e-03 -4.830388e-01 6.354205e-02 1.235422e-01 1.194811e-02 -6.626833e-02 1.590330e-02 5.564914e-01 8.463311e-02
1.169720e-02 7.023186e-01 3.312066e-02 1.448192e-01 1.074272e-02 -5.150320e-01 3.524802e-02 8.782241e-02 5.407961e-03 -4.458010e-02 1.513395e-02 5.311576e-01 4.355924e-02
1.201335e-02 5.296882e-01 5.984194e-02 1.079663e-01 1.171306e-02 -4.105341e-01 7.053807e-02 8.562211e-02 6.168367e-03 -5.430361e-03 1.123070e-02 5.104610e-01 8.335719e-02
1.296177e-02 7.019314e-01 1.634396e-01 1.561302e-01 3.749396e-02 -4.894143e-01 1.096319e-01 9.110052e-02 8.501009e-03 -4.575995e-02 2.166355e-02 5.426020e-01 8.467627e-02
1.454247e-02 6.590982e-01 6.194116e-02 1.476774e-01 1.853407e-02 -4.084886e-01 4.979206e-02 1.008313e-01 4.033977e-03 -3.437191e-02 1.528376e-02 4.379957e-01 4.676984e-02
1.675546e-02 5.949167e-01 7.393728e-02 1.415697e-01 2.802944e-02 -3.651306e-01 4.235801e-02 9.276170e-02 1.075439e-02 -4.595585e-02 1.553943e-02 4.013322e-01 3.651282e-02
1.960072e-02 6.163208e-01 1.077869e-01 1.452265e-01 3.129437e-02 -4.395919e-01 1.028052e-01 1.106716e-01 1.257465e-02 -3.928988e-02 3.484970e-02 5.627601e-01 9.716149e-02
2.307827e-02 6.145653e-01 3.713497e-02 1.455811e-01 1.568524e-02 -3.438118e-01 5.316916e-02 1.136477e-01 1.528836e-02 -2.286166e-02 2.351688e-02 4.364303e-01 3.761255e-02
2.718810e-02 6.885750e-01 1.130270e-01 1.699979e-01 3.428759e-02 -3.698873e-01 7.850003e-02 1.538176e-01 2.267769e-02 -6.226597e-02 1.758603e-02 4.775682e-01 6.513681e-02
1.580703e-02 6.774617e-01 1.450948e-01 1.502908e-01 3.893326e-02 -4.616090e-01 1.027085e-01 8.582725e-02 1.447405e-02 -6.500820e-02 2.332236e-02 4.775176e-01 9.053140e-02
1.612317e-02 6.520829e-01 4.566552e-02 1.517489e-01 1.920399e-02 -4.304761e-01 1.055985e-02 9.458070e-02 5.891697e-03 -4.591590e-02 1.631255e-02 4.830475e-01 1.886913e-02
1.707160e-02 6.522802e-01 6.770251e-02 1.363508e-01 1.626621e-02 -4.656986e-01 5.383373e-02 9.322095e-02 8.316857e-03 -2.760222e-02 1.291937e-02 5.822413e-01 7.163802e-02
1.865230e-02 6.932701e-01 8.570628e-02 1.625027e-01 3.145719e-02 -4.364526e-01 5.588504e-02 1.023269e-01 1.134614e-02 -4.234661e-02 2.094674e-02 4.727284e-01 3.971175e-02
2.086528e-02 6.658360e-01 6.665196e-02 1.496896e-01 2.064377e-02 -4.185561e-01 5.846941e-02 1.095467e-01 1.296506e-02 -2.307798e-02 2.097464e-02 5.247901e-01 6.399951e-02
2.371055e-02 6.531981e-01 4.615636e-02 1.586570e-01 1.277680e-02 -4.229775e-01 3.623433e-02 1.145882e-01 1.283902e-02 -5.068712e-02 8.492457e-03 5.565935e-01 3.233164e-02
2.718810e-02 6.588986e-01 4.945844e-02 1.775583e-01 2.816583e-02 -3.821506e-01 2.465384e-02 1.563774e-01 9.486376e-03 -6.347254e-02 1.644648e-02 4.897612e-01 3.814141e-02
3.129793e-02 7.655526e-01 1.444522e-01 1.695471e-01 4.376059e-02 -4.572834e-01 7.951631e-02 1.582647e-01 2.951180e-02 -6.971956e-02 2.574889e-02 6.660913e-01 6.631460e-02
1.264563e-03 5.937902e-01 5.229134e-02 1.226597e-01 1.872212e-02 -4.649376e-01 4.193248e-02 7.398250e-02 1.291642e-02 -2.152921e-02 1.269194e-02 4.874558e-01 4.898979e-02
1.580703e-03 5.616777e-01 2.171063e-01 1.197969e-01 3.497531e-02 -4.230066e-01 1.854012e-01 7.718740e-02 6.973892e-03 -1.607876e-02 2.918484e-02 4.360525e-01 1.607311e-01
2.529125e-03 4.571791e-01 1.015994e-01 9.314726e-02 9.490800e-03 -3.633131e-01 1.071421e-01 6.453942e-02 4.794040e-04 -6.336460e-03 1.084022e-02 4.051335e-01 1.129338e-01
4.109829e-03 4.259942e-01 6.133394e-02 7.463660e-02 1.459362e-02 -3.419767e-01 5.690935e-02 5.858430e-02 3.646915e-03 4.884984e-03 1.434758e-02 4.011712e-01 6.223296e-02
6.322813e-03 3.615305e-01 5.385919e-02 9.862517e-02 1.647165e-02 -2.279142e-01 4.220904e-02 7.937553e-02 7.025223e-03 1.321218e-02 7.616060e-03 3.015607e-01 4.755875e-02
9.168079e-03 5.417411e-01 6.767288e-02 1.280188e-01 2.005297e-02 -4.027622e-01 6.700528e-02 7.816885e-02 5.357754e-03 -3.982819e-02 2.010982e-02 4.441327e-01 6.488497e-02
1.264563e-02 4.992967e-01 5.567968e-02 1.372136e-01 1.202170e-02 -3.043221e-01 4.884663e-02 9.190185e-02 7.244273e-03 -2.492185e-02 7.287993e-03 3.685477e-01 6.375598e-02
1.675546e-02 5.609619e-01 7.527522e-02 1.465426e-01 1.155557e-02 -3.293055e-01 7.384027e-02 1.129786e-01 1.049346e-02 -1.212742e-02 2.385224e-02 4.156819e-01 6.227096e-02
1.580703e-03 5.469193e-01 9.804679e-02 1.364855e-01 3.278664e-02 -3.949480e-01 7.796036e-02 8.183892e-02 1.139935e-02 -2.856646e-02 2.109889e-02 3.975928e-01 6.679801e-02
1.896844e-03 5.810531e-01 9.552155e-02 1.112852e-01 2.165203e-02 -4.634196e-01 7.430653e-02 7.513183e-02 8.544240e-03 -1.073891e-02 2.654235e-02 4.968215e-01 5.851949e-02
2.845266e-03 3.776652e-01 5.461924e-02 1.029748e-01 2.457997e-02 -2.415637e-01 2.696858e-02 7.814940e-02 1.335397e-02 2.907474e-03 9.946406e-03 2.692835e-01 2.508489e-02
4.425969e-03 9.188679e-01 2.169891e-01 1.790659e-01 3.646176e-02 -7.289790e-01 1.782168e-01 7.677114e-02 7.123574e-03 -8.315195e-02 2.935269e-02 6.939469e-01 1.521961e-01
6.638954e-03 4.569660e-01 7.138028e-02 9.899332e-02 1.371051e-02 -3.465727e-01 5.908704e-02 7.494490e-02 4.406918e-03 -4.970210e-03 9.122207e-03 3.953585e-01 5.827964e-02
9.484220e-03 7.463772e-01 2.197529e-01 1.656982e-01 3.657772e-02 -5.462181e-01 1.965733e-01 8.122464e-02 8.885131e-03 -6.446034e-02 3.033950e-02 5.385154e-01 1.782145e-01
1.296177e-02 6.236056e-01 1.278618e-01 1.525180e-01 3.411945e-02 -4.238395e-01 9.029070e-02 1.044539e-01 1.398800e-02 -2.833586e-02 2.097031e-02 4.904405e-01 7.979840e-02
1.707160e-02 7.742861e-01 1.015736e-01 1.793142e-01 3.728890e-02 -5.156173e-01 7.235138e-02 1.081741e-01 1.451598e-02 -6.289623e-02 2.738959e-02 5.562374e-01 4.656237e-02
2.529125e-03 5.091777e-01 6.490734e-02 1.288814e-01 1.603666e-02 -3.638007e-01 5.971179e-02 8.114625e-02 4.888827e-03 -2.548460e-02 2.069540e-02 3.687066e-01 4.461725e-02
2.845266e-03 6.711767e-01 1.180978e-01 1.341816e-01 2.148459e-02 -5.271779e-01 1.005141e-01 7.710246e-02 7.014048e-03 -3.313583e-02 2.784383e-02 5.360168e-01 7.296796e-02
3.793688e-03 5.692279e-01 1.085644e-01 1.250259e-01 2.677679e-02 -4.288221e-01 9.229747e-02 7.770892e-02 8.941669e-03 -2.553549e-02 2.266269e-02 4.465457e-01 7.903535e-02
5.374391e-03 6.527798e-01 1.982770e-01 1.634386e-01 3.987043e-02 -4.578785e-01 1.706916e-01 8.391438e-02 6.387259e-03 -4.977663e-02 3.997749e-02 4.551822e-01 1.349576e-01
7.587376e-03 9.148691e-01 3.269194e-01 2.252300e-01 8.319133e-02 -6.250146e-01 2.234487e-01 1.018326e-01 2.137173e-02 -9.057551e-02 5.873380e-02 5.707017e-01 1.440822e-01
1.043264e-02 6.339954e-01 7.136412e-02 1.285242e-01 1.352678e-02 -4.578285e-01 6.296956e-02 7.998131e-02 8.854634e-03 -3.084513e-02 8.293378e-03 4.889146e-01 5.792675e-02
1.391019e-02 5.959153e-01 5.415291e-02 1.396912e-01 2.240943e-02 -4.066266e-01 5.030323e-02 8.824236e-02 9.174618e-03 -3.640764e-02 1.017152e-02 4.671584e-01 8.020108e-02
1.802002e-02 7.708508e-01 8.186646e-02 1.934480e-01 2.098551e-02 -4.898807e-01 7.016564e-02 1.192196e-01 3.130163e-03 -6.247422e-02 2.133811e-02 5.349232e-01 6.055204e-02
4.109829e-03 5.667629e-01 1.789239e-01 1.065799e-01 3.637367e-02 -4.457277e-01 1.498384e-01 6.506181e-02 6.995217e-03 -2.454938e-02 2.951748e-02 4.586638e-01 1.273684e-01
4.425969e-03 4.180291e-01 1.090419e-01 8.888614e-02 1.727688e-02 -3.149469e-01 9.751656e-02 6.115483e-02 7.355104e-03 -9.415231e-03 9.953267e-03 3.509266e-01 9.654969e-02
5.374391e-03 4.610686e-01 5.022245e-02 1.108900e-01 1.778108e-02 -3.288550e-01 3.464407e-02 7.698891e-02 9.607249e-03 -1.005356e-02 1.411477e-02 3.632554e-01 3.378924e-02
6.955095e-03 7.231853e-01 1.132656e-01 1.232959e-01 1.803810e-02 -5.872485e-01 1.118545e-01 7.107426e-02 3.649585e-03 -3.261691e-02 1.624390e-02 6.188914e-01 1.147844e-01
9.168079e-03 5.597493e-01 5.224795e-02 1.183079e-01 9.279805e-03 -3.934064e-01 5.038961e-02 7.517480e-02 6.830973e-03 -2.258893e-02 5.546302e-03 4.148343e-01 5.633941e-02
1.201335e-02 5.916728e-01 4.123833e-02 1.221805e-01 1.552530e-02 -4.133794e-01 4.457248e-02 8.295992e-02 6.141982e-03 -2.423067e-02 1.340037e-02 4.610676e-01 5.686640e-02
1.549089e-02 7.128333e-01 6.521054e-02 1.665384e-01 2.566299e-02 -4.895693e-01 2.051040e-02 9.965144e-02 1.105769e-02 -7.620152e-02 9.995827e-03 4.699588e-01 1.004313e-02
1.960072e-02 6.451100e-01 6.739795e-02 1.563858e-01 2.279426e-02 -3.979229e-01 5.897540e-02 1.164017e-01 9.011798e-03 -3.323302e-02 1.750155e-02 5.029156e-01 5.704109e-02
6.322813e-03 6.206149e-01 1.670314e-01 1.427531e-01 3.049225e-02 -4.453237e-01 1.271969e-01 8.809080e-02 3.058351e-03 -2.645110e-02 2.721456e-02 4.709663e-01 9.671494e-02
6.638954e-03 6.517305e-01 1.254763e-01 1.484560e-01 3.316775e-02 -4.650917e-01 8.826951e-02 8.255562e-02 9.963431e-03 -3.947121e-02 2.303362e-02 4.627436e-01 6.539062e-02
7.587376e-03 6.346991e-01 1.221847e-01 1.532089e-01 2.248423e-02 -4.426271e-01 9.702929e-02 9.536373e-02 7.367885e-03 -2.570895e-02 1.514144e-02 4.939499e-01 8.265195e-02
9.168079e-03 5.646090e-01 1.355799e-01 1.246100e-01 3.410690e-02 -3.898136e-01 1.021265e-01 7.941411e-02 1.085793e-02 -2.245909e-02 1.986195e-02 4.275237e-01 8.243264e-02
1.138106e-02 5.879858e-01 9.207766e-02 1.363924e-01 1.704921e-02 -4.006235e-01 7.020957e-02 9.405108e-02 1.014131e-02 -2.177373e-02 2.506989e-02 4.379382e-01 4.062606e-02
1.422633e-02 8.276793e-01 1.606843e-01 1.867338e-01 4.595703e-02 -5.590188e-01 1.149143e-01 9.525471e-02 1.346339e-02 -7.305122e-02 3.525441e-02 5.588348e-01 9.396581e-02
1.770388e-02 5.464797e-01 8.066412e-02 1.278864e-01 2.646782e-02 -3.770301e-01 6.750948e-02 9.209716e-02 7.587041e-03 -3.052945e-02 1.944921e-02 4.834364e-01 5.962576e-02
2.181371e-02 6.229671e-01 3.687790e-02 1.845897e-01 1.599392e-02 -3.680812e-01 2.535197e-02 1.414481e-01 6.827801e-03 -4.355881e-02 1.509813e-02 4.699839e-01 4.872199e-02
9.168079e-03 6.767904e-01 1.087750e-01 1.572092e-01 1.602711e-02 -4.639273e-01 9.447015e-02 9.137595e-02 8.987856e-03 -4.519393e-02 1.149209e-02 4.638228e-01 8.237146e-02
9.484220e-03 6.555156e-01 9.233349e-02 1.550964e-01 1.685124e-02 -4.630609e-01 7.832263e-02 9.929436e-02 6.309162e-03 -3.692345e-02 2.144993e-02 4.819935e-01 6.146290e-02
1.043264e-02 6.383135e-01 1.255187e-01 1.451910e-01 1.757041e-02 -4.389246e-01 1.145343e-01 8.146503e-02 5.443094e-03 -4.830153e-02 1.823870e-02 4.374761e-01 1.020562e-01
1.201335e-02 5.679317e-01 8.117209e-02 1.316239e-01 9.295007e-03 -3.926137e-01 9.237146e-02 8.398620e-02 5.187852e-03 -2.766232e-02 7.549017e-03 4.466722e-01 1.009751e-01
1.422633e-02 8.893956e-01 1.493715e-01 1.881018e-01 4.137685e-02 -5.741149e-01 1.014027e-01 1.018476e-01 1.229170e-02 -6.280674e-02 2.578842e-02 5.337897e-01 6.589401e-02
1.707160e-02 6.056550e-01 1.182216e-01 1.380330e-01 4.529178e-02 -4.142464e-01 6.704658e-02 8.816881e-02 1.395597e-02 -5.163117e-02 2.639895e-02 4.701014e-01 4.143570e-02
2.054914e-02 5.810522e-01 7.010717e-02 1.370387e-01 2.586575e-02 -3.664131e-01 4.332618e-02 1.017574e-01 5.843138e-03 -2.598292e-02 1.832517e-02 4.895398e-01 3.810056e-02
2.465897e-02 6.950719e-01 5.298800e-02 1.653477e-01 2.474054e-02 -4.408939e-01 3.846978e-02 1.275098e-01 1.833474e-02 -6.475437e-02 1.307377e-02 5.587252e-01 3.845379e-02
1.264563e-02 5.199677e-01 6.757060e-02 1.111339e-01 1.730728e-02 -3.654720e-01 6.554540e-02 8.967383e-02 3.485750e-03 -1.313883e-02 1.669902e-02 4.095877e-01 7.854003e-02
1.296177e-02 7.932317e-01 1.110694e-01 2.189580e-01 3.504656e-02 -4.665048e-01 9.959950e-02 1.252558e-01 2.003487e-02 -4.405418e-02 2.025938e-02 5.101175e-01 8.728121e-02
1.391019e-02 7.100996e-01 9.572770e-02 1.258304e-01 2.368132e-02 -5.292065e-01 7.575487e-02 7.701902e-02 1.004047e-02 -3.888947e-02 1.306369e-02 5.631285e-01 7.339676e-02
1.549089e-02 5.923504e-01 7.298999e-02 1.005976e-01 5.297672e-03 -4.518317e-01 6.760182e-02 7.301317e-02 6.347858e-03 -1.604769e-02 1.637106e-02 5.382704e-01 6.060837e-02
1.770388e-02 6.291501e-01 9.115163e-02 1.503804e-01 3.269754e-02 -4.126196e-01 8.428378e-02 1.073992e-01 1.127831e-02 -3.913832e-02 1.930295e-02 5.048113e-01 9.276919e-02
2.054914e-02 6.802903e-01 5.216869e-02 1.430209e-01 1.390517e-02 -4.869799e-01 6.643924e-02 1.062126e-01 5.507030e-03 -4.614359e-02 1.112510e-02 6.109394e-01 8.643901e-02
2.402669e-02 6.205483e-01 9.998337e-02 1.451528e-01 4.188492e-02 -3.273317e-01 5.366947e-02 1.203930e-01 2.189212e-02 -2.568443e-02 1.677749e-02 4.605920e-01 4.769441e-02
2.813652e-02 8.128214e-01 1.080425e-01 1.700034e-01 9.696025e-03 -5.257722e-01 9.580829e-02 1.482999e-01 6.102879e-03 -6.528550e-02 2.246409e-02 6.048029e-01 6.945548e-02
1.675546e-02 7.023193e-01 9.966566e-02 1.721078e-01 2.219304e-02 -4.431523e-01 8.364083e-02 1.101114e-01 1.263781e-02 -4.495443e-02 1.579447e-02 4.795419e-01 8.930990e-02
1.707160e-02 6.439922e-01 5.931408e-02 1.447342e-01 2.162721e-02 -4.261023e-01 6.936415e-02 9.381935e-02 9.622632e-03 -3.533275e-02 8.039464e-03 5.065039e-01 7.517652e-02
1.802002e-02 5.748281e-01 9.562053e-02 1.427031e-01 3.731418e-02 -3.308945e-01 6.737915e-02 1.063478e-01 5.118852e-03 -1.412281e-02 2.517571e-02 4.157401e-01 5.066210e-02
1.960072e-02 7.413531e-01 7.314314e-02 1.880696e-01 1.453934e-02 -4.499918e-01 6.544135e-02 1.351014e-01 7.938919e-03 -5.287759e-02 1.063974e-02 4.865944e-01 8.622060e-02
2.181371e-02 6.593076e-01 7.982790e-02 1.297199e-01 2.091646e-02 -4.439144e-01 6.331535e-02 1.082014e-01 8.816945e-03 -3.307907e-02 2.577367e-02 5.835428e-01 4.032858e-02
2.465897e-02 6.929396e-01 6.599313e-02 1.465396e-01 2.701340e-02 -5.032873e-01 8.060355e-02 1.317960e-01 1.872625e-02 -4.303367e-02 1.689702e-02 6.554578e-01 9.105060e-02
2.813652e-02 7.751858e-01 4.325322e-02 1.462592e-01 1.032245e-02 -5.040861e-01 3.641447e-02 1.244760e-01 1.484570e-02 -3.846816e-02 6.611974e-03 6.838560e-01 3.174837e-02
3.224635e-02 6.519198e-01 6.291746e-02 1.385455e-01 2.314852e-02 -4.006708e-01 6.225481e-02 1.501864e-01 1.268119e-02 -3.806570e-02 2.177039e-02 6.636492e-01 5.524891e-02
2.845266e-03 4.242925e-01 4.540205e-02 9.966397e-02 1.611170e-02 -3.044893e-01 4.711816e-02 7.189023e-02 1.104544e-02 -4.626909e-03 8.754582e-03 3.354977e-01 4.697826e-02
3.161407e-03 5.811093e-01 4.409895e-02 1.211235e-01 2.199820e-02 -4.557748e-01 2.113912e-02 7.358146e-02 3.369861e-03 -2.628975e-02 2.073602e-02 4.776615e-01 2.439503e-02
4.109829e-03 5.796243e-01 1.500037e-01 1.280318e-01 4.044565e-02 -4.325728e-01 1.029704e-01 7.251165e-02 1.100957e-02 -3.335166e-02 2.668982e-02 4.412347e-01 7.605828e-02
5.690532e-03 5.297765e-01 9.750265e-02 1.281783e-01 2.193455e-02 -3.820635e-01 7.403520e-02 7.669484e-02 8.440613e-03 -3.475732e-02 1.472744e-02 3.935661e-01 6.574568e-02
7.903517e-03 4.847739e-01 7.503442e-02 1.107892e-01 2.059673e-02 -3.372699e-01 5.528746e-02 7.543538e-02 7.641436e-03 -1.751516e-02 1.320631e-02 3.807055e-01 4.883223e-02
1.074878e-02 6.856526e-01 1.069179e-01 1.282959e-01 2.320454e-02 -5.288901e-01 9.608091e-02 8.547702e-02 9.150066e-03 -2.273727e-02 1.418724e-02 5.810224e-01 9.188472e-02
1.422633e-02 6.445144e-01 9.100967e-02 1.487357e-01 2.936543e-02 -4.628350e-01 7.325830e-02 9.687610e-02 8.725490e-03 -4.978993e-02 2.499083e-02 5.024083e-01 5.266802e-02
1.833616e-02 7.426439e-01 9.586340e-02 1.806189e-01 1.751311e-02 -5.123875e-01 8.129296e-02 1.097778e-01 4.928460e-03 -6.215561e-02 1.545890e-02 6.104302e-01 6.377915e-02
3.161407e-03 3.822964e-01 6.903655e-02 1.024880e-01 2.323666e-02 -2.558695e-01 4.393118e-02 6.554270e-02 7.376818e-03 -1.722070e-02 1.511502e-02 2.646599e-01 3.792370e-02
3.477547e-03 9.727112e-01 3.510307e-01 1.864162e-01 5.896557e-02 -7.824331e-01 3.081260e-01 8.440704e-02 9.720074e-03 -7.830922e-02 5.261270e-02 7.619196e-01 2.676635e-01
4.425969e-03 5.119856e-01 2.010230e-01 1.253967e-01 4.229652e-02 -3.487425e-01 1.551919e-01 7.923871e-02 1.315435e-02 -2.143205e-02 2.892921e-02 3.542160e-01 1.334382e-01
6.006673e-03 5.754954e-01 8.572818e-02 1.497167e-01 1.768699e-02 -3.830146e-01 7.239934e-02 8.343732e-02 3.596193e-03 -4.360531e-02 1.808125e-02 3.645728e-01 5.467666e-02
8.219657e-03 5.271557e-01 6.410395e-02 1.266147e-01 1.136144e-02 -3.390647e-01 5.448570e-02 8.060446e-02 4.228520e-03 -1.940122e-02 8.221771e-03 3.454218e-01 4.602882e-02
1.106492e-02 7.411884e-01 1.060421e-01 1.887883e-01 3.515746e-02 -4.694758e-01 7.341827e-02 1.001980e-01 1.731952e-02 -5.900644e-02 2.151425e-02 4.696422e-01 6.078273e-02
1.454247e-02 6.423916e-01 9.087769e-02 1.445378e-01 1.400601e-02 -4.440295e-01 7.794818e-02 8.577190e-02 6.956200e-03 -5.494832e-02 1.699637e-02 4.721108e-01 7.863711e-02
1.865230e-02 6.445795e-01 7.067649e-02 1.467539e-01 1.577217e-02 -4.303322e-01 5.206856e-02 9.722561e-02 9.134101e-03 -4.725936e-02 1.094382e-02 5.047523e-01 4.023814e-02
4.109829e-03 5.579619e-01 1.569364e-01 1.346492e-01 3.102746e-02 -4.122411e-01 1.332602e-01 7.358614e-02 1.147555e-02 -4.415153e-02 2.145804e-02 4.084584e-01 1.165343e-01
4.425969e-03 5.197966e-01 9.836755e-02 1.229191e-01 1.849802e-02 -3.656179e-01 8.015574e-02 7.991207e-02 7.148935e-03 -1.383778e-02 1.407668e-02 3.934641e-01 6.706649e-02
5.374391e-03 4.142723e-01 8.643160e-02 1.152836e-01 1.943335e-02 -2.477211e-01 6.628227e-02 7.797608e-02 9.770598e-03 -7.775013e-03 9.664445e-03 2.704186e-01 6.039221e-02
6.955095e-03 7.002896e-01 4.929226e-02 1.645822e-01 1.684138e-02 -4.867270e-01 4.565811e-02 9.178102e-02 4.881496e-03 -4.644160e-02 1.405869e-02 4.782111e-01 5.053614e-02
9.168079e-03 6.040840e-01 1.072681e-01 1.351770e-01 1.920013e-02 -4.237362e-01 9.634746e-02 8.408090e-02 3.710663e-03 -3.616281e-02 1.940792e-02 4.250388e-01 8.529866e-02
1.201335e-02 5.073236e-01 3.558296e-02 1.184758e-01 1.390174e-02 -3.312099e-01 2.268286e-02 7.885812e-02 5.021319e-03 -2.159315e-02 1.235536e-02 3.710322e-01 3.097944e-02
1.549089e-02 6.276510e-01 8.566388e-02 1.440211e-01 1.801177e-02 -3.920219e-01 7.413633e-02 9.769627e-02 9.157085e-03 -2.702834e-02 1.890643e-02 4.172087e-01 5.324079e-02
1.960072e-02 6.299692e-01 8.951001e-02 1.444229e-01 1.776900e-02 -3.991324e-01 6.887516e-02 1.074780e-01 5.839846e-03 -3.537939e-02 1.824348e-02 4.263218e-01 3.904913e-02
5.690532e-03 5.722362e-01 1.165168e-01 1.102742e-01 2.407277e-02 -4.509983e-01 1.114194e-01 6.315314e-02 4.405744e-03 -2.781803e-02 2.150403e-02 4.842229e-01 1.036950e-01
6.006673e-03 7.273058e-01 7.198049e-02 1.608648e-01 2.882061e-02 -5.446139e-01 7.211334e-02 8.110160e-02 1.189995e-02 -6.182909e-02 1.183814e-02 5.294853e-01 8.275461e-02
6.955095e-03 7.198210e-01 2.045841e-01 1.334223e-01 4.772531e-02 -5.538609e-01 1.624475e-01 7.294252e-02 1.311972e-02 -4.247270e-02 3.660717e-02 5.500244e-01 1.279276e-01
8.535798e-03 6.217008e-01 4.433942e-02 1.532660e-01 1.007072e-02 -4.243943e-01 5.499297e-02 8.243248e-02 4.641839e-03 -4.778596e-02 1.641982e-02 4.256345e-01 4.503319e-02
1.074878e-02 6.558938e-01 1.054013e-01 1.446952e-01 2.560222e-02 -4.887798e-01 1.026731e-01 8.173094e-02 7.385231e-03 -5.145919e-02 1.677431e-02 4.990604e-01 1.109360e-01
1.359405e-02 8.139776e-01 4.207228e-02 1.839746e-01 2.653484e-02 -5.856478e-01 6.605064e-02 9.673716e-02 1.065334e-02 -6.850992e-02 1.278712e-02 6.207781e-01 9.082698e-02
1.707160e-02 5.198362e-01 5.483524e-02 9.126266e-02 1.756728e-02 -3.625392e-01 4.046890e-02 8.331245e-02 3.868450e-03 -8.083103e-03 1.570623e-02 4.402334e-01 5.371507e-02
2.118142e-02 7.483298e-01 5.530489e-02 1.592458e-01 3.171842e-03 -5.526933e-01 5.299308e-02 1.141788e-01 5.639710e-03 -6.085518e-02 1.720117e-02 6.708804e-01 6.930434e-02
7.903517e-03 6.179927e-01 8.616294e-02 1.658623e-01 2.429457e-02 -4.165066e-01 6.805506e-02 9.667860e-02 1.220874e-02 -4.411468e-02 1.792463e-02 4.216935e-01 5.968573e-02
8.219657e-03 4.971504e-01 9.109653e-02 1.087270e-01 1.570574e-02 -3.619355e-01 7.680716e-02 8.265256e-02 9.961580e-03 -5.292898e-03 9.820097e-03 4.297051e-01 6.743851e-02
9.168079e-03 6.460993e-01 5.307722e-02 1.429437e-01 1.160722e-02 -4.623219e-01 6.187314e-02 7.127191e-02 3.802520e-03 -5.297528e-02 8.386903e-03 4.615611e-01 6.674826e-02
1.074878e-02 6.861478e-01 1.046622e-01 1.499653e-01 2.107302e-02 -4.829076e-01 7.891050e-02 8.205503e-02 8.898796e-03 -4.384684e-02 1.210096e-02 4.950823e-01 6.136015e-02
1.296177e-02 5.098106e-01 5.888350e-02 1.245336e-01 1.707740e-02 -3.475426e-01 4.093389e-02 9.341812e-02 8.257565e-03 -2.305720e-02 1.142104e-02 3.877603e-01 3.766398e-02
1.580703e-02 7.844233e-01 6.338937e-02 1.864712e-01 2.707141e-02 -5.102018e-01 3.700882e-02 1.113513e-01 1.087555e-02 -6.608702e-02 7.725852e-03 5.036528e-01 4.704856e-02
1.928458e-02 7.124501e-01 5.721596e-02 1.583581e-01 1.806817e-02 -4.842884e-01 6.579237e-02 1.221920e-01 9.954457e-03 -2.547623e-02 2.091073e-02 5.743822e-01 8.538013e-02
2.339441e-02 6.809080e-01 8.200537e-02 1.319446e-01 2.217639e-02 -4.345401e-01 5.455891e-02 1.033584e-01 1.329619e-02 -4.522047e-02 1.449338e-02 5.154802e-01 3.704821e-02
1.074878e-02 9.604642e-01 2.569205e-01 1.882786e-01 4.000670e-02 -7.411094e-01 2.323860e-01 1.044294e-01 8.499617e-03 -6.329652e-02 3.808187e-02 7.666457e-01 1.969204e-01
1.106492e-02 6.239246e-01 9.004891e-02 1.274695e-01 2.002583e-02 -4.610954e-01 7.073681e-02 8.668248e-02 7.029087e-03 -2.537489e-02 1.496636e-02 5.031731e-01 6.092039e-02
1.201335e-02 4.939608e-01 5.384928e-02 1.138798e-01 1.002246e-02 -3.253425e-01 6.312175e-02 8.926959e-02 9.236114e-03 -8.115791e-03 5.969823e-03 3.773593e-01 6.024631e-02
1.359405e-02 5.588283e-01 7.815663e-02 1.318886e-01 2.219874e-02 -3.749306e-01 5.575402e-02 8.627932e-02 3.841926e-03 -2.504316e-02 2.003612e-02 4.267177e-01 3.435402e-02
1.580703e-02 5.417626e-01 7.255402e-02 1.445299e-01 3.026764e-02 -3.129418e-01 3.823317e-02 9.850921e-02 1.145440e-02 -2.696356e-02 1.744413e-02 3.726502e-01 2.129907e-02
1.865230e-02 7.210557e-01 1.353340e-01 1.798026e-01 4.517356e-02 -4.479737e-01 8.820283e-02 1.070476e-01 1.039532e-02 -6.636737e-02 3.200150e-02 4.774176e-01 5.747060e-02
2.212985e-02 6.780989e-01 5.369193e-02 1.472822e-01 1.788438e-02 -4.790125e-01 3.822300e-02 1.136866e-01 6.411716e-03 -3.499554e-02 1.689598e-02 6.321493e-01 5.125534e-02
2.623967e-02 5.619772e-01 2.739576e-02 1.617579e-01 1.325813e-02 -2.979008e-01 2.840291e-02 1.356725e-01 1.282333e-02 -4.303658e-02 1.594200e-02 4.053891e-01 2.905050e-02
1.422633e-02 6.948619e-01 1.544585e-01 1.561504e-01 3.202992e-02 -4.709454e-01 1.301800e-01 8.839980e-02 1.423984e-02 -4.878167e-02 2.392437e-02 4.908162e-01 1.073657e-01
1.454247e-02 6.459091e-01 7.820634e-02 1.582784e-01 1.788188e-02 -4.269995e-01 8.823435e-02 9.630086e-02 9.599246e-03 -4.306496e-02 5.306553e-03 4.668102e-01 1.108138e-01
1.549089e-02 6.230892e-01 8.300949e-02 1.517789e-01 2.846195e-02 -4.121733e-01 3.726315e-02 9.512434e-02 1.035216e-02 -4.342469e-02 1.695989e-02 4.423836e-01 2.008857e-02
1.707160e-02 7.769407e-01 4.179278e-02 1.722404e-01 1.889989e-02 -5.281292e-01 5.032559e-02 1.118463e-01 9.737263e-03 -5.386713e-02 1.813691e-02 5.665795e-01 5.393903e-02
1.928458e-02 6.666549e-01 2.194172e-02 1.822272e-01 2.613519e-03 -3.926303e-01 2.814035e-02 1.159284e-01 5.246253e-03 -5.903323e-02 7.235020e-03 4.397509e-01 4.066091e-02
2.212985e-02 5.732743e-01 8.652226e-02 1.351044e-01 2.493579e-02 -3.453457e-01 6.104654e-02 1.154991e-01 9.826648e-03 -2.050750e-02 2.887105e-02 4.787757e-01 4.227452e-02
2.560739e-02 6.652713e-01 7.433816e-02 1.774567e-01 7.569267e-03 -4.268613e-01 8.265319e-02 1.372492e-01 1.613279e-02 -5.788020e-02 2.592039e-02 5.741169e-01 7.436086e-02
2.971722e-02 6.401290e-01 7.653637e-02 1.319850e-01 2.469094e-02 -3.991291e-01 5.566347e-02 1.498235e-01 1.409832e-02 -2.473720e-02 2.029650e-02 6.110583e-01 6.004972e-02
1.833616e-02 6.706559e-01 1.267017e-01 1.523379e-01 2.690927e-02 -4.456657e-01 9.956051e-02 1.214195e-01 1.440268e-02 -2.012087e-03 2.135713e-02 5.660829e-01 7.739351e-02
1.865230e-02 6.010233e-01 3.426275e-02 1.054163e-01 1.496962e-02 -4.326574e-01 2.548954e-02 9.221674e-02 1.533120e-02 -1.325949e-02 1.856873e-02 5.353204e-01 4.123406e-02
1.960072e-02 7.585942e-01 1.344905e-01 1.683497e-01 2.686308e-02 -5.170410e-01 1.216724e-01 1.103018e-01 1.075045e-02 -4.451242e-02 2.713759e-02 6.201833e-01 1.002068e-01
2.118142e-02 7.769951e-01 1.719184e-01 1.763670e-01 4.157414e-02 -5.282454e-01 1.267667e-01 1.157971e-01 8.297669e-03 -5.328844e-02 4.318533e-02 6.292803e-01 9.521771e-02
2.339441e-02 5.783018e-01 7.907843e-02 1.351181e-01 2.496225e-02 -3.087750e-01 5.253329e-02 1.326564e-01 9.199687e-03 -1.291050e-02 1.973673e-02 4.139927e-01 4.486324e-02
2.623967e-02 7.249063e-01 3.356118e-02 1.459336e-01 2.011462e-02 -4.369006e-01 3.477725e-02 1.351188e-01 1.656539e-02 3.205821e-03 1.176308e-02 6.113373e-01 2.435309e-02
2.971722e-02 6.431828e-01 8.286950e-02 1.656114e-01 2.464396e-02 -3.562505e-01 5.340058e-02 1.395034e-01 9.997243e-03 -4.708988e-02 2.628303e-02 4.910488e-01 3.787397e-02
3.382705e-02 7.108503e-01 6.172263e-02 1.913368e-01 2.591160e-02 -4.507794e-01 7.487464e-02 1.922148e-01 2.347837e-02 -8.615796e-02 3.161445e-02 7.357813e-01 9.953585e-02
5.058251e-03 7.491573e-01 7.328098e-02 1.452945e-01 2.586705e-02 -5.713051e-01 4.855904e-02 8.224351e-02 8.741691e-03 -4.294660e-02 2.169442e-02 5.618891e-01 3.087683e-02
5.374391e-03 5.320810e-01 1.305733e-01 1.171785e-01 2.590230e-02 -3.961789e-01 1.027277e-01 6.994991e-02 7.066294e-03 -2.826001e-02 1.853817e-02 4.151892e-01 8.839198e-02
6.322813e-03 4.214766e-01 6.052191e-02 9.871828e-02 1.590352e-02 -2.898145e-01 4.950671e-02 7.076647e-02 7.763162e-03 -4.575316e-03 6.604157e-03 3.284650e-01 5.484460e-02
7.903517e-03 8.595766e-01 1.529009e-01 1.936728e-01 3.507963e-02 -6.486542e-01 1.080810e-01 9.813314e-02 1.164332e-02 -8.213189e-02 2.388944e-02 6.334052e-01 8.331041e-02
1.011650e-02 6.716119e-01 1.122578e-01 1.466965e-01 1.298220e-02 -5.088683e-01 1.181997e-01 9.298245e-02 8.936390e-03 -3.320399e-02 1.219740e-02 5.785504e-01 1.219973e-01
1.296177e-02 6.272576e-01 9.312083e-02 1.133170e-01 2.983016e-02 -4.861083e-01 5.114417e-02 7.602422e-02 9.385549e-03 -2.793866e-02 1.857025e-02 5.623040e-01 7.336574e-02
1.643931e-02 6.623895e-01 4.710700e-02 1.820030e-01 2.036952e-02 -4.291206e-01 4.475438e-02 9.778153e-02 8.941021e-03 -6.758127e-02 1.417816e-02 5.023719e-01 4.534002e-02
2.054914e-02 7.442059e-01 8.633606e-02 1.585333e-01 1.360467e-02 -5.108282e-01 7.071893e-02 1.162465e-01 9.507163e-03 -3.641740e-02 1.328814e-02 6.061021e-01 3.612647e-02
5.374391e-03 6.244099e-01 7.872131e-02 1.320547e-01 2.488024e-02 -4.592762e-01 4.854178e-02 7.118227e-02 6.674863e-03 -3.569729e-02 2.011198e-02 4.710547e-01 2.287853e-02
5.690532e-03 4.983702e-01 5.131548e-02 1.043671e-01 1.175795e-02 -3.887368e-01 5.825847e-02 6.889119e-02 2.729793e-03 -1.653658e-02 1.678919e-02 4.362054e-01 7.133080e-02
6.638954e-03 5.055522e-01 7.382891e-02 1.313493e-01 1.069112e-02 -3.273156e-01 7.974669e-02 8.614883e-02 8.255255e-03 -1.632072e-02 1.176889e-02 3.505050e-01 7.554773e-02
8.219657e-03 5.742555e-01 8.825448e-02 1.297793e-01 2.553680e-02 -4.123863e-01 6.975420e-02 8.418247e-02 9.756892e-03 -2.276912e-02 1.908514e-02 4.589999e-01 6.096291e-02
1.043264e-02 5.658695e-01 5.241056e-02 1.260325e-01 1.517761e-02 -3.742281e-01 4.159280e-02 7.995276e-02 5.912277e-03 -2.320543e-02 8.785987e-03 4.129111e-01 4.214010e-02
1.327791e-02 8.208823e-01 1.257513e-01 1.701526e-01 4.081688e-02 -5.910203e-01 8.139892e-02 8.543103e-02 1.260149e-02 -6.840599e-02 2.809662e-02 5.920076e-01 6.005735e-02
1.675546e-02 6.672279e-01 1.370758e-01 1.342250e-01 2.697828e-02 -4.750331e-01 1.133497e-01 9.129606e-02 3.704415e-03 -3.275253e-02 1.902958e-02 5.382869e-01 1.093691e-01
2.086528e-02 7.312126e-01 8.870520e-02 1.531554e-01 1.753472e-02 -5.302761e-01 7.943830e-02 1.134373e-01 7.885873e-03 -6.391160e-02 1.757508e-02 6.074650e-01 7.824627e-02
6.322813e-03 7.135936e-01 8.792952e-02 1.525773e-01 1.165944e-02 -5.211606e-01 8.654558e-02 7.886611e-02 2.570520e-03 -4.768531e-02 8.051641e-03 5.200562e-01 8.367191e-02
6.638954e-03 6.320109e-01 1.482404e-01 1.470474e-01 2.495171e-02 -4.630057e-01 1.220694e-01 8.648871e-02 5.071375e-03 -4.347392e-02 2.304118e-02 4.629933e-01 9.773464e-02
7.587376e-03 4.008739e-01 5.063378e-02 9.410381e-02 1.114525e-02 -2.957997e-01 4.951796e-02 6.211086e-02 5.288903e-03 -1.730741e-02 9.747654e-03 3.360158e-01 4.413720e-02
9.168079e-03 4.991774e-01 3.208209e-02 1.223127e-01 1.208028e-02 -3.561248e-01 3.080080e-02 8.116437e-02 6.468331e-03 -2.618158e-02 1.236364e-02 4.060806e-01 3.863513e-02
1.138106e-02 6.337450e-01 1.283907e-01 1.185812e-01 1.861414e-02 -4.394443e-01 1.192705e-01 7.464176e-02 9.364832e-03 -2.160672e-02 1.312050e-02 4.661221e-01 1.114316e-01
1.422633e-02 4.960013e-01 4.294360e-02 1.089971e-01 1.888974e-02 -3.229193e-01 2.194985e-02 7.754380e-02 9.447776e-03 -2.203091e-02 1.256438e-02 3.752218e-01 1.989457e-02
1.770388e-02 5.734868e-01 5.920585e-02 1.392169e-01 1.538746e-02 -3.626373e-01 5.205977e-02 9.587373e-02 9.059068e-03 -3.619529e-02 1.092537e-02 4.210368e-01 4.602677e-02
2.181371e-02 6.951331e-01 5.013657e-02 1.492085e-01 1.205043e-02 -4.454134e-01 4.965094e-02 1.038702e-01 6.256279e-03 -5.224313e-02 1.108061e-02 5.185961e-01 4.793426e-02
7.903517e-03 5.156551e-01 8.717264e-02 1.130184e-01 1.932001e-02 -3.628625e-01 1.028544e-01 7.516112e-02 6.820998e-03 -1.989107e-02 8.459854e-03 3.877563e-01 1.257341e-01
8.219657e-03 6.285669e-01 1.195170e-01 1.380416e-01 3.065517e-02 -4.547190e-01 9.001991e-02 8.136945e-02 1.015891e-02 -4.667193e-02 2.413675e-02 4.583282e-01 6.779374e-02
9.168079e-03 5.200668e-01 7.095578e-02 1.277873e-01 2.117949e-02 -3.649010e-01 5.390014e-02 8.236252e-02 1.018878e-02 -2.953766e-02 1.116623e-02 3.803046e-01 5.552509e-02
1.074878e-02 6.593470e-01 3.961006e-02 1.477488e-01 1.239655e-02 -4.741020e-01 3.135011e-02 9.715049e-02 1.215940e-02 -3.091865e-02 1.392080e-02 5.141767e-01 3.571899e-02
1.296177e-02 6.793290e-01 7.277651e-02 1.477858e-01 1.119158e-02 -4.546810e-01 8.176115e-02 8.934222e-02 3.710741e-03 -3.995899e-02 1.333397e-02 4.746121e-01 8.698443e-02
1.580703e-02 7.073738e-01 1.789123e-01 1.601279e-01 2.820569e-02 -4.904533e-01 1.406594e-01 1.015219e-01 1.250470e-02 -5.164294e-02 2.600904e-02 5.245419e-01 1.098487e-01
1.928458e-02 6.307226e-01 7.236603e-02 1.371815e-01 1.571561e-02 -4.342776e-01 6.768594e-02 1.016039e-01 1.231440e-02 -4.344916e-02 1.558423e-02 4.926557e-01 8.039637e-02
2.339441e-02 7.449810e-01 1.061215e-01 1.701090e-01 3.467813e-02 -4.619824e-01 5.680217e-02 1.362934e-01 1.024226e-02 -4.581438e-02 3.024017e-02 5.248794e-01 5.484287e-02
1.011650e-02 1.025752e+00 2.342857e-01 1.913210e-01 3.490427e-02 -8.073980e-01 2.072831e-01 9.283317e-02 6.388475e-03 -8.070894e-02 3.187818e-02 8.025740e-01 1.754820e-01
1.043264e-02 6.326687e-01 4.787407e-02 1.273298e-01 2.027246e-02 -4.621988e-01 4.231628e-02 8.516020e-02 7.575452e-03 -2.598761e-02 1.180040e-02 5.012503e-01 4.952630e-02
1.138106e-02 8.281708e-01 1.912096e-01 1.706525e-01 5.168463e-02 -5.979392e-01 1.111748e-01 9.046750e-02 1.151439e-02 -6.447658e-02 3.293256e-02 5.861838e-01 6.413759e-02
1.296177e-02 7.910420e-01 1.220660e-01 1.630082e-01 2.424432e-02 -5.718048e-01 8.872247e-02 9.684463e-02 9.269568e-03 -4.840496e-02 2.135481e-02 5.917395e-01 5.402866e-02
1.517475e-02 6.275389e-01 6.810449e-02 1.447583e-01 1.474669e-02 -3.948916e-01 6.579542e-02 1.041401e-01 1.979681e-03 -2.024682e-02 1.354557e-02 4.767622e-01 6.503771e-02
1.802002e-02 6.501718e-01 6.456616e-02 1.255171e-01 6.632386e-03 -4.053634e-01 3.681582e-02 8.804129e-02 5.815249e-03 -2.600294e-02 1.187631e-02 4.403604e-01 5.217714e-02
2.149756e-02 6.841344e-01 5.738092e-02 1.509344e-01 1.998328e-02 -4.890272e-01 6.706610e-02 1.071341e-01 6.916242e-03 -4.968581e-02 1.885452e-02 6.427247e-01 4.250663e-02
2.560739e-02 7.158789e-01 6.927893e-02 1.470114e-01 1.146507e-02 -4.487082e-01 4.978724e-02 1.070626e-01 2.892670e-03 -5.493327e-02 1.359214e-02 6.031985e-01 7.271328e-02
1.296177e-02 6.474640e-01 7.359388e-02 1.485341e-01 1.622010e-02 -4.613792e-01 5.570836e-02 8.663227e-02 3.107539e-03 -4.721948e-02 1.706944e-02 4.839564e-01 4.909373e-02
1.327791e-02 5.865910e-01 1.151899e-01 1.238242e-01 1.792415e-02 -3.951428e-01 8.426402e-02 9.158092e-02 8.902825e-03 -1.015189e-02 1.829718e-02 4.658085e-01 4.927374e-02
1.422633e-02 6.104989e-01 6.272301e-02 1.447070e-01 1.987401e-02 -3.878529e-01 2.439043e-02 9.602508e-02 1.338258e-02 -4.153337e-02 1.152150e-02 4.239340e-01 2.147739e-02
1.580703e-02 5.947100e-01 1.616988e-01 1.724964e-01 5.109096e-02 -3.718546e-01 1.092796e-01 9.999233e-02 1.562001e-02 -7.333988e-02 3.350845e-02 3.724283e-01 7.945307e-02
1.802002e-02 6.399089e-01 8.537175e-02 1.665888e-01 1.861293e-02 -4.054479e-01 5.252159e-02 1.092093e-01 2.765448e-03 -5.563809e-02 1.275214e-02 4.545065e-01 4.471403e-02
2.086528e-02 5.790316e-01 6.109546e-02 1.492168e-01 2.327081e-02 -3.489855e-01 3.764504e-02 1.104811e-01 1.125173e-02 -4.663497e-02 1.948218e-02 4.604245e-01 2.516613e-02
2.434283e-02 6.425964e-01 8.382571e-02 1.474085e-01 2.119878e-02 -4.235166e-01 6.303058e-02 1.142361e-01 1.298535e-02 -4.343621e-02 5.137309e-03 5.170963e-01 4.520633e-02
2.845266e-02 6.399905e-01 7.941559e-02 1.372088e-01 1.676415e-02 -4.305597e-01 6.120385e-02 1.223445e-01 8.163481e-03 -4.811737e-02 1.721957e-02 6.508741e-01 6.567038e-02
1.643931e-02 5.776508e-01 4.799639e-02 1.308431e-01 2.729399e-02 -4.315795e-01 3.727952e-02 1.026764e-01 8.324967e-03 -1.693134e-02 2.344428e-02 5.590435e-01 3.408506e-02
1.675546e-02 5.519492e-01 8.852851e-02 1.200385e-01 1.466291e-02 -3.848644e-01 7.788166e-02 8.014153e-02 7.089124e-03 -3.690367e-02 9.306428e-03 4.535101e-01 8.315944e-02
1.770388e-02 6.607725e-01 9.140577e-02 1.667808e-01 1.958455e-02 -4.481319e-01 7.329045e-02 1.106573e-01 2.997035e-03 -6.007256e-02 2.435407e-02 5.044732e-01 6.404071e-02
1.928458e-02 5.453577e-01 4.432896e-02 1.316604e-01 1.511562e-02 -3.641366e-01 3.971435e-02 9.369175e-02 1.161255e-02 -5.066310e-02 1.003343e-02 4.517296e-01 3.900148e-02
2.149756e-02 6.073398e-01 4.734178e-02 1.359878e-01 1.638087e-02 -3.777548e-01 3.372207e-02 1.094086e-01 5.686204e-03 -2.381404e-02 1.451519e-02 4.960211e-01 2.329728e-02
2.434283e-02 7.143357e-01 6.100352e-02 1.748296e-01 1.546085e-02 -4.672289e-01 7.520960e-02 1.385811e-01 1.543931e-02 -5.203154e-02 1.916445e-02 6.179464e-01 9.104487e-02
2.782038e-02 6.942410e-01 4.640345e-02 1.507982e-01 2.613001e-02 -3.948955e-01 4.224803e-02 1.141318e-01 1.007204e-02 -4.697655e-02 1.314799e-02 5.569488e-01 6.054007e-02
3.193021e-02 5.798736e-01 8.482495e-02 1.396086e-01 2.668625e-02 -3.983009e-01 6.218397e-02 1.429945e-01 1.224930e-02 -5.747065e-02 2.421144e-02 6.431627e-01 7.976063e-02
2.054914e-02 7.144828e-01 9.411852e-02 1.735537e-01 2.737367e-02 -4.899158e-01 5.659267e-02 1.279486e-01 1.436163e-02 -4.246769e-02 2.062276e-02 6.081481e-01 4.276029e-02
2.086528e-02 7.019584e-01 1.083173e-01 1.862292e-01 1.958683e-02 -4.464408e-01 8.923211e-02 1.163265e-01 4.922543e-03 -7.610803e-02 1.638907e-02 5.292795e-01 9.878439e-02
2.181371e-02 7.528134e-01 6.575225e-02 2.100496e-01 1.969284e-02 -4.737038e-01 5.233339e-02 1.457150e-01 1.225556e-02 -6.286617e-02 1.563784e-02 5.499015e-01 4.536650e-02
2.339441e-02 5.858370e-01 7.320784e-02 1.387420e-01 2.116221e-02 -3.654908e-01 5.536015e-02 1.145419e-01 1.031034e-02 -3.819893e-02 1.115246e-02 4.819911e-01 5.394228e-02
2.560739e-02 7.250856e-01 7.932246e-02 1.845734e-01 9.900542e-03 -4.356092e-01 7.124310e-02 1.325624e-01 1.074342e-02 -6.358450e-02 1.588297e-02 5.559630e-01 7.671467e-02
2.845266e-02 7.789587e-01 9.008126e-02 1.847700e-01 3.386894e-02 -4.963083e-01 1.006174e-01 1.452570e-01 1.406083e-02 -6.901116e-02 2.338959e-02 6.973184e-01 1.271477e-01
3.193021e-02 6.754856e-01 5.692652e-02 1.649516e-01 1.963121e-02 -3.945642e-01 7.325691e-02 1.641464e-01 8.797188e-03 -5.136041e-02 2.649211e-02 5.902968e-01 4.886522e-02
3.604004e-02 7.737673e-01 1.010629e-01 1.641288e-01 2.637635e-02 -4.874056e-01 9.000053e-02 1.800905e-01 1.738933e-02 -6.884130e-02 2.727874e-02 7.935482e-01 1.177767e-01
7.903517e-03 6.485385e-01 8.675975e-02 1.481128e-01 2.450231e-02 -4.717688e-01 6.195317e-02 7.627800e-02 5.154155e-03 -5.618586e-02 1.974073e-02 4.698958e-01 4.810309e-02
8.219657e-03 4.467035e-01 5.117372e-02 9.441420e-02 1.399321e-02 -3.121516e-01 5.302879e-02 6.665009e-02 8.056869e-03 -5.438147e-03 1.234331e-02 3.630638e-01 5.693712e-02
9.168079e-03 6.043614e-01 2.049980e-01 1.529193e-01 5.496059e-02 -4.106631e-01 1.360035e-01 9.240294e-02 1.621073e-02 -2.927625e-02 3.604548e-02 4.513554e-01 1.062720e-01
1.074878e-02 5.853445e-01 4.887906e-02 1.176751e-01 1.175639e-02 -4.262774e-01 4.567122e-02 8.120162e-02 1.005128e-02 -2.068958e-02 7.587048e-03 4.553847e-01 4.240971e-02
1.296177e-02 6.910837e-01 1.092490e-01 1.441055e-01 2.643020e-02 -4.784481e-01 8.542283e-02 8.766360e-02 8.495977e-03 -3.501520e-02 1.959108e-02 5.155718e-01 5.764965e-02
1.580703e-02 4.634799e-01 2.698087e-02 1.066636e-01 5.799253e-03 -3.007463e-01 4.070777e-02 8.361527e-02 8.531844e-03 -9.953883e-03 9.243482e-03 3.926600e-01 5.318091e-02
1.928458e-02 6.337079e-01 9.403317e-02 1.366573e-01 1.119308e-02 -4.180715e-01 7.510726e-02 1.059363e-01 8.279870e-03 -3.164084e-02 1.077273e-02 5.093259e-01 4.921714e-02
2.339441e-02 5.871169e-01 2.598491e-02 1.115103e-01 1.432443e-02 -3.510082e-01 5.042878e-02 1.052702e-01 6.603971e-03 -3.878647e-03 6.371700e-03 4.974977e-01 7.993249e-02
8.219657e-03 5.933167e-01 7.525669e-02 1.432760e-01 2.507147e-02 -4.269005e-01 4.305911e-02 8.708872e-02 6.447295e-03 -3.660069e-02 1.936381e-02 4.446910e-01 2.062135e-02
8.535798e-03 4.359122e-01 9.469464e-02 8.238965e-02 2.081322e-02 -3.073289e-01 7.195411e-02 6.658889e-02 3.122419e-03 3.895745e-03 1.965776e-02 3.548287e-01 5.436500e-02
9.484220e-03 4.770269e-01 6.331862e-02 1.006764e-01 1.368450e-02 -3.256805e-01 5.814218e-02 7.735932e-02 7.720550e-03 -6.180959e-03 1.319635e-02 3.634013e-01 5.558853e-02
1.106492e-02 4.732783e-01 6.274904e-02 8.587386e-02 1.328719e-02 -3.548713e-01 6.713744e-02 7.494221e-02 4.202238e-03 2.675738e-03 4.483836e-03 4.251837e-01 8.428364e-02
1.327791e-02 6.619258e-01 7.607049e-02 1.473766e-01 1.635798e-02 -4.340512e-01 8.659584e-02 9.089273e-02 7.029465e-03 -2.949849e-02 1.152315e-02 4.733224e-01 1.007865e-01
1.612317e-02 7.205445e-01 8.993504e-02 1.833359e-01 2.929208e-02 -4.781208e-01 6.539290e-02 1.035709e-01 1.531515e-02 -6.283829e-02 1.885111e-02 5.445873e-01 7.618418e-02
1.960072e-02 6.127959e-01 9.778945e-02 1.555569e-01 1.972550e-02 -3.499950e-01 7.396809e-02 1.048604e-01 1.226257e-02 -3.392265e-02 2.585756e-02 4.361457e-01 5.822662e-02
2.371055e-02 6.297734e-01 6.177235e-02 1.785756e-01 2.671520e-02 -3.791118e-01 6.304802e-02 1.288792e-01 1.303892e-02 -6.505844e-02 2.030204e-02 4.712239e-01 6.259880e-02
9.168079e-03 5.287728e-01 5.433347e-02 1.217298e-01 2.265572e-02 -3.597993e-01 2.937494e-02 7.866643e-02 8.600413e-03 -2.346971e-02 1.202478e-02 3.946806e-01 2.177272e-02
9.484220e-03 5.830622e-01 8.726340e-02 1.503146e-01 2.746156e-02 -3.615804e-01 5.737549e-02 9.002689e-02 1.293852e-02 -3.016190e-02 1.408446e-02 3.728601e-01 4.527645e-02
1.043264e-02 7.893583e-01 1.274501e-01 1.990277e-01 3.114055e-02 -5.159994e-01 1.059959e-01 1.012759e-01 7.774777e-03 -7.279756e-02 2.436628e-02 4.841407e-01 8.755923e-02
1.201335e-02 7.941225e-01 1.173494e-01 1.936050e-01 2.932215e-02 -5.353985e-01 9.682616e-02 1.047531e-01 1.001158e-02 -5.721884e-02 2.279605e-02 5.494514e-01 9.001355e-02
1.422633e-02 6.705737e-01 1.060706e-01 1.659247e-01 2.473418e-02 -4.590277e-01 8.276971e-02 1.060360e-01 4.636113e-03 -4.520253e-02 2.785551e-02 5.125718e-01 6.156281e-02
1.707160e-02 6.565179e-01 7.924994e-02 1.326835e-01 9.624074e-03 -4.838995e-01 8.121821e-02 9.227410e-02 6.121929e-03 -2.724923e-02 1.844810e-02 5.764996e-01 7.424867e-02
2.054914e-02 7.470535e-01 1.293958e-01 1.845610e-01 2.744208e-02 -4.596410e-01 1.295189e-01 1.237265e-01 1.227429e-02 -3.951451e-02 2.949490e-02 5.304835e-01 1.183609e-01
2.465897e-02 4.917165e-01 4.723207e-02 1.065440e-01 1.304407e-02 -3.254075e-01 3.237863e-02 1.073866e-01 4.916749e-03 7.795631e-03 1.136872e-02 5.134179e-01 4.590718e-02
1.074878e-02 6.539444e-01 1.025952e-01 1.356104e-01 2.044442e-02 -4.902628e-01 9.716720e-02 8.366433e-02 4.977170e-03 -3.929879e-02 1.946050e-02 5.308314e-01 8.822383e-02
1.106492e-02 6.658687e-01 5.224526e-02 1.398220e-01 1.685282e-02 -4.843863e-01 4.419044e-02 7.606254e-02 7.020389e-03 -4.512346e-02 9.788353e-03 4.888387e-01 4.371143e-02
1.201335e-02 5.088423e-01 3.932877e-02 1.176803e-01 9.787365e-03 -3.280056e-01 3.245647e-02 8.514365e-02 7.443905e-03 -1.744993e-02 1.042585e-02 3.671261e-01 3.333587e-02
1.359405e-02 4.724825e-01 5.717833e-02 1.209035e-01 1.113203e-02 -2.938029e-01 5.927766e-02 8.852781e-02 8.583650e-03 -1.387723e-02 1.089203e-02 3.441043e-01 5.375238e-02
1.580703e-02 7.050740e-01 1.371788e-01 1.561721e-01 2.764415e-02 -5.169437e-01 1.058826e-01 1.032909e-01 7.875561e-03 -3.816970e-02 2.856971e-02 6.131173e-01 8.422916e-02
1.865230e-02 6.597864e-01 6.954873e-02 1.608242e-01 1.752758e-02 -4.296579e-01 6.035074e-02 1.145753e-01 1.188478e-02 -4.442460e-02 1.065996e-02 4.945419e-01 5.540329e-02
2.212985e-02 5.723631e-01 4.021484e-02 1.149511e-01 1.755497e-02 -3.972167e-01 3.786265e-02 8.349519e-02 9.506855e-03 -4.327332e-02 1.237087e-02 4.868430e-01 3.869852e-02
2.623967e-02 6.714797e-01 9.327359e-02 1.425046e-01 1.570237e-02 -4.271382e-01 8.491621e-02 1.392330e-01 7.477581e-03 -4.586280e-02 1.388743e-02 5.784697e-01 8.293532e-02
1.296177e-02 4.978699e-01 8.493806e-02 1.175025e-01 2.192090e-02 -3.000807e-01 5.797821e-02 8.710254e-02 6.033481e-03 -2.829774e-04 1.828729e-02 3.898461e-01 3.889309e-02
1.327791e-02 5.996409e-01 7.544034e-02 1.523975e-01 1.003592e-02 -3.581423e-01 7.637644e-02 8.656407e-02 7.455614e-03 -3.865906e-02 2.081331e-02 3.748157e-01 4.952901e-02
1.422633e-02 5.290532e-01 7.404433e-02 1.239293e-01 1.448109e-02 -3.753599e-01 5.765679e-02 9.081750e-02 3.470338e-03 -2.291664e-02 1.533960e-02 4.635104e-01 5.116244e-02
1.580703e-02 8.750334e-01 9.765106e-02 1.843266e-01 2.964437e-02 -6.410154e-01 6.875939e-02 9.643019e-02 8.345276e-03 -8.429710e-02 2.096340e-02 6.561350e-01 6.740880e-02
1.802002e-02 6.670148e-01 9.500355e-02 1.415644e-01 2.370520e-02 -4.378985e-01 5.478983e-02 9.747048e-02 4.537428e-03 -2.979193e-02 1.238575e-02 5.030061e-01 4.721913e-02
2.086528e-02 6.208864e-01 6.499025e-02 1.547715e-01 1.701604e-02 -3.782362e-01 7.159279e-02 1.208786e-01 6.648928e-03 -2.906383e-02 1.382736e-02 4.740580e-01 5.556247e-02
2.434283e-02 7.178731e-01 1.408790e-01 1.521706e-01 3.367011e-02 -4.597608e-01 9.522474e-02 1.236331e-01 6.227449e-03 -3.965255e-02 1.941149e-02 5.861445e-01 8.760110e-02
2.845266e-02 6.566815e-01 6.737821e-02 1.485490e-01 4.283355e-02 -4.125321e-01 7.639658e-02 1.497340e-01 1.972382e-02 -5.026310e-02 2.713787e-02 5.677006e-01 8.695522e-02
1.580703e-02 6.108950e-01 5.924009e-02 1.336927e-01 2.969254e-02 -4.122639e-01 5.054065e-02 9.983035e-02 1.715931e-02 -2.144774e-02 1.474843e-02 5.063828e-01 5.725072e-02
1.612317e-02 6.713020e-01 1.430668e-01 1.569841e-01 4.001939e-02 -4.073149e-01 9.423589e-02 9.457859e-02 1.376635e-02 -4.644654e-02 2.686815e-02 4.233372e-01 5.871682e-02
1.707160e-02 6.006152e-01 2.751807e-02 1.396378e-01 2.398686e-02 -3.925274e-01 2.441110e-02 9.188384e-02 1.161212e-02 -3.727560e-02 1.023308e-02 4.445555e-01 3.016157e-02
1.865230e-02 7.342142e-01 7.008597e-02 1.388950e-01 2.103898e-02 -5.096322e-01 7.299107e-02 9.341637e-02 8.341651e-03 -3.519076e-02 1.834723e-02 5.828361e-01 8.396190e-02
2.086528e-02 6.326610e-01 6.739439e-02 1.527724e-01 2.397236e-02 -4.158751e-01 5.116839e-02 1.127647e-01 1.233256e-02 -5.614292e-02 1.980122e-02 4.915220e-01 5.342265e-02
2.371055e-02 5.912394e-01 7.104211e-02 1.385158e-01 1.737386e-02 -3.659705e-01 5.991492e-02 1.188098e-01 1.034575e-02 -3.678336e-02 1.535126e-02 4.900210e-01 7.012071e-02
2.718810e-02 8.455598e-01 4.772406e-02 2.171445e-01 8.586483e-03 -5.638076e-01 6.957352e-02 1.469263e-01 1.043858e-02 -9.097858e-02 1.755574e-02 7.059834e-01 8.022048e-02
3.129793e-02 5.998384e-01 8.661981e-02 1.491714e-01 3.207302e-02 -3.565036e-01 6.186037e-02 1.542735e-01 8.324757e-03 -4.358168e-02 3.253484e-02 5.884506e-01 3.991346e-02
1.928458e-02 6.624044e-01 1.005837e-01 1.468377e-01 1.486296e-02 -4.372349e-01 6.148045e-02 9.826021e-02 2.832368e-03 -4.887510e-02 7.149414e-03 4.950084e-01 3.824639e-02
1.960072e-02 6.592072e-01 9.202987e-02 1.349109e-01 1.116246e-02 -4.395793e-01 7.298790e-02 9.694541e-02 8.431141e-03 -4.082706e-02 7.689845e-03 5.252084e-01 6.371975e-02
2.054914e-02 6.673150e-01 9.013531e-02 1.501327e-01 2.744036e-02 -4.221543e-01 7.398976e-02 1.138179e-01 5.326615e-03 -1.662158e-02 2.449870e-02 5.509976e-01 6.961084e-02
2.212985e-02 6.762767e-01 9.223374e-02 1.605417e-01 3.333870e-02 -4.532014e-01 7.119440e-02 1.211063e-01 1.320700e-02 -5.477938e-02 2.493063e-02 5.336386e-01 7.080345e-02
2.434283e-02 6.716504e-01 5.376456e-02 1.399617e-01 3.139740e-02 -3.931493e-01 4.685909e-02 1.161328e-01 1.292402e-02 -4.571543e-02 2.863443e-02 4.938600e-01 4.106330e-02
2.718810e-02 7.232081e-01 5.081718e-02 1.653437e-01 1.831101e-02 -5.106945e-01 2.872659e-02 1.382880e-01 1.712955e-02 -5.468768e-02 1.042217e-02 7.152722e-01 4.269695e-02
3.066564e-02 8.462881e-01 7.638963e-02 2.077294e-01 2.511448e-02 -5.044095e-01 5.796039e-02 1.565526e-01 1.087215e-02 -7.989426e-02 1.423061e-02 6.545819e-01 6.493098e-02
3.477547e-02 7.133097e-01 2.150829e-02 1.715632e-01 1.390026e-02 -3.895035e-01 4.702521e-02 1.897909e-01 1.042687e-02 -3.200829e-02 1.340221e-02 6.049988e-01 6.896555e-02
2.339441e-02 5.854250e-01 9.243388e-02 1.396708e-01 3.284519e-02 -3.717909e-01 8.345025e-02 1.196321e-01 8.803283e-03 -3.808234e-02 3.099982e-02 5.376156e-01 9.086375e-02
2.371055e-02 6.562314e-01 6.715914e-02 1.519564e-01 1.191844e-02 -4.483715e-01 6.213818e-02 1.248008e-01 5.581147e-03 -4.937951e-02 1.675133e-02 5.929495e-01 6.831142e-02
2.465897e-02 6.770914e-01 8.467840e-02 1.564885e-01 3.060920e-02 -4.514079e-01 6.860526e-02 1.254463e-01 1.523179e-02 -5.952752e-02 1.550352e-02 5.534273e-01 7.650095e-02
2.623967e-02 7.275882e-01 8.111370e-02 1.678895e-01 2.535273e-02 -4.710041e-01 6.779723e-02 1.356131e-01 1.281645e-02 -6.185202e-02 1.683626e-02 6.109573e-01 4.393801e-02
2.845266e-02 6.468140e-01 1.095745e-01 1.477507e-01 1.735615e-02 -4.161155e-01 7.234000e-02 1.288013e-01 1.052556e-02 -3.572847e-02 2.138159e-02 6.081171e-01 5.657138e-02
3.129793e-02 6.724175e-01 4.528282e-02 1.797705e-01 9.188073e-03 -4.200347e-01 4.554130e-02 1.667878e-01 1.172332e-02 -5.159451e-02 1.121452e-02 6.361268e-01 2.891155e-02
3.477547e-02 8.012961e-01 9.164426e-02 1.680357e-01 2.951909e-02 -5.285330e-01 7.961074e-02 1.594492e-01 1.459412e-02 -9.561449e-02 2.234765e-02 7.687714e-01 6.615271e-02
3.888530e-02 5.386055e-01 1.173366e-02 1.446003e-01 1.355433e-02 -2.614782e-01 3.831160e-02 1.976303e-01 6.207778e-03 -5.971202e-02 1.804730e-02 6.328975e-01 5.508662e-02
1.138106e-02 7.003890e-01 9.957229e-02 1.734197e-01 2.291148e-02 -4.620851e-01 7.596704e-02 9.353421e-02 1.099917e-02 -5.590288e-02 1.184461e-02 4.661342e-01 7.114089e-02
1.169720e-02 5.634346e-01 7.803592e-02 1.449933e-01 2.724615e-02 -3.608744e-01 5.064916e-02 8.446200e-02 7.521972e-03 -3.602727e-02 1.730907e-02 3.993226e-01 5.021616e-02
1.264563e-02 5.764282e-01 1.411521e-01 1.047298e-01 4.513641e-02 -4.597882e-01 9.682099e-02 7.254970e-02 1.162375e-02 -2.635999e-02 3.091476e-02 5.358098e-01 8.659063e-02
1.422633e-02 4.959109e-01 5.807500e-02 1.033328e-01 1.938657e-02 -3.404251e-01 4.961463e-02 9.445562e-02 3.037353e-03 6.130346e-03 1.947127e-02 4.338079e-01 4.626658e-02
1.643931e-02 7.215840e-01 3.604158e-02 1.726630e-01 1.104712e-02 -4.611435e-01 5.218890e-02 1.069693e-01 8.410308e-03 -5.085905e-02 8.438845e-03 5.002550e-01 6.309952e-02
1.928458e-02 5.819855e-01 5.450687e-02 1.324505e-01 1.621700e-02 -3.655085e-01 5.893130e-02 1.029368e-01 5.354604e-03 -2.396897e-02 1.368237e-02 4.378623e-01 4.457244e-02
2.276213e-02 8.107656e-01 1.289843e-01 1.618098e-01 2.558761e-02 -5.153366e-01 9.532493e-02 1.161748e-01 1.028697e-02 -4.373191e-02 1.659184e-02 5.661550e-01 7.990057e-02
2.687196e-02 5.903250e-01 8.516241e-02 1.586052e-01 1.467168e-02 -3.030475e-01 6.395200e-02 1.417182e-01 1.098909e-02 -1.917793e-02 1.514397e-02 4.582303e-01 4.222591e-02
1.169720e-02 4.434845e-01 3.882602e-02 1.170577e-01 1.909926e-02 -2.741705e-01 1.477097e-02 9.024317e-02 7.376993e-03 5.782723e-03 9.172550e-03 3.617462e-01 2.902840e-02
1.201335e-02 5.286516e-01 8.093914e-02 1.347456e-01 3.053311e-02 -3.703079e-01 6.305778e-02 9.576068e-02 1.311144e-02 -2.133081e-02 2.812900e-02 4.393364e-01 5.035989e-02
1.296177e-02 8.806472e-01 1.653284e-01 2.177864e-01 5.357159e-02 -6.065737e-01 8.886935e-02 1.059380e-01 1.496541e-02 -8.357547e-02 3.723687e-02 6.334499e-01 3.486757e-02
1.454247e-02 6.643043e-01 7.688253e-02 1.438779e-01 1.316791e-02 -4.905166e-01 6.799996e-02 8.475380e-02 7.742379e-03 -6.126994e-02 5.328199e-03 5.135109e-01 6.758742e-02
1.675546e-02 5.112038e-01 4.957897e-02 1.224271e-01 1.285117e-02 -3.181060e-01 4.515900e-02 9.001644e-02 6.248206e-03 -2.252557e-02 7.055861e-03 3.752278e-01 4.548609e-02
1.960072e-02 5.989643e-01 5.789337e-02 1.466169e-01 1.573135e-02 -4.008996e-01 4.875834e-02 1.104515e-01 4.820596e-03 -3.766766e-02 1.788570e-02 5.103481e-01 2.887486e-02
2.307827e-02 7.652768e-01 1.362328e-01 1.771487e-01 2.571650e-02 -5.201302e-01 1.340588e-01 1.126369e-01 1.382982e-02 -6.309581e-02 2.088212e-02 6.338048e-01 1.285763e-01
2.718810e-02 6.643510e-01 3.699284e-02 1.454513e-01 1.682327e-02 -3.937283e-01 4.511163e-02 1.182343e-01 1.030021e-02 -4.321274e-02 2.405834e-02 5.636581e-01 4.969486e-02
1.264563e-02 6.385708e-01 1.119963e-01 1.321575e-01 2.185305e-02 -4.565197e-01 7.623660e-02 9.166789e-02 9.385753e-03 -2.122185e-02 1.864735e-02 5.173385e-01 6.624912e-02
1.296177e-02 5.660082e-01 6.792921e-02 1.363405e-01 1.571258e-02 -3.724524e-01 5.975802e-02 8.724101e-02 3.864124e-03 -3.352621e-02 1.285347e-02 4.052105e-01 5.382876e-02
1.391019e-02 6.231769e-01 3.870582e-02 1.220648e-01 1.231889e-02 -4.277151e-01 3.940882e-02 8.583770e-02 8.070037e-03 -1.553095e-02 1.002111e-02 4.926488e-01 4.989868e-02
1.549089e-02 5.905634e-01 6.552997e-02 1.367245e-01 1.796707e-02 -3.858878e-01 3.234196e-02 8.735800e-02 4.055131e-03 -3.804524e-02 9.893375e-03 4.213071e-01 2.339076e-02
1.770388e-02 7.827619e-01 6.232740e-02 1.704550e-01 2.788599e-02 -5.827718e-01 5.399264e-02 9.751355e-02 1.202397e-02 -6.179661e-02 1.571610e-02 6.849013e-01 6.775362e-02
2.054914e-02 6.711308e-01 3.923846e-02 1.370736e-01 1.568618e-02 -4.438067e-01 2.862362e-02 1.017733e-01 5.582252e-03 -3.864294e-02 1.037428e-02 5.293856e-01 7.341230e-02
2.402669e-02 6.170552e-01 4.143809e-02 1.659854e-01 3.314300e-03 -3.581991e-01 4.181437e-02 1.232131e-01 6.197025e-03 -3.243371e-02 1.248930e-02 4.968819e-01 3.240530e-02
2.813652e-02 7.079257e-01 6.248919e-02 1.641708e-01 2.919180e-02 -4.430274e-01 4.212191e-02 1.382717e-01 1.011964e-02 -5.280143e-02 1.870905e-02 6.142893e-01 4.645462e-02
1.422633e-02 5.680280e-01 1.552304e-01 1.146900e-01 2.919964e-02 -4.012965e-01 1.213051e-01 7.648258e-02 6.446782e-03 -3.246816e-02 2.240983e-02 4.655835e-01 9.120789e-02
1.454247e-02 7.888124e-01 1.351779e-01 2.011551e-01 3.453468e-02 -5.101885e-01 1.028422e-01 1.132588e-01 1.071964e-02 -6.893569e-02 2.094654e-02 5.158988e-01 9.078471e-02
1.549089e-02 8.429281e-01 7.493813e-02 1.765410e-01 2.357384e-02 -6.072144e-01 8.634954e-02 1.096535e-01 9.654537e-03 -5.384077e-02 1.727999e-02 6.460979e-01 1.030849e-01
1.707160e-02 6.610678e-01 5.917543e-02 1.625021e-01 2.391038e-02 -4.403844e-01 2.892795e-02 1.042263e-01 1.106721e-02 -5.343465e-02 1.246608e-02 5.005145e-01 4.431169e-02
1.928458e-02 8.086608e-01 1.203452e-01 2.134626e-01 3.436255e-02 -5.227779e-01 8.158022e-02 1.234006e-01 1.016561e-02 -8.104582e-02 2.854466e-02 5.989014e-01 5.504917e-02
2.212985e-02 8.374021e-01 1.642238e-01 1.907116e-01 3.416965e-02 -5.939871e-01 1.410476e-01 1.214738e-01 1.113423e-02 -9.018139e-02 3.158058e-02 6.890038e-01 1.380953e-01
2.560739e-02 7.346258e-01 7.532773e-02 1.940037e-01 2.659189e-02 -4.764338e-01 4.475504e-02 1.339006e-01 7.614697e-03 -8.230136e-02 1.327320e-02 5.877381e-01 5.176739e-02
2.971722e-02 7.418369e-01 9.150980e-02 1.712245e-01 2.005104e-02 -4.392943e-01 6.225229e-02 1.485188e-01 2.369707e-02 -5.339894e-02 1.287889e-02 6.192019e-01 7.679147e-02
1.643931e-02 6.875055e-01 6.374506e-02 1.630730e-01 1.480230e-02 -4.972775e-01 6.652389e-02 1.035890e-01 1.088324e-02 -6.267759e-02 7.494733e-03 5.405403e-01 6.829731e-02
1.675546e-02 9.032181e-01 1.078576e-01 1.852341e-01 3.883163e-02 -6.639846e-01 5.555944e-02 1.026603e-01 1.056507e-02 -6.391711e-02 2.708018e-02 7.228120e-01 5.342741e-02
1.770388e-02 6.593315e-01 9.529105e-02 1.108398e-01 2.413514e-02 -4.784568e-01 8.107874e-02 7.934540e-02 3.878794e-03 -1.853059e-02 3.252500e-02 5.560620e-01 6.794320e-02
1.928458e-02 5.584544e-01 6.633216e-02 1.287224e-01 1.463167e-02 -3.530567e-01 5.407245e-02 1.101437e-01 9.071889e-03 4.856734e-03 2.260301e-02 4.864939e-01 4.522387e-02
2.149756e-02 7.058485e-01 1.401843e-01 1.892703e-01 4.950288e-02 -4.103510e-01 6.546472e-02 1.306158e-01 1.633246e-02 -4.810560e-02 2.882009e-02 5.112635e-01 2.753400e-02
2.434283e-02 7.445820e-01 7.099071e-02 1.710291e-01 1.259201e-02 -5.144307e-01 4.046026e-02 1.223963e-01 7.008481e-03 -7.364688e-02 1.367027e-02 6.356225e-01 3.252526e-02
2.782038e-02 7.485703e-01 6.578481e-02 1.964493e-01 3.796367e-02 -4.717988e-01 7.908246e-02 1.680720e-01 2.415395e-02 -6.655169e-02 3.530483e-02 5.853157e-01 8.326250e-02
3.193021e-02 6.488722e-01 7.761392e-02 1.512095e-01 2.191542e-02 -4.295072e-01 4.305686e-02 1.854285e-01 1.554216e-02 -8.337469e-02 9.210571e-03 6.565573e-01 6.902367e-02
1.928458e-02 6.861318e-01 6.952669e-02 1.368286e-01 1.446162e-02 -4.624114e-01 7.223372e-02 1.104236e-01 1.447383e-02 -1.634505e-02 2.307255e-02 5.850954e-01 6.771952e-02
1.960072e-02 6.885734e-01 5.720068e-02 1.728500e-01 1.445791e-02 -4.275277e-01 3.762752e-02 1.053064e-01 1.065781e-02 -6.130726e-02 6.171721e-03 4.981774e-01 5.940005e-02
2.054914e-02 5.780308e-01 6.482893e-02 1.253756e-01 2.153129e-02 -3.364189e-01 1.893779e-02 1.079183e-01 8.624690e-03 -1.357908e-02 1.439715e-02 4.403889e-01 2.309961e-02
2.212985e-02 5.247738e-01 5.635378e-02 1.389240e-01 2.249887e-02 -2.922528e-01 4.436731e-02 1.250416e-01 8.990772e-03 -1.071118e-02 1.079516e-02 3.905538e-01 5.104172e-02
2.434283e-02 6.708230e-01 1.277169e-01 1.465699e-01 2.020106e-02 -4.306679e-01 7.377018e-02 1.056220e-01 8.404231e-03 -4.834471e-02 2.219959e-02 5.364887e-01 4.966985e-02
2.718810e-02 7.540170e-01 7.778003e-02 1.797744e-01 1.705002e-02 -4.901410e-01 7.230471e-02 1.469153e-01 1.271471e-02 -4.690302e-02 1.676864e-02 6.651540e-01 6.532398e-02
3.066564e-02 6.008441e-01 6.806836e-02 1.201547e-01 3.584718e-02 -3.322906e-01 1.289842e-02 1.459122e-01 1.599933e-02 -1.951063e-02 1.351790e-02 5.007097e-01 4.135922e-02
3.477547e-02 6.979549e-01 6.030208e-02 1.843185e-01 2.427894e-02 -3.546956e-01 4.130111e-02 1.797873e-01 2.281464e-02 -6.212725e-02 1.276502e-02 6.053651e-01 4.937096e-02
2.276213e-02 6.719931e-01 3.953475e-02 1.665701e-01 1.886660e-02 -4.397173e-01 2.056339e-02 1.178241e-01 1.248811e-02 -3.897155e-02 1.257005e-02 5.659444e-01 1.497273e-02
2.307827e-02 6.126025e-01 8.265426e-02 1.455584e-01 3.504815e-02 -3.831322e-01 5.768564e-02 1.230549e-01 2.170338e-02 -4.590504e-02 1.897826e-02 5.061080e-01 4.726431e-02
2.402669e-02 6.131204e-01 6.286522e-02 1.615700e-01 1.975720e-02 -3.858483e-01 3.245045e-02 1.240537e-01 3.456806e-03 -5.378914e-02 9.540610e-03 5.007590e-01 5.128834e-02
2.560739e-02 6.703313e-01 5.731400e-02 1.591534e-01 9.358948e-03 -3.803242e-01 4.922306e-02 1.228484e-01 8.874429e-03 -3.107472e-02 1.299496e-02 5.475601e-01 4.085792e-02
2.782038e-02 6.229173e-01 2.716596e-02 1.438642e-01 1.616848e-02 -3.877207e-01 3.451570e-02 1.274537e-01 1.007850e-02 -5.316819e-02 1.215984e-02 5.582098e-01 5.801790e-02
3.066564e-02 7.431673e-01 8.283743e-02 1.900462e-01 1.998302e-02 -4.787962e-01 6.683349e-02 1.690858e-01 1.921811e-02 -6.528835e-02 1.540724e-02 6.401016e-01 9.147495e-02
3.414319e-02 6.391180e-01 6.735355e-02 1.757164e-01 2.041791e-02 -3.513543e-01 4.650403e-02 1.833946e-01 1.957430e-02 -4.926868e-02 2.608133e-02 6.194618e-01 3.224621e-02
3.825302e-02 7.043332e-01 8.747281e-02 1.364874e-01 1.327047e-02 -3.919530e-01 3.759739e-02 1.838915e-01 1.408796e-02 -4.566352e-02 1.194842e-02 7.142159e-01 3.122888e-02
2.687196e-02 6.953080e-01 6.689676e-02 1.709133e-01 1.184643e-02 -3.997083e-01 5.248843e-02 1.215525e-01 1.267370e-02 -6.730420e-02 1.645112e-02 5.927085e-01 6.524203e-02
2.718810e-02 6.559817e-01 6.708699e-02 1.524387e-01 2.192112e-02 -4.198839e-01 4.475645e-02 1.277950e-01 1.121460e-02 -5.362037e-02 1.710143e-02 5.454560e-01 2.158079e-02
2.813652e-02 6.147780e-01 6.696291e-02 1.592669e-01 2.003000e-02 -3.460110e-01 4.417019e-02 1.374618e-01 7.730287e-03 -2.431402e-02 2.386651e-02 5.162973e-01 3.191040e-02
2.971722e-02 6.977948e-01 9.609795e-02 1.673654e-01 2.902776e-02 -4.604550e-01 6.785373e-02 1.410710e-01 1.456355e-02 -7.075233e-02 3.407351e-02 6.500454e-01 4.978416e-02
3.193021e-02 6.020063e-01 8.410861e-02 1.514991e-01 2.525462e-02 -3.558370e-01 4.381412e-02 1.696128e-01 1.748502e-02 -2.725015e-02 1.243574e-02 6.112981e-01 6.112710e-02
3.477547e-02 5.935760e-01 7.090066e-02 1.291369e-01 1.302610e-02 -3.707501e-01 7.596730e-02 1.594577e-01 1.618068e-02 -5.774327e-02 1.119019e-02 6.278210e-01 8.731807e-02
3.825302e-02 8.108260e-01 9.053946e-02 2.148610e-01 2.720695e-02 -4.359870e-01 8.960135e-02 2.298953e-01 2.019220e-02 -1.408894e-01 2.144195e-02 6.832501e-01 7.595679e-02
4.236285e-02 7.396968e-01 3.445529e-02 1.798250e-01 2.701208e-02 -4.474605e-01 4.161711e-02 2.699265e-01 3.134997e-02 -1.712361e-01 2.483198e-02 7.887287e-01 6.443671e-02
1.549089e-02 5.525173e-01 6.855262e-02 1.394945e-01 2.010063e-02 -3.879175e-01 7.320763e-02 8.740186e-02 8.390370e-03 -5.024544e-02 1.875865e-02 4.712077e-01 8.351549e-02
1.580703e-02 7.161364e-01 5.819845e-02 1.610362e-01 9.187850e-03 -4.914264e-01 7.344678e-02 8.872915e-02 7.743636e-03 -5.975510e-02 1.006510e-02 5.422444e-01 7.490717e-02
1.675546e-02 7.305092e-01 1.211579e-01 1.708413e-01 3.661938e-02 -4.932437e-01 7.578078e-02 1.067889e-01 1.028809e-02 -5.654161e-02 2.723938e-02 5.222007e-01 5.099739e-02
1.833616e-02 6.629786e-01 3.723034e-02 1.605033e-01 1.436886e-02 -4.496450e-01 3.495786e-02 1.024034e-01 4.319390e-03 -5.123849e-02 1.565724e-02 5.424885e-01 2.008602e-02
2.054914e-02 7.032175e-01 1.022358e-01 1.547110e-01 1.738916e-02 -4.772408e-01 9.993038e-02 1.005122e-01 6.696915e-03 -5.933046e-02 2.413403e-02 5.328243e-01 7.318882e-02
2.339441e-02 7.674487e-01 4.694417e-02 1.928624e-01 1.564610e-02 -4.568370e-01 5.314336e-02 1.191702e-01 8.201616e-03 -6.394549e-02 1.000657e-02 5.599301e-01 7.656819e-02
2.687196e-02 6.983204e-01 6.586589e-02 1.515637e-01 3.830572e-02 -4.732594e-01 5.422595e-02 1.227128e-01 1.513099e-02 -5.775894e-02 2.835388e-02 6.269609e-01 6.284073e-02
3.098178e-02 8.281453e-01 8.864683e-02 2.039754e-01 3.426197e-02 -5.328814e-01 7.030487e-02 1.605904e-01 1.264370e-02 -9.831882e-02 2.838088e-02 7.379776e-01 4.670796e-02
1.580703e-02 7.592619e-01 1.135132e-01 1.819484e-01 3.559409e-02 -4.920807e-01 8.111695e-02 1.124623e-01 9.210111e-03 -5.713714e-02 2.714709e-02 5.188243e-01 5.559432e-02
1.612317e-02 5.557921e-01 6.470584e-02 1.448945e-01 1.698015e-02 -3.385307e-01 3.989599e-02 1.034594e-01 1.108023e-02 -3.183408e-02 1.075132e-02 3.856949e-01 2.349506e-02
1.707160e-02 6.616300e-01 8.880198e-02 1.365609e-01 2.452169e-02 -4.858605e-01 6.384093e-02 1.044252e-01 8.681511e-03 -2.606634e-02 1.790698e-02 5.897309e-01 6.257050e-02
1.865230e-02 7.063549e-01 5.884886e-02 1.674673e-01 1.735806e-02 -4.770147e-01 4.122230e-02 1.107739e-01 7.961457e-03 -5.529430e-02 1.311060e-02 5.395631e-01 6.009365e-02
2.086528e-02 6.216002e-01 8.871849e-02 1.606259e-01 2.888023e-02 -4.002237e-01 5.641551e-02 1.151886e-01 1.341435e-02 -4.887404e-02 1.167038e-02 4.632252e-01 6.062002e-02
2.371055e-02 7.465158e-01 1.010170e-01 1.733867e-01 2.743521e-02 -4.404245e-01 7.404133e-02 1.139113e-01 9.390028e-03 -5.906064e-02 2.805826e-02 5.327659e-01 5.279503e-02
2.718810e-02 7.321739e-01 2.949761e-02 2.016324e-01 2.631891e-02 -4.440287e-01 1.946814e-02 1.421007e-01 1.708008e-02 -6.683831e-02 1.045551e-02 5.577078e-01 2.382407e-02
3.129793e-02 5.442661e-01 3.593655e-02 1.281502e-01 1.698730e-02 -3.011784e-01 2.475771e-02 1.591962e-01 1.826180e-02 -1.325846e-02 7.252843e-03 5.332623e-01 3.292402e-02
1.675546e-02 6.533738e-01 6.236831e-02 1.450262e-01 1.672147e-02 -4.234542e-01 4.833328e-02 1.025269e-01 8.768738e-03 -3.073572e-02 1.489774e-02 4.699286e-01 6.026251e-02
1.707160e-02 5.958784e-01 7.556205e-02 1.324783e-01 2.423206e-02 -3.730958e-01 4.768021e-02 9.935474e-02 1.018646e-02 -1.825631e-02 2.235456e-02 4.475545e-01 1.493808e-02
1.802002e-02 7.784029e-01 8.809871e-02 1.949443e-01 2.807841e-02 -5.328164e-01 6.679419e-02 1.036882e-01 1.248612e-02 -9.130699e-02 1.773943e-02 5.735877e-01 5.311020e-02
1.960072e-02 7.969364e-01 1.940238e-01 1.998204e-01 4.100034e-02 -4.909947e-01 1.455813e-01 1.346048e-01 1.049678e-02 -5.616275e-02 3.752494e-02 5.085747e-01 1.018211e-01
2.181371e-02 6.133593e-01 5.431655e-02 1.452248e-01 3.042092e-02 -3.666608e-01 4.142088e-02 1.216996e-01 1.223841e-02 -2.883341e-02 2.305150e-02 4.660688e-01 4.806002e-02
2.465897e-02 7.169853e-01 1.590387e-01 1.640258e-01 2.231135e-02 -4.669819e-01 1.591770e-01 1.204947e-01 4.030095e-03 -5.203487e-02 1.671165e-02 6.131875e-01 1.739395e-01
2.813652e-02 7.074737e-01 9.245863e-02 1.378410e-01 1.191775e-02 -4.459743e-01 8.192792e-02 1.347129e-01 1.166604e-02 -5.385465e-02 2.030816e-02 5.955988e-01 5.643112e-02
3.224635e-02 5.108058e-01 3.280994e-02 1.212063e-01 1.196125e-02 -2.624314e-01 5.282782e-02 1.372487e-01 1.609504e-03 -3.101118e-02 2.432300e-03 5.687411e-01 7.494545e-02
1.833616e-02 6.109329e-01 9.002554e-02 1.759451e-01 2.229482e-02 -3.262008e-01 6.319621e-02 1.185343e-01 9.103289e-03 -2.878529e-02 2.271550e-02 4.440423e-01 6.136757e-02
1.865230e-02 7.210383e-01 7.018007e-02 1.205803e-01 1.771976e-02 -5.276880e-01 6.470157e-02 9.053892e-02 7.656128e-03 -3.262664e-02 1.849792e-02 6.060575e-01 5.867659e-02
1.960072e-02 6.594254e-01 3.204903e-02 1.417491e-01 1.165866e-02 -4.583435e-01 4.750353e-02 1.042085e-01 9.358342e-03 -5.177468e-02 1.504304e-02 5.694717e-01 7.089433e-02
2.118142e-02 7.391296e-01 1.225675e-01 1.771578e-01 3.596390e-02 -4.828080e-01 9.281020e-02 1.267078e-01 1.465856e-02 -5.923368e-02 1.818873e-02 5.595469e-01 8.835053e-02
2.339441e-02 7.793758e-01 1.254753e-01 2.157839e-01 3.885259e-02 -4.637486e-01 8.513337e-02 1.400460e-01 9.274233e-03 -6.754964e-02 3.105755e-02 5.941105e-01 7.942935e-02
2.623967e-02 7.850127e-01 6.027275e-02 1.858164e-01 1.707745e-02 -4.683209e-01 4.680669e-02 1.462592e-01 1.246917e-02 -4.894379e-02 1.178893e-02 6.087937e-01 5.736355e-02
2.971722e-02 7.058744e-01 7.323828e-02 2.040678e-01 3.056276e-02 -4.076929e-01 6.124058e-02 1.712138e-01 1.383117e-02 -5.057085e-02 2.416153e-02 6.068031e-01 6.806906e-02
3.382705e-02 6.482297e-01 6.145869e-02 1.310756e-01 1.316413e-02 -3.413283e-01 4.633062e-02 1.425981e-01 1.263226e-02 -3.835965e-02 1.138514e-02 6.471614e-01 6.341074e-02
2.054914e-02 5.230941e-01 4.734898e-02 1.078981e-01 1.821261e-02 -3.488088e-01 4.244923e-02 9.804265e-02 8.145806e-03 -1.151372e-02 1.286537e-02 4.674584e-01 6.290539e-02
2.086528e-02 5.945362e-01 3.318761e-02 9.536875e-02 1.817498e-02 -4.377850e-01 3.174429e-02 8.599490e-02 7.276808e-03 -1.276911e-02 1.964390e-02 5.726647e-01 5.994146e-02
2.181371e-02 8.107341e-01 7.680508e-02 1.443642e-01 3.484609e-02 -5.866705e-01 4.829213e-02 1.114328e-01 1.239379e-02 -4.107401e-02 2.705821e-02 6.936835e-01 2.091119e-02
2.339441e-02 7.478722e-01 1.021726e-01 1.545132e-01 3.185993e-02 -5.243414e-01 5.623146e-02 9.803191e-02 1.705772e-02 -6.306272e-02 1.626719e-02 6.325121e-01 4.011434e-02
2.560739e-02 6.269875e-01 5.103142e-02 1.174304e-01 1.493907e-02 -4.014475e-01 5.476237e-02 1.247704e-01 9.431442e-03 -2.372827e-02 1.108076e-02 5.803874e-01 5.571856e-02
2.845266e-02 5.872488e-01 4.134721e-02 1.718094e-01 2.062928e-02 -3.670329e-01 4.150908e-02 1.364498e-01 1.392716e-02 -7.485229e-02 2.020399e-02 5.180826e-01 4.141639e-02
3.193021e-02 5.985751e-01 3.940177e-02 1.602760e-01 1.881105e-02 -3.841085e-01 2.459295e-02 1.597586e-01 1.597352e-02 -5.943100e-02 7.999650e-03 6.269337e-01 3.632507e-02
3.604004e-02 6.534977e-01 1.032937e-01 1.690021e-01 4.731310e-02 -4.242199e-01 6.363910e-02 1.915012e-01 2.518579e-02 -7.064506e-02 4.470432e-02 7.818501e-01 5.686176e-02
2.339441e-02 6.283648e-01 5.857679e-02 1.560082e-01 2.856723e-02 -3.599768e-01 2.940535e-02 1.195893e-01 1.074078e-02 -2.973447e-02 1.677972e-02 4.660461e-01 2.525677e-02
2.371055e-02 6.751846e-01 1.137831e-01 1.417454e-01 3.388682e-02 -4.241977e-01 9.023873e-02 1.191882e-01 1.412628e-02 -3.560968e-02 2.795061e-02 5.593771e-01 7.878645e-02
2.465897e-02 7.896903e-01 1.089085e-01 1.821029e-01 2.348862e-02 -5.509215e-01 8.593864e-02 1.151231e-01 5.130596e-03 -9.963931e-02 2.179811e-02 6.515427e-01 8.827007e-02
2.623967e-02 6.197670e-01 8.278748e-02 1.716232e-01 2.275474e-02 -3.615420e-01 6.568081e-02 1.311315e-01 1.285270e-02 -4.238660e-02 2.723461e-02 4.926619e-01 5.690555e-02
2.845266e-02 7.333891e-01 7.176000e-02 1.533368e-01 2.553440e-02 -4.390034e-01 6.977557e-02 1.436685e-01 1.409936e-02 -5.555262e-02 1.340689e-02 5.699652e-01 6.878447e-02
3.129793e-02 5.892227e-01 7.681872e-02 9.527971e-02 1.190327e-02 -3.808281e-01 5.945405e-02 1.506051e-01 1.602346e-02 -1.422830e-02 2.412000e-02 6.503961e-01 5.632686e-02
3.477547e-02 6.817007e-01 7.603744e-02 1.929143e-01 4.203300e-02 -3.662338e-01 7.393463e-02 1.646277e-01 1.910189e-02 -9.894468e-02 4.669242e-02 6.218131e-01 5.254938e-02
3.888530e-02 6.140156e-01 8.766756e-02 1.381206e-01 2.988335e-02 -3.847278e-01 5.627217e-02 2.014553e-01 1.400924e-02 -5.783959e-02 2.302289e-02 7.484421e-01 8.693620e-02
2.687196e-02 5.727817e-01 7.221762e-02 1.501547e-01 2.347375e-02 -3.358637e-01 6.780296e-02 1.527326e-01 8.623347e-03 -4.682974e-02 2.619782e-02 4.528583e-01 4.977327e-02
2.718810e-02 6.851264e-01 8.668957e-02 1.540005e-01 3.044484e-02 -4.650750e-01 8.548111e-02 1.239722e-01 1.647918e-02 -5.556957e-02 1.999723e-02 6.278811e-01 1.006840e-01
2.813652e-02 5.953564e-01 5.481451e-02 1.395629e-01 1.228654e-02 -3.521793e-01 4.230751e-02 1.456850e-01 8.003672e-03 -2.729330e-02 1.130961e-02 5.011046e-01 4.167333e-02
2.971722e-02 6.814778e-01 5.357112e-02 1.625390e-01 3.124320e-02 -4.115937e-01 4.384529e-02 1.406758e-01 1.685511e-02 -6.667893e-02 2.531253e-02 5.687858e-01 5.596875e-02
3.193021e-02 6.255827e-01 4.373255e-02 1.570097e-01 1.625193e-02 -3.994067e-01 5.156427e-02 1.693275e-01 7.188156e-03 -3.817791e-02 1.631019e-02 6.334572e-01 5.793749e-02
3.477547e-02 7.038643e-01 5.186037e-02 1.625315e-01 2.536986e-02 -4.409236e-01 5.080755e-02 1.690550e-01 2.622278e-02 -7.009684e-02 3.604703e-02 7.025887e-01 4.972676e-02
3.825302e-02 5.445245e-01 4.351720e-02 1.178442e-01 1.757279e-02 -2.888159e-01 2.246049e-02 1.643740e-01 8.284569e-03 -4.220495e-02 8.371830e-03 6.335619e-01 5.333662e-02
4.236285e-02 7.317510e-01 5.515974e-02 1.684798e-01 5.000829e-02 -3.331352e-01 4.956558e-02 2.549212e-01 1.284990e-02 -7.029563e-02 3.242326e-02 6.930758e-01 5.304215e-02
3.098178e-02 7.918446e-01 3.961820e-02 2.276830e-01 2.764581e-02 -5.289066e-01 4.294715e-02 1.820434e-01 2.136912e-02 -9.995484e-02 2.499476e-02 7.184195e-01 4.492868e-02
3.129793e-02 5.291550e-01 2.614383e-02 1.202683e-01 5.952334e-03 -2.671300e-01 5.263675e-02 1.481015e-01 8.440862e-03 -1.261710e-02 1.682026e-02 5.359155e-01 7.848738e-02
3.224635e-02 7.089246e-01 9.348872e-02 1.502455e-01 2.886542e-02 -3.269566e-01 4.558134e-02 1.625611e-01 7.763746e-03 -3.143318e-02 2.017083e-02 5.353420e-01 2.341985e-02
3.382705e-02 6.842564e-01 6.122350e-02 1.895984e-01 3.796093e-02 -3.587077e-01 2.555054e-02 1.873034e-01 1.965833e-02 -7.716546e-02 2.133132e-02 5.552705e-01 5.007866e-02
3.604004e-02 6.920541e-01 7.322589e-02 1.816164e-01 1.859320e-02 -3.656223e-01 6.816440e-02 2.009985e-01 2.934291e-02 -4.882680e-02 2.955053e-02 6.505168e-01 4.121628e-02
3.888530e-02 7.508231e-01 4.814324e-02 1.935852e-01 2.581196e-02 -3.928525e-01 2.812243e-02 2.149296e-01 1.353991e-02 -9.310386e-02 8.145514e-03 7.280534e-01 7.336276e-02
4.236285e-02 6.692361e-01 4.897456e-02 1.444316e-01 1.085629e-02 -3.619582e-01 4.180295e-02 2.269121e-01 1.328870e-02 -9.496508e-02 1.616436e-02 7.374765e-01 5.067304e-02
4.647268e-02 5.969535e-01 5.522470e-02 1.215738e-01 3.077989e-02 -2.486119e-01 2.565774e-02 2.560706e-01 6.826353e-03 -7.888733e-02 2.682092e-02 7.839089e-01 6.069276e-02
