# k^2  MgMg MgMg_error  MgCl MgCl_error  MgNa MgNa_error  ClCl ClCl_error  ClNa ClNa_error  NaNa NaNa_error
0.000000e+00 1.856000e+03 0.000000e+00 2.767954e+03 0.000000e+00 8.786899e+02 5.684342e-14 4.128000e+03 0.000000e+00 1.310438e+03 0.000000e+00 4.160000e+02 0.000000e+00
2.848377e-04 2.132798e-01 2.612888e-02 1.377461e-01 3.249099e-02 -4.632540e-01 5.799087e-02 2.083973e-01 1.663110e-02 8.199595e-02 1.203288e-01 2.232282e+00 4.881668e-01
1.139351e-03 9.198138e-02 1.647463e-02 8.665013e-02 1.005573e-02 -9.470607e-02 4.245384e-02 1.286364e-01 4.661892e-03 5.761724e-02 4.872939e-02 5.958718e-01 1.408091e-01
2.563539e-03 1.410700e-01 1.826317e-02 1.275293e-01 2.068305e-02 -1.308968e-01 1.135748e-02 1.522704e-01 2.088611e-02 -5.687670e-03 9.447293e-03 5.469069e-01 7.170811e-02
4.557403e-03 1.978996e-01 4.461907e-02 1.418927e-01 3.228506e-02 -2.590047e-01 6.735653e-02 1.463053e-01 2.605669e-02 -6.585782e-02 5.535759e-02 8.389673e-01 7.340313e-02
7.120941e-03 2.407858e-01 4.962848e-02 1.658204e-01 2.769763e-02 -2.301298e-01 7.594476e-02 1.532304e-01 1.816864e-02 -6.330720e-02 3.300054e-02 7.379307e-01 1.665867e-01
1.025416e-02 3.458323e-01 1.951100e-02 2.151998e-01 1.457275e-02 -2.905623e-01 4.963256e-02 1.836984e-01 1.599624e-02 -6.775547e-02 3.364391e-02 8.499603e-01 1.211406e-01
1.395705e-02 4.107758e-01 8.254367e-02 2.356530e-01 4.821124e-02 -2.900993e-01 6.418009e-02 1.890837e-01 3.211585e-02 -7.711444e-02 2.954881e-02 8.528754e-01 1.441133e-01
2.848377e-04 7.753942e-02 1.341272e-02 9.754240e-02 1.749391e-02 -1.499266e-02 3.739335e-02 1.550879e-01 2.962157e-02 8.529764e-02 3.706161e-02 3.470587e-01 9.305831e-02
5.696753e-04 9.581012e-02 1.764593e-02 8.817034e-02 2.054655e-02 -1.243245e-01 3.929665e-02 1.337763e-01 1.563478e-02 5.438838e-02 4.924517e-02 7.209011e-01 2.386032e-01
1.424188e-03 9.675543e-02 1.559227e-02 8.695570e-02 1.100889e-02 -1.157008e-01 4.803964e-02 1.245367e-01 1.250953e-02 4.350753e-02 2.047873e-02 6.474634e-01 1.983450e-01
2.848377e-03 1.831270e-01 9.551576e-03 1.364050e-01 8.891618e-03 -2.533565e-01 1.652288e-02 1.526452e-01 1.379143e-02 -3.328984e-02 3.081039e-02 9.019547e-01 8.180756e-02
4.842240e-03 1.649551e-01 2.821269e-02 1.419858e-01 2.746009e-02 -9.527770e-02 2.391235e-02 1.707307e-01 2.549198e-02 6.585030e-02 4.364798e-02 6.926963e-01 1.462072e-01
7.405779e-03 3.119202e-01 3.645430e-02 2.214838e-01 3.220617e-02 -3.239469e-01 5.477420e-02 1.926801e-01 2.799241e-02 -1.415036e-01 4.660447e-02 8.180920e-01 6.755670e-02
1.053899e-02 2.506080e-01 5.702439e-02 1.418195e-01 3.019461e-02 -2.675502e-01 7.194082e-02 1.184429e-01 1.923417e-02 -8.695821e-02 3.010811e-02 7.937993e-01 1.378623e-01
1.424188e-02 4.816997e-01 6.627369e-02 2.736782e-01 4.230936e-02 -3.133885e-01 8.161550e-02 2.041826e-01 2.970241e-02 -9.182528e-02 5.156008e-02 8.764504e-01 1.867754e-01
1.139351e-03 7.638097e-02 1.570702e-02 7.595299e-02 1.022375e-02 -6.646985e-02 4.943986e-02 1.145209e-01 1.433174e-02 5.195705e-02 3.165028e-02 4.579296e-01 1.001851e-01
1.424188e-03 1.038869e-01 7.225102e-03 1.005987e-01 1.470455e-02 -9.755424e-02 2.245759e-02 1.261186e-01 2.032255e-02 -1.011166e-02 1.372932e-02 3.871061e-01 8.793663e-02
2.278701e-03 1.278727e-01 1.918142e-02 1.331628e-01 1.837291e-02 -7.142750e-02 3.454498e-02 1.806503e-01 2.088341e-02 5.934812e-02 4.088127e-02 5.495682e-01 9.529125e-02
3.702890e-03 1.101428e-01 1.204198e-02 8.023060e-02 1.528351e-02 -1.451631e-01 3.581185e-02 1.130476e-01 1.264372e-02 6.087360e-02 2.463867e-02 8.343833e-01 1.572527e-01
5.696753e-03 2.637902e-01 4.191229e-02 1.974588e-01 3.809985e-02 -2.744501e-01 2.802783e-02 2.059683e-01 3.247122e-02 -2.594904e-02 2.425114e-02 1.089865e+00 1.580388e-01
8.260292e-03 2.723933e-01 4.699952e-02 1.915665e-01 3.720244e-02 -2.599600e-01 6.950437e-02 1.741085e-01 3.152656e-02 -9.391136e-02 4.132763e-02 6.951532e-01 1.391692e-01
1.139351e-02 2.489018e-01 3.305018e-02 1.757658e-01 2.875687e-02 -1.012370e-01 4.382332e-02 1.782903e-01 3.113889e-02 4.904093e-02 3.074950e-02 8.003727e-01 1.740251e-01
1.509640e-02 3.915843e-01 4.212500e-02 2.256450e-01 3.753903e-02 -1.985815e-01 6.023394e-02 1.794648e-01 2.710306e-02 -1.957871e-02 2.385211e-02 8.306242e-01 1.178090e-01
2.563539e-03 1.089331e-01 1.085769e-02 9.586457e-02 1.096773e-02 -1.209733e-01 2.285562e-02 1.277283e-01 7.535022e-03 2.156716e-02 3.511110e-02 6.061907e-01 1.200049e-01
2.848377e-03 9.833734e-02 5.917605e-03 8.502472e-02 4.570924e-03 -9.719780e-02 2.322097e-02 1.265480e-01 9.262424e-03 8.607740e-02 4.381451e-02 7.403360e-01 2.214976e-01
3.702890e-03 1.601618e-01 3.352006e-02 1.298193e-01 2.303303e-02 -1.665797e-01 5.939888e-02 1.503368e-01 1.377508e-02 1.786135e-03 6.498483e-02 7.036922e-01 1.441322e-01
5.127078e-03 2.614350e-01 5.622023e-02 2.119841e-01 4.687475e-02 -2.488755e-01 8.624667e-02 2.178251e-01 3.975363e-02 -5.251924e-02 7.725275e-02 8.855310e-01 2.286492e-01
7.120941e-03 1.858609e-01 1.715381e-02 1.372477e-01 7.645876e-03 -1.353636e-01 4.996406e-02 1.467884e-01 7.813368e-03 1.795051e-02 3.127447e-02 6.509724e-01 1.264640e-01
9.684480e-03 2.491693e-01 2.648147e-02 1.707433e-01 2.704727e-02 -1.867319e-01 3.135428e-02 1.568850e-01 2.583454e-02 -2.922649e-02 3.060627e-02 7.602689e-01 1.110111e-01
1.281769e-02 4.803178e-01 9.390954e-02 3.073918e-01 6.000800e-02 -3.162060e-01 1.048949e-01 2.414154e-01 4.020824e-02 -1.239836e-01 7.297072e-02 8.333004e-01 1.360697e-01
1.652058e-02 4.975055e-01 6.669836e-02 2.765505e-01 3.280560e-02 -3.300081e-01 7.093274e-02 2.160043e-01 1.788227e-02 -9.729651e-02 1.954443e-02 9.010895e-01 1.811033e-01
4.557403e-03 1.782843e-01 3.060732e-02 1.412822e-01 2.619116e-02 -1.984210e-01 3.813261e-02 1.500283e-01 2.037595e-02 -4.741356e-02 3.766070e-02 6.880370e-01 9.057767e-02
4.842240e-03 1.700740e-01 1.936996e-02 1.294027e-01 2.096249e-02 -1.587095e-01 5.651295e-02 1.458433e-01 2.783190e-02 2.208712e-02 4.472655e-02 7.417849e-01 6.051185e-02
5.696753e-03 2.150346e-01 3.479124e-02 1.641422e-01 2.727754e-02 -2.118702e-01 4.223167e-02 1.610526e-01 1.855153e-02 -7.050322e-02 4.461149e-02 6.318877e-01 6.839718e-02
7.120941e-03 2.292370e-01 4.187069e-02 1.678804e-01 3.347761e-02 -2.066681e-01 6.075584e-02 1.693404e-01 2.586768e-02 -2.693822e-02 5.197163e-02 7.898865e-01 1.207428e-01
9.114805e-03 3.328357e-01 7.766659e-02 2.235496e-01 6.360362e-02 -2.790391e-01 3.298748e-02 2.001656e-01 5.022995e-02 -6.540602e-02 5.203655e-02 8.595927e-01 1.416136e-01
1.167834e-02 2.899658e-01 2.760187e-02 1.608901e-01 9.628662e-03 -2.906419e-01 5.352042e-02 1.334343e-01 1.034186e-02 -7.608712e-02 1.796145e-02 9.954969e-01 1.275005e-01
1.481156e-02 5.344712e-01 8.846695e-02 2.963750e-01 5.526811e-02 -3.051341e-01 7.656675e-02 2.113002e-01 3.788457e-02 -1.031095e-01 2.428253e-02 7.576570e-01 1.351850e-01
1.851445e-02 4.230994e-01 7.450620e-02 1.908428e-01 3.947674e-02 -2.678193e-01 9.399256e-02 1.262888e-01 2.055545e-02 -7.028141e-02 4.885500e-02 8.321529e-01 1.230932e-01
7.120941e-03 2.024240e-01 3.190059e-02 1.408275e-01 2.144874e-02 -2.279527e-01 7.401851e-02 1.497740e-01 1.689287e-02 -1.275070e-02 5.858535e-02 9.406202e-01 1.613552e-01
7.405779e-03 2.258859e-01 3.453892e-02 1.637464e-01 3.493403e-02 -1.983690e-01 1.654594e-02 1.615450e-01 3.555034e-02 -3.917125e-02 1.951151e-02 6.866871e-01 1.034360e-01
8.260292e-03 1.505944e-01 1.129735e-02 1.148622e-01 9.032560e-03 -6.472169e-02 3.740147e-02 1.205695e-01 1.212126e-02 8.155245e-03 2.000039e-02 4.054040e-01 6.367586e-02
9.684480e-03 3.134112e-01 4.824594e-02 1.930228e-01 2.994996e-02 -2.662408e-01 6.400121e-02 1.577672e-01 2.109640e-02 -7.083122e-02 4.316336e-02 8.171622e-01 1.510877e-01
1.167834e-02 2.971385e-01 8.587644e-02 1.779897e-01 5.549007e-02 -2.934055e-01 9.233654e-02 1.407063e-01 3.532313e-02 -1.087978e-01 6.096205e-02 8.936770e-01 1.126558e-01
1.424188e-02 3.645823e-01 6.401881e-02 1.943892e-01 3.667160e-02 -3.342051e-01 8.736235e-02 1.462448e-01 2.390581e-02 -1.084348e-01 4.507973e-02 8.961402e-01 1.243200e-01
1.737510e-02 6.289737e-01 4.374852e-02 3.137778e-01 2.871138e-02 -4.167102e-01 5.477108e-02 2.119059e-01 2.241149e-02 -1.612356e-01 3.929529e-02 7.957230e-01 8.525311e-02
2.107799e-02 7.713844e-01 5.471421e-02 3.398007e-01 3.612863e-02 -3.422774e-01 5.665148e-02 2.171827e-01 2.378809e-02 -9.498157e-02 2.177494e-02 9.317106e-01 1.531580e-01
1.025416e-02 2.607031e-01 3.965699e-02 1.576550e-01 2.657182e-02 -2.373349e-01 4.892373e-02 1.388517e-01 1.303255e-02 -4.915735e-02 3.625979e-02 7.534618e-01 1.180903e-01
1.053899e-02 2.732274e-01 3.865398e-02 1.689560e-01 2.341097e-02 -1.692486e-01 3.257422e-02 1.477155e-01 1.560166e-02 -1.094905e-03 2.119510e-02 7.699729e-01 7.909713e-02
1.139351e-02 2.994974e-01 2.258603e-02 1.801468e-01 1.271420e-02 -2.880987e-01 4.420706e-02 1.549149e-01 9.712635e-03 -7.431968e-02 4.628838e-02 9.835209e-01 1.156659e-01
1.281769e-02 4.344184e-01 2.270066e-02 2.541816e-01 7.220895e-03 -3.582131e-01 5.576892e-02 1.948002e-01 5.775437e-03 -1.201200e-01 3.057870e-02 1.011445e+00 8.413154e-02
1.481156e-02 3.741894e-01 3.847083e-02 1.918581e-01 2.242674e-02 -2.535005e-01 2.372555e-02 1.469490e-01 1.248084e-02 -7.110036e-02 1.763736e-02 8.178116e-01 1.773144e-01
1.737510e-02 3.845218e-01 7.040060e-02 2.077633e-01 3.370713e-02 -2.237924e-01 5.542092e-02 1.712152e-01 1.927643e-02 -6.340312e-02 1.659977e-02 7.010595e-01 7.993015e-02
2.050831e-02 5.801639e-01 1.307682e-01 2.663793e-01 5.878802e-02 -3.046398e-01 1.670048e-01 1.928067e-01 3.012959e-02 -7.369161e-02 7.584507e-02 1.072066e+00 1.836027e-01
2.421120e-02 7.196763e-01 7.129753e-02 3.019935e-01 4.350424e-02 -3.508962e-01 6.393985e-02 1.946781e-01 2.804540e-02 -8.690839e-02 2.996610e-02 1.011665e+00 6.551590e-02
1.395705e-02 3.187595e-01 5.934639e-02 1.792365e-01 3.560241e-02 -2.042800e-01 5.760140e-02 1.450270e-01 2.229070e-02 -5.293775e-02 3.558665e-02 6.989387e-01 6.270488e-02
1.424188e-02 3.419864e-01 4.652812e-02 1.962611e-01 3.118176e-02 -2.138105e-01 5.986739e-02 1.544598e-01 2.172173e-02 -5.371005e-02 3.880159e-02 7.442056e-01 7.273044e-02
1.509640e-02 3.632465e-01 4.895796e-02 2.191070e-01 2.340450e-02 -1.541109e-01 3.673019e-02 1.819643e-01 1.264945e-02 -3.859233e-02 2.545148e-02 6.232893e-01 6.439349e-02
1.652058e-02 3.846191e-01 2.512324e-02 2.033397e-01 1.214356e-02 -1.575760e-01 5.087723e-02 1.616944e-01 1.207683e-02 -6.982172e-03 2.715569e-02 6.848186e-01 7.057584e-02
1.851445e-02 4.984344e-01 1.019774e-01 2.488844e-01 4.689974e-02 -2.529866e-01 4.812019e-02 1.849159e-01 2.424274e-02 -7.674056e-02 1.793338e-02 7.088667e-01 1.136145e-01
2.107799e-02 6.784654e-01 8.018880e-02 3.102166e-01 4.113719e-02 -2.807128e-01 6.701294e-02 2.020826e-01 2.294724e-02 -9.025350e-02 3.084411e-02 7.878691e-01 8.163913e-02
2.421120e-02 6.380368e-01 5.669050e-02 2.754261e-01 2.651451e-02 -2.796365e-01 9.231046e-02 1.860741e-01 1.807473e-02 -5.741387e-02 3.020127e-02 8.008918e-01 5.190379e-02
2.791409e-02 7.423284e-01 3.499490e-02 2.474000e-01 2.609391e-02 -4.190722e-01 7.467276e-02 1.760879e-01 2.558735e-02 -1.421152e-01 2.773154e-02 9.595772e-01 1.044907e-01
2.848377e-04 1.310819e-01 2.176946e-02 1.009725e-01 2.343213e-02 -2.325328e-01 5.490109e-02 1.217437e-01 1.980376e-02 -3.991251e-02 3.734988e-02 8.623190e-01 2.721612e-01
5.696753e-04 1.295963e-01 3.002994e-02 9.443564e-02 2.498168e-02 -2.397253e-01 8.392187e-02 1.205280e-01 2.529570e-02 -1.316954e-02 2.956725e-02 9.660482e-01 3.788487e-01
1.424188e-03 1.135899e-01 2.417142e-02 9.102632e-02 1.178056e-02 -1.618651e-01 5.851230e-02 1.204776e-01 1.500609e-02 1.825303e-02 1.361261e-02 7.416076e-01 2.611539e-01
2.848377e-03 1.304920e-01 3.121324e-02 9.802865e-02 2.609060e-02 -1.930311e-01 5.180319e-02 1.145650e-01 1.973114e-02 -2.279341e-02 3.628029e-02 7.510476e-01 2.011684e-01
4.842240e-03 1.426153e-01 1.556279e-02 1.208876e-01 1.297997e-02 -1.089787e-01 2.156053e-02 1.432890e-01 8.448455e-03 2.162471e-02 2.077758e-02 5.968531e-01 8.013294e-02
7.405779e-03 1.757271e-01 2.725237e-02 1.296205e-01 2.175790e-02 -1.299385e-01 4.459412e-02 1.394406e-01 2.114479e-02 1.261181e-02 2.600149e-02 6.095912e-01 8.703738e-02
1.053899e-02 3.621959e-01 9.830044e-02 2.161585e-01 6.214896e-02 -3.371867e-01 1.253635e-01 1.889249e-01 4.587675e-02 -5.188787e-02 7.834758e-02 1.130750e+00 1.371578e-01
1.424188e-02 3.344241e-01 4.400800e-02 1.867886e-01 1.935852e-02 -2.359975e-01 3.673007e-02 1.464833e-01 9.284457e-03 -6.578044e-02 2.618860e-02 7.381256e-01 1.150017e-01
5.696753e-04 1.377804e-01 4.210926e-02 1.336989e-01 3.131058e-02 -1.472271e-01 1.031094e-01 1.967531e-01 4.449605e-02 6.907211e-02 9.043999e-02 8.476559e-01 2.274549e-01
8.545130e-04 9.107226e-02 8.991229e-03 9.949984e-02 1.018057e-02 -5.454105e-02 1.754294e-02 1.426719e-01 1.250630e-02 4.495417e-02 1.337156e-02 3.832824e-01 5.428128e-02
1.709026e-03 1.101273e-01 3.658236e-02 1.047017e-01 2.310553e-02 -1.082505e-01 7.752411e-02 1.333182e-01 1.488143e-02 -9.004039e-04 5.124788e-02 4.672864e-01 1.511017e-01
3.133214e-03 1.332632e-01 2.274799e-02 1.124304e-01 1.863450e-02 -1.390966e-01 4.596802e-02 1.393065e-01 1.593404e-02 2.976707e-02 5.354420e-02 7.337312e-01 1.714836e-01
5.127078e-03 1.553237e-01 2.857810e-02 1.161836e-01 1.472212e-02 -1.407354e-01 5.885787e-02 1.321390e-01 6.600287e-03 2.363347e-02 4.934084e-02 6.698253e-01 1.003275e-01
7.690617e-03 3.356340e-01 5.658649e-02 2.377782e-01 2.892177e-02 -2.698976e-01 9.228870e-02 2.089981e-01 1.942580e-02 -1.062823e-01 4.631271e-02 6.502065e-01 1.485060e-01
1.082383e-02 2.652697e-01 5.531781e-02 1.669141e-01 4.922907e-02 -1.891658e-01 4.584090e-02 1.439784e-01 4.298771e-02 -4.428215e-02 2.550403e-02 6.812219e-01 1.067587e-01
1.452672e-02 3.781019e-01 3.943657e-02 1.999509e-01 1.152118e-02 -2.594811e-01 7.592507e-02 1.588630e-01 1.048544e-02 -5.080133e-02 2.140151e-02 9.747087e-01 2.019521e-01
1.424188e-03 1.181776e-01 2.185171e-02 1.119761e-01 1.626937e-02 -1.114282e-01 3.791101e-02 1.387265e-01 1.351453e-02 -7.540592e-03 2.726496e-02 4.458829e-01 9.837006e-02
1.709026e-03 1.776221e-01 2.832423e-02 1.770464e-01 2.473114e-02 -1.500143e-01 5.013135e-02 2.179277e-01 2.469732e-02 -2.635511e-02 3.681713e-02 5.532901e-01 9.669991e-02
2.563539e-03 1.007087e-01 1.908531e-02 1.031153e-01 1.572028e-02 -5.429947e-02 2.964921e-02 1.342974e-01 1.465991e-02 2.165922e-02 2.084692e-02 3.094352e-01 5.904346e-02
3.987727e-03 2.201268e-01 2.484639e-02 1.811350e-01 2.837843e-02 -2.420577e-01 9.556450e-02 1.963853e-01 4.018545e-02 -5.182828e-02 6.618390e-02 8.695139e-01 2.100442e-01
5.981591e-03 2.151651e-01 2.715180e-02 1.430662e-01 2.502783e-02 -2.770955e-01 5.329056e-02 1.355759e-01 1.939401e-02 -7.732936e-02 4.096973e-02 8.457416e-01 1.840821e-01
8.545130e-03 2.692501e-01 4.899776e-02 1.873723e-01 4.600898e-02 -2.540965e-01 4.009940e-02 1.772811e-01 4.702641e-02 -6.043839e-02 2.303836e-02 8.292360e-01 1.167723e-01
1.167834e-02 3.600044e-01 5.161089e-02 2.306103e-01 3.392619e-02 -2.407103e-01 8.123779e-02 1.939771e-01 2.174932e-02 -4.196422e-02 4.071828e-02 8.640335e-01 1.685880e-01
1.538123e-02 6.391220e-01 1.058721e-01 3.374566e-01 6.427092e-02 -4.132597e-01 6.775821e-02 2.241920e-01 3.965041e-02 -1.285531e-01 4.849787e-02 9.869477e-01 1.368209e-01
2.848377e-03 1.984467e-01 2.601753e-02 1.446211e-01 2.372274e-02 -3.113100e-01 6.411406e-02 1.547642e-01 2.343078e-02 -7.142677e-02 2.703660e-02 1.064403e+00 2.058125e-01
3.133214e-03 1.394967e-01 2.196051e-02 1.055371e-01 1.602828e-02 -1.888799e-01 4.045611e-02 1.123386e-01 1.269091e-02 -4.796810e-02 4.537792e-02 6.415451e-01 6.407810e-02
3.987727e-03 1.942042e-01 4.481720e-02 1.240398e-01 2.844173e-02 -3.081278e-01 1.085981e-01 1.305310e-01 2.083622e-02 -3.745020e-02 4.722366e-02 1.130951e+00 3.666548e-01
5.411916e-03 1.948711e-01 2.670919e-02 1.628406e-01 2.600080e-02 -1.521682e-01 2.042485e-02 1.750931e-01 2.602842e-02 -1.641953e-02 1.340943e-02 6.269233e-01 9.355156e-02
7.405779e-03 2.577094e-01 3.021371e-02 1.759324e-01 1.931971e-02 -2.683962e-01 5.510662e-02 1.578148e-01 1.955134e-02 -9.217854e-02 3.547801e-02 7.549780e-01 8.833645e-02
9.969318e-03 2.865519e-01 5.803038e-02 1.822465e-01 3.187992e-02 -2.575061e-01 8.592549e-02 1.592376e-01 1.734858e-02 -7.738800e-02 5.829999e-02 7.450182e-01 9.282173e-02
1.310253e-02 3.651408e-01 5.075160e-02 2.215097e-01 1.850914e-02 -2.812855e-01 1.091704e-01 1.796736e-01 9.205047e-03 -8.691189e-02 6.151322e-02 8.027339e-01 1.628485e-01
1.680542e-02 5.139679e-01 5.035708e-02 2.703895e-01 2.784015e-02 -2.773595e-01 5.539028e-02 1.913698e-01 1.374088e-02 -7.742524e-02 4.047618e-02 8.244904e-01 9.394274e-02
4.842240e-03 1.478910e-01 1.519398e-02 1.266458e-01 1.205688e-02 -9.562266e-02 3.114580e-02 1.472272e-01 9.376938e-03 2.853323e-02 2.339950e-02 5.333194e-01 4.647992e-02
5.127078e-03 3.034175e-01 6.595489e-02 2.288633e-01 4.903122e-02 -3.143975e-01 8.523819e-02 2.063519e-01 3.757603e-02 -1.487696e-01 5.528772e-02 7.501616e-01 1.665005e-01
5.981591e-03 1.742988e-01 2.123815e-02 1.346198e-01 1.004564e-02 -1.427866e-01 4.182103e-02 1.482929e-01 2.977670e-03 1.566787e-02 2.207975e-02 6.777565e-01 1.221320e-01
7.405779e-03 2.077497e-01 4.001931e-02 1.461061e-01 2.127592e-02 -1.919350e-01 8.348096e-02 1.493489e-01 1.585820e-02 -2.469268e-02 4.316799e-02 6.694173e-01 1.644353e-01
9.399643e-03 2.288482e-01 3.461583e-02 1.599051e-01 3.102993e-02 -1.831211e-01 6.479420e-02 1.578713e-01 3.179820e-02 -1.320586e-02 4.613247e-02 7.713734e-01 9.234318e-02
1.196318e-02 2.726253e-01 2.665678e-02 1.466929e-01 1.453962e-02 -2.744502e-01 2.738776e-02 1.283646e-01 1.495884e-02 -4.207519e-02 2.073858e-02 9.197598e-01 8.860146e-02
1.509640e-02 3.759730e-01 5.783881e-02 2.167005e-01 3.863334e-02 -2.045701e-01 5.590527e-02 1.747867e-01 2.503956e-02 -3.969120e-02 5.055174e-02 8.022465e-01 1.130625e-01
1.879929e-02 4.778983e-01 6.844019e-02 2.215025e-01 3.505737e-02 -3.406324e-01 9.678321e-02 1.634491e-01 2.066721e-02 -8.201768e-02 4.980676e-02 9.476031e-01 9.502776e-02
7.405779e-03 2.286175e-01 6.303618e-02 1.849302e-01 4.952636e-02 -1.105490e-01 5.227072e-02 1.889287e-01 4.087607e-02 -6.230034e-03 4.821122e-02 4.871058e-01 6.529564e-02
7.690617e-03 2.259927e-01 3.944169e-02 1.563740e-01 2.438426e-02 -2.360896e-01 7.155546e-02 1.482713e-01 1.597973e-02 -6.195125e-02 4.866048e-02 7.519809e-01 1.101210e-01
8.545130e-03 3.908616e-01 8.296608e-02 2.753737e-01 5.844373e-02 -3.123418e-01 7.886022e-02 2.328235e-01 4.368309e-02 -1.293924e-01 6.496955e-02 7.709563e-01 6.129107e-02
9.969318e-03 3.940046e-01 7.239135e-02 2.334355e-01 4.774097e-02 -4.975542e-01 1.092426e-01 1.785914e-01 3.537930e-02 -1.884102e-01 5.391280e-02 1.348919e+00 2.438323e-01
1.196318e-02 3.066075e-01 2.624303e-02 1.755179e-01 2.168030e-02 -2.925099e-01 2.406106e-02 1.442786e-01 1.687816e-02 -7.631740e-02 1.851509e-02 9.015614e-01 5.068213e-02
1.452672e-02 3.033858e-01 5.065444e-02 1.755804e-01 3.488682e-02 -1.664119e-01 5.328496e-02 1.493824e-01 2.529096e-02 -2.975896e-02 4.291816e-02 6.308193e-01 6.215440e-02
1.765993e-02 6.480428e-01 9.473262e-02 3.233733e-01 4.062778e-02 -4.561394e-01 1.014083e-01 2.131673e-01 2.047703e-02 -1.992987e-01 3.797814e-02 9.056595e-01 9.414641e-02
2.136282e-02 7.970293e-01 1.066377e-01 3.570632e-01 4.266947e-02 -4.166347e-01 1.206168e-01 2.334472e-01 1.916363e-02 -1.238919e-01 4.405343e-02 9.335002e-01 1.647947e-01
1.053899e-02 3.188825e-01 3.455443e-02 2.037713e-01 2.601478e-02 -2.812872e-01 3.644531e-02 1.816700e-01 1.677684e-02 -7.074659e-02 2.466567e-02 8.676879e-01 1.592605e-01
1.082383e-02 3.564095e-01 5.428582e-02 2.136156e-01 2.734039e-02 -3.258113e-01 8.668000e-02 1.744239e-01 1.429641e-02 -9.171030e-02 5.748775e-02 9.877902e-01 1.050345e-01
1.167834e-02 4.092507e-01 6.817845e-02 2.275142e-01 3.890301e-02 -4.293314e-01 5.078382e-02 1.729880e-01 2.183462e-02 -1.389694e-01 4.219184e-02 1.115897e+00 6.543843e-02
1.310253e-02 4.513872e-01 8.889175e-02 2.539485e-01 5.348108e-02 -3.963271e-01 8.855626e-02 1.919407e-01 3.194634e-02 -1.287428e-01 5.250344e-02 9.802010e-01 1.366065e-01
1.509640e-02 4.611788e-01 9.473545e-02 2.513640e-01 5.010033e-02 -3.495065e-01 1.020606e-01 1.841373e-01 2.304357e-02 -1.281043e-01 5.117629e-02 9.351627e-01 1.386283e-01
1.765993e-02 5.389134e-01 8.200959e-02 2.919839e-01 4.869850e-02 -2.388386e-01 1.822187e-02 2.183076e-01 2.670865e-02 -5.968367e-02 1.523280e-02 8.442022e-01 8.742349e-02
2.079315e-02 7.172546e-01 4.185167e-02 3.182473e-01 2.219472e-02 -3.377713e-01 7.217670e-02 2.116099e-01 1.528030e-02 -1.169672e-01 3.293320e-02 7.715590e-01 1.621647e-01
2.449604e-02 7.389061e-01 8.351809e-02 3.122112e-01 3.335901e-02 -3.953576e-01 7.704773e-02 2.032355e-01 1.596473e-02 -1.174955e-01 3.640691e-02 1.101388e+00 1.759960e-01
1.424188e-02 3.856814e-01 5.405028e-02 2.153851e-01 2.924206e-02 -3.267144e-01 5.714004e-02 1.658958e-01 2.023045e-02 -1.195316e-01 2.958259e-02 8.245821e-01 8.100262e-02
1.452672e-02 4.455729e-01 8.099008e-02 2.381025e-01 4.167816e-02 -3.447094e-01 1.266563e-01 1.772881e-01 1.925912e-02 -9.308395e-02 7.745569e-02 1.025685e+00 7.508083e-02
1.538123e-02 4.559428e-01 1.417288e-01 2.597689e-01 8.733172e-02 -1.685545e-01 9.026626e-02 1.986309e-01 5.274754e-02 -3.914168e-02 4.238933e-02 6.813794e-01 9.695577e-02
1.680542e-02 5.273678e-01 1.194192e-01 2.815157e-01 6.749500e-02 -3.173380e-01 8.612717e-02 1.983131e-01 3.885037e-02 -1.047524e-01 5.599402e-02 8.245982e-01 7.091923e-02
1.879929e-02 5.608362e-01 1.130403e-01 2.788108e-01 6.858914e-02 -3.429282e-01 5.161592e-02 2.087012e-01 4.278754e-02 -9.784791e-02 4.857035e-02 8.288769e-01 7.470659e-02
2.136282e-02 6.574564e-01 8.365697e-02 3.057199e-01 3.542979e-02 -3.719747e-01 6.909326e-02 2.026927e-01 1.476305e-02 -1.238218e-01 2.996392e-02 9.263404e-01 5.812371e-02
2.449604e-02 6.418095e-01 1.518989e-01 2.561879e-01 6.366731e-02 -2.787259e-01 9.570731e-03 1.868953e-01 3.123050e-02 -6.650637e-02 1.542948e-02 7.874398e-01 8.880328e-02
2.819893e-02 7.200146e-01 1.348072e-01 2.448679e-01 7.090337e-02 -2.822480e-01 7.173872e-02 1.702095e-01 3.144815e-02 -8.702305e-02 4.287337e-02 1.088319e+00 6.149796e-02
1.139351e-03 1.451332e-01 3.293003e-02 1.235862e-01 1.155359e-02 -1.981958e-01 1.030177e-01 1.609213e-01 1.214142e-02 4.556883e-03 6.075102e-02 8.454988e-01 2.854855e-01
1.424188e-03 1.505121e-01 1.691715e-02 1.012794e-01 9.883589e-03 -2.957152e-01 5.605404e-02 1.197417e-01 7.690903e-03 -3.216072e-02 3.984117e-02 1.171729e+00 1.593304e-01
2.278701e-03 1.276007e-01 3.028879e-02 1.243088e-01 3.983405e-02 -1.093386e-01 4.408831e-02 1.776324e-01 5.112492e-02 7.545571e-02 2.632357e-02 7.592170e-01 2.036578e-01
3.702890e-03 1.648935e-01 3.298748e-02 1.308628e-01 2.377524e-02 -1.822302e-01 6.693463e-02 1.441191e-01 2.267961e-02 -2.238829e-02 5.188874e-02 7.144054e-01 1.061410e-01
5.696753e-03 1.868788e-01 4.456619e-02 1.228857e-01 3.082504e-02 -2.417227e-01 8.801886e-02 1.161289e-01 2.484465e-02 -5.628996e-02 4.102377e-02 8.123043e-01 2.323695e-01
8.260292e-03 2.172311e-01 1.827602e-02 1.646208e-01 1.047391e-02 -1.102000e-01 4.949812e-02 1.621400e-01 1.114846e-02 2.796281e-03 2.917848e-02 5.557911e-01 1.059967e-01
1.139351e-02 3.213857e-01 3.083196e-02 2.089830e-01 1.925017e-02 -2.033501e-01 4.784463e-02 1.832392e-01 1.354199e-02 -4.603823e-02 3.261340e-02 6.974957e-01 1.127030e-01
1.509640e-02 4.741474e-01 6.445056e-02 2.505494e-01 3.770198e-02 -3.354749e-01 8.843169e-02 1.846183e-01 3.004626e-02 -1.065182e-01 5.134329e-02 8.735774e-01 7.092870e-02
1.424188e-03 9.252367e-02 1.067633e-02 8.991121e-02 4.849622e-03 -8.825137e-02 4.233651e-02 1.310306e-01 9.673896e-03 5.375750e-02 2.924909e-02 5.784718e-01 2.412097e-01
1.709026e-03 1.738396e-01 2.293577e-02 1.417130e-01 1.621930e-02 -2.371085e-01 7.293960e-02 1.959890e-01 3.105687e-02 6.183272e-02 4.474193e-02 1.194742e+00 3.914889e-01
2.563539e-03 1.327788e-01 2.237391e-02 9.304584e-02 8.211547e-03 -2.221959e-01 8.512159e-02 1.072872e-01 9.085452e-03 -2.313191e-02 2.335530e-02 8.810737e-01 2.801154e-01
3.987727e-03 1.542173e-01 2.881981e-02 1.342423e-01 2.332733e-02 -1.320137e-01 4.216787e-02 1.530705e-01 1.724471e-02 -5.296414e-03 4.390751e-02 5.857546e-01 5.726896e-02
5.981591e-03 2.186432e-01 6.510419e-02 1.728998e-01 4.232849e-02 -1.744128e-01 1.016960e-01 1.898957e-01 3.606170e-02 1.530116e-02 9.305162e-02 8.415968e-01 1.695284e-01
8.545130e-03 2.227356e-01 3.286628e-02 1.530831e-01 2.059552e-02 -2.170531e-01 4.760988e-02 1.518112e-01 1.453765e-02 -3.318929e-02 2.159649e-02 8.235814e-01 1.956464e-01
1.167834e-02 3.674459e-01 4.360243e-02 2.284280e-01 2.577695e-02 -2.597787e-01 9.534327e-02 1.875456e-01 1.902686e-02 -6.279986e-02 5.455545e-02 8.802578e-01 1.075752e-01
1.538123e-02 4.484213e-01 6.632337e-02 2.600245e-01 4.148540e-02 -2.252976e-01 1.339820e-02 2.057118e-01 2.482138e-02 -4.065202e-02 1.890400e-02 8.339328e-01 9.399736e-02
2.278701e-03 1.242852e-01 1.473532e-02 1.041848e-01 1.628250e-02 -1.616967e-01 2.870796e-02 1.314148e-01 1.719447e-02 1.057306e-02 2.925096e-02 7.653274e-01 1.007605e-01
2.563539e-03 1.050091e-01 2.000638e-02 1.004452e-01 1.710798e-02 -8.386724e-02 4.391313e-02 1.368216e-01 2.090538e-02 4.434627e-02 4.028411e-02 5.380638e-01 9.015670e-02
3.418052e-03 1.324421e-01 2.411773e-02 1.055105e-01 1.124882e-02 -1.626015e-01 7.290152e-02 1.333263e-01 1.202697e-02 2.534392e-02 3.637283e-02 8.215507e-01 2.120437e-01
4.842240e-03 1.780406e-01 4.927723e-02 1.337780e-01 2.829004e-02 -1.919121e-01 1.021555e-01 1.386167e-01 1.445043e-02 -3.689443e-02 6.065468e-02 6.763505e-01 2.187971e-01
6.836104e-03 1.750113e-01 2.154415e-02 1.229674e-01 2.094783e-02 -1.378582e-01 1.319983e-02 1.310604e-01 1.977460e-02 1.909841e-02 3.572306e-02 6.360681e-01 1.510900e-01
9.399643e-03 3.432031e-01 7.593034e-02 2.452507e-01 5.369284e-02 -2.178324e-01 7.983802e-02 2.080939e-01 4.163001e-02 -8.094962e-02 5.800973e-02 6.178125e-01 1.061660e-01
1.253286e-02 3.585790e-01 2.290303e-02 2.036879e-01 1.034205e-02 -2.989500e-01 6.083452e-02 1.570544e-01 8.790043e-03 -1.032680e-01 1.416876e-02 7.874940e-01 1.478136e-01
1.623575e-02 6.592966e-01 1.267677e-01 3.381076e-01 6.379719e-02 -4.973695e-01 1.008524e-01 2.209195e-01 2.846385e-02 -2.164784e-01 5.417130e-02 9.876519e-01 1.177256e-01
3.702890e-03 1.734941e-01 3.230611e-02 1.268863e-01 2.146478e-02 -2.264811e-01 4.953349e-02 1.281240e-01 1.376105e-02 -5.831011e-02 3.641761e-02 7.246549e-01 7.098987e-02
3.987727e-03 1.412252e-01 1.140992e-02 1.321020e-01 1.500001e-02 -8.407714e-02 3.925051e-02 1.697187e-01 2.045567e-02 6.134298e-02 4.568291e-02 6.083004e-01 1.184306e-01
4.842240e-03 1.419436e-01 1.585919e-02 1.181072e-01 1.288400e-02 -1.002373e-01 6.051880e-02 1.413555e-01 1.567740e-02 4.187009e-02 3.705031e-02 6.074316e-01 1.521200e-01
6.266429e-03 1.867537e-01 2.550172e-02 1.305194e-01 1.803508e-02 -2.058275e-01 3.364318e-02 1.357665e-01 1.427393e-02 -9.670177e-03 2.363949e-02 8.785583e-01 1.585098e-01
8.260292e-03 3.240704e-01 4.663401e-02 2.331894e-01 3.201960e-02 -2.678201e-01 7.037821e-02 2.079598e-01 2.783559e-02 -9.942816e-02 4.505713e-02 6.899639e-01 1.021671e-01
1.082383e-02 2.716478e-01 3.590962e-02 1.680959e-01 2.520965e-02 -2.370887e-01 3.663616e-02 1.410248e-01 1.667718e-02 -7.800882e-02 2.455057e-02 6.662213e-01 7.799774e-02
1.395705e-02 5.697774e-01 1.843892e-01 3.134762e-01 1.056287e-01 -4.375096e-01 1.635917e-01 2.183375e-01 6.002925e-02 -1.622518e-01 9.755553e-02 9.542147e-01 1.627395e-01
1.765993e-02 3.600741e-01 4.063899e-02 1.790810e-01 2.350939e-02 -3.331083e-01 6.667061e-02 1.446284e-01 1.477920e-02 -9.831156e-02 4.758330e-02 9.964294e-01 1.193185e-01
5.696753e-03 1.749988e-01 1.355702e-02 1.359026e-01 1.413010e-02 -1.462389e-01 4.461951e-02 1.466942e-01 1.824848e-02 6.362404e-03 1.973041e-02 7.202356e-01 1.438037e-01
5.981591e-03 2.138598e-01 4.294608e-02 1.667872e-01 2.077932e-02 -1.481498e-01 7.911763e-02 1.732409e-01 1.386245e-02 1.986268e-03 4.626353e-02 6.532700e-01 1.090095e-01
6.836104e-03 1.704206e-01 2.689208e-02 1.164637e-01 1.222126e-02 -1.938201e-01 8.120437e-02 1.293793e-01 8.538804e-03 6.769424e-03 3.876810e-02 8.827706e-01 2.147036e-01
8.260292e-03 1.863280e-01 2.077553e-02 1.298139e-01 1.439115e-02 -1.516151e-01 3.286488e-02 1.357076e-01 1.223229e-02 -1.727428e-02 2.499704e-02 5.461051e-01 5.565323e-02
1.025416e-02 3.886647e-01 6.667899e-02 2.596156e-01 5.553869e-02 -3.219325e-01 5.519340e-02 2.181600e-01 4.458584e-02 -1.306807e-01 4.744817e-02 7.299396e-01 5.732927e-02
1.281769e-02 2.963202e-01 1.702754e-02 1.694712e-01 1.710036e-02 -2.026792e-01 3.881153e-02 1.426651e-01 1.545946e-02 -1.886234e-02 1.578179e-02 8.080067e-01 1.147873e-01
1.595091e-02 4.750693e-01 6.372030e-02 2.541940e-01 3.875575e-02 -3.473704e-01 9.967554e-02 1.928420e-01 2.490605e-02 -1.193267e-01 5.485365e-02 9.187114e-01 1.133603e-01
1.965380e-02 4.980481e-01 6.761003e-02 2.318109e-01 2.317427e-02 -2.878525e-01 6.813729e-02 1.658317e-01 7.887754e-03 -9.182487e-02 2.768764e-02 9.460006e-01 3.291177e-02
8.260292e-03 2.761429e-01 4.619263e-02 1.757453e-01 2.293653e-02 -3.298517e-01 1.204707e-01 1.630379e-01 1.309072e-02 -7.413258e-02 4.984230e-02 1.169392e+00 3.458816e-01
8.545130e-03 2.211444e-01 4.708683e-02 1.515674e-01 2.983401e-02 -2.030976e-01 6.044896e-02 1.400894e-01 1.960390e-02 -5.216046e-02 4.160207e-02 6.969034e-01 1.843625e-01
9.399643e-03 3.149002e-01 7.083271e-02 2.108099e-01 4.507506e-02 -2.816007e-01 1.194699e-01 1.799545e-01 3.309561e-02 -1.068391e-01 6.682905e-02 7.945471e-01 1.951801e-01
1.082383e-02 5.329006e-01 7.542679e-02 3.318625e-01 3.919506e-02 -3.786326e-01 1.256084e-01 2.502016e-01 2.614140e-02 -1.637144e-01 5.719183e-02 7.266076e-01 2.069323e-01
1.281769e-02 6.413462e-01 1.618756e-01 3.838065e-01 9.924986e-02 -5.131444e-01 1.333068e-01 2.691097e-01 6.152078e-02 -2.466547e-01 7.925715e-02 9.421616e-01 1.617941e-01
1.538123e-02 3.334667e-01 4.289728e-02 1.711858e-01 2.301148e-02 -1.769626e-01 1.776382e-02 1.300863e-01 1.077983e-02 -5.259032e-02 1.439689e-02 5.732601e-01 5.084418e-02
1.851445e-02 4.698898e-01 6.600099e-02 2.288989e-01 3.552658e-02 -2.144429e-01 4.596890e-02 1.616762e-01 1.944257e-02 -4.401305e-02 1.805272e-02 7.019636e-01 9.813034e-02
2.221734e-02 6.563517e-01 1.271623e-01 2.525468e-01 6.092189e-02 -4.067756e-01 1.643333e-01 1.660101e-01 2.471561e-02 -1.253421e-01 7.960329e-02 9.346742e-01 1.622820e-01
1.139351e-02 2.755305e-01 3.204417e-02 1.658539e-01 2.209543e-02 -2.487919e-01 4.760671e-02 1.487416e-01 1.628806e-02 -5.610127e-02 4.498385e-02 8.011701e-01 7.096071e-02
1.167834e-02 4.308295e-01 6.902622e-02 2.523693e-01 3.182349e-02 -3.993737e-01 1.280094e-01 1.929887e-01 1.396281e-02 -1.518210e-01 6.168974e-02 9.716703e-01 2.169901e-01
1.253286e-02 3.204063e-01 5.827084e-02 1.872829e-01 3.998321e-02 -2.108535e-01 3.292246e-02 1.549335e-01 2.624379e-02 -5.673463e-02 1.584103e-02 6.476010e-01 4.310578e-02
1.395705e-02 3.753393e-01 6.235126e-02 1.981996e-01 2.384395e-02 -2.370076e-01 9.326830e-02 1.503901e-01 1.028511e-02 -5.113541e-02 3.716230e-02 6.678639e-01 1.400689e-01
1.595091e-02 5.479978e-01 1.009665e-01 2.797683e-01 5.902629e-02 -4.616949e-01 1.053630e-01 1.945938e-01 3.438792e-02 -1.794122e-01 4.746213e-02 9.398719e-01 2.295418e-01
1.851445e-02 4.433407e-01 7.356391e-02 2.058441e-01 3.573167e-02 -3.378759e-01 9.465955e-02 1.580412e-01 1.602623e-02 -8.850800e-02 5.071728e-02 1.068949e+00 1.419507e-01
2.164766e-02 6.661507e-01 5.487093e-02 2.952554e-01 3.748405e-02 -2.105900e-01 7.345760e-02 2.024017e-01 2.208389e-02 -4.830820e-02 4.597550e-02 8.740209e-01 1.823848e-02
2.535055e-02 7.220778e-01 7.832812e-02 2.885359e-01 4.605293e-02 -1.624974e-01 1.024788e-01 1.963877e-01 2.983928e-02 -4.994237e-02 4.025678e-02 7.505189e-01 1.808217e-01
1.509640e-02 4.258504e-01 6.395850e-02 2.267453e-01 3.645679e-02 -3.505432e-01 4.870315e-02 1.809815e-01 1.860704e-02 -1.137394e-01 4.054277e-02 9.145483e-01 6.872361e-02
1.538123e-02 4.539335e-01 9.253162e-02 2.267524e-01 4.308523e-02 -3.887789e-01 1.251335e-01 1.647608e-01 2.462506e-02 -1.076488e-01 5.811100e-02 9.750463e-01 1.914252e-01
1.623575e-02 3.661970e-01 4.319569e-02 1.912979e-01 3.033688e-02 -2.518966e-01 5.883763e-02 1.507788e-01 1.849420e-02 -6.670849e-02 4.100162e-02 8.619435e-01 1.578510e-01
1.765993e-02 5.670159e-01 5.149366e-02 2.880127e-01 2.811098e-02 -3.467145e-01 3.966510e-02 1.990662e-01 1.698247e-02 -1.305263e-01 2.056030e-02 8.706488e-01 7.775118e-02
1.965380e-02 6.023821e-01 7.440268e-02 2.901177e-01 3.621884e-02 -3.005621e-01 7.019798e-02 2.052835e-01 1.894644e-02 -9.702193e-02 5.236250e-02 7.695132e-01 8.703140e-02
2.221734e-02 6.061020e-01 1.003681e-01 2.541949e-01 5.015245e-02 -3.115039e-01 1.050598e-01 1.783057e-01 2.661626e-02 -7.373654e-02 4.635059e-02 8.844989e-01 1.777225e-01
2.535055e-02 1.100231e+00 2.759761e-01 4.400724e-01 1.136675e-01 -5.922126e-01 1.484281e-01 2.442434e-01 4.569409e-02 -2.247687e-01 8.357558e-02 1.163935e+00 1.414039e-01
2.905344e-02 8.262135e-01 1.231654e-01 3.149709e-01 6.846295e-02 -2.919750e-01 1.024633e-01 2.092828e-01 3.473399e-02 -8.244879e-02 4.495163e-02 1.129694e+00 1.155722e-01
2.563539e-03 1.260827e-01 2.620504e-02 1.168024e-01 8.549746e-03 -1.047002e-01 7.904872e-02 1.439027e-01 9.710211e-03 6.295684e-03 4.856663e-02 4.486765e-01 1.726160e-01
2.848377e-03 1.573217e-01 9.505190e-03 1.387277e-01 1.517954e-02 -1.491759e-01 6.100044e-02 1.616858e-01 2.247186e-02 -1.613951e-02 2.336179e-02 5.855236e-01 1.870818e-01
3.702890e-03 1.309084e-01 4.052032e-02 9.840431e-02 3.181020e-02 -1.724402e-01 5.254891e-02 1.084924e-01 2.770312e-02 -2.590871e-02 3.508962e-02 6.895635e-01 1.132525e-01
5.127078e-03 1.534456e-01 2.455760e-02 1.458163e-01 2.345681e-02 -5.411017e-02 2.622877e-02 1.872746e-01 2.466200e-02 9.097326e-02 1.591075e-02 6.152598e-01 9.121661e-02
7.120941e-03 2.901633e-01 2.801141e-02 2.216475e-01 3.101609e-02 -2.260377e-01 4.027206e-02 2.090969e-01 3.026809e-02 -7.166039e-02 2.075318e-02 6.465539e-01 1.297740e-01
9.684480e-03 2.738539e-01 7.076333e-02 1.994971e-01 5.407027e-02 -1.923206e-01 7.045264e-02 1.814421e-01 4.284481e-02 -6.054747e-02 4.474684e-02 6.678897e-01 1.361980e-01
1.281769e-02 2.949216e-01 4.024465e-02 1.796046e-01 2.292006e-02 -1.750170e-01 7.893071e-02 1.536825e-01 1.318389e-02 -8.286125e-03 2.147166e-02 8.168522e-01 2.457566e-01
1.652058e-02 6.041117e-01 1.220259e-01 3.201598e-01 6.368205e-02 -4.837074e-01 1.578383e-01 2.199111e-01 3.707221e-02 -1.634000e-01 8.079745e-02 1.131480e+00 1.655233e-01
2.848377e-03 1.103083e-01 1.486851e-02 9.302807e-02 1.442534e-02 -1.252100e-01 4.992704e-02 1.404094e-01 1.635131e-02 1.023234e-01 4.129715e-02 9.486583e-01 2.475739e-01
3.133214e-03 1.861762e-01 2.439997e-02 1.657415e-01 1.439888e-02 -1.528784e-01 5.633085e-02 1.762012e-01 1.075326e-02 -5.274813e-02 4.273345e-02 4.553725e-01 8.033510e-02
3.987727e-03 1.865293e-01 1.525299e-02 1.591929e-01 1.638142e-02 -1.787015e-01 1.364482e-02 1.703973e-01 1.984183e-02 -4.958982e-02 2.357128e-02 6.110155e-01 6.270486e-02
5.411916e-03 1.947021e-01 3.620881e-02 1.441161e-01 2.427045e-02 -2.143983e-01 5.827861e-02 1.389858e-01 1.758795e-02 -7.746280e-02 4.722754e-02 6.322273e-01 5.982510e-02
7.405779e-03 3.127633e-01 4.768905e-02 2.210098e-01 3.548583e-02 -2.993669e-01 4.678028e-02 1.970212e-01 2.305624e-02 -1.307278e-01 3.779694e-02 6.945835e-01 6.477533e-02
9.969318e-03 2.810118e-01 4.846979e-02 1.743842e-01 2.787302e-02 -2.989951e-01 7.511709e-02 1.491891e-01 1.469340e-02 -7.366403e-02 4.995368e-02 9.933171e-01 1.347263e-01
1.310253e-02 3.859792e-01 6.196100e-02 2.253982e-01 3.180556e-02 -2.801758e-01 9.958764e-02 1.751638e-01 1.924339e-02 -8.700846e-02 5.613624e-02 8.446406e-01 1.647386e-01
1.680542e-02 5.183224e-01 5.341411e-02 2.761325e-01 4.296229e-02 -3.057540e-01 8.450162e-02 2.064428e-01 3.044070e-02 -9.256204e-02 2.290098e-02 7.920656e-01 1.812333e-01
3.702890e-03 1.255667e-01 2.513213e-02 1.113926e-01 2.170115e-02 -9.614913e-02 2.489281e-02 1.406618e-01 2.095632e-02 3.493219e-02 9.843979e-03 5.695069e-01 1.046934e-01
3.987727e-03 1.489212e-01 2.496241e-02 1.284892e-01 9.174125e-03 -1.218961e-01 1.133184e-01 1.617871e-01 2.976044e-02 5.131337e-02 7.404239e-02 7.160491e-01 2.593284e-01
4.842240e-03 1.178870e-01 1.457466e-02 9.438357e-02 8.302930e-03 -1.038435e-01 3.898457e-02 1.226413e-01 9.377733e-03 4.979581e-02 3.428231e-02 6.196001e-01 8.493744e-02
6.266429e-03 2.684804e-01 6.839345e-02 1.908741e-01 4.883512e-02 -2.960523e-01 5.770400e-02 1.755578e-01 3.573388e-02 -1.024618e-01 4.794688e-02 8.572471e-01 1.106855e-01
8.260292e-03 2.300804e-01 1.668927e-02 1.802354e-01 2.348457e-02 -1.167796e-01 2.112385e-02 1.862147e-01 2.464262e-02 1.674808e-02 5.693433e-03 6.865750e-01 9.752934e-02
1.082383e-02 2.364402e-01 3.743130e-02 1.696928e-01 3.193867e-02 -1.253684e-01 4.081263e-02 1.656605e-01 2.904071e-02 5.867487e-04 1.903955e-02 7.040451e-01 9.754456e-02
1.395705e-02 4.271264e-01 1.057005e-01 2.445110e-01 5.480638e-02 -3.430051e-01 1.060294e-01 1.896435e-01 2.958155e-02 -1.162750e-01 5.278973e-02 8.865138e-01 1.085817e-01
1.765993e-02 5.836033e-01 7.030389e-02 3.140069e-01 3.141621e-02 -3.300806e-01 6.614470e-02 2.254035e-01 1.040420e-02 -9.592731e-02 3.054554e-02 9.263991e-01 8.015681e-02
5.127078e-03 1.618813e-01 1.891594e-02 1.290971e-01 1.568322e-02 -1.335050e-01 3.096503e-02 1.532716e-01 1.094695e-02 3.938578e-02 3.570642e-02 7.385803e-01 5.295865e-02
5.411916e-03 1.990617e-01 3.880913e-02 1.458010e-01 3.038739e-02 -2.373619e-01 5.161020e-02 1.453673e-01 2.446262e-02 -9.133598e-02 3.948299e-02 6.380374e-01 9.260042e-02
6.266429e-03 2.086437e-01 4.482000e-02 1.545113e-01 3.274195e-02 -1.924109e-01 7.848115e-02 1.532174e-01 2.731626e-02 -3.297987e-02 5.319659e-02 7.342360e-01 1.561491e-01
7.690617e-03 1.611047e-01 2.290049e-02 9.840428e-02 1.577572e-02 -1.613641e-01 4.376348e-02 1.101892e-01 1.668841e-02 3.816537e-02 2.425455e-02 8.271847e-01 1.150288e-01
9.684480e-03 2.976483e-01 5.041003e-02 1.888758e-01 4.126072e-02 -2.556673e-01 6.446984e-02 1.745248e-01 2.558785e-02 -1.015055e-02 4.986230e-02 1.036555e+00 2.292456e-01
1.224802e-02 4.288945e-01 8.752009e-02 2.501844e-01 6.549416e-02 -2.955471e-01 6.787207e-02 1.862139e-01 4.873359e-02 -8.182380e-02 3.563983e-02 8.165509e-01 1.026893e-01
1.538123e-02 5.023102e-01 1.081563e-01 2.594344e-01 5.603496e-02 -3.434302e-01 6.604877e-02 1.828979e-01 2.978370e-02 -1.020619e-01 3.374065e-02 8.171654e-01 1.140401e-01
1.908412e-02 6.516395e-01 1.254182e-01 3.018882e-01 6.701314e-02 -4.033072e-01 1.451867e-01 1.904801e-01 3.688889e-02 -1.644760e-01 7.758813e-02 9.721789e-01 8.789562e-02
7.120941e-03 2.685825e-01 4.388855e-02 1.922482e-01 3.206892e-02 -2.609758e-01 8.093215e-02 1.723803e-01 2.318629e-02 -1.025918e-01 6.065306e-02 7.203505e-01 1.377325e-01
7.405779e-03 2.092195e-01 2.532060e-02 1.702430e-01 1.820784e-02 -1.260801e-01 6.412118e-02 1.885260e-01 1.880610e-02 5.050418e-02 3.551195e-02 8.749465e-01 1.614662e-01
8.260292e-03 2.258237e-01 1.872684e-02 1.694213e-01 1.829375e-02 -1.507923e-01 5.020137e-02 1.802517e-01 3.087059e-02 1.654988e-02 5.066154e-02 6.697558e-01 1.129482e-01
9.684480e-03 2.993106e-01 4.323725e-02 1.952189e-01 2.518390e-02 -2.621108e-01 9.118995e-02 1.739777e-01 1.634968e-02 -6.468116e-02 6.347520e-02 9.181297e-01 1.074731e-01
1.167834e-02 3.888585e-01 5.017724e-02 2.262879e-01 3.616378e-02 -3.264808e-01 5.994092e-02 1.799313e-01 2.448795e-02 -9.828933e-02 3.795248e-02 8.638028e-01 1.414236e-01
1.424188e-02 4.260613e-01 4.500847e-02 2.326210e-01 3.102468e-02 -3.764011e-01 4.246787e-02 1.716556e-01 2.221133e-02 -1.324679e-01 2.389978e-02 8.680652e-01 8.042108e-02
1.737510e-02 4.498870e-01 5.366661e-02 2.315222e-01 3.973340e-02 -2.723591e-01 2.147349e-02 1.674487e-01 2.687970e-02 -7.129568e-02 1.131370e-02 7.414223e-01 8.114338e-02
2.107799e-02 5.676737e-01 5.481247e-02 2.552079e-01 3.427407e-02 -2.762900e-01 6.556601e-02 1.783230e-01 2.650982e-02 -7.824165e-02 2.727664e-02 8.433311e-01 1.059879e-01
9.684480e-03 2.347604e-01 5.262927e-02 1.345453e-01 3.572038e-02 -2.824208e-01 7.621846e-02 1.269816e-01 2.547090e-02 -2.671797e-02 3.245447e-02 1.080010e+00 1.915161e-01
9.969318e-03 2.730527e-01 4.079554e-02 1.759801e-01 3.013201e-02 -2.271805e-01 3.785785e-02 1.623139e-01 2.135238e-02 -3.413799e-02 2.042385e-02 8.423187e-01 9.763083e-02
1.082383e-02 2.984525e-01 6.610960e-02 1.912085e-01 4.437892e-02 -2.421199e-01 5.472010e-02 1.647325e-01 2.759358e-02 -7.020814e-02 5.476349e-02 6.976646e-01 1.391275e-01
1.224802e-02 3.309136e-01 4.872593e-02 2.000881e-01 3.244456e-02 -2.047707e-01 4.951134e-02 1.643221e-01 2.225640e-02 -4.756260e-02 3.308041e-02 7.495021e-01 1.119222e-01
1.424188e-02 5.394261e-01 1.725897e-01 2.966167e-01 1.025481e-01 -4.500196e-01 1.530890e-01 2.155814e-01 6.252647e-02 -1.678467e-01 9.335468e-02 1.116488e+00 7.513277e-02
1.680542e-02 5.893113e-01 5.370691e-02 3.215328e-01 3.345678e-02 -3.696800e-01 5.700178e-02 2.401199e-01 1.860253e-02 -9.904393e-02 4.852746e-02 1.069126e+00 9.979168e-02
1.993864e-02 8.527761e-01 1.447648e-01 3.998622e-01 7.378109e-02 -4.001102e-01 1.034025e-01 2.530716e-01 3.914115e-02 -1.402363e-01 4.177778e-02 9.450663e-01 7.614090e-02
2.364153e-02 6.650006e-01 1.201956e-01 2.799043e-01 4.364268e-02 -4.519387e-01 1.215908e-01 1.989513e-01 1.655855e-02 -1.446497e-01 5.537126e-02 1.065978e+00 1.209858e-01
1.281769e-02 4.739835e-01 1.112459e-01 2.650059e-01 6.153508e-02 -4.154874e-01 1.298993e-01 2.011911e-01 3.531473e-02 -1.477900e-01 7.216860e-02 8.921208e-01 1.572146e-01
1.310253e-02 3.710504e-01 1.122536e-01 2.194125e-01 6.815358e-02 -2.768834e-01 1.056569e-01 1.713601e-01 4.592272e-02 -9.080687e-02 5.290392e-02 8.518852e-01 1.452429e-01
1.395705e-02 4.319722e-01 9.697787e-02 2.324565e-01 5.803804e-02 -3.222459e-01 8.598956e-02 1.738307e-01 3.503145e-02 -8.183167e-02 5.902916e-02 7.992036e-01 2.221829e-02
1.538123e-02 5.088219e-01 9.073313e-02 2.571209e-01 4.140339e-02 -3.724102e-01 7.373721e-02 1.878149e-01 1.962786e-02 -1.164031e-01 3.564098e-02 8.762946e-01 1.202243e-01
1.737510e-02 3.443910e-01 3.685633e-02 1.732858e-01 2.668245e-02 -2.061241e-01 6.432243e-02 1.408852e-01 1.590957e-02 -4.084638e-02 3.348741e-02 7.662507e-01 1.097562e-01
1.993864e-02 4.492608e-01 5.397677e-02 2.199717e-01 3.015593e-02 -2.106703e-01 5.297777e-02 1.603220e-01 2.193641e-02 -6.017531e-02 2.555600e-02 7.081267e-01 6.623796e-02
2.307185e-02 7.570570e-01 8.845209e-02 3.235150e-01 5.122049e-02 -4.007841e-01 5.161205e-02 2.126510e-01 3.187216e-02 -1.515971e-01 2.199197e-02 9.015237e-01 6.310860e-02
2.677474e-02 8.775334e-01 1.324059e-01 3.319645e-01 5.716559e-02 -5.357166e-01 9.781761e-02 2.142688e-01 2.601157e-02 -1.645907e-01 6.050557e-02 1.031854e+00 4.750771e-02
1.652058e-02 4.773853e-01 9.292297e-02 2.516217e-01 5.587418e-02 -2.918659e-01 4.702903e-02 1.817304e-01 2.883656e-02 -9.648329e-02 2.766714e-02 7.310657e-01 9.211837e-02
1.680542e-02 5.511897e-01 8.805803e-02 2.713757e-01 4.141456e-02 -4.009396e-01 6.507562e-02 1.842187e-01 2.221232e-02 -1.428400e-01 3.279500e-02 8.741258e-01 1.028086e-01
1.765993e-02 4.928443e-01 1.167026e-01 2.150827e-01 4.701291e-02 -3.968507e-01 9.645897e-02 1.486449e-01 2.109223e-02 -1.004106e-01 4.056501e-02 1.149473e+00 1.098531e-01
1.908412e-02 5.494152e-01 3.356748e-02 2.627184e-01 1.929377e-02 -2.508061e-01 6.267361e-02 1.849721e-01 1.599179e-02 -6.278241e-02 1.757152e-02 7.476641e-01 9.841204e-02
2.107799e-02 6.940483e-01 1.245570e-01 3.168438e-01 6.388768e-02 -4.138016e-01 1.068752e-01 2.134548e-01 3.147586e-02 -1.341103e-01 5.981929e-02 8.800836e-01 7.394741e-02
2.364153e-02 6.745659e-01 1.058013e-01 3.024297e-01 5.948512e-02 -2.967827e-01 6.153401e-02 2.059749e-01 3.186650e-02 -7.920988e-02 4.467194e-02 7.948783e-01 8.535800e-02
2.677474e-02 8.284262e-01 2.248415e-01 3.181116e-01 9.332684e-02 -2.859244e-01 1.213360e-01 2.056351e-01 4.413677e-02 -7.420841e-02 4.331273e-02 9.014566e-01 1.112343e-01
3.047763e-02 5.300599e-01 1.023335e-01 1.705486e-01 2.964422e-02 -1.348061e-01 4.239692e-02 1.579938e-01 1.684124e-02 -3.633073e-04 1.409338e-02 9.451682e-01 5.627084e-02
4.557403e-03 2.101730e-01 4.323283e-02 1.604218e-01 2.939321e-02 -2.462738e-01 7.263347e-02 1.582904e-01 1.783340e-02 -7.878321e-02 6.531220e-02 7.774259e-01 1.755101e-01
4.842240e-03 1.901244e-01 6.516289e-02 1.478638e-01 4.125535e-02 -2.185113e-01 1.214077e-01 1.504364e-01 2.428992e-02 -7.679298e-02 8.564777e-02 6.629512e-01 2.023049e-01
5.696753e-03 1.771264e-01 3.284242e-02 1.276348e-01 2.506732e-02 -1.789997e-01 4.394439e-02 1.441899e-01 2.391439e-02 2.884848e-02 4.229145e-02 8.554684e-01 1.833128e-01
7.120941e-03 2.090462e-01 2.212187e-02 1.633540e-01 1.831687e-02 -1.335527e-01 4.449936e-02 1.691583e-01 1.689056e-02 -1.633811e-03 2.774661e-02 6.018337e-01 1.059776e-01
9.114805e-03 2.370478e-01 4.607725e-02 1.703401e-01 4.062692e-02 -1.221078e-01 4.382632e-02 1.617112e-01 3.605032e-02 -1.397635e-02 2.841796e-02 5.299774e-01 6.279207e-02
1.167834e-02 2.998027e-01 4.242819e-02 1.842198e-01 2.454043e-02 -2.010167e-01 5.221389e-02 1.578575e-01 1.869106e-02 -3.803822e-02 2.067577e-02 6.743094e-01 8.763471e-02
1.481156e-02 5.444817e-01 7.536136e-02 2.932373e-01 3.753757e-02 -4.249962e-01 8.014091e-02 1.966042e-01 2.060032e-02 -1.732678e-01 4.756995e-02 9.196411e-01 6.074729e-02
1.851445e-02 5.879557e-01 9.201629e-02 2.893913e-01 4.113784e-02 -3.749790e-01 1.257931e-01 1.919012e-01 1.685677e-02 -1.167352e-01 6.327052e-02 9.093090e-01 1.444527e-01
4.842240e-03 2.063698e-01 3.060111e-02 1.544362e-01 3.055510e-02 -2.252416e-01 4.407999e-02 1.574992e-01 3.248747e-02 -4.468381e-02 3.872323e-02 7.989442e-01 9.170344e-02
5.127078e-03 1.690777e-01 2.310563e-02 1.332277e-01 2.277366e-02 -1.575064e-01 2.461824e-02 1.440480e-01 2.186853e-02 -9.016589e-03 2.773860e-02 6.694899e-01 1.210865e-01
5.981591e-03 2.083241e-01 4.415840e-02 1.424826e-01 2.574578e-02 -2.643963e-01 9.259212e-02 1.349142e-01 1.249219e-02 -7.633320e-02 6.366370e-02 8.429905e-01 1.563623e-01
7.405779e-03 2.215132e-01 2.962638e-02 1.565886e-01 2.537272e-02 -2.382691e-01 4.502327e-02 1.552255e-01 2.465863e-02 -5.040403e-02 3.237750e-02 8.331645e-01 7.932145e-02
9.399643e-03 2.313806e-01 3.384242e-02 1.556166e-01 2.459404e-02 -2.193455e-01 3.260046e-02 1.416341e-01 1.858272e-02 -7.318192e-02 2.675978e-02 6.509140e-01 4.463004e-02
1.196318e-02 3.079805e-01 4.458816e-02 1.841844e-01 2.554472e-02 -1.941206e-01 3.669769e-02 1.678699e-01 1.627233e-02 -1.152167e-02 2.073317e-02 7.337436e-01 9.796919e-02
1.509640e-02 4.206485e-01 7.298360e-02 2.235023e-01 4.022328e-02 -3.228419e-01 5.707953e-02 1.688511e-01 2.135185e-02 -8.111372e-02 3.444009e-02 9.621304e-01 7.897363e-02
1.879929e-02 7.440839e-01 1.067312e-01 3.641407e-01 5.525076e-02 -6.201101e-01 1.239684e-01 2.327734e-01 2.248034e-02 -2.607716e-01 7.891096e-02 1.280809e+00 1.911506e-01
5.696753e-03 1.338630e-01 1.196195e-02 1.117787e-01 9.462669e-03 -7.276952e-02 3.345183e-02 1.334076e-01 1.564614e-02 3.966352e-02 2.317379e-02 4.727577e-01 1.189887e-01
5.981591e-03 2.058415e-01 1.096515e-02 1.612687e-01 6.059330e-03 -1.931644e-01 2.162645e-02 1.626646e-01 8.516058e-03 -6.041893e-02 1.396776e-02 6.209885e-01 9.121402e-02
6.836104e-03 2.501028e-01 3.029949e-02 1.697898e-01 1.493496e-02 -2.707014e-01 4.841683e-02 1.625353e-01 6.910644e-03 -4.481673e-02 3.200150e-02 9.884763e-01 7.637105e-02
8.260292e-03 1.961446e-01 1.878149e-02 1.444491e-01 1.658358e-02 -1.552805e-01 5.853560e-02 1.556866e-01 2.138844e-02 2.089004e-02 3.333140e-02 7.948775e-01 1.183584e-01
1.025416e-02 2.623868e-01 2.987730e-02 1.755993e-01 1.914035e-02 -1.809193e-01 2.885176e-02 1.658209e-01 1.889116e-02 -1.354733e-02 1.757329e-02 6.964812e-01 7.976103e-02
1.281769e-02 3.458101e-01 6.343040e-02 2.031566e-01 3.595137e-02 -2.727642e-01 6.642446e-02 1.620073e-01 2.423951e-02 -8.101599e-02 3.252301e-02 7.950069e-01 1.450751e-01
1.595091e-02 4.072108e-01 7.385525e-02 2.209828e-01 5.554052e-02 -2.681647e-01 3.752530e-02 1.732432e-01 4.026973e-02 -8.286397e-02 3.535385e-02 6.503299e-01 6.548189e-02
1.965380e-02 6.014235e-01 8.412678e-02 2.849285e-01 3.675048e-02 -3.947033e-01 7.746807e-02 1.929844e-01 2.265533e-02 -1.434592e-01 3.257790e-02 9.003342e-01 1.264055e-01
7.120941e-03 2.686083e-01 2.944984e-02 1.953584e-01 2.006464e-02 -2.737827e-01 6.858292e-02 1.865791e-01 1.556143e-02 -9.348303e-02 3.677177e-02 7.906561e-01 1.493372e-01
7.405779e-03 2.414434e-01 5.198318e-02 1.773884e-01 3.702462e-02 -2.055895e-01 7.250144e-02 1.705624e-01 2.722970e-02 -4.764373e-02 4.475364e-02 7.063367e-01 1.402659e-01
8.260292e-03 2.703927e-01 1.769895e-02 1.853638e-01 1.324649e-02 -2.437691e-01 3.793855e-02 1.608072e-01 1.136131e-02 -1.024744e-01 2.956371e-02 5.990776e-01 4.952737e-02
9.684480e-03 3.333664e-01 3.099338e-02 2.314919e-01 3.162594e-02 -2.591805e-01 6.338155e-02 2.027555e-01 3.525790e-02 -9.504577e-02 4.363189e-02 7.319576e-01 1.000000e-01
1.167834e-02 3.458472e-01 8.332281e-02 1.988966e-01 3.958166e-02 -2.939452e-01 1.144578e-01 1.556746e-01 2.151100e-02 -9.688363e-02 5.819956e-02 7.689622e-01 1.533101e-01
1.424188e-02 5.503495e-01 1.123010e-01 3.075644e-01 6.182481e-02 -3.960753e-01 1.236591e-01 2.237428e-01 3.793509e-02 -1.557948e-01 5.499297e-02 8.126448e-01 1.906846e-01
1.737510e-02 5.710370e-01 5.749362e-02 2.787902e-01 2.990359e-02 -3.760674e-01 9.717224e-02 1.934451e-01 2.352257e-02 -1.209772e-01 4.242968e-02 7.849832e-01 1.440279e-01
2.107799e-02 8.315984e-01 1.062899e-01 3.999516e-01 4.542573e-02 -3.751939e-01 1.340281e-01 2.562146e-01 1.596519e-02 -1.362680e-01 7.312858e-02 7.948306e-01 8.937979e-02
9.114805e-03 2.217295e-01 5.158012e-02 1.529884e-01 3.217782e-02 -1.562804e-01 4.443706e-02 1.548018e-01 1.831463e-02 2.228089e-03 3.480823e-02 7.629536e-01 1.043500e-01
9.399643e-03 2.514022e-01 3.305824e-02 1.735083e-01 1.523024e-02 -1.625813e-01 6.833163e-02 1.613657e-01 1.139350e-02 -4.217558e-03 5.588163e-02 7.678638e-01 1.036191e-01
1.025416e-02 3.288290e-01 4.379309e-02 2.111521e-01 2.969115e-02 -2.123889e-01 7.996513e-02 1.794422e-01 2.336468e-02 -5.153461e-02 5.148133e-02 6.717437e-01 7.656268e-02
1.167834e-02 4.774308e-01 7.865726e-02 2.841191e-01 3.824617e-02 -4.763008e-01 1.170674e-01 2.099714e-01 1.836664e-02 -2.101766e-01 6.521411e-02 9.981735e-01 1.634987e-01
1.367221e-02 3.512755e-01 4.771729e-02 1.960338e-01 3.111643e-02 -2.680708e-01 9.366710e-02 1.513625e-01 2.042410e-02 -1.066562e-01 5.828324e-02 7.677904e-01 1.356207e-01
1.623575e-02 5.319439e-01 3.410667e-02 2.817588e-01 1.516269e-02 -3.869549e-01 3.952325e-02 2.024412e-01 1.192522e-02 -1.349264e-01 1.339828e-02 8.542188e-01 7.431444e-02
1.936896e-02 6.109408e-01 9.986798e-02 3.200286e-01 5.968837e-02 -2.715570e-01 5.381810e-02 2.321583e-01 3.606634e-02 -8.635310e-02 4.547881e-02 8.672560e-01 1.693906e-01
2.307185e-02 5.960143e-01 1.089162e-01 2.472863e-01 5.611156e-02 -2.312014e-01 8.181870e-02 1.637857e-01 3.295647e-02 -6.827586e-02 2.642479e-02 8.695500e-01 3.633594e-02
1.167834e-02 2.597648e-01 3.503284e-02 1.600647e-01 2.228968e-02 -1.694815e-01 4.295637e-02 1.373824e-01 1.682804e-02 -2.902019e-02 2.680041e-02 6.742595e-01 8.222075e-02
1.196318e-02 5.750633e-01 1.204392e-01 3.436050e-01 7.952953e-02 -4.942343e-01 1.144311e-01 2.536375e-01 5.173252e-02 -2.063075e-01 8.918347e-02 1.060935e+00 8.761705e-02
1.281769e-02 3.413099e-01 4.115842e-02 2.039761e-01 3.301671e-02 -1.989787e-01 6.538726e-02 1.789983e-01 2.795041e-02 -2.330467e-03 2.618685e-02 8.593077e-01 1.176119e-01
1.424188e-02 4.958451e-01 5.914168e-02 2.527551e-01 3.527421e-02 -3.879623e-01 5.812833e-02 1.708688e-01 1.740096e-02 -1.201146e-01 4.075174e-02 9.748175e-01 1.443309e-01
1.623575e-02 4.639472e-01 8.663673e-02 2.378608e-01 4.887286e-02 -3.165938e-01 7.933105e-02 1.698284e-01 2.992865e-02 -1.081525e-01 3.666812e-02 9.216864e-01 1.001601e-01
1.879929e-02 4.484213e-01 7.842227e-02 2.135852e-01 3.856508e-02 -2.366594e-01 4.591980e-02 1.563929e-01 1.855776e-02 -6.196915e-02 1.896556e-02 7.744549e-01 4.902872e-02
2.193250e-02 5.970072e-01 1.637319e-01 2.447570e-01 6.849054e-02 -3.310211e-01 9.966288e-02 1.677023e-01 2.555517e-02 -9.276482e-02 5.018889e-02 8.697591e-01 1.256756e-01
2.563539e-02 8.215530e-01 1.378389e-01 3.494637e-01 6.510432e-02 -2.679789e-01 1.421831e-01 2.164126e-01 2.857132e-02 -9.908532e-02 6.944016e-02 8.369154e-01 1.388699e-01
1.481156e-02 3.624522e-01 5.654006e-02 2.001270e-01 3.978927e-02 -2.341975e-01 2.910729e-02 1.704093e-01 2.909386e-02 -5.876128e-02 1.690889e-02 7.495402e-01 7.005171e-02
1.509640e-02 6.554716e-01 1.815686e-02 3.610524e-01 1.189586e-02 -5.216335e-01 4.957940e-02 2.515207e-01 1.526493e-02 -2.033165e-01 1.197604e-02 1.077019e+00 1.516565e-01
1.595091e-02 4.087310e-01 5.433790e-02 2.198220e-01 2.414779e-02 -2.763113e-01 6.919781e-02 1.696419e-01 9.458719e-03 -8.295544e-02 2.943179e-02 8.893227e-01 1.117912e-01
1.737510e-02 5.453394e-01 6.695829e-02 2.835383e-01 3.596389e-02 -2.104517e-01 6.024531e-02 2.052586e-01 1.488648e-02 -3.073551e-02 3.867492e-02 8.436502e-01 7.838087e-02
1.936896e-02 5.894412e-01 1.932082e-01 2.751368e-01 9.520720e-02 -3.097785e-01 9.348999e-02 1.935835e-01 4.685548e-02 -7.613293e-02 4.685130e-02 9.343383e-01 1.003209e-01
2.193250e-02 5.376999e-01 1.185788e-01 2.202709e-01 5.289702e-02 -2.218537e-01 6.942998e-02 1.484816e-01 2.673885e-02 -5.813968e-02 2.455741e-02 8.663951e-01 1.307270e-01
2.506571e-02 8.882290e-01 2.299825e-01 3.829732e-01 1.075127e-01 -4.174150e-01 7.922218e-02 2.493890e-01 5.309907e-02 -1.817657e-01 4.002994e-02 7.887594e-01 8.882446e-02
2.876860e-02 6.158261e-01 8.854535e-02 2.170038e-01 4.071774e-02 -2.354270e-01 6.356325e-02 1.701509e-01 1.917979e-02 -3.861518e-02 3.914408e-02 9.299482e-01 8.352387e-02
1.851445e-02 4.187296e-01 2.378812e-02 2.217339e-01 1.940474e-02 -1.592356e-01 3.336764e-02 1.673866e-01 1.665662e-02 -2.841845e-02 2.190259e-02 6.853270e-01 7.938229e-02
1.879929e-02 5.922393e-01 6.347324e-02 2.880623e-01 3.579267e-02 -3.671559e-01 7.416683e-02 1.998342e-01 2.265195e-02 -1.257576e-01 3.534531e-02 9.050012e-01 9.346552e-02
1.965380e-02 7.156137e-01 5.447123e-02 3.714410e-01 2.345490e-02 -2.301722e-01 6.876025e-02 2.560640e-01 1.260616e-02 -6.770158e-02 4.169069e-02 6.958417e-01 7.732587e-02
2.107799e-02 7.652440e-01 1.165053e-01 3.352953e-01 5.625784e-02 -5.297592e-01 1.568442e-01 2.123137e-01 2.749553e-02 -1.550892e-01 7.205952e-02 1.113107e+00 2.171666e-01
2.307185e-02 5.673839e-01 7.470828e-02 2.889136e-01 4.220194e-02 -1.914013e-01 1.072031e-01 2.260195e-01 2.101038e-02 -3.620754e-02 6.209718e-02 7.745909e-01 9.969988e-02
2.563539e-02 8.175212e-01 8.271335e-02 3.519966e-01 3.498530e-02 -3.637747e-01 3.350658e-02 2.207111e-01 1.591425e-02 -1.172977e-01 3.665433e-02 8.944225e-01 3.919993e-02
2.876860e-02 6.281823e-01 1.259461e-01 2.444061e-01 4.809480e-02 -2.190396e-01 6.779348e-02 2.044235e-01 3.033461e-02 -4.569029e-02 2.611832e-02 8.451870e-01 1.299567e-01
3.247149e-02 7.074170e-01 1.260019e-01 2.464222e-01 5.544214e-02 -2.370971e-01 1.055892e-01 2.034156e-01 2.133040e-02 -5.830424e-02 4.594287e-02 1.025125e+00 6.520798e-02
7.120941e-03 3.223986e-01 6.495129e-02 2.243005e-01 4.549908e-02 -3.453094e-01 1.076921e-01 1.973768e-01 3.502330e-02 -1.374621e-01 6.025906e-02 9.542241e-01 2.261862e-01
7.405779e-03 1.867040e-01 3.221725e-02 1.163670e-01 1.754145e-02 -2.589246e-01 6.866908e-02 1.186760e-01 1.328619e-02 -2.882908e-02 2.920562e-02 1.031508e+00 2.149198e-01
8.260292e-03 2.882232e-01 3.411227e-02 1.995458e-01 2.886460e-02 -2.298088e-01 2.186622e-02 1.783411e-01 2.426403e-02 -6.202170e-02 2.175243e-02 7.585643e-01 7.108482e-02
9.684480e-03 2.884805e-01 9.211110e-02 1.859860e-01 6.570110e-02 -2.434562e-01 6.658868e-02 1.553641e-01 4.458359e-02 -9.637909e-02 5.068758e-02 6.010322e-01 8.828650e-02
1.167834e-02 3.689633e-01 4.707005e-02 2.390297e-01 2.569823e-02 -1.507406e-01 4.914504e-02 1.933921e-01 1.185486e-02 -2.519986e-02 4.396225e-02 5.642243e-01 6.575518e-02
1.424188e-02 4.558009e-01 5.540185e-02 2.601656e-01 2.626069e-02 -3.320701e-01 7.994502e-02 1.927096e-01 1.074877e-02 -1.284016e-01 3.224774e-02 8.257650e-01 1.420417e-01
1.737510e-02 5.093886e-01 7.884530e-02 2.508397e-01 4.767868e-02 -3.693427e-01 5.869703e-02 1.755687e-01 2.725624e-02 -1.171804e-01 3.047884e-02 1.029611e+00 1.025895e-01
2.107799e-02 5.760059e-01 1.359635e-01 2.336525e-01 6.321172e-02 -3.047500e-01 1.211408e-01 1.692397e-01 2.399503e-02 -4.496599e-02 4.921197e-02 9.342162e-01 1.237545e-01
7.405779e-03 1.943275e-01 2.168557e-02 1.288473e-01 1.174312e-02 -2.432731e-01 5.944909e-02 1.330585e-01 1.373622e-02 -2.422907e-02 1.224521e-02 9.754222e-01 2.434254e-01
7.690617e-03 2.100127e-01 2.541928e-02 1.563964e-01 1.838925e-02 -1.556091e-01 3.432919e-02 1.636891e-01 1.677656e-02 -5.324179e-03 2.329139e-02 6.331121e-01 7.223086e-02
8.545130e-03 2.948186e-01 5.064849e-02 2.057010e-01 3.910887e-02 -2.443302e-01 6.307176e-02 1.796060e-01 2.969341e-02 -8.832510e-02 3.538410e-02 6.771644e-01 1.277178e-01
9.969318e-03 3.867772e-01 3.754840e-02 2.571936e-01 3.399847e-02 -2.794631e-01 6.678638e-02 2.157848e-01 3.146281e-02 -8.754000e-02 4.044505e-02 8.389403e-01 1.138721e-01
1.196318e-02 3.074792e-01 6.749159e-02 1.760131e-01 3.785606e-02 -2.841865e-01 8.757006e-02 1.509907e-01 2.444511e-02 -8.399899e-02 3.551501e-02 7.393998e-01 1.402123e-01
1.452672e-02 4.483459e-01 7.051909e-02 2.515000e-01 4.520935e-02 -3.299342e-01 5.330134e-02 1.903015e-01 2.770542e-02 -1.102192e-01 3.735469e-02 9.146270e-01 7.995953e-02
1.765993e-02 4.171459e-01 7.965843e-02 1.920181e-01 5.700959e-02 -2.690612e-01 5.265188e-02 1.472024e-01 3.820325e-02 -5.665590e-02 1.683612e-02 7.639057e-01 1.026952e-01
2.136282e-02 6.098175e-01 9.873373e-02 2.581106e-01 4.336074e-02 -3.804396e-01 7.124695e-02 1.698735e-01 2.350709e-02 -1.210639e-01 2.361741e-02 9.493975e-01 8.545099e-02
8.260292e-03 2.680940e-01 4.755306e-02 1.702609e-01 2.755623e-02 -2.812732e-01 7.865767e-02 1.494420e-01 1.366997e-02 -8.057782e-02 5.570670e-02 8.608161e-01 1.076011e-01
8.545130e-03 3.393269e-01 5.285329e-02 2.435856e-01 3.926819e-02 -2.614699e-01 4.661246e-02 2.199035e-01 2.770708e-02 -7.803600e-02 3.166566e-02 7.801164e-01 7.059441e-02
9.399643e-03 3.097255e-01 5.192470e-02 2.127388e-01 3.868489e-02 -2.269980e-01 7.500097e-02 1.925205e-01 3.005589e-02 -2.633485e-02 3.327943e-02 9.932543e-01 2.417192e-01
1.082383e-02 3.313447e-01 3.642647e-02 2.146554e-01 3.335573e-02 -2.088098e-01 3.856156e-02 1.855238e-01 3.276059e-02 -5.012987e-02 2.817807e-02 7.255006e-01 9.129528e-02
1.281769e-02 4.361747e-01 5.042738e-02 2.758129e-01 2.999350e-02 -2.395501e-01 6.852023e-02 2.254174e-01 1.596263e-02 -6.018735e-02 5.659524e-02 7.084387e-01 7.497574e-02
1.538123e-02 3.877880e-01 1.688430e-02 1.924556e-01 1.645945e-02 -3.117434e-01 3.012088e-02 1.402327e-01 1.194006e-02 -9.379302e-02 1.763181e-02 8.356704e-01 9.162211e-02
1.851445e-02 6.019187e-01 9.456198e-02 2.886357e-01 4.492863e-02 -3.221077e-01 8.439160e-02 1.967506e-01 2.120595e-02 -9.769703e-02 5.407392e-02 8.009740e-01 7.159237e-02
2.221734e-02 6.361608e-01 7.380428e-02 2.826935e-01 3.745081e-02 -2.656346e-01 6.501043e-02 1.986364e-01 1.539666e-02 -7.492954e-02 3.579099e-02 8.603098e-01 1.035456e-01
9.684480e-03 3.139266e-01 3.254987e-02 2.083162e-01 2.329576e-02 -3.074249e-01 6.528759e-02 1.902529e-01 2.589420e-02 -9.190985e-02 3.354588e-02 9.654284e-01 1.843045e-01
9.969318e-03 2.408776e-01 4.640016e-02 1.687350e-01 2.221245e-02 -1.597248e-01 9.197317e-02 1.569992e-01 1.084175e-02 -2.819678e-02 6.299623e-02 6.866495e-01 6.109947e-02
1.082383e-02 2.618486e-01 1.377859e-02 1.554605e-01 1.551201e-02 -2.329495e-01 4.513937e-02 1.305286e-01 1.266546e-02 -6.266639e-02 3.013101e-02 6.623780e-01 1.413286e-01
1.224802e-02 3.548192e-01 6.816447e-02 2.116611e-01 4.594337e-02 -2.340699e-01 6.446023e-02 1.711280e-01 3.197719e-02 -5.757132e-02 3.879338e-02 7.623148e-01 1.254549e-01
1.424188e-02 4.789895e-01 5.834892e-02 2.784004e-01 2.545578e-02 -3.057349e-01 1.064897e-01 2.120484e-01 1.745624e-02 -9.811474e-02 5.693957e-02 8.609657e-01 1.290681e-01
1.680542e-02 4.323429e-01 1.121849e-01 2.368852e-01 5.953259e-02 -2.455151e-01 6.983859e-02 1.750544e-01 3.028770e-02 -9.387350e-02 4.226119e-02 7.609192e-01 5.451558e-02
1.993864e-02 6.981850e-01 6.488460e-02 3.640599e-01 5.175889e-02 -3.018766e-01 4.359043e-02 2.552734e-01 3.389098e-02 -1.033536e-01 1.463073e-02 7.320905e-01 7.374904e-02
2.364153e-02 6.844679e-01 1.274236e-01 2.698362e-01 4.794124e-02 -4.787550e-01 1.324602e-01 1.784274e-01 2.077243e-02 -1.698185e-01 4.911977e-02 1.004970e+00 1.340639e-01
1.167834e-02 3.786757e-01 4.287766e-02 2.480902e-01 3.032684e-02 -1.986186e-01 2.493559e-02 2.106792e-01 2.074630e-02 -3.465306e-02 1.864573e-02 6.903155e-01 6.226309e-02
1.196318e-02 4.492606e-01 3.752122e-02 2.872987e-01 2.998006e-02 -2.881647e-01 5.211002e-02 2.355938e-01 2.432480e-02 -1.020024e-01 3.376273e-02 7.243829e-01 8.510062e-02
1.281769e-02 4.238969e-01 8.558109e-02 2.587170e-01 5.670741e-02 -2.407931e-01 4.956995e-02 2.035128e-01 3.729073e-02 -7.328884e-02 2.847995e-02 7.375056e-01 1.164470e-01
1.424188e-02 3.827009e-01 6.692933e-02 1.979149e-01 3.815922e-02 -2.714244e-01 5.303740e-02 1.550033e-01 2.606953e-02 -5.706315e-02 2.198103e-02 7.448542e-01 9.457316e-02
1.623575e-02 4.182958e-01 6.223398e-02 2.090170e-01 2.702280e-02 -3.981056e-01 1.042866e-01 1.592707e-01 2.008179e-02 -1.043424e-01 4.846824e-02 1.141146e+00 1.903942e-01
1.879929e-02 5.194513e-01 8.729803e-02 2.651020e-01 4.132452e-02 -3.196480e-01 9.369121e-02 1.897831e-01 1.910588e-02 -1.267641e-01 4.307690e-02 9.722100e-01 2.122699e-01
2.193250e-02 7.490155e-01 1.950834e-01 3.266374e-01 1.083656e-01 -4.551916e-01 1.227464e-01 2.125005e-01 5.809660e-02 -1.376590e-01 6.805626e-02 1.042502e+00 1.190401e-01
2.563539e-02 6.473113e-01 1.062384e-01 2.243104e-01 3.203280e-02 -4.319467e-01 4.767513e-02 1.398266e-01 8.666534e-03 -1.375511e-01 1.946678e-02 1.049950e+00 1.524155e-01
1.424188e-02 3.261411e-01 2.521734e-02 1.868519e-01 2.363735e-02 -2.357774e-01 3.880899e-02 1.625020e-01 2.109958e-02 -6.541385e-02 3.086339e-02 8.158779e-01 8.159221e-02
1.452672e-02 3.184300e-01 6.410548e-02 1.711737e-01 4.278943e-02 -1.890652e-01 3.966043e-02 1.437883e-01 2.137913e-02 2.520644e-03 3.841629e-02 8.645085e-01 5.732736e-02
1.538123e-02 5.432585e-01 7.837998e-02 2.801086e-01 4.122922e-02 -4.190767e-01 1.162440e-01 1.959844e-01 2.093073e-02 -1.442953e-01 5.371474e-02 9.894186e-01 1.450304e-01
1.680542e-02 4.809735e-01 7.844094e-02 2.298525e-01 5.050115e-02 -3.257169e-01 8.619135e-02 1.693194e-01 3.573323e-02 -9.022358e-02 5.869061e-02 8.209301e-01 9.400184e-02
1.879929e-02 4.735291e-01 7.107228e-02 2.400709e-01 5.103066e-02 -2.297123e-01 4.346027e-02 1.873053e-01 3.796000e-02 -4.399337e-02 3.013910e-02 8.090203e-01 7.235211e-02
2.136282e-02 7.260266e-01 1.043155e-01 3.351365e-01 4.566492e-02 -4.097143e-01 6.883371e-02 2.156750e-01 2.324554e-02 -1.506464e-01 2.607521e-02 1.035362e+00 9.523447e-02
2.449604e-02 7.108765e-01 7.787951e-02 2.806062e-01 2.780894e-02 -3.898316e-01 7.451873e-02 1.777665e-01 1.178412e-02 -1.048703e-01 3.361096e-02 9.331485e-01 9.778849e-02
2.819893e-02 8.664126e-01 1.836703e-01 3.102992e-01 6.284927e-02 -3.858058e-01 1.169469e-01 1.987131e-01 2.951132e-02 -1.270308e-01 5.253897e-02 1.006420e+00 1.309188e-01
1.737510e-02 8.260740e-01 1.472023e-01 4.406030e-01 8.713919e-02 -5.142224e-01 9.610147e-02 2.868987e-01 5.348256e-02 -2.225074e-01 4.588795e-02 9.485499e-01 1.429777e-01
1.765993e-02 6.449260e-01 5.467636e-02 3.452960e-01 2.348576e-02 -3.324089e-01 2.255475e-02 2.397914e-01 1.488977e-02 -1.419879e-01 3.212890e-02 8.861651e-01 8.747395e-02
1.851445e-02 6.169946e-01 1.221404e-01 3.074313e-01 6.372964e-02 -3.920302e-01 1.074413e-01 2.210802e-01 3.531949e-02 -1.513976e-01 6.501163e-02 9.051788e-01 5.454935e-02
1.993864e-02 4.796733e-01 6.457000e-02 2.424350e-01 3.906033e-02 -1.635485e-01 4.135921e-02 1.807605e-01 2.394167e-02 -2.728366e-02 2.227909e-02 7.694988e-01 1.421701e-01
2.193250e-02 6.225086e-01 1.034222e-01 2.785630e-01 4.332872e-02 -3.078875e-01 1.214315e-01 1.952690e-01 1.851835e-02 -7.810401e-02 6.207111e-02 8.753845e-01 7.310692e-02
2.449604e-02 7.160492e-01 1.386777e-01 2.914239e-01 5.337421e-02 -4.487287e-01 1.363829e-01 1.983917e-01 2.599887e-02 -1.366977e-01 4.823572e-02 1.045131e+00 1.406343e-01
2.762925e-02 8.741931e-01 1.537432e-01 3.558177e-01 7.610784e-02 -3.011060e-01 4.778510e-02 2.219375e-01 3.682204e-02 -1.167465e-01 3.219708e-02 7.889657e-01 3.672929e-02
3.133214e-02 6.475551e-01 3.008119e-02 2.197060e-01 2.668859e-02 -2.750747e-01 4.553100e-02 1.775334e-01 2.123781e-02 -9.338245e-02 3.041064e-02 9.874513e-01 8.909197e-02
2.107799e-02 7.957306e-01 7.835526e-02 3.623680e-01 3.405428e-02 -5.037371e-01 4.801610e-02 2.201670e-01 1.796500e-02 -1.843949e-01 2.473468e-02 9.655510e-01 1.107769e-01
2.136282e-02 7.901680e-01 2.470292e-01 3.864298e-01 1.447660e-01 -3.596400e-01 1.258724e-01 2.467968e-01 8.308192e-02 -1.260594e-01 6.843898e-02 8.856200e-01 7.114214e-02
2.221734e-02 7.310145e-01 1.782402e-01 3.051676e-01 8.004778e-02 -3.717821e-01 1.209715e-01 1.939426e-01 3.613435e-02 -1.058336e-01 5.354997e-02 9.398500e-01 9.379258e-02
2.364153e-02 8.538161e-01 1.553946e-01 3.783156e-01 6.988318e-02 -5.138900e-01 6.263298e-02 2.380133e-01 3.112706e-02 -2.083248e-01 3.344286e-02 9.431259e-01 5.803994e-02
2.563539e-02 7.202174e-01 1.107953e-01 2.983320e-01 3.888779e-02 -3.065736e-01 9.240721e-02 2.091427e-01 2.029182e-02 -6.754247e-02 4.209547e-02 9.883619e-01 1.454749e-01
2.819893e-02 7.441154e-01 3.728238e-02 2.735564e-01 1.442974e-02 -2.839636e-01 7.370046e-02 1.858404e-01 1.410115e-02 -1.149919e-01 3.489284e-02 8.714569e-01 4.050427e-02
3.133214e-02 5.825790e-01 7.058277e-02 2.097034e-01 3.668470e-02 -2.535714e-01 1.102603e-01 1.636917e-01 1.943051e-02 -1.042893e-01 5.637208e-02 1.026831e+00 2.123062e-01
3.503503e-02 6.345284e-01 9.022517e-02 1.659729e-01 1.974162e-02 -2.580067e-01 7.601817e-02 1.730004e-01 8.783530e-03 -5.750621e-02 1.936463e-02 1.090475e+00 1.257649e-01
1.025416e-02 3.172622e-01 4.042266e-02 1.881157e-01 2.060719e-02 -3.307533e-01 5.785212e-02 1.681532e-01 1.077965e-02 -6.233518e-02 3.396765e-02 1.088000e+00 1.277926e-01
1.053899e-02 3.469773e-01 1.065230e-01 2.093920e-01 6.176596e-02 -2.757507e-01 1.386950e-01 1.740823e-01 3.668359e-02 -8.255437e-02 8.747416e-02 7.046934e-01 1.851208e-01
1.139351e-02 3.424240e-01 6.100476e-02 1.972394e-01 3.932282e-02 -3.168182e-01 5.592712e-02 1.577528e-01 2.504239e-02 -1.002939e-01 3.491528e-02 9.345049e-01 8.087125e-02
1.281769e-02 4.871611e-01 5.791204e-02 2.702171e-01 3.273810e-02 -4.280785e-01 1.053046e-01 2.002992e-01 2.279963e-02 -1.483060e-01 5.188610e-02 9.688972e-01 1.575390e-01
1.481156e-02 6.001893e-01 1.068448e-01 3.406812e-01 5.690750e-02 -4.306585e-01 1.374209e-01 2.438110e-01 3.664943e-02 -1.486571e-01 6.795334e-02 1.073493e+00 1.854153e-01
1.737510e-02 5.308493e-01 9.646438e-02 2.773475e-01 6.019409e-02 -3.415705e-01 4.310408e-02 2.004782e-01 3.681818e-02 -7.906830e-02 9.180326e-03 1.031709e+00 1.269503e-01
2.050831e-02 5.013465e-01 1.501329e-01 2.247778e-01 7.148070e-02 -2.930303e-01 8.708997e-02 1.597099e-01 3.574411e-02 -8.405334e-02 4.735779e-02 8.945666e-01 1.085139e-01
2.421120e-02 7.218405e-01 1.360163e-01 2.829266e-01 5.789058e-02 -5.321384e-01 1.336833e-01 1.837793e-01 2.836392e-02 -1.583871e-01 6.198719e-02 1.227399e+00 1.596899e-01
1.053899e-02 3.536818e-01 1.058618e-01 2.337344e-01 6.942820e-02 -3.126282e-01 1.126851e-01 2.065998e-01 4.987330e-02 -1.128406e-01 5.396178e-02 7.430084e-01 2.580601e-01
1.082383e-02 3.021657e-01 4.508363e-02 1.985592e-01 3.111849e-02 -2.139720e-01 4.435921e-02 1.807723e-01 2.358440e-02 -3.686672e-02 3.169695e-02 7.716013e-01 8.978459e-02
1.167834e-02 2.522382e-01 6.543912e-02 1.645060e-01 3.924420e-02 -1.695103e-01 6.548609e-02 1.500684e-01 2.882801e-02 -2.675588e-02 3.787143e-02 6.955198e-01 1.322270e-01
1.310253e-02 3.856169e-01 4.081619e-02 2.352443e-01 3.120964e-02 -2.474813e-01 4.617370e-02 1.803644e-01 2.600043e-02 -8.913980e-02 2.415962e-02 7.097299e-01 9.154136e-02
1.509640e-02 4.573251e-01 7.070036e-02 2.531020e-01 4.956203e-02 -3.189477e-01 3.929344e-02 1.940026e-01 3.147277e-02 -1.080806e-01 4.103417e-02 8.059596e-01 7.340136e-02
1.765993e-02 4.355649e-01 5.542064e-02 2.221864e-01 3.369410e-02 -2.558553e-01 5.189393e-02 1.726870e-01 1.899582e-02 -4.354261e-02 3.054228e-02 9.328036e-01 4.908385e-02
2.079315e-02 6.669424e-01 1.400495e-01 2.938639e-01 6.176273e-02 -4.477620e-01 1.308045e-01 1.882415e-01 2.684419e-02 -1.500718e-01 6.351168e-02 9.647130e-01 8.947947e-02
2.449604e-02 8.045618e-01 9.413934e-02 3.068898e-01 4.062113e-02 -4.012128e-01 1.243387e-01 1.928852e-01 1.878486e-02 -1.109384e-01 5.183483e-02 9.728708e-01 1.305923e-01
1.139351e-02 4.571937e-01 8.995590e-02 2.913655e-01 5.032876e-02 -4.059260e-01 1.600655e-01 2.330815e-01 3.270181e-02 -1.643839e-01 1.024617e-01 1.001135e+00 1.860482e-01
1.167834e-02 3.037890e-01 5.251714e-02 2.012616e-01 3.594858e-02 -1.980350e-01 5.728423e-02 1.724841e-01 2.905147e-02 -5.357404e-02 4.191823e-02 7.183384e-01 1.684281e-01
1.253286e-02 3.413972e-01 4.993281e-02 2.340980e-01 3.207391e-02 -1.644304e-01 5.883307e-02 2.088706e-01 1.857788e-02 -1.370401e-02 4.188625e-02 7.289039e-01 3.689747e-02
1.395705e-02 3.747232e-01 3.811930e-02 2.025964e-01 2.360723e-02 -2.923165e-01 3.084780e-02 1.570164e-01 1.814706e-02 -7.810747e-02 3.164892e-02 9.988464e-01 1.416559e-01
1.595091e-02 5.585716e-01 1.633863e-01 3.158385e-01 9.166074e-02 -2.977452e-01 1.125654e-01 2.338770e-01 5.395243e-02 -6.842218e-02 6.445811e-02 7.772959e-01 9.178929e-02
1.851445e-02 4.540044e-01 4.096962e-02 2.225697e-01 2.648878e-02 -2.442997e-01 4.630859e-02 1.691272e-01 1.883479e-02 -3.254235e-02 2.187159e-02 8.347024e-01 6.236793e-02
2.164766e-02 5.997638e-01 6.359030e-02 2.760642e-01 2.899791e-02 -2.408306e-01 6.996093e-02 1.899906e-01 1.688636e-02 -7.601831e-02 2.523008e-02 8.409965e-01 1.160894e-01
2.535055e-02 5.069034e-01 8.403240e-02 1.822831e-01 4.439598e-02 -2.110924e-01 7.329173e-02 1.391816e-01 2.530912e-02 -3.128755e-02 2.541824e-02 8.730843e-01 1.462091e-01
1.281769e-02 4.577022e-01 8.519707e-02 2.837731e-01 6.014501e-02 -2.474672e-01 2.522356e-02 2.236169e-01 4.264553e-02 -7.524993e-02 2.337410e-02 7.014589e-01 8.083786e-02
1.310253e-02 3.673538e-01 4.456701e-02 2.002323e-01 2.038893e-02 -3.075374e-01 6.017622e-02 1.599196e-01 7.070412e-03 -7.359011e-02 4.560385e-02 8.614781e-01 6.251906e-02
1.395705e-02 3.815328e-01 7.307383e-02 2.278116e-01 4.499667e-02 -3.346908e-01 5.131327e-02 1.902502e-01 2.922401e-02 -1.138080e-01 4.525529e-02 9.315048e-01 7.056543e-02
1.538123e-02 3.936847e-01 4.345147e-02 2.160927e-01 2.741305e-02 -2.852478e-01 6.130513e-02 1.756674e-01 1.940212e-02 -5.739088e-02 3.310229e-02 9.582214e-01 1.432367e-01
1.737510e-02 6.405834e-01 5.049826e-02 3.050517e-01 3.591440e-02 -4.309347e-01 7.398078e-02 1.950817e-01 2.323482e-02 -1.471891e-01 4.229564e-02 8.853749e-01 1.290247e-01
1.993864e-02 5.233509e-01 1.100437e-01 2.259654e-01 4.282717e-02 -3.361252e-01 5.971048e-02 1.645274e-01 2.274427e-02 -8.716130e-02 1.707694e-02 7.429045e-01 9.902562e-02
2.307185e-02 6.085571e-01 4.699090e-02 2.406827e-01 3.724787e-02 -3.812652e-01 5.759966e-02 1.663910e-01 2.026212e-02 -1.206464e-01 3.801595e-02 1.071640e+00 5.123162e-02
2.677474e-02 5.878012e-01 1.331481e-01 2.185993e-01 6.218379e-02 -2.881825e-01 1.010785e-01 1.638943e-01 2.472238e-02 -8.585247e-02 5.440840e-02 9.808114e-01 1.118232e-01
1.481156e-02 7.322173e-01 1.479332e-01 4.187174e-01 7.830177e-02 -5.157129e-01 1.975673e-01 2.906810e-01 4.593266e-02 -2.113017e-01 9.487091e-02 1.005059e+00 2.827747e-01
1.509640e-02 4.284727e-01 5.554731e-02 2.490556e-01 2.585247e-02 -2.449045e-01 1.222023e-01 1.989435e-01 1.866462e-02 -5.445255e-02 5.037254e-02 9.297382e-01 1.924502e-01
1.595091e-02 4.229020e-01 5.314724e-02 2.334712e-01 3.216002e-02 -2.017346e-01 4.264494e-02 1.718671e-01 2.104002e-02 -5.001244e-02 1.442058e-02 8.573469e-01 1.190624e-01
1.737510e-02 6.753752e-01 1.271445e-01 3.365295e-01 6.085225e-02 -4.690644e-01 1.216530e-01 2.230762e-01 3.004816e-02 -1.890053e-01 4.802873e-02 8.827340e-01 1.154958e-01
1.936896e-02 4.471305e-01 2.816667e-02 2.212146e-01 2.350792e-02 -2.584342e-01 4.684162e-02 1.720462e-01 2.033502e-02 -5.464860e-02 1.490415e-02 7.912823e-01 5.181767e-02
2.193250e-02 7.174866e-01 7.098890e-02 3.262422e-01 4.530577e-02 -4.029129e-01 7.420734e-02 2.153983e-01 2.556122e-02 -1.392753e-01 2.864042e-02 9.851157e-01 2.034544e-01
2.506571e-02 7.443656e-01 1.717202e-01 3.114756e-01 8.703221e-02 -2.288740e-01 8.274932e-02 2.093079e-01 3.773231e-02 -4.559673e-02 5.327138e-02 8.055624e-01 8.583653e-02
2.876860e-02 6.035479e-01 1.124286e-01 2.194828e-01 3.607416e-02 -2.694842e-01 7.210920e-02 1.714669e-01 1.009564e-02 -6.254390e-02 2.830588e-02 8.741291e-01 2.179260e-02
1.737510e-02 5.611006e-01 8.898025e-02 2.697132e-01 3.556956e-02 -3.955346e-01 6.300553e-02 1.879211e-01 1.861089e-02 -1.204968e-01 2.520345e-02 8.097827e-01 9.113816e-02
1.765993e-02 4.826195e-01 5.184681e-02 2.595509e-01 3.134406e-02 -2.520069e-01 4.269257e-02 1.964411e-01 2.229280e-02 -6.385075e-02 2.230784e-02 8.967346e-01 1.278567e-01
1.851445e-02 4.502846e-01 4.063302e-02 2.331513e-01 2.636413e-02 -2.943763e-01 4.164276e-02 1.829847e-01 1.941058e-02 -8.254628e-02 1.736180e-02 8.183739e-01 7.023884e-02
1.993864e-02 4.867893e-01 2.394064e-02 2.178240e-01 9.439199e-03 -2.575433e-01 6.004256e-02 1.597860e-01 6.303833e-03 -5.734935e-02 2.490679e-02 8.817214e-01 9.995053e-02
2.193250e-02 7.797079e-01 1.341295e-01 3.362028e-01 4.805597e-02 -3.513597e-01 7.273083e-02 2.044000e-01 2.066123e-02 -1.403003e-01 1.658190e-02 7.860466e-01 1.011654e-01
2.449604e-02 5.205085e-01 7.869290e-02 2.181832e-01 4.764119e-02 -2.026249e-01 5.809769e-02 1.574579e-01 2.786638e-02 -5.294741e-02 2.806308e-02 7.433220e-01 2.296269e-02
2.762925e-02 8.035448e-01 5.903347e-02 2.883609e-01 3.164686e-02 -4.235942e-01 7.163854e-02 1.949686e-01 1.936153e-02 -1.177587e-01 2.513719e-02 9.488394e-01 1.100686e-01
3.133214e-02 4.827102e-01 6.398917e-02 1.676638e-01 4.208012e-02 -1.551505e-01 5.016104e-02 1.846328e-01 2.677089e-02 -4.551136e-02 1.198705e-02 9.384277e-01 8.231318e-02
2.050831e-02 7.781684e-01 1.240730e-01 3.614192e-01 5.020838e-02 -5.454561e-01 9.032876e-02 2.339164e-01 2.202770e-02 -1.693433e-01 3.459488e-02 1.144498e+00 1.300433e-01
2.079315e-02 6.769975e-01 9.314299e-02 2.781537e-01 4.570238e-02 -3.263169e-01 8.745219e-02 1.731228e-01 2.329368e-02 -7.241463e-02 3.698462e-02 8.524645e-01 8.536497e-02
2.164766e-02 6.943102e-01 1.038801e-01 3.041837e-01 4.478474e-02 -3.955945e-01 8.996362e-02 1.941641e-01 2.486401e-02 -1.507737e-01 3.928304e-02 9.230388e-01 1.251616e-01
2.307185e-02 7.117560e-01 1.374408e-01 3.139374e-01 5.105245e-02 -2.967653e-01 6.776693e-02 2.041157e-01 2.848794e-02 -7.979897e-02 4.578580e-02 9.122171e-01 5.791350e-02
2.506571e-02 6.150677e-01 6.324213e-02 2.551405e-01 1.908679e-02 -2.526356e-01 7.276924e-02 1.817777e-01 9.655323e-03 -7.711966e-02 3.871211e-02 9.276796e-01 4.525133e-02
2.762925e-02 9.809201e-01 1.215814e-01 3.964663e-01 6.243858e-02 -3.647757e-01 7.047933e-02 2.574951e-01 4.384246e-02 -1.426762e-01 4.123415e-02 8.210708e-01 5.080900e-02
3.076247e-02 7.724454e-01 6.567290e-02 2.557031e-01 3.026908e-02 -3.357342e-01 9.257510e-02 1.698755e-01 6.935968e-03 -8.963797e-02 5.020457e-02 1.108052e+00 8.258316e-02
3.446536e-02 8.215224e-01 5.313946e-02 2.694529e-01 2.873744e-02 -1.237482e-01 1.117665e-01 2.038731e-01 1.610393e-02 5.998926e-03 4.275972e-02 1.162820e+00 1.315396e-01
2.421120e-02 6.370120e-01 9.911908e-02 2.441438e-01 5.997319e-02 -3.343674e-01 9.527756e-02 1.751446e-01 4.069371e-02 -8.945574e-02 4.643172e-02 8.804405e-01 5.564290e-02
2.449604e-02 8.369437e-01 1.891489e-01 3.556737e-01 8.656312e-02 -4.384883e-01 1.628877e-01 2.178173e-01 4.538847e-02 -1.837638e-01 7.227921e-02 9.142585e-01 1.399316e-01
2.535055e-02 6.609791e-01 8.008388e-02 2.545954e-01 3.019615e-02 -3.597123e-01 3.750309e-02 1.666921e-01 1.502164e-02 -1.050268e-01 3.107593e-02 8.594448e-01 5.069300e-02
2.677474e-02 8.856332e-01 1.794149e-01 3.315531e-01 8.542701e-02 -4.994832e-01 7.583210e-02 2.108252e-01 4.735965e-02 -1.375703e-01 2.737414e-02 1.196181e+00 1.351696e-01
2.876860e-02 1.007019e+00 1.643411e-01 3.238653e-01 3.896394e-02 -5.533565e-01 1.060151e-01 2.056597e-01 1.107701e-02 -1.450398e-01 2.204628e-02 1.012899e+00 1.020988e-01
3.133214e-02 7.318642e-01 1.070436e-01 2.913556e-01 5.546847e-02 -2.154338e-01 4.355841e-02 2.132973e-01 2.449699e-02 -7.625873e-02 1.976583e-02 8.901619e-01 4.691967e-02
3.446536e-02 8.390124e-01 7.591776e-02 2.714656e-01 2.649662e-02 -3.196305e-01 6.645656e-02 2.138213e-01 1.456812e-02 -1.094702e-01 1.607847e-02 9.066020e-01 7.277977e-02
3.816825e-02 6.640728e-01 5.390502e-02 1.946160e-01 4.367416e-02 -2.010668e-01 9.514490e-02 2.142853e-01 2.050372e-02 -7.708472e-02 2.916963e-02 1.098335e+00 7.895463e-02
1.395705e-02 2.850407e-01 3.633058e-02 1.790195e-01 2.082035e-02 -1.672298e-01 2.038856e-02 1.539725e-01 1.422499e-02 -5.132563e-02 1.272657e-02 5.717469e-01 3.834523e-02
1.424188e-02 5.023012e-01 1.087143e-01 3.089486e-01 6.838744e-02 -3.152403e-01 7.742713e-02 2.379136e-01 4.008171e-02 -1.095861e-01 5.460258e-02 7.617008e-01 4.307600e-02
1.509640e-02 4.155646e-01 6.202472e-02 2.108992e-01 2.538890e-02 -3.349074e-01 9.998761e-02 1.618097e-01 1.529176e-02 -8.770299e-02 4.592919e-02 9.753293e-01 1.633757e-01
1.652058e-02 2.985009e-01 3.310157e-02 1.560098e-01 1.195050e-02 -2.114062e-01 3.062161e-02 1.289831e-01 6.665313e-03 -5.965598e-02 2.487485e-02 7.271728e-01 4.039779e-02
1.851445e-02 5.722169e-01 1.366255e-01 2.863133e-01 7.670636e-02 -3.396067e-01 1.003956e-01 2.005606e-01 4.478348e-02 -1.091190e-01 4.480924e-02 8.798524e-01 1.060161e-01
2.107799e-02 9.626800e-01 2.571401e-01 4.262906e-01 1.231882e-01 -6.288582e-01 1.930437e-01 2.576158e-01 5.431603e-02 -2.162741e-01 1.027141e-01 1.123264e+00 1.499882e-01
2.421120e-02 8.430342e-01 1.750134e-01 3.566669e-01 7.767616e-02 -3.815345e-01 1.288030e-01 2.228244e-01 3.649988e-02 -1.200329e-01 5.883247e-02 8.755212e-01 1.364359e-01
2.791409e-02 9.105399e-01 1.355795e-01 3.170012e-01 4.857839e-02 -3.366332e-01 1.130044e-01 1.964611e-01 2.275385e-02 -8.038539e-02 3.677191e-02 1.046680e+00 1.020626e-01
1.424188e-02 4.221262e-01 1.339230e-01 2.253343e-01 6.488929e-02 -3.282881e-01 1.308370e-01 1.705966e-01 3.261228e-02 -1.156830e-01 5.797376e-02 7.938488e-01 1.607881e-01
1.452672e-02 3.792564e-01 3.947068e-02 2.164969e-01 2.812761e-02 -2.192946e-01 5.973802e-02 1.749321e-01 2.494870e-02 -5.314423e-02 3.437583e-02 7.752538e-01 9.293845e-02
1.538123e-02 4.866270e-01 6.764569e-02 2.768890e-01 3.602289e-02 -2.799181e-01 8.043152e-02 2.028191e-01 1.962729e-02 -9.615324e-02 4.314801e-02 7.897293e-01 1.414761e-01
1.680542e-02 3.859059e-01 5.877718e-02 2.110863e-01 2.776512e-02 -2.850634e-01 7.139804e-02 1.812258e-01 1.646607e-02 -8.230981e-02 2.966697e-02 8.352618e-01 1.312961e-01
1.879929e-02 7.457654e-01 1.165539e-01 3.628217e-01 7.036606e-02 -4.003958e-01 1.248079e-01 2.478690e-01 3.277134e-02 -9.336411e-02 8.759281e-02 1.053084e+00 9.739248e-02
2.136282e-02 8.095119e-01 1.447162e-01 3.816568e-01 6.006637e-02 -3.150585e-01 6.770361e-02 2.384278e-01 2.362320e-02 -1.127532e-01 3.472875e-02 7.221697e-01 7.643822e-02
2.449604e-02 6.856706e-01 1.144347e-01 2.700227e-01 3.586037e-02 -2.654421e-01 9.748997e-02 1.830158e-01 1.346557e-02 -4.666057e-02 4.229837e-02 8.788522e-01 4.820755e-02
2.819893e-02 6.277245e-01 8.594138e-02 2.121634e-01 3.768855e-02 -2.130360e-01 6.485572e-02 1.557517e-01 1.894437e-02 -4.208027e-02 2.649737e-02 9.197526e-01 1.268249e-01
1.509640e-02 4.785360e-01 9.294672e-02 2.596363e-01 5.424122e-02 -3.555167e-01 7.276855e-02 1.922626e-01 3.208123e-02 -1.141367e-01 4.341321e-02 1.042585e+00 9.867483e-02
1.538123e-02 2.935972e-01 2.470569e-02 1.651970e-01 1.222803e-02 -2.068395e-01 4.724745e-02 1.443283e-01 7.255035e-03 -5.161855e-02 2.579219e-02 7.660119e-01 1.010479e-01
1.623575e-02 3.929889e-01 4.809874e-02 2.103742e-01 3.410039e-02 -2.232498e-01 3.835308e-02 1.673141e-01 2.823710e-02 -3.167621e-02 2.254281e-02 8.732668e-01 1.471534e-01
1.765993e-02 7.213161e-01 8.869404e-02 3.581727e-01 3.740845e-02 -3.934336e-01 1.055067e-01 2.334859e-01 1.647751e-02 -1.161262e-01 5.130824e-02 8.799398e-01 7.199283e-02
1.965380e-02 6.095305e-01 7.240042e-02 2.780807e-01 3.708190e-02 -4.050839e-01 4.481331e-02 1.858078e-01 2.210415e-02 -1.271040e-01 1.798998e-02 9.571409e-01 1.137833e-01
2.221734e-02 4.959927e-01 9.280073e-02 2.361242e-01 5.270875e-02 -2.192707e-01 3.919579e-02 1.887156e-01 2.628453e-02 -3.453681e-02 3.955413e-02 9.421052e-01 4.334858e-02
2.535055e-02 9.255171e-01 1.705498e-01 3.647983e-01 8.269718e-02 -4.988763e-01 1.442079e-01 2.261205e-01 3.904546e-02 -1.607691e-01 5.762058e-02 1.191148e+00 1.862014e-01
2.905344e-02 6.882094e-01 1.064780e-01 2.383077e-01 6.243772e-02 -1.914975e-01 5.163372e-02 1.930590e-01 2.361550e-02 -2.039784e-02 4.179360e-02 9.199303e-01 8.671762e-02
1.652058e-02 4.207451e-01 1.655911e-02 2.333641e-01 1.838256e-02 -3.033822e-01 6.309880e-02 1.824869e-01 1.272743e-02 -1.079981e-01 4.797285e-02 8.102263e-01 9.998955e-02
1.680542e-02 7.514436e-01 1.312114e-01 3.848023e-01 7.523125e-02 -5.714150e-01 1.284583e-01 2.519273e-01 4.353484e-02 -2.466660e-01 8.022683e-02 1.019845e+00 1.161804e-01
1.765993e-02 5.154025e-01 1.039624e-01 2.668115e-01 5.168132e-02 -3.091923e-01 7.325705e-02 1.952714e-01 3.214507e-02 -9.174783e-02 3.442902e-02 8.487497e-01 1.195803e-01
1.908412e-02 6.506058e-01 1.716958e-01 3.253738e-01 8.756864e-02 -3.688783e-01 1.525975e-01 2.272310e-01 4.120571e-02 -1.203894e-01 9.171039e-02 9.160174e-01 1.755157e-01
2.107799e-02 6.817171e-01 8.354572e-02 3.308036e-01 3.765446e-02 -3.250898e-01 7.109693e-02 2.207209e-01 2.177763e-02 -8.793054e-02 4.136570e-02 9.401512e-01 1.126264e-01
2.364153e-02 6.375992e-01 8.652910e-02 2.425243e-01 3.920790e-02 -3.299598e-01 5.132441e-02 1.604644e-01 2.131921e-02 -9.344479e-02 2.937454e-02 8.359976e-01 9.224115e-02
2.677474e-02 7.343324e-01 7.835696e-02 2.920904e-01 3.297477e-02 -3.702871e-01 9.625907e-02 1.971445e-01 1.103221e-02 -1.165740e-01 7.047159e-02 1.187638e+00 2.324857e-01
3.047763e-02 8.715236e-01 1.957411e-01 2.891807e-01 5.971427e-02 -3.200525e-01 1.214947e-01 1.827022e-01 2.137543e-02 -1.146985e-01 5.230084e-02 9.210480e-01 8.125316e-02
1.851445e-02 5.569506e-01 5.994065e-02 2.929926e-01 4.122659e-02 -2.822369e-01 2.490590e-02 2.164304e-01 2.676461e-02 -7.528875e-02 2.208280e-02 7.335699e-01 9.302456e-02
1.879929e-02 4.961824e-01 4.482588e-02 2.552292e-01 3.660157e-02 -2.196687e-01 2.673887e-02 1.864930e-01 2.739167e-02 -7.117632e-02 1.726424e-02 6.497718e-01 3.312171e-02
1.965380e-02 5.941499e-01 1.071686e-01 2.586317e-01 4.288515e-02 -3.380937e-01 5.940716e-02 1.764319e-01 1.857832e-02 -9.815964e-02 2.067465e-02 7.569341e-01 7.643872e-02
2.107799e-02 6.255156e-01 6.246801e-02 2.690692e-01 3.329826e-02 -3.544508e-01 5.079957e-02 1.816023e-01 1.522316e-02 -1.156338e-01 2.019758e-02 8.703812e-01 1.052484e-01
2.307185e-02 7.444117e-01 1.174913e-01 3.180051e-01 4.278829e-02 -3.392582e-01 7.039930e-02 1.989385e-01 1.849090e-02 -1.176311e-01 4.061309e-02 8.459665e-01 3.436316e-02
2.563539e-02 5.878375e-01 8.895881e-02 2.486776e-01 3.852561e-02 -2.552560e-01 4.806605e-02 1.817780e-01 1.648449e-02 -6.767889e-02 3.030638e-02 9.728966e-01 1.212949e-01
2.876860e-02 7.021246e-01 8.615096e-02 2.961216e-01 3.019420e-02 -2.686213e-01 5.074265e-02 2.231820e-01 1.988460e-02 -9.051804e-02 2.393467e-02 8.755765e-01 1.414736e-01
3.247149e-02 9.032673e-01 1.124804e-01 2.721275e-01 1.045581e-02 -3.736760e-01 6.737009e-02 1.777160e-01 1.791245e-02 -1.105616e-01 2.345353e-02 9.548071e-01 3.772928e-02
2.107799e-02 5.996623e-01 1.088235e-01 2.623550e-01 3.859479e-02 -3.279112e-01 1.017006e-01 1.749188e-01 1.160362e-02 -1.160229e-01 4.268261e-02 9.722815e-01 6.301052e-02
2.136282e-02 9.410122e-01 2.211129e-01 4.042645e-01 9.978923e-02 -7.108654e-01 1.763212e-01 2.416458e-01 4.210990e-02 -2.725522e-01 8.642755e-02 1.135742e+00 1.857145e-01
2.221734e-02 5.920974e-01 8.167698e-02 2.449401e-01 3.247097e-02 -3.141051e-01 3.824457e-02 1.612689e-01 1.350520e-02 -9.227368e-02 2.223516e-02 9.229033e-01 8.689325e-02
2.364153e-02 5.198908e-01 1.011286e-01 2.252962e-01 5.724728e-02 -2.326747e-01 3.947713e-02 1.592901e-01 2.960845e-02 -9.541263e-02 1.985998e-02 8.662728e-01 9.371822e-02
2.563539e-02 7.155013e-01 1.152299e-01 3.117271e-01 6.327326e-02 -3.147515e-01 5.606613e-02 2.177482e-01 3.484852e-02 -1.292632e-01 4.025839e-02 8.190672e-01 1.495444e-01
2.819893e-02 7.740512e-01 1.297344e-01 2.936680e-01 5.634309e-02 -3.658445e-01 3.639838e-02 1.841608e-01 2.610198e-02 -1.043899e-01 2.388396e-02 9.606187e-01 9.311770e-02
3.133214e-02 6.650524e-01 6.020768e-02 2.134533e-01 1.871394e-02 -2.888416e-01 7.792487e-02 1.745182e-01 1.247951e-02 -5.638812e-02 4.741407e-02 1.037137e+00 1.096235e-01
3.503503e-02 6.244256e-01 6.169937e-02 1.603088e-01 8.567759e-03 -9.856075e-02 2.373613e-02 1.803651e-01 1.562982e-02 -2.676044e-02 1.622807e-02 8.236720e-01 5.116157e-02
2.421120e-02 4.901271e-01 3.488860e-02 2.016779e-01 3.067990e-02 -1.940457e-01 3.801605e-02 1.523708e-01 2.498091e-02 -4.879600e-02 1.009355e-02 8.724659e-01 7.394106e-02
2.449604e-02 4.233041e-01 4.752392e-02 1.759016e-01 2.910951e-02 -1.140495e-01 3.156233e-02 1.473359e-01 2.533050e-02 -3.453414e-02 9.573005e-03 9.276456e-01 1.040022e-01
2.535055e-02 8.904964e-01 1.639578e-01 3.623501e-01 5.747470e-02 -4.190766e-01 2.418835e-01 2.275206e-01 2.199176e-02 -1.300149e-01 9.339232e-02 1.090111e+00 2.335273e-01
2.677474e-02 6.774197e-01 8.842002e-02 2.541748e-01 4.980729e-02 -3.420745e-01 8.259659e-02 1.746500e-01 2.348153e-02 -1.019076e-01 4.745062e-02 9.782882e-01 9.859158e-02
2.876860e-02 8.950126e-01 1.064931e-01 3.376356e-01 4.127657e-02 -3.594986e-01 8.040173e-02 2.317567e-01 1.628396e-02 -9.804083e-02 5.832685e-02 1.101678e+00 6.404935e-02
3.133214e-02 6.337505e-01 1.108617e-01 1.663829e-01 4.086340e-02 -1.951258e-01 5.668287e-02 1.352031e-01 1.612000e-02 -2.450636e-02 3.560962e-02 9.183205e-01 7.514859e-02
3.446536e-02 6.666972e-01 9.964881e-02 2.259088e-01 4.066772e-02 -2.171722e-01 5.301808e-02 2.198344e-01 2.129444e-02 -3.904891e-02 3.862289e-02 8.694723e-01 5.009168e-02
3.816825e-02 8.697092e-01 9.278732e-02 2.535098e-01 4.431555e-02 -2.275262e-01 5.910768e-02 2.116448e-01 2.052479e-02 -4.236877e-02 3.243667e-02 8.345790e-01 6.010466e-02
2.791409e-02 5.781731e-01 9.433223e-02 1.760730e-01 3.829624e-02 -2.751041e-01 5.722235e-02 1.610796e-01 1.360019e-02 -9.207768e-02 2.974532e-02 8.620861e-01 1.148505e-01
2.819893e-02 5.914087e-01 6.980141e-02 2.169062e-01 1.452379e-02 -2.642988e-01 1.017826e-01 1.708577e-01 7.291830e-03 -6.519366e-02 4.709934e-02 9.674685e-01 1.087997e-01
2.905344e-02 6.593300e-01 3.572245e-02 2.597298e-01 1.585758e-02 -2.179290e-01 2.766235e-02 1.989749e-01 1.058567e-02 -7.404424e-02 1.539906e-02 6.196949e-01 9.501469e-02
3.047763e-02 5.614330e-01 4.822571e-02 1.680968e-01 1.947209e-02 -2.259591e-01 3.146170e-02 1.461465e-01 1.146642e-02 -3.991424e-02 1.443779e-02 8.941390e-01 5.871162e-02
3.247149e-02 7.284048e-01 1.283489e-01 2.377521e-01 4.604217e-02 -1.485372e-01 8.469643e-02 1.931911e-01 2.711742e-02 -6.529945e-02 4.527037e-02 8.505526e-01 6.743135e-02
3.503503e-02 9.534929e-01 1.379946e-01 2.961028e-01 7.428631e-02 -2.288926e-01 5.697815e-02 2.369556e-01 3.255027e-02 -1.142584e-01 3.796675e-02 7.465073e-01 8.986083e-02
3.816825e-02 8.121682e-01 8.968681e-02 2.585749e-01 4.712325e-02 -2.373746e-01 5.029533e-02 2.266822e-01 2.370185e-02 -1.124450e-01 3.603433e-02 1.074321e+00 1.503405e-01
4.187114e-02 5.821996e-01 9.029339e-02 1.027114e-01 1.569415e-02 -1.288990e-01 6.627123e-02 1.854501e-01 1.418347e-02 -4.927315e-02 1.951550e-02 9.153763e-01 1.371221e-01
