# k^2  LiLi LiLi_error  LiCl LiCl_error  LiNa LiNa_error  ClCl ClCl_error  ClNa ClNa_error  NaNa NaNa_error
0.000000e+00 2.720000e+03 0.000000e+00 2.950254e+03 0.000000e+00 1.142629e+03 0.000000e+00 3.200000e+03 0.000000e+00 1.239355e+03 0.000000e+00 4.800000e+02 0.000000e+00
3.305575e-04 2.426514e-01 5.935786e-02 8.299886e-02 1.927170e-02 -3.612038e-01 1.041019e-01 6.809411e-02 6.240499e-03 -2.050863e-02 3.935581e-02 8.110832e-01 1.820214e-01
1.322230e-03 1.226845e-01 1.345860e-02 7.046128e-02 3.603845e-03 -1.055785e-01 3.627167e-02 6.640361e-02 4.423709e-03 2.716116e-03 7.131188e-03 2.724378e-01 7.582052e-02
2.975017e-03 2.623915e-01 5.227391e-02 1.001759e-01 6.061604e-03 -3.483948e-01 1.198898e-01 7.425663e-02 5.406747e-03 -4.324593e-02 2.950192e-02 7.493232e-01 2.400681e-01
5.288920e-03 2.544323e-01 3.690620e-02 1.008601e-01 1.545056e-02 -2.937562e-01 4.493949e-02 7.743555e-02 6.622051e-03 -4.499479e-02 1.465773e-02 5.810966e-01 6.697806e-02
8.263937e-03 3.158080e-01 3.493046e-02 1.097802e-01 7.978999e-03 -4.098891e-01 6.625078e-02 7.718418e-02 6.372364e-03 -6.511900e-02 1.620312e-02 8.981499e-01 1.657556e-01
1.190007e-02 2.899610e-01 3.323205e-02 1.073003e-01 6.521806e-03 -3.168747e-01 7.261016e-02 7.966272e-02 6.874788e-03 -5.318533e-02 1.923465e-02 6.818280e-01 1.282855e-01
1.619732e-02 3.777460e-01 2.390928e-02 1.275236e-01 1.438954e-02 -4.357800e-01 2.834834e-02 9.231396e-02 6.326633e-03 -7.887770e-02 2.401254e-02 9.726758e-01 9.149780e-02
3.305575e-04 2.784051e-01 3.384570e-02 1.006161e-01 1.307912e-02 -3.981665e-01 6.165219e-02 8.567042e-02 7.773382e-03 -1.593077e-02 1.130794e-02 9.087969e-01 1.442452e-01
6.611150e-04 2.077230e-01 5.462003e-02 9.337806e-02 2.095166e-02 -2.394238e-01 7.614654e-02 7.049007e-02 1.322715e-02 -3.603967e-02 2.259523e-02 4.715829e-01 1.287628e-01
1.652787e-03 1.477730e-01 1.323330e-02 7.217367e-02 4.041145e-03 -1.522096e-01 2.400285e-02 6.247875e-02 3.902893e-03 -1.008588e-02 1.211018e-02 3.381620e-01 4.574558e-02
3.305575e-03 2.867821e-01 6.764723e-02 1.014876e-01 1.061732e-02 -3.905545e-01 1.398995e-01 7.469077e-02 2.183765e-03 -3.713102e-02 1.909774e-02 8.504524e-01 3.222250e-01
5.619477e-03 2.611608e-01 3.415636e-02 1.014675e-01 1.148251e-02 -3.204267e-01 6.864714e-02 7.552679e-02 8.157538e-03 -4.570317e-02 1.446273e-02 6.805595e-01 1.521577e-01
8.594494e-03 2.982546e-01 5.294080e-02 1.074436e-01 2.364571e-02 -3.687599e-01 1.014912e-01 7.662189e-02 9.670683e-03 -5.516631e-02 4.056650e-02 7.772680e-01 1.939375e-01
1.223063e-02 3.607843e-01 2.056329e-02 1.296390e-01 9.204559e-03 -3.928903e-01 2.660062e-02 9.183536e-02 7.660478e-03 -5.991702e-02 1.422154e-02 7.655568e-01 5.966776e-02
1.652787e-02 2.709436e-01 2.987365e-02 1.084548e-01 1.615671e-02 -2.230950e-01 2.634381e-02 9.888288e-02 8.857710e-03 -2.417242e-02 1.788622e-02 6.206894e-01 5.822560e-02
1.322230e-03 2.786831e-01 5.647060e-02 1.010805e-01 1.926651e-02 -3.890051e-01 1.027889e-01 7.134761e-02 8.416430e-03 -5.267221e-02 2.946714e-02 7.913924e-01 1.914777e-01
1.652787e-03 3.708575e-01 6.927618e-02 1.170183e-01 1.270806e-02 -5.649671e-01 1.361695e-01 7.589335e-02 3.289369e-03 -8.025045e-02 2.616107e-02 1.138398e+00 2.668110e-01
2.644460e-03 3.078922e-01 3.536136e-02 9.202080e-02 1.069552e-02 -4.830328e-01 7.506290e-02 6.701610e-02 3.106376e-03 -4.680661e-02 2.024144e-02 1.058094e+00 1.671412e-01
4.297247e-03 2.066797e-01 2.333939e-02 9.896033e-02 1.634578e-02 -2.094291e-01 2.026098e-02 8.024451e-02 1.325778e-02 -2.389686e-02 1.445343e-02 4.732825e-01 4.842618e-02
6.611150e-03 3.097037e-01 3.639004e-02 1.198082e-01 1.813285e-02 -3.777402e-01 5.539906e-02 9.033988e-02 1.041302e-02 -5.064334e-02 2.058118e-02 7.968966e-01 1.201426e-01
9.586167e-03 2.916702e-01 3.421495e-02 9.915386e-02 1.101501e-02 -3.366030e-01 6.197830e-02 7.406670e-02 5.314498e-03 -5.149061e-02 2.131483e-02 6.625470e-01 9.900662e-02
1.322230e-02 3.371229e-01 4.097548e-02 1.244448e-01 1.599409e-02 -3.127422e-01 6.584172e-02 9.523382e-02 1.084170e-02 -5.610116e-02 2.050219e-02 6.224807e-01 1.291199e-01
1.751955e-02 3.073517e-01 2.301473e-02 9.236554e-02 8.305210e-03 -3.360794e-01 2.761319e-02 8.954089e-02 5.156891e-03 -2.073420e-02 2.170991e-02 7.715925e-01 6.094298e-02
2.975017e-03 3.134112e-01 5.074669e-02 1.100242e-01 1.964784e-02 -4.473874e-01 8.398408e-02 7.031187e-02 9.467237e-03 -8.326817e-02 2.965359e-02 8.789856e-01 1.386332e-01
3.305575e-03 2.937125e-01 4.219607e-02 1.259604e-01 8.800446e-03 -3.411112e-01 7.248630e-02 8.808162e-02 2.351405e-03 -6.731601e-02 2.200152e-02 6.472434e-01 1.168883e-01
4.297247e-03 3.261420e-01 1.687474e-02 1.076845e-01 1.138417e-02 -4.630373e-01 4.242470e-02 7.290065e-02 7.819648e-03 -5.862990e-02 1.097722e-02 9.844757e-01 9.291032e-02
5.950035e-03 2.067653e-01 2.642708e-02 9.611579e-02 9.680044e-03 -1.970184e-01 4.471033e-02 8.191125e-02 4.275736e-03 -1.274125e-02 2.438168e-02 4.700264e-01 5.792186e-02
8.263937e-03 3.130436e-01 2.678969e-02 1.187402e-01 1.592220e-02 -3.588848e-01 3.655790e-02 7.723816e-02 7.837174e-03 -7.782088e-02 2.276648e-02 6.723040e-01 4.204146e-02
1.123895e-02 3.186589e-01 4.619125e-02 1.217945e-01 1.641988e-02 -3.488492e-01 7.335772e-02 9.122851e-02 6.309629e-03 -5.202687e-02 2.303237e-02 7.730030e-01 1.248677e-01
1.487509e-02 3.301492e-01 6.183796e-02 1.037966e-01 1.818346e-02 -3.415341e-01 7.233365e-02 8.782263e-02 9.980570e-03 -3.519088e-02 2.286647e-02 7.830700e-01 1.005584e-01
1.917233e-02 3.519547e-01 3.138884e-02 1.162477e-01 1.422441e-02 -3.272674e-01 3.519609e-02 1.050466e-01 7.367898e-03 -3.207609e-02 1.826698e-02 8.015388e-01 8.943150e-02
5.288920e-03 2.316511e-01 1.635607e-02 1.108342e-01 9.906605e-03 -2.197197e-01 3.951977e-02 8.710570e-02 9.450319e-03 -2.976607e-02 1.038077e-02 4.709788e-01 7.129029e-02
5.619477e-03 3.533011e-01 3.288478e-02 1.297689e-01 9.315856e-03 -4.635917e-01 7.751156e-02 8.767997e-02 6.007766e-03 -7.531041e-02 2.068443e-02 9.601593e-01 1.475626e-01
6.611150e-03 3.798784e-01 1.002111e-01 1.239107e-01 2.817902e-02 -5.625950e-01 1.778157e-01 8.007668e-02 1.065280e-02 -1.044100e-01 4.452359e-02 1.131325e+00 3.354304e-01
8.263937e-03 2.831163e-01 1.719416e-02 8.330904e-02 8.546119e-03 -3.663308e-01 3.086306e-02 6.639164e-02 4.167076e-03 -3.507414e-02 1.573707e-02 7.606737e-01 4.658461e-02
1.057784e-02 2.911893e-01 4.865199e-02 9.821313e-02 1.180299e-02 -3.156798e-01 7.207796e-02 6.960092e-02 5.148556e-03 -5.155414e-02 1.498995e-02 6.333861e-01 1.240100e-01
1.355286e-02 3.025550e-01 2.371338e-02 1.061351e-01 7.451015e-03 -3.241903e-01 6.128621e-02 9.357145e-02 1.145642e-02 -1.473650e-02 1.692079e-02 8.388269e-01 1.142172e-01
1.718899e-02 3.152109e-01 6.013098e-02 9.893511e-02 1.619379e-02 -3.475337e-01 9.663275e-02 9.175688e-02 8.494757e-03 -2.572503e-02 3.030314e-02 9.028580e-01 1.537448e-01
2.148624e-02 4.391362e-01 7.183938e-02 1.473808e-01 1.775770e-02 -4.318118e-01 9.024034e-02 1.118986e-01 9.087591e-03 -7.767684e-02 3.002152e-02 9.700610e-01 1.526275e-01
8.263937e-03 3.114298e-01 4.264699e-02 1.093105e-01 1.293177e-02 -4.052879e-01 8.311977e-02 8.424708e-02 6.910060e-03 -4.603372e-02 2.877852e-02 9.128145e-01 1.717295e-01
8.594494e-03 2.689433e-01 1.822735e-02 1.011020e-01 8.835838e-03 -3.153403e-01 2.163293e-02 7.636229e-02 7.229338e-03 -4.488342e-02 1.245145e-02 7.027250e-01 4.430816e-02
9.586167e-03 2.464846e-01 3.909361e-02 8.131576e-02 7.290125e-03 -3.053551e-01 7.265085e-02 6.503906e-02 2.522297e-03 -3.488433e-02 1.355446e-02 6.953161e-01 1.298641e-01
1.123895e-02 4.154443e-01 7.637867e-02 1.324149e-01 1.641832e-02 -4.744450e-01 1.189927e-01 8.589627e-02 5.483789e-03 -6.989757e-02 2.817146e-02 9.141213e-01 1.759777e-01
1.355286e-02 2.594981e-01 2.501570e-02 1.010629e-01 8.197881e-03 -2.843979e-01 3.651411e-02 8.195282e-02 6.304017e-03 -4.517524e-02 1.253659e-02 6.843691e-01 9.619446e-02
1.652787e-02 2.980158e-01 3.671747e-02 1.000609e-01 1.911972e-02 -2.902206e-01 4.689232e-02 8.304162e-02 1.217948e-02 -4.213773e-02 2.016995e-02 6.624797e-01 4.756715e-02
2.016401e-02 3.768744e-01 4.937529e-02 1.210007e-01 1.490480e-02 -3.559521e-01 3.532461e-02 9.626364e-02 5.662717e-03 -6.791184e-02 2.489745e-02 7.669290e-01 4.563426e-02
2.446125e-02 3.843419e-01 2.707620e-02 1.315156e-01 1.153055e-02 -3.371829e-01 2.656608e-02 1.166094e-01 8.741956e-03 -6.798058e-02 1.156887e-02 8.397230e-01 6.930832e-02
1.190007e-02 3.672115e-01 2.649742e-02 1.189541e-01 1.358964e-02 -4.582911e-01 7.182944e-02 8.984272e-02 1.202417e-02 -6.369113e-02 5.999409e-03 9.320001e-01 1.716937e-01
1.223063e-02 3.923314e-01 2.690449e-02 1.304677e-01 6.274363e-03 -4.415652e-01 7.092376e-02 8.977254e-02 5.090369e-03 -6.461600e-02 1.423832e-02 9.374266e-01 1.500320e-01
1.322230e-02 3.654453e-01 5.820760e-02 1.091568e-01 1.460927e-02 -4.260445e-01 1.174027e-01 7.960022e-02 8.064815e-03 -4.038702e-02 2.578518e-02 9.748707e-01 2.308903e-01
1.487509e-02 4.062970e-01 3.023065e-02 1.307541e-01 9.641613e-03 -4.609202e-01 4.952283e-02 8.594442e-02 5.670647e-03 -9.393548e-02 1.575536e-02 9.257079e-01 1.027875e-01
1.718899e-02 3.436956e-01 1.960662e-02 1.149233e-01 6.000963e-03 -3.880191e-01 4.339304e-02 9.470656e-02 3.931251e-03 -5.743201e-02 1.365800e-02 8.964367e-01 1.205129e-01
2.016401e-02 3.602134e-01 4.682993e-02 1.086886e-01 1.227878e-02 -3.924607e-01 5.782696e-02 8.417900e-02 6.688409e-03 -5.570458e-02 1.358859e-02 9.037180e-01 9.933339e-02
2.380014e-02 4.655942e-01 5.171398e-02 1.483036e-01 2.427489e-02 -4.454691e-01 6.604723e-02 1.288844e-01 1.400323e-02 -7.523091e-02 2.604663e-02 9.369226e-01 1.093724e-01
2.809739e-02 4.303519e-01 5.462607e-02 1.319600e-01 2.258597e-02 -3.265538e-01 5.995352e-02 1.217920e-01 1.103642e-02 -4.080042e-02 2.759634e-02 8.285069e-01 9.208015e-02
1.619732e-02 3.284622e-01 8.388162e-02 1.245907e-01 2.850598e-02 -3.081518e-01 6.558180e-02 9.891020e-02 9.977543e-03 -5.832592e-02 1.555679e-02 6.621573e-01 7.155700e-02
1.652787e-02 3.491623e-01 4.378518e-02 1.125805e-01 1.326177e-02 -3.808700e-01 6.882680e-02 8.521465e-02 8.792005e-03 -5.457071e-02 1.351976e-02 8.144325e-01 1.299927e-01
1.751955e-02 3.447741e-01 3.492130e-02 1.240030e-01 2.091733e-02 -3.238608e-01 3.953509e-02 1.075632e-01 1.015107e-02 -4.522494e-02 2.025123e-02 7.856110e-01 6.989036e-02
1.917233e-02 3.338519e-01 3.856868e-02 1.192092e-01 8.133744e-03 -3.392208e-01 5.585688e-02 9.899934e-02 6.468226e-03 -5.035221e-02 1.892406e-02 8.112700e-01 8.398115e-02
2.148624e-02 4.037741e-01 5.138498e-02 1.412548e-01 2.395439e-02 -3.145550e-01 5.720997e-02 1.153224e-01 8.559879e-03 -5.880975e-02 2.335479e-02 7.084815e-01 6.908591e-02
2.446125e-02 4.275122e-01 4.475935e-02 1.688354e-01 3.022949e-02 -3.305583e-01 7.280062e-02 1.463823e-01 1.822929e-02 -6.840925e-02 4.574054e-02 8.055604e-01 1.141190e-01
2.809739e-02 3.915111e-01 3.083484e-02 1.314310e-01 7.882545e-03 -3.704633e-01 3.984649e-02 1.236847e-01 9.252421e-03 -8.698575e-02 1.490588e-02 9.950541e-01 9.046971e-02
3.239463e-02 3.690484e-01 3.541288e-02 1.174838e-01 1.798947e-02 -2.628475e-01 1.640338e-02 1.688770e-01 1.486714e-02 -5.848201e-02 3.539964e-02 8.178692e-01 6.068572e-02
3.305575e-04 2.084256e-01 5.587617e-02 9.411794e-02 1.301784e-02 -2.458508e-01 1.030460e-01 7.249714e-02 6.749591e-03 -3.525305e-02 2.653045e-02 4.876117e-01 1.792620e-01
6.611150e-04 2.846595e-01 4.042658e-02 1.099107e-01 1.040474e-02 -3.927390e-01 7.145452e-02 7.896038e-02 5.954234e-03 -5.987572e-02 1.452964e-02 7.856289e-01 1.404999e-01
1.652787e-03 1.971887e-01 4.398160e-02 8.284587e-02 1.213169e-02 -2.299949e-01 7.589946e-02 6.307017e-02 4.886664e-03 -2.567102e-02 1.915309e-02 4.784871e-01 1.337138e-01
3.305575e-03 3.660943e-01 6.529794e-02 1.373699e-01 2.212744e-02 -4.924194e-01 1.178253e-01 9.120056e-02 8.371204e-03 -9.357729e-02 4.048606e-02 9.427844e-01 1.969764e-01
5.619477e-03 2.196239e-01 2.497876e-02 8.403238e-02 1.293502e-02 -2.472652e-01 3.069035e-02 6.973638e-02 7.505273e-03 -1.578749e-02 2.093277e-02 5.613284e-01 4.185586e-02
8.594494e-03 3.449725e-01 8.348364e-02 1.162301e-01 2.185884e-02 -4.063222e-01 1.253225e-01 8.250712e-02 6.427441e-03 -5.130299e-02 2.608954e-02 8.032315e-01 2.265250e-01
1.223063e-02 3.255053e-01 6.216006e-02 1.244352e-01 2.367321e-02 -2.872396e-01 6.457164e-02 9.072443e-02 1.001095e-02 -5.260476e-02 2.265962e-02 5.683594e-01 7.868305e-02
1.652787e-02 3.639393e-01 6.954005e-02 1.239304e-01 2.645916e-02 -3.808642e-01 8.373045e-02 1.037297e-01 1.057934e-02 -6.687856e-02 2.888937e-02 8.528799e-01 1.357102e-01
6.611150e-04 1.110287e-01 1.683475e-02 6.181458e-02 1.182315e-02 -9.694788e-02 3.274565e-02 6.184226e-02 9.299130e-03 1.690699e-02 5.913257e-03 2.806411e-01 8.922569e-02
9.916724e-04 2.700948e-01 4.272399e-02 1.093134e-01 1.536578e-02 -3.561254e-01 8.401032e-02 7.661548e-02 9.867495e-03 -6.404080e-02 2.074362e-02 6.860438e-01 1.624295e-01
1.983345e-03 4.556924e-01 1.553449e-01 1.448618e-01 3.945228e-02 -6.928230e-01 2.648909e-01 8.537468e-02 7.866414e-03 -1.223588e-01 7.250208e-02 1.339568e+00 4.501355e-01
3.636132e-03 2.994912e-01 2.889669e-02 1.268022e-01 1.902686e-02 -3.512893e-01 4.660406e-02 9.627365e-02 1.222610e-02 -5.079577e-02 1.514007e-02 7.028631e-01 1.203065e-01
5.950035e-03 2.485404e-01 2.734933e-02 9.532436e-02 1.697422e-02 -2.811218e-01 1.749279e-02 7.489606e-02 7.170644e-03 -3.510071e-02 1.994146e-02 5.784241e-01 3.721603e-02
8.925052e-03 3.623938e-01 5.095302e-02 1.172988e-01 9.803855e-03 -4.844652e-01 9.416282e-02 8.315700e-02 7.031016e-03 -6.988427e-02 2.527465e-02 1.010060e+00 1.755238e-01
1.256118e-02 3.711017e-01 4.201294e-02 1.106337e-01 6.824067e-03 -4.520718e-01 9.091634e-02 8.336379e-02 6.723420e-03 -4.154742e-02 1.572415e-02 1.026702e+00 1.923167e-01
1.685843e-02 3.189122e-01 2.460026e-02 1.152812e-01 8.554488e-03 -3.415607e-01 6.647591e-02 9.442418e-02 5.994762e-03 -5.134707e-02 1.338735e-02 8.460756e-01 1.736786e-01
1.652787e-03 2.469389e-01 4.168287e-02 9.933493e-02 1.256438e-02 -3.181296e-01 7.539798e-02 7.921267e-02 4.319059e-03 -3.045220e-02 2.600543e-02 6.834361e-01 1.370918e-01
1.983345e-03 2.352483e-01 2.938666e-02 8.538011e-02 9.978573e-03 -3.139211e-01 5.563863e-02 7.338357e-02 3.845960e-03 -8.273400e-03 2.380451e-02 7.237693e-01 1.178772e-01
2.975017e-03 2.357694e-01 1.523613e-02 1.068288e-01 1.433837e-02 -2.440954e-01 2.657703e-02 8.283858e-02 1.165957e-02 -2.740904e-02 1.188819e-02 5.117913e-01 6.700674e-02
4.627805e-03 2.985897e-01 5.161360e-02 1.043348e-01 1.314149e-02 -4.008701e-01 9.321349e-02 7.335947e-02 6.438309e-03 -5.471533e-02 2.020943e-02 8.328078e-01 1.794301e-01
6.941707e-03 3.311458e-01 3.058545e-02 1.078940e-01 1.742411e-02 -4.473133e-01 3.219690e-02 7.356980e-02 9.850834e-03 -6.792683e-02 2.118820e-02 9.059304e-01 6.484328e-02
9.916724e-03 4.336659e-01 7.734250e-02 1.499241e-01 3.121311e-02 -5.127454e-01 1.087944e-01 9.377117e-02 1.205436e-02 -1.068258e-01 4.282615e-02 9.100566e-01 1.388275e-01
1.355286e-02 3.363626e-01 2.931219e-02 1.068110e-01 1.532751e-02 -3.914499e-01 4.403009e-02 7.694900e-02 7.701179e-03 -5.836588e-02 1.542382e-02 8.412521e-01 9.562828e-02
1.785010e-02 3.893263e-01 4.110488e-02 1.215892e-01 1.883373e-02 -3.965954e-01 2.821460e-02 1.042578e-01 1.039569e-02 -5.001809e-02 8.064613e-03 8.819744e-01 6.771073e-02
3.305575e-03 2.307800e-01 5.164663e-02 9.579256e-02 1.810146e-02 -2.782134e-01 7.146517e-02 7.328312e-02 6.837219e-03 -3.905355e-02 2.604856e-02 5.693720e-01 1.087677e-01
3.636132e-03 2.843936e-01 6.106928e-02 8.724966e-02 1.155322e-02 -4.272945e-01 1.207286e-01 6.849537e-02 3.824497e-03 -3.425628e-02 2.856563e-02 9.481840e-01 2.214372e-01
4.627805e-03 3.401144e-01 5.303128e-02 1.187065e-01 1.485593e-02 -4.406701e-01 9.720172e-02 8.038782e-02 6.143231e-03 -5.751328e-02 1.900674e-02 8.960095e-01 1.931729e-01
6.280592e-03 3.422740e-01 5.163818e-02 1.197407e-01 1.081937e-02 -4.227583e-01 8.707292e-02 8.465683e-02 7.981142e-03 -6.446678e-02 1.898111e-02 8.082394e-01 1.483743e-01
8.594494e-03 2.696924e-01 4.714692e-02 1.102998e-01 1.556143e-02 -2.901795e-01 7.598104e-02 8.926119e-02 6.976149e-03 -2.953973e-02 2.937507e-02 6.897477e-01 1.168160e-01
1.156951e-02 3.113777e-01 5.052525e-02 1.134833e-01 1.207596e-02 -3.551713e-01 7.324936e-02 8.096006e-02 5.178213e-03 -5.941187e-02 1.949354e-02 7.789558e-01 1.327891e-01
1.520564e-02 2.798267e-01 1.769841e-02 9.708758e-02 7.580333e-03 -2.321444e-01 2.386020e-02 8.556451e-02 6.191101e-03 -2.276378e-02 1.427151e-02 5.383922e-01 6.138070e-02
1.950289e-02 3.718750e-01 4.790425e-02 1.296871e-01 1.491303e-02 -3.489536e-01 5.740738e-02 1.031698e-01 7.878588e-03 -5.606171e-02 1.450984e-02 7.121476e-01 8.502221e-02
5.619477e-03 3.438386e-01 3.267523e-02 1.333217e-01 1.386325e-02 -4.332121e-01 4.701989e-02 8.985396e-02 6.467955e-03 -8.965253e-02 2.286562e-02 8.093556e-01 7.836950e-02
5.950035e-03 2.693155e-01 1.639328e-02 9.921771e-02 6.650924e-03 -3.332833e-01 3.882325e-02 7.003814e-02 4.936366e-03 -4.831064e-02 1.005106e-02 7.127451e-01 8.427534e-02
6.941707e-03 2.903563e-01 6.036615e-02 1.200416e-01 1.947413e-02 -3.242548e-01 9.890014e-02 8.712830e-02 7.411335e-03 -6.511818e-02 3.549650e-02 6.317265e-01 1.457694e-01
8.594494e-03 3.527973e-01 4.405976e-02 1.270342e-01 1.585998e-02 -4.130113e-01 4.526835e-02 8.993028e-02 7.550593e-03 -7.894538e-02 1.481242e-02 7.595523e-01 6.610235e-02
1.090840e-02 2.825476e-01 2.667639e-02 1.008020e-01 1.077177e-02 -2.894048e-01 4.299337e-02 7.981211e-02 6.486435e-03 -3.196379e-02 2.227012e-02 6.253272e-01 6.285747e-02
1.388341e-02 3.904859e-01 3.182042e-02 1.471636e-01 1.775283e-02 -3.846711e-01 5.496782e-02 1.016479e-01 8.227508e-03 -6.991921e-02 1.693323e-02 8.002056e-01 1.299004e-01
1.751955e-02 2.825704e-01 2.624558e-02 9.284265e-02 6.085522e-03 -2.629519e-01 2.366235e-02 8.873631e-02 3.460158e-03 -1.995884e-02 1.663799e-02 6.222271e-01 3.345778e-02
2.181679e-02 3.764091e-01 3.667712e-02 1.234401e-01 1.877033e-02 -3.509880e-01 8.140451e-02 1.087279e-01 1.214981e-02 -6.092357e-02 4.251550e-02 8.557203e-01 1.478763e-01
8.594494e-03 3.642375e-01 7.613452e-02 1.433653e-01 3.472120e-02 -4.103927e-01 9.354398e-02 9.390168e-02 1.417691e-02 -8.927093e-02 4.849976e-02 7.839154e-01 1.125769e-01
8.925052e-03 2.305127e-01 2.541932e-02 9.478578e-02 1.433562e-02 -2.174229e-01 2.530821e-02 8.342874e-02 9.622416e-03 -1.621207e-02 1.062569e-02 5.237957e-01 3.971997e-02
9.916724e-03 2.381483e-01 2.312738e-02 8.615378e-02 5.021398e-03 -2.404367e-01 4.803320e-02 7.031614e-02 1.631990e-03 -1.716657e-02 1.351134e-02 5.621619e-01 9.685390e-02
1.156951e-02 2.611841e-01 3.218239e-02 8.828019e-02 1.271962e-02 -2.918461e-01 4.776971e-02 7.227562e-02 6.748822e-03 -2.965777e-02 1.563432e-02 7.043106e-01 7.506590e-02
1.388341e-02 3.403747e-01 4.888039e-02 1.136384e-01 7.878886e-03 -3.675002e-01 9.982859e-02 8.779891e-02 4.436824e-03 -4.615720e-02 2.759411e-02 8.095024e-01 1.733770e-01
1.685843e-02 4.462875e-01 6.585694e-02 1.213936e-01 2.003475e-02 -4.983036e-01 1.111752e-01 9.236180e-02 1.137029e-02 -6.324094e-02 2.520248e-02 1.013059e+00 2.288579e-01
2.049456e-02 3.920742e-01 5.632658e-02 1.360816e-01 1.888365e-02 -3.761960e-01 5.954687e-02 1.094308e-01 1.064243e-02 -7.290202e-02 1.815193e-02 7.508450e-01 7.686458e-02
2.479181e-02 4.080310e-01 4.298736e-02 1.338436e-01 1.282398e-02 -3.513902e-01 8.217015e-02 1.121821e-01 4.919789e-03 -4.742918e-02 1.696098e-02 8.396783e-01 1.446375e-01
1.223063e-02 3.418201e-01 3.826715e-02 1.233237e-01 1.771937e-02 -3.872436e-01 7.714590e-02 9.274523e-02 1.112270e-02 -7.037429e-02 1.511130e-02 8.065894e-01 1.581677e-01
1.256118e-02 3.304163e-01 2.735021e-02 1.046382e-01 4.869498e-03 -3.953072e-01 5.536483e-02 7.422476e-02 3.274610e-03 -7.008688e-02 7.944175e-03 7.611514e-01 1.209970e-01
1.355286e-02 3.888980e-01 4.808684e-02 1.363141e-01 1.865055e-02 -4.130641e-01 9.184502e-02 9.251186e-02 1.404510e-02 -7.170509e-02 1.666547e-02 8.178660e-01 2.124628e-01
1.520564e-02 3.692550e-01 3.867503e-02 1.379675e-01 1.326241e-02 -3.645551e-01 5.279184e-02 1.047921e-01 1.068626e-02 -4.084201e-02 4.582031e-03 8.659308e-01 1.266828e-01
1.751955e-02 3.445738e-01 3.727294e-02 1.246188e-01 1.500713e-02 -3.444639e-01 7.085787e-02 9.184634e-02 1.019693e-02 -7.591725e-02 3.139717e-02 7.670288e-01 1.027004e-01
2.049456e-02 3.846407e-01 3.309238e-02 1.304052e-01 2.793056e-02 -3.733028e-01 3.661262e-02 1.250122e-01 2.492621e-02 -5.181223e-02 2.886317e-02 8.610081e-01 1.140100e-01
2.413070e-02 4.168632e-01 7.597242e-02 1.496804e-01 1.872022e-02 -3.400816e-01 7.157964e-02 1.295191e-01 8.761802e-03 -5.243685e-02 1.978426e-02 8.056201e-01 1.249492e-01
2.842794e-02 3.584847e-01 4.607832e-02 1.125918e-01 8.518196e-03 -2.701903e-01 4.052863e-02 1.189851e-01 6.524456e-03 -3.831557e-02 1.567805e-02 9.225414e-01 1.007345e-01
1.652787e-02 3.857456e-01 4.623154e-02 1.077592e-01 1.550554e-02 -3.990985e-01 5.566530e-02 8.416936e-02 6.873385e-03 -3.312810e-02 2.020449e-02 8.061935e-01 9.670341e-02
1.685843e-02 3.438926e-01 2.832422e-02 1.310639e-01 1.528124e-02 -3.318433e-01 4.860801e-02 1.043080e-01 5.129888e-03 -4.969909e-02 2.700377e-02 7.473047e-01 1.013415e-01
1.785010e-02 4.046601e-01 5.323579e-02 1.499504e-01 2.774019e-02 -4.180760e-01 5.744788e-02 1.083435e-01 1.113146e-02 -8.654631e-02 3.657691e-02 8.611271e-01 3.915800e-02
1.950289e-02 3.570613e-01 2.613970e-02 1.145666e-01 7.744490e-03 -4.079362e-01 3.432242e-02 1.011334e-01 4.587642e-03 -8.910786e-02 1.402093e-02 8.558771e-01 6.386910e-02
2.181679e-02 4.104504e-01 4.930729e-02 1.464050e-01 1.844589e-02 -4.094222e-01 5.624784e-02 1.197642e-01 7.716696e-03 -9.200332e-02 2.177001e-02 9.068551e-01 9.026767e-02
2.479181e-02 4.325376e-01 7.698596e-02 1.574672e-01 2.974650e-02 -3.913469e-01 6.658552e-02 1.284719e-01 1.554512e-02 -9.180145e-02 2.302684e-02 8.716735e-01 1.019285e-01
2.842794e-02 3.888764e-01 2.757416e-02 1.422361e-01 6.329877e-03 -2.871227e-01 3.539916e-02 1.354785e-01 7.845957e-03 -5.361343e-02 1.037121e-02 8.595231e-01 1.105967e-01
3.272519e-02 4.527701e-01 7.780393e-02 1.528548e-01 2.747342e-02 -2.678353e-01 7.246491e-02 1.655685e-01 1.689281e-02 -6.604531e-02 3.145530e-02 9.128731e-01 9.653652e-02
1.322230e-03 4.479200e-01 9.036126e-02 1.331890e-01 2.114741e-02 -7.119710e-01 1.649803e-01 8.050111e-02 6.632218e-03 -1.096553e-01 4.229889e-02 1.416563e+00 2.942971e-01
1.652787e-03 2.633760e-01 7.176955e-02 9.068512e-02 3.659761e-02 -3.757161e-01 7.797067e-02 6.814556e-02 1.516307e-02 -3.226660e-02 4.997228e-02 8.218948e-01 1.078643e-01
2.644460e-03 3.237022e-01 6.027389e-02 1.060798e-01 9.800797e-03 -4.672070e-01 1.162436e-01 7.501476e-02 4.678080e-03 -5.304408e-02 2.249663e-02 9.797837e-01 2.399799e-01
4.297247e-03 2.383224e-01 7.016520e-02 8.960282e-02 1.269168e-02 -3.009277e-01 1.284135e-01 7.121933e-02 4.193255e-03 -2.261955e-02 2.087030e-02 6.764239e-01 2.446443e-01
6.611150e-03 2.822330e-01 3.913637e-02 1.073833e-01 1.675543e-02 -3.160810e-01 5.212103e-02 8.297487e-02 6.700451e-03 -2.802259e-02 2.696869e-02 7.158345e-01 8.131060e-02
9.586167e-03 3.239975e-01 3.882789e-02 1.202987e-01 1.749914e-02 -3.863038e-01 3.761922e-02 8.335721e-02 6.730570e-03 -6.594626e-02 2.058115e-02 7.913208e-01 8.244392e-02
1.322230e-02 3.500070e-01 7.482857e-02 1.209792e-01 2.518067e-02 -3.761855e-01 9.436381e-02 8.833095e-02 1.171537e-02 -5.665814e-02 3.423347e-02 8.043008e-01 1.113064e-01
1.751955e-02 4.164928e-01 1.934298e-02 1.428130e-01 7.353384e-03 -3.887719e-01 4.598893e-02 1.063826e-01 3.985139e-03 -6.632676e-02 1.287810e-02 8.283506e-01 1.241283e-01
1.652787e-03 1.883197e-01 3.668819e-02 8.484316e-02 9.799683e-03 -2.183037e-01 7.572400e-02 7.463806e-02 6.728877e-03 -1.116695e-02 2.827316e-02 4.987969e-01 1.145527e-01
1.983345e-03 1.367057e-01 2.244287e-02 6.843793e-02 1.005448e-02 -1.298314e-01 4.150820e-02 7.056432e-02 7.209644e-03 1.912918e-02 1.576502e-02 3.568836e-01 6.926899e-02
2.975017e-03 2.552607e-01 4.224497e-02 8.205624e-02 8.798903e-03 -3.677719e-01 8.435851e-02 5.678945e-02 3.548704e-03 -4.806045e-02 1.754103e-02 7.538070e-01 1.684067e-01
4.627805e-03 3.076007e-01 6.792555e-02 1.118587e-01 1.793563e-02 -4.107262e-01 1.211920e-01 7.278067e-02 5.309343e-03 -7.683128e-02 3.270090e-02 8.047125e-01 2.106462e-01
6.941707e-03 2.628481e-01 6.638029e-02 1.020982e-01 1.225694e-02 -2.914937e-01 1.179096e-01 8.182528e-02 4.247296e-03 -3.432429e-02 2.238491e-02 5.893555e-01 2.259836e-01
9.916724e-03 3.494868e-01 4.516853e-02 1.120222e-01 1.266284e-02 -4.656431e-01 8.315866e-02 7.525590e-02 4.646286e-03 -7.525820e-02 2.587605e-02 9.904924e-01 1.340612e-01
1.355286e-02 2.660477e-01 1.303707e-02 9.368875e-02 1.379469e-02 -2.541462e-01 1.834662e-02 7.967354e-02 8.530307e-03 -1.958537e-02 4.034344e-03 5.799578e-01 3.614557e-02
1.785010e-02 3.479127e-01 3.189957e-02 1.320971e-01 2.648936e-02 -3.185919e-01 1.935730e-02 1.035372e-01 1.131368e-02 -6.309062e-02 2.160345e-02 7.270220e-01 4.694283e-02
2.644460e-03 2.525649e-01 6.536235e-02 9.697874e-02 1.264502e-02 -3.340974e-01 1.332103e-01 6.959215e-02 5.624828e-03 -4.895275e-02 2.470064e-02 6.954498e-01 2.629250e-01
2.975017e-03 2.961807e-01 3.891533e-02 1.128183e-01 1.364536e-02 -3.780432e-01 7.187911e-02 8.046770e-02 5.139865e-03 -5.368394e-02 1.905401e-02 7.607666e-01 1.595738e-01
3.966690e-03 2.080064e-01 2.589931e-02 7.831474e-02 1.029086e-02 -2.501174e-01 4.758974e-02 6.845264e-02 6.260636e-03 -6.753030e-03 1.361912e-02 5.659699e-01 9.290936e-02
5.619477e-03 2.602735e-01 3.499632e-02 1.096903e-01 1.506227e-02 -2.719709e-01 4.692729e-02 8.073032e-02 4.205930e-03 -4.445342e-02 2.333007e-02 5.427550e-01 8.977054e-02
7.933379e-03 3.111092e-01 5.616809e-02 1.197541e-01 2.246915e-02 -3.634618e-01 1.040997e-01 9.585871e-02 6.861247e-03 -3.496176e-02 4.845588e-02 8.217591e-01 1.444484e-01
1.090840e-02 2.800716e-01 2.934893e-02 9.942136e-02 1.259097e-02 -3.323776e-01 3.406952e-02 8.341048e-02 7.333307e-03 -2.854408e-02 1.728780e-02 7.653729e-01 3.984068e-02
1.454453e-02 3.035844e-01 1.537084e-02 1.055513e-01 1.806896e-02 -2.761639e-01 2.361795e-02 8.774134e-02 1.124468e-02 -2.488597e-02 1.216288e-02 6.618336e-01 9.391711e-02
1.884178e-02 3.219190e-01 4.260762e-02 1.000330e-01 1.007781e-02 -2.881545e-01 7.085491e-02 8.587875e-02 5.145006e-03 -2.613876e-02 9.016029e-03 6.879393e-01 1.257288e-01
4.297247e-03 1.728464e-01 2.238231e-02 7.780085e-02 1.073779e-02 -1.599147e-01 3.752767e-02 7.050356e-02 9.500755e-03 7.771624e-03 3.347575e-03 4.254297e-01 9.697854e-02
4.627805e-03 3.096693e-01 6.403434e-02 1.114736e-01 1.710214e-02 -4.031161e-01 1.119363e-01 7.414129e-02 6.084117e-03 -7.050836e-02 3.714945e-02 7.678744e-01 1.818174e-01
5.619477e-03 3.845844e-01 5.701757e-02 1.293228e-01 1.865885e-02 -5.077163e-01 9.794296e-02 8.766632e-02 8.605778e-03 -6.889893e-02 2.575220e-02 1.013072e+00 1.720549e-01
7.272264e-03 3.291521e-01 2.416367e-02 1.150262e-01 1.741559e-02 -4.144220e-01 3.264948e-02 7.935607e-02 7.395391e-03 -6.533457e-02 2.364309e-02 8.100231e-01 7.885847e-02
9.586167e-03 3.005239e-01 6.056947e-02 9.834922e-02 6.057167e-03 -3.592169e-01 1.224357e-01 7.705118e-02 5.375596e-03 -3.816797e-02 2.706676e-02 7.680328e-01 2.222097e-01
1.256118e-02 4.249964e-01 4.428754e-02 1.349524e-01 1.161724e-02 -5.309479e-01 1.084529e-01 8.730721e-02 7.139091e-03 -9.518394e-02 3.112399e-02 1.021623e+00 2.138356e-01
1.619732e-02 3.172250e-01 2.914387e-02 1.070616e-01 1.375982e-02 -3.681768e-01 4.028688e-02 9.086589e-02 8.378676e-03 -6.708977e-02 1.945506e-02 8.357125e-01 5.175803e-02
2.049456e-02 3.308241e-01 1.999582e-02 1.281535e-01 1.319839e-02 -2.604332e-01 9.136010e-02 1.249188e-01 1.063887e-02 -3.188556e-02 2.812590e-02 6.459280e-01 1.687022e-01
6.611150e-03 3.278886e-01 5.569529e-02 1.154720e-01 1.771747e-02 -3.905114e-01 9.362864e-02 7.852664e-02 1.008198e-02 -5.288537e-02 2.244113e-02 7.939725e-01 1.869543e-01
6.941707e-03 3.098001e-01 4.623191e-02 1.156076e-01 1.869635e-02 -3.735192e-01 5.548812e-02 8.610939e-02 6.364680e-03 -4.761631e-02 2.428508e-02 7.980976e-01 1.071588e-01
7.933379e-03 2.605859e-01 2.323682e-02 9.350902e-02 6.985311e-03 -2.736961e-01 5.410608e-02 7.679141e-02 4.393262e-03 -9.157435e-03 1.988368e-02 6.153360e-01 9.668503e-02
9.586167e-03 2.910538e-01 3.303873e-02 1.040370e-01 1.228936e-02 -3.461083e-01 5.100294e-02 8.287622e-02 8.117466e-03 -3.444476e-02 1.979799e-02 8.018460e-01 9.423866e-02
1.190007e-02 3.305239e-01 4.549726e-02 1.097802e-01 2.142984e-02 -3.854430e-01 6.919317e-02 7.477882e-02 1.017539e-02 -7.408224e-02 2.533057e-02 7.783133e-01 1.329988e-01
1.487509e-02 3.092588e-01 3.113707e-02 1.060602e-01 7.984180e-03 -3.053892e-01 4.157449e-02 8.086498e-02 3.050171e-03 -5.098856e-02 1.362423e-02 6.342544e-01 6.389293e-02
1.851122e-02 3.430079e-01 2.874048e-02 1.057975e-01 7.650192e-03 -3.631388e-01 3.276471e-02 8.823619e-02 5.896032e-03 -5.411766e-02 1.604464e-02 7.942007e-01 3.773719e-02
2.280847e-02 4.252630e-01 3.587487e-02 1.244296e-01 8.945288e-03 -3.752632e-01 3.896861e-02 1.023377e-01 4.652384e-03 -6.505270e-02 1.616609e-02 8.937582e-01 7.225227e-02
9.586167e-03 3.311934e-01 2.795525e-02 1.194893e-01 8.630738e-03 -4.241602e-01 4.351962e-02 9.280778e-02 9.843908e-03 -6.516557e-02 1.784725e-02 9.049053e-01 1.117592e-01
9.916724e-03 3.083987e-01 3.000451e-02 1.118964e-01 1.376182e-02 -3.414132e-01 4.108559e-02 9.353702e-02 7.479277e-03 -3.648585e-02 2.009347e-02 7.435270e-01 8.246913e-02
1.090840e-02 3.900918e-01 5.026995e-02 1.306915e-01 2.023566e-02 -4.749684e-01 1.120625e-01 8.383658e-02 1.136513e-02 -9.416700e-02 3.115991e-02 9.273571e-01 2.089665e-01
1.256118e-02 3.645033e-01 4.973823e-02 1.257901e-01 1.931573e-02 -4.271643e-01 8.465326e-02 9.561597e-02 1.230249e-02 -6.245207e-02 1.822213e-02 9.223123e-01 1.742754e-01
1.487509e-02 3.836190e-01 3.052553e-02 1.216889e-01 1.078701e-02 -4.546281e-01 5.729851e-02 9.113369e-02 4.213463e-03 -7.446774e-02 2.118135e-02 9.297348e-01 1.033839e-01
1.785010e-02 4.052821e-01 3.023362e-02 1.354177e-01 1.454496e-02 -4.534168e-01 4.433844e-02 9.553120e-02 4.491640e-03 -7.072990e-02 2.960529e-02 1.025471e+00 6.934068e-02
2.148624e-02 4.266889e-01 1.698708e-02 1.482232e-01 7.931514e-03 -3.678435e-01 2.326360e-02 1.111887e-01 5.993780e-03 -8.928010e-02 1.734813e-02 7.891730e-01 1.618671e-02
2.578348e-02 3.574566e-01 3.681785e-02 1.201719e-01 2.121243e-02 -3.440198e-01 3.691209e-02 1.234156e-01 1.105054e-02 -7.052290e-02 1.779304e-02 9.491001e-01 8.980016e-02
1.322230e-02 3.439312e-01 2.859021e-02 1.315009e-01 1.002489e-02 -3.215702e-01 4.460696e-02 9.171073e-02 4.345913e-03 -7.336362e-02 2.703865e-02 6.266057e-01 7.182199e-02
1.355286e-02 3.148201e-01 3.512983e-02 1.232886e-01 1.637752e-02 -2.900893e-01 4.510677e-02 9.309777e-02 6.516552e-03 -3.920789e-02 1.601344e-02 7.054470e-01 1.188560e-01
1.454453e-02 4.152281e-01 3.576240e-02 1.397148e-01 1.964130e-02 -4.870976e-01 4.401571e-02 9.940160e-02 9.712273e-03 -7.644927e-02 2.579602e-02 9.850230e-01 1.201441e-01
1.619732e-02 3.168305e-01 4.069281e-02 1.041610e-01 1.362789e-02 -3.411514e-01 7.951180e-02 8.934679e-02 7.642575e-03 -5.088305e-02 2.814339e-02 7.997527e-01 1.497559e-01
1.851122e-02 4.180219e-01 8.858522e-02 1.492221e-01 3.015739e-02 -4.251066e-01 1.080159e-01 1.044229e-01 1.315249e-02 -8.717511e-02 4.023222e-02 8.960162e-01 1.239687e-01
2.148624e-02 3.534678e-01 3.070060e-02 1.291050e-01 1.094090e-02 -3.281352e-01 3.913581e-02 1.093434e-01 6.059183e-03 -6.742232e-02 1.874825e-02 7.745472e-01 8.338830e-02
2.512237e-02 4.062570e-01 3.281091e-02 1.290261e-01 1.466683e-02 -3.645700e-01 5.575760e-02 1.230054e-01 1.141384e-02 -5.736904e-02 3.323315e-02 9.663958e-01 2.078002e-01
2.941962e-02 3.976736e-01 4.294149e-02 1.341701e-01 1.779016e-02 -2.808891e-01 3.016320e-02 1.428691e-01 1.336991e-02 -4.823586e-02 2.821999e-02 8.087768e-01 1.005375e-01
1.751955e-02 3.176227e-01 1.302417e-02 1.156748e-01 8.662167e-03 -2.993893e-01 1.711493e-02 1.030255e-01 9.868203e-03 -1.552322e-02 4.443791e-03 7.876716e-01 5.899722e-02
1.785010e-02 3.437395e-01 2.552497e-02 1.366442e-01 1.233287e-02 -2.670556e-01 5.575900e-02 1.231245e-01 6.664722e-03 -3.068916e-02 2.232245e-02 6.388671e-01 6.677119e-02
1.884178e-02 3.666882e-01 1.346820e-02 1.181346e-01 1.145708e-02 -3.605574e-01 2.135006e-02 1.023007e-01 4.751524e-03 -3.716845e-02 1.657881e-02 8.512138e-01 7.903398e-02
2.049456e-02 4.772473e-01 8.321800e-02 1.399248e-01 3.481343e-02 -5.161706e-01 1.275090e-01 1.019187e-01 1.434320e-02 -8.475895e-02 4.302992e-02 1.076298e+00 2.002438e-01
2.280847e-02 3.802347e-01 3.908686e-02 1.253418e-01 1.019543e-02 -3.858086e-01 4.311821e-02 1.163544e-01 1.773289e-03 -4.542455e-02 1.831956e-02 9.235295e-01 7.504183e-02
2.578348e-02 4.084474e-01 5.097593e-02 1.183692e-01 9.828247e-03 -4.073504e-01 4.005996e-02 1.129933e-01 5.889812e-03 -6.476461e-02 1.261513e-02 9.564556e-01 8.053315e-02
2.941962e-02 4.614987e-01 4.708173e-02 1.550326e-01 1.344154e-02 -4.602116e-01 6.349376e-02 1.546915e-01 1.296290e-02 -1.066691e-01 1.952319e-02 1.110587e+00 6.963089e-02
3.371686e-02 4.353526e-01 3.486747e-02 1.424878e-01 1.388130e-02 -2.667577e-01 7.247242e-02 1.697328e-01 1.775693e-02 -7.007694e-02 3.148857e-02 9.249219e-01 1.131986e-01
2.975017e-03 2.190339e-01 4.915409e-02 8.869022e-02 1.439034e-02 -2.644503e-01 7.937986e-02 6.569594e-02 5.162800e-03 -3.903641e-02 2.485147e-02 5.329648e-01 1.247135e-01
3.305575e-03 2.017982e-01 2.110481e-02 7.512382e-02 9.216886e-03 -2.625419e-01 3.449511e-02 6.760600e-02 8.029845e-03 -3.390482e-03 1.397570e-02 6.350526e-01 9.469862e-02
4.297247e-03 2.879015e-01 6.725102e-02 9.929525e-02 1.394314e-02 -3.929321e-01 1.259877e-01 7.200817e-02 1.047467e-02 -4.898112e-02 1.337106e-02 8.215507e-01 2.533944e-01
5.950035e-03 2.228471e-01 4.190575e-02 9.040071e-02 1.389161e-02 -2.515007e-01 5.419203e-02 7.291268e-02 5.902142e-03 -3.119758e-02 1.905123e-02 5.520650e-01 8.020464e-02
8.263937e-03 2.620603e-01 3.677614e-02 1.007013e-01 1.571350e-02 -2.786739e-01 4.801139e-02 7.517169e-02 7.587596e-03 -3.689669e-02 1.493060e-02 5.833382e-01 8.689093e-02
1.123895e-02 2.986237e-01 2.493873e-02 9.930134e-02 1.139787e-02 -3.693613e-01 3.274761e-02 7.751775e-02 1.101560e-02 -5.419712e-02 1.148855e-02 8.185656e-01 5.518502e-02
1.487509e-02 3.289931e-01 3.264850e-02 9.858724e-02 7.919569e-03 -3.758752e-01 4.778011e-02 7.652833e-02 5.576091e-03 -4.901988e-02 1.283131e-02 8.639924e-01 1.092534e-01
1.917233e-02 3.614192e-01 3.196433e-02 1.205515e-01 1.123418e-02 -3.435446e-01 5.264248e-02 9.316382e-02 6.905483e-03 -4.478807e-02 1.465910e-02 8.722517e-01 7.242179e-02
3.305575e-03 2.088912e-01 1.318606e-02 8.371246e-02 9.100565e-03 -2.576033e-01 3.546208e-02 6.796892e-02 4.614260e-03 -1.978251e-02 7.408599e-03 5.916756e-01 9.689350e-02
3.636132e-03 4.166226e-01 1.188728e-01 1.466822e-01 4.181510e-02 -5.593830e-01 1.639381e-01 8.603103e-02 1.863678e-02 -1.164988e-01 4.777983e-02 1.020554e+00 2.544504e-01
4.627805e-03 2.377998e-01 2.640899e-02 8.173659e-02 9.662415e-03 -3.051195e-01 4.349270e-02 6.639786e-02 2.761859e-03 -1.989336e-02 1.971804e-02 6.895504e-01 8.329071e-02
6.280592e-03 4.019995e-01 1.048835e-01 1.555206e-01 3.389883e-02 -4.861305e-01 1.447286e-01 9.954656e-02 1.389793e-02 -1.082515e-01 4.196955e-02 8.651186e-01 2.209256e-01
8.594494e-03 3.231382e-01 2.874385e-02 1.072993e-01 1.240523e-02 -3.752976e-01 2.236849e-02 7.372106e-02 6.782719e-03 -5.715887e-02 1.052954e-02 7.383707e-01 1.115630e-02
1.156951e-02 2.707668e-01 2.941712e-02 9.526673e-02 1.177357e-02 -3.023702e-01 4.914795e-02 7.574489e-02 5.983601e-03 -5.038257e-02 1.242057e-02 6.555340e-01 8.577867e-02
1.520564e-02 3.089844e-01 1.950078e-02 1.168948e-01 1.582237e-02 -2.871572e-01 3.825164e-02 9.157964e-02 7.568337e-03 -4.602614e-02 1.947319e-02 6.383252e-01 7.922875e-02
1.950289e-02 3.349538e-01 5.252968e-02 1.125194e-01 3.132489e-02 -3.186895e-01 4.105587e-02 1.028849e-01 1.761594e-02 -3.559253e-02 2.512997e-02 7.541720e-01 7.533343e-02
4.297247e-03 2.688793e-01 3.414715e-02 9.754378e-02 1.439932e-02 -3.412251e-01 6.421783e-02 7.583130e-02 6.492943e-03 -2.593955e-02 2.243271e-02 7.661069e-01 1.490925e-01
4.627805e-03 2.401514e-01 4.076756e-02 8.178773e-02 1.123370e-02 -3.282192e-01 8.346211e-02 6.015876e-02 6.536536e-03 -4.375107e-02 2.115552e-02 6.759204e-01 1.636020e-01
5.619477e-03 2.371751e-01 3.189762e-02 8.298542e-02 7.606986e-03 -3.228230e-01 5.402609e-02 6.722359e-02 5.505415e-03 -3.079453e-02 1.816775e-02 7.229042e-01 1.142102e-01
7.272264e-03 3.761870e-01 6.045314e-02 1.501260e-01 2.025911e-02 -4.217787e-01 9.738003e-02 1.019413e-01 7.043423e-03 -7.333112e-02 3.079040e-02 8.011856e-01 1.640219e-01
9.586167e-03 2.684025e-01 2.856223e-02 9.435796e-02 1.607509e-02 -2.942319e-01 2.042320e-02 7.662794e-02 8.082135e-03 -1.606994e-02 8.145350e-03 6.853013e-01 4.274279e-02
1.256118e-02 3.611677e-01 6.381780e-02 1.309157e-01 2.006881e-02 -4.223092e-01 9.838097e-02 9.899918e-02 8.124444e-03 -7.432080e-02 3.447098e-02 9.175833e-01 1.351889e-01
1.619732e-02 2.502554e-01 2.245376e-02 8.920285e-02 8.020346e-03 -2.623664e-01 2.759524e-02 8.188908e-02 7.656308e-03 -5.245189e-02 2.031239e-02 5.525910e-01 4.773265e-02
2.049456e-02 3.520028e-01 3.880696e-02 1.292942e-01 1.826775e-02 -2.593097e-01 3.583404e-02 1.141368e-01 1.156488e-02 -2.282931e-02 2.372038e-02 6.832493e-01 4.421305e-02
5.950035e-03 3.193651e-01 6.236051e-02 1.155479e-01 1.968119e-02 -3.977440e-01 8.198883e-02 7.930794e-02 8.288604e-03 -7.629076e-02 2.203891e-02 7.278633e-01 1.195785e-01
6.280592e-03 2.315241e-01 4.072624e-02 7.814734e-02 2.178339e-03 -3.048184e-01 8.686374e-02 6.562040e-02 6.525391e-03 -1.880690e-02 1.731049e-02 7.105308e-01 1.525498e-01
7.272264e-03 3.177090e-01 6.056990e-02 1.029847e-01 9.085535e-03 -4.138529e-01 1.089142e-01 7.343098e-02 4.850771e-03 -5.819461e-02 2.617454e-02 8.457784e-01 1.694840e-01
8.925052e-03 3.654558e-01 5.167412e-02 1.182997e-01 1.122322e-02 -4.437316e-01 9.776203e-02 8.512484e-02 9.465691e-03 -4.207607e-02 2.684817e-02 9.253137e-01 1.621042e-01
1.123895e-02 2.995058e-01 8.045301e-02 1.037142e-01 2.292041e-02 -3.195284e-01 1.407259e-01 7.801436e-02 9.874237e-03 -3.721361e-02 3.724110e-02 6.992300e-01 2.496759e-01
1.421397e-02 3.795126e-01 3.353905e-02 1.285036e-01 1.657711e-02 -4.361586e-01 4.604878e-02 9.227422e-02 6.865762e-03 -7.932091e-02 2.950763e-02 9.169862e-01 8.554589e-02
1.785010e-02 4.768644e-01 2.524810e-02 1.578266e-01 2.130310e-02 -5.245345e-01 8.956307e-02 1.064837e-01 1.129902e-02 -1.124531e-01 4.667852e-02 1.006197e+00 1.626862e-01
2.214735e-02 3.364430e-01 2.352674e-02 1.121420e-01 6.085624e-03 -2.827849e-01 4.698512e-02 1.016911e-01 4.729893e-03 -6.002052e-02 1.562973e-02 6.344885e-01 5.375735e-02
8.263937e-03 2.906680e-01 3.866054e-02 8.841207e-02 1.074828e-02 -3.872403e-01 8.063147e-02 7.099854e-02 4.173364e-03 -3.043755e-02 2.217978e-02 8.436911e-01 1.562525e-01
8.594494e-03 3.314028e-01 2.464466e-02 1.164746e-01 1.230211e-02 -3.895632e-01 2.068747e-02 8.034902e-02 6.417286e-03 -6.377985e-02 1.314254e-02 7.768215e-01 1.377545e-02
9.586167e-03 2.453893e-01 3.464051e-02 8.380079e-02 1.387056e-02 -2.970800e-01 3.058636e-02 6.810128e-02 6.703676e-03 -2.816235e-02 2.309168e-02 7.304189e-01 3.971153e-02
1.123895e-02 3.453715e-01 4.070900e-02 1.205031e-01 2.060551e-02 -3.933736e-01 5.005567e-02 9.015289e-02 8.736820e-03 -6.546050e-02 2.662084e-02 7.628993e-01 6.483143e-02
1.355286e-02 2.854287e-01 2.583229e-02 9.527131e-02 5.750871e-03 -3.151845e-01 3.380841e-02 8.183557e-02 3.716778e-03 -2.636332e-02 7.018470e-03 7.697382e-01 7.629636e-02
1.652787e-02 3.384276e-01 4.385633e-02 1.048538e-01 2.204887e-02 -3.715786e-01 3.009963e-02 7.675943e-02 1.227697e-02 -5.622163e-02 1.381623e-02 8.346119e-01 8.266833e-02
2.016401e-02 3.507136e-01 4.501280e-02 1.176847e-01 1.918039e-02 -3.163538e-01 5.486194e-02 9.925198e-02 1.323075e-02 -4.743097e-02 1.543379e-02 6.501209e-01 7.996162e-02
2.446125e-02 3.910906e-01 5.655284e-02 1.272596e-01 9.123420e-03 -3.277354e-01 7.958886e-02 1.313668e-01 9.226932e-03 -2.838211e-02 2.826887e-02 8.392011e-01 1.156723e-01
1.123895e-02 3.198573e-01 2.538818e-02 1.177115e-01 1.279348e-02 -3.607657e-01 2.144808e-02 9.185060e-02 5.748520e-03 -3.838984e-02 1.355569e-02 8.596585e-01 7.871745e-02
1.156951e-02 3.336268e-01 3.443225e-02 1.139873e-01 1.063931e-02 -3.662668e-01 4.556414e-02 7.713275e-02 6.090859e-03 -6.213152e-02 1.792159e-02 7.482316e-01 7.519517e-02
1.256118e-02 4.105977e-01 5.978226e-02 1.267763e-01 1.214768e-02 -4.945706e-01 1.116486e-01 8.207458e-02 5.159377e-03 -8.743135e-02 2.436920e-02 9.799301e-01 2.164591e-01
1.421397e-02 3.194214e-01 7.985905e-03 1.150384e-01 1.244354e-02 -3.244243e-01 4.257065e-02 9.152862e-02 1.098970e-02 -4.324777e-02 1.473979e-02 7.228692e-01 8.193514e-02
1.652787e-02 3.265794e-01 5.659543e-02 1.190328e-01 2.185490e-02 -3.396533e-01 6.677066e-02 9.579912e-02 9.372764e-03 -6.221941e-02 1.740168e-02 7.202541e-01 1.187449e-01
1.950289e-02 4.491586e-01 2.615089e-02 1.530023e-01 9.908794e-03 -3.949694e-01 4.138391e-02 1.132421e-01 7.007666e-03 -6.092323e-02 1.523905e-02 8.538590e-01 7.226232e-02
2.313902e-02 3.501968e-01 3.256389e-02 1.185702e-01 1.297750e-02 -2.912170e-01 3.505007e-02 1.064323e-01 4.033720e-03 -6.232522e-02 9.406539e-03 7.157169e-01 8.113486e-02
2.743627e-02 4.719522e-01 5.233987e-02 1.557582e-01 1.713741e-02 -3.504306e-01 4.773496e-02 1.263860e-01 7.742603e-03 -7.978040e-02 3.304796e-02 8.681997e-01 6.937621e-02
1.487509e-02 3.227297e-01 2.790119e-02 1.041280e-01 1.251685e-02 -3.654955e-01 3.442249e-02 8.306674e-02 5.786840e-03 -5.141228e-02 1.230313e-02 7.834501e-01 6.363072e-02
1.520564e-02 3.971153e-01 3.885722e-02 1.416103e-01 1.150506e-02 -4.356941e-01 7.716881e-02 1.024632e-01 7.871633e-03 -8.082848e-02 1.655476e-02 9.154661e-01 1.926655e-01
1.619732e-02 4.259513e-01 8.836305e-02 1.494206e-01 3.253700e-02 -4.661014e-01 1.285553e-01 1.078515e-01 1.205755e-02 -1.002059e-01 5.246935e-02 9.576174e-01 1.967843e-01
1.785010e-02 2.982593e-01 1.726647e-02 1.047815e-01 1.091412e-02 -2.703502e-01 1.957103e-02 9.734482e-02 5.365110e-03 -2.715303e-02 1.289553e-02 7.074049e-01 7.180176e-02
2.016401e-02 4.048524e-01 4.731748e-02 1.352237e-01 1.934092e-02 -3.982886e-01 7.464525e-02 1.178153e-01 1.220750e-02 -4.796868e-02 2.907229e-02 8.070898e-01 1.123419e-01
2.313902e-02 3.048573e-01 5.088734e-02 1.016548e-01 1.622346e-02 -2.614371e-01 7.161923e-02 1.043595e-01 1.177655e-02 -3.831324e-03 2.770116e-02 7.867743e-01 8.779456e-02
2.677516e-02 3.628487e-01 3.936154e-02 1.392767e-01 2.137177e-02 -3.713276e-01 5.539518e-02 1.310007e-01 1.293352e-02 -8.857395e-02 1.512918e-02 9.711852e-01 4.648115e-02
3.107240e-02 4.656834e-01 4.348744e-02 1.613485e-01 1.466487e-02 -3.992693e-01 7.403675e-02 1.480173e-01 1.283493e-02 -1.284763e-01 2.541985e-02 1.038337e+00 9.220909e-02
1.917233e-02 3.621457e-01 3.253577e-02 1.256425e-01 1.697644e-02 -3.239025e-01 3.639200e-02 1.100817e-01 1.318127e-02 -4.235782e-02 1.012438e-02 7.312782e-01 7.590230e-02
1.950289e-02 3.466977e-01 5.010415e-02 1.185041e-01 1.749154e-02 -2.552244e-01 4.090424e-02 9.542553e-02 1.490930e-02 -3.395205e-02 2.239440e-02 6.650756e-01 4.937862e-02
2.049456e-02 3.104424e-01 2.642180e-02 1.104225e-01 1.104531e-02 -2.857641e-01 3.682222e-02 1.090411e-01 5.486385e-03 -3.373088e-02 1.135798e-02 7.175889e-01 6.243813e-02
2.214735e-02 3.578506e-01 2.611985e-02 1.098959e-01 2.185542e-02 -3.286497e-01 2.896453e-02 9.609990e-02 1.299812e-02 -3.918016e-02 2.648248e-02 8.444509e-01 7.373163e-02
2.446125e-02 3.316948e-01 4.129198e-02 9.827773e-02 1.616958e-02 -3.266190e-01 6.169310e-02 1.232406e-01 1.423576e-02 1.196240e-02 3.418800e-02 1.016104e+00 8.520054e-02
2.743627e-02 4.051213e-01 4.233569e-02 1.130144e-01 1.757693e-02 -3.936289e-01 5.569000e-02 1.214993e-01 1.077491e-02 -5.504306e-02 1.382807e-02 9.194532e-01 7.044628e-02
3.107240e-02 3.881028e-01 7.542729e-02 1.100433e-01 2.703832e-02 -3.557019e-01 1.121814e-01 1.346698e-01 1.801226e-02 -3.646753e-02 4.060240e-02 1.044642e+00 1.006695e-01
3.536965e-02 4.863074e-01 6.513542e-03 1.338160e-01 1.212351e-02 -3.176885e-01 2.815132e-02 1.666493e-01 2.205075e-02 -5.294373e-02 1.529744e-02 9.617837e-01 5.108935e-02
5.288920e-03 3.750419e-01 5.936995e-02 1.291757e-01 2.004418e-02 -5.070310e-01 1.004616e-01 8.405157e-02 5.900474e-03 -8.842499e-02 4.191515e-02 9.793365e-01 1.663215e-01
5.619477e-03 3.527177e-01 3.313268e-02 1.293253e-01 1.327855e-02 -4.549763e-01 5.023737e-02 8.544868e-02 4.885436e-03 -8.337511e-02 2.136011e-02 8.808723e-01 9.856051e-02
6.611150e-03 2.082478e-01 1.610278e-02 8.257322e-02 1.334125e-02 -2.294132e-01 2.105816e-02 6.956007e-02 1.021924e-02 -1.040974e-02 1.698319e-02 5.637481e-01 7.829122e-02
8.263937e-03 2.778739e-01 3.224560e-02 9.888610e-02 9.697113e-03 -3.265634e-01 7.007846e-02 7.144241e-02 5.565784e-03 -4.940413e-02 1.754664e-02 6.591865e-01 1.625553e-01
1.057784e-02 3.122734e-01 5.433069e-02 1.137410e-01 1.389897e-02 -3.364056e-01 9.189995e-02 8.160459e-02 4.228499e-03 -4.785410e-02 2.420247e-02 7.551733e-01 1.446676e-01
1.355286e-02 3.694342e-01 2.733363e-02 1.188962e-01 8.884400e-03 -4.347255e-01 4.626818e-02 9.211116e-02 7.659779e-03 -5.054388e-02 9.176665e-03 9.235386e-01 9.714187e-02
1.718899e-02 3.275203e-01 2.868397e-02 1.238473e-01 1.653719e-02 -3.424542e-01 5.039794e-02 1.026740e-01 1.178313e-02 -6.312795e-02 2.254679e-02 7.530803e-01 1.017854e-01
2.148624e-02 4.690607e-01 7.652796e-02 1.846737e-01 1.943496e-02 -4.295794e-01 1.441551e-01 1.382498e-01 1.099767e-02 -1.039742e-01 4.017353e-02 9.391105e-01 2.047494e-01
5.619477e-03 2.772422e-01 2.841157e-02 1.022372e-01 1.575878e-02 -3.381464e-01 5.294480e-02 7.441596e-02 7.887692e-03 -4.128406e-02 1.988099e-02 7.328807e-01 1.168612e-01
5.950035e-03 2.917569e-01 2.901977e-02 9.638857e-02 1.205622e-02 -3.779844e-01 4.774877e-02 7.411287e-02 4.650313e-03 -3.862802e-02 1.960256e-02 7.827431e-01 1.082332e-01
6.941707e-03 3.197691e-01 5.200711e-02 1.179723e-01 1.304257e-02 -4.182863e-01 9.213944e-02 7.838724e-02 6.039266e-03 -8.370718e-02 2.781205e-02 8.288882e-01 1.494061e-01
8.594494e-03 3.090881e-01 3.542956e-02 1.100852e-01 1.744162e-02 -3.588524e-01 5.205813e-02 7.582044e-02 1.356466e-02 -6.738960e-02 1.417552e-02 6.825084e-01 9.748872e-02
1.090840e-02 3.173720e-01 3.394846e-02 1.150121e-01 9.166766e-03 -3.920238e-01 6.646060e-02 8.360756e-02 5.497416e-03 -5.655359e-02 2.156128e-02 8.968077e-01 1.660700e-01
1.388341e-02 3.006120e-01 4.019692e-02 8.288738e-02 1.186838e-02 -3.854224e-01 6.190232e-02 6.989411e-02 8.359853e-03 -1.964998e-02 1.942830e-02 1.004757e+00 1.052052e-01
1.751955e-02 3.271138e-01 1.849907e-02 1.106115e-01 8.280806e-03 -2.864389e-01 1.065422e-02 9.888276e-02 3.405699e-03 -3.062115e-02 6.973945e-03 7.029520e-01 4.266450e-02
2.181679e-02 3.808269e-01 5.410750e-02 1.258333e-01 1.326715e-02 -3.296086e-01 7.760900e-02 1.078690e-01 7.535752e-03 -3.866887e-02 2.113848e-02 8.247134e-01 1.355605e-01
6.611150e-03 3.163921e-01 3.903789e-02 1.160433e-01 1.627400e-02 -3.856326e-01 5.856419e-02 8.721055e-02 7.925457e-03 -5.071876e-02 2.132528e-02 7.821091e-01 1.145376e-01
6.941707e-03 3.342410e-01 3.875951e-02 1.146095e-01 9.394093e-03 -4.377068e-01 8.139895e-02 7.623850e-02 4.090289e-03 -6.447183e-02 1.313426e-02 9.307883e-01 1.841449e-01
7.933379e-03 2.849914e-01 3.788255e-02 1.051338e-01 2.191398e-02 -3.532393e-01 3.342887e-02 7.952093e-02 8.629838e-03 -5.632930e-02 2.372869e-02 7.207046e-01 7.839479e-02
9.586167e-03 3.370276e-01 5.462865e-02 1.266140e-01 2.153623e-02 -3.918574e-01 6.818153e-02 8.441626e-02 9.022531e-03 -7.970132e-02 2.966210e-02 7.696599e-01 8.646744e-02
1.190007e-02 2.557740e-01 3.121855e-02 9.321318e-02 1.014499e-02 -3.031192e-01 6.167494e-02 7.363479e-02 6.379019e-03 -4.651602e-02 2.145146e-02 7.079979e-01 1.263456e-01
1.487509e-02 3.531236e-01 4.884039e-02 1.185146e-01 1.611061e-02 -3.819955e-01 6.608706e-02 9.257444e-02 4.518406e-03 -6.372570e-02 2.298240e-02 8.169715e-01 9.024715e-02
1.851122e-02 3.736745e-01 2.737196e-02 1.202020e-01 7.009853e-03 -3.983858e-01 4.740650e-02 9.896988e-02 1.876981e-03 -5.369045e-02 1.578155e-02 9.253634e-01 1.274330e-01
2.280847e-02 3.655685e-01 3.443521e-02 1.103302e-01 2.325974e-02 -3.637346e-01 4.787825e-02 9.978250e-02 1.715530e-02 -4.476502e-02 1.191213e-02 9.156822e-01 1.290558e-01
8.263937e-03 3.293768e-01 3.921964e-02 1.198836e-01 1.272843e-02 -4.161504e-01 6.755962e-02 8.962569e-02 5.863465e-03 -6.263295e-02 1.910258e-02 8.643780e-01 1.265101e-01
8.594494e-03 2.268751e-01 2.607347e-02 8.807794e-02 1.206061e-02 -2.329403e-01 3.298635e-02 7.468265e-02 6.580441e-03 -1.831739e-02 1.257247e-02 5.445414e-01 7.342345e-02
9.586167e-03 3.103780e-01 6.677233e-02 1.113151e-01 2.177993e-02 -3.423604e-01 1.008987e-01 7.597010e-02 6.949635e-03 -6.126180e-02 3.554990e-02 6.538708e-01 1.409735e-01
1.123895e-02 3.798465e-01 1.269944e-02 1.175358e-01 4.879178e-03 -4.751811e-01 2.563601e-02 7.637446e-02 4.226049e-03 -8.519368e-02 1.466221e-02 9.665613e-01 6.273827e-02
1.355286e-02 3.907482e-01 5.572884e-02 1.260031e-01 1.587820e-02 -4.526470e-01 8.035115e-02 8.904781e-02 4.400971e-03 -7.865957e-02 3.001096e-02 9.946301e-01 1.171273e-01
1.652787e-02 3.537375e-01 4.092608e-02 1.205251e-01 9.251637e-03 -3.783351e-01 1.008724e-01 1.006816e-01 8.874526e-03 -4.160140e-02 1.765873e-02 8.996797e-01 1.842916e-01
2.016401e-02 3.804932e-01 4.148023e-02 1.406592e-01 6.776888e-03 -3.804191e-01 6.553828e-02 1.133804e-01 4.784493e-03 -1.034501e-01 1.311999e-02 7.554751e-01 1.058505e-01
2.446125e-02 3.750239e-01 2.191483e-02 1.183747e-01 1.374640e-02 -3.352291e-01 5.154125e-02 1.022202e-01 8.236459e-03 -5.653869e-02 1.794204e-02 7.781062e-01 1.108168e-01
1.057784e-02 3.194954e-01 5.754597e-02 1.280544e-01 2.207294e-02 -3.445357e-01 7.035254e-02 9.173005e-02 1.211682e-02 -7.485393e-02 2.027062e-02 6.807187e-01 1.045797e-01
1.090840e-02 3.743145e-01 4.548744e-02 1.399431e-01 1.292445e-02 -4.220890e-01 7.938458e-02 9.981315e-02 8.688891e-03 -8.028398e-02 2.300367e-02 7.600346e-01 1.307254e-01
1.190007e-02 3.422137e-01 7.360424e-02 1.239271e-01 2.009129e-02 -3.580493e-01 9.578605e-02 8.133122e-02 6.194549e-03 -6.218722e-02 2.483795e-02 7.148669e-01 1.175091e-01
1.355286e-02 2.746606e-01 3.772308e-02 1.131522e-01 1.229318e-02 -2.606796e-01 5.971344e-02 9.481338e-02 7.273215e-03 -3.959548e-02 2.063184e-02 6.476599e-01 8.817999e-02
1.586676e-02 3.057333e-01 2.674392e-02 9.121754e-02 7.954355e-03 -3.091240e-01 3.196301e-02 8.055163e-02 5.140375e-03 -1.745215e-02 1.909039e-02 7.795542e-01 5.311545e-02
1.884178e-02 3.558416e-01 5.070217e-02 1.071729e-01 1.313721e-02 -3.719304e-01 8.352400e-02 8.682858e-02 4.502640e-03 -6.892787e-02 2.741708e-02 7.710957e-01 1.423690e-01
2.247791e-02 4.363545e-01 5.456672e-02 1.425308e-01 1.965519e-02 -4.205356e-01 6.145767e-02 1.145229e-01 7.109438e-03 -7.645045e-02 2.800858e-02 8.913409e-01 3.992808e-02
2.677516e-02 3.706429e-01 4.316082e-02 1.285720e-01 1.971911e-02 -2.486751e-01 4.655650e-02 1.175433e-01 9.469554e-03 -4.664734e-02 1.844433e-02 7.036813e-01 4.980484e-02
1.355286e-02 2.983423e-01 4.188379e-02 9.856220e-02 2.104397e-02 -3.240375e-01 5.401022e-02 7.986783e-02 1.159891e-02 -4.796327e-02 2.009304e-02 6.947765e-01 1.067111e-01
1.388341e-02 3.389497e-01 2.517448e-02 1.015252e-01 7.890659e-03 -3.946592e-01 4.824832e-02 7.373039e-02 3.307499e-03 -4.975617e-02 1.246447e-02 8.682409e-01 1.101255e-01
1.487509e-02 3.311153e-01 3.777171e-02 9.804812e-02 1.148811e-02 -4.231250e-01 4.205143e-02 7.907098e-02 5.434533e-03 -5.490008e-02 1.503569e-02 9.208839e-01 9.289022e-02
1.652787e-02 3.350402e-01 4.568334e-02 1.118145e-01 1.693771e-02 -3.344175e-01 5.968253e-02 8.980456e-02 9.410882e-03 -3.320241e-02 1.609022e-02 8.436130e-01 1.733412e-01
1.884178e-02 3.582314e-01 3.842390e-02 1.025455e-01 1.495294e-02 -3.472879e-01 3.563632e-02 9.354861e-02 8.646253e-03 -2.629680e-02 1.248149e-02 8.455063e-01 5.389592e-02
2.181679e-02 4.537688e-01 1.801442e-02 1.362555e-01 6.373899e-03 -4.525630e-01 3.416701e-02 1.187590e-01 5.922242e-03 -6.812072e-02 1.052234e-02 9.458821e-01 3.445544e-02
2.545293e-02 4.328020e-01 3.136517e-02 1.324435e-01 2.326881e-02 -3.893224e-01 5.812697e-02 1.119368e-01 1.418836e-02 -5.453121e-02 1.409087e-02 9.529161e-01 1.091880e-01
2.975017e-02 3.973202e-01 3.312689e-02 1.400873e-01 2.010399e-02 -3.805360e-01 3.812425e-02 1.508245e-01 1.463487e-02 -8.271082e-02 2.537969e-02 1.018250e+00 7.133612e-02
1.718899e-02 3.550273e-01 1.729950e-02 1.287464e-01 1.253112e-02 -3.639759e-01 3.408977e-02 9.900053e-02 1.186354e-02 -6.327312e-02 1.422019e-02 8.980560e-01 9.468452e-02
1.751955e-02 3.449081e-01 1.772137e-02 1.188208e-01 1.045917e-02 -3.403649e-01 3.105424e-02 9.529600e-02 9.120321e-03 -5.436814e-02 2.196993e-02 7.275800e-01 5.277681e-02
1.851122e-02 3.282959e-01 4.765693e-02 1.208436e-01 2.484867e-02 -2.947446e-01 4.846142e-02 1.059875e-01 1.497657e-02 -3.742484e-02 1.158530e-02 7.724654e-01 1.159158e-01
2.016401e-02 3.489753e-01 2.690915e-02 1.360988e-01 8.372369e-03 -3.146374e-01 5.755456e-02 1.237428e-01 4.376683e-03 -2.405509e-02 3.341375e-02 8.977489e-01 1.727897e-01
2.247791e-02 3.503780e-01 1.373848e-02 1.310937e-01 1.297278e-02 -2.868513e-01 3.335348e-02 1.183493e-01 1.061659e-02 -5.859500e-02 1.244602e-02 7.594392e-01 7.876026e-02
2.545293e-02 3.649475e-01 4.839529e-02 9.930618e-02 1.313933e-02 -3.039096e-01 5.554510e-02 1.148114e-01 1.041801e-02 -2.987793e-02 2.035686e-02 8.058663e-01 5.096124e-02
2.908906e-02 4.173339e-01 2.364268e-02 1.356281e-01 1.527730e-02 -3.112002e-01 3.873437e-02 1.398473e-01 1.130420e-02 -5.455414e-02 1.068343e-02 8.593781e-01 5.584969e-02
3.338631e-02 4.344620e-01 3.749685e-02 1.541359e-01 2.939337e-02 -2.793331e-01 3.252141e-02 1.765442e-01 1.720358e-02 -7.082630e-02 1.960822e-02 7.642840e-01 7.818538e-02
2.148624e-02 4.034205e-01 2.984999e-02 1.468529e-01 1.685081e-02 -2.828684e-01 4.248721e-02 1.191868e-01 1.197990e-02 -3.168053e-02 2.488881e-02 6.668860e-01 7.565281e-02
2.181679e-02 3.854485e-01 2.611461e-02 1.136842e-01 1.048261e-02 -3.821032e-01 3.353005e-02 9.423022e-02 5.245838e-03 -5.359070e-02 2.368467e-02 8.492204e-01 3.300495e-02
2.280847e-02 4.247067e-01 1.758683e-02 1.521097e-01 1.493252e-02 -4.067244e-01 2.991518e-02 1.235367e-01 6.795571e-03 -5.214988e-02 2.187582e-02 1.034120e+00 5.073755e-02
2.446125e-02 3.750027e-01 1.291314e-02 1.289071e-01 5.515869e-03 -3.348663e-01 4.244637e-02 1.190419e-01 7.229569e-03 -5.301465e-02 1.985173e-02 8.780007e-01 1.013946e-01
2.677516e-02 3.416926e-01 1.672302e-02 1.015216e-01 9.306860e-03 -2.412842e-01 4.173130e-02 1.213662e-01 1.143322e-02 -7.812454e-03 2.074055e-02 7.494292e-01 6.613129e-02
2.975017e-02 4.368082e-01 3.688553e-02 1.575707e-01 2.572491e-02 -3.541218e-01 5.058337e-02 1.557714e-01 8.850195e-03 -9.217168e-02 3.344576e-02 8.395841e-01 6.552327e-02
3.338631e-02 4.157012e-01 5.599361e-02 1.302148e-01 1.937330e-02 -2.821598e-01 5.264777e-02 1.366654e-01 8.319323e-03 -4.999632e-02 4.134544e-02 9.048909e-01 4.225411e-02
3.768355e-02 4.189327e-01 2.438503e-02 9.409935e-02 9.011755e-03 -2.485396e-01 4.169444e-02 1.638553e-01 1.616838e-02 -5.078222e-02 8.550833e-03 9.354169e-01 6.233754e-02
8.263937e-03 2.841446e-01 2.053861e-02 9.490290e-02 8.827437e-03 -3.515843e-01 6.160742e-02 7.446148e-02 3.984157e-03 -3.024633e-02 1.409179e-02 8.144878e-01 1.778049e-01
8.594494e-03 3.000076e-01 1.134837e-02 1.138067e-01 5.657072e-03 -3.359865e-01 2.889560e-02 8.607141e-02 6.562881e-03 -4.794530e-02 7.603082e-03 7.211034e-01 7.377548e-02
9.586167e-03 3.147263e-01 3.405263e-02 1.196031e-01 1.527166e-02 -3.555998e-01 7.009454e-02 9.227766e-02 7.775537e-03 -4.720141e-02 2.355158e-02 7.887611e-01 1.158589e-01
1.123895e-02 3.804433e-01 4.821267e-02 1.443156e-01 1.752346e-02 -4.248585e-01 7.084829e-02 9.651560e-02 6.753864e-03 -8.249037e-02 2.639683e-02 8.660074e-01 1.389320e-01
1.355286e-02 3.427143e-01 2.439053e-02 1.324750e-01 1.123544e-02 -3.064091e-01 4.310211e-02 9.920842e-02 8.375724e-03 -4.815479e-02 1.569837e-02 6.314124e-01 5.138097e-02
1.652787e-02 3.351161e-01 4.264765e-02 1.259470e-01 1.568760e-02 -3.545714e-01 6.521755e-02 9.809002e-02 9.197271e-03 -6.654314e-02 3.230230e-02 7.778061e-01 1.044957e-01
2.016401e-02 3.725284e-01 6.041727e-02 1.358283e-01 2.595772e-02 -3.831344e-01 5.835286e-02 1.108436e-01 1.345983e-02 -8.242763e-02 2.577110e-02 8.706755e-01 4.439797e-02
2.446125e-02 3.362390e-01 2.574737e-02 9.955045e-02 9.519377e-03 -3.168799e-01 3.659627e-02 1.078612e-01 8.569770e-03 -4.242713e-02 7.293794e-03 8.566497e-01 4.393573e-02
8.594494e-03 2.493934e-01 4.674948e-02 8.856636e-02 9.083865e-03 -2.798966e-01 9.406786e-02 7.381724e-02 6.412115e-03 -1.085340e-02 1.931155e-02 6.507688e-01 1.709098e-01
8.925052e-03 3.235023e-01 4.489601e-02 1.145467e-01 2.012661e-02 -3.921164e-01 5.960744e-02 8.521078e-02 1.109509e-02 -6.446915e-02 1.592918e-02 7.868138e-01 1.083799e-01
9.916724e-03 3.392487e-01 8.173112e-02 1.301235e-01 2.122020e-02 -3.819406e-01 1.245777e-01 9.469848e-02 8.297522e-03 -7.589992e-02 3.103583e-02 7.199187e-01 1.984789e-01
1.156951e-02 3.823091e-01 5.010173e-02 1.244326e-01 2.171476e-02 -4.330106e-01 8.224765e-02 8.647470e-02 1.015119e-02 -6.982997e-02 3.738290e-02 8.433336e-01 1.364504e-01
1.388341e-02 3.626241e-01 2.368605e-02 1.323019e-01 1.426791e-02 -3.655792e-01 3.860351e-02 1.034253e-01 1.114587e-02 -6.415136e-02 1.859690e-02 7.676029e-01 7.426540e-02
1.685843e-02 3.781926e-01 2.800127e-02 1.334427e-01 1.814715e-02 -3.908903e-01 3.605053e-02 9.009247e-02 1.256010e-02 -8.472758e-02 1.729697e-02 7.823112e-01 7.426383e-02
2.049456e-02 3.697079e-01 5.034716e-02 1.135434e-01 1.753895e-02 -3.316940e-01 6.392720e-02 9.537071e-02 7.924736e-03 -4.223968e-02 1.655118e-02 7.432287e-01 1.095202e-01
2.479181e-02 3.904330e-01 2.398672e-02 1.523077e-01 6.795346e-03 -2.876394e-01 4.139690e-02 1.292981e-01 7.932492e-03 -6.416910e-02 2.296989e-02 7.395119e-01 8.621258e-02
9.586167e-03 3.156630e-01 5.198405e-02 1.003594e-01 1.461577e-02 -3.669886e-01 7.751939e-02 7.307874e-02 5.462506e-03 -4.015380e-02 2.301861e-02 7.621278e-01 1.340576e-01
9.916724e-03 2.874806e-01 2.207804e-02 1.085104e-01 1.528712e-02 -2.953199e-01 3.074985e-02 8.383969e-02 1.174394e-02 -3.833480e-02 7.067658e-03 6.032765e-01 7.981493e-02
1.090840e-02 2.997396e-01 1.831105e-02 1.132897e-01 1.404940e-02 -3.345172e-01 2.499657e-02 8.928513e-02 8.455393e-03 -4.555038e-02 1.856864e-02 7.228868e-01 5.966160e-02
1.256118e-02 3.049323e-01 9.225360e-02 1.063586e-01 3.007205e-02 -3.704363e-01 1.374305e-01 8.555212e-02 9.680377e-03 -5.682948e-02 4.651178e-02 8.550017e-01 2.067652e-01
1.487509e-02 3.193757e-01 3.824724e-02 9.466556e-02 6.268727e-03 -3.809913e-01 8.091923e-02 7.798625e-02 3.683109e-03 -4.271732e-02 5.390345e-03 9.100498e-01 1.981434e-01
1.785010e-02 3.295524e-01 2.747780e-02 9.068470e-02 7.466034e-03 -3.853401e-01 3.508453e-02 7.699775e-02 5.435656e-03 -4.274908e-02 1.985956e-02 8.792257e-01 7.203013e-02
2.148624e-02 2.904410e-01 2.308383e-02 1.058027e-01 7.881385e-03 -2.637490e-01 3.170007e-02 1.160892e-01 7.834868e-03 -1.770491e-02 1.799785e-02 8.578044e-01 9.009609e-02
2.578348e-02 3.789323e-01 7.037484e-02 1.146961e-01 2.168728e-02 -2.948019e-01 7.700038e-02 1.089321e-01 1.346884e-02 -2.841143e-02 2.378042e-02 8.654194e-01 1.067523e-01
1.123895e-02 2.793828e-01 4.242572e-02 1.124707e-01 1.222484e-02 -2.494854e-01 5.684542e-02 9.497968e-02 4.486196e-03 -2.548921e-02 2.052516e-02 5.607436e-01 7.570328e-02
1.156951e-02 3.129352e-01 3.101993e-02 1.106679e-01 1.061861e-02 -3.564839e-01 5.362903e-02 7.988563e-02 8.754467e-03 -6.431496e-02 1.777065e-02 7.442765e-01 8.196693e-02
1.256118e-02 4.275171e-01 4.872194e-02 1.507827e-01 2.231418e-02 -4.710554e-01 5.165673e-02 1.014070e-01 1.249012e-02 -8.627469e-02 2.830419e-02 9.044373e-01 3.921775e-02
1.421397e-02 2.792033e-01 1.768913e-02 9.809542e-02 4.884702e-03 -2.778929e-01 2.330733e-02 8.212661e-02 6.283406e-03 -2.808035e-02 8.414695e-03 6.589501e-01 8.671978e-02
1.652787e-02 2.718519e-01 2.897913e-02 9.930818e-02 9.077483e-03 -2.435996e-01 4.700222e-02 9.030248e-02 8.027872e-03 -3.275160e-02 1.834165e-02 5.937431e-01 6.549388e-02
1.950289e-02 3.622483e-01 3.081557e-02 1.425102e-01 1.723462e-02 -3.577834e-01 2.771396e-02 1.293375e-01 5.724619e-03 -6.870742e-02 3.273545e-02 7.911618e-01 4.668689e-02
2.313902e-02 3.973378e-01 2.567370e-02 1.152430e-01 1.799951e-02 -3.919993e-01 5.164980e-02 9.866640e-02 1.041082e-02 -7.179728e-02 2.312643e-02 9.432375e-01 9.461828e-02
2.743627e-02 3.554961e-01 2.656260e-02 1.393827e-01 1.178797e-02 -2.884844e-01 6.391696e-02 1.486107e-01 9.492736e-03 -7.193600e-02 2.527405e-02 7.615807e-01 1.168663e-01
1.355286e-02 3.563035e-01 4.314600e-02 1.188991e-01 1.669949e-02 -4.280793e-01 6.513873e-02 8.607675e-02 7.423825e-03 -7.239132e-02 2.167045e-02 9.018643e-01 1.123356e-01
1.388341e-02 3.933402e-01 3.267399e-02 1.225152e-01 2.103773e-02 -4.436679e-01 4.068054e-02 9.269666e-02 1.079869e-02 -5.116190e-02 2.150378e-02 9.560670e-01 9.255491e-02
1.487509e-02 3.816794e-01 3.257481e-02 1.272216e-01 1.659647e-02 -4.374153e-01 9.031227e-02 9.123110e-02 8.852306e-03 -6.971497e-02 3.066354e-02 9.631865e-01 1.973687e-01
1.652787e-02 3.679426e-01 4.053671e-02 1.305871e-01 1.509567e-02 -3.508986e-01 5.155908e-02 1.030317e-01 6.071939e-03 -6.125178e-02 1.924640e-02 7.252836e-01 6.745091e-02
1.884178e-02 3.982436e-01 2.850016e-02 1.417035e-01 8.285718e-03 -3.735191e-01 5.181126e-02 1.049303e-01 4.729804e-03 -6.418246e-02 1.597173e-02 7.924148e-01 6.832897e-02
2.181679e-02 4.507377e-01 2.833651e-02 1.497083e-01 2.971933e-03 -4.065071e-01 5.751493e-02 1.215239e-01 4.486615e-03 -6.435012e-02 1.495891e-02 9.146933e-01 8.509090e-02
2.545293e-02 3.729852e-01 3.850475e-02 1.209479e-01 2.209837e-02 -2.981667e-01 5.350952e-02 1.198239e-01 1.132809e-02 -4.065534e-02 4.277784e-02 7.140929e-01 4.359022e-02
2.975017e-02 3.785863e-01 2.829369e-02 1.419045e-01 1.665171e-02 -3.195472e-01 4.524056e-02 1.481638e-01 5.702290e-03 -7.804359e-02 2.469134e-02 9.060092e-01 9.016297e-02
1.652787e-02 3.850079e-01 3.242747e-02 1.047102e-01 9.521283e-03 -4.316479e-01 4.974629e-02 8.934741e-02 4.526955e-03 -3.135074e-02 2.437915e-02 9.286048e-01 9.288693e-02
1.685843e-02 3.387758e-01 4.281907e-02 1.173474e-01 9.974853e-03 -3.470020e-01 8.693461e-02 1.030620e-01 7.607578e-03 -1.337530e-02 2.522699e-02 8.173928e-01 1.731235e-01
1.785010e-02 3.637351e-01 2.989233e-02 1.056325e-01 9.812691e-03 -3.862171e-01 5.149930e-02 9.145903e-02 7.836192e-03 -3.850278e-02 7.752821e-03 8.938429e-01 9.293126e-02
1.950289e-02 3.251915e-01 2.198917e-02 1.061343e-01 1.450541e-02 -2.357995e-01 2.866996e-02 9.564660e-02 1.126111e-02 -1.745795e-02 7.125516e-03 6.248049e-01 6.524891e-02
2.181679e-02 3.272669e-01 2.794362e-02 1.170400e-01 4.232529e-03 -2.594838e-01 4.296412e-02 1.180275e-01 9.140640e-03 -2.232305e-02 1.736932e-02 7.804291e-01 9.127649e-02
2.479181e-02 3.284666e-01 3.613418e-02 1.099804e-01 1.565424e-02 -2.700280e-01 3.489850e-02 1.052027e-01 1.225923e-02 -4.103436e-02 1.830952e-02 7.051816e-01 4.817919e-02
2.842794e-02 3.623581e-01 3.785071e-02 1.031795e-01 1.399614e-02 -2.804904e-01 3.561614e-02 1.308182e-01 7.220444e-03 -3.895063e-02 1.836037e-02 8.300959e-01 3.356528e-02
3.272519e-02 4.644425e-01 4.294650e-02 1.400816e-01 3.553663e-02 -3.614201e-01 6.487404e-02 1.561581e-01 2.210083e-02 -7.536892e-02 4.298053e-02 9.606233e-01 7.485141e-02
2.016401e-02 3.742511e-01 6.320645e-02 1.202438e-01 2.803109e-02 -2.830381e-01 3.995389e-02 1.050608e-01 1.148763e-02 -5.207198e-02 1.307689e-02 6.507704e-01 2.635302e-02
2.049456e-02 4.329550e-01 4.294389e-02 1.456082e-01 1.952145e-02 -4.560584e-01 7.813955e-02 1.089470e-01 7.107351e-03 -8.600714e-02 3.184446e-02 9.999449e-01 1.511709e-01
2.148624e-02 3.991002e-01 5.219488e-02 1.352086e-01 3.201470e-02 -3.550939e-01 5.762061e-02 1.241469e-01 2.304135e-02 -5.981585e-02 2.646134e-02 8.352544e-01 1.055698e-01
2.313902e-02 3.548510e-01 2.633000e-02 9.574814e-02 1.446570e-02 -3.101778e-01 3.843418e-02 9.994496e-02 9.945698e-03 -1.249654e-02 2.512220e-02 7.945567e-01 5.228478e-02
2.545293e-02 4.141428e-01 4.940579e-02 1.485246e-01 2.422005e-02 -3.817005e-01 4.861209e-02 1.205019e-01 1.255368e-02 -1.034863e-01 1.272433e-02 8.462794e-01 4.855182e-02
2.842794e-02 4.621227e-01 1.879365e-02 1.703174e-01 1.682710e-02 -3.391089e-01 3.933685e-02 1.561545e-01 1.116978e-02 -9.403078e-02 2.583623e-02 8.838583e-01 4.888271e-02
3.206408e-02 3.351484e-01 3.918122e-02 1.262544e-01 2.275051e-02 -2.425161e-01 4.815972e-02 1.573817e-01 1.404659e-02 -5.426502e-02 2.550622e-02 8.825719e-01 6.207456e-02
3.636132e-02 4.632768e-01 2.612012e-02 1.430897e-01 1.175483e-02 -2.944040e-01 7.015949e-02 1.644359e-01 1.480477e-02 -7.121429e-02 2.794457e-02 9.286092e-01 9.379848e-02
2.446125e-02 4.011564e-01 3.989700e-02 1.343553e-01 2.193407e-02 -3.622291e-01 6.268778e-02 1.047273e-01 1.006451e-02 -9.397717e-02 2.167113e-02 8.862189e-01 1.321267e-01
2.479181e-02 4.035752e-01 5.673582e-02 1.339808e-01 1.641331e-02 -3.270665e-01 9.479582e-02 1.191689e-01 8.064159e-03 -4.410901e-02 4.728572e-02 7.545715e-01 8.573312e-02
2.578348e-02 3.884157e-01 4.940328e-02 1.305300e-01 1.966214e-02 -3.193875e-01 1.014137e-01 1.327353e-01 1.197454e-02 -5.568758e-02 4.125063e-02 7.414982e-01 1.269116e-01
2.743627e-02 3.920746e-01 4.579199e-02 1.300709e-01 2.047962e-02 -3.292371e-01 5.378897e-02 1.303383e-01 7.958129e-03 -5.932473e-02 2.377852e-02 8.986582e-01 1.072437e-01
2.975017e-02 4.689551e-01 4.631187e-02 1.357920e-01 1.948699e-02 -4.315346e-01 1.076951e-01 1.332871e-01 1.399093e-02 -4.547498e-02 2.076163e-02 1.050624e+00 2.232089e-01
3.272519e-02 4.338079e-01 2.924018e-02 1.435555e-01 2.024368e-02 -2.687471e-01 4.410275e-02 1.569420e-01 1.857503e-02 -5.431181e-02 2.507037e-02 8.487411e-01 5.304229e-02
3.636132e-02 4.428719e-01 5.202382e-02 1.277286e-01 1.859560e-02 -2.739416e-01 5.799818e-02 2.103638e-01 9.078225e-03 -6.396094e-02 2.683122e-02 9.891880e-01 1.349593e-01
4.065857e-02 4.309959e-01 3.729786e-02 1.453160e-01 3.102562e-02 -2.719299e-01 5.060194e-02 2.244689e-01 3.495627e-02 -8.898218e-02 2.695990e-02 9.727848e-01 5.447036e-02
1.190007e-02 3.687256e-01 6.747961e-02 1.271353e-01 2.612191e-02 -4.617169e-01 1.055592e-01 8.882421e-02 1.171897e-02 -8.911349e-02 3.948760e-02 9.312889e-01 1.565217e-01
1.223063e-02 3.824110e-01 7.659229e-02 1.286462e-01 2.032769e-02 -4.786827e-01 1.474689e-01 8.790000e-02 9.894260e-03 -8.704237e-02 3.779002e-02 9.602969e-01 2.653230e-01
1.322230e-02 3.065413e-01 2.835236e-02 9.930629e-02 1.235122e-02 -3.405466e-01 2.667052e-02 7.349375e-02 4.274357e-03 -4.599869e-02 1.689377e-02 7.858857e-01 4.509341e-02
1.487509e-02 2.985777e-01 1.478893e-02 1.034245e-01 6.879478e-03 -3.135940e-01 2.173486e-02 8.534258e-02 5.925874e-03 -3.629453e-02 9.993005e-03 7.193505e-01 5.205477e-02
1.718899e-02 3.375509e-01 2.037449e-02 1.107911e-01 9.361979e-03 -3.541176e-01 4.827376e-02 9.035843e-02 5.980766e-03 -4.314347e-02 1.070734e-02 8.238674e-01 1.254006e-01
2.016401e-02 3.281559e-01 2.313392e-02 1.077169e-01 8.127021e-03 -3.506791e-01 3.995741e-02 9.767748e-02 7.610168e-03 -5.081465e-02 2.184379e-02 8.059091e-01 9.161594e-02
2.380014e-02 3.975350e-01 6.241157e-02 1.398877e-01 2.422833e-02 -3.332900e-01 4.456221e-02 1.163276e-01 1.023892e-02 -6.405644e-02 2.469151e-02 8.218346e-01 1.288494e-01
2.809739e-02 4.469826e-01 2.007008e-02 1.490249e-01 1.709273e-02 -3.964151e-01 4.327453e-02 1.605671e-01 5.321817e-03 -8.173467e-02 3.258481e-02 1.068219e+00 1.781527e-01
1.223063e-02 3.355116e-01 3.658710e-02 1.137852e-01 1.511919e-02 -4.085257e-01 5.901144e-02 8.258462e-02 1.000151e-02 -6.758909e-02 2.744673e-02 9.213822e-01 7.895096e-02
1.256118e-02 3.372586e-01 2.505674e-02 1.155465e-01 7.582245e-03 -3.669397e-01 5.401044e-02 9.031525e-02 9.529756e-03 -3.379163e-02 2.105467e-02 8.595014e-01 1.079725e-01
1.355286e-02 3.751312e-01 4.889759e-02 1.235795e-01 1.321062e-02 -4.408601e-01 7.808465e-02 9.274910e-02 5.724711e-03 -5.924060e-02 2.272554e-02 9.603091e-01 1.202787e-01
1.520564e-02 2.994696e-01 2.310595e-02 1.045129e-01 7.799936e-03 -3.026597e-01 6.384109e-02 9.135054e-02 7.741536e-03 -1.674552e-02 2.492554e-02 7.472794e-01 1.286857e-01
1.751955e-02 4.178767e-01 3.791412e-02 1.573872e-01 1.456776e-02 -3.567558e-01 6.600598e-02 1.230520e-01 1.150430e-02 -5.882707e-02 3.250380e-02 8.161555e-01 8.193332e-02
2.049456e-02 3.186846e-01 2.977424e-02 1.029320e-01 1.246621e-02 -2.822697e-01 4.693012e-02 9.663650e-02 9.151412e-03 -2.679371e-02 1.804057e-02 7.347277e-01 8.406565e-02
2.413070e-02 4.474562e-01 2.917061e-02 1.647803e-01 9.046967e-03 -3.324186e-01 2.997625e-02 1.269445e-01 1.084446e-02 -7.363217e-02 1.796874e-02 7.375987e-01 4.980300e-02
2.842794e-02 4.340334e-01 1.803644e-02 1.329376e-01 1.895325e-02 -3.566786e-01 3.759760e-02 1.365866e-01 1.092098e-02 -9.154944e-02 2.439813e-02 8.306203e-01 7.802001e-02
1.322230e-02 2.979635e-01 4.328267e-02 1.033409e-01 1.513024e-02 -3.113021e-01 4.669354e-02 8.578848e-02 1.013294e-02 -3.168249e-02 1.015173e-02 7.088158e-01 1.098057e-01
1.355286e-02 3.539737e-01 3.349499e-02 1.076069e-01 1.397771e-02 -4.185911e-01 7.397357e-02 8.598231e-02 7.166497e-03 -4.004259e-02 1.881599e-02 9.093386e-01 1.745046e-01
1.454453e-02 3.918066e-01 5.758605e-02 1.510710e-01 1.601655e-02 -3.914763e-01 9.078041e-02 1.097659e-01 9.493020e-03 -8.385644e-02 2.116696e-02 7.657247e-01 1.287080e-01
1.619732e-02 3.363731e-01 3.100737e-02 1.072393e-01 7.550092e-03 -3.790522e-01 3.908540e-02 8.736596e-02 4.431229e-03 -6.063509e-02 1.471583e-02 8.516655e-01 7.798232e-02
1.851122e-02 2.935174e-01 2.777517e-02 8.915787e-02 8.901534e-03 -3.382091e-01 7.237167e-02 8.403658e-02 7.535546e-03 -5.267089e-02 2.439217e-02 8.693921e-01 1.306711e-01
2.148624e-02 3.320132e-01 1.494622e-02 1.197162e-01 7.427481e-03 -2.962746e-01 2.355773e-02 9.806820e-02 5.037775e-03 -6.394559e-02 1.842720e-02 6.505555e-01 5.533483e-02
2.512237e-02 3.190225e-01 4.558887e-02 1.062256e-01 1.664469e-02 -2.552916e-01 4.333152e-02 1.226917e-01 4.348142e-03 -1.407193e-02 3.904024e-02 7.368424e-01 8.789997e-02
2.941962e-02 4.210302e-01 3.703302e-02 1.410340e-01 5.249913e-03 -3.114502e-01 4.626165e-02 1.222905e-01 4.615052e-03 -7.799315e-02 1.619528e-02 7.582320e-01 8.048808e-02
1.487509e-02 2.927323e-01 5.679476e-02 1.006192e-01 2.979370e-02 -3.011980e-01 5.683704e-02 9.177436e-02 1.301545e-02 -1.915493e-02 3.552128e-02 7.192922e-01 6.645401e-02
1.520564e-02 3.136457e-01 2.446070e-02 1.161482e-01 1.580578e-02 -3.234876e-01 4.712715e-02 9.781357e-02 1.076555e-02 -4.538278e-02 8.194192e-03 7.784382e-01 1.070030e-01
1.619732e-02 3.176683e-01 4.119097e-02 9.697164e-02 1.016974e-02 -3.718170e-01 1.003271e-01 7.340390e-02 2.675335e-03 -5.922532e-02 2.321878e-02 8.323475e-01 2.393506e-01
1.785010e-02 3.702121e-01 3.468030e-02 1.267315e-01 2.117283e-02 -3.886845e-01 4.457644e-02 1.021171e-01 1.677501e-02 -7.730778e-02 1.841000e-02 8.312758e-01 1.017839e-01
2.016401e-02 3.057898e-01 3.305112e-02 1.128744e-01 1.245087e-02 -2.646036e-01 5.094854e-02 1.142752e-01 1.085927e-02 -2.088580e-02 2.050966e-02 7.560802e-01 1.066885e-01
2.313902e-02 3.797018e-01 3.108299e-02 1.514480e-01 1.106360e-02 -3.201137e-01 4.491243e-02 1.447259e-01 6.221709e-03 -5.608821e-02 1.917882e-02 8.445879e-01 5.262940e-02
2.677516e-02 3.954573e-01 4.997302e-02 1.366722e-01 2.290626e-02 -3.289214e-01 4.802126e-02 1.324281e-01 1.212372e-02 -6.350610e-02 2.668787e-02 7.793741e-01 8.067952e-02
3.107240e-02 4.116124e-01 5.751769e-02 1.371862e-01 2.128991e-02 -3.600084e-01 7.675081e-02 1.499292e-01 1.769115e-02 -8.879807e-02 4.800377e-02 9.716780e-01 1.094963e-01
1.718899e-02 3.748418e-01 5.286725e-02 1.372763e-01 2.015139e-02 -3.571694e-01 6.403712e-02 1.100974e-01 1.278151e-02 -6.396136e-02 2.415631e-02 7.201649e-01 8.201927e-02
1.751955e-02 3.192885e-01 6.240578e-02 1.044779e-01 2.228195e-02 -2.815967e-01 6.118984e-02 8.487846e-02 9.316885e-03 -3.294978e-02 2.378269e-02 6.330505e-01 9.299494e-02
1.851122e-02 4.049058e-01 4.967479e-02 1.633768e-01 1.668211e-02 -3.671263e-01 8.211901e-02 1.289180e-01 9.454045e-03 -6.600321e-02 3.761713e-02 8.002905e-01 1.144419e-01
2.016401e-02 3.834749e-01 3.172312e-02 1.238549e-01 5.080879e-03 -4.478033e-01 6.592487e-02 1.023854e-01 3.661418e-03 -8.402079e-02 8.784115e-03 1.035981e+00 1.172333e-01
2.247791e-02 4.278556e-01 5.715069e-02 1.517795e-01 2.105028e-02 -3.952814e-01 1.306280e-01 1.281485e-01 9.069901e-03 -8.171291e-02 5.238919e-02 9.046284e-01 2.365119e-01
2.545293e-02 3.631689e-01 5.606635e-02 1.205951e-01 1.978729e-02 -3.023316e-01 5.948795e-02 1.194025e-01 1.111206e-02 -3.611963e-02 2.913945e-02 8.537843e-01 7.801150e-02
2.908906e-02 4.003768e-01 2.276851e-02 1.444827e-01 1.613674e-02 -3.911626e-01 6.803031e-02 1.464301e-01 1.085570e-02 -1.200561e-01 3.250693e-02 9.741260e-01 1.283666e-01
3.338631e-02 4.295392e-01 4.325499e-02 1.364116e-01 2.407739e-02 -2.877311e-01 6.104964e-02 1.478569e-01 1.646377e-02 -5.888403e-02 3.429880e-02 8.546448e-01 7.355189e-02
2.016401e-02 3.642394e-01 5.622440e-02 1.162218e-01 1.671744e-02 -3.783541e-01 8.156585e-02 1.056959e-01 1.187177e-02 -3.210671e-02 2.075004e-02 9.180726e-01 1.646773e-01
2.049456e-02 3.135067e-01 1.928910e-02 1.037668e-01 9.323592e-03 -2.777069e-01 2.986741e-02 1.013756e-01 8.878994e-03 -2.654893e-02 9.667370e-03 7.431763e-01 1.090476e-01
2.148624e-02 3.727925e-01 1.992551e-02 1.442071e-01 7.662531e-03 -3.259314e-01 6.536768e-02 1.103315e-01 1.303402e-02 -6.559117e-02 1.705751e-02 7.748577e-01 1.091162e-01
2.313902e-02 3.932712e-01 4.693183e-02 1.319204e-01 1.446997e-02 -3.514207e-01 3.791008e-02 1.097926e-01 5.789824e-03 -4.570230e-02 1.290575e-02 8.823991e-01 6.210379e-02
2.545293e-02 3.983908e-01 3.467486e-02 1.154854e-01 1.146516e-02 -3.079189e-01 6.599329e-02 1.153673e-01 3.943486e-03 -4.113176e-02 3.195097e-02 8.780419e-01 4.707465e-02
2.842794e-02 4.556589e-01 7.911441e-02 1.612493e-01 3.059208e-02 -4.014167e-01 8.594375e-02 1.403751e-01 1.677557e-02 -7.529790e-02 2.757674e-02 9.404822e-01 1.103180e-01
3.206408e-02 4.356312e-01 2.758176e-02 1.498397e-01 1.963183e-02 -3.226899e-01 6.997808e-02 1.554962e-01 1.699083e-02 -7.974058e-02 3.388229e-02 7.565422e-01 9.132416e-02
3.636132e-02 4.587225e-01 2.288421e-02 1.390901e-01 2.709480e-02 -2.510758e-01 1.933790e-02 1.851730e-01 1.486541e-02 -7.486643e-02 1.877453e-02 8.555411e-01 6.719441e-02
2.380014e-02 3.618022e-01 5.088169e-02 9.285030e-02 1.114747e-02 -3.131706e-01 8.496140e-02 9.636974e-02 7.322545e-03 -4.706497e-02 1.333127e-02 8.586861e-01 1.266872e-01
2.413070e-02 4.633102e-01 8.291360e-02 1.478215e-01 3.823120e-02 -4.131528e-01 1.089429e-01 1.303279e-01 1.686829e-02 -5.982233e-02 3.609800e-02 9.131598e-01 1.853946e-01
2.512237e-02 3.388221e-01 3.878175e-02 1.108433e-01 1.500221e-02 -2.889593e-01 4.611056e-02 1.155488e-01 6.909645e-03 -3.126207e-02 2.397114e-02 8.014174e-01 6.196743e-02
2.677516e-02 3.937853e-01 4.081453e-02 1.303897e-01 1.993956e-02 -3.428460e-01 5.654383e-02 1.180353e-01 1.122479e-02 -6.935867e-02 3.904714e-02 7.621504e-01 6.495528e-02
2.908906e-02 4.714535e-01 2.307427e-02 1.675298e-01 5.749299e-03 -3.732681e-01 3.569117e-02 1.469327e-01 1.298976e-02 -7.904596e-02 1.947071e-02 8.686314e-01 5.589013e-02
3.206408e-02 4.077693e-01 3.679182e-02 1.275235e-01 1.969341e-02 -2.560476e-01 3.786780e-02 1.334388e-01 1.173014e-02 -5.000378e-02 1.319114e-02 8.321506e-01 6.543003e-02
3.570021e-02 4.297422e-01 3.846106e-02 1.331370e-01 1.240929e-02 -2.690370e-01 3.300939e-02 1.570915e-01 1.464322e-02 -1.068362e-01 5.834872e-03 7.390119e-01 9.885277e-02
3.999745e-02 5.143927e-01 1.334001e-02 1.424825e-01 1.845225e-02 -2.682854e-01 2.814439e-02 2.018887e-01 1.603587e-02 -1.172243e-01 1.344941e-02 8.771892e-01 7.549708e-02
2.809739e-02 4.050411e-01 2.748576e-02 1.382583e-01 1.400468e-02 -3.724359e-01 2.615021e-02 1.433616e-01 1.672132e-03 -8.908788e-02 1.723723e-02 9.319346e-01 8.500554e-02
2.842794e-02 4.256606e-01 2.150268e-02 1.344986e-01 1.299138e-02 -3.145384e-01 2.639159e-02 1.494302e-01 1.276560e-02 -5.753810e-02 2.394078e-02 8.823422e-01 7.449485e-02
2.941962e-02 4.076251e-01 3.710197e-02 1.502505e-01 2.828484e-02 -3.389779e-01 6.366409e-02 1.490109e-01 1.924641e-02 -1.082028e-01 3.295487e-02 1.010955e+00 1.121659e-01
3.107240e-02 3.840055e-01 4.138727e-02 1.310971e-01 2.108857e-02 -2.483634e-01 4.967767e-02 1.655624e-01 1.791176e-02 -6.000036e-02 1.784267e-02 7.073070e-01 7.654037e-02
3.338631e-02 4.541624e-01 5.858817e-02 1.469915e-01 7.891058e-03 -3.358322e-01 5.291429e-02 1.657411e-01 1.633420e-02 -9.139691e-02 2.704229e-02 9.142106e-01 1.043236e-01
3.636132e-02 4.347940e-01 9.230228e-02 1.180657e-01 2.701710e-02 -2.508559e-01 7.202926e-02 1.524159e-01 1.457924e-02 -9.046534e-02 2.967964e-02 7.931182e-01 7.535265e-02
3.999745e-02 4.096248e-01 4.773706e-02 1.158612e-01 2.044002e-02 -2.419968e-01 5.372855e-02 1.693367e-01 1.776436e-02 -7.834897e-02 3.436200e-02 8.379734e-01 6.650551e-02
4.429470e-02 4.737943e-01 3.835233e-02 1.230738e-01 3.105087e-02 -2.339990e-01 4.173368e-02 2.923710e-01 2.018600e-02 -7.541559e-02 6.158298e-02 1.062618e+00 1.254588e-01
1.619732e-02 3.547169e-01 3.328550e-02 1.137544e-01 1.197210e-02 -3.254916e-01 4.346148e-02 9.226921e-02 7.032320e-03 -2.763311e-02 1.356346e-02 6.983089e-01 6.550630e-02
1.652787e-02 4.089732e-01 5.918961e-02 1.302092e-01 2.833260e-02 -4.634231e-01 8.851449e-02 9.746652e-02 1.379930e-02 -8.577580e-02 2.770024e-02 9.319568e-01 1.586075e-01
1.751955e-02 4.030196e-01 3.635335e-02 1.113768e-01 8.832979e-03 -4.511883e-01 5.407957e-02 8.576469e-02 6.611834e-03 -6.019794e-02 1.368044e-02 8.717672e-01 9.769327e-02
1.917233e-02 4.185958e-01 2.872047e-02 1.350476e-01 1.388576e-02 -4.132505e-01 5.019419e-02 1.107933e-01 1.240608e-02 -6.953665e-02 1.941687e-02 7.801178e-01 7.566404e-02
2.148624e-02 3.965751e-01 5.034232e-02 1.237602e-01 2.388468e-02 -3.938053e-01 5.150419e-02 1.037974e-01 1.156669e-02 -7.959342e-02 2.622396e-02 8.955669e-01 5.224369e-02
2.446125e-02 3.596096e-01 2.685552e-02 1.314828e-01 1.597278e-02 -3.364486e-01 6.307993e-02 1.202350e-01 8.660299e-03 -7.528083e-02 3.410488e-02 9.225829e-01 9.711760e-02
2.809739e-02 3.580702e-01 4.453066e-02 1.157587e-01 1.481898e-02 -2.844064e-01 7.269061e-02 1.169634e-01 1.232738e-02 -3.746838e-02 2.439176e-02 8.182034e-01 9.800222e-02
3.239463e-02 4.712790e-01 2.512229e-02 1.495976e-01 1.449831e-02 -3.611349e-01 4.650904e-02 1.437061e-01 7.559128e-03 -1.011337e-01 2.380454e-02 8.708742e-01 6.306893e-02
1.652787e-02 4.250006e-01 3.399132e-02 1.558350e-01 1.969957e-02 -4.220816e-01 3.359034e-02 1.169899e-01 1.498746e-02 -7.568600e-02 9.426763e-03 8.904786e-01 6.600399e-02
1.685843e-02 3.207923e-01 3.203027e-02 9.862770e-02 1.474882e-02 -3.455388e-01 5.204686e-02 8.012222e-02 3.456083e-03 -4.112164e-02 2.874767e-02 8.348226e-01 1.088623e-01
1.785010e-02 3.580894e-01 4.479793e-02 1.156131e-01 1.346063e-02 -3.687722e-01 8.011417e-02 9.567744e-02 8.810422e-03 -5.155834e-02 2.739303e-02 8.147760e-01 1.354899e-01
1.950289e-02 3.734630e-01 5.459095e-02 1.113411e-01 2.610525e-02 -4.041673e-01 9.067992e-02 1.046739e-01 1.219541e-02 -4.720324e-02 3.110815e-02 9.194121e-01 1.482989e-01
2.181679e-02 3.752766e-01 5.537530e-02 1.218386e-01 2.344300e-02 -3.668837e-01 6.290136e-02 9.620347e-02 1.169745e-02 -5.366684e-02 2.582852e-02 9.582907e-01 9.232909e-02
2.479181e-02 4.339075e-01 6.256784e-02 1.491261e-01 3.044538e-02 -4.196919e-01 6.210329e-02 1.315810e-01 1.635575e-02 -6.705119e-02 3.844327e-02 1.011098e+00 9.868359e-02
2.842794e-02 4.354034e-01 4.633695e-02 1.568997e-01 1.805900e-02 -3.343480e-01 2.850312e-02 1.423005e-01 6.920900e-03 -7.148476e-02 1.123010e-02 9.112137e-01 1.137055e-01
3.272519e-02 3.681021e-01 6.493949e-02 1.153829e-01 1.762837e-02 -2.550133e-01 6.374187e-02 1.302100e-01 1.370387e-02 -6.690359e-02 2.947245e-02 7.953150e-01 1.153190e-01
1.751955e-02 3.458950e-01 4.105574e-02 1.248523e-01 1.563978e-02 -3.388211e-01 5.531155e-02 1.002111e-01 1.081850e-02 -5.200510e-02 2.614995e-02 7.760789e-01 4.759623e-02
1.785010e-02 3.805826e-01 4.242298e-02 1.261972e-01 2.141573e-02 -4.678676e-01 6.568775e-02 9.960602e-02 1.051556e-02 -9.143881e-02 3.488155e-02 1.016877e+00 1.274930e-01
1.884178e-02 3.912545e-01 6.151964e-02 1.355521e-01 1.966221e-02 -3.949224e-01 8.438038e-02 1.011226e-01 2.490819e-03 -7.506757e-02 3.086365e-02 8.971156e-01 1.393763e-01
2.049456e-02 3.302865e-01 3.375739e-02 1.112728e-01 9.862352e-03 -3.407845e-01 6.760318e-02 9.189292e-02 5.257261e-03 -6.511528e-02 2.678328e-02 8.331815e-01 1.402842e-01
2.280847e-02 3.908429e-01 2.538672e-02 1.230313e-01 1.118775e-02 -3.684254e-01 3.210338e-02 1.066970e-01 9.005076e-03 -4.919242e-02 1.726367e-02 8.421601e-01 7.603247e-02
2.578348e-02 4.117660e-01 4.036171e-02 1.439430e-01 1.853050e-02 -3.140561e-01 4.170327e-02 1.321866e-01 4.260685e-03 -8.563884e-02 2.593258e-02 8.894943e-01 9.880375e-02
2.941962e-02 3.883485e-01 5.925175e-03 1.069758e-01 8.027321e-03 -2.706403e-01 4.916415e-02 1.238661e-01 7.045685e-03 -4.220347e-02 1.852299e-02 6.804095e-01 9.919713e-02
3.371686e-02 4.701453e-01 4.900056e-02 1.270447e-01 2.061481e-02 -3.185932e-01 6.131976e-02 1.631963e-01 6.751875e-03 -5.200357e-02 1.161916e-02 1.002468e+00 6.470957e-02
1.917233e-02 4.625491e-01 3.034691e-02 1.433641e-01 1.770772e-02 -4.496147e-01 3.229694e-02 1.136859e-01 1.106990e-02 -6.569466e-02 9.786591e-03 8.787054e-01 6.273026e-02
1.950289e-02 3.164096e-01 5.474395e-02 1.138148e-01 2.384244e-02 -3.076543e-01 4.531803e-02 9.062402e-02 1.222241e-02 -6.987522e-02 2.157449e-02 7.041340e-01 5.750187e-02
2.049456e-02 3.764366e-01 6.260656e-02 1.332789e-01 2.646986e-02 -3.379328e-01 6.894246e-02 1.169224e-01 9.540729e-03 -5.820976e-02 2.576518e-02 8.186149e-01 1.049381e-01
2.214735e-02 3.812389e-01 5.785425e-02 1.400172e-01 2.187544e-02 -3.593316e-01 5.618736e-02 1.139976e-01 9.338869e-03 -7.090279e-02 2.557261e-02 8.559738e-01 7.772642e-02
2.446125e-02 4.106268e-01 4.523551e-02 1.279876e-01 1.555497e-02 -3.454609e-01 3.845168e-02 1.082390e-01 1.560408e-02 -7.838972e-02 2.496596e-02 8.521416e-01 3.662304e-02
2.743627e-02 4.332152e-01 3.220808e-02 1.272287e-01 1.018801e-02 -3.752779e-01 7.780415e-02 1.169796e-01 8.934413e-03 -7.934329e-02 1.338687e-02 9.976692e-01 1.731086e-01
3.107240e-02 4.222236e-01 3.138748e-02 1.374328e-01 1.701510e-02 -3.829598e-01 1.531376e-02 1.483931e-01 1.599641e-02 -8.695403e-02 1.017534e-02 9.251653e-01 7.632331e-02
3.536965e-02 4.663455e-01 6.483478e-02 1.267509e-01 2.016190e-02 -4.282870e-01 4.005686e-02 1.783012e-01 1.797427e-02 -1.018875e-01 2.742186e-02 1.052156e+00 1.203000e-02
2.148624e-02 3.850517e-01 2.308643e-02 1.310477e-01 9.849410e-03 -3.935617e-01 4.192246e-02 1.067067e-01 1.013824e-02 -7.025245e-02 1.261771e-02 1.046051e+00 8.742979e-02
2.181679e-02 4.511634e-01 3.876347e-02 1.524545e-01 1.934019e-02 -4.022807e-01 5.606144e-02 1.199024e-01 9.372761e-03 -6.292011e-02 2.599105e-02 9.639728e-01 1.396171e-01
2.280847e-02 3.269229e-01 3.391575e-02 1.047517e-01 1.259069e-02 -2.894327e-01 4.594005e-02 9.748574e-02 7.075756e-03 -6.467400e-02 1.574860e-02 7.927666e-01 1.053235e-01
2.446125e-02 3.644227e-01 4.577036e-02 1.192690e-01 1.470822e-02 -2.854908e-01 4.728464e-02 1.241875e-01 4.397408e-03 -4.097584e-02 6.763244e-03 8.113573e-01 5.304138e-02
2.677516e-02 4.887743e-01 8.593128e-02 1.659342e-01 4.758410e-02 -4.441823e-01 8.011725e-02 1.475314e-01 2.042424e-02 -1.356011e-01 3.827585e-02 9.579148e-01 1.034265e-01
2.975017e-02 4.414396e-01 4.106309e-02 1.277626e-01 2.509510e-02 -2.463253e-01 3.454425e-02 1.269863e-01 1.091718e-02 -3.529735e-02 1.589570e-02 6.716457e-01 7.821348e-02
3.338631e-02 5.287842e-01 4.238010e-02 1.387544e-01 1.243106e-02 -3.455817e-01 4.673067e-02 1.397127e-01 1.554091e-02 -6.466226e-02 2.171458e-02 9.757920e-01 7.507662e-02
3.768355e-02 3.604393e-01 3.396485e-02 1.042083e-01 2.084569e-02 -2.548042e-01 5.048983e-02 1.873037e-01 2.230387e-02 -2.982547e-02 1.380188e-02 9.709885e-01 1.523629e-01
2.446125e-02 3.788371e-01 3.139349e-02 1.510351e-01 2.242221e-02 -3.310772e-01 4.842806e-02 1.297036e-01 1.279620e-02 -9.110166e-02 2.222852e-02 8.249812e-01 7.319204e-02
2.479181e-02 3.664799e-01 5.550401e-02 1.243660e-01 1.814774e-02 -3.014468e-01 4.206022e-02 1.180023e-01 1.102493e-02 -4.700385e-02 1.679814e-02 7.287327e-01 3.499198e-02
2.578348e-02 3.738514e-01 1.233849e-02 1.168939e-01 7.487606e-03 -3.389174e-01 1.611509e-02 1.079700e-01 1.047618e-02 -5.489914e-02 6.779766e-03 8.515159e-01 8.326473e-02
2.743627e-02 3.861590e-01 2.799643e-02 1.246493e-01 1.226448e-02 -3.420599e-01 2.933655e-02 1.304814e-01 1.134515e-02 -5.235722e-02 5.667231e-03 8.902693e-01 5.021785e-02
2.975017e-02 3.589777e-01 4.810962e-02 9.312039e-02 1.341974e-02 -2.996581e-01 5.196816e-02 1.093567e-01 8.673099e-03 -2.457392e-02 1.282150e-02 8.369600e-01 6.751452e-02
3.272519e-02 4.062626e-01 5.632727e-02 1.207493e-01 9.768032e-03 -3.255309e-01 8.860471e-02 1.538771e-01 8.204375e-03 -3.689780e-02 2.194920e-02 1.051464e+00 1.930098e-01
3.636132e-02 5.016964e-01 3.641781e-02 1.183834e-01 1.295085e-02 -2.940803e-01 3.243139e-02 1.659590e-01 8.054111e-03 -4.894616e-02 1.574020e-02 7.344426e-01 4.359391e-02
4.065857e-02 4.701477e-01 6.903108e-02 1.244573e-01 2.207162e-02 -2.080314e-01 8.116170e-02 1.919022e-01 2.046349e-02 -7.162371e-02 4.559004e-02 7.927820e-01 6.032670e-02
2.809739e-02 3.942002e-01 2.517690e-02 1.368045e-01 4.337619e-03 -3.214246e-01 6.990199e-02 1.627144e-01 1.268040e-02 -5.629767e-02 2.681709e-02 9.415647e-01 9.022729e-02
2.842794e-02 4.098636e-01 5.617761e-02 1.265664e-01 2.138987e-02 -3.302663e-01 3.821937e-02 1.404578e-01 1.086857e-02 -3.881462e-02 2.651026e-02 8.825195e-01 6.071456e-02
2.941962e-02 4.248748e-01 4.167911e-02 1.345008e-01 1.624144e-02 -3.372260e-01 6.165192e-02 1.192486e-01 1.309362e-02 -8.626905e-02 2.228029e-02 8.672952e-01 9.073880e-02
3.107240e-02 4.494313e-01 4.919112e-02 1.159254e-01 1.721246e-02 -3.551942e-01 6.009396e-02 1.399229e-01 1.382740e-02 -1.983309e-02 2.434385e-02 9.681154e-01 7.109962e-02
3.338631e-02 4.799692e-01 7.364003e-02 1.696205e-01 2.520479e-02 -3.307051e-01 5.570078e-02 1.927287e-01 1.558348e-02 -1.317428e-01 3.497974e-02 9.739830e-01 3.782342e-02
3.636132e-02 4.290512e-01 5.573111e-02 1.381216e-01 3.222764e-02 -2.735376e-01 7.386929e-02 1.915352e-01 1.037909e-02 -5.980886e-02 3.455358e-02 8.468284e-01 1.075510e-01
3.999745e-02 4.507682e-01 2.497705e-02 1.064542e-01 1.030407e-02 -2.170000e-01 3.561129e-02 2.024372e-01 1.093219e-02 -6.304214e-02 2.841910e-02 8.857048e-01 4.109704e-02
4.429470e-02 4.301130e-01 3.636475e-02 1.645386e-01 2.178730e-02 -1.928155e-01 5.784255e-02 2.884588e-01 9.050819e-03 -1.170303e-01 3.464026e-02 9.478984e-01 6.330144e-02
3.239463e-02 4.188043e-01 4.762417e-02 1.388609e-01 1.067088e-02 -3.293430e-01 6.267118e-02 1.426405e-01 5.670031e-03 -9.063562e-02 2.701679e-02 8.620738e-01 7.152721e-02
3.272519e-02 4.236290e-01 4.774801e-02 1.414074e-01 2.103308e-02 -2.702124e-01 4.723701e-02 1.756904e-01 1.849229e-02 -1.807048e-02 2.352184e-02 8.964850e-01 8.634696e-02
3.371686e-02 3.800941e-01 3.459556e-02 1.455337e-01 2.704638e-02 -2.455165e-01 1.695948e-02 1.877451e-01 2.433710e-02 -6.485898e-02 1.431327e-02 7.990107e-01 1.120627e-01
3.536965e-02 4.381381e-01 4.691761e-02 1.494472e-01 2.374896e-02 -2.490370e-01 8.769568e-02 1.761789e-01 1.285513e-02 -7.111185e-02 4.130666e-02 9.118618e-01 2.003509e-01
3.768355e-02 4.507149e-01 4.447110e-02 1.431902e-01 2.051716e-02 -1.901317e-01 1.839159e-02 1.837219e-01 1.014624e-02 -5.797113e-02 1.430456e-02 8.376422e-01 8.524320e-02
4.065857e-02 4.884840e-01 4.139013e-02 1.402536e-01 2.597086e-02 -2.170154e-01 2.356492e-02 2.219078e-01 2.336998e-02 -1.604828e-02 3.805688e-02 8.311943e-01 7.268245e-02
4.429470e-02 4.947323e-01 5.182053e-02 1.188495e-01 2.741566e-02 -2.245266e-01 4.028951e-02 2.154403e-01 2.209846e-02 -5.572659e-02 2.277663e-02 9.664039e-01 1.219544e-01
4.859195e-02 5.003668e-01 3.482685e-02 1.100102e-01 1.454316e-02 -1.444896e-01 2.570062e-02 2.831372e-01 2.474312e-02 -4.033930e-02 1.961267e-02 9.885167e-01 1.789959e-01
