# k^2  LiLi LiLi_error  LiCl LiCl_error  LiNa LiNa_error  ClCl ClCl_error  ClNa ClNa_error  NaNa NaNa_error
0.000000e+00 2.560000e+03 0.000000e+00 2.862167e+03 0.000000e+00 1.280000e+03 0.000000e+00 3.200000e+03 0.000000e+00 1.431084e+03 0.000000e+00 6.400000e+02 0.000000e+00
3.281388e-04 2.750998e-01 4.674513e-02 1.016161e-01 1.069581e-02 -3.193190e-01 8.149472e-02 7.597587e-02 4.684611e-03 -3.175369e-02 1.405810e-02 5.690517e-01 1.454846e-01
1.312555e-03 2.827095e-01 3.138771e-02 1.009707e-01 5.872392e-03 -3.270604e-01 5.691098e-02 7.701590e-02 2.900301e-03 -2.708582e-02 9.515633e-03 5.963190e-01 9.921188e-02
2.953249e-03 2.868478e-01 2.523762e-02 9.513345e-02 6.482762e-03 -3.409625e-01 4.123337e-02 7.087313e-02 2.409067e-03 -2.652966e-02 1.001172e-02 6.451989e-01 7.063700e-02
5.250221e-03 3.219943e-01 1.859167e-02 1.054670e-01 2.732174e-03 -3.727162e-01 3.738509e-02 7.421970e-02 1.715425e-03 -4.591782e-02 7.193632e-03 6.652828e-01 7.682310e-02
8.203470e-03 3.807641e-01 4.509493e-02 1.270558e-01 8.811468e-03 -4.199057e-01 7.216138e-02 8.614111e-02 1.727098e-03 -6.149863e-02 1.837933e-02 7.391547e-01 1.090058e-01
1.181300e-02 4.283946e-01 3.671007e-02 1.366743e-01 1.202196e-02 -4.509437e-01 4.142674e-02 8.907998e-02 3.022957e-03 -7.381786e-02 1.767711e-02 7.724915e-01 4.289452e-02
1.607880e-02 4.058535e-01 2.500195e-02 1.224347e-01 9.329220e-03 -3.924332e-01 3.229634e-02 9.166139e-02 4.871459e-03 -4.957622e-02 1.188717e-02 7.389367e-01 3.393703e-02
3.281388e-04 2.807277e-01 5.757160e-02 9.960269e-02 9.340903e-03 -3.352311e-01 9.478640e-02 7.560174e-02 1.442399e-03 -2.937880e-02 1.959622e-02 6.047218e-01 1.483647e-01
6.562776e-04 3.378824e-01 4.777993e-02 1.222638e-01 1.392126e-02 -3.908219e-01 8.049175e-02 8.398201e-02 5.288291e-03 -5.395992e-02 1.876897e-02 6.545170e-01 1.448055e-01
1.640694e-03 3.446715e-01 9.076444e-02 1.089276e-01 2.070498e-02 -4.315004e-01 1.380329e-01 7.542568e-02 7.131317e-03 -4.781658e-02 2.675762e-02 7.556214e-01 2.198052e-01
3.281388e-03 3.233461e-01 3.886027e-02 1.094966e-01 7.610142e-03 -3.666291e-01 6.014910e-02 7.057998e-02 2.999319e-03 -5.444846e-02 9.792741e-03 6.141342e-01 9.887941e-02
5.578359e-03 3.093409e-01 3.153090e-02 1.058448e-01 1.094147e-02 -3.445781e-01 4.610032e-02 7.970276e-02 5.826630e-03 -3.488183e-02 9.518599e-03 6.353718e-01 8.187142e-02
8.531609e-03 3.522549e-01 9.723679e-03 1.202699e-01 4.417231e-03 -3.728035e-01 1.274669e-02 8.076577e-02 3.518974e-03 -5.668989e-02 5.329811e-03 6.642139e-01 2.386991e-02
1.214114e-02 3.715115e-01 2.343220e-02 1.258137e-01 7.752882e-03 -3.681104e-01 3.669926e-02 8.624140e-02 1.931479e-03 -5.839705e-02 1.353947e-02 6.744710e-01 6.380032e-02
1.640694e-02 4.409308e-01 3.786035e-02 1.405318e-01 1.264173e-02 -4.399999e-01 4.698479e-02 1.005580e-01 6.645025e-03 -7.704474e-02 1.228221e-02 7.906543e-01 7.945325e-02
1.312555e-03 3.235690e-01 5.598742e-02 1.024695e-01 1.070877e-02 -4.122527e-01 9.463352e-02 6.847846e-02 5.414680e-03 -5.074541e-02 1.283598e-02 7.217900e-01 1.657528e-01
1.640694e-03 3.348644e-01 3.083053e-02 1.091916e-01 1.129995e-02 -4.136386e-01 4.255419e-02 8.180988e-02 3.977124e-03 -3.577806e-02 1.469444e-02 7.462652e-01 7.197867e-02
2.625110e-03 3.630121e-01 7.167315e-02 1.191376e-01 1.682273e-02 -4.328010e-01 9.848930e-02 7.823358e-02 5.513464e-03 -6.072328e-02 2.200073e-02 7.289326e-01 1.393851e-01
4.265804e-03 3.822949e-01 1.637171e-02 1.234930e-01 9.125649e-03 -4.503301e-01 2.505946e-02 7.821178e-02 4.147327e-03 -7.144629e-02 8.295667e-03 7.445277e-01 5.079508e-02
6.562776e-03 3.386422e-01 3.674151e-02 1.073958e-01 1.240583e-02 -3.841285e-01 4.106491e-02 7.595588e-02 4.970240e-03 -4.253084e-02 1.402009e-02 6.801088e-01 5.303308e-02
9.516025e-03 3.470642e-01 2.195740e-02 1.145545e-01 8.080818e-03 -3.592402e-01 2.780872e-02 8.020925e-02 3.277224e-03 -4.314773e-02 9.557305e-03 6.573039e-01 4.082474e-02
1.312555e-02 3.791114e-01 3.432938e-02 1.198832e-01 1.656557e-02 -3.778790e-01 3.432263e-02 8.811654e-02 8.121488e-03 -4.847580e-02 1.609833e-02 7.013070e-01 3.906850e-02
1.739136e-02 4.167971e-01 1.050264e-02 1.340107e-01 7.189363e-03 -4.053755e-01 1.501980e-02 1.046398e-01 6.399901e-03 -5.633122e-02 7.356171e-03 7.725396e-01 1.712478e-02
2.953249e-03 2.579620e-01 2.734126e-02 9.185276e-02 4.654507e-03 -2.927931e-01 5.095045e-02 7.237532e-02 2.854096e-03 -2.102292e-02 1.037151e-02 5.516630e-01 8.582689e-02
3.281388e-03 3.514096e-01 4.805806e-02 1.227991e-01 1.640270e-02 -4.048752e-01 6.144022e-02 8.356115e-02 6.399610e-03 -5.785983e-02 2.048221e-02 6.910943e-01 7.552202e-02
4.265804e-03 3.455565e-01 2.840853e-02 1.088709e-01 5.190527e-03 -4.159013e-01 4.500584e-02 7.296904e-02 1.706261e-03 -5.224866e-02 7.335591e-03 7.261443e-01 7.413561e-02
5.906498e-03 2.985717e-01 2.195741e-02 1.015563e-01 7.476999e-03 -3.243826e-01 2.801052e-02 7.289888e-02 4.976468e-03 -4.027095e-02 7.355430e-03 5.723590e-01 4.843397e-02
8.203470e-03 3.556038e-01 2.088780e-02 1.117039e-01 7.422593e-03 -3.975439e-01 3.809429e-02 7.634112e-02 4.093500e-03 -5.477465e-02 1.031084e-02 6.959539e-01 6.213563e-02
1.115672e-02 4.366251e-01 6.324485e-02 1.418069e-01 1.913140e-02 -4.552605e-01 7.619052e-02 9.159169e-02 4.263324e-03 -7.858999e-02 2.585621e-02 7.746958e-01 8.630130e-02
1.476625e-02 4.019112e-01 1.871681e-02 1.263017e-01 7.040966e-03 -3.887035e-01 2.626514e-02 9.022818e-02 3.939122e-03 -5.277211e-02 8.978645e-03 7.229129e-01 3.913262e-02
1.903205e-02 3.962432e-01 3.383811e-02 1.261109e-01 1.012432e-02 -3.594819e-01 4.179593e-02 1.030994e-01 2.154954e-03 -5.188054e-02 1.210547e-02 7.186954e-01 5.345628e-02
5.250221e-03 3.970648e-01 2.574213e-02 1.253922e-01 6.269253e-03 -4.681133e-01 4.273194e-02 8.161556e-02 3.842186e-03 -6.521011e-02 1.120440e-02 8.006675e-01 6.443916e-02
5.578359e-03 3.490138e-01 1.443967e-02 1.184812e-01 5.992483e-03 -3.891991e-01 1.898670e-02 8.197329e-02 1.840334e-03 -5.125570e-02 1.100578e-02 6.787565e-01 2.750426e-02
6.562776e-03 3.896395e-01 5.057917e-02 1.236392e-01 1.481432e-02 -4.394216e-01 6.422648e-02 8.126303e-02 6.426377e-03 -5.929100e-02 1.636543e-02 7.471586e-01 8.326896e-02
8.203470e-03 3.166270e-01 2.798359e-02 1.028955e-01 1.134115e-02 -3.358613e-01 3.319264e-02 7.260105e-02 2.957935e-03 -4.047837e-02 1.562626e-02 6.102006e-01 4.564012e-02
1.050044e-02 3.964058e-01 2.252818e-02 1.298098e-01 8.444340e-03 -4.303615e-01 3.606588e-02 8.863514e-02 7.315723e-03 -6.572515e-02 1.079983e-02 7.606950e-01 5.569394e-02
1.345369e-02 3.892096e-01 2.375760e-02 1.302785e-01 5.398240e-03 -3.681498e-01 2.891761e-02 9.599078e-02 3.065724e-03 -5.438154e-02 9.786284e-03 6.699621e-01 3.679626e-02
1.706322e-02 4.238891e-01 2.725667e-02 1.166466e-01 7.808952e-03 -4.432025e-01 4.493121e-02 9.385736e-02 4.031774e-03 -4.795326e-02 1.469055e-02 8.534934e-01 5.366494e-02
2.132902e-02 3.917232e-01 1.754638e-02 1.201590e-01 5.621433e-03 -3.542279e-01 2.828822e-02 1.051544e-01 5.140033e-03 -4.758107e-02 8.507495e-03 7.545611e-01 5.598087e-02
8.203470e-03 3.763289e-01 1.486777e-02 1.247595e-01 6.087774e-03 -3.948619e-01 2.287836e-02 8.377287e-02 3.327795e-03 -5.853528e-02 6.825115e-03 6.672342e-01 4.005276e-02
8.531609e-03 3.786493e-01 2.923669e-02 1.180102e-01 2.468138e-03 -4.157475e-01 5.056059e-02 7.805532e-02 1.757204e-03 -5.800156e-02 7.196507e-03 7.239120e-01 8.624722e-02
9.516025e-03 3.823643e-01 4.093187e-02 1.242931e-01 1.053902e-02 -3.857226e-01 6.012157e-02 8.754265e-02 4.874697e-03 -4.345315e-02 1.280670e-02 6.919884e-01 8.865540e-02
1.115672e-02 3.782874e-01 3.257444e-02 1.202666e-01 1.142022e-02 -3.918079e-01 3.885998e-02 8.402763e-02 4.125534e-03 -5.559965e-02 1.412513e-02 6.841773e-01 4.771083e-02
1.345369e-02 3.654277e-01 3.532053e-02 1.204486e-01 1.103837e-02 -3.524818e-01 4.932761e-02 8.933867e-02 4.918588e-03 -4.186047e-02 1.618354e-02 6.680549e-01 6.965055e-02
1.640694e-02 3.844961e-01 2.534726e-02 1.210174e-01 5.336942e-03 -3.661567e-01 3.566273e-02 9.236595e-02 3.437303e-03 -4.996566e-02 1.064636e-02 7.312403e-01 6.278166e-02
2.001647e-02 3.942979e-01 3.511785e-02 1.261225e-01 8.472747e-03 -3.388045e-01 4.923657e-02 1.059017e-01 2.606028e-03 -4.381228e-02 1.747622e-02 6.964205e-01 5.902706e-02
2.428227e-02 4.322218e-01 2.602681e-02 1.331749e-01 1.103950e-02 -3.454112e-01 2.110106e-02 1.140074e-01 4.124958e-03 -4.413051e-02 1.344081e-02 7.560032e-01 4.801943e-02
1.181300e-02 3.823407e-01 9.756239e-03 1.263321e-01 2.528685e-03 -3.953513e-01 1.934253e-02 8.947432e-02 2.038361e-03 -6.227525e-02 9.337442e-03 6.952451e-01 2.442497e-02
1.214114e-02 4.117349e-01 3.924632e-02 1.258311e-01 9.937714e-03 -4.588957e-01 5.843509e-02 8.946566e-02 4.903800e-03 -5.828161e-02 1.316672e-02 8.394085e-01 9.138739e-02
1.312555e-02 4.132901e-01 2.614244e-02 1.342412e-01 1.038469e-02 -4.117912e-01 2.983966e-02 9.288386e-02 4.498353e-03 -6.134911e-02 1.416231e-02 7.441846e-01 3.901137e-02
1.476625e-02 3.989243e-01 2.209547e-02 1.339636e-01 7.837280e-03 -4.032559e-01 2.632336e-02 9.739097e-02 6.064814e-03 -7.055208e-02 6.400676e-03 7.247653e-01 4.716567e-02
1.706322e-02 4.294085e-01 3.506853e-02 1.347566e-01 1.334305e-02 -4.157086e-01 3.715521e-02 1.041360e-01 5.361146e-03 -6.355286e-02 1.449175e-02 7.571750e-01 2.760768e-02
2.001647e-02 4.281099e-01 8.939418e-03 1.338305e-01 7.218314e-03 -4.015156e-01 7.829422e-03 1.020191e-01 6.481422e-03 -7.297613e-02 8.085092e-03 7.767476e-01 9.322064e-03
2.362599e-02 4.186099e-01 2.541050e-02 1.272644e-01 1.048831e-02 -3.714411e-01 3.092709e-02 1.218135e-01 6.324449e-03 -4.195459e-02 1.224647e-02 8.267894e-01 3.763037e-02
2.789180e-02 4.666588e-01 1.964139e-02 1.525747e-01 8.726499e-03 -3.897771e-01 2.970672e-02 1.382082e-01 3.839626e-03 -9.027277e-02 1.467943e-02 8.749103e-01 5.519385e-02
1.607880e-02 4.092527e-01 7.362914e-03 1.387423e-01 5.374108e-03 -3.926901e-01 1.014543e-02 1.044672e-01 3.633761e-03 -6.359689e-02 4.710617e-03 7.213954e-01 2.028622e-02
1.640694e-02 4.261440e-01 2.920174e-02 1.370602e-01 9.572066e-03 -3.944045e-01 3.626063e-02 9.862814e-02 3.273248e-03 -6.087681e-02 1.380501e-02 7.373869e-01 4.157781e-02
1.739136e-02 3.890182e-01 3.158257e-02 1.205163e-01 1.230024e-02 -3.709831e-01 3.852734e-02 9.722013e-02 5.676546e-03 -4.186910e-02 1.729607e-02 7.405616e-01 4.472357e-02
1.903205e-02 4.495985e-01 2.505809e-02 1.379731e-01 9.782670e-03 -4.096344e-01 2.189990e-02 1.058005e-01 4.378682e-03 -6.363073e-02 1.015493e-02 7.539866e-01 3.849891e-02
2.132902e-02 4.340432e-01 3.607025e-02 1.274481e-01 1.116778e-02 -4.162099e-01 3.861502e-02 1.037471e-01 3.530509e-03 -6.771818e-02 1.264603e-02 8.210208e-01 4.117023e-02
2.428227e-02 4.245002e-01 2.778185e-02 1.337973e-01 1.465796e-02 -3.608003e-01 1.791009e-02 1.223796e-01 7.241977e-03 -5.655929e-02 1.382416e-02 7.731422e-01 4.137264e-02
2.789180e-02 4.521710e-01 3.801668e-02 1.353214e-01 1.443038e-02 -3.667972e-01 3.375519e-02 1.312365e-01 7.871367e-03 -5.226255e-02 1.516117e-02 8.617123e-01 5.643549e-02
3.215760e-02 4.940666e-01 9.595721e-03 1.430952e-01 1.134540e-02 -3.432196e-01 1.630008e-02 1.533368e-01 8.959454e-03 -7.154109e-02 1.238682e-02 8.112404e-01 4.001642e-02
3.281388e-04 1.516836e-01 3.108725e-02 7.288728e-02 8.377199e-03 -1.361757e-01 4.984120e-02 6.766599e-02 4.003318e-03 6.513084e-03 1.014152e-02 2.863485e-01 8.999543e-02
6.562776e-04 3.922979e-01 6.990277e-02 1.286830e-01 2.052742e-02 -4.879377e-01 9.491807e-02 8.096726e-02 5.763493e-03 -7.476546e-02 2.956711e-02 8.051038e-01 1.282684e-01
1.640694e-03 4.682102e-01 1.060148e-01 1.545983e-01 2.992846e-02 -5.719508e-01 1.523913e-01 8.919019e-02 9.310641e-03 -1.049954e-01 4.079782e-02 9.083778e-01 2.240336e-01
3.281388e-03 3.665220e-01 4.237704e-02 1.154533e-01 1.113476e-02 -4.505870e-01 6.385774e-02 7.406835e-02 4.299103e-03 -6.332581e-02 1.358510e-02 7.686726e-01 1.024608e-01
5.578359e-03 3.558740e-01 4.967657e-02 1.123782e-01 1.387908e-02 -4.119633e-01 7.225560e-02 7.982917e-02 5.255409e-03 -4.646070e-02 1.781165e-02 7.297149e-01 1.141090e-01
8.531609e-03 3.832695e-01 1.947869e-02 1.254836e-01 8.931643e-03 -4.156886e-01 2.775702e-02 8.542048e-02 4.499662e-03 -6.051068e-02 8.745851e-03 7.199146e-01 4.534094e-02
1.214114e-02 3.456058e-01 9.161137e-03 1.046596e-01 6.975923e-03 -3.705639e-01 9.132726e-03 8.241331e-02 3.360407e-03 -3.641168e-02 8.591798e-03 7.101966e-01 9.493508e-03
1.640694e-02 4.011517e-01 1.937619e-02 1.146653e-01 3.088420e-03 -4.060017e-01 3.787701e-02 9.075694e-02 4.423642e-03 -4.599418e-02 9.604457e-03 7.772899e-01 5.266075e-02
6.562776e-04 3.515886e-01 4.968358e-02 1.273020e-01 1.326656e-02 -4.139035e-01 7.664535e-02 8.240646e-02 6.286828e-03 -7.049635e-02 1.699880e-02 6.714147e-01 1.180103e-01
9.844164e-04 2.819299e-01 5.074338e-02 9.858424e-02 9.953385e-03 -3.341992e-01 8.521139e-02 7.445447e-02 3.330135e-03 -2.921978e-02 1.817768e-02 6.040067e-01 1.366768e-01
1.968833e-03 3.500833e-01 3.543672e-02 1.138617e-01 6.605828e-03 -4.313628e-01 5.412505e-02 7.808309e-02 3.924289e-03 -5.197928e-02 6.580378e-03 7.524125e-01 8.751533e-02
3.609527e-03 3.413494e-01 3.762819e-02 1.075820e-01 7.179698e-03 -4.146613e-01 5.656461e-02 7.529377e-02 2.626623e-03 -4.706747e-02 1.118418e-02 7.308053e-01 8.518137e-02
5.906498e-03 3.815324e-01 2.835829e-02 1.314162e-01 1.053058e-02 -4.173222e-01 3.852218e-02 9.184275e-02 4.355242e-03 -5.147107e-02 1.246686e-02 7.348971e-01 5.884607e-02
8.859747e-03 3.678444e-01 3.124021e-02 1.138572e-01 1.073708e-02 -4.043946e-01 4.294834e-02 7.949331e-02 3.480049e-03 -5.408437e-02 1.803062e-02 7.029214e-01 5.210015e-02
1.246927e-02 3.602679e-01 3.213995e-02 1.159880e-01 1.059808e-02 -3.615334e-01 3.564101e-02 8.958514e-02 4.680192e-03 -4.617222e-02 6.232356e-03 6.701313e-01 5.597329e-02
1.673508e-02 3.815663e-01 1.306048e-02 1.233130e-01 9.048838e-03 -3.426237e-01 7.617841e-03 9.643625e-02 4.743961e-03 -4.400477e-02 9.775892e-03 6.932505e-01 2.462621e-02
1.640694e-03 4.341715e-01 3.894626e-02 1.338917e-01 6.080736e-03 -5.541006e-01 6.423346e-02 7.951866e-02 1.329190e-03 -8.857400e-02 1.042724e-02 9.102540e-01 1.071354e-01
1.968833e-03 3.929078e-01 6.111094e-02 1.249577e-01 1.725522e-02 -4.883245e-01 8.737725e-02 7.762895e-02 5.552916e-03 -7.491678e-02 2.395344e-02 8.077756e-01 1.291700e-01
2.953249e-03 2.920867e-01 2.890501e-02 1.058495e-01 6.432783e-03 -3.275633e-01 4.900744e-02 8.048752e-02 3.649858e-03 -2.968156e-02 1.266262e-02 6.037597e-01 8.146792e-02
4.593943e-03 3.345833e-01 4.489572e-02 1.077885e-01 1.280557e-02 -3.905319e-01 6.253610e-02 7.445886e-02 5.752903e-03 -4.708597e-02 1.567407e-02 6.853989e-01 9.610518e-02
6.890915e-03 3.825725e-01 5.481762e-02 1.235733e-01 1.950569e-02 -4.161459e-01 5.944717e-02 8.499808e-02 6.716747e-03 -4.964285e-02 2.118450e-02 7.146572e-01 7.012802e-02
9.844164e-03 3.310995e-01 9.384409e-03 1.003591e-01 2.285764e-03 -3.608807e-01 1.395766e-02 7.595186e-02 1.413401e-03 -3.886569e-02 3.109220e-03 6.606100e-01 3.388646e-02
1.345369e-02 3.919571e-01 2.024485e-02 1.197940e-01 6.473181e-03 -4.093887e-01 2.890295e-02 8.695076e-02 2.270850e-03 -5.006394e-02 1.013824e-02 7.604960e-01 4.099319e-02
1.771949e-02 4.127105e-01 1.378202e-02 1.224175e-01 9.706414e-03 -3.919544e-01 1.441951e-02 9.408959e-02 4.755581e-03 -4.854724e-02 1.063679e-02 7.289824e-01 1.039286e-02
3.281388e-03 3.290439e-01 2.429918e-02 9.773735e-02 8.064846e-03 -4.106495e-01 3.499366e-02 6.733376e-02 2.678126e-03 -4.178793e-02 1.052746e-02 7.311417e-01 5.742176e-02
3.609527e-03 2.897021e-01 3.356021e-02 9.830707e-02 1.047539e-02 -3.312112e-01 4.256612e-02 7.206173e-02 4.176334e-03 -3.203030e-02 1.337998e-02 5.973497e-01 5.516136e-02
4.593943e-03 3.990498e-01 3.884410e-02 1.217589e-01 9.986100e-03 -4.900739e-01 5.311810e-02 7.884160e-02 3.227367e-03 -6.367562e-02 1.502884e-02 8.455740e-01 7.304028e-02
6.234637e-03 3.721528e-01 3.621503e-02 1.213123e-01 1.178677e-02 -4.321276e-01 5.600174e-02 7.890683e-02 4.227986e-03 -6.868402e-02 1.518182e-02 7.372650e-01 9.062992e-02
8.531609e-03 4.097960e-01 2.914200e-02 1.237494e-01 8.954116e-03 -4.803934e-01 4.043469e-02 8.175482e-02 3.604947e-03 -6.666596e-02 1.369049e-02 8.442940e-01 5.533837e-02
1.148486e-02 3.875114e-01 2.370585e-02 1.183612e-01 8.672694e-03 -4.102255e-01 2.820022e-02 8.230129e-02 5.330422e-03 -5.333530e-02 9.581799e-03 7.546236e-01 4.320314e-02
1.509438e-02 4.011672e-01 1.773534e-02 1.306630e-01 7.965575e-03 -4.055791e-01 1.688967e-02 9.367036e-02 4.242861e-03 -6.806025e-02 8.022069e-03 7.297966e-01 4.208882e-02
1.936019e-02 4.328552e-01 3.234642e-02 1.444570e-01 1.029681e-02 -4.021471e-01 3.930010e-02 1.125828e-01 4.790894e-03 -6.821353e-02 1.249124e-02 7.623136e-01 3.814573e-02
5.578359e-03 3.191274e-01 3.262689e-02 9.694726e-02 8.022708e-03 -3.831195e-01 5.199647e-02 7.213729e-02 4.198870e-03 -3.657095e-02 1.170078e-02 7.025726e-01 8.082103e-02
5.906498e-03 3.839038e-01 3.336725e-02 1.220634e-01 9.039388e-03 -4.374133e-01 3.944134e-02 8.356596e-02 4.155572e-03 -5.131384e-02 8.435786e-03 7.703644e-01 6.183097e-02
6.890915e-03 3.406125e-01 2.359071e-02 1.144123e-01 6.827647e-03 -3.692171e-01 2.850971e-02 8.002531e-02 2.500868e-03 -4.733143e-02 7.384077e-03 6.596007e-01 3.877362e-02
8.531609e-03 3.613243e-01 2.367642e-02 1.202787e-01 6.885237e-03 -3.763966e-01 5.042046e-02 8.411965e-02 4.786617e-03 -4.988416e-02 5.852271e-03 6.493813e-01 9.610791e-02
1.082858e-02 3.560641e-01 3.136033e-02 1.157832e-01 7.651814e-03 -3.752288e-01 3.475823e-02 8.921484e-02 3.934383e-03 -3.678204e-02 6.707906e-03 7.128621e-01 4.579492e-02
1.378183e-02 4.378873e-01 4.377644e-02 1.375674e-01 8.061168e-03 -4.410113e-01 6.607102e-02 9.718556e-02 1.906115e-03 -6.621979e-02 1.215795e-02 7.663441e-01 9.507184e-02
1.739136e-02 4.378331e-01 2.116094e-02 1.379071e-01 9.927150e-03 -4.330241e-01 2.213960e-02 1.055376e-01 4.816024e-03 -6.225876e-02 1.190199e-02 8.050658e-01 2.705251e-02
2.165716e-02 3.998194e-01 3.371103e-02 1.240639e-01 7.080451e-03 -3.338981e-01 4.926008e-02 1.011355e-01 3.763112e-03 -5.524145e-02 1.617632e-02 6.898144e-01 5.495769e-02
8.531609e-03 3.741756e-01 3.516786e-02 1.165952e-01 8.598247e-03 -4.101984e-01 5.491020e-02 8.139315e-02 4.104599e-03 -4.594077e-02 1.133085e-02 7.545976e-01 8.102360e-02
8.859747e-03 3.907100e-01 2.761278e-02 1.221442e-01 1.099651e-02 -4.403863e-01 2.803928e-02 8.093354e-02 5.751431e-03 -6.591326e-02 9.065112e-03 7.595225e-01 3.954321e-02
9.844164e-03 3.384307e-01 3.482642e-02 1.123673e-01 8.922838e-03 -3.570447e-01 4.756701e-02 8.143390e-02 3.671336e-03 -4.857753e-02 1.107039e-02 6.356905e-01 7.237386e-02
1.148486e-02 3.838995e-01 3.577137e-02 1.209741e-01 1.015080e-02 -4.072412e-01 4.582702e-02 8.572964e-02 2.645493e-03 -5.507548e-02 1.433226e-02 7.395501e-01 6.445782e-02
1.378183e-02 3.833365e-01 2.049055e-02 1.228325e-01 1.044944e-02 -3.685635e-01 2.943290e-02 9.089901e-02 5.076339e-03 -4.757281e-02 1.375519e-02 6.960590e-01 3.563360e-02
1.673508e-02 4.054154e-01 3.040058e-02 1.244054e-01 1.106696e-02 -3.780607e-01 2.659138e-02 9.563219e-02 5.313188e-03 -4.260842e-02 1.142053e-02 7.511877e-01 1.747123e-02
2.034460e-02 4.090496e-01 3.147954e-02 1.269054e-01 1.058199e-02 -3.807255e-01 3.602956e-02 1.054911e-01 3.690413e-03 -6.480828e-02 1.336525e-02 7.184304e-01 3.046286e-02
2.461041e-02 4.091869e-01 2.644094e-02 1.282105e-01 7.966536e-03 -3.494612e-01 3.082718e-02 1.242439e-01 5.197614e-03 -5.606609e-02 1.336458e-02 7.178473e-01 3.902825e-02
1.214114e-02 3.699940e-01 4.954083e-02 1.184898e-01 1.922247e-02 -3.723405e-01 5.763770e-02 8.620750e-02 6.620311e-03 -4.941489e-02 2.190691e-02 6.764710e-01 7.116898e-02
1.246927e-02 3.817572e-01 2.938929e-02 1.061159e-01 6.061854e-03 -4.169097e-01 4.333656e-02 7.827940e-02 5.058445e-03 -4.462452e-02 6.078071e-03 7.703679e-01 7.292949e-02
1.345369e-02 4.082381e-01 2.687109e-02 1.294776e-01 1.145017e-02 -4.077047e-01 2.649571e-02 8.849585e-02 5.585584e-03 -6.422691e-02 8.188505e-03 7.322690e-01 3.178976e-02
1.509438e-02 3.878397e-01 2.952507e-02 1.154903e-01 1.002740e-02 -3.957956e-01 3.916758e-02 8.801399e-02 4.691498e-03 -4.578630e-02 1.623516e-02 7.587005e-01 5.644085e-02
1.739136e-02 4.225197e-01 4.206210e-02 1.287626e-01 7.585599e-03 -4.018690e-01 5.690020e-02 9.748054e-02 2.319161e-03 -5.417634e-02 1.071763e-02 7.453860e-01 7.877813e-02
2.034460e-02 4.314850e-01 4.071687e-02 1.273774e-01 7.982372e-03 -4.023312e-01 5.245155e-02 9.730483e-02 4.644631e-03 -6.473764e-02 1.255599e-02 8.014855e-01 7.367773e-02
2.395413e-02 4.019647e-01 1.903919e-02 1.192936e-01 5.165609e-03 -3.333464e-01 4.071515e-02 1.063261e-01 2.518677e-03 -4.656617e-02 1.066845e-02 7.131360e-01 7.398286e-02
2.821994e-02 4.658834e-01 1.634571e-02 1.490276e-01 9.147875e-03 -3.348250e-01 3.418561e-02 1.377443e-01 7.747180e-03 -5.823562e-02 1.206739e-02 7.621511e-01 8.804691e-02
1.640694e-02 4.137934e-01 1.690256e-02 1.346884e-01 6.181673e-03 -3.820983e-01 2.131101e-02 9.370731e-02 2.113435e-03 -6.379206e-02 9.514441e-03 6.951569e-01 2.364351e-02
1.673508e-02 4.097577e-01 3.182990e-02 1.248538e-01 1.253324e-02 -4.120652e-01 5.250260e-02 9.873185e-02 4.187885e-03 -5.543897e-02 1.941936e-02 7.826593e-01 8.309188e-02
1.771949e-02 4.100585e-01 2.753257e-02 1.272730e-01 4.574474e-03 -3.981582e-01 2.801613e-02 9.547505e-02 3.662600e-03 -6.011977e-02 5.965956e-03 7.724711e-01 4.456008e-02
1.936019e-02 3.816871e-01 7.824617e-03 1.218866e-01 6.751437e-03 -3.443692e-01 2.184039e-02 9.808221e-02 4.637057e-03 -5.468387e-02 8.163575e-03 6.908268e-01 4.045433e-02
2.165716e-02 4.530413e-01 1.887338e-02 1.407630e-01 6.481866e-03 -4.102981e-01 2.682232e-02 1.101060e-01 5.679155e-03 -6.542595e-02 6.420380e-03 8.141494e-01 5.791250e-02
2.461041e-02 4.316531e-01 2.492144e-02 1.396455e-01 1.639531e-02 -3.690426e-01 1.546682e-02 1.229070e-01 1.072554e-02 -5.799843e-02 1.113941e-02 8.216500e-01 3.085294e-02
2.821994e-02 4.514448e-01 2.336274e-02 1.392248e-01 1.249293e-02 -3.620418e-01 2.514713e-02 1.334695e-01 8.136956e-03 -6.307270e-02 1.009052e-02 7.894261e-01 2.347782e-02
3.248574e-02 4.443075e-01 2.019041e-02 1.329014e-01 7.372704e-03 -3.013814e-01 1.765814e-02 1.576402e-01 8.108604e-03 -6.117432e-02 1.065579e-02 7.641011e-01 3.269817e-02
1.312555e-03 2.678805e-01 6.367706e-02 9.473774e-02 1.236852e-02 -3.126810e-01 9.746953e-02 6.945673e-02 3.629078e-03 -3.291441e-02 1.905009e-02 5.539457e-01 1.504551e-01
1.640694e-03 3.182418e-01 5.655052e-02 1.062343e-01 9.396900e-03 -3.856809e-01 1.002670e-01 7.406461e-02 3.482309e-03 -4.393661e-02 1.662365e-02 6.785635e-01 1.722084e-01
2.625110e-03 3.300386e-01 3.972951e-02 1.116154e-01 7.015717e-03 -3.910976e-01 6.458977e-02 7.736559e-02 3.751273e-03 -4.749272e-02 1.344593e-02 6.864573e-01 1.003505e-01
4.265804e-03 3.582184e-01 3.647861e-02 1.248993e-01 1.371816e-02 -4.089569e-01 4.614327e-02 8.515780e-02 7.226847e-03 -5.869688e-02 1.435127e-02 7.054600e-01 6.619258e-02
6.562776e-03 3.260751e-01 5.581000e-02 1.182724e-01 1.380508e-02 -3.330408e-01 7.959592e-02 8.311490e-02 4.254682e-03 -4.518759e-02 1.853996e-02 5.867612e-01 1.193256e-01
9.516025e-03 3.877198e-01 3.085513e-02 1.243528e-01 1.029414e-02 -4.143288e-01 5.044355e-02 8.585704e-02 4.608698e-03 -5.954735e-02 1.560407e-02 7.157358e-01 7.663583e-02
1.312555e-02 3.921462e-01 2.723204e-02 1.201571e-01 7.320233e-03 -4.320847e-01 4.004977e-02 8.664627e-02 2.916895e-03 -6.111061e-02 1.003353e-02 7.983003e-01 6.506497e-02
1.739136e-02 4.379871e-01 2.881003e-02 1.303501e-01 7.572658e-03 -4.460859e-01 2.455960e-02 9.706271e-02 4.650286e-03 -6.511039e-02 1.141069e-02 8.464041e-01 1.993661e-02
1.640694e-03 2.556174e-01 4.741566e-02 8.973712e-02 1.282079e-02 -2.954689e-01 6.842979e-02 6.970833e-02 4.613301e-03 -2.024222e-02 1.558119e-02 5.481181e-01 1.072147e-01
1.968833e-03 3.321105e-01 4.734665e-02 1.142904e-01 7.580720e-03 -3.927355e-01 8.249654e-02 7.656719e-02 3.633492e-03 -5.483153e-02 1.384822e-02 6.654180e-01 1.375072e-01
2.953249e-03 3.808069e-01 3.965343e-02 1.243866e-01 1.124089e-02 -4.570007e-01 5.956736e-02 8.010963e-02 5.169341e-03 -6.861764e-02 1.409041e-02 7.596622e-01 9.151366e-02
4.593943e-03 2.700340e-01 2.432367e-02 9.054035e-02 8.807209e-03 -3.099146e-01 3.373333e-02 7.282492e-02 3.710867e-03 -1.828126e-02 1.282743e-02 6.049275e-01 6.089142e-02
6.890915e-03 3.745328e-01 4.873493e-02 1.225027e-01 1.226705e-02 -4.021567e-01 6.843561e-02 8.078188e-02 3.894612e-03 -5.843948e-02 1.849093e-02 6.732518e-01 8.994116e-02
9.844164e-03 3.662733e-01 3.704972e-02 1.275569e-01 1.167383e-02 -3.697627e-01 4.775667e-02 9.182607e-02 2.351651e-03 -5.516110e-02 1.761531e-02 6.477311e-01 6.938401e-02
1.345369e-02 4.202897e-01 3.170549e-02 1.326170e-01 9.956904e-03 -4.203748e-01 3.743818e-02 9.236078e-02 4.422991e-03 -5.929607e-02 1.280647e-02 7.763559e-01 5.204627e-02
1.771949e-02 3.960612e-01 1.616562e-02 1.218446e-01 8.133321e-03 -3.775406e-01 1.842116e-02 8.912496e-02 5.198362e-03 -5.495079e-02 5.566130e-03 7.299463e-01 3.126311e-02
2.625110e-03 3.224556e-01 5.125023e-02 1.138968e-01 1.283054e-02 -3.702310e-01 7.463420e-02 8.188083e-02 3.003100e-03 -4.224998e-02 1.862706e-02 6.520285e-01 1.100087e-01
2.953249e-03 3.355909e-01 3.384524e-02 1.042229e-01 8.053005e-03 -4.124104e-01 5.408089e-02 7.082623e-02 3.788482e-03 -4.757527e-02 7.392705e-03 7.217751e-01 9.804948e-02
3.937665e-03 3.367389e-01 4.257294e-02 1.050194e-01 8.179153e-03 -4.090917e-01 6.662153e-02 7.302046e-02 4.021500e-03 -4.699169e-02 1.268122e-02 7.250177e-01 1.039122e-01
5.578359e-03 3.095201e-01 1.744638e-02 1.000504e-01 7.890138e-03 -3.482547e-01 2.298907e-02 7.334354e-02 4.721869e-03 -3.525020e-02 9.608661e-03 6.201972e-01 3.646553e-02
7.875331e-03 2.856094e-01 2.056233e-02 9.135653e-02 7.490540e-03 -2.985930e-01 2.365843e-02 6.945755e-02 2.058513e-03 -2.311422e-02 1.010472e-02 5.749558e-01 2.498074e-02
1.082858e-02 4.272787e-01 2.591349e-02 1.313209e-01 1.130433e-02 -4.512211e-01 2.618837e-02 8.531539e-02 5.232599e-03 -6.657837e-02 1.187228e-02 7.703239e-01 4.089196e-02
1.443811e-02 4.013965e-01 3.150856e-02 1.252741e-01 8.085680e-03 -4.053245e-01 3.717841e-02 9.112992e-02 2.297572e-03 -5.457812e-02 8.018155e-03 7.455054e-01 5.981039e-02
1.870391e-02 3.680713e-01 2.868584e-02 1.143591e-01 8.138454e-03 -3.262662e-01 3.441495e-02 9.537530e-02 3.321251e-03 -4.199286e-02 1.309914e-02 6.451661e-01 3.285062e-02
4.265804e-03 3.960365e-01 5.988587e-02 1.243916e-01 1.494286e-02 -4.733946e-01 8.781269e-02 8.167013e-02 4.862748e-03 -6.287548e-02 2.263212e-02 8.019804e-01 1.214479e-01
4.593943e-03 3.268147e-01 4.014576e-02 1.119981e-01 8.579925e-03 -3.637959e-01 5.981676e-02 7.639111e-02 3.047819e-03 -5.153451e-02 1.280637e-02 6.250002e-01 8.999604e-02
5.578359e-03 3.331802e-01 2.629791e-02 1.095957e-01 6.339295e-03 -3.702533e-01 4.289262e-02 7.897799e-02 2.909024e-03 -3.896402e-02 6.732384e-03 6.657631e-01 7.520628e-02
7.219053e-03 4.419941e-01 4.502143e-02 1.306499e-01 1.108886e-02 -5.182677e-01 6.988457e-02 7.732381e-02 3.871348e-03 -8.527339e-02 1.433719e-02 8.539256e-01 1.084966e-01
9.516025e-03 4.144013e-01 3.491208e-02 1.280389e-01 1.334994e-02 -4.560942e-01 4.116918e-02 8.392367e-02 6.210605e-03 -6.701634e-02 1.545700e-02 7.800708e-01 4.057301e-02
1.246927e-02 3.512541e-01 8.344394e-03 1.057979e-01 3.772156e-03 -3.638120e-01 2.220559e-02 8.042576e-02 2.856312e-03 -3.992887e-02 5.110762e-03 6.770596e-01 4.061736e-02
1.607880e-02 4.367557e-01 9.202108e-03 1.498797e-01 8.192926e-03 -4.120591e-01 2.306014e-02 1.081315e-01 5.346898e-03 -7.161098e-02 9.683199e-03 7.620575e-01 5.100438e-02
2.034460e-02 4.047286e-01 3.433430e-02 1.256350e-01 1.554263e-02 -3.630106e-01 3.611823e-02 1.069105e-01 8.302028e-03 -5.038589e-02 1.557586e-02 7.437565e-01 6.134060e-02
6.562776e-03 3.930256e-01 1.953222e-02 1.214344e-01 4.378762e-03 -4.604790e-01 2.737214e-02 7.923194e-02 2.666766e-03 -6.187194e-02 4.919012e-03 8.003666e-01 5.572409e-02
6.890915e-03 3.486574e-01 5.067985e-02 1.247488e-01 1.762216e-02 -3.609629e-01 5.774055e-02 8.416607e-02 6.370805e-03 -5.475895e-02 2.042499e-02 6.285877e-01 6.853361e-02
7.875331e-03 3.363048e-01 1.805377e-02 1.087140e-01 5.978360e-03 -3.592987e-01 2.400512e-02 7.748346e-02 3.641167e-03 -4.403493e-02 7.472891e-03 6.288906e-01 3.685147e-02
9.516025e-03 3.330086e-01 3.092175e-02 9.663939e-02 4.665644e-03 -3.732087e-01 5.262803e-02 7.965219e-02 1.866957e-03 -1.360810e-02 8.873163e-03 7.439199e-01 9.669227e-02
1.181300e-02 3.910783e-01 3.274031e-02 1.310490e-01 7.983367e-03 -4.043831e-01 4.745151e-02 9.332308e-02 2.894945e-03 -6.816391e-02 1.299917e-02 6.929900e-01 6.572118e-02
1.476625e-02 3.887450e-01 1.668936e-02 1.110318e-01 4.004068e-03 -4.104305e-01 2.670134e-02 8.220483e-02 3.559325e-03 -5.156862e-02 9.959465e-03 7.787016e-01 4.147217e-02
1.837577e-02 4.278786e-01 2.169486e-02 1.367412e-01 8.546061e-03 -3.828694e-01 2.904400e-02 1.049068e-01 5.759728e-03 -5.990921e-02 9.869499e-03 7.281202e-01 4.870827e-02
2.264158e-02 4.379300e-01 2.243714e-02 1.418799e-01 9.040095e-03 -3.585500e-01 3.210507e-02 1.142601e-01 6.102990e-03 -6.268637e-02 1.243552e-02 7.492279e-01 6.020585e-02
9.516025e-03 3.841724e-01 1.668898e-02 1.187484e-01 5.735148e-03 -4.302325e-01 3.007592e-02 7.871735e-02 5.243375e-03 -6.047011e-02 2.721511e-03 7.754747e-01 6.478024e-02
9.844164e-03 3.335188e-01 3.886052e-02 1.100695e-01 9.181876e-03 -3.485413e-01 6.352009e-02 8.197807e-02 4.740694e-03 -3.643596e-02 1.182929e-02 6.592225e-01 1.000001e-01
1.082858e-02 3.908382e-01 1.415425e-02 1.293714e-01 7.833965e-03 -4.002611e-01 3.256307e-02 8.756001e-02 4.586180e-03 -6.221927e-02 5.812835e-03 7.022792e-01 6.882269e-02
1.246927e-02 4.499654e-01 3.775181e-02 1.383593e-01 1.210853e-02 -4.794670e-01 5.555418e-02 9.199901e-02 5.143547e-03 -7.519419e-02 1.431807e-02 8.281898e-01 8.204810e-02
1.476625e-02 4.224549e-01 2.577033e-02 1.260182e-01 1.072633e-02 -4.413906e-01 3.018391e-02 9.337123e-02 6.404860e-03 -5.608069e-02 5.899922e-03 8.303776e-01 6.022675e-02
1.771949e-02 4.092620e-01 2.497112e-02 1.272450e-01 9.579561e-03 -3.721981e-01 3.947714e-02 9.935381e-02 4.098613e-03 -5.604526e-02 8.226586e-03 6.869986e-01 6.044564e-02
2.132902e-02 4.344554e-01 3.331861e-02 1.385150e-01 1.078558e-02 -3.842170e-01 4.711380e-02 1.145589e-01 3.404425e-03 -6.006292e-02 1.161313e-02 7.584831e-01 8.958377e-02
2.559483e-02 4.213324e-01 9.158081e-03 1.390570e-01 6.478807e-03 -3.271467e-01 1.684585e-02 1.319699e-01 5.910852e-03 -4.810769e-02 9.043864e-03 7.586503e-01 5.316714e-02
1.312555e-02 4.139261e-01 4.383570e-02 1.265783e-01 1.057443e-02 -4.352407e-01 6.541893e-02 9.156702e-02 4.032730e-03 -5.636219e-02 2.002126e-02 7.943121e-01 8.729506e-02
1.345369e-02 3.479158e-01 2.799422e-02 1.165605e-01 7.384411e-03 -3.473104e-01 3.818629e-02 8.893628e-02 3.465115e-03 -4.805202e-02 1.203211e-02 6.615057e-01 5.299657e-02
1.443811e-02 4.213315e-01 3.254450e-02 1.310869e-01 8.579066e-03 -4.258960e-01 4.294168e-02 8.937924e-02 4.824595e-03 -6.221075e-02 1.448375e-02 7.850768e-01 5.011886e-02
1.607880e-02 4.073312e-01 2.720013e-02 1.127016e-01 6.400412e-03 -4.077769e-01 5.895954e-02 8.849618e-02 3.328717e-03 -4.291868e-02 1.162273e-02 7.658305e-01 1.002874e-01
1.837577e-02 4.199634e-01 1.470411e-02 1.305747e-01 8.316917e-03 -3.932228e-01 3.155351e-02 1.030082e-01 7.383904e-03 -4.587741e-02 9.978698e-03 7.783676e-01 5.148790e-02
2.132902e-02 4.285297e-01 3.711109e-02 1.326429e-01 1.206540e-02 -3.951611e-01 4.267610e-02 1.055626e-01 5.854534e-03 -6.717073e-02 1.120907e-02 7.790179e-01 5.090157e-02
2.493855e-02 4.400043e-01 1.627257e-02 1.332304e-01 7.077282e-03 -3.830047e-01 3.969614e-02 1.226983e-01 5.631312e-03 -4.959608e-02 4.388710e-03 8.155320e-01 4.667945e-02
2.920435e-02 4.658082e-01 6.492448e-03 1.354619e-01 7.892915e-03 -3.571829e-01 2.154086e-02 1.329790e-01 5.733109e-03 -5.550987e-02 9.145499e-03 8.170359e-01 2.890592e-02
1.739136e-02 4.324783e-01 2.377129e-02 1.272281e-01 7.384987e-03 -4.116965e-01 2.412863e-02 9.786826e-02 3.366963e-03 -5.484547e-02 9.974492e-03 7.676254e-01 2.641587e-02
1.771949e-02 4.129115e-01 1.753803e-02 1.361501e-01 7.722612e-03 -3.735692e-01 2.371352e-02 1.026326e-01 2.835494e-03 -6.492250e-02 1.109375e-02 7.032685e-01 3.376644e-02
1.870391e-02 4.342907e-01 2.503616e-02 1.283941e-01 9.068411e-03 -4.254317e-01 2.723039e-02 1.004331e-01 2.111451e-03 -6.191013e-02 1.016810e-02 8.002256e-01 2.865681e-02
2.034460e-02 3.977888e-01 1.941937e-02 1.190763e-01 3.548462e-03 -3.518547e-01 3.009209e-02 1.026537e-01 3.255443e-03 -4.206925e-02 6.836969e-03 7.242348e-01 5.286591e-02
2.264158e-02 4.245917e-01 1.952743e-02 1.261631e-01 7.522710e-03 -3.778006e-01 2.028034e-02 1.081062e-01 2.693061e-03 -5.160098e-02 9.459085e-03 8.039131e-01 4.399008e-02
2.559483e-02 4.473694e-01 1.949461e-02 1.411795e-01 7.943849e-03 -3.707302e-01 2.562718e-02 1.271731e-01 5.242936e-03 -5.476878e-02 1.018299e-02 7.953288e-01 4.680118e-02
2.920435e-02 4.969544e-01 2.677856e-02 1.416565e-01 1.578953e-02 -4.187097e-01 2.455743e-02 1.251545e-01 3.196420e-03 -8.355894e-02 1.036962e-02 9.135127e-01 3.504967e-02
3.347016e-02 4.772381e-01 1.902984e-02 1.338173e-01 1.058385e-02 -2.947585e-01 2.013599e-02 1.570643e-01 6.717416e-03 -4.133816e-02 1.092383e-02 7.818062e-01 5.479935e-02
2.953249e-03 3.328437e-01 2.771965e-02 1.081774e-01 6.610940e-03 -3.928023e-01 3.828943e-02 7.748201e-02 2.727954e-03 -3.826951e-02 1.077806e-02 6.999092e-01 6.184093e-02
3.281388e-03 3.535100e-01 3.149016e-02 1.142449e-01 6.980534e-03 -4.287300e-01 5.528861e-02 7.444830e-02 3.682374e-03 -6.040917e-02 1.218272e-02 7.342825e-01 9.761924e-02
4.265804e-03 2.992555e-01 2.172474e-02 1.001226e-01 5.074842e-03 -3.400084e-01 3.545706e-02 7.234580e-02 2.593063e-03 -3.649671e-02 7.121171e-03 6.013185e-01 5.084422e-02
5.906498e-03 3.523194e-01 2.828910e-02 1.145489e-01 9.881954e-03 -3.933034e-01 3.886504e-02 8.122231e-02 5.295584e-03 -4.242761e-02 1.405761e-02 7.012577e-01 5.140056e-02
8.203470e-03 4.059830e-01 2.923390e-02 1.288909e-01 7.422167e-03 -4.471152e-01 4.254942e-02 8.108229e-02 4.032011e-03 -7.192478e-02 1.131176e-02 7.427464e-01 5.706330e-02
1.115672e-02 3.624042e-01 2.158999e-02 1.118958e-01 6.274763e-03 -3.909367e-01 3.308253e-02 8.130231e-02 4.376657e-03 -4.497031e-02 1.021315e-02 7.309463e-01 4.287315e-02
1.476625e-02 3.971986e-01 2.764779e-02 1.253306e-01 1.101194e-02 -4.190359e-01 3.835821e-02 9.035557e-02 4.194563e-03 -7.151909e-02 1.638931e-02 7.636431e-01 4.742353e-02
1.903205e-02 3.740756e-01 2.617041e-02 1.205212e-01 7.790847e-03 -3.339450e-01 2.946124e-02 1.017925e-01 2.910536e-03 -4.672272e-02 9.399892e-03 7.040027e-01 4.139809e-02
3.281388e-03 3.227933e-01 3.282730e-02 1.134575e-01 6.410000e-03 -3.677870e-01 5.072617e-02 8.201066e-02 1.722854e-03 -4.159355e-02 1.137010e-02 6.573790e-01 7.922563e-02
3.609527e-03 2.889235e-01 4.288175e-02 1.052708e-01 1.236867e-02 -3.062795e-01 6.169904e-02 7.450185e-02 3.939906e-03 -3.863866e-02 1.562109e-02 5.361593e-01 9.602458e-02
4.593943e-03 3.559909e-01 4.128830e-02 1.161522e-01 7.809258e-03 -4.187172e-01 6.689165e-02 7.594663e-02 2.162744e-03 -6.237308e-02 1.169076e-02 7.117383e-01 1.115802e-01
6.234637e-03 4.145838e-01 2.805881e-02 1.401210e-01 9.548163e-03 -4.534325e-01 3.893925e-02 9.043532e-02 4.108863e-03 -7.398858e-02 1.173352e-02 7.416677e-01 5.053652e-02
8.531609e-03 3.975082e-01 4.572271e-02 1.262530e-01 1.640721e-02 -4.434172e-01 5.808486e-02 8.425407e-02 7.353916e-03 -6.440008e-02 1.652283e-02 7.856087e-01 8.244124e-02
1.148486e-02 3.929734e-01 2.058274e-02 1.269068e-01 9.358030e-03 -3.943361e-01 2.419178e-02 8.818368e-02 5.718908e-03 -5.345018e-02 4.916133e-03 6.965909e-01 3.294347e-02
1.509438e-02 3.666233e-01 1.568158e-02 1.210612e-01 6.527317e-03 -3.616542e-01 2.819644e-02 1.004106e-01 5.244993e-03 -3.524498e-02 8.339313e-03 7.201564e-01 4.454888e-02
1.936019e-02 4.683476e-01 3.007339e-02 1.475345e-01 1.276543e-02 -4.215128e-01 4.262702e-02 1.102528e-01 6.683778e-03 -6.672823e-02 1.641239e-02 7.719271e-01 7.236535e-02
4.265804e-03 3.537931e-01 3.827170e-02 1.117160e-01 9.261798e-03 -4.210026e-01 5.876749e-02 7.581498e-02 2.083144e-03 -5.096505e-02 1.556757e-02 7.290919e-01 9.143511e-02
4.593943e-03 2.962082e-01 4.091020e-02 1.007618e-01 1.121818e-02 -3.302445e-01 5.797946e-02 7.282268e-02 2.846623e-03 -3.692969e-02 1.724554e-02 5.920261e-01 8.404554e-02
5.578359e-03 3.765427e-01 1.672542e-02 1.263243e-01 4.294437e-03 -4.256604e-01 2.880799e-02 8.221557e-02 3.048525e-03 -6.991674e-02 4.527258e-03 6.971540e-01 5.043827e-02
7.219053e-03 3.487018e-01 2.497524e-02 1.134158e-01 8.045849e-03 -3.873780e-01 2.814525e-02 7.728571e-02 4.077545e-03 -5.208865e-02 6.562267e-03 6.760431e-01 4.363473e-02
9.516025e-03 3.815876e-01 2.691706e-02 1.197228e-01 6.980510e-03 -4.202263e-01 4.528234e-02 8.215778e-02 3.832280e-03 -6.010578e-02 9.632285e-03 7.481187e-01 7.690368e-02
1.246927e-02 3.235847e-01 1.554135e-02 1.051559e-01 4.385656e-03 -3.320176e-01 2.934464e-02 8.133171e-02 2.827974e-03 -3.831645e-02 1.208297e-02 6.573291e-01 3.815782e-02
1.607880e-02 4.012242e-01 1.449471e-02 1.304033e-01 5.963946e-03 -3.773146e-01 2.534874e-02 9.530753e-02 4.314040e-03 -5.418083e-02 9.514658e-03 6.989679e-01 4.135501e-02
2.034460e-02 3.988728e-01 1.527942e-02 1.139771e-01 6.463873e-03 -3.363920e-01 2.346080e-02 9.384008e-02 4.455402e-03 -3.417945e-02 1.081813e-02 6.970084e-01 2.804542e-02
5.906498e-03 3.869436e-01 3.048205e-02 1.255041e-01 7.565241e-03 -4.364496e-01 4.619798e-02 7.940391e-02 2.555729e-03 -7.076722e-02 1.197052e-02 7.198681e-01 7.213817e-02
6.234637e-03 3.847484e-01 4.004765e-02 1.226701e-01 1.172961e-02 -4.492759e-01 5.689043e-02 7.939275e-02 2.150425e-03 -6.649402e-02 1.830497e-02 7.857225e-01 7.557813e-02
7.219053e-03 3.474584e-01 1.717922e-02 1.145947e-01 6.049410e-03 -3.779760e-01 2.312249e-02 8.205278e-02 4.015297e-03 -4.410111e-02 6.516817e-03 6.779525e-01 4.271504e-02
8.859747e-03 3.725774e-01 3.791922e-02 1.159359e-01 1.007906e-02 -3.919378e-01 4.684318e-02 8.331230e-02 4.579537e-03 -4.447230e-02 1.021450e-02 6.812264e-01 6.590960e-02
1.115672e-02 4.162356e-01 4.247159e-02 1.263568e-01 1.238766e-02 -4.656348e-01 5.392425e-02 8.612725e-02 5.081449e-03 -6.578260e-02 1.353886e-02 8.158165e-01 7.946155e-02
1.410997e-02 4.292687e-01 2.314769e-02 1.322080e-01 1.291840e-02 -4.552987e-01 2.114326e-02 9.214183e-02 5.546371e-03 -7.213670e-02 1.113576e-02 8.097549e-01 2.586849e-02
1.771949e-02 4.223355e-01 4.295700e-02 1.287089e-01 1.163718e-02 -3.957839e-01 4.943208e-02 9.917773e-02 3.692545e-03 -5.848615e-02 1.266696e-02 7.100641e-01 6.510881e-02
2.198530e-02 3.714417e-01 2.607845e-02 1.250161e-01 1.188567e-02 -2.898627e-01 2.874428e-02 1.152716e-01 7.457614e-03 -2.898456e-02 1.558037e-02 6.833794e-01 3.597426e-02
8.203470e-03 3.357832e-01 3.118666e-02 1.087020e-01 7.700853e-03 -3.562250e-01 4.212242e-02 7.360025e-02 3.662284e-03 -5.151569e-02 1.066054e-02 6.155052e-01 5.513726e-02
8.531609e-03 4.239656e-01 2.471071e-02 1.307481e-01 3.975618e-03 -4.858016e-01 5.756094e-02 8.368850e-02 3.737920e-03 -7.421203e-02 6.646675e-03 8.329009e-01 1.181309e-01
9.516025e-03 3.652451e-01 4.123701e-02 1.071322e-01 1.303736e-02 -3.971549e-01 4.951513e-02 7.762218e-02 4.225666e-03 -4.102341e-02 1.551092e-02 7.082589e-01 6.398652e-02
1.115672e-02 4.592387e-01 4.400159e-02 1.384158e-01 1.410591e-02 -5.269739e-01 5.477077e-02 9.195733e-02 7.357064e-03 -7.386286e-02 1.083590e-02 9.419255e-01 9.084211e-02
1.345369e-02 3.634135e-01 3.652566e-02 1.146594e-01 1.032496e-02 -3.663409e-01 4.394980e-02 8.557110e-02 2.769543e-03 -4.570667e-02 1.400086e-02 6.853121e-01 6.503043e-02
1.640694e-02 4.135821e-01 5.101929e-02 1.329689e-01 1.960532e-02 -3.972799e-01 5.145879e-02 9.789235e-02 7.386214e-03 -5.506342e-02 2.292649e-02 7.562870e-01 6.040017e-02
2.001647e-02 4.291793e-01 2.002578e-02 1.370076e-01 5.626873e-03 -4.133855e-01 3.139860e-02 1.084960e-01 6.299861e-03 -7.329550e-02 1.232781e-02 7.955704e-01 3.868538e-02
2.428227e-02 4.436822e-01 1.801553e-02 1.441690e-01 1.109275e-02 -3.988041e-01 2.282396e-02 1.205548e-01 5.022524e-03 -8.254395e-02 9.089042e-03 8.032001e-01 4.347901e-02
1.115672e-02 3.604193e-01 3.443486e-02 1.159130e-01 1.149339e-02 -3.805888e-01 4.406211e-02 8.441424e-02 4.557183e-03 -4.806200e-02 1.167377e-02 7.014065e-01 7.113743e-02
1.148486e-02 4.214634e-01 3.909261e-02 1.282395e-01 1.450295e-02 -4.649757e-01 4.147342e-02 9.060281e-02 4.819479e-03 -6.407129e-02 1.719883e-02 8.023548e-01 5.651936e-02
1.246927e-02 3.956835e-01 5.400757e-02 1.226899e-01 1.710069e-02 -4.287311e-01 6.434884e-02 8.621520e-02 7.404068e-03 -6.561462e-02 1.715993e-02 7.669651e-01 8.258109e-02
1.410997e-02 3.948866e-01 2.072874e-02 1.281264e-01 5.779593e-03 -3.915929e-01 3.430849e-02 9.214524e-02 3.826156e-03 -5.665743e-02 6.722152e-03 7.222497e-01 4.379128e-02
1.640694e-02 4.120820e-01 1.214646e-02 1.244926e-01 7.961373e-03 -4.249945e-01 1.878180e-02 9.036942e-02 7.003322e-03 -6.472022e-02 3.219876e-03 8.136154e-01 2.519074e-02
1.936019e-02 4.232647e-01 4.866020e-02 1.381583e-01 1.335961e-02 -3.789269e-01 6.307646e-02 1.021472e-01 4.098596e-03 -5.827053e-02 1.901888e-02 7.468500e-01 8.676347e-02
2.296972e-02 4.155233e-01 1.677265e-02 1.266913e-01 8.022341e-03 -3.574691e-01 1.598601e-02 1.098444e-01 2.629148e-03 -5.590820e-02 8.362880e-03 7.295189e-01 2.568222e-02
2.723552e-02 3.962577e-01 2.922772e-02 1.208808e-01 1.443380e-02 -2.949453e-01 2.299085e-02 1.236757e-01 6.622642e-03 -5.266969e-02 1.170766e-02 6.927006e-01 2.858046e-02
1.476625e-02 4.018072e-01 1.080445e-02 1.264105e-01 4.037294e-03 -3.869885e-01 1.485572e-02 9.155037e-02 2.508546e-03 -5.820827e-02 7.371268e-03 7.081203e-01 3.280747e-02
1.509438e-02 4.439607e-01 2.382880e-02 1.320131e-01 7.029071e-03 -4.753076e-01 3.677639e-02 8.869621e-02 3.568789e-03 -7.208233e-02 6.892719e-03 8.449215e-01 7.472968e-02
1.607880e-02 3.728203e-01 2.070683e-02 1.252552e-01 7.461248e-03 -3.744720e-01 2.831928e-02 1.022907e-01 2.774083e-03 -5.132707e-02 8.246010e-03 7.321672e-01 4.108690e-02
1.771949e-02 4.232090e-01 2.682239e-02 1.284401e-01 7.653476e-03 -4.195058e-01 4.284502e-02 9.850930e-02 3.012267e-03 -5.967899e-02 1.263158e-02 8.160840e-01 8.456731e-02
2.001647e-02 4.250299e-01 9.834775e-03 1.355110e-01 6.001856e-03 -3.833203e-01 1.985607e-02 1.067118e-01 3.138573e-03 -5.372565e-02 2.299291e-03 7.612281e-01 3.486368e-02
2.296972e-02 4.422398e-01 1.850952e-02 1.430168e-01 7.970238e-03 -4.029048e-01 3.290797e-02 1.177423e-01 5.910139e-03 -6.744879e-02 4.897675e-03 8.264014e-01 7.385471e-02
2.657924e-02 4.337151e-01 2.816536e-02 1.387259e-01 1.407527e-02 -3.293954e-01 2.451841e-02 1.327271e-01 7.494632e-03 -5.583657e-02 1.609456e-02 7.284110e-01 2.483113e-02
3.084505e-02 4.414846e-01 1.114615e-02 1.460267e-01 7.617179e-03 -3.289364e-01 8.094995e-03 1.437375e-01 5.552588e-03 -8.470845e-02 1.836920e-02 8.640697e-01 2.925736e-02
1.903205e-02 4.764229e-01 2.457760e-02 1.528470e-01 7.390143e-03 -4.517375e-01 3.630845e-02 1.073654e-01 2.632781e-03 -8.674067e-02 1.008832e-02 8.196080e-01 4.908101e-02
1.936019e-02 4.423797e-01 1.593581e-02 1.338267e-01 3.165493e-03 -4.196945e-01 1.630698e-02 1.045776e-01 4.034576e-03 -6.354577e-02 5.330273e-03 7.931292e-01 1.033932e-02
2.034460e-02 4.256396e-01 2.722408e-02 1.342277e-01 7.895939e-03 -3.520506e-01 3.503450e-02 1.020744e-01 6.366696e-03 -5.890860e-02 1.228350e-02 6.898963e-01 4.867455e-02
2.198530e-02 4.153986e-01 1.055217e-02 1.299074e-01 5.777231e-03 -3.398406e-01 2.310198e-02 1.101792e-01 4.250030e-03 -3.749521e-02 9.037955e-03 7.390430e-01 7.786376e-02
2.428227e-02 4.058405e-01 1.503369e-02 1.301030e-01 1.036061e-02 -3.602159e-01 1.833334e-02 1.237373e-01 6.717101e-03 -6.575883e-02 1.092698e-02 7.866628e-01 3.385315e-02
2.723552e-02 3.995499e-01 2.068478e-02 1.188160e-01 6.365220e-03 -3.234090e-01 2.415870e-02 1.236294e-01 2.448313e-03 -4.141767e-02 9.699818e-03 7.794702e-01 5.625253e-02
3.084505e-02 4.435941e-01 2.283917e-02 1.343943e-01 7.846142e-03 -3.256195e-01 3.369546e-02 1.416070e-01 7.345912e-03 -5.654768e-02 9.793897e-03 8.284776e-01 6.946393e-02
3.511085e-02 4.643761e-01 1.543146e-02 1.264519e-01 1.055489e-02 -3.303715e-01 2.600731e-02 1.580845e-01 8.429620e-03 -6.594747e-02 9.096355e-03 8.594582e-01 6.733632e-02
5.250221e-03 3.247256e-01 2.516425e-02 1.093126e-01 8.319726e-03 -3.717719e-01 3.607121e-02 7.786076e-02 5.069228e-03 -4.899910e-02 7.917771e-03 6.593397e-01 7.267265e-02
5.578359e-03 2.822746e-01 2.329919e-02 9.214411e-02 6.524287e-03 -3.198635e-01 3.209568e-02 6.855971e-02 1.528548e-03 -3.233636e-02 1.166541e-02 5.797860e-01 4.133221e-02
6.562776e-03 3.050411e-01 2.960309e-02 1.010559e-01 5.928792e-03 -3.371589e-01 4.515424e-02 7.426940e-02 1.005502e-03 -3.383604e-02 1.198610e-02 6.294433e-01 5.997377e-02
8.203470e-03 4.249821e-01 5.938117e-02 1.325296e-01 1.378492e-02 -4.766812e-01 8.469799e-02 8.453328e-02 3.367306e-03 -7.281092e-02 2.333054e-02 8.066815e-01 1.145378e-01
1.050044e-02 3.831158e-01 3.058445e-02 1.153054e-01 7.075561e-03 -4.218505e-01 3.984412e-02 8.312196e-02 4.006825e-03 -5.328678e-02 8.210058e-03 7.592345e-01 5.589811e-02
1.345369e-02 3.707946e-01 3.707304e-02 1.206922e-01 1.412841e-02 -3.637672e-01 4.752318e-02 8.660463e-02 5.982967e-03 -5.617031e-02 1.844748e-02 6.777533e-01 5.660979e-02
1.706322e-02 4.040344e-01 1.892670e-02 1.306858e-01 6.987280e-03 -3.786715e-01 1.314656e-02 9.477288e-02 4.882897e-03 -6.228421e-02 4.583645e-03 6.976876e-01 2.464510e-02
2.132902e-02 4.427618e-01 1.335799e-02 1.346241e-01 4.578111e-03 -3.887434e-01 2.643287e-02 1.070740e-01 3.236635e-03 -5.706832e-02 9.217736e-03 7.464274e-01 5.392911e-02
5.578359e-03 3.714010e-01 6.115968e-02 1.140960e-01 1.696996e-02 -4.389787e-01 7.877017e-02 7.534115e-02 5.522502e-03 -5.381099e-02 2.139943e-02 7.745200e-01 1.030822e-01
5.906498e-03 3.683472e-01 2.692069e-02 1.204513e-01 9.578978e-03 -4.226455e-01 4.757851e-02 8.065891e-02 5.461679e-03 -5.776358e-02 1.266851e-02 7.365924e-01 7.371599e-02
6.890915e-03 3.543241e-01 4.216997e-02 1.120858e-01 1.461192e-02 -4.151481e-01 4.900714e-02 7.778063e-02 5.715031e-03 -5.405657e-02 2.038027e-02 7.410707e-01 4.717503e-02
8.531609e-03 3.665712e-01 3.413843e-02 1.278628e-01 1.019444e-02 -3.730237e-01 4.398533e-02 8.754586e-02 5.687025e-03 -5.598936e-02 1.129244e-02 6.468241e-01 5.945309e-02
1.082858e-02 4.642769e-01 3.590692e-02 1.496374e-01 9.837229e-03 -4.953944e-01 5.570208e-02 9.767031e-02 3.930695e-03 -7.699956e-02 1.377405e-02 8.648237e-01 8.994118e-02
1.378183e-02 3.503391e-01 2.454462e-02 1.132005e-01 1.078750e-02 -3.387010e-01 2.603607e-02 8.953922e-02 7.175442e-03 -3.197521e-02 7.258376e-03 6.740316e-01 3.982778e-02
1.739136e-02 4.032310e-01 1.538705e-02 1.266130e-01 1.025415e-02 -3.974825e-01 1.294942e-02 9.632456e-02 3.749463e-03 -5.547034e-02 1.368418e-02 7.622467e-01 3.956502e-02
2.165716e-02 4.496091e-01 2.031283e-02 1.426544e-01 7.225017e-03 -4.020589e-01 1.351881e-02 1.143644e-01 3.568730e-03 -7.210813e-02 4.686755e-03 7.886792e-01 3.488244e-02
6.562776e-03 3.463847e-01 3.468917e-02 1.128219e-01 1.000760e-02 -3.793856e-01 4.408752e-02 7.841181e-02 2.699628e-03 -4.722747e-02 1.536520e-02 6.669172e-01 5.328601e-02
6.890915e-03 4.592304e-01 5.392033e-02 1.346345e-01 1.346896e-02 -5.594176e-01 8.136750e-02 8.246051e-02 4.725875e-03 -7.998479e-02 2.411730e-02 9.516447e-01 1.127581e-01
7.875331e-03 4.070817e-01 2.537762e-02 1.330342e-01 1.067843e-02 -4.578179e-01 2.731498e-02 9.075849e-02 4.598266e-03 -6.346447e-02 1.030190e-02 7.912638e-01 3.857929e-02
9.516025e-03 4.126042e-01 5.068286e-02 1.289508e-01 1.558668e-02 -4.464075e-01 6.450263e-02 8.871944e-02 5.319755e-03 -6.029348e-02 1.646654e-02 7.676467e-01 9.338212e-02
1.181300e-02 4.067750e-01 2.345106e-02 1.346942e-01 6.319991e-03 -3.968887e-01 3.467424e-02 8.956534e-02 3.539156e-03 -6.667188e-02 1.038794e-02 6.797159e-01 4.185766e-02
1.476625e-02 4.218529e-01 2.209906e-02 1.377224e-01 1.239449e-02 -4.177916e-01 2.004573e-02 9.894331e-02 5.622778e-03 -6.609830e-02 1.298063e-02 7.680159e-01 3.379364e-02
1.837577e-02 3.889034e-01 2.239306e-02 1.170409e-01 1.055062e-02 -3.702509e-01 2.331524e-02 8.992582e-02 4.348775e-03 -5.124173e-02 9.335810e-03 7.161110e-01 3.501441e-02
2.264158e-02 4.343334e-01 2.244954e-02 1.289553e-01 1.064780e-02 -3.666718e-01 2.689314e-02 1.136200e-01 5.496879e-03 -4.841307e-02 1.313018e-02 7.719962e-01 3.524044e-02
8.203470e-03 4.097546e-01 1.879475e-02 1.228060e-01 7.572452e-03 -4.690235e-01 2.183871e-02 8.051511e-02 3.753233e-03 -5.921877e-02 7.370312e-03 8.249315e-01 3.284206e-02
8.531609e-03 3.660017e-01 2.219600e-02 1.184466e-01 6.474754e-03 -4.051119e-01 3.837339e-02 8.493506e-02 4.280271e-03 -4.916423e-02 6.128676e-03 7.256667e-01 7.371660e-02
9.516025e-03 3.627941e-01 1.095254e-02 1.083392e-01 1.323661e-03 -4.056635e-01 2.222649e-02 7.959525e-02 3.001645e-03 -4.166017e-02 7.830577e-03 7.368258e-01 4.654855e-02
1.115672e-02 3.597540e-01 1.870975e-02 1.091773e-01 4.219151e-03 -3.886551e-01 3.897900e-02 7.734015e-02 3.496506e-03 -4.688420e-02 7.155687e-03 7.121049e-01 6.905486e-02
1.345369e-02 4.149104e-01 2.045528e-02 1.297437e-01 7.646336e-03 -4.241357e-01 3.272555e-02 9.121719e-02 5.368967e-03 -6.369191e-02 8.308704e-03 7.683148e-01 7.159023e-02
1.640694e-02 4.156703e-01 1.110334e-02 1.337194e-01 5.596835e-03 -3.811731e-01 9.649212e-03 9.728617e-02 5.414088e-03 -6.076535e-02 5.369879e-03 7.117692e-01 2.174065e-02
2.001647e-02 4.203294e-01 1.882474e-02 1.453400e-01 7.152460e-03 -3.722646e-01 3.401466e-02 1.138164e-01 4.486782e-03 -6.508782e-02 1.403788e-02 7.410520e-01 5.555440e-02
2.428227e-02 4.281536e-01 2.183985e-02 1.257125e-01 6.293450e-03 -3.885453e-01 3.230955e-02 1.261222e-01 5.333626e-03 -4.653719e-02 8.691079e-03 8.414176e-01 4.977372e-02
1.050044e-02 3.709228e-01 2.999565e-02 1.160814e-01 7.475949e-03 -3.916424e-01 4.579642e-02 8.415022e-02 1.948188e-03 -4.157533e-02 1.055622e-02 7.270808e-01 6.979278e-02
1.082858e-02 3.802878e-01 3.988745e-02 1.150516e-01 6.463676e-03 -4.181837e-01 7.302196e-02 7.947925e-02 5.749474e-03 -5.618426e-02 1.485256e-02 7.573015e-01 1.155323e-01
1.181300e-02 3.974367e-01 2.641161e-02 1.261552e-01 7.888641e-03 -4.181905e-01 3.887353e-02 8.558898e-02 2.574560e-03 -6.457129e-02 1.271101e-02 7.480909e-01 6.582829e-02
1.345369e-02 4.557847e-01 3.812446e-02 1.378657e-01 1.132698e-02 -4.934193e-01 4.423206e-02 9.427291e-02 6.897234e-03 -7.237405e-02 8.297254e-03 8.678351e-01 5.412662e-02
1.575066e-02 4.341280e-01 2.753650e-02 1.405015e-01 1.155025e-02 -4.390438e-01 3.294531e-02 9.878319e-02 3.425179e-03 -7.840215e-02 1.819850e-02 7.833697e-01 3.072029e-02
1.870391e-02 3.933987e-01 2.318480e-02 1.305345e-01 9.526464e-03 -3.518413e-01 4.196503e-02 1.066528e-01 7.062823e-03 -5.060432e-02 1.339479e-02 7.202679e-01 6.818337e-02
2.231344e-02 4.149376e-01 1.825635e-02 1.280975e-01 1.158878e-02 -3.394024e-01 3.319889e-02 1.100308e-01 5.814741e-03 -4.293415e-02 1.133404e-02 7.074256e-01 6.451451e-02
2.657924e-02 4.647805e-01 2.508409e-02 1.371509e-01 1.119787e-02 -4.126458e-01 3.584091e-02 1.196024e-01 4.298680e-03 -8.089744e-02 1.591630e-02 8.319921e-01 5.423648e-02
1.345369e-02 3.692110e-01 2.462166e-02 1.110714e-01 4.377002e-03 -3.882818e-01 3.817526e-02 8.346322e-02 2.223504e-03 -4.872166e-02 6.056731e-03 7.251163e-01 6.445121e-02
1.378183e-02 4.133787e-01 2.213814e-02 1.243365e-01 8.219201e-03 -4.026791e-01 3.435054e-02 8.733986e-02 4.862136e-03 -5.090977e-02 3.767402e-03 7.123818e-01 6.124545e-02
1.476625e-02 3.661030e-01 2.725768e-02 1.246358e-01 1.153997e-02 -3.397388e-01 3.589149e-02 9.508854e-02 7.373800e-03 -4.676079e-02 1.126553e-02 6.349203e-01 4.738948e-02
1.640694e-02 4.122018e-01 1.666301e-02 1.310854e-01 6.316381e-03 -4.389578e-01 3.791383e-02 9.915469e-02 4.290166e-03 -7.225571e-02 1.257233e-02 8.431334e-01 6.178915e-02
1.870391e-02 4.040591e-01 3.081055e-02 1.222675e-01 1.321819e-02 -3.912112e-01 3.946733e-02 9.806869e-02 5.144391e-03 -4.928861e-02 1.016284e-02 8.170762e-01 8.867599e-02
2.165716e-02 4.566851e-01 3.222968e-02 1.325112e-01 1.442316e-02 -4.164890e-01 2.398311e-02 1.067844e-01 5.622018e-03 -6.355066e-02 1.060311e-02 7.979298e-01 3.427986e-02
2.526669e-02 4.586835e-01 1.845200e-02 1.528521e-01 7.829988e-03 -3.622200e-01 2.371239e-02 1.303771e-01 3.360634e-03 -6.820170e-02 1.084110e-02 7.706285e-01 2.852110e-02
2.953249e-02 4.413706e-01 1.929261e-02 1.339680e-01 8.753245e-03 -3.246683e-01 2.279715e-02 1.330403e-01 5.316526e-03 -5.890485e-02 4.912996e-03 7.876133e-01 3.413135e-02
1.706322e-02 4.171536e-01 1.816031e-02 1.308626e-01 1.255492e-02 -4.151327e-01 2.429432e-02 1.001531e-01 7.333494e-03 -6.083384e-02 1.292263e-02 7.851947e-01 3.624278e-02
1.739136e-02 4.014565e-01 3.619628e-02 1.222337e-01 1.419921e-02 -4.030294e-01 3.540001e-02 9.429185e-02 5.345280e-03 -6.028277e-02 1.627532e-02 7.492992e-01 3.085724e-02
1.837577e-02 4.196366e-01 3.237700e-02 1.308818e-01 9.038337e-03 -3.965152e-01 5.200303e-02 1.011402e-01 5.300181e-03 -6.146268e-02 8.145407e-03 7.652077e-01 9.267793e-02
2.001647e-02 4.315384e-01 2.203956e-02 1.340793e-01 1.356605e-02 -4.240474e-01 1.503834e-02 1.043990e-01 5.831291e-03 -7.105348e-02 1.785248e-02 8.239246e-01 1.995809e-02
2.231344e-02 4.344010e-01 2.162346e-02 1.514479e-01 1.054384e-02 -3.752233e-01 1.873110e-02 1.233501e-01 7.530470e-03 -7.102356e-02 9.751181e-03 7.708874e-01 4.220796e-02
2.526669e-02 4.327869e-01 1.849191e-02 1.298776e-01 8.792298e-03 -3.434268e-01 1.422247e-02 1.211635e-01 6.780440e-03 -4.616540e-02 1.520755e-02 7.696388e-01 1.040817e-02
2.887621e-02 4.605477e-01 2.175149e-02 1.453435e-01 7.152474e-03 -3.606805e-01 3.012002e-02 1.440986e-01 6.868393e-03 -6.708034e-02 1.232889e-02 8.163858e-01 5.619273e-02
3.314202e-02 4.199377e-01 1.502553e-02 1.177046e-01 1.141682e-02 -3.095241e-01 5.764250e-03 1.466293e-01 1.013751e-02 -5.125752e-02 7.475627e-03 8.077713e-01 3.091615e-02
2.132902e-02 3.918469e-01 1.298957e-02 1.125763e-01 9.767617e-03 -3.301085e-01 8.675294e-03 1.017994e-01 4.864298e-03 -2.645369e-02 1.330573e-02 7.051106e-01 3.364104e-02
2.165716e-02 4.187721e-01 1.156714e-02 1.397332e-01 1.153115e-02 -3.811933e-01 1.378634e-02 1.180850e-01 8.324043e-03 -6.288879e-02 9.097738e-03 8.046188e-01 5.725930e-02
2.264158e-02 4.486777e-01 2.481297e-02 1.382429e-01 6.650771e-03 -4.141604e-01 4.690227e-02 1.152432e-01 3.739072e-03 -7.169144e-02 1.197877e-02 8.153135e-01 7.397631e-02
2.428227e-02 4.064413e-01 2.091515e-02 1.193697e-01 7.770556e-03 -3.509509e-01 1.958289e-02 1.167377e-01 5.619459e-03 -4.039903e-02 9.941569e-03 7.806817e-01 2.622513e-02
2.657924e-02 4.537542e-01 1.635886e-02 1.288477e-01 4.230023e-03 -3.843698e-01 3.048210e-02 1.163993e-01 3.629015e-03 -6.305112e-02 1.236733e-02 7.794270e-01 4.783854e-02
2.953249e-02 4.216558e-01 2.646165e-02 1.168108e-01 9.981240e-03 -3.413936e-01 3.082249e-02 1.223189e-01 3.632867e-03 -5.498300e-02 7.614063e-03 8.174448e-01 4.956748e-02
3.314202e-02 4.691623e-01 2.759979e-02 1.282013e-01 1.192414e-02 -3.494065e-01 3.177555e-02 1.465339e-01 4.502520e-03 -6.904706e-02 1.410579e-02 8.306062e-01 5.504899e-02
3.740782e-02 5.025871e-01 1.608297e-02 1.472260e-01 6.678133e-03 -3.041196e-01 9.296619e-03 1.815071e-01 1.120377e-02 -7.081356e-02 9.689958e-03 9.062790e-01 7.906703e-03
8.203470e-03 4.036418e-01 4.580059e-02 1.259337e-01 1.231262e-02 -4.619896e-01 5.750031e-02 8.013524e-02 3.530767e-03 -7.215297e-02 1.631137e-02 7.882738e-01 6.882508e-02
8.531609e-03 3.403118e-01 2.627890e-02 1.132478e-01 5.731975e-03 -3.620088e-01 3.717538e-02 8.377104e-02 2.209803e-03 -4.071225e-02 6.908350e-03 6.641934e-01 5.863853e-02
9.516025e-03 3.981497e-01 1.980798e-02 1.254510e-01 1.169197e-02 -4.464970e-01 2.216102e-02 8.429890e-02 7.348365e-03 -6.755687e-02 6.888437e-03 7.757215e-01 3.913626e-02
1.115672e-02 3.321306e-01 2.105380e-02 1.117579e-01 2.333755e-03 -3.290124e-01 4.597000e-02 8.777685e-02 1.543048e-03 -3.002047e-02 9.266157e-03 6.421817e-01 7.753349e-02
1.345369e-02 3.735743e-01 2.426602e-02 1.121471e-01 8.380827e-03 -3.822511e-01 3.394925e-02 8.664254e-02 4.192098e-03 -3.749454e-02 1.401588e-02 7.282715e-01 4.825475e-02
1.640694e-02 4.559037e-01 2.097371e-02 1.383741e-01 9.623305e-03 -4.912094e-01 3.214689e-02 9.916851e-02 5.138707e-03 -7.729600e-02 1.185268e-02 8.924005e-01 6.192923e-02
2.001647e-02 4.118774e-01 4.065650e-02 1.246609e-01 1.110709e-02 -3.638955e-01 4.483253e-02 1.040569e-01 3.009178e-03 -4.136069e-02 1.283004e-02 7.648252e-01 5.761849e-02
2.428227e-02 4.562647e-01 1.963257e-02 1.476563e-01 7.665568e-03 -3.777807e-01 2.664075e-02 1.227033e-01 4.730918e-03 -6.691114e-02 8.792508e-03 7.625737e-01 3.276720e-02
8.531609e-03 3.335614e-01 1.472405e-02 1.076420e-01 6.238359e-03 -3.667021e-01 2.756852e-02 7.966183e-02 4.653694e-03 -4.254821e-02 7.378620e-03 6.581759e-01 4.311229e-02
8.859747e-03 3.744757e-01 2.526524e-02 1.145719e-01 4.630906e-03 -4.135574e-01 3.906545e-02 7.650806e-02 3.032155e-03 -5.514666e-02 5.823738e-03 7.168340e-01 6.399393e-02
9.844164e-03 4.455318e-01 4.349141e-02 1.407870e-01 1.492053e-02 -4.949948e-01 5.367213e-02 8.664479e-02 4.708957e-03 -8.937967e-02 1.927846e-02 8.089798e-01 6.337371e-02
1.148486e-02 3.627778e-01 3.186921e-02 1.060758e-01 1.016596e-02 -4.016113e-01 4.246238e-02 8.250083e-02 2.829746e-03 -3.965287e-02 1.189822e-02 7.522707e-01 7.133743e-02
1.378183e-02 3.725537e-01 1.340866e-02 1.159838e-01 3.183914e-03 -3.955812e-01 2.249230e-02 9.395062e-02 3.486531e-03 -3.501071e-02 5.786521e-03 7.947738e-01 3.036453e-02
1.673508e-02 3.656874e-01 1.946023e-02 1.177059e-01 9.110313e-03 -3.410910e-01 1.846300e-02 9.214350e-02 4.974698e-03 -4.203435e-02 5.577619e-03 6.741567e-01 3.605680e-02
2.034460e-02 4.220559e-01 2.692071e-02 1.319682e-01 1.027110e-02 -3.759531e-01 1.732922e-02 1.072366e-01 5.012167e-03 -6.586209e-02 1.098294e-02 7.227692e-01 2.665308e-02
2.461041e-02 3.958707e-01 1.000930e-02 1.217583e-01 7.406347e-03 -3.454569e-01 3.057360e-02 1.175893e-01 7.005565e-03 -4.280264e-02 1.096493e-02 8.043798e-01 6.531022e-02
9.516025e-03 3.386376e-01 2.541494e-02 1.146869e-01 7.118069e-03 -3.421594e-01 2.797070e-02 8.513450e-02 3.073639e-03 -3.220458e-02 1.151700e-02 6.623305e-01 2.215503e-02
9.844164e-03 3.789578e-01 2.161864e-02 1.247124e-01 6.238937e-03 -3.973433e-01 2.960159e-02 8.368399e-02 1.357184e-03 -5.923600e-02 9.663274e-03 6.913320e-01 3.916668e-02
1.082858e-02 3.514711e-01 3.120894e-02 1.068890e-01 1.217659e-02 -3.845165e-01 3.547490e-02 7.751048e-02 4.847769e-03 -4.671797e-02 1.384242e-02 7.040599e-01 3.562812e-02
1.246927e-02 3.684607e-01 2.364068e-02 1.110086e-01 9.636681e-03 -3.926777e-01 3.230032e-02 8.291684e-02 4.523484e-03 -4.791363e-02 1.372029e-02 7.357953e-01 4.374431e-02
1.476625e-02 3.551751e-01 2.368154e-02 1.116979e-01 3.342305e-03 -3.584178e-01 3.634381e-02 8.803940e-02 3.727357e-03 -3.772998e-02 9.688201e-03 7.047723e-01 5.524940e-02
1.771949e-02 4.096211e-01 2.790605e-02 1.277713e-01 7.353253e-03 -3.978371e-01 4.081543e-02 9.344075e-02 3.537088e-03 -5.658731e-02 8.568838e-03 7.571847e-01 6.240076e-02
2.132902e-02 4.667379e-01 3.597865e-02 1.449437e-01 1.127688e-02 -4.298625e-01 4.496822e-02 1.118452e-01 6.512170e-03 -6.988614e-02 1.141885e-02 8.346857e-01 6.160672e-02
2.559483e-02 4.318058e-01 1.744098e-02 1.354169e-01 7.382790e-03 -3.491072e-01 2.323565e-02 1.258813e-01 6.779319e-03 -4.935068e-02 5.740734e-03 7.834720e-01 5.468354e-02
1.115672e-02 3.733958e-01 2.600411e-02 1.151125e-01 6.353798e-03 -4.177617e-01 3.530551e-02 7.643219e-02 3.209647e-03 -6.516778e-02 9.188005e-03 7.463465e-01 4.968203e-02
1.148486e-02 4.057522e-01 3.446999e-02 1.310384e-01 9.808265e-03 -4.291630e-01 4.750507e-02 8.922137e-02 5.851970e-03 -6.519075e-02 1.159094e-02 7.616090e-01 8.379275e-02
1.246927e-02 3.688754e-01 1.446183e-02 1.100158e-01 1.118056e-02 -3.967829e-01 1.981055e-02 8.358021e-02 4.042368e-03 -3.960317e-02 1.581630e-02 7.730264e-01 4.470595e-02
1.410997e-02 3.585028e-01 1.047393e-02 1.086433e-01 2.215851e-03 -3.521694e-01 1.016264e-02 8.617833e-02 2.313138e-03 -3.530607e-02 3.834970e-03 6.693441e-01 2.496974e-02
1.640694e-02 3.991029e-01 3.574153e-02 1.263433e-01 9.050681e-03 -3.894791e-01 5.081792e-02 1.009523e-01 6.237378e-03 -5.111363e-02 1.583189e-02 7.365616e-01 7.501764e-02
1.936019e-02 4.184688e-01 3.891568e-02 1.461528e-01 1.720218e-02 -3.592812e-01 4.342935e-02 1.129057e-01 6.396128e-03 -5.822427e-02 1.906066e-02 7.198303e-01 4.265530e-02
2.296972e-02 4.320166e-01 2.070012e-02 1.176450e-01 6.228912e-03 -3.936356e-01 3.123181e-02 9.958342e-02 2.618719e-03 -5.277567e-02 1.033739e-02 8.122767e-01 4.851875e-02
2.723552e-02 4.844301e-01 3.055183e-02 1.444527e-01 5.100371e-03 -3.914593e-01 4.346241e-02 1.288150e-01 3.093094e-03 -8.084705e-02 1.253885e-02 8.163653e-01 4.087861e-02
1.345369e-02 4.430609e-01 3.744538e-02 1.386260e-01 9.934068e-03 -4.650147e-01 5.339347e-02 9.167924e-02 5.101892e-03 -8.043198e-02 1.458986e-02 8.088698e-01 7.247614e-02
1.378183e-02 3.749029e-01 3.496562e-02 1.151470e-01 8.917958e-03 -3.910163e-01 4.383315e-02 8.580687e-02 4.913057e-03 -5.220162e-02 9.949506e-03 7.373316e-01 6.016659e-02
1.476625e-02 4.123189e-01 3.290787e-02 1.298747e-01 1.397439e-02 -3.985338e-01 4.283173e-02 9.157316e-02 5.505591e-03 -6.065356e-02 1.808917e-02 7.231851e-01 6.219719e-02
1.640694e-02 4.124230e-01 1.223793e-02 1.282774e-01 3.705366e-03 -4.097703e-01 2.269952e-02 1.007769e-01 1.787575e-03 -5.447391e-02 5.084616e-03 7.727695e-01 5.357279e-02
1.870391e-02 4.317126e-01 2.564975e-02 1.433589e-01 9.600642e-03 -4.026156e-01 3.662312e-02 1.064582e-01 2.412679e-03 -6.996128e-02 1.181919e-02 7.599798e-01 6.370079e-02
2.165716e-02 4.166788e-01 3.391099e-02 1.317963e-01 1.177847e-02 -3.639054e-01 4.326168e-02 1.147007e-01 6.127963e-03 -5.031388e-02 1.371392e-02 7.220826e-01 5.723543e-02
2.526669e-02 4.143223e-01 1.758757e-02 1.250669e-01 1.089695e-02 -3.697476e-01 2.132777e-02 1.150562e-01 4.001078e-03 -6.651510e-02 1.380274e-02 7.931617e-01 2.374299e-02
2.953249e-02 4.863572e-01 1.027227e-02 1.453844e-01 8.230125e-03 -3.647796e-01 2.452518e-02 1.412083e-01 1.810074e-03 -7.316401e-02 1.191821e-02 7.738760e-01 3.757629e-02
1.640694e-02 3.875020e-01 3.305984e-02 1.221101e-01 1.392947e-02 -3.934874e-01 2.763537e-02 9.663785e-02 7.029134e-03 -4.741339e-02 1.779399e-02 7.708835e-01 4.730092e-02
1.673508e-02 3.994058e-01 7.188812e-03 1.323591e-01 5.257537e-03 -3.543323e-01 1.677212e-02 1.010303e-01 2.007592e-03 -6.086064e-02 7.176165e-03 6.530501e-01 5.120987e-02
1.771949e-02 4.223248e-01 2.300810e-02 1.335880e-01 1.028821e-02 -4.171578e-01 2.444476e-02 1.005847e-01 6.807172e-03 -6.228685e-02 7.816123e-03 8.236918e-01 4.819765e-02
1.936019e-02 4.427269e-01 2.392808e-02 1.384188e-01 1.198864e-02 -4.004635e-01 3.084988e-02 1.014062e-01 6.115670e-03 -7.259488e-02 1.315399e-02 7.502440e-01 3.242149e-02
2.165716e-02 4.482471e-01 2.557948e-02 1.387189e-01 7.871523e-03 -3.968154e-01 3.608583e-02 1.081241e-01 5.165464e-03 -6.158047e-02 8.563995e-03 7.824843e-01 5.510908e-02
2.461041e-02 4.316346e-01 1.983284e-02 1.422021e-01 1.076248e-02 -3.528705e-01 2.473658e-02 1.256580e-01 6.508834e-03 -6.368261e-02 1.013114e-02 7.370094e-01 4.294703e-02
2.821994e-02 4.049901e-01 1.822678e-02 1.195243e-01 1.030497e-02 -3.011778e-01 1.510690e-02 1.269229e-01 3.693331e-03 -4.440743e-02 1.622225e-02 7.639962e-01 3.221292e-02
3.248574e-02 4.770387e-01 1.515012e-02 1.418630e-01 8.888217e-03 -3.673736e-01 2.915234e-02 1.491881e-01 2.577807e-03 -6.812449e-02 1.353488e-02 8.783124e-01 5.566360e-02
2.001647e-02 4.201991e-01 2.038836e-02 1.367945e-01 9.520744e-03 -3.545150e-01 2.278181e-02 1.141784e-01 5.114492e-03 -4.150125e-02 9.221480e-03 7.502371e-01 5.189819e-02
2.034460e-02 4.576677e-01 1.574301e-02 1.417316e-01 7.915521e-03 -4.384654e-01 1.633383e-02 1.072709e-01 5.220202e-03 -7.756501e-02 1.169701e-02 8.230021e-01 1.888318e-02
2.132902e-02 4.108147e-01 1.245901e-02 1.336002e-01 7.421545e-03 -3.448278e-01 2.344379e-02 1.096796e-01 3.467361e-03 -5.347852e-02 6.638253e-03 7.216432e-01 6.597394e-02
2.296972e-02 4.427655e-01 1.767224e-02 1.359100e-01 4.236935e-03 -3.600822e-01 3.806128e-02 1.149976e-01 3.246802e-03 -4.814200e-02 6.441087e-03 7.401620e-01 7.701836e-02
2.526669e-02 4.121158e-01 1.723578e-02 1.277138e-01 5.413182e-03 -3.313497e-01 3.437813e-02 1.172916e-01 2.082445e-03 -4.805485e-02 1.336501e-02 7.261981e-01 5.235509e-02
2.821994e-02 4.331971e-01 1.203345e-02 1.343499e-01 4.352927e-03 -3.336896e-01 2.057849e-02 1.291903e-01 6.746157e-03 -6.140603e-02 1.030419e-02 7.806121e-01 3.797061e-02
3.182946e-02 4.359227e-01 2.325966e-02 1.301855e-01 1.137859e-02 -2.912578e-01 1.866812e-02 1.563509e-01 6.492736e-03 -5.602840e-02 6.004043e-03 7.706108e-01 4.591602e-02
3.609527e-02 5.007396e-01 3.013494e-02 1.428333e-01 1.317879e-02 -3.253543e-01 2.794374e-02 1.740161e-01 9.363353e-03 -7.869282e-02 1.165748e-02 8.728728e-01 4.528908e-02
2.428227e-02 4.594307e-01 1.317763e-02 1.492642e-01 8.572340e-03 -3.825551e-01 1.228134e-02 1.215272e-01 5.062283e-03 -7.155537e-02 5.225705e-03 7.695240e-01 2.458259e-02
2.461041e-02 4.638867e-01 2.565918e-02 1.418863e-01 1.501478e-02 -3.786727e-01 2.838579e-02 1.215114e-01 9.030594e-03 -6.834141e-02 9.110666e-03 7.665328e-01 4.745657e-02
2.559483e-02 4.102419e-01 2.647802e-02 1.332683e-01 1.164808e-02 -3.533228e-01 3.362998e-02 1.291269e-01 7.127917e-03 -5.355918e-02 1.262751e-02 7.988863e-01 4.555476e-02
2.723552e-02 4.637122e-01 1.544877e-02 1.494324e-01 4.523403e-03 -3.789588e-01 2.509363e-02 1.338981e-01 3.769396e-03 -8.100807e-02 1.394174e-02 8.040308e-01 3.576698e-02
2.953249e-02 4.631889e-01 3.291456e-02 1.317655e-01 1.153577e-02 -3.664526e-01 3.198310e-02 1.395853e-01 5.810823e-03 -4.629593e-02 7.742380e-03 8.498631e-01 5.901467e-02
3.248574e-02 4.688031e-01 3.045810e-02 1.486903e-01 5.847747e-03 -3.259048e-01 1.938316e-02 1.640411e-01 5.016141e-03 -6.974843e-02 9.234430e-03 8.271802e-01 2.918154e-02
3.609527e-02 4.783169e-01 2.646158e-02 1.382849e-01 9.738435e-03 -2.895905e-01 1.512007e-02 1.732369e-01 1.091788e-02 -6.737387e-02 7.313099e-03 8.234740e-01 1.543500e-02
4.036107e-02 5.105634e-01 3.790128e-02 1.491820e-01 5.911995e-03 -3.005991e-01 2.874130e-02 2.003092e-01 5.263059e-03 -8.515263e-02 1.521796e-02 8.793072e-01 7.251143e-02
1.181300e-02 3.508725e-01 5.466241e-03 1.074050e-01 3.762496e-03 -3.728740e-01 1.442744e-02 8.201102e-02 2.465050e-03 -4.023691e-02 7.782284e-03 7.164636e-01 2.540970e-02
1.214114e-02 3.661205e-01 2.475081e-02 1.158230e-01 1.144241e-02 -3.721238e-01 2.894532e-02 8.253909e-02 4.653377e-03 -5.442193e-02 1.943338e-02 6.884511e-01 4.796986e-02
1.312555e-02 3.707188e-01 1.631068e-02 1.122994e-01 3.205525e-03 -3.679285e-01 3.658661e-02 8.317196e-02 3.051097e-03 -4.063045e-02 1.190575e-02 6.795025e-01 5.003897e-02
1.476625e-02 4.102005e-01 1.760994e-02 1.234744e-01 6.241749e-03 -4.094393e-01 2.817709e-02 9.234480e-02 2.855664e-03 -4.840839e-02 6.148908e-03 7.607734e-01 4.961494e-02
1.706322e-02 4.385130e-01 1.015238e-02 1.381393e-01 5.625334e-03 -4.246656e-01 2.172773e-02 1.032932e-01 3.173585e-03 -6.325503e-02 1.299853e-02 8.055979e-01 6.293484e-02
2.001647e-02 3.924889e-01 2.950319e-02 1.163991e-01 7.906866e-03 -3.588645e-01 5.840436e-02 9.907539e-02 4.085110e-03 -3.751370e-02 1.281601e-02 7.349840e-01 1.021748e-01
2.362599e-02 4.454567e-01 2.333116e-02 1.444284e-01 1.270186e-02 -3.933908e-01 3.066223e-02 1.183719e-01 6.188713e-03 -7.390858e-02 1.392779e-02 8.158249e-01 5.043894e-02
2.789180e-02 4.400189e-01 1.795836e-02 1.326612e-01 1.040457e-02 -3.589491e-01 2.104341e-02 1.290392e-01 7.236104e-03 -6.154683e-02 1.274668e-02 8.083518e-01 4.679706e-02
1.214114e-02 4.516536e-01 2.573969e-02 1.359656e-01 8.297684e-03 -4.677120e-01 2.959340e-02 9.094888e-02 4.664619e-03 -6.916540e-02 9.217223e-03 7.812336e-01 3.396600e-02
1.246927e-02 4.031631e-01 1.405873e-02 1.246925e-01 9.022950e-03 -4.212367e-01 2.598532e-02 8.561754e-02 2.843089e-03 -6.898232e-02 1.273934e-02 7.148695e-01 5.914442e-02
1.345369e-02 3.825311e-01 1.377545e-02 1.183088e-01 6.482486e-03 -4.024647e-01 1.771396e-02 9.037055e-02 2.931642e-03 -4.771789e-02 5.915085e-03 7.535563e-01 2.987127e-02
1.509438e-02 3.982074e-01 3.597082e-02 1.278547e-01 1.016577e-02 -3.907514e-01 3.493438e-02 9.472477e-02 3.909120e-03 -5.844976e-02 1.255221e-02 7.102495e-01 3.254399e-02
1.739136e-02 4.110481e-01 2.138896e-02 1.266443e-01 8.025306e-03 -4.082609e-01 2.759910e-02 9.892020e-02 6.243946e-03 -5.650632e-02 1.102453e-02 7.848376e-01 4.203973e-02
2.034460e-02 3.912302e-01 1.416664e-02 1.244907e-01 7.961657e-03 -3.335074e-01 1.803027e-02 1.025684e-01 3.329227e-03 -4.238320e-02 1.949703e-02 6.799560e-01 3.118286e-02
2.395413e-02 4.051574e-01 1.562933e-02 1.246588e-01 9.650071e-03 -3.537113e-01 3.074221e-02 1.167544e-01 7.735778e-03 -5.581911e-02 6.639934e-03 7.450544e-01 6.177174e-02
2.821994e-02 4.109880e-01 1.790282e-02 1.266752e-01 4.104018e-03 -3.039988e-01 2.851511e-02 1.209409e-01 9.732130e-04 -5.085726e-02 1.075359e-02 7.296267e-01 5.091671e-02
1.312555e-02 3.724603e-01 1.495722e-02 1.241606e-01 4.144667e-03 -3.697450e-01 3.615944e-02 9.068684e-02 2.996793e-03 -5.752047e-02 8.719111e-03 6.684896e-01 6.759644e-02
1.345369e-02 3.712843e-01 1.205920e-02 1.105547e-01 7.938989e-03 -3.754392e-01 1.380217e-02 8.410207e-02 6.439373e-03 -3.485429e-02 8.878811e-03 7.111824e-01 1.940876e-02
1.443811e-02 3.951906e-01 3.379613e-02 1.195462e-01 9.679707e-03 -4.101926e-01 4.440828e-02 8.965480e-02 4.416178e-03 -4.535750e-02 1.386355e-02 7.769419e-01 6.401357e-02
1.607880e-02 4.649116e-01 5.172270e-02 1.447406e-01 1.423219e-02 -4.491809e-01 5.920833e-02 1.012165e-01 5.189383e-03 -6.878114e-02 1.579058e-02 7.895052e-01 7.116890e-02
1.837577e-02 4.311168e-01 2.296054e-02 1.389970e-01 8.777840e-03 -3.958724e-01 3.009313e-02 1.000116e-01 4.257155e-03 -6.680342e-02 1.500753e-02 7.385957e-01 4.262470e-02
2.132902e-02 4.219905e-01 1.987119e-02 1.250074e-01 7.126357e-03 -3.972188e-01 2.540578e-02 1.031281e-01 5.579206e-03 -5.494223e-02 8.077316e-03 8.122975e-01 3.798062e-02
2.493855e-02 4.061722e-01 2.622627e-02 1.263274e-01 5.702074e-03 -3.433566e-01 4.249386e-02 1.195138e-01 2.812816e-03 -4.300445e-02 1.627286e-02 7.881720e-01 5.293943e-02
2.920435e-02 4.413265e-01 1.964591e-02 1.175835e-01 5.704266e-03 -3.163857e-01 2.838349e-02 1.219084e-01 2.204792e-03 -3.673728e-02 5.046359e-03 7.559582e-01 5.692347e-02
1.476625e-02 3.924250e-01 3.247043e-02 1.243355e-01 7.750757e-03 -3.990894e-01 3.904575e-02 8.870693e-02 3.386813e-03 -5.971028e-02 1.042445e-02 7.303277e-01 4.751636e-02
1.509438e-02 4.379793e-01 3.646161e-02 1.309163e-01 1.226778e-02 -4.668532e-01 4.497937e-02 9.193428e-02 5.085266e-03 -7.485715e-02 1.646090e-02 8.382427e-01 6.674234e-02
1.607880e-02 4.488669e-01 3.544230e-02 1.373680e-01 9.638846e-03 -4.380473e-01 5.304263e-02 9.722151e-02 4.941931e-03 -6.771064e-02 1.366606e-02 7.516353e-01 8.089041e-02
1.771949e-02 3.859735e-01 1.224028e-02 1.173406e-01 6.944987e-03 -3.764271e-01 2.219276e-02 9.516219e-02 1.908167e-03 -4.096615e-02 7.719908e-03 7.745506e-01 5.131962e-02
2.001647e-02 4.171370e-01 2.442530e-02 1.322249e-01 1.193486e-02 -3.694356e-01 2.803430e-02 1.022562e-01 4.638355e-03 -5.914060e-02 1.144487e-02 7.140503e-01 3.529260e-02
2.296972e-02 4.260447e-01 1.078694e-02 1.334439e-01 9.809811e-03 -3.724146e-01 2.037635e-02 1.212456e-01 6.026233e-03 -5.844855e-02 2.107375e-03 7.953860e-01 4.346010e-02
2.657924e-02 4.485048e-01 1.802476e-02 1.280737e-01 9.095399e-03 -3.735644e-01 1.304112e-02 1.241040e-01 6.905708e-03 -5.882048e-02 6.555889e-03 7.777952e-01 1.401608e-02
3.084505e-02 4.435867e-01 1.419501e-02 1.355112e-01 7.631597e-03 -3.500163e-01 1.939005e-02 1.494602e-01 8.209527e-03 -5.556649e-02 4.296000e-03 8.386733e-01 3.111847e-02
1.706322e-02 4.102287e-01 4.616859e-02 1.258535e-01 1.399903e-02 -3.948840e-01 6.127600e-02 9.427021e-02 5.577288e-03 -5.210562e-02 2.064695e-02 7.475250e-01 8.796545e-02
1.739136e-02 4.218760e-01 2.848235e-02 1.239084e-01 4.652824e-03 -4.257552e-01 4.751821e-02 9.291400e-02 3.587119e-03 -5.338046e-02 1.211661e-02 8.153283e-01 8.133437e-02
1.837577e-02 3.613471e-01 1.995708e-02 1.159069e-01 9.661339e-03 -3.351917e-01 3.132203e-02 8.928819e-02 6.170429e-03 -4.559283e-02 6.184304e-03 7.031959e-01 4.954266e-02
2.001647e-02 4.313337e-01 3.069535e-02 1.328476e-01 1.142720e-02 -4.048109e-01 3.642321e-02 1.033834e-01 6.993989e-03 -6.182875e-02 1.238492e-02 7.983346e-01 5.940209e-02
2.231344e-02 4.522094e-01 3.042113e-02 1.447105e-01 1.086557e-02 -4.426742e-01 3.595517e-02 1.212172e-01 6.225950e-03 -6.852690e-02 1.958301e-02 8.798102e-01 4.401536e-02
2.526669e-02 4.468941e-01 9.050694e-03 1.390474e-01 9.919666e-03 -3.742496e-01 2.507164e-02 1.188130e-01 1.908822e-03 -5.147420e-02 1.752106e-02 8.009235e-01 5.697479e-02
2.887621e-02 4.910140e-01 3.133405e-02 1.464274e-01 8.718021e-03 -4.081905e-01 3.240889e-02 1.396066e-01 8.361264e-03 -7.357561e-02 1.044198e-02 8.929178e-01 4.197949e-02
3.314202e-02 4.878653e-01 1.831207e-02 1.441779e-01 3.540497e-03 -3.360012e-01 1.972645e-02 1.544814e-01 4.986358e-03 -6.598405e-02 8.125112e-03 8.218927e-01 3.677258e-02
2.001647e-02 4.289277e-01 1.971330e-02 1.347521e-01 8.660254e-03 -4.143967e-01 1.881292e-02 1.067257e-01 4.932284e-03 -5.771144e-02 1.031288e-02 8.327184e-01 3.820934e-02
2.034460e-02 4.245493e-01 3.028491e-02 1.273842e-01 1.545308e-02 -4.117965e-01 2.671838e-02 1.010386e-01 8.397637e-03 -6.084371e-02 9.052813e-03 8.123361e-01 3.942994e-02
2.132902e-02 3.976363e-01 4.234328e-02 1.203921e-01 1.423185e-02 -3.884732e-01 3.421454e-02 1.024882e-01 4.177385e-03 -6.392028e-02 1.499381e-02 8.029020e-01 3.563084e-02
2.296972e-02 4.312976e-01 1.666053e-02 1.286357e-01 8.190451e-03 -4.034620e-01 2.481839e-02 1.081552e-01 6.026476e-03 -6.295490e-02 9.531372e-03 8.128084e-01 4.567904e-02
2.526669e-02 4.193302e-01 8.860499e-03 1.398025e-01 5.102407e-03 -3.698663e-01 2.753874e-02 1.199410e-01 2.749060e-03 -7.984722e-02 1.052281e-02 7.680546e-01 5.105788e-02
2.821994e-02 4.276425e-01 1.477465e-02 1.252466e-01 6.435875e-03 -3.613770e-01 2.621046e-02 1.290831e-01 5.986841e-03 -6.435006e-02 8.811664e-03 8.241603e-01 6.220844e-02
3.182946e-02 4.614813e-01 1.070275e-02 1.395334e-01 3.297943e-03 -3.465229e-01 1.707147e-02 1.458453e-01 5.266336e-03 -6.400655e-02 1.017105e-02 8.445575e-01 2.502107e-02
3.609527e-02 4.495663e-01 1.177599e-02 1.332955e-01 8.403808e-03 -2.858064e-01 1.808253e-02 1.675337e-01 4.990509e-03 -5.217883e-02 3.310332e-03 8.315675e-01 5.005893e-02
2.362599e-02 4.169102e-01 5.531403e-03 1.319004e-01 4.947506e-03 -3.408716e-01 1.490831e-02 1.142600e-01 5.182155e-03 -5.368980e-02 4.912848e-03 7.126406e-01 2.770574e-02
2.395413e-02 4.390092e-01 1.724771e-02 1.284158e-01 6.224921e-03 -4.025072e-01 3.014530e-02 1.123388e-01 3.783677e-03 -6.368844e-02 1.324542e-02 8.375594e-01 5.238478e-02
2.493855e-02 4.806130e-01 2.347679e-02 1.495248e-01 9.369489e-03 -3.834082e-01 2.328783e-02 1.220632e-01 5.280321e-03 -6.881428e-02 1.316878e-02 7.764457e-01 3.218536e-02
2.657924e-02 4.144217e-01 1.937931e-02 1.312479e-01 1.395084e-02 -3.351207e-01 1.599366e-02 1.179308e-01 8.022867e-03 -5.954443e-02 1.558765e-02 7.432790e-01 3.128236e-02
2.887621e-02 4.622451e-01 3.889624e-02 1.310476e-01 1.444097e-02 -3.589901e-01 3.653165e-02 1.271004e-01 6.993672e-03 -6.148881e-02 1.337462e-02 8.156062e-01 3.430479e-02
3.182946e-02 4.710644e-01 1.815535e-02 1.424458e-01 4.871155e-03 -3.514711e-01 1.711190e-02 1.537063e-01 7.672386e-03 -6.922990e-02 7.992792e-03 8.082485e-01 3.107747e-02
3.543899e-02 4.515701e-01 3.129156e-02 1.335309e-01 9.188636e-03 -2.983061e-01 2.303222e-02 1.748695e-01 9.303734e-03 -7.130357e-02 1.538329e-02 8.959072e-01 3.219007e-02
3.970479e-02 4.863515e-01 5.775737e-03 1.305897e-01 1.176492e-02 -2.801284e-01 1.190822e-02 2.001149e-01 5.074066e-03 -6.365804e-02 9.415526e-03 9.046179e-01 4.897405e-02
2.789180e-02 4.512150e-01 2.271177e-02 1.352373e-01 5.389536e-03 -3.602375e-01 3.452388e-02 1.269906e-01 5.497647e-03 -5.065190e-02 1.138574e-02 8.188558e-01 6.104320e-02
2.821994e-02 4.833284e-01 2.158102e-02 1.556263e-01 1.080903e-02 -3.706329e-01 1.652717e-02 1.427594e-01 6.285457e-03 -8.168525e-02 9.037864e-03 8.412923e-01 3.027041e-02
2.920435e-02 4.573591e-01 1.602578e-02 1.452590e-01 1.326624e-02 -3.607976e-01 1.345587e-02 1.429567e-01 5.695557e-03 -8.593998e-02 1.236594e-02 7.898316e-01 2.138565e-02
3.084505e-02 4.759687e-01 6.757305e-03 1.427342e-01 8.503981e-03 -3.976154e-01 6.853028e-03 1.548385e-01 5.312953e-03 -8.171785e-02 1.079329e-02 9.321340e-01 2.930791e-02
3.314202e-02 5.067143e-01 1.757901e-02 1.581584e-01 8.252096e-03 -3.606029e-01 1.505087e-02 1.662108e-01 1.355766e-03 -7.588457e-02 1.145956e-02 8.857657e-01 4.683766e-02
3.609527e-02 4.964960e-01 2.413222e-02 1.314448e-01 7.290557e-03 -3.107927e-01 2.915656e-02 1.703139e-01 6.127052e-03 -5.750285e-02 8.997188e-03 8.441855e-01 4.648538e-02
3.970479e-02 5.079101e-01 2.087365e-02 1.358584e-01 6.724173e-03 -2.885834e-01 2.017492e-02 2.016979e-01 6.501294e-03 -7.588964e-02 9.356274e-03 8.981537e-01 7.212657e-02
4.397060e-02 4.752355e-01 1.889001e-02 1.355287e-01 1.924970e-02 -2.154804e-01 1.582005e-02 2.423852e-01 1.582097e-02 -7.949555e-02 1.686109e-02 9.018601e-01 5.683890e-02
1.607880e-02 4.376976e-01 2.387060e-02 1.348230e-01 1.304353e-02 -4.474229e-01 2.939740e-02 1.040526e-01 7.304174e-03 -5.024518e-02 1.096546e-02 8.728368e-01 5.485800e-02
1.640694e-02 4.672752e-01 3.806534e-02 1.498744e-01 1.318697e-02 -4.724203e-01 4.295330e-02 1.029559e-01 5.676133e-03 -9.020598e-02 1.446346e-02 8.238895e-01 5.787317e-02
1.739136e-02 3.782551e-01 2.264122e-02 1.156567e-01 8.430220e-03 -3.582894e-01 3.196023e-02 9.420629e-02 6.258297e-03 -4.270981e-02 1.059573e-02 7.300755e-01 5.219050e-02
1.903205e-02 4.190230e-01 1.274471e-02 1.376962e-01 1.158497e-02 -3.925052e-01 1.372323e-02 1.069109e-01 3.955738e-03 -6.901720e-02 1.589157e-02 7.544802e-01 5.359031e-02
2.132902e-02 4.223671e-01 1.591004e-02 1.269758e-01 8.481130e-03 -3.963129e-01 2.025765e-02 1.041580e-01 3.588589e-03 -6.224026e-02 7.931119e-03 7.762036e-01 3.244610e-02
2.428227e-02 4.355810e-01 8.885678e-03 1.334114e-01 8.480835e-03 -3.705577e-01 1.134447e-02 1.191108e-01 5.372548e-03 -5.819101e-02 1.118321e-02 7.835562e-01 1.898926e-02
2.789180e-02 4.450497e-01 1.039262e-02 1.399753e-01 4.874242e-03 -3.471848e-01 2.002351e-02 1.357050e-01 5.092651e-03 -6.315018e-02 1.037156e-02 8.482171e-01 3.578457e-02
3.215760e-02 4.460018e-01 2.045631e-02 1.296347e-01 1.020282e-02 -3.213629e-01 3.359388e-02 1.494047e-01 7.855866e-03 -6.187564e-02 6.354376e-03 7.992935e-01 5.020073e-02
1.640694e-02 3.794990e-01 2.164852e-02 1.187263e-01 9.773965e-03 -3.735384e-01 2.928604e-02 9.643106e-02 6.323567e-03 -4.947118e-02 1.070558e-02 7.144461e-01 3.154500e-02
1.673508e-02 4.151370e-01 3.203493e-02 1.373663e-01 7.999983e-03 -3.900487e-01 4.103584e-02 1.042146e-01 2.822071e-03 -6.221837e-02 1.030422e-02 7.216427e-01 5.788793e-02
1.771949e-02 4.127758e-01 2.878938e-02 1.341240e-01 1.213956e-02 -3.868242e-01 2.937811e-02 9.815174e-02 4.600336e-03 -6.507447e-02 7.636605e-03 7.212297e-01 5.112821e-02
1.936019e-02 3.951772e-01 1.113482e-02 1.197832e-01 4.303075e-03 -3.745545e-01 1.422791e-02 1.010971e-01 3.805348e-03 -4.694138e-02 8.955266e-03 7.537211e-01 1.791056e-02
2.165716e-02 4.228994e-01 1.419430e-02 1.303427e-01 6.880517e-03 -3.883705e-01 2.259276e-02 1.100768e-01 1.501332e-03 -5.982444e-02 1.203239e-02 7.832237e-01 2.419143e-02
2.461041e-02 4.639216e-01 2.237446e-02 1.363857e-01 5.423398e-03 -3.879063e-01 2.832767e-02 1.174833e-01 2.393287e-03 -4.951300e-02 6.920697e-03 7.912153e-01 4.350568e-02
2.821994e-02 4.527783e-01 3.164418e-02 1.412835e-01 1.132568e-02 -3.581343e-01 2.102123e-02 1.395442e-01 3.255444e-03 -6.040305e-02 1.161562e-02 8.141353e-01 1.731032e-02
3.248574e-02 4.701093e-01 1.602080e-02 1.358863e-01 3.211917e-03 -3.217039e-01 1.930968e-02 1.503697e-01 3.166793e-03 -7.000380e-02 1.120931e-02 7.847786e-01 3.909703e-02
1.739136e-02 3.995825e-01 2.195002e-02 1.319723e-01 6.991674e-03 -3.956783e-01 3.166264e-02 1.030223e-01 5.354335e-03 -6.359952e-02 6.492391e-03 7.651966e-01 4.892853e-02
1.771949e-02 3.957541e-01 2.292068e-02 1.330308e-01 7.429349e-03 -3.727401e-01 3.368337e-02 1.033008e-01 5.341695e-03 -6.045958e-02 1.291145e-02 7.322072e-01 5.985398e-02
1.870391e-02 4.154437e-01 2.942639e-02 1.218751e-01 1.016286e-02 -4.070445e-01 4.941658e-02 9.511235e-02 6.221031e-03 -6.050940e-02 1.280645e-02 7.964053e-01 8.612846e-02
2.034460e-02 4.018209e-01 1.845804e-02 1.303261e-01 6.764555e-03 -3.387410e-01 1.369328e-02 1.071968e-01 4.019279e-03 -4.423229e-02 8.245140e-03 6.967093e-01 1.549230e-02
2.264158e-02 4.564367e-01 9.811887e-03 1.427145e-01 6.299591e-03 -4.046170e-01 7.085779e-03 1.154522e-01 7.320261e-03 -5.825962e-02 3.571840e-03 8.455802e-01 2.299107e-02
2.559483e-02 4.620835e-01 2.295003e-02 1.429054e-01 1.397621e-02 -3.883261e-01 1.424640e-02 1.293620e-01 9.289033e-03 -6.464325e-02 1.063087e-02 8.414857e-01 2.687912e-02
2.920435e-02 4.371589e-01 2.333876e-02 1.339587e-01 9.902886e-03 -3.224347e-01 1.879140e-02 1.306135e-01 6.015691e-03 -5.011840e-02 6.361369e-03 8.296256e-01 2.247490e-02
3.347016e-02 4.849694e-01 2.407777e-02 1.457485e-01 1.090836e-02 -3.188083e-01 1.601894e-02 1.629597e-01 7.253368e-03 -4.952820e-02 1.447960e-02 7.970355e-01 2.555567e-02
1.903205e-02 4.038302e-01 2.334370e-02 1.168557e-01 7.338062e-03 -3.666085e-01 3.552414e-02 9.514927e-02 5.228792e-03 -3.757194e-02 9.152602e-03 7.530083e-01 4.574662e-02
1.936019e-02 3.789085e-01 8.503159e-03 1.239788e-01 2.034204e-03 -3.201202e-01 2.284029e-02 1.017342e-01 3.091646e-03 -5.097667e-02 9.031467e-03 6.364995e-01 4.142891e-02
2.034460e-02 4.519885e-01 1.852435e-02 1.361776e-01 7.013826e-03 -4.103179e-01 1.717116e-02 1.022089e-01 3.328977e-03 -7.416336e-02 8.625677e-03 7.734429e-01 4.379274e-02
2.198530e-02 4.373685e-01 2.160446e-02 1.382315e-01 9.302720e-03 -3.948151e-01 2.272583e-02 1.135322e-01 6.485498e-03 -6.589550e-02 6.274747e-03 7.604045e-01 4.529553e-02
2.428227e-02 4.430720e-01 3.013529e-02 1.387156e-01 1.206151e-02 -3.850321e-01 3.829026e-02 1.231069e-01 4.379004e-03 -4.992859e-02 1.469191e-02 8.235198e-01 5.049736e-02
2.723552e-02 4.544017e-01 1.704621e-02 1.325755e-01 1.058060e-02 -3.978883e-01 1.757721e-02 1.253650e-01 6.676000e-03 -6.905804e-02 4.610823e-03 8.691181e-01 4.889286e-02
3.084505e-02 4.395931e-01 3.430131e-02 1.282633e-01 1.270902e-02 -3.355281e-01 3.804643e-02 1.473182e-01 8.002096e-03 -5.661299e-02 1.528971e-02 8.690071e-01 2.909999e-02
3.511085e-02 5.007656e-01 2.420237e-02 1.442455e-01 1.662385e-02 -3.487081e-01 2.886800e-02 1.613435e-01 1.029652e-02 -8.020016e-02 2.293966e-02 9.879412e-01 3.334871e-02
2.132902e-02 4.023401e-01 2.781034e-02 1.241584e-01 1.460192e-02 -3.656621e-01 2.361132e-02 1.054227e-01 7.789240e-03 -5.448579e-02 1.136196e-02 7.694542e-01 3.476039e-02
2.165716e-02 4.257080e-01 1.451123e-02 1.424432e-01 7.941413e-03 -3.561907e-01 1.075013e-02 1.110582e-01 3.430318e-03 -7.139376e-02 6.750015e-03 6.902602e-01 2.727661e-02
2.264158e-02 4.425501e-01 1.549360e-02 1.358531e-01 1.235895e-02 -3.832928e-01 1.700696e-02 1.123294e-01 7.229930e-03 -6.190977e-02 1.135830e-02 7.937397e-01 2.359380e-02
2.428227e-02 4.217912e-01 2.916756e-02 1.308356e-01 1.423525e-02 -3.568436e-01 3.883410e-02 1.143891e-01 9.788401e-03 -5.553710e-02 1.692774e-02 7.389431e-01 5.637464e-02
2.657924e-02 4.577865e-01 3.607235e-02 1.393937e-01 1.461719e-02 -3.995537e-01 3.178973e-02 1.250542e-01 7.160522e-03 -7.106681e-02 1.879695e-02 8.638529e-01 3.680289e-02
2.953249e-02 5.021365e-01 1.057282e-02 1.498726e-01 3.219188e-03 -3.810766e-01 1.381696e-02 1.442978e-01 3.608786e-03 -6.110489e-02 5.532467e-03 8.515483e-01 2.928316e-02
3.314202e-02 4.633753e-01 2.992922e-02 1.500411e-01 2.137038e-02 -3.211670e-01 2.477160e-02 1.581182e-01 7.587458e-03 -7.737832e-02 2.054881e-02 8.367959e-01 6.152434e-02
3.740782e-02 4.923734e-01 9.781380e-03 1.354356e-01 1.083002e-02 -2.885537e-01 1.683688e-02 1.727695e-01 5.225441e-03 -7.995764e-02 1.277745e-02 9.122507e-01 4.173907e-02
2.428227e-02 4.289385e-01 2.385633e-02 1.339027e-01 1.023827e-02 -3.435164e-01 3.279104e-02 1.154096e-01 4.816248e-03 -4.830406e-02 1.207037e-02 7.570197e-01 4.883360e-02
2.461041e-02 4.252158e-01 2.745283e-02 1.380281e-01 1.095720e-02 -3.560283e-01 3.506881e-02 1.199394e-01 8.734760e-03 -6.657013e-02 1.550776e-02 7.885200e-01 4.647193e-02
2.559483e-02 5.007070e-01 3.076657e-02 1.532509e-01 1.550042e-02 -4.464689e-01 4.799570e-02 1.207868e-01 8.170953e-03 -9.322061e-02 1.612509e-02 8.458202e-01 6.710459e-02
2.723552e-02 4.424783e-01 3.468293e-02 1.394195e-01 1.335949e-02 -3.658665e-01 5.380731e-02 1.337862e-01 7.126794e-03 -5.469884e-02 2.480615e-02 8.166106e-01 5.932556e-02
2.953249e-02 4.669739e-01 1.409842e-02 1.405882e-01 7.635885e-03 -3.687485e-01 7.872896e-03 1.414881e-01 5.658744e-03 -8.161083e-02 4.663290e-03 8.095355e-01 3.182155e-02
3.248574e-02 4.684645e-01 3.966892e-02 1.313599e-01 8.393395e-03 -3.448550e-01 2.475167e-02 1.479549e-01 7.908504e-03 -6.014818e-02 4.573040e-03 8.432120e-01 2.851268e-02
3.609527e-02 4.684649e-01 2.478668e-02 1.347831e-01 7.240198e-03 -3.287594e-01 5.196430e-02 1.678771e-01 4.031185e-03 -7.476357e-02 1.251828e-02 9.008392e-01 6.589075e-02
4.036107e-02 4.807364e-01 2.617895e-02 1.199176e-01 8.449662e-03 -2.532508e-01 2.754753e-02 1.898679e-01 3.328034e-03 -7.275759e-02 8.702626e-03 8.728353e-01 3.824832e-02
2.789180e-02 4.390366e-01 3.126674e-02 1.362944e-01 1.356482e-02 -3.560828e-01 3.312084e-02 1.306615e-01 5.642236e-03 -7.252609e-02 1.566762e-02 8.130027e-01 4.605206e-02
2.821994e-02 4.627027e-01 1.297815e-02 1.292015e-01 4.916887e-03 -3.845874e-01 2.688359e-02 1.275887e-01 4.356465e-03 -5.735864e-02 7.123015e-03 8.849939e-01 6.904295e-02
2.920435e-02 4.590575e-01 1.460792e-02 1.350513e-01 7.971746e-03 -3.449921e-01 2.141126e-02 1.301132e-01 6.627128e-03 -6.986700e-02 1.126673e-02 7.519717e-01 2.730205e-02
3.084505e-02 4.688785e-01 1.767545e-02 1.383437e-01 1.108462e-02 -3.516234e-01 1.438945e-02 1.446104e-01 5.007656e-03 -5.696828e-02 1.442729e-02 8.724725e-01 1.934070e-02
3.314202e-02 4.498176e-01 2.345346e-02 1.240697e-01 1.060876e-02 -3.033766e-01 2.534456e-02 1.548136e-01 9.241963e-03 -4.876773e-02 5.439161e-03 7.716824e-01 3.970469e-02
3.609527e-02 4.598392e-01 1.931913e-02 1.367683e-01 9.986676e-03 -2.879988e-01 2.342116e-02 1.779455e-01 9.343535e-03 -7.214553e-02 1.225531e-02 8.103353e-01 2.429284e-02
3.970479e-02 4.717480e-01 1.927671e-02 1.347415e-01 6.569078e-03 -2.666341e-01 2.422100e-02 1.898654e-01 7.368422e-03 -7.977623e-02 7.218600e-03 8.948823e-01 5.073262e-02
4.397060e-02 5.370029e-01 2.347288e-02 1.534505e-01 3.451801e-03 -2.949330e-01 1.370719e-02 2.501985e-01 7.876030e-03 -1.233453e-01 2.596488e-02 9.837597e-01 3.536332e-02
3.215760e-02 4.541316e-01 2.737138e-02 1.480913e-01 1.494180e-02 -3.175746e-01 3.149797e-02 1.573197e-01 7.288185e-03 -6.363026e-02 9.974209e-03 7.845879e-01 3.333359e-02
3.248574e-02 4.678128e-01 2.260954e-02 1.445533e-01 1.117148e-02 -3.482300e-01 4.114366e-02 1.593663e-01 9.667772e-03 -6.698676e-02 2.060538e-02 8.694918e-01 5.842017e-02
3.347016e-02 4.698195e-01 1.171560e-02 1.382561e-01 5.507332e-03 -3.355387e-01 1.991311e-02 1.519943e-01 6.636260e-03 -6.779938e-02 5.136159e-03 8.803073e-01 5.028607e-02
3.511085e-02 4.982949e-01 9.541423e-03 1.429283e-01 6.845665e-03 -3.242086e-01 1.567476e-02 1.678235e-01 6.644809e-03 -7.834786e-02 1.316690e-02 8.310939e-01 4.885326e-02
3.740782e-02 4.815355e-01 2.627875e-02 1.284595e-01 9.120117e-03 -3.103699e-01 2.984700e-02 1.827989e-01 6.459229e-03 -5.196916e-02 9.212909e-03 9.430765e-01 4.436783e-02
4.036107e-02 5.003232e-01 2.012546e-02 1.320180e-01 1.302686e-02 -2.824871e-01 1.839146e-02 1.983986e-01 1.243347e-02 -6.916260e-02 1.842554e-02 8.860911e-01 6.145872e-02
4.397060e-02 4.923201e-01 2.669053e-02 1.303446e-01 1.861681e-02 -2.579765e-01 2.266724e-02 2.395086e-01 1.473749e-02 -1.068746e-01 2.284737e-02 9.675734e-01 1.267990e-02
4.823640e-02 5.638407e-01 9.438205e-03 1.274252e-01 1.843995e-02 -2.138387e-01 2.089419e-02 2.855552e-01 1.325262e-02 -1.292043e-01 1.471517e-02 8.865122e-01 3.337725e-02
