# k^2  LiLi LiLi_error  LiCl LiCl_error  LiNa LiNa_error  ClCl ClCl_error  ClNa ClNa_error  NaNa NaNa_error
0.000000e+00 2.560000e+03 0.000000e+00 2.862167e+03 0.000000e+00 1.280000e+03 0.000000e+00 3.200000e+03 0.000000e+00 1.431084e+03 0.000000e+00 6.400000e+02 0.000000e+00
3.281006e-04 2.524604e-01 6.629602e-02 1.257051e-01 2.856077e-02 -2.205866e-01 8.425370e-02 9.622707e-02 1.955749e-02 -3.413643e-02 1.448850e-02 3.674454e-01 1.501224e-01
1.312402e-03 2.620468e-01 6.195431e-02 9.983144e-02 1.726089e-02 -2.918458e-01 9.837225e-02 7.906512e-02 9.551450e-03 -2.278808e-02 2.389170e-02 5.349261e-01 1.513741e-01
2.952905e-03 2.687489e-01 3.026983e-02 9.683584e-02 1.217001e-02 -2.985182e-01 5.184694e-02 6.725592e-02 3.829261e-03 -3.441081e-02 1.700054e-02 5.387352e-01 9.254947e-02
5.249609e-03 3.673252e-01 4.502565e-02 1.156341e-01 1.356968e-02 -4.509514e-01 8.572128e-02 8.011901e-02 1.977429e-03 -5.075019e-02 2.799839e-02 8.341130e-01 1.790138e-01
8.202514e-03 5.011009e-01 8.829559e-02 1.428772e-01 2.367973e-02 -6.131934e-01 1.340613e-01 8.749559e-02 5.921169e-03 -9.507171e-02 3.678729e-02 1.037885e+00 2.070110e-01
1.181162e-02 3.360155e-01 4.763328e-02 1.029203e-01 1.813416e-02 -3.323530e-01 4.271495e-02 7.874608e-02 7.479888e-03 -2.008935e-02 1.729766e-02 6.494306e-01 5.791386e-02
1.607693e-02 3.878764e-01 3.721243e-02 1.128172e-01 1.184320e-02 -3.321644e-01 3.359700e-02 8.256316e-02 4.634079e-03 -3.418788e-02 1.477331e-02 6.453557e-01 5.200526e-02
3.281006e-04 2.250179e-01 5.332376e-02 8.427420e-02 1.462348e-02 -2.569289e-01 8.276122e-02 7.966412e-02 7.527376e-03 1.067090e-02 2.130117e-02 5.361534e-01 1.237093e-01
6.562011e-04 4.776010e-01 8.910556e-02 1.532073e-01 2.803794e-02 -5.996354e-01 1.555769e-01 9.792847e-02 1.570773e-02 -8.736187e-02 2.754025e-02 9.872689e-01 2.850706e-01
1.640503e-03 4.521889e-01 1.372221e-01 1.403130e-01 2.768075e-02 -5.752231e-01 2.176343e-01 8.730090e-02 1.172269e-02 -8.123743e-02 3.531416e-02 9.742887e-01 3.609014e-01
3.281006e-03 3.503683e-01 4.980642e-02 9.514912e-02 1.393306e-02 -4.517533e-01 8.130027e-02 5.827152e-02 6.420123e-03 -5.375833e-02 2.090494e-02 7.885434e-01 1.283631e-01
5.577710e-03 2.781878e-01 4.894491e-02 1.091512e-01 1.594978e-02 -2.718615e-01 6.644808e-02 8.052018e-02 7.443782e-03 -3.777039e-02 2.246740e-02 4.821102e-01 8.896708e-02
8.530615e-03 3.795967e-01 6.311166e-02 1.369699e-01 2.461630e-02 -3.829994e-01 7.852503e-02 9.233421e-02 1.139223e-02 -6.132434e-02 3.449336e-02 6.689579e-01 7.951173e-02
1.213972e-02 3.314287e-01 6.392656e-02 1.206082e-01 2.039214e-02 -3.258037e-01 5.987556e-02 8.775599e-02 9.401200e-03 -5.440150e-02 1.897772e-02 6.225455e-01 7.321620e-02
1.640503e-02 4.679581e-01 4.328944e-02 1.565604e-01 1.774519e-02 -5.127207e-01 5.522258e-02 1.027067e-01 1.356612e-02 -1.177841e-01 2.080941e-02 8.635874e-01 8.814284e-02
1.312402e-03 3.868650e-01 4.683141e-02 1.149120e-01 1.823583e-02 -5.119173e-01 6.545077e-02 6.964597e-02 1.030709e-02 -7.309877e-02 1.709433e-02 8.748278e-01 1.401780e-01
1.640503e-03 3.506818e-01 8.076392e-02 9.733760e-02 1.449226e-02 -4.739215e-01 1.585305e-01 7.834022e-02 7.719705e-03 -2.345660e-02 2.359483e-02 8.886106e-01 2.881309e-01
2.624805e-03 2.910426e-01 6.638725e-02 9.770781e-02 1.705541e-02 -3.444023e-01 8.802815e-02 6.521585e-02 4.774530e-03 -4.945534e-02 2.340672e-02 5.857962e-01 1.312426e-01
4.265307e-03 3.609686e-01 7.240385e-02 1.252656e-01 2.109712e-02 -4.274213e-01 1.097203e-01 8.216345e-02 7.489592e-03 -7.195798e-02 3.553108e-02 7.248427e-01 1.519690e-01
6.562011e-03 2.556445e-01 2.889128e-02 8.250279e-02 8.140719e-03 -2.994783e-01 4.846518e-02 7.030918e-02 3.626070e-03 -1.229467e-02 1.608193e-02 6.009696e-01 7.430174e-02
9.514916e-03 3.111097e-01 3.195423e-02 1.089241e-01 1.459173e-02 -3.198546e-01 4.039819e-02 8.433229e-02 6.894488e-03 -2.577008e-02 2.380994e-02 6.393174e-01 5.876807e-02
1.312402e-02 3.365525e-01 2.827293e-02 9.605143e-02 1.316025e-02 -3.349553e-01 3.795608e-02 7.644574e-02 7.058345e-03 -2.780471e-02 1.205177e-02 6.394783e-01 5.743142e-02
1.738933e-02 4.585689e-01 7.592241e-02 1.312654e-01 1.752759e-02 -4.964934e-01 1.143882e-01 1.033675e-01 9.886950e-03 -7.574557e-02 3.194111e-02 8.937730e-01 1.335266e-01
2.952905e-03 2.556851e-01 4.559544e-02 1.049734e-01 1.319057e-02 -2.596928e-01 6.803075e-02 7.867075e-02 6.416675e-03 -3.128362e-02 1.560904e-02 4.671242e-01 1.121893e-01
3.281006e-03 3.681922e-01 9.770515e-02 1.153105e-01 1.951636e-02 -4.619210e-01 1.494740e-01 7.185322e-02 6.547983e-03 -7.498624e-02 3.039663e-02 7.634936e-01 2.250110e-01
4.265307e-03 3.429983e-01 6.381250e-02 1.080834e-01 2.196280e-02 -4.050833e-01 7.306642e-02 7.341252e-02 1.042754e-02 -4.817213e-02 2.323362e-02 7.083423e-01 9.224408e-02
5.905810e-03 3.086320e-01 4.235243e-02 9.080603e-02 5.450798e-03 -3.478858e-01 8.383381e-02 6.934200e-02 6.050329e-03 -1.965219e-02 1.892407e-02 6.465006e-01 1.487685e-01
8.202514e-03 3.339922e-01 3.875236e-02 9.739793e-02 1.220617e-02 -3.887474e-01 6.041747e-02 6.573369e-02 6.271801e-03 -4.633175e-02 1.267472e-02 6.905125e-01 1.113043e-01
1.115542e-02 4.659069e-01 4.539539e-02 1.526678e-01 1.197534e-02 -5.017391e-01 6.635767e-02 9.821322e-02 6.288037e-03 -9.728961e-02 1.528447e-02 8.113636e-01 9.542814e-02
1.476453e-02 4.171596e-01 3.946167e-02 1.341258e-01 1.537311e-02 -3.802596e-01 5.669913e-02 9.830110e-02 1.095491e-02 -4.234901e-02 1.574917e-02 7.012698e-01 9.143066e-02
1.902983e-02 3.626967e-01 3.876741e-02 1.097282e-01 9.261488e-03 -3.219052e-01 6.365370e-02 9.735038e-02 5.408619e-03 -3.852302e-02 1.706903e-02 7.039053e-01 9.699695e-02
5.249609e-03 4.775904e-01 1.109978e-01 1.327613e-01 2.152497e-02 -6.148249e-01 1.711234e-01 7.791081e-02 5.624284e-03 -9.227509e-02 3.473342e-02 1.030235e+00 2.632401e-01
5.577710e-03 3.987842e-01 9.690672e-02 1.419349e-01 2.816832e-02 -4.445788e-01 1.281653e-01 8.711342e-02 1.194984e-02 -9.018301e-02 3.263668e-02 6.977367e-01 1.741702e-01
6.562011e-03 4.382885e-01 3.941799e-02 1.532261e-01 1.151220e-02 -4.646101e-01 5.151966e-02 1.013280e-01 8.095216e-03 -7.298604e-02 1.846520e-02 7.494285e-01 7.644386e-02
8.202514e-03 2.711848e-01 1.064717e-02 1.021320e-01 8.761256e-03 -2.663510e-01 3.253060e-02 7.956505e-02 6.191216e-03 -2.900074e-02 1.066804e-02 5.124969e-01 6.825426e-02
1.049922e-02 4.408312e-01 5.779516e-02 1.589641e-01 2.494303e-02 -4.903525e-01 8.608236e-02 1.067113e-01 1.346469e-02 -8.147673e-02 2.920263e-02 9.035843e-01 1.461744e-01
1.345212e-02 3.275047e-01 7.274205e-02 1.147419e-01 2.873674e-02 -3.053840e-01 9.719450e-02 8.719152e-02 1.036057e-02 -4.811202e-02 4.311383e-02 5.571068e-01 1.052514e-01
1.706123e-02 4.463378e-01 4.481560e-02 1.264262e-01 1.737330e-02 -4.439418e-01 7.025846e-02 9.104691e-02 6.606450e-03 -6.084737e-02 1.941885e-02 8.281390e-01 1.141686e-01
2.132654e-02 3.640092e-01 3.300751e-02 1.201778e-01 1.316522e-02 -3.018524e-01 3.235368e-02 1.021951e-01 3.161607e-03 -4.524436e-02 1.805570e-02 6.322866e-01 3.845329e-02
8.202514e-03 3.993695e-01 7.159811e-02 1.268406e-01 1.967401e-02 -4.184577e-01 9.390540e-02 8.144539e-02 5.223618e-03 -6.148807e-02 2.667071e-02 6.903898e-01 1.196300e-01
8.530615e-03 4.025885e-01 6.193296e-02 1.097846e-01 1.967127e-02 -4.755743e-01 8.197254e-02 7.299673e-02 1.126434e-02 -5.564885e-02 2.258531e-02 8.373341e-01 1.139833e-01
9.514916e-03 3.549938e-01 6.835156e-02 1.166771e-01 1.910891e-02 -3.138337e-01 9.162001e-02 7.872202e-02 7.911356e-03 -3.239427e-02 2.321681e-02 5.865423e-01 1.153059e-01
1.115542e-02 4.089541e-01 4.394370e-02 1.242283e-01 1.142128e-02 -4.487139e-01 7.362863e-02 9.145434e-02 5.029623e-03 -5.761328e-02 1.901888e-02 7.882715e-01 1.103910e-01
1.345212e-02 3.648238e-01 3.518344e-02 1.238149e-01 1.348447e-02 -3.534122e-01 5.305259e-02 8.771610e-02 1.054100e-02 -4.873808e-02 3.182229e-02 6.891994e-01 4.438290e-02
1.640503e-02 3.491228e-01 2.567483e-02 1.203418e-01 1.186313e-02 -3.078449e-01 6.720625e-02 8.944199e-02 9.818752e-03 -4.862511e-02 2.079279e-02 6.373709e-01 1.331078e-01
2.001413e-02 3.682064e-01 1.794906e-02 1.163529e-01 5.622866e-03 -3.021405e-01 5.198438e-02 1.023955e-01 6.321052e-03 -3.013730e-02 6.622792e-03 6.569518e-01 1.062838e-01
2.427944e-02 4.878692e-01 7.792388e-02 1.646269e-01 4.105720e-02 -3.642550e-01 5.946959e-02 1.276574e-01 2.479788e-02 -6.603143e-02 2.498652e-02 7.875435e-01 1.857702e-01
1.181162e-02 3.331172e-01 4.936800e-02 1.174320e-01 1.299385e-02 -3.012565e-01 6.298647e-02 9.127099e-02 5.399572e-03 -4.552676e-02 1.909255e-02 5.211914e-01 7.453786e-02
1.213972e-02 4.305466e-01 2.757795e-02 1.232715e-01 1.743203e-02 -5.032565e-01 3.789868e-02 9.135443e-02 1.150530e-02 -4.870218e-02 1.843621e-02 9.609136e-01 8.025834e-02
1.312402e-02 3.788157e-01 1.004957e-02 1.330329e-01 6.921373e-03 -3.151728e-01 2.379723e-02 9.381830e-02 2.862162e-03 -4.381588e-02 8.872742e-03 5.689716e-01 4.502249e-02
1.476453e-02 3.783989e-01 3.415414e-02 1.436469e-01 8.353280e-03 -3.365774e-01 5.634114e-02 1.069338e-01 7.454322e-03 -7.446367e-02 1.875287e-02 5.508960e-01 8.318675e-02
1.706123e-02 4.642738e-01 7.511971e-02 1.545917e-01 1.781756e-02 -4.476735e-01 1.040037e-01 1.166806e-01 5.481909e-03 -8.036490e-02 3.087774e-02 7.786792e-01 1.286233e-01
2.001413e-02 4.026580e-01 4.002750e-02 1.172858e-01 1.845456e-02 -3.966706e-01 4.966347e-02 9.807705e-02 1.333551e-02 -4.528847e-02 1.546949e-02 8.417715e-01 9.809729e-02
2.362324e-02 3.536461e-01 6.376999e-02 9.108681e-02 1.631566e-02 -3.053473e-01 6.540951e-02 1.210945e-01 6.773466e-03 2.406614e-03 1.021641e-02 7.030815e-01 1.011182e-01
2.788855e-02 4.882400e-01 5.370263e-02 1.724436e-01 2.641974e-02 -4.201672e-01 6.765514e-02 1.445402e-01 1.177902e-02 -9.941280e-02 2.349453e-02 9.347466e-01 1.567360e-01
1.607693e-02 4.390002e-01 7.256566e-02 1.437770e-01 3.071353e-02 -4.303489e-01 7.197036e-02 1.061231e-01 1.348068e-02 -7.773998e-02 3.011726e-02 7.578474e-01 1.068624e-01
1.640503e-02 5.608142e-01 5.189871e-02 1.757381e-01 2.448849e-02 -5.466407e-01 8.021634e-02 1.058872e-01 1.658940e-02 -1.026578e-01 1.952693e-02 8.967022e-01 1.407664e-01
1.738933e-02 4.354461e-01 7.228404e-02 1.489794e-01 3.137584e-02 -3.833332e-01 9.444236e-02 1.131490e-01 1.736804e-02 -4.662869e-02 2.281890e-02 7.199915e-01 1.352669e-01
1.902983e-02 4.135072e-01 8.045760e-03 1.324676e-01 1.332580e-02 -3.579051e-01 3.984793e-02 1.090094e-01 1.146865e-02 -5.674560e-02 1.041939e-02 6.734960e-01 6.612702e-02
2.132654e-02 4.196664e-01 4.419634e-02 1.067479e-01 2.206504e-02 -4.318914e-01 5.061236e-02 9.851727e-02 7.599361e-03 -4.318885e-02 2.008791e-02 9.034643e-01 8.778120e-02
2.427944e-02 4.962107e-01 4.787646e-02 1.675286e-01 2.433539e-02 -4.102288e-01 3.812568e-02 1.347834e-01 1.377139e-02 -7.757325e-02 2.428213e-02 8.251819e-01 1.165655e-01
2.788855e-02 4.348911e-01 2.058843e-02 1.269802e-01 6.449096e-03 -4.071287e-01 5.430550e-02 1.127231e-01 1.093276e-02 -4.815206e-02 2.766885e-02 1.030271e+00 1.101067e-01
3.215386e-02 4.559223e-01 4.199129e-02 1.015688e-01 1.387612e-02 -3.156399e-01 5.545547e-02 1.196462e-01 5.283679e-03 -5.674822e-02 2.504150e-02 8.198799e-01 8.007106e-02
3.281006e-04 1.625848e-01 3.580306e-02 8.017537e-02 1.098768e-02 -1.452245e-01 6.038809e-02 8.060854e-02 6.016577e-03 2.025274e-02 1.114251e-02 3.409821e-01 1.206987e-01
6.562011e-04 5.607007e-01 2.739440e-01 1.613916e-01 7.106351e-02 -7.503337e-01 3.874631e-01 9.053970e-02 1.789694e-02 -1.177602e-01 1.034431e-01 1.233786e+00 5.394391e-01
1.640503e-03 5.671442e-01 7.741927e-02 1.873566e-01 2.004394e-02 -6.873718e-01 1.598429e-01 1.090896e-01 1.126842e-02 -1.242114e-01 2.660888e-02 1.080089e+00 2.931959e-01
3.281006e-03 5.097634e-01 2.123592e-01 1.390868e-01 4.242756e-02 -6.879412e-01 3.322775e-01 7.630036e-02 9.951418e-03 -1.104447e-01 6.878040e-02 1.133685e+00 5.154056e-01
5.577710e-03 4.987589e-01 1.042605e-01 1.379391e-01 2.787221e-02 -6.438087e-01 1.481793e-01 7.793796e-02 9.328186e-03 -9.635852e-02 4.185560e-02 1.095501e+00 2.142982e-01
8.530615e-03 3.662276e-01 7.337812e-02 1.186745e-01 2.202076e-02 -4.002388e-01 1.038262e-01 8.386646e-02 9.937413e-03 -5.148779e-02 2.908908e-02 7.116069e-01 1.360789e-01
1.213972e-02 3.323672e-01 2.701972e-02 1.123561e-01 1.185789e-02 -3.502166e-01 5.596124e-02 8.497566e-02 6.684170e-03 -4.844838e-02 2.014816e-02 6.658372e-01 9.990641e-02
1.640503e-02 3.334175e-01 2.342434e-02 9.576190e-02 9.008385e-03 -3.048744e-01 3.434599e-02 8.977892e-02 6.920224e-03 -5.068384e-03 1.136592e-02 7.166352e-01 3.708744e-02
6.562011e-04 4.837636e-01 6.314253e-02 1.571462e-01 2.077536e-02 -6.130179e-01 1.074873e-01 8.730184e-02 1.275531e-02 -1.178571e-01 2.378608e-02 9.690460e-01 1.811976e-01
9.843017e-04 4.051766e-01 8.846359e-02 1.115374e-01 2.207672e-02 -5.516399e-01 1.393494e-01 7.018286e-02 7.456580e-03 -6.341930e-02 3.077310e-02 9.648416e-01 2.256615e-01
1.968603e-03 3.894811e-01 5.026953e-02 1.268904e-01 1.170732e-02 -4.832613e-01 7.584630e-02 8.091954e-02 6.581874e-03 -7.274456e-02 1.386819e-02 8.086717e-01 1.288515e-01
3.609106e-03 3.036238e-01 4.031743e-02 1.083287e-01 1.002566e-02 -3.435841e-01 7.676179e-02 7.478887e-02 7.908826e-03 -4.695779e-02 1.443029e-02 6.006272e-01 1.252052e-01
5.905810e-03 3.934193e-01 4.847988e-02 1.190917e-01 2.264263e-02 -4.714953e-01 5.408500e-02 8.267225e-02 1.178054e-02 -4.884021e-02 2.516944e-02 8.498742e-01 7.913914e-02
8.858715e-03 3.668056e-01 2.942806e-02 1.120885e-01 5.751289e-03 -4.200838e-01 4.950630e-02 7.698847e-02 5.572942e-03 -5.978292e-02 5.964120e-03 7.443618e-01 9.632927e-02
1.246782e-02 3.152106e-01 2.662870e-02 9.250556e-02 1.084058e-02 -3.502522e-01 4.866673e-02 8.242460e-02 9.290262e-03 -3.006727e-02 1.132373e-02 7.133798e-01 9.346934e-02
1.673313e-02 3.955412e-01 2.845060e-02 1.470802e-01 1.331797e-02 -3.003472e-01 3.166206e-02 1.135517e-01 6.419523e-03 -4.930070e-02 1.135277e-02 5.663479e-01 7.566737e-02
1.640503e-03 3.279904e-01 1.248925e-01 1.074331e-01 2.806264e-02 -3.974080e-01 1.844871e-01 6.682155e-02 7.326514e-03 -5.830052e-02 4.045542e-02 6.707889e-01 2.786559e-01
1.968603e-03 5.394572e-01 3.566577e-02 1.784696e-01 1.105254e-02 -6.772243e-01 6.141691e-02 9.619413e-02 6.709961e-03 -1.474578e-01 1.519298e-02 1.038665e+00 9.248376e-02
2.952905e-03 2.643341e-01 2.879911e-02 1.064664e-01 1.130392e-02 -2.746181e-01 4.870335e-02 9.022838e-02 2.989034e-03 -4.248473e-03 1.608098e-02 5.715610e-01 1.063685e-01
4.593408e-03 3.764882e-01 6.577895e-02 1.204388e-01 2.045335e-02 -4.489325e-01 9.516903e-02 8.392796e-02 2.797378e-03 -5.675352e-02 4.400768e-02 7.757152e-01 1.312906e-01
6.890112e-03 3.371774e-01 4.682194e-02 1.120489e-01 1.632856e-02 -3.540350e-01 5.729628e-02 8.235773e-02 9.871055e-03 -2.924744e-02 1.876316e-02 6.319760e-01 1.081423e-01
9.843017e-03 3.231559e-01 6.638563e-02 9.440286e-02 2.168716e-02 -3.657787e-01 7.823573e-02 7.192551e-02 9.879355e-03 -4.261873e-02 2.275375e-02 6.750325e-01 1.056266e-01
1.345212e-02 3.958570e-01 5.188500e-02 1.225951e-01 1.538397e-02 -4.065008e-01 9.274752e-02 8.947798e-02 9.082506e-03 -4.309285e-02 2.516827e-02 8.168431e-01 1.808866e-01
1.771743e-02 3.727757e-01 3.048345e-02 1.017295e-01 8.441641e-03 -3.544779e-01 5.373669e-02 8.028080e-02 6.287883e-03 -3.361131e-02 9.214170e-03 6.968713e-01 9.625797e-02
3.281006e-03 4.381240e-01 1.034558e-01 1.232084e-01 1.967298e-02 -5.692431e-01 1.617313e-01 7.407524e-02 3.864312e-03 -7.813809e-02 3.410029e-02 9.601662e-01 2.407360e-01
3.609106e-03 3.210642e-01 4.451128e-02 1.132985e-01 1.281252e-02 -3.481987e-01 5.974587e-02 7.956098e-02 6.298245e-03 -4.242837e-02 1.866331e-02 5.920622e-01 8.123193e-02
4.593408e-03 3.438671e-01 4.085337e-02 1.093358e-01 1.480188e-02 -4.108553e-01 6.875415e-02 7.632349e-02 7.115776e-03 -3.908100e-02 1.728219e-02 7.599782e-01 1.213120e-01
6.233911e-03 3.183181e-01 8.136456e-02 1.113664e-01 3.039135e-02 -3.440989e-01 9.656742e-02 7.406557e-02 9.349661e-03 -5.932249e-02 3.986041e-02 5.810598e-01 1.088478e-01
8.530615e-03 4.131932e-01 3.760230e-02 1.372575e-01 2.138682e-02 -4.410158e-01 3.597628e-02 8.646235e-02 1.390385e-02 -8.060067e-02 1.808037e-02 7.173090e-01 4.229704e-02
1.148352e-02 4.119062e-01 5.555554e-02 1.182333e-01 2.151824e-02 -4.664968e-01 7.498457e-02 8.467580e-02 9.753103e-03 -5.219958e-02 2.340062e-02 9.008121e-01 1.443670e-01
1.509263e-02 4.111449e-01 4.846969e-02 1.426774e-01 1.556869e-02 -4.338639e-01 6.323724e-02 9.963875e-02 1.058841e-02 -8.829927e-02 2.260566e-02 7.542083e-01 8.296371e-02
1.935793e-02 3.930997e-01 2.499229e-02 1.305615e-01 1.269612e-02 -3.513188e-01 4.575845e-02 1.131027e-01 4.931657e-03 -4.964623e-02 1.817616e-02 7.365064e-01 7.464198e-02
5.577710e-03 3.368563e-01 5.759137e-02 9.749302e-02 2.029380e-02 -3.984849e-01 8.392465e-02 7.036359e-02 8.949124e-03 -3.684877e-02 2.403052e-02 7.140642e-01 1.278113e-01
5.905810e-03 4.125187e-01 6.216604e-02 1.264515e-01 2.239084e-02 -4.854471e-01 8.576716e-02 8.080921e-02 8.730944e-03 -7.189237e-02 2.907727e-02 8.240897e-01 1.194557e-01
6.890112e-03 3.673740e-01 3.709529e-02 1.246901e-01 1.293050e-02 -3.952429e-01 6.227260e-02 8.723918e-02 5.559600e-03 -4.960542e-02 2.505242e-02 7.045423e-01 9.223909e-02
8.530615e-03 3.296999e-01 3.266045e-02 1.122501e-01 1.821298e-02 -3.445965e-01 1.373389e-02 8.232371e-02 9.113595e-03 -4.333272e-02 1.258371e-02 6.080562e-01 5.113771e-02
1.082732e-02 4.584092e-01 8.530252e-02 1.396532e-01 2.620279e-02 -5.049961e-01 1.013217e-01 9.351173e-02 1.005204e-02 -7.159933e-02 3.135350e-02 8.663142e-01 1.166902e-01
1.378022e-02 4.713128e-01 8.745437e-02 1.533159e-01 2.356119e-02 -4.776161e-01 1.007026e-01 1.037011e-01 1.054731e-02 -9.295934e-02 2.383182e-02 7.804023e-01 1.214773e-01
1.738933e-02 3.908110e-01 3.179037e-02 1.194876e-01 1.137194e-02 -4.089621e-01 6.996591e-02 1.041016e-01 7.322764e-03 -4.231956e-02 2.610778e-02 8.277536e-01 1.299018e-01
2.165464e-02 5.093938e-01 4.868751e-02 1.619713e-01 1.788425e-02 -4.632939e-01 4.136486e-02 1.075644e-01 1.312421e-02 -1.123116e-01 3.229535e-03 7.926658e-01 5.200339e-02
8.530615e-03 3.457844e-01 5.091336e-02 1.123209e-01 2.269214e-02 -3.450865e-01 6.098454e-02 7.995201e-02 8.347924e-03 -3.140564e-02 2.774367e-02 6.568477e-01 7.966435e-02
8.858715e-03 4.179510e-01 7.443463e-02 1.233809e-01 2.226012e-02 -4.847051e-01 9.961108e-02 8.246693e-02 1.028657e-02 -6.736446e-02 2.538961e-02 8.411244e-01 1.375393e-01
9.843017e-03 3.379005e-01 4.001995e-02 1.191029e-01 1.038798e-02 -3.531566e-01 6.609394e-02 8.985528e-02 4.824045e-03 -4.678843e-02 1.450777e-02 6.371068e-01 1.255430e-01
1.148352e-02 3.487794e-01 4.066950e-02 1.111042e-01 5.008141e-03 -3.556898e-01 7.383772e-02 8.262041e-02 6.446378e-03 -3.567121e-02 1.075287e-02 6.710412e-01 1.294431e-01
1.378022e-02 3.636945e-01 4.204128e-02 1.178114e-01 1.152014e-02 -3.317016e-01 6.428132e-02 8.645211e-02 9.090767e-03 -4.743129e-02 1.131776e-02 6.522677e-01 1.050947e-01
1.673313e-02 3.849832e-01 7.790917e-02 1.207055e-01 3.051238e-02 -3.489174e-01 8.283062e-02 1.015890e-01 1.457072e-02 -3.021575e-02 4.227065e-02 7.538302e-01 9.785039e-02
2.034224e-02 3.170555e-01 3.487639e-02 9.563285e-02 1.468918e-02 -2.869490e-01 3.260687e-02 9.659186e-02 4.944981e-03 -2.274345e-02 2.098138e-02 6.905382e-01 4.889109e-02
2.460754e-02 3.917049e-01 3.908916e-02 1.363525e-01 1.445804e-02 -2.964926e-01 5.429862e-02 1.338852e-01 9.621039e-03 -4.500876e-02 2.561086e-02 6.478313e-01 6.085973e-02
1.213972e-02 2.368709e-01 2.529300e-02 8.034856e-02 1.280847e-02 -2.064834e-01 3.057689e-02 7.591636e-02 3.397750e-03 -2.098479e-03 1.233551e-02 4.630264e-01 7.945681e-02
1.246782e-02 3.758031e-01 3.343670e-02 1.112582e-01 1.596816e-02 -3.795882e-01 5.916263e-02 9.031649e-02 8.999609e-03 -2.599762e-02 1.557577e-02 7.292895e-01 1.189912e-01
1.345212e-02 4.504989e-01 7.369061e-02 1.434280e-01 2.867798e-02 -4.247516e-01 7.732241e-02 9.098715e-02 1.351898e-02 -6.642891e-02 2.159972e-02 7.457015e-01 9.801262e-02
1.509263e-02 3.834746e-01 6.954667e-02 1.145439e-01 1.675523e-02 -3.590112e-01 7.922782e-02 8.884325e-02 4.960185e-03 -4.782346e-02 2.788182e-02 6.369245e-01 9.172954e-02
1.738933e-02 3.675272e-01 5.075022e-02 1.311885e-01 2.440024e-02 -3.219204e-01 4.425684e-02 1.020606e-01 6.998560e-03 -5.739997e-02 2.258557e-02 6.178080e-01 5.731714e-02
2.034224e-02 4.112912e-01 5.510651e-02 1.166434e-01 1.893638e-02 -3.771912e-01 5.381134e-02 9.166020e-02 1.314583e-02 -4.241328e-02 1.152006e-02 8.081327e-01 1.037637e-01
2.395134e-02 4.256062e-01 5.109725e-02 1.391101e-01 2.539267e-02 -4.017103e-01 5.801438e-02 1.136376e-01 1.198129e-02 -9.415562e-02 3.041290e-02 8.353449e-01 7.471840e-02
2.821665e-02 5.335806e-01 6.852655e-02 1.661922e-01 2.487947e-02 -4.408912e-01 7.855139e-02 1.394409e-01 1.344960e-02 -7.326314e-02 2.229254e-02 9.441816e-01 1.740341e-01
1.640503e-02 3.803415e-01 2.632191e-02 1.219008e-01 1.285261e-02 -3.835085e-01 2.895191e-02 8.406933e-02 5.577795e-03 -7.793462e-02 1.538881e-02 6.945743e-01 2.744432e-02
1.673313e-02 4.601333e-01 7.905721e-02 1.386493e-01 2.536314e-02 -4.881845e-01 1.228550e-01 9.852784e-02 5.817201e-03 -8.289180e-02 4.426945e-02 8.477918e-01 1.856445e-01
1.771743e-02 3.295315e-01 4.050543e-02 1.099014e-01 1.671950e-02 -3.410514e-01 4.454890e-02 9.697688e-02 8.546510e-03 -5.629550e-02 1.645400e-02 6.762437e-01 3.254643e-02
1.935793e-02 3.901214e-01 3.959312e-02 1.334605e-01 2.119027e-02 -3.535095e-01 4.368014e-02 1.093307e-01 8.971585e-03 -7.010270e-02 1.836791e-02 7.265933e-01 9.585787e-02
2.165464e-02 3.822847e-01 2.100666e-02 1.270504e-01 9.704758e-03 -3.582398e-01 2.472750e-02 1.060949e-01 9.162816e-03 -6.144208e-02 1.174360e-02 7.654234e-01 5.737643e-02
2.460754e-02 4.774335e-01 2.393352e-02 1.642416e-01 1.580864e-02 -3.966727e-01 2.862663e-02 1.401356e-01 9.422221e-03 -6.831618e-02 2.319735e-02 8.269033e-01 3.848763e-02
2.821665e-02 4.507056e-01 3.525162e-02 1.363710e-01 1.248596e-02 -3.698257e-01 7.794874e-02 1.347593e-01 1.084497e-02 -8.662779e-02 3.276498e-02 8.437014e-01 9.443600e-02
3.248196e-02 5.254133e-01 5.552300e-02 1.669494e-01 2.035383e-02 -3.877290e-01 5.784159e-02 1.602717e-01 9.868229e-03 -7.269888e-02 2.718584e-02 9.182136e-01 5.452827e-02
1.312402e-03 2.623585e-01 7.169935e-02 8.734235e-02 1.494845e-02 -3.154754e-01 1.106732e-01 6.169367e-02 3.749274e-03 -3.456232e-02 2.499844e-02 5.544690e-01 1.674503e-01
1.640503e-03 3.755651e-01 1.121335e-01 1.162060e-01 1.995527e-02 -4.758106e-01 1.878870e-01 7.378757e-02 6.707247e-03 -6.373109e-02 2.526453e-02 8.135428e-01 3.282344e-01
2.624805e-03 3.535244e-01 8.445128e-02 1.150626e-01 2.552487e-02 -4.296369e-01 1.127255e-01 7.865325e-02 9.009362e-03 -5.429566e-02 3.228878e-02 7.416889e-01 1.483591e-01
4.265307e-03 3.180719e-01 7.686533e-02 9.844406e-02 9.974892e-03 -3.776827e-01 1.284144e-01 7.644410e-02 6.295729e-03 -2.823773e-02 7.406756e-03 6.886300e-01 2.283312e-01
6.562011e-03 3.920378e-01 1.110125e-01 1.398807e-01 3.251140e-02 -4.231898e-01 1.499383e-01 8.856794e-02 1.034958e-02 -7.988925e-02 4.213530e-02 7.053304e-01 2.127177e-01
9.514916e-03 4.702642e-01 8.672988e-02 1.536870e-01 3.258253e-02 -5.421542e-01 1.179258e-01 9.427713e-02 1.350931e-02 -1.073670e-01 3.978880e-02 9.066045e-01 1.930402e-01
1.312402e-02 3.522095e-01 2.238698e-02 1.009890e-01 9.522233e-03 -3.994256e-01 3.518879e-02 7.951464e-02 7.191289e-03 -4.040192e-02 1.734604e-02 7.751161e-01 5.628527e-02
1.738933e-02 4.314672e-01 4.917957e-02 1.332995e-01 1.455302e-02 -4.674749e-01 7.074917e-02 1.028165e-01 7.521768e-03 -6.727472e-02 1.834691e-02 9.876195e-01 1.378777e-01
1.640503e-03 1.911915e-01 4.293519e-02 7.580163e-02 1.971284e-02 -2.000366e-01 5.792523e-02 6.395996e-02 9.788102e-03 -6.538195e-03 1.905024e-02 3.867408e-01 9.804624e-02
1.968603e-03 2.786652e-01 7.599826e-02 9.482626e-02 1.452497e-02 -3.291093e-01 1.186841e-01 6.969713e-02 7.750569e-03 -3.289799e-02 3.247523e-02 5.833105e-01 1.798711e-01
2.952905e-03 3.532195e-01 8.364272e-02 1.040259e-01 1.430514e-02 -4.457051e-01 1.282397e-01 6.968767e-02 3.147784e-03 -5.221383e-02 2.579108e-02 7.724962e-01 1.906749e-01
4.593408e-03 3.081635e-01 3.261049e-02 1.081245e-01 1.674825e-02 -3.414364e-01 5.456835e-02 7.925753e-02 1.080918e-02 -4.307273e-02 1.387536e-02 5.973224e-01 1.035694e-01
6.890112e-03 3.683745e-01 6.280514e-02 1.242004e-01 9.643732e-03 -3.962395e-01 1.110951e-01 8.350244e-02 2.657879e-03 -5.534190e-02 2.527778e-02 6.897252e-01 1.855425e-01
9.843017e-03 4.210555e-01 4.831868e-02 1.439384e-01 1.899483e-02 -4.389124e-01 7.345436e-02 9.052647e-02 8.914984e-03 -7.700284e-02 2.418315e-02 7.477448e-01 1.093850e-01
1.345212e-02 5.084706e-01 8.668666e-02 1.673406e-01 2.622161e-02 -4.622256e-01 1.080529e-01 9.701369e-02 1.033496e-02 -9.822016e-02 2.992848e-02 7.009767e-01 1.312899e-01
1.771743e-02 3.640886e-01 2.551384e-02 1.135559e-01 1.249080e-02 -3.303142e-01 2.887854e-02 9.477171e-02 5.927787e-03 -2.410936e-02 1.092838e-02 6.867939e-01 7.377108e-02
2.624805e-03 2.461284e-01 4.918370e-02 9.909764e-02 1.517581e-02 -2.620653e-01 6.916869e-02 7.695650e-02 7.963903e-03 -2.613744e-02 1.912263e-02 4.873423e-01 9.949902e-02
2.952905e-03 3.017995e-01 3.437787e-02 9.050390e-02 5.728450e-03 -3.807468e-01 7.076703e-02 7.260797e-02 2.291260e-03 -1.530201e-02 1.434046e-02 7.447012e-01 1.484312e-01
3.937207e-03 3.168965e-01 5.600177e-02 1.044050e-01 1.752325e-02 -3.602055e-01 7.809947e-02 7.322887e-02 3.066386e-03 -4.298112e-02 2.487576e-02 6.213959e-01 1.188639e-01
5.577710e-03 2.365988e-01 6.620699e-02 7.410181e-02 1.100567e-02 -2.645948e-01 1.030259e-01 6.131985e-02 7.077212e-03 -1.184802e-02 1.409205e-02 5.024710e-01 1.747265e-01
7.874414e-03 2.924001e-01 7.178642e-02 7.657005e-02 1.399086e-02 -3.438878e-01 1.255883e-01 5.978071e-02 7.493205e-03 -2.368053e-02 2.194663e-02 6.420290e-01 2.128396e-01
1.082732e-02 3.978940e-01 5.033653e-02 1.138647e-01 2.078976e-02 -4.560459e-01 5.425299e-02 8.382175e-02 9.712372e-03 -4.762422e-02 1.903610e-02 8.440091e-01 1.156613e-01
1.443642e-02 4.624494e-01 6.791018e-02 1.648104e-01 2.378128e-02 -4.393766e-01 5.684872e-02 1.132000e-01 9.957283e-03 -8.092696e-02 2.574108e-02 7.532918e-01 7.356222e-02
1.870173e-02 4.195637e-01 4.840121e-02 1.402640e-01 1.497836e-02 -3.646642e-01 5.704993e-02 1.067694e-01 6.020146e-03 -5.233208e-02 2.033410e-02 7.276766e-01 8.952212e-02
4.265307e-03 4.072657e-01 4.948512e-02 1.148242e-01 1.922051e-02 -5.315311e-01 6.598637e-02 7.462695e-02 8.870120e-03 -6.708283e-02 2.341279e-02 9.159509e-01 1.015984e-01
4.593408e-03 3.824486e-01 7.986171e-02 1.235654e-01 1.519642e-02 -4.423208e-01 1.384909e-01 7.475984e-02 5.331349e-03 -8.113323e-02 2.560480e-02 7.011686e-01 2.233510e-01
5.577710e-03 2.564447e-01 4.047193e-02 9.028900e-02 3.494596e-03 -2.936898e-01 6.861107e-02 7.385829e-02 3.720575e-03 -2.779319e-02 9.172843e-03 5.614916e-01 1.137689e-01
7.218212e-03 5.659877e-01 9.956148e-02 1.478761e-01 2.026821e-02 -7.246842e-01 1.595913e-01 7.756737e-02 6.056380e-03 -1.159858e-01 3.232031e-02 1.188067e+00 2.486011e-01
9.514916e-03 5.201808e-01 6.069259e-02 1.645213e-01 1.051225e-02 -5.619512e-01 9.129412e-02 1.020045e-01 3.713259e-03 -9.398439e-02 1.474675e-02 8.992663e-01 1.488300e-01
1.246782e-02 3.878465e-01 2.604231e-02 1.071947e-01 1.221543e-02 -4.328315e-01 4.250954e-02 7.155877e-02 7.015768e-03 -5.805680e-02 6.268990e-03 7.682843e-01 9.543246e-02
1.607693e-02 4.209419e-01 3.852769e-02 1.370375e-01 1.543396e-02 -3.888420e-01 8.182423e-02 9.849282e-02 5.660017e-03 -7.493763e-02 2.945478e-02 7.339715e-01 1.570095e-01
2.034224e-02 3.953457e-01 3.549791e-02 1.109712e-01 9.325408e-03 -3.837286e-01 6.545680e-02 9.630169e-02 7.829209e-03 -4.169314e-02 1.377484e-02 8.038871e-01 7.137052e-02
6.562011e-03 3.595798e-01 4.276343e-02 1.353354e-01 1.487877e-02 -3.520728e-01 6.655660e-02 9.020928e-02 7.723284e-03 -5.663156e-02 2.629990e-02 5.929475e-01 8.572120e-02
6.890112e-03 2.915637e-01 6.692046e-02 1.002231e-01 2.210296e-02 -3.063730e-01 8.836865e-02 7.177348e-02 7.226699e-03 -3.349566e-02 2.493559e-02 5.665174e-01 1.449652e-01
7.874414e-03 3.907930e-01 6.881764e-02 1.202522e-01 1.959721e-02 -4.267962e-01 9.226472e-02 8.131929e-02 9.601769e-03 -4.787906e-02 2.908664e-02 7.557585e-01 1.334554e-01
9.514916e-03 3.132209e-01 2.405784e-02 9.574499e-02 8.328242e-03 -3.232489e-01 3.437922e-02 8.291350e-02 5.043237e-03 7.654444e-03 9.746335e-03 7.124941e-01 7.126227e-02
1.181162e-02 3.552019e-01 3.200594e-02 1.165122e-01 1.041876e-02 -3.554594e-01 3.771736e-02 8.826710e-02 4.700098e-03 -4.417723e-02 1.463447e-02 6.670139e-01 7.343198e-02
1.476453e-02 3.320309e-01 3.286621e-02 9.050988e-02 9.917516e-03 -3.690456e-01 3.287149e-02 7.661653e-02 8.132807e-03 -2.257780e-02 2.213547e-02 7.908070e-01 7.763929e-02
1.837363e-02 3.999978e-01 2.113445e-02 1.335694e-01 1.101397e-02 -3.339516e-01 1.792297e-02 9.883970e-02 4.722010e-03 -6.450374e-02 1.271653e-02 6.732440e-01 6.722644e-02
2.263894e-02 3.929975e-01 2.295390e-02 1.261625e-01 2.108422e-03 -2.734634e-01 3.717035e-02 1.014053e-01 5.128004e-03 -3.634778e-02 1.232910e-02 5.738852e-01 4.624683e-02
9.514916e-03 3.411801e-01 2.715424e-02 9.865582e-02 1.392629e-02 -3.900473e-01 4.780934e-02 6.435708e-02 5.743089e-03 -4.884813e-02 2.014142e-02 7.400151e-01 8.813723e-02
9.843017e-03 3.113575e-01 1.917698e-02 1.178898e-01 8.273872e-03 -2.860684e-01 4.214005e-02 8.552277e-02 7.427101e-03 -4.440372e-02 1.325236e-02 5.106163e-01 5.932467e-02
1.082732e-02 4.419004e-01 3.909824e-02 1.203908e-01 1.697899e-02 -5.313111e-01 3.294044e-02 7.632081e-02 9.035266e-03 -8.169415e-02 1.461022e-02 9.290450e-01 6.386981e-02
1.246782e-02 5.183652e-01 8.018273e-02 1.467410e-01 2.863829e-02 -5.913111e-01 1.096868e-01 9.130719e-02 9.652124e-03 -9.283571e-02 3.499851e-02 9.806568e-01 1.810346e-01
1.476453e-02 4.398894e-01 5.700688e-02 1.398352e-01 3.179410e-02 -4.230635e-01 2.816374e-02 9.974091e-02 1.646456e-02 -7.691390e-02 1.853716e-02 7.354872e-01 4.571725e-02
1.771743e-02 3.878950e-01 3.119096e-02 1.235135e-01 1.171716e-02 -3.198517e-01 4.821313e-02 9.488376e-02 5.017727e-03 -6.039649e-02 1.622391e-02 5.719174e-01 8.442633e-02
2.132654e-02 5.116228e-01 2.762561e-02 1.655562e-01 2.030536e-02 -4.173840e-01 3.242454e-02 1.245079e-01 1.988843e-02 -6.013336e-02 1.613455e-02 7.644823e-01 5.990138e-02
2.559184e-02 4.421310e-01 7.676978e-02 1.513326e-01 2.717911e-02 -3.268096e-01 5.848180e-02 1.342125e-01 9.979957e-03 -8.053342e-02 2.309360e-02 6.603806e-01 8.569411e-02
1.312402e-02 5.586316e-01 1.366998e-01 1.601208e-01 3.475300e-02 -6.257211e-01 1.969970e-01 9.827691e-02 1.073323e-02 -1.102289e-01 5.720656e-02 1.015482e+00 2.599771e-01
1.345212e-02 3.413145e-01 4.652709e-02 1.081189e-01 1.728601e-02 -3.804084e-01 6.424951e-02 8.202273e-02 1.251490e-02 -4.762969e-02 5.421214e-03 7.539588e-01 1.189393e-01
1.443642e-02 4.441381e-01 9.878772e-02 1.425985e-01 3.285579e-02 -4.749890e-01 1.319779e-01 9.912913e-02 1.379407e-02 -7.376134e-02 4.800702e-02 8.712420e-01 1.988753e-01
1.607693e-02 4.621473e-01 6.796495e-02 1.230388e-01 2.357425e-02 -4.683763e-01 9.258585e-02 9.988096e-02 1.255354e-02 -4.732408e-02 1.163746e-02 8.529748e-01 1.506698e-01
1.837363e-02 4.274549e-01 4.404944e-02 1.320649e-01 1.677006e-02 -4.517304e-01 7.203494e-02 1.125607e-01 1.070698e-02 -5.593931e-02 1.391505e-02 8.621694e-01 1.235800e-01
2.132654e-02 3.671065e-01 4.504725e-02 1.024537e-01 1.536341e-02 -3.383063e-01 4.836260e-02 9.040109e-02 9.307870e-03 -5.392973e-02 2.083156e-02 7.311390e-01 6.274556e-02
2.493564e-02 4.334425e-01 5.401144e-02 1.472017e-01 1.510253e-02 -3.495113e-01 7.961674e-02 1.289154e-01 7.730725e-03 -6.723834e-02 2.017832e-02 7.786591e-01 8.675124e-02
2.920095e-02 4.477192e-01 6.057817e-02 1.389404e-01 2.069700e-02 -3.038187e-01 4.591702e-02 1.456822e-01 1.831773e-02 -4.152129e-02 9.180530e-03 7.008019e-01 9.782202e-02
1.738933e-02 4.637449e-01 3.409259e-02 1.306339e-01 1.523097e-02 -4.419891e-01 3.776567e-02 9.841036e-02 8.814534e-03 -4.645244e-02 1.088095e-02 7.996952e-01 5.382033e-02
1.771743e-02 4.210651e-01 3.424985e-02 1.360662e-01 1.205010e-02 -3.630824e-01 6.077227e-02 1.113691e-01 1.154075e-02 -4.869610e-02 1.418126e-02 6.984678e-01 8.422291e-02
1.870173e-02 4.505605e-01 2.478091e-02 1.390828e-01 1.711354e-02 -4.263541e-01 2.875167e-02 1.039044e-01 6.929871e-03 -6.873069e-02 2.397550e-02 7.863325e-01 3.557276e-02
2.034224e-02 3.732291e-01 6.950780e-02 1.069855e-01 1.213100e-02 -3.151016e-01 4.583712e-02 9.564886e-02 7.128888e-03 -3.386893e-02 2.105503e-02 6.673263e-01 2.776724e-02
2.263894e-02 3.769330e-01 3.722244e-02 1.130319e-01 1.599433e-02 -3.086641e-01 1.823321e-02 1.003880e-01 8.043131e-03 -3.659962e-02 1.631339e-02 6.685313e-01 3.240402e-02
2.559184e-02 3.983766e-01 5.838565e-02 1.252064e-01 2.229347e-02 -3.229293e-01 4.237576e-02 1.217703e-01 7.780030e-03 -4.150275e-02 2.932441e-02 7.140493e-01 3.163093e-02
2.920095e-02 5.920450e-01 6.135187e-02 1.930341e-01 2.284149e-02 -4.902403e-01 7.352854e-02 1.370899e-01 8.768468e-03 -1.279863e-01 2.312910e-02 9.362267e-01 1.020647e-01
3.346626e-02 4.845119e-01 2.069440e-02 1.147363e-01 1.739764e-02 -2.961513e-01 3.295876e-02 1.486082e-01 1.510006e-02 -2.369570e-02 2.764258e-02 7.498417e-01 5.292934e-02
2.952905e-03 3.377543e-01 1.191708e-01 1.117025e-01 3.114641e-02 -3.901580e-01 1.649544e-01 8.139347e-02 9.194620e-03 -3.258868e-02 4.993066e-02 7.169338e-01 2.146224e-01
3.281006e-03 2.835372e-01 8.111005e-02 1.079174e-01 2.454902e-02 -3.037947e-01 1.060687e-01 7.138564e-02 8.106828e-03 -5.375463e-02 2.811999e-02 5.131176e-01 1.541823e-01
4.265307e-03 3.683931e-01 5.449981e-02 9.937209e-02 7.135730e-03 -4.605447e-01 9.865303e-02 6.818171e-02 3.856281e-03 -4.333812e-02 2.091288e-02 7.927990e-01 1.730746e-01
5.905810e-03 3.192583e-01 6.962966e-02 9.799875e-02 1.318914e-02 -3.719908e-01 1.165278e-01 7.850785e-02 8.222771e-03 -1.140616e-02 2.634939e-02 7.442665e-01 1.723411e-01
8.202514e-03 3.970885e-01 8.240169e-02 1.374780e-01 2.518286e-02 -4.119166e-01 9.506121e-02 9.469958e-02 8.143851e-03 -6.019342e-02 3.223179e-02 6.927910e-01 1.046526e-01
1.115542e-02 3.288999e-01 1.944244e-02 9.009121e-02 1.254592e-02 -3.555831e-01 4.878421e-02 7.097596e-02 1.136053e-02 -1.291414e-02 6.752057e-03 7.350001e-01 1.025661e-01
1.476453e-02 3.740483e-01 4.905125e-02 1.266077e-01 2.217539e-02 -3.612559e-01 4.345552e-02 9.553127e-02 9.579568e-03 -5.639942e-02 2.205995e-02 6.708522e-01 5.167976e-02
1.902983e-02 3.493606e-01 1.094480e-02 1.086064e-01 1.270095e-02 -3.291754e-01 1.111420e-02 9.410930e-02 1.021741e-02 -4.309010e-02 7.952714e-03 7.312993e-01 4.037476e-02
3.281006e-03 3.618021e-01 4.849033e-02 1.248003e-01 1.018954e-02 -4.195659e-01 8.527860e-02 8.668843e-02 4.539384e-03 -4.840436e-02 1.504173e-02 7.485123e-01 1.544889e-01
3.609106e-03 2.353949e-01 2.071233e-02 8.855986e-02 6.077435e-03 -2.361660e-01 4.260873e-02 6.585736e-02 4.643084e-03 -2.361133e-02 1.556638e-02 4.248903e-01 6.881612e-02
4.593408e-03 3.229319e-01 4.744436e-02 1.107368e-01 1.731135e-02 -3.736731e-01 6.273878e-02 7.625168e-02 1.099793e-02 -5.735602e-02 2.181793e-02 6.378655e-01 8.311673e-02
6.233911e-03 4.158748e-01 9.868681e-02 1.305390e-01 3.238753e-02 -4.892909e-01 1.222359e-01 8.450804e-02 1.292108e-02 -7.819356e-02 3.553497e-02 8.084754e-01 1.699563e-01
8.530615e-03 5.532969e-01 1.394296e-01 1.723999e-01 3.617178e-02 -6.754259e-01 2.104114e-01 1.025140e-01 1.201928e-02 -1.213392e-01 5.003301e-02 1.140226e+00 3.364397e-01
1.148352e-02 4.229667e-01 7.033866e-02 1.463880e-01 2.268382e-02 -4.020019e-01 7.837665e-02 9.591861e-02 7.112440e-03 -6.485240e-02 3.242378e-02 6.911024e-01 7.951041e-02
1.509263e-02 3.970017e-01 4.209491e-02 1.419316e-01 1.452809e-02 -3.929198e-01 6.126088e-02 1.109743e-01 8.554386e-03 -4.967922e-02 2.032478e-02 7.909434e-01 8.265318e-02
1.935793e-02 4.850653e-01 5.618228e-02 1.520853e-01 1.462608e-02 -4.522961e-01 7.913380e-02 1.142411e-01 7.115172e-03 -8.748073e-02 2.449218e-02 7.951686e-01 1.138864e-01
4.265307e-03 3.161677e-01 5.426810e-02 1.040177e-01 1.536032e-02 -3.636942e-01 7.041065e-02 8.025002e-02 4.706928e-03 -3.224531e-02 2.017262e-02 6.481259e-01 1.021899e-01
4.593408e-03 2.107222e-01 3.583718e-02 7.575869e-02 1.353716e-02 -2.168154e-01 3.879090e-02 6.793047e-02 5.665105e-03 2.785049e-03 1.912905e-02 4.611356e-01 5.070605e-02
5.577710e-03 4.088684e-01 8.157132e-02 1.337339e-01 2.138712e-02 -4.601491e-01 1.077858e-01 8.486841e-02 6.793749e-03 -7.819479e-02 2.958705e-02 7.348823e-01 1.427637e-01
7.218212e-03 2.875737e-01 1.963981e-02 1.112615e-01 9.983471e-03 -2.595096e-01 3.645636e-02 8.359041e-02 7.582964e-03 -3.032634e-02 9.669012e-03 4.700805e-01 5.520884e-02
9.514916e-03 3.051935e-01 3.833260e-02 1.045475e-01 1.857601e-02 -3.409286e-01 4.723760e-02 8.420044e-02 1.200979e-02 -4.204491e-02 1.829334e-02 6.511556e-01 6.496465e-02
1.246782e-02 3.278091e-01 2.627146e-02 1.040573e-01 9.150671e-03 -3.465891e-01 4.214071e-02 7.578866e-02 4.090155e-03 -4.619763e-02 1.581532e-02 6.792881e-01 7.480492e-02
1.607693e-02 3.709599e-01 3.887049e-02 1.214401e-01 1.611867e-02 -3.209125e-01 5.633784e-02 9.956750e-02 6.109963e-03 -2.930524e-02 2.679966e-02 6.298853e-01 7.645946e-02
2.034224e-02 4.165235e-01 6.935269e-02 1.169338e-01 2.369534e-02 -3.704885e-01 6.732897e-02 8.749149e-02 7.361439e-03 -4.441755e-02 2.838947e-02 7.530771e-01 5.875584e-02
5.905810e-03 3.158296e-01 3.307353e-02 1.208202e-01 1.523867e-02 -3.006064e-01 3.436689e-02 8.494481e-02 1.056049e-02 -4.795670e-02 1.773878e-02 4.979373e-01 4.277766e-02
6.233911e-03 4.285714e-01 9.954465e-02 1.305412e-01 3.519781e-02 -5.416108e-01 1.238450e-01 7.936708e-02 1.022204e-02 -9.526404e-02 5.059808e-02 9.181548e-01 1.448328e-01
7.218212e-03 3.943167e-01 7.317857e-02 1.289352e-01 2.594007e-02 -4.286887e-01 8.266391e-02 9.001300e-02 1.414926e-02 -4.886467e-02 2.083773e-02 7.570664e-01 1.204580e-01
8.858715e-03 3.256821e-01 3.553127e-02 9.861060e-02 1.354913e-02 -3.494225e-01 3.367210e-02 8.216670e-02 7.656815e-03 -2.740653e-02 8.757629e-03 6.158530e-01 5.399136e-02
1.115542e-02 5.278091e-01 5.480488e-02 1.573028e-01 1.403413e-02 -6.207151e-01 8.482471e-02 9.427553e-02 5.205626e-03 -1.044065e-01 2.216391e-02 1.043105e+00 1.385454e-01
1.410832e-02 4.245786e-01 4.946625e-02 1.322592e-01 2.299257e-02 -4.316698e-01 6.504299e-02 9.531524e-02 1.588334e-02 -5.696174e-02 2.827097e-02 7.716731e-01 9.272682e-02
1.771743e-02 3.774712e-01 3.522417e-02 1.078055e-01 1.638330e-02 -3.401229e-01 5.270819e-02 8.698485e-02 8.108611e-03 -3.700894e-02 2.059862e-02 6.361133e-01 7.637720e-02
2.198274e-02 4.082367e-01 3.585572e-02 1.419468e-01 2.001140e-02 -3.490484e-01 4.503247e-02 1.275120e-01 1.552837e-02 -5.798055e-02 2.638546e-02 7.473371e-01 8.547780e-02
8.202514e-03 2.787779e-01 4.258885e-02 9.584838e-02 1.772434e-02 -2.784322e-01 4.062322e-02 7.033282e-02 7.437396e-03 -2.746465e-02 1.357147e-02 5.477502e-01 4.261743e-02
8.530615e-03 5.209379e-01 4.923925e-02 1.552353e-01 7.576421e-03 -6.348100e-01 1.201466e-01 8.676173e-02 5.982614e-03 -1.170228e-01 1.064496e-02 1.041390e+00 2.464794e-01
9.514916e-03 3.057868e-01 6.228316e-02 9.533303e-02 2.697623e-02 -3.160102e-01 7.645100e-02 7.575247e-02 1.103568e-02 -2.217148e-02 3.274558e-02 6.119730e-01 1.001614e-01
1.115542e-02 5.758660e-01 1.430548e-01 1.752360e-01 4.001319e-02 -6.522266e-01 1.908746e-01 1.126965e-01 1.525209e-02 -8.686017e-02 5.424935e-02 1.146943e+00 2.375701e-01
1.345212e-02 4.245356e-01 7.371901e-02 1.330089e-01 1.770145e-02 -4.367338e-01 1.045894e-01 9.001513e-02 2.282394e-03 -6.569403e-02 3.011050e-02 7.916656e-01 1.345298e-01
1.640503e-02 3.064984e-01 4.856160e-02 1.044022e-01 1.389332e-02 -2.711484e-01 6.357741e-02 8.933039e-02 2.372718e-03 -1.761284e-02 2.104889e-02 5.782049e-01 9.835619e-02
2.001413e-02 4.244887e-01 4.080428e-02 1.280282e-01 8.800509e-03 -3.825610e-01 3.621635e-02 9.596465e-02 6.722859e-03 -4.544952e-02 6.977246e-03 7.896605e-01 7.049187e-02
2.427944e-02 3.923003e-01 2.656217e-02 1.408645e-01 9.609807e-03 -3.147253e-01 2.005146e-02 1.237649e-01 2.905421e-03 -6.256958e-02 1.617547e-02 7.051904e-01 6.288356e-02
1.115542e-02 4.060782e-01 9.435407e-02 1.130432e-01 2.234593e-02 -4.851891e-01 1.249911e-01 8.285162e-02 7.812075e-03 -5.553395e-02 2.260250e-02 8.977895e-01 2.083742e-01
1.148352e-02 4.493581e-01 7.749590e-02 1.454803e-01 2.308489e-02 -4.710995e-01 9.357941e-02 9.684174e-02 1.152742e-02 -7.485235e-02 2.115667e-02 7.715758e-01 1.355584e-01
1.246782e-02 3.100890e-01 5.632333e-02 8.485342e-02 1.939958e-02 -3.339895e-01 7.157617e-02 6.692354e-02 8.433335e-03 -3.708931e-02 2.111337e-02 6.384314e-01 1.110777e-01
1.410832e-02 3.907170e-01 4.712464e-02 1.152181e-01 1.097484e-02 -4.158889e-01 8.460170e-02 7.778347e-02 1.620455e-03 -6.487451e-02 2.065960e-02 7.492232e-01 1.490818e-01
1.640503e-02 3.985555e-01 3.353340e-02 1.266865e-01 1.234098e-02 -3.852703e-01 4.474138e-02 9.837923e-02 7.813616e-03 -5.145348e-02 2.348468e-02 7.673222e-01 4.560999e-02
1.935793e-02 3.852594e-01 4.989055e-02 1.315181e-01 1.489498e-02 -3.156761e-01 4.935987e-02 1.072664e-01 5.335818e-03 -3.859476e-02 2.228010e-02 6.797127e-01 7.052118e-02
2.296704e-02 4.158125e-01 3.805311e-02 1.242106e-01 1.479153e-02 -3.792429e-01 2.481751e-02 1.114702e-01 8.421960e-03 -4.770068e-02 8.373742e-03 8.168781e-01 3.825661e-02
2.723235e-02 3.852439e-01 4.864877e-02 1.249903e-01 2.105658e-02 -3.006786e-01 3.013632e-02 1.278650e-01 7.971131e-03 -5.888166e-02 1.444524e-02 6.750766e-01 4.602211e-02
1.476453e-02 3.834528e-01 2.850773e-02 1.171859e-01 1.147613e-02 -3.468082e-01 5.053471e-02 9.248234e-02 7.959410e-03 -2.816273e-02 6.909859e-03 6.482586e-01 1.081871e-01
1.509263e-02 4.004011e-01 4.129057e-02 1.162176e-01 1.897414e-02 -4.593486e-01 3.669066e-02 8.025940e-02 7.105284e-03 -7.213603e-02 2.103311e-02 8.309605e-01 4.528207e-02
1.607693e-02 3.160486e-01 3.562995e-02 1.002678e-01 9.939950e-03 -3.322873e-01 5.600422e-02 9.030970e-02 5.231351e-03 -2.090855e-02 1.810713e-02 6.990460e-01 1.024583e-01
1.771743e-02 4.212204e-01 4.499232e-02 1.297272e-01 1.388708e-02 -4.000345e-01 6.970798e-02 1.004210e-01 4.069810e-03 -4.921308e-02 1.386652e-02 7.751158e-01 1.342543e-01
2.001413e-02 4.593657e-01 4.971642e-02 1.512092e-01 2.255484e-02 -3.869679e-01 2.543760e-02 1.095636e-01 1.255057e-02 -7.378573e-02 2.233649e-02 7.148237e-01 4.686572e-02
2.296704e-02 4.147330e-01 2.162792e-02 1.171564e-01 1.082828e-02 -3.186041e-01 2.230818e-02 9.450166e-02 4.477558e-03 -4.201381e-02 1.856139e-02 6.358933e-01 4.083124e-02
2.657615e-02 3.676461e-01 3.304856e-02 1.277238e-01 2.109005e-02 -2.423749e-01 3.509383e-02 1.475082e-01 1.380228e-02 -2.929692e-02 2.483181e-02 6.551744e-01 5.555711e-02
3.084145e-02 3.965383e-01 3.294470e-02 1.271050e-01 6.291062e-03 -3.061399e-01 4.682923e-02 1.388304e-01 8.078537e-03 -6.241356e-02 2.682164e-02 8.976318e-01 8.757739e-02
1.902983e-02 4.838944e-01 3.041204e-02 1.562020e-01 1.213332e-02 -4.498843e-01 7.137432e-02 1.074730e-01 1.283395e-02 -8.202583e-02 2.455137e-02 8.377124e-01 1.479596e-01
1.935793e-02 4.788044e-01 4.065559e-02 1.557442e-01 1.841855e-02 -4.342209e-01 5.439508e-02 1.108484e-01 1.104204e-02 -8.260176e-02 1.528542e-02 7.829192e-01 7.617546e-02
2.034224e-02 3.829561e-01 3.734150e-02 1.231731e-01 1.523480e-02 -3.413349e-01 4.626728e-02 1.011328e-01 1.386551e-02 -6.159512e-02 1.116776e-02 6.951335e-01 6.906785e-02
2.198274e-02 4.432000e-01 4.789178e-02 1.409047e-01 2.323469e-02 -3.617547e-01 3.808771e-02 1.195847e-01 7.155790e-03 -2.775070e-02 1.953042e-02 7.795278e-01 9.377383e-02
2.427944e-02 4.345579e-01 2.087343e-02 1.468152e-01 1.822944e-02 -3.875300e-01 4.761654e-02 1.297977e-01 1.485087e-02 -7.980038e-02 2.349282e-02 8.202075e-01 5.654707e-02
2.723235e-02 4.358415e-01 1.942112e-02 1.176806e-01 1.175090e-02 -4.006438e-01 2.253384e-02 1.152233e-01 4.224847e-03 -5.483180e-02 1.197545e-02 9.280866e-01 1.130782e-01
3.084145e-02 4.201319e-01 3.687932e-02 1.225167e-01 1.505997e-02 -3.180984e-01 3.394291e-02 1.387547e-01 1.390666e-02 -7.241753e-02 2.486960e-02 7.657973e-01 6.101242e-02
3.510676e-02 4.439335e-01 1.908297e-02 1.055610e-01 4.046398e-02 -3.298469e-01 3.621499e-02 1.705516e-01 2.222560e-02 -4.063924e-02 2.707532e-02 8.763608e-01 1.178725e-01
5.249609e-03 2.896474e-01 4.630476e-02 9.415329e-02 1.023223e-02 -3.200829e-01 8.333351e-02 6.846499e-02 6.510035e-03 -3.331615e-02 1.098665e-02 5.754756e-01 1.507686e-01
5.577710e-03 2.676217e-01 4.205754e-02 8.220024e-02 8.382359e-03 -3.090297e-01 6.834772e-02 6.795561e-02 7.075142e-03 -1.284526e-02 1.811948e-02 5.998853e-01 1.121244e-01
6.562011e-03 2.859935e-01 3.986425e-02 9.395313e-02 1.512633e-02 -3.262673e-01 6.388249e-02 6.766904e-02 7.043558e-03 -3.269336e-02 1.779780e-02 6.327337e-01 1.202135e-01
8.202514e-03 4.059326e-01 5.557598e-02 1.258049e-01 6.780178e-03 -4.172385e-01 1.012243e-01 8.081043e-02 2.362471e-03 -5.171354e-02 1.638768e-02 7.097979e-01 1.547180e-01
1.049922e-02 5.189931e-01 6.939706e-02 1.396775e-01 1.304611e-02 -6.022113e-01 1.021289e-01 8.650290e-02 7.756561e-03 -9.086486e-02 1.632111e-02 9.928411e-01 1.747779e-01
1.345212e-02 3.705790e-01 5.375651e-02 1.255899e-01 2.028818e-02 -3.309385e-01 4.763736e-02 8.983608e-02 1.331338e-02 -5.237795e-02 1.325787e-02 6.175550e-01 6.193063e-02
1.706123e-02 3.618995e-01 3.031381e-02 1.225401e-01 1.400014e-02 -3.439466e-01 4.574678e-02 8.890924e-02 7.445214e-03 -6.632207e-02 1.986277e-02 6.220783e-01 8.299682e-02
2.132654e-02 4.319941e-01 3.254740e-02 1.098549e-01 1.099300e-02 -3.619326e-01 5.418147e-02 9.831156e-02 1.114087e-02 -1.671375e-02 8.873378e-03 6.808949e-01 7.948278e-02
5.577710e-03 3.229219e-01 5.919985e-02 7.798663e-02 1.544788e-02 -4.289169e-01 1.032252e-01 5.865740e-02 4.608111e-03 -2.394291e-02 3.066516e-02 8.246291e-01 1.862612e-01
5.905810e-03 3.657026e-01 4.707730e-02 1.224666e-01 8.325115e-03 -4.267134e-01 8.482913e-02 7.858449e-02 6.305054e-03 -7.108860e-02 1.978067e-02 7.231692e-01 1.308445e-01
6.890112e-03 3.285351e-01 2.109495e-02 1.067436e-01 1.642009e-02 -3.943314e-01 4.619709e-02 8.520189e-02 1.324232e-02 -2.448544e-02 1.265392e-02 7.996841e-01 1.024861e-01
8.530615e-03 4.266712e-01 6.708442e-02 1.440845e-01 2.272842e-02 -4.427588e-01 1.075228e-01 8.545185e-02 7.411970e-03 -8.404810e-02 3.310582e-02 6.924061e-01 1.707594e-01
1.082732e-02 3.933030e-01 3.235058e-02 1.541258e-01 1.922868e-02 -3.408967e-01 4.299856e-02 1.062717e-01 1.517451e-02 -7.038275e-02 1.049740e-02 5.793679e-01 8.095418e-02
1.378022e-02 4.476080e-01 5.766109e-02 1.515213e-01 2.302093e-02 -4.586963e-01 5.669410e-02 1.106290e-01 1.296367e-02 -6.002813e-02 1.886835e-02 8.624577e-01 1.068313e-01
1.738933e-02 4.032995e-01 3.801114e-02 1.113968e-01 1.707371e-02 -4.265477e-01 2.122980e-02 9.309541e-02 3.827434e-03 -3.210178e-02 2.445920e-02 8.457830e-01 3.952386e-02
2.165464e-02 5.055401e-01 6.104329e-02 1.642706e-01 2.045582e-02 -5.023191e-01 1.017551e-01 1.310012e-01 1.066417e-02 -9.783643e-02 2.954581e-02 9.442819e-01 1.495055e-01
6.562011e-03 3.579402e-01 5.140799e-02 1.309395e-01 2.378751e-02 -3.558064e-01 5.692296e-02 8.629685e-02 1.171304e-02 -6.283196e-02 1.815557e-02 5.849799e-01 9.029992e-02
6.890112e-03 4.052088e-01 8.482525e-02 1.233466e-01 2.187085e-02 -4.704448e-01 1.074304e-01 7.829783e-02 8.614251e-03 -6.837494e-02 2.785242e-02 7.852274e-01 1.242396e-01
7.874414e-03 4.156713e-01 5.660350e-02 1.283133e-01 1.454258e-02 -4.670739e-01 1.082993e-01 9.474171e-02 7.338469e-03 -3.940598e-02 1.513263e-02 8.341870e-01 1.998102e-01
9.514916e-03 4.038325e-01 5.149535e-02 1.261245e-01 1.343916e-02 -4.382446e-01 8.045748e-02 8.823253e-02 5.168298e-03 -5.284072e-02 2.313228e-02 7.711823e-01 1.151467e-01
1.181162e-02 4.044591e-01 5.305194e-02 1.378387e-01 1.618298e-02 -3.633992e-01 6.554159e-02 9.660921e-02 1.312004e-02 -4.638623e-02 1.926338e-02 6.490732e-01 8.984822e-02
1.476453e-02 3.896768e-01 4.070552e-02 1.180424e-01 1.663585e-02 -3.999800e-01 4.641856e-02 9.699379e-02 6.664428e-03 -3.981531e-02 1.504965e-02 7.762826e-01 7.396380e-02
1.837363e-02 4.135328e-01 3.925574e-02 1.294877e-01 5.926787e-03 -4.134730e-01 6.298903e-02 9.932800e-02 3.384060e-03 -5.404693e-02 1.801564e-02 7.975379e-01 9.534285e-02
2.263894e-02 4.234710e-01 2.770308e-02 1.152137e-01 9.022373e-03 -3.643979e-01 3.145943e-02 1.015110e-01 3.422820e-03 -2.978248e-02 1.179935e-02 8.110832e-01 4.234558e-02
8.202514e-03 4.810362e-01 5.270117e-02 1.455839e-01 1.919187e-02 -5.406560e-01 9.057687e-02 8.576563e-02 9.760075e-03 -7.886383e-02 2.712125e-02 9.244341e-01 1.477645e-01
8.530615e-03 3.606818e-01 7.118900e-02 1.020262e-01 1.914719e-02 -4.506563e-01 9.622750e-02 6.999718e-02 6.660107e-03 -5.641981e-02 2.699028e-02 8.187635e-01 1.369726e-01
9.514916e-03 3.650861e-01 7.213030e-02 1.068843e-01 1.284860e-02 -4.087081e-01 1.174184e-01 8.029044e-02 5.411444e-03 -3.378471e-02 2.479069e-02 7.476731e-01 1.783504e-01
1.115542e-02 3.700839e-01 1.650416e-02 1.185950e-01 9.267145e-03 -4.033571e-01 2.966463e-02 8.945818e-02 7.009120e-03 -5.357896e-02 9.060194e-03 7.350764e-01 5.563102e-02
1.345212e-02 4.406985e-01 4.489532e-02 1.385970e-01 1.587386e-02 -4.533180e-01 4.506471e-02 9.093365e-02 6.512298e-03 -7.963332e-02 1.917995e-02 7.556576e-01 4.184634e-02
1.640503e-02 3.973801e-01 5.925831e-02 1.380019e-01 2.084955e-02 -3.925108e-01 9.640796e-02 1.029409e-01 8.836415e-03 -8.330403e-02 2.888916e-02 7.424503e-01 1.497075e-01
2.001413e-02 3.977098e-01 5.004822e-02 1.350494e-01 2.147905e-02 -3.145249e-01 4.424295e-02 1.014433e-01 9.182947e-03 -3.020746e-02 2.642004e-02 6.698460e-01 9.584518e-02
2.427944e-02 4.164425e-01 4.629642e-02 1.124783e-01 1.205875e-02 -3.977158e-01 7.020895e-02 1.192675e-01 7.079530e-03 -2.917446e-02 1.478056e-02 8.737609e-01 1.155590e-01
1.049922e-02 3.795244e-01 4.951771e-02 1.279276e-01 1.463524e-02 -3.612373e-01 6.292795e-02 8.946869e-02 5.379846e-03 -4.419540e-02 1.690601e-02 6.331914e-01 8.817782e-02
1.082732e-02 3.120352e-01 2.362593e-02 9.437779e-02 1.521530e-02 -2.909035e-01 4.826730e-02 7.194890e-02 1.023685e-02 -2.403806e-02 1.320985e-02 5.496926e-01 8.923290e-02
1.181162e-02 3.993111e-01 4.162622e-02 1.148977e-01 9.711154e-03 -4.830805e-01 7.899737e-02 7.344557e-02 3.802058e-03 -7.435315e-02 1.787236e-02 9.071638e-01 1.538434e-01
1.345212e-02 4.204311e-01 6.214998e-02 1.181478e-01 1.492488e-02 -4.916168e-01 8.167489e-02 8.938795e-02 8.575394e-03 -5.594913e-02 2.137501e-02 8.949680e-01 1.204628e-01
1.574883e-02 4.298441e-01 3.544020e-02 1.389015e-01 1.498888e-02 -4.233401e-01 4.431151e-02 9.463571e-02 8.912414e-03 -7.741823e-02 2.021226e-02 7.383721e-01 7.492896e-02
1.870173e-02 4.578406e-01 4.110665e-02 1.509447e-01 1.932800e-02 -4.285858e-01 3.840895e-02 1.263460e-01 1.376791e-02 -6.420389e-02 1.314479e-02 8.303972e-01 7.644957e-02
2.231084e-02 4.261224e-01 3.751037e-02 1.483056e-01 1.384886e-02 -3.507664e-01 3.616882e-02 1.271163e-01 4.904553e-03 -7.594264e-02 2.249676e-02 6.553480e-01 5.754447e-02
2.657615e-02 4.959029e-01 5.429460e-02 1.512960e-01 2.446476e-02 -4.315967e-01 6.849839e-02 1.179880e-01 1.087274e-02 -8.550759e-02 4.171157e-02 8.080385e-01 8.193351e-02
1.345212e-02 3.319343e-01 4.034594e-02 1.097492e-01 2.573470e-02 -3.514132e-01 3.337420e-02 8.460189e-02 1.359068e-02 -4.929976e-02 1.725103e-02 6.711543e-01 5.837230e-02
1.378022e-02 4.258342e-01 6.166148e-02 1.234598e-01 1.483845e-02 -4.125069e-01 7.399622e-02 8.703211e-02 2.984692e-03 -4.275227e-02 2.664712e-02 7.566249e-01 7.128962e-02
1.476453e-02 2.807179e-01 2.533347e-02 9.585800e-02 1.377904e-02 -2.660015e-01 2.053511e-02 8.350522e-02 8.687312e-03 -2.172530e-02 1.070832e-02 5.520366e-01 3.379248e-02
1.640503e-02 4.342371e-01 2.762457e-02 1.251608e-01 1.593778e-02 -4.778287e-01 5.484678e-02 8.884506e-02 1.161982e-02 -7.775050e-02 1.173954e-02 8.554432e-01 1.188371e-01
1.870173e-02 3.920386e-01 3.222381e-02 1.329619e-01 1.576996e-02 -3.222294e-01 3.198458e-02 1.028533e-01 1.029529e-02 -3.826789e-02 1.741335e-02 7.146303e-01 4.452820e-02
2.165464e-02 5.629284e-01 8.989569e-02 1.693016e-01 2.693366e-02 -5.324050e-01 1.038014e-01 1.119761e-01 1.122297e-02 -1.002910e-01 3.103556e-02 9.447399e-01 1.489490e-01
2.526374e-02 4.241003e-01 4.138407e-02 1.446284e-01 2.381307e-02 -2.935135e-01 2.173721e-02 1.214140e-01 1.399310e-02 -4.156633e-02 1.024459e-02 7.080021e-01 8.118358e-02
2.952905e-02 4.458403e-01 2.954538e-02 1.320496e-01 1.577274e-02 -3.553119e-01 3.306097e-02 1.281503e-01 8.490045e-03 -5.585179e-02 1.328776e-02 8.228033e-01 4.003819e-02
1.706123e-02 3.918357e-01 4.258797e-02 1.286375e-01 1.430858e-02 -3.759957e-01 4.252332e-02 1.066980e-01 5.182235e-03 -4.463327e-02 1.524155e-02 7.170498e-01 5.715421e-02
1.738933e-02 4.300058e-01 4.983368e-02 1.396970e-01 1.566304e-02 -4.173371e-01 5.965763e-02 1.031921e-01 7.893536e-03 -7.733496e-02 2.408968e-02 7.546806e-01 5.925719e-02
1.837363e-02 4.076504e-01 5.335091e-02 1.197536e-01 1.598996e-02 -4.214443e-01 8.370885e-02 1.018494e-01 1.432836e-02 -4.875698e-02 2.269631e-02 8.162128e-01 1.349217e-01
2.001413e-02 4.186331e-01 4.190234e-02 1.156605e-01 1.629341e-02 -4.171284e-01 4.224454e-02 9.109030e-02 9.982476e-03 -4.538789e-02 1.578970e-02 8.263473e-01 6.877576e-02
2.231084e-02 4.162425e-01 4.831651e-02 1.505347e-01 2.052443e-02 -3.639503e-01 5.185904e-02 1.222291e-01 1.366137e-02 -7.437802e-02 1.643975e-02 7.249285e-01 9.223486e-02
2.526374e-02 4.177203e-01 4.225460e-02 1.157924e-01 2.034518e-02 -3.537983e-01 3.935039e-02 1.143228e-01 6.543473e-03 -1.952333e-02 3.201507e-02 8.171121e-01 8.126403e-02
2.887285e-02 4.485262e-01 7.193063e-02 1.450519e-01 2.521599e-02 -3.309787e-01 7.746049e-02 1.530463e-01 1.645360e-02 -7.150081e-02 3.369871e-02 7.407505e-01 8.384385e-02
3.313816e-02 3.962914e-01 2.779697e-02 1.133411e-01 2.297337e-02 -2.904280e-01 8.133012e-02 1.422314e-01 2.062508e-02 -5.959799e-02 2.576074e-02 7.602095e-01 9.109493e-02
2.132654e-02 3.299840e-01 3.147672e-02 8.952442e-02 1.626982e-02 -2.840333e-01 2.952403e-02 9.759398e-02 8.620926e-03 -2.328384e-03 2.016526e-02 6.917504e-01 5.274016e-02
2.165464e-02 4.615666e-01 4.948230e-02 1.729876e-01 2.332350e-02 -3.984806e-01 6.351989e-02 1.423435e-01 1.127703e-02 -9.579221e-02 2.495380e-02 8.025940e-01 1.450652e-01
2.263894e-02 4.191256e-01 5.358144e-02 1.416576e-01 1.563680e-02 -3.520601e-01 5.325484e-02 1.209695e-01 8.210483e-03 -7.779932e-02 1.857822e-02 6.877367e-01 7.639334e-02
2.427944e-02 4.391016e-01 4.030275e-02 1.403671e-01 1.689250e-02 -3.324032e-01 4.905371e-02 1.320733e-01 9.416604e-03 -3.638805e-02 2.242221e-02 7.411092e-01 9.435095e-02
2.657615e-02 4.932586e-01 6.267167e-02 1.433295e-01 2.694147e-02 -4.263398e-01 7.391598e-02 1.235991e-01 9.984291e-03 -7.774470e-02 3.144041e-02 8.689256e-01 1.193277e-01
2.952905e-02 4.292610e-01 5.053615e-02 1.313062e-01 2.622983e-02 -3.531067e-01 5.241824e-02 1.305845e-01 1.720412e-02 -6.107411e-02 1.973102e-02 7.825546e-01 8.961943e-02
3.313816e-02 4.297452e-01 2.994510e-02 1.060659e-01 1.473044e-02 -3.420140e-01 3.144678e-02 1.395319e-01 9.317800e-03 -8.548777e-02 2.581756e-02 8.537321e-01 1.141339e-01
3.740346e-02 4.512283e-01 3.023924e-02 1.126553e-01 1.122124e-02 -2.646041e-01 6.193778e-02 1.960929e-01 1.535627e-02 -3.036972e-02 3.003928e-02 9.256732e-01 1.322239e-01
8.202514e-03 3.788316e-01 8.818285e-02 1.276554e-01 2.637122e-02 -4.097559e-01 1.024010e-01 8.505974e-02 1.008149e-02 -6.408765e-02 2.941783e-02 7.118179e-01 1.353507e-01
8.530615e-03 3.091985e-01 7.548223e-02 1.049523e-01 6.525098e-03 -3.080350e-01 1.292457e-01 8.022206e-02 9.077518e-03 -2.741897e-02 2.085931e-02 5.628246e-01 1.930643e-01
9.514916e-03 3.512527e-01 4.855963e-02 1.168690e-01 1.276153e-02 -3.650181e-01 7.566451e-02 8.698560e-02 4.982521e-03 -3.821932e-02 2.309798e-02 6.667214e-01 1.110541e-01
1.115542e-02 3.168515e-01 5.412363e-02 1.123883e-01 2.358952e-02 -2.774704e-01 5.243048e-02 8.523904e-02 1.536520e-02 -2.006921e-02 8.682385e-03 5.600161e-01 1.082692e-01
1.345212e-02 3.986996e-01 6.984336e-02 1.239605e-01 1.967710e-02 -4.133052e-01 7.069784e-02 9.175805e-02 8.380306e-03 -5.711711e-02 2.333172e-02 7.161540e-01 5.834776e-02
1.640503e-02 3.922380e-01 1.002987e-01 1.150445e-01 4.201854e-02 -3.874621e-01 1.020757e-01 8.357547e-02 1.739284e-02 -5.292378e-02 4.178758e-02 6.916442e-01 1.061650e-01
2.001413e-02 3.478725e-01 3.070940e-02 1.022772e-01 2.146258e-02 -2.816110e-01 2.348819e-02 1.038857e-01 1.106998e-02 3.173648e-03 1.775838e-02 6.995605e-01 3.442069e-02
2.427944e-02 4.116429e-01 2.927510e-02 1.371476e-01 1.233580e-02 -3.620111e-01 2.029817e-02 1.236541e-01 9.169913e-03 -7.055635e-02 1.048573e-02 7.546872e-01 6.195027e-02
8.530615e-03 3.835693e-01 4.734754e-02 1.129430e-01 2.235262e-02 -4.561525e-01 5.993223e-02 7.731528e-02 1.089205e-02 -5.796146e-02 2.138905e-02 7.912289e-01 8.552593e-02
8.858715e-03 3.095909e-01 4.661835e-02 1.124606e-01 1.378705e-02 -2.809261e-01 6.681407e-02 7.673841e-02 5.459963e-03 -3.978530e-02 2.311883e-02 4.917690e-01 9.408205e-02
9.843017e-03 5.348688e-01 4.928274e-02 1.761796e-01 1.106801e-02 -5.785446e-01 8.421168e-02 9.337937e-02 4.820284e-03 -1.365144e-01 2.373200e-02 8.491537e-01 1.205277e-01
1.148352e-02 2.801170e-01 2.047345e-02 8.484539e-02 1.221387e-02 -2.778137e-01 2.411212e-02 7.470078e-02 7.209420e-03 -1.669160e-02 9.583392e-03 5.391318e-01 5.803840e-02
1.378022e-02 4.008067e-01 3.403716e-02 1.086039e-01 1.165622e-02 -4.447555e-01 2.493993e-02 8.782569e-02 7.156435e-03 -3.420406e-02 1.417920e-02 8.589866e-01 2.706134e-02
1.673313e-02 3.211700e-01 3.337401e-02 1.058143e-01 1.412262e-02 -3.029739e-01 3.392322e-02 8.942229e-02 7.853661e-03 -2.818222e-02 1.201053e-02 6.294128e-01 5.064613e-02
2.034224e-02 3.850483e-01 4.356612e-02 1.353280e-01 1.518191e-02 -3.799083e-01 4.594452e-02 1.164636e-01 7.417605e-03 -7.938895e-02 2.594524e-02 7.438963e-01 4.435934e-02
2.460754e-02 4.012543e-01 2.928306e-02 1.246987e-01 6.841202e-03 -3.644811e-01 4.917728e-02 1.209021e-01 5.935764e-03 -6.453883e-02 1.234955e-02 8.134227e-01 8.872133e-02
9.514916e-03 3.533232e-01 3.654069e-02 1.242182e-01 1.555069e-02 -3.315858e-01 3.241280e-02 8.754753e-02 8.842190e-03 -3.595585e-02 1.186684e-02 6.409262e-01 4.690231e-02
9.843017e-03 3.661235e-01 4.704065e-02 1.204804e-01 1.291271e-02 -3.911330e-01 8.192467e-02 8.431401e-02 8.097488e-03 -4.857755e-02 2.205185e-02 7.264934e-01 1.327065e-01
1.082732e-02 3.426802e-01 4.184142e-02 1.010231e-01 1.199902e-02 -3.762209e-01 4.741490e-02 7.982490e-02 5.991586e-03 -3.727299e-02 2.176580e-02 6.909505e-01 3.429856e-02
1.246782e-02 3.689400e-01 3.617619e-02 9.571340e-02 1.307546e-02 -4.266186e-01 5.567998e-02 7.324414e-02 7.802899e-03 -4.220608e-02 1.223867e-02 8.136229e-01 1.110257e-01
1.476453e-02 3.577971e-01 7.438784e-02 1.036150e-01 2.127343e-02 -3.699443e-01 1.020374e-01 7.829289e-02 1.001409e-02 -4.010843e-02 2.611134e-02 6.998639e-01 1.615005e-01
1.771743e-02 5.337225e-01 6.661788e-02 1.560175e-01 1.670372e-02 -5.791554e-01 1.101756e-01 9.892357e-02 6.571261e-03 -9.742821e-02 3.018220e-02 1.050135e+00 1.756388e-01
2.132654e-02 3.956672e-01 5.857410e-02 1.140215e-01 1.414974e-02 -3.611036e-01 7.897344e-02 1.035584e-01 3.612263e-03 -4.931066e-02 1.698990e-02 7.936507e-01 1.640405e-01
2.559184e-02 4.828184e-01 5.926701e-02 1.755822e-01 2.779825e-02 -3.864697e-01 7.079041e-02 1.556534e-01 1.559304e-02 -4.807769e-02 3.855301e-02 8.594224e-01 9.288836e-02
1.115542e-02 3.792553e-01 1.853080e-02 1.166043e-01 1.351616e-02 -4.084198e-01 3.813862e-02 8.004115e-02 6.781137e-03 -5.467355e-02 1.897971e-02 7.440159e-01 8.594182e-02
1.148352e-02 3.640631e-01 3.184636e-02 1.275572e-01 8.164844e-03 -3.547851e-01 3.987244e-02 9.554178e-02 5.319547e-03 -5.163074e-02 6.688804e-03 6.431850e-01 4.506062e-02
1.246782e-02 2.966575e-01 2.652947e-02 7.100193e-02 1.011473e-02 -3.629830e-01 5.894051e-02 6.801192e-02 7.220135e-03 -1.259401e-02 1.733330e-02 7.637663e-01 1.320641e-01
1.410832e-02 4.373936e-01 3.626324e-02 1.218513e-01 1.071204e-02 -4.396169e-01 4.422400e-02 8.296406e-02 6.414509e-03 -5.278504e-02 1.317463e-02 7.572338e-01 6.460391e-02
1.640503e-02 4.306020e-01 7.129000e-02 1.456953e-01 2.392845e-02 -4.319100e-01 1.270502e-01 1.172538e-01 8.290830e-03 -7.424414e-02 3.373446e-02 8.013558e-01 2.260327e-01
1.935793e-02 4.261925e-01 4.957302e-02 1.503078e-01 3.176658e-02 -3.458269e-01 3.494369e-02 1.277675e-01 1.459603e-02 -5.086901e-02 1.521371e-02 6.707137e-01 7.091395e-02
2.296704e-02 3.299028e-01 2.645763e-02 8.913027e-02 1.419328e-02 -2.579937e-01 2.654171e-02 8.431592e-02 6.435831e-03 -2.959544e-02 1.959982e-02 5.769479e-01 6.016130e-02
2.723235e-02 5.262132e-01 3.257615e-02 1.529391e-01 2.390639e-02 -4.534044e-01 4.473036e-02 1.292050e-01 1.257793e-02 -1.016020e-01 2.640528e-02 8.902013e-01 8.115998e-02
1.345212e-02 4.154933e-01 4.497882e-02 1.343450e-01 1.498415e-02 -4.115606e-01 5.477256e-02 8.992209e-02 6.612273e-03 -6.879111e-02 1.519515e-02 7.389957e-01 6.889126e-02
1.378022e-02 3.055307e-01 3.587088e-02 9.175223e-02 1.438612e-02 -3.043058e-01 3.813854e-02 7.306552e-02 4.594642e-03 -2.864997e-02 1.744143e-02 6.434133e-01 7.143118e-02
1.476453e-02 4.234228e-01 5.321243e-02 1.242116e-01 2.203737e-02 -4.344009e-01 4.572985e-02 8.488108e-02 1.173617e-02 -5.307441e-02 1.556496e-02 7.979648e-01 6.924960e-02
1.640503e-02 3.859112e-01 2.637104e-02 1.276854e-01 1.021774e-02 -3.367217e-01 4.258375e-02 9.960853e-02 3.834084e-03 -5.390889e-02 9.640115e-03 5.870825e-01 8.583097e-02
1.870173e-02 4.462868e-01 4.351468e-02 1.391374e-01 2.448475e-02 -4.641095e-01 6.001566e-02 1.019341e-01 1.245081e-02 -7.067913e-02 1.969977e-02 9.318097e-01 8.279605e-02
2.165464e-02 4.601028e-01 8.518024e-02 1.521975e-01 2.404273e-02 -4.094894e-01 9.965385e-02 1.162656e-01 1.363478e-02 -8.350081e-02 2.924077e-02 7.703722e-01 8.524839e-02
2.526374e-02 4.786782e-01 4.594103e-02 1.441958e-01 1.411729e-02 -4.449702e-01 7.320760e-02 1.117243e-01 6.193883e-03 -9.018957e-02 2.645863e-02 8.587700e-01 1.115172e-01
2.952905e-02 4.778059e-01 7.442561e-02 1.418952e-01 3.330725e-02 -3.217488e-01 8.978985e-02 1.435530e-01 1.074794e-02 -6.538795e-02 4.680939e-02 7.159812e-01 1.313503e-01
1.640503e-02 4.518623e-01 8.654531e-02 1.282436e-01 2.864073e-02 -5.128888e-01 1.387580e-01 9.375206e-02 1.067825e-02 -7.637031e-02 4.164246e-02 9.470873e-01 2.394727e-01
1.673313e-02 4.434139e-01 5.404365e-02 1.510984e-01 1.394897e-02 -3.592048e-01 6.558476e-02 1.077557e-01 7.488574e-03 -6.565356e-02 2.618193e-02 6.995389e-01 8.274300e-02
1.771743e-02 3.830537e-01 5.941822e-02 1.211934e-01 2.662279e-02 -3.649486e-01 5.791765e-02 9.498459e-02 1.230858e-02 -5.630106e-02 2.626103e-02 6.916084e-01 8.331073e-02
1.935793e-02 4.936794e-01 3.361655e-02 1.531252e-01 1.895987e-02 -4.603306e-01 4.648884e-02 1.073864e-01 8.026462e-03 -9.802266e-02 1.905562e-02 7.905860e-01 1.013240e-01
2.165464e-02 4.355192e-01 5.291554e-02 1.283464e-01 1.073919e-02 -3.847465e-01 8.526547e-02 9.786889e-02 7.362831e-03 -4.269071e-02 1.601050e-02 7.738060e-01 1.243830e-01
2.460754e-02 3.994795e-01 2.742081e-02 1.270673e-01 1.408337e-02 -3.449714e-01 4.459424e-02 1.192847e-01 1.354618e-02 -4.695528e-02 2.576265e-02 7.568290e-01 3.975724e-02
2.821665e-02 3.971635e-01 3.844623e-02 1.148141e-01 1.882449e-02 -2.867735e-01 1.640096e-02 1.192987e-01 5.933387e-03 -3.517227e-02 1.418142e-02 7.878725e-01 5.526042e-02
3.248196e-02 4.866448e-01 3.611367e-02 1.439426e-01 1.069231e-02 -3.370078e-01 3.492169e-02 1.632914e-01 8.271255e-03 -6.025544e-02 1.248865e-02 7.709848e-01 4.694362e-02
2.001413e-02 4.601113e-01 4.585207e-02 1.457765e-01 1.465055e-02 -4.062425e-01 6.579667e-02 1.225497e-01 9.835448e-03 -5.132848e-02 2.595917e-02 8.457780e-01 1.465903e-01
2.034224e-02 4.215889e-01 4.713155e-02 1.186170e-01 1.133214e-02 -3.991815e-01 5.792321e-02 9.055186e-02 4.598107e-03 -5.207284e-02 1.713400e-02 8.131440e-01 7.628040e-02
2.132654e-02 4.359141e-01 5.393317e-02 1.503521e-01 3.043394e-02 -3.270335e-01 4.773013e-02 1.171773e-01 1.199654e-02 -5.793646e-02 3.212427e-02 5.986674e-01 7.142819e-02
2.296704e-02 4.151766e-01 3.634069e-02 1.241402e-01 1.457016e-02 -3.522914e-01 7.920117e-02 1.068985e-01 1.038266e-02 -4.632950e-02 2.346354e-02 7.258171e-01 1.439524e-01
2.526374e-02 4.293872e-01 3.623437e-02 1.466898e-01 2.157994e-02 -2.939458e-01 5.027052e-02 1.272135e-01 9.806210e-03 -6.037958e-02 2.844777e-02 6.167907e-01 7.538678e-02
2.821665e-02 3.748514e-01 5.171465e-02 1.174857e-01 1.540068e-02 -2.900695e-01 5.887568e-02 1.318270e-01 6.607978e-03 -4.193056e-02 2.402905e-02 7.555973e-01 8.716470e-02
3.182575e-02 4.367885e-01 4.313016e-02 1.308135e-01 1.396631e-02 -2.876120e-01 4.058395e-02 1.609663e-01 1.016753e-02 -5.108630e-02 1.331882e-02 7.222044e-01 5.120183e-02
3.609106e-02 5.054496e-01 8.162885e-02 1.253230e-01 3.112428e-02 -3.771867e-01 5.297033e-02 1.905196e-01 2.318239e-02 -8.180495e-02 2.067411e-02 1.047475e+00 9.453216e-02
2.427944e-02 4.640851e-01 6.391009e-02 1.553405e-01 2.878718e-02 -3.796423e-01 6.685851e-02 1.245271e-01 1.817210e-02 -8.446862e-02 1.286538e-02 7.854861e-01 8.247464e-02
2.460754e-02 3.957220e-01 2.551399e-02 1.122075e-01 1.090316e-02 -3.412956e-01 2.999602e-02 9.874403e-02 9.713543e-03 -6.034831e-02 2.063702e-02 7.593296e-01 2.323190e-02
2.559184e-02 4.781163e-01 3.650120e-02 1.607650e-01 1.163972e-02 -3.730298e-01 5.758758e-02 1.387753e-01 1.115646e-02 -6.718410e-02 2.157041e-02 8.028336e-01 5.330218e-02
2.723235e-02 4.379079e-01 4.794942e-02 1.449579e-01 2.222928e-02 -3.478517e-01 8.036886e-02 1.300183e-01 7.535512e-03 -6.480379e-02 3.017453e-02 8.392459e-01 1.251039e-01
2.952905e-02 4.860887e-01 5.682177e-02 1.270930e-01 1.235405e-02 -3.747842e-01 9.230649e-02 1.251692e-01 7.152824e-03 -3.688548e-02 2.520608e-02 8.631047e-01 1.812576e-01
3.248196e-02 4.493385e-01 2.861128e-02 1.457130e-01 2.402301e-02 -3.171166e-01 2.952228e-02 1.716730e-01 9.883902e-03 -6.778297e-02 1.318989e-02 8.296013e-01 7.150931e-02
3.609106e-02 4.582862e-01 3.257368e-02 1.488050e-01 1.454398e-02 -2.887977e-01 3.868493e-02 1.901492e-01 1.095223e-02 -8.951123e-02 3.217656e-02 8.692512e-01 5.853128e-02
4.035637e-02 5.040601e-01 4.846330e-02 1.584385e-01 3.016597e-02 -2.812298e-01 6.755508e-02 2.056716e-01 2.388840e-02 -8.483899e-02 4.301387e-02 8.389720e-01 8.330757e-02
1.181162e-02 3.688672e-01 2.616077e-02 1.168750e-01 7.346726e-03 -3.993065e-01 2.666414e-02 8.375806e-02 8.160407e-03 -5.728466e-02 1.085666e-02 7.338436e-01 5.031819e-02
1.213972e-02 3.655976e-01 4.333234e-02 1.346653e-01 1.333288e-02 -3.244854e-01 4.958907e-02 9.913658e-02 5.108839e-03 -4.922111e-02 1.718235e-02 5.743982e-01 6.920464e-02
1.312402e-02 4.285895e-01 6.007581e-02 1.199176e-01 1.774917e-02 -4.776202e-01 7.581705e-02 7.864222e-02 9.197988e-03 -6.891828e-02 2.315384e-02 8.337958e-01 1.245324e-01
1.476453e-02 4.402640e-01 4.382963e-02 1.400814e-01 1.363357e-02 -4.318023e-01 7.345028e-02 9.796831e-02 5.044739e-03 -6.811392e-02 2.648289e-02 7.521077e-01 1.148307e-01
1.706123e-02 4.098266e-01 2.537683e-02 1.193675e-01 1.192017e-02 -3.981437e-01 3.179968e-02 9.318386e-02 9.357389e-03 -3.492515e-02 1.157184e-02 7.866903e-01 5.131417e-02
2.001413e-02 4.319059e-01 5.800217e-02 1.262637e-01 1.384914e-02 -4.447709e-01 9.533660e-02 1.032860e-01 2.584163e-03 -5.334352e-02 2.676932e-02 8.863568e-01 1.487909e-01
2.362324e-02 5.331692e-01 6.675604e-02 1.761530e-01 3.305111e-02 -4.918536e-01 9.474392e-02 1.289860e-01 1.335031e-02 -1.024257e-01 4.453751e-02 9.401240e-01 9.484425e-02
2.788855e-02 4.553865e-01 4.679610e-02 1.308181e-01 2.902847e-02 -3.230847e-01 5.239917e-02 1.186895e-01 2.215578e-02 -4.640688e-02 2.171625e-02 7.178202e-01 5.079120e-02
1.213972e-02 3.416344e-01 3.785117e-02 1.050172e-01 1.885517e-02 -3.387017e-01 3.931129e-02 8.105168e-02 7.535676e-03 -3.257782e-02 1.691115e-02 6.411471e-01 5.892194e-02
1.246782e-02 4.010747e-01 5.576049e-02 1.124346e-01 2.345780e-02 -4.282107e-01 6.274914e-02 8.802293e-02 8.825083e-03 -3.144999e-02 2.056773e-02 8.040035e-01 1.330234e-01
1.345212e-02 3.615912e-01 5.597274e-03 9.901341e-02 1.254781e-02 -3.860947e-01 1.752111e-02 7.970785e-02 7.941652e-03 -3.012420e-02 9.006618e-03 7.072441e-01 5.190212e-02
1.509263e-02 3.660055e-01 5.744701e-02 1.085171e-01 1.621603e-02 -3.559569e-01 7.043323e-02 8.756808e-02 7.925782e-03 -2.740123e-02 1.821276e-02 7.297028e-01 1.361390e-01
1.738933e-02 3.647745e-01 2.948303e-02 1.011138e-01 6.196731e-03 -3.981061e-01 2.789438e-02 8.420059e-02 7.106670e-03 -3.508640e-02 9.452612e-03 7.958700e-01 4.450121e-02
2.034224e-02 4.043337e-01 5.022934e-02 1.356666e-01 2.197034e-02 -3.440906e-01 5.490663e-02 1.056784e-01 1.104290e-02 -4.069842e-02 2.765949e-02 7.079769e-01 6.846152e-02
2.395134e-02 3.992600e-01 2.734805e-02 1.379240e-01 1.860869e-02 -3.194160e-01 2.794936e-02 1.272893e-01 1.143715e-02 -5.899608e-02 1.739110e-02 6.380171e-01 5.284471e-02
2.821665e-02 3.563297e-01 1.665152e-02 1.184206e-01 6.181472e-03 -2.828536e-01 1.899458e-02 1.129432e-01 8.033585e-03 -5.633323e-02 1.429561e-02 6.688193e-01 3.720900e-02
1.312402e-02 3.263424e-01 3.658825e-02 1.124843e-01 1.242068e-02 -3.237982e-01 4.523523e-02 8.717756e-02 7.511298e-03 -3.670198e-02 1.584835e-02 6.362707e-01 6.093950e-02
1.345212e-02 3.686477e-01 4.724014e-02 9.079650e-02 9.610162e-03 -4.246735e-01 5.464707e-02 7.017941e-02 2.270596e-03 -4.212936e-02 1.606387e-02 7.829052e-01 4.616767e-02
1.443642e-02 5.404965e-01 1.435426e-01 1.560293e-01 4.729496e-02 -6.153228e-01 1.714403e-01 1.001758e-01 1.992589e-02 -8.882771e-02 4.923272e-02 1.074346e+00 2.405572e-01
1.607693e-02 4.999728e-01 9.123430e-02 1.533494e-01 2.142845e-02 -4.695339e-01 1.154631e-01 1.036838e-01 8.804238e-03 -7.978566e-02 2.280322e-02 7.856026e-01 1.660252e-01
1.837363e-02 3.531754e-01 2.798094e-02 1.190786e-01 2.164118e-02 -3.076454e-01 2.735980e-02 1.049281e-01 1.240759e-02 -1.876839e-02 1.787724e-02 6.713248e-01 3.820142e-02
2.132654e-02 4.285577e-01 7.164172e-02 1.360344e-01 2.194745e-02 -4.441152e-01 8.744585e-02 1.178295e-01 1.195562e-02 -6.727628e-02 2.814741e-02 9.228222e-01 1.029038e-01
2.493564e-02 4.480848e-01 6.363835e-02 1.443045e-01 2.338515e-02 -3.905932e-01 6.061543e-02 1.373085e-01 1.982709e-02 -4.841979e-02 9.501004e-03 8.820591e-01 1.225292e-01
2.920095e-02 4.387687e-01 4.200676e-02 1.182395e-01 1.021038e-02 -3.198881e-01 2.806212e-02 1.236468e-01 6.585011e-03 -3.586225e-02 1.567067e-02 7.794413e-01 3.964186e-02
1.476453e-02 3.877577e-01 6.633976e-02 1.240434e-01 1.181572e-02 -3.941089e-01 1.068688e-01 8.853774e-02 6.215534e-03 -6.356028e-02 1.444182e-02 7.206552e-01 1.836202e-01
1.509263e-02 4.318746e-01 7.695663e-02 1.327644e-01 2.150496e-02 -4.634286e-01 9.406966e-02 9.751701e-02 5.824860e-03 -8.091448e-02 2.479107e-02 8.203995e-01 1.297198e-01
1.607693e-02 4.069924e-01 5.815357e-02 1.204224e-01 1.780948e-02 -3.916251e-01 6.822843e-02 8.776788e-02 8.137538e-03 -5.235980e-02 1.674656e-02 6.495549e-01 9.219445e-02
1.771743e-02 4.312719e-01 3.863331e-02 1.356017e-01 1.620281e-02 -4.163447e-01 4.238168e-02 9.901452e-02 7.518322e-03 -6.371665e-02 2.108223e-02 7.748539e-01 5.356929e-02
2.001413e-02 4.849812e-01 5.833376e-02 1.564047e-01 1.637142e-02 -4.442503e-01 7.114749e-02 1.039093e-01 9.373025e-03 -8.705072e-02 1.881340e-02 8.244918e-01 9.685911e-02
2.296704e-02 4.856471e-01 5.321647e-02 1.680004e-01 2.924064e-02 -3.903777e-01 6.597995e-02 1.390431e-01 1.477953e-02 -5.952945e-02 2.852688e-02 7.753281e-01 8.278244e-02
2.657615e-02 4.601065e-01 4.797478e-02 1.417835e-01 1.372265e-02 -3.617591e-01 8.263740e-02 1.231848e-01 1.293061e-02 -6.416270e-02 2.205424e-02 7.753265e-01 1.433786e-01
3.084145e-02 4.453448e-01 4.299295e-02 1.509649e-01 1.745029e-02 -3.272747e-01 7.836732e-02 1.525284e-01 1.949827e-02 -6.018176e-02 1.861367e-02 8.585225e-01 1.267683e-01
1.706123e-02 4.911633e-01 1.084710e-01 1.355465e-01 3.115457e-02 -5.039415e-01 1.335720e-01 8.660228e-02 9.848059e-03 -8.094747e-02 4.129726e-02 8.470655e-01 1.741630e-01
1.738933e-02 4.225617e-01 4.183923e-02 1.198026e-01 1.236703e-02 -4.297356e-01 7.314976e-02 9.647762e-02 1.720014e-02 -4.620834e-02 2.316050e-02 8.401124e-01 9.852734e-02
1.837363e-02 3.535534e-01 5.438026e-02 1.333353e-01 1.455489e-02 -2.862215e-01 9.142978e-02 1.029349e-01 7.780073e-03 -3.010909e-02 2.669383e-02 6.835907e-01 1.150551e-01
2.001413e-02 3.876522e-01 3.722611e-02 1.314755e-01 2.088410e-02 -3.476585e-01 6.278284e-02 1.041236e-01 1.114488e-02 -6.688709e-02 2.414029e-02 7.007812e-01 1.129853e-01
2.231084e-02 4.819597e-01 7.004384e-02 1.650539e-01 2.347208e-02 -4.364347e-01 9.688350e-02 1.330925e-01 1.671862e-02 -7.327151e-02 3.223743e-02 8.601036e-01 1.307153e-01
2.526374e-02 4.207859e-01 3.907217e-02 1.510827e-01 1.932142e-02 -3.378091e-01 4.181483e-02 1.245294e-01 8.233471e-03 -5.503701e-02 1.872274e-02 7.427131e-01 1.030476e-01
2.887285e-02 4.417959e-01 3.579267e-02 1.602806e-01 1.486686e-02 -3.670757e-01 2.188863e-02 1.693069e-01 1.235561e-02 -6.521160e-02 2.249367e-02 8.580526e-01 4.017242e-02
3.313816e-02 4.202984e-01 4.060289e-02 1.043421e-01 2.158584e-02 -2.424957e-01 2.358198e-02 1.479284e-01 1.041487e-02 -1.658440e-02 1.412293e-02 6.991086e-01 4.494673e-02
2.001413e-02 4.059012e-01 4.417059e-02 1.350914e-01 1.333779e-02 -3.764645e-01 5.440657e-02 1.043149e-01 1.096105e-02 -7.048347e-02 2.176190e-02 7.488769e-01 7.387121e-02
2.034224e-02 3.699529e-01 4.879853e-02 1.130301e-01 1.467016e-02 -3.370016e-01 4.293184e-02 9.366823e-02 7.469621e-03 -5.327627e-02 1.842585e-02 6.346221e-01 4.161804e-02
2.132654e-02 3.345504e-01 3.102463e-02 1.063224e-01 1.155824e-02 -3.455461e-01 3.623038e-02 1.017421e-01 7.194445e-03 -6.085239e-02 1.896594e-02 8.105567e-01 4.030753e-02
2.296704e-02 4.705099e-01 7.110301e-02 1.166887e-01 2.412568e-02 -4.529247e-01 8.690645e-02 1.007452e-01 8.707868e-03 -7.479840e-02 3.095287e-02 7.943817e-01 1.195866e-01
2.526374e-02 4.312556e-01 5.110549e-02 1.533405e-01 2.427860e-02 -3.921262e-01 5.942769e-02 1.260604e-01 1.163348e-02 -1.003383e-01 2.109919e-02 7.737424e-01 9.358245e-02
2.821665e-02 3.609036e-01 3.738941e-02 1.108033e-01 1.369836e-02 -3.205987e-01 4.595537e-02 1.347009e-01 1.244262e-02 -6.997349e-02 2.384489e-02 7.560952e-01 1.019013e-01
3.182575e-02 4.765287e-01 8.048057e-02 1.437141e-01 2.527641e-02 -3.784246e-01 7.623920e-02 1.406593e-01 9.295078e-03 -8.060349e-02 2.722830e-02 8.767099e-01 6.618530e-02
3.609106e-02 4.590193e-01 7.148721e-02 1.381133e-01 2.803911e-02 -3.088431e-01 4.515111e-02 1.582128e-01 9.800970e-03 -5.728261e-02 1.320918e-02 9.062016e-01 1.330507e-01
2.362324e-02 4.223777e-01 4.883897e-02 1.351331e-01 2.055162e-02 -2.815437e-01 6.121600e-02 1.162362e-01 9.019525e-03 -4.439743e-02 2.462186e-02 5.953280e-01 7.069098e-02
2.395134e-02 4.200072e-01 3.131173e-02 1.245048e-01 1.050752e-02 -3.698357e-01 2.503087e-02 1.084338e-01 6.734823e-03 -5.789227e-02 2.262093e-02 8.125331e-01 8.971864e-02
2.493564e-02 4.686729e-01 3.673584e-02 1.592557e-01 1.504142e-02 -3.388906e-01 2.788722e-02 1.352435e-01 7.728065e-03 -4.610929e-02 1.010224e-02 7.543623e-01 6.268163e-02
2.657615e-02 3.650571e-01 1.588369e-02 9.685280e-02 1.671804e-02 -3.080640e-01 4.353717e-02 9.390973e-02 8.201167e-03 -3.745493e-02 1.963643e-02 7.940132e-01 1.074664e-01
2.887285e-02 3.736009e-01 2.849225e-02 1.113759e-01 1.456632e-02 -3.021673e-01 2.457664e-02 1.272680e-01 1.599349e-02 -4.607042e-02 1.560429e-02 7.486713e-01 5.473813e-02
3.182575e-02 4.739648e-01 2.771167e-02 1.509447e-01 6.420198e-03 -3.543126e-01 5.714649e-02 1.431001e-01 1.024370e-02 -7.928158e-02 1.776126e-02 7.595360e-01 9.851837e-02
3.543486e-02 4.484497e-01 4.436248e-02 1.348042e-01 2.295512e-02 -2.773468e-01 5.099398e-02 1.788535e-01 1.609115e-02 -6.015286e-02 1.664981e-02 8.942747e-01 9.803089e-02
3.970017e-02 5.139828e-01 4.373841e-02 1.562947e-01 2.395585e-02 -3.188192e-01 4.614636e-02 2.139407e-01 1.191876e-02 -5.668471e-02 3.844894e-02 9.460486e-01 9.073490e-02
2.788855e-02 5.082197e-01 3.808853e-02 1.400885e-01 1.066763e-02 -4.620340e-01 4.075286e-02 1.208438e-01 1.150514e-02 -8.642891e-02 6.583370e-03 8.998076e-01 9.432509e-02
2.821665e-02 4.407609e-01 5.142496e-02 1.264225e-01 2.532982e-02 -3.658089e-01 1.856596e-02 1.313240e-01 8.356955e-03 -7.343521e-02 2.616038e-02 8.251879e-01 3.643157e-02
2.920095e-02 4.667258e-01 3.871030e-02 1.527592e-01 2.558244e-02 -3.633561e-01 3.834635e-02 1.422308e-01 1.340482e-02 -7.853512e-02 1.962582e-02 7.576312e-01 4.741883e-02
3.084145e-02 4.589277e-01 2.639212e-02 1.217068e-01 2.001299e-02 -4.116411e-01 4.995023e-02 1.555815e-01 1.691646e-02 -6.948326e-02 2.942397e-02 9.672927e-01 9.555218e-02
3.313816e-02 5.225142e-01 4.538075e-02 1.526586e-01 2.227764e-02 -3.802465e-01 4.402163e-02 1.597517e-01 1.069170e-02 -9.282119e-02 3.189389e-02 8.090782e-01 8.644682e-02
3.609106e-02 5.044336e-01 2.756312e-02 1.404346e-01 1.255720e-02 -3.445165e-01 5.321264e-02 1.666727e-01 9.447460e-03 -8.108818e-02 1.808397e-02 8.849622e-01 1.112323e-01
3.970017e-02 4.631450e-01 3.427137e-02 1.060301e-01 1.866380e-02 -2.481109e-01 3.426663e-02 1.888347e-01 1.523375e-02 -8.119331e-02 2.352252e-02 7.922785e-01 9.041842e-02
4.396548e-02 5.151239e-01 1.531665e-02 1.224011e-01 1.946162e-02 -2.552177e-01 4.691886e-02 2.080345e-01 1.893845e-02 -1.366273e-01 1.553086e-02 8.447965e-01 1.068289e-01
1.607693e-02 3.288733e-01 1.909325e-02 1.017846e-01 1.222912e-02 -3.354082e-01 4.550122e-02 9.372330e-02 3.914259e-03 -2.740794e-02 1.775960e-02 7.537622e-01 1.225946e-01
1.640503e-02 3.596228e-01 5.171223e-02 1.197209e-01 1.110169e-02 -3.373240e-01 5.416755e-02 9.635571e-02 8.610563e-03 -5.228835e-02 1.083522e-02 6.131952e-01 8.659438e-02
1.738933e-02 3.791538e-01 3.884635e-02 1.321320e-01 1.575132e-02 -3.311019e-01 3.021463e-02 1.012942e-01 8.613474e-03 -6.733353e-02 1.411909e-02 6.452855e-01 5.255160e-02
1.902983e-02 4.335751e-01 4.889294e-02 1.350826e-01 2.479312e-02 -3.780130e-01 4.158985e-02 1.040350e-01 1.401466e-02 -5.430971e-02 1.049261e-02 7.451227e-01 9.167704e-02
2.132654e-02 4.802480e-01 4.045343e-02 1.380971e-01 1.434439e-02 -4.597451e-01 5.226898e-02 1.050970e-01 7.720740e-03 -7.618575e-02 2.437165e-02 8.660464e-01 3.034981e-02
2.427944e-02 4.237410e-01 4.858036e-02 1.259722e-01 1.359243e-02 -3.441953e-01 6.625051e-02 1.073330e-01 5.883975e-03 -5.055165e-02 1.664697e-02 7.694092e-01 8.557875e-02
2.788855e-02 4.071084e-01 2.767882e-02 1.307793e-01 1.066774e-02 -3.639316e-01 4.711963e-02 1.329705e-01 1.139097e-02 -9.481586e-02 1.627529e-02 8.951479e-01 5.057111e-02
3.215386e-02 4.290310e-01 4.080093e-02 1.255128e-01 2.219392e-02 -3.401343e-01 7.257226e-02 1.597426e-01 1.541383e-02 -7.462645e-02 2.662092e-02 8.730703e-01 1.167751e-01
1.640503e-02 4.102354e-01 4.589639e-02 1.107251e-01 1.887884e-02 -4.536339e-01 8.728482e-02 8.462348e-02 6.499676e-03 -5.918872e-02 2.596245e-02 8.436110e-01 1.672353e-01
1.673313e-02 3.799566e-01 5.096016e-02 1.285322e-01 1.668115e-02 -3.500120e-01 5.195748e-02 1.025794e-01 8.918921e-03 -5.035981e-02 2.300589e-02 6.645230e-01 5.670756e-02
1.771743e-02 5.065702e-01 3.036834e-02 1.605081e-01 1.665787e-02 -4.986115e-01 3.559484e-02 9.642005e-02 7.842430e-03 -1.096362e-01 1.715874e-02 8.365283e-01 4.335725e-02
1.935793e-02 3.858615e-01 1.865329e-02 1.209686e-01 1.232274e-02 -3.523616e-01 2.539843e-02 9.254384e-02 9.250328e-03 -5.384188e-02 1.251506e-02 7.341143e-01 5.280526e-02
2.165464e-02 4.134064e-01 4.871983e-02 1.154342e-01 1.315601e-02 -3.906886e-01 7.370579e-02 1.024167e-01 3.157508e-03 -3.720495e-02 2.803284e-02 8.075079e-01 1.074874e-01
2.460754e-02 4.488331e-01 4.327914e-02 1.235728e-01 1.182440e-02 -3.871481e-01 8.181447e-02 1.156270e-01 6.474154e-03 -4.674083e-02 3.293720e-02 8.053193e-01 1.068787e-01
2.821665e-02 3.563662e-01 3.254784e-02 1.339453e-01 1.275888e-02 -2.630527e-01 8.380308e-02 1.380129e-01 8.699474e-03 -5.087403e-02 1.885013e-02 7.233473e-01 1.532384e-01
3.248196e-02 4.553787e-01 2.153575e-02 1.466036e-01 1.664163e-02 -3.261390e-01 2.658500e-02 1.695713e-01 2.022396e-02 -8.523922e-02 1.919307e-02 8.783562e-01 8.288649e-02
1.738933e-02 4.324868e-01 3.808030e-02 1.381893e-01 1.972098e-02 -4.280110e-01 5.051248e-02 1.062013e-01 1.073046e-02 -6.852602e-02 3.069515e-02 7.936158e-01 5.481113e-02
1.771743e-02 3.977486e-01 2.421617e-02 1.392684e-01 8.038899e-03 -3.754126e-01 3.817511e-02 1.065466e-01 3.569470e-03 -5.881272e-02 1.379987e-02 7.337248e-01 7.206715e-02
1.870173e-02 4.371440e-01 9.506097e-02 1.262592e-01 2.161483e-02 -4.431062e-01 1.505378e-01 8.872066e-02 5.625076e-03 -7.418696e-02 3.373331e-02 8.283336e-01 2.288855e-01
2.034224e-02 3.800314e-01 2.648908e-02 1.160748e-01 1.546970e-02 -3.273514e-01 1.723998e-02 1.057222e-01 6.993512e-03 -2.229771e-02 1.634033e-02 7.084363e-01 6.203997e-02
2.263894e-02 4.103980e-01 2.906668e-02 1.187673e-01 2.135247e-02 -3.786397e-01 1.797559e-02 1.049203e-01 9.947158e-03 -4.051845e-02 2.227611e-02 8.736389e-01 4.093395e-02
2.559184e-02 4.860314e-01 4.365243e-02 1.711402e-01 9.011684e-03 -3.776840e-01 6.033967e-02 1.430725e-01 1.341449e-02 -8.130288e-02 2.614424e-02 7.647659e-01 7.446745e-02
2.920095e-02 4.550112e-01 4.203683e-02 1.198983e-01 6.215215e-03 -4.116388e-01 4.396035e-02 1.248285e-01 8.112742e-03 -5.373559e-02 1.746629e-02 9.009792e-01 6.593669e-02
3.346626e-02 4.670756e-01 5.038039e-02 1.184694e-01 2.062775e-02 -2.862282e-01 7.600705e-02 1.540309e-01 1.243365e-02 -1.831599e-02 1.090641e-02 8.092532e-01 1.437435e-01
1.902983e-02 4.729274e-01 9.859391e-02 1.461808e-01 3.252496e-02 -4.459602e-01 8.788019e-02 1.154032e-01 1.207896e-02 -6.025688e-02 2.934312e-02 8.810223e-01 8.183111e-02
1.935793e-02 4.443726e-01 4.819107e-02 1.433017e-01 1.219126e-02 -4.068054e-01 6.055110e-02 1.005099e-01 4.990162e-03 -9.325019e-02 2.729728e-02 6.907235e-01 5.609127e-02
2.034224e-02 4.983705e-01 5.578795e-02 1.465876e-01 2.514122e-02 -4.235361e-01 2.626540e-02 1.029147e-01 1.128522e-02 -7.546388e-02 2.088731e-02 7.235506e-01 3.772087e-02
2.198274e-02 4.692966e-01 5.146177e-02 1.561442e-01 1.755636e-02 -3.904033e-01 6.092150e-02 1.283449e-01 7.967351e-03 -7.687570e-02 2.086531e-02 6.868221e-01 1.092151e-01
2.427944e-02 4.706372e-01 4.486534e-02 1.374507e-01 1.412541e-02 -4.349750e-01 5.221273e-02 1.234838e-01 1.200406e-02 -4.494214e-02 2.540564e-02 8.996890e-01 7.754678e-02
2.723235e-02 4.768856e-01 4.635992e-02 1.544796e-01 2.356416e-02 -4.036249e-01 8.018795e-02 1.411492e-01 1.329902e-02 -7.348869e-02 2.945339e-02 8.929652e-01 1.140201e-01
3.084145e-02 4.144742e-01 3.244946e-02 1.241064e-01 2.125252e-02 -3.152029e-01 2.988534e-02 1.436497e-01 1.582861e-02 -5.790407e-02 2.520010e-02 9.034667e-01 4.492337e-02
3.510676e-02 4.854594e-01 2.511610e-02 1.471266e-01 2.391873e-02 -3.490277e-01 5.922505e-02 1.513756e-01 2.155932e-02 -9.270014e-02 3.737870e-02 9.636476e-01 7.893334e-02
2.132654e-02 4.319074e-01 2.232851e-02 1.223154e-01 1.461897e-02 -4.110796e-01 1.747864e-02 9.854806e-02 1.416240e-02 -5.407431e-02 1.735004e-02 8.597290e-01 6.656315e-02
2.165464e-02 4.514719e-01 4.772427e-02 1.625060e-01 2.133459e-02 -4.048673e-01 6.045136e-02 1.149005e-01 8.099084e-03 -1.129114e-01 2.379268e-02 7.069680e-01 8.890083e-02
2.263894e-02 3.970007e-01 2.960925e-02 1.208138e-01 2.001299e-02 -3.068250e-01 2.138845e-02 1.026992e-01 1.201139e-02 -4.938461e-02 1.378656e-02 6.582395e-01 4.191837e-02
2.427944e-02 4.464542e-01 4.873363e-02 1.392448e-01 1.928506e-02 -4.060305e-01 8.821309e-02 1.177936e-01 1.832989e-02 -6.429408e-02 1.518231e-02 8.319266e-01 1.466890e-01
2.657615e-02 5.498159e-01 5.548337e-02 1.715053e-01 1.269959e-02 -5.033858e-01 7.595335e-02 1.431523e-01 6.653716e-03 -1.224916e-01 1.336156e-02 9.188444e-01 1.022258e-01
2.952905e-02 4.939420e-01 3.468167e-02 1.651208e-01 2.503999e-02 -3.698945e-01 4.857186e-02 1.568286e-01 1.539014e-02 -8.156405e-02 2.527159e-02 7.980168e-01 1.094597e-01
3.313816e-02 5.331572e-01 5.697769e-02 1.871179e-01 3.301564e-02 -3.900382e-01 3.350518e-02 1.673390e-01 1.608038e-02 -1.293709e-01 2.484749e-02 8.469622e-01 7.009500e-02
3.740346e-02 4.689708e-01 1.626339e-02 1.064475e-01 2.123226e-02 -2.591893e-01 4.377183e-02 1.735156e-01 1.494870e-02 -6.828604e-02 1.612946e-02 9.210884e-01 6.951206e-02
2.427944e-02 4.531017e-01 4.878434e-02 1.336420e-01 1.767257e-02 -3.214700e-01 5.501925e-02 1.065144e-01 1.126408e-02 -4.043828e-02 2.603551e-02 6.733856e-01 2.346273e-02
2.460754e-02 4.052161e-01 7.966049e-02 1.390884e-01 1.890473e-02 -3.285654e-01 4.322692e-02 1.378501e-01 9.674507e-03 -5.159096e-02 1.108963e-02 7.813916e-01 5.556959e-02
2.559184e-02 4.530585e-01 5.067287e-02 1.231397e-01 2.313293e-02 -3.765646e-01 3.066895e-02 1.093115e-01 1.561587e-02 -6.886005e-02 1.819471e-02 7.348583e-01 1.834765e-02
2.723235e-02 3.566792e-01 2.116068e-02 1.022278e-01 1.412125e-02 -2.328360e-01 3.882179e-02 1.370775e-01 1.440985e-02 2.605851e-02 2.156868e-02 6.971696e-01 3.416273e-02
2.952905e-02 4.490034e-01 3.010415e-02 1.377794e-01 1.711897e-02 -3.767856e-01 4.517619e-02 1.356106e-01 9.414449e-03 -8.327559e-02 1.767731e-02 8.768666e-01 7.285816e-02
3.248196e-02 5.490819e-01 7.181944e-02 1.347260e-01 2.553070e-02 -3.899327e-01 4.371719e-02 1.396570e-01 1.258077e-02 -6.896491e-02 3.008820e-02 8.859800e-01 8.393873e-02
3.609106e-02 5.124914e-01 5.175488e-02 1.484676e-01 3.246314e-02 -3.726876e-01 6.092782e-02 1.740311e-01 1.358909e-02 -8.127196e-02 2.399077e-02 1.014281e+00 7.315557e-02
4.035637e-02 5.200345e-01 3.746112e-02 1.250709e-01 1.315537e-02 -2.939906e-01 4.398248e-02 1.877523e-01 1.162793e-02 -8.797947e-02 3.023706e-02 8.731956e-01 8.311964e-02
2.788855e-02 4.531459e-01 4.277922e-02 1.339449e-01 2.725126e-02 -3.925668e-01 8.411053e-02 1.214074e-01 1.427672e-02 -8.942406e-02 4.400173e-02 9.137767e-01 1.985772e-01
2.821665e-02 4.018690e-01 5.961787e-02 1.304519e-01 1.349663e-02 -2.479610e-01 6.641041e-02 1.312247e-01 8.274091e-03 -3.645837e-02 2.185444e-02 6.832645e-01 7.920555e-02
2.920095e-02 4.437971e-01 3.850954e-02 1.099279e-01 1.293149e-02 -3.680766e-01 3.014214e-02 1.065491e-01 9.044479e-03 -7.642955e-02 1.233414e-02 7.197856e-01 5.201014e-02
3.084145e-02 4.429555e-01 3.377985e-02 1.242700e-01 1.808244e-02 -3.141745e-01 2.363363e-02 1.274552e-01 7.693187e-03 -3.596439e-02 1.302697e-02 8.444050e-01 5.957966e-02
3.313816e-02 4.171375e-01 6.778437e-03 1.087569e-01 1.723572e-02 -2.571092e-01 1.337173e-02 1.276274e-01 6.604199e-03 -5.370459e-02 1.336311e-02 7.153717e-01 9.495408e-02
3.609106e-02 5.372172e-01 4.220735e-02 1.822677e-01 8.583888e-03 -3.545290e-01 3.736638e-02 1.906104e-01 1.414614e-02 -1.028800e-01 1.545910e-02 8.844430e-01 5.879704e-02
3.970017e-02 4.189050e-01 4.885285e-02 1.268544e-01 3.519360e-02 -2.481818e-01 2.966769e-02 2.044667e-01 2.525069e-02 -6.120373e-02 2.243623e-02 8.453683e-01 9.111854e-02
4.396548e-02 5.325648e-01 4.557314e-02 1.438707e-01 2.509258e-02 -2.790935e-01 6.950987e-02 2.283216e-01 3.065014e-02 -1.526286e-01 3.841777e-02 9.955916e-01 7.875320e-02
3.215386e-02 4.824712e-01 4.910410e-02 1.633645e-01 2.694802e-02 -3.111808e-01 4.701559e-02 1.821399e-01 1.362069e-02 -4.682952e-02 3.275679e-02 7.393952e-01 6.421129e-02
3.248196e-02 4.969281e-01 3.576010e-02 1.641922e-01 2.588174e-02 -3.323442e-01 4.021250e-02 1.827714e-01 1.787029e-02 -7.578283e-02 3.114361e-02 8.603356e-01 1.889390e-02
3.346626e-02 4.420198e-01 4.982726e-02 1.184810e-01 1.248039e-02 -3.300722e-01 5.371345e-02 1.335903e-01 8.985654e-03 -3.720854e-02 1.953002e-02 9.519020e-01 1.113805e-01
3.510676e-02 5.588106e-01 3.880055e-02 1.598016e-01 2.225384e-02 -3.662508e-01 5.643870e-02 1.691350e-01 1.999806e-02 -8.466665e-02 2.897248e-02 8.894326e-01 8.747921e-02
3.740346e-02 4.896605e-01 7.386530e-02 1.050830e-01 1.852126e-02 -3.047275e-01 7.302823e-02 1.712794e-01 5.879158e-03 -6.156174e-02 2.159803e-02 8.580499e-01 6.859655e-02
4.035637e-02 5.488877e-01 6.207565e-02 1.455703e-01 1.750052e-02 -3.055204e-01 6.602522e-02 1.980290e-01 1.755705e-02 -7.964174e-02 8.521622e-03 9.315772e-01 1.083622e-01
4.396548e-02 4.336267e-01 2.631651e-02 1.241336e-01 2.306800e-02 -2.368693e-01 6.180437e-02 2.516394e-01 1.926709e-02 -9.281073e-02 3.578560e-02 9.827270e-01 4.103716e-02
4.823078e-02 5.700186e-01 4.784387e-02 1.588743e-01 1.941108e-02 -1.845147e-01 4.530320e-02 3.025443e-01 2.983424e-02 -1.211613e-01 2.886668e-02 7.826271e-01 6.318801e-02
