# k^2  MgMg MgMg_error  MgCl MgCl_error  MgNa MgNa_error  ClCl ClCl_error  ClNa ClNa_error  NaNa NaNa_error
0.000000e+00 1.984000e+03 0.000000e+00 2.883908e+03 0.000000e+00 6.666453e+02 0.000000e+00 4.192000e+03 0.000000e+00 9.690243e+02 0.000000e+00 2.240000e+02 0.000000e+00
2.825121e-04 9.805044e-02 1.987417e-02 1.035808e-01 2.039245e-02 -1.261979e-01 3.803075e-02 1.279821e-01 2.248525e-02 -5.517102e-02 2.979418e-02 5.101781e-01 1.140854e-01
1.130048e-03 1.092667e-01 2.411451e-02 1.129601e-01 2.351639e-02 -1.268579e-01 9.039925e-02 1.925694e-01 3.175878e-02 2.015542e-01 7.898740e-02 1.679440e+00 3.193747e-01
2.542609e-03 1.160911e-01 1.664704e-02 8.869171e-02 1.657435e-02 -2.262272e-01 6.824422e-02 1.115376e-01 1.869823e-02 5.244204e-03 4.643698e-02 1.339404e+00 2.816254e-01
4.520193e-03 1.660092e-01 4.489026e-02 1.222683e-01 3.286300e-02 -3.109777e-01 8.450306e-02 1.263530e-01 2.303346e-02 -9.330517e-02 7.229387e-02 1.379526e+00 1.971708e-01
7.062802e-03 2.520870e-01 3.071662e-02 2.019972e-01 2.762441e-02 -2.745460e-01 6.852023e-02 2.035326e-01 2.682267e-02 -1.025521e-01 3.524724e-02 1.044349e+00 3.160296e-01
1.017043e-02 2.586197e-01 4.430817e-02 1.866654e-01 4.170735e-02 -1.814598e-01 4.399960e-02 1.767951e-01 4.094672e-02 -2.441294e-02 2.738179e-02 1.024816e+00 8.963557e-02
1.384309e-02 2.192173e-01 2.961720e-02 1.357158e-01 2.173065e-02 -8.636670e-02 2.633960e-02 1.254388e-01 1.638621e-02 1.246019e-02 1.985810e-02 7.606883e-01 6.711750e-02
2.825121e-04 1.311618e-01 1.980567e-02 1.201619e-01 2.273204e-02 -2.519136e-01 6.120858e-02 1.610402e-01 3.317496e-02 -1.045949e-02 5.091312e-02 1.450926e+00 1.455897e-01
5.650241e-04 1.210021e-01 2.400112e-02 1.223774e-01 1.974591e-02 -1.799476e-01 6.894954e-02 1.542180e-01 1.288838e-02 -5.056061e-02 7.594141e-02 8.660182e-01 1.805108e-01
1.412560e-03 1.094517e-01 1.415003e-02 1.078260e-01 1.279575e-02 -1.427593e-01 2.908056e-02 1.413110e-01 1.178434e-02 8.110888e-03 3.655122e-02 9.066754e-01 2.076692e-01
2.825121e-03 1.413222e-01 4.865187e-02 1.293889e-01 3.739772e-02 -1.915117e-01 1.076798e-01 1.571065e-01 2.548637e-02 -1.387337e-02 1.020419e-01 1.118229e+00 1.392558e-01
4.802705e-03 1.606942e-01 1.176978e-02 1.491875e-01 1.850874e-02 -1.446742e-01 3.432821e-02 1.700892e-01 2.338722e-02 -3.256049e-02 1.480555e-02 7.895819e-01 1.303505e-01
7.345314e-03 2.368554e-01 4.784388e-02 1.916366e-01 4.157635e-02 -1.650728e-01 4.667764e-02 1.863842e-01 3.573292e-02 -5.421477e-02 5.251106e-02 7.570311e-01 4.330202e-02
1.045295e-02 2.648544e-01 4.767338e-02 1.795141e-01 2.296910e-02 -2.493603e-01 1.455880e-01 1.630491e-01 1.333333e-02 -5.539985e-02 9.914041e-02 1.128675e+00 2.631634e-01
1.412560e-02 3.465539e-01 8.152812e-02 1.966394e-01 3.966868e-02 -2.805725e-01 1.047068e-01 1.597856e-01 2.220229e-02 -8.998898e-02 5.462781e-02 1.146931e+00 1.920104e-01
1.130048e-03 1.418583e-01 2.910327e-02 1.226878e-01 1.662463e-02 -2.935293e-01 1.085691e-01 1.377856e-01 8.066665e-03 -1.208120e-01 9.259927e-02 1.231704e+00 2.643950e-01
1.412560e-03 8.210635e-02 1.069847e-02 8.936961e-02 1.370979e-02 -6.935055e-02 4.643005e-02 1.487867e-01 2.679713e-02 1.491730e-01 4.764689e-02 1.141253e+00 3.829790e-01
2.260097e-03 9.425111e-02 9.224936e-03 9.185996e-02 3.102600e-03 -1.085578e-01 4.450748e-02 1.283824e-01 9.009044e-03 5.236467e-02 4.998912e-02 9.022651e-01 1.405632e-01
3.672657e-03 7.935299e-02 1.121613e-02 8.831219e-02 1.610898e-02 -2.170299e-02 1.449899e-02 1.260295e-01 2.487498e-02 6.445288e-02 3.654902e-02 4.820614e-01 1.340433e-01
5.650241e-03 1.344965e-01 2.105655e-02 1.229190e-01 2.237747e-02 -5.671944e-02 2.027779e-02 1.482556e-01 2.231772e-02 6.698652e-02 4.063905e-02 6.749868e-01 9.312040e-02
8.192850e-03 2.130192e-01 1.406400e-02 1.778428e-01 1.736905e-02 -6.389218e-02 4.890206e-02 1.821999e-01 2.085416e-02 2.424579e-02 4.362311e-02 6.615667e-01 6.781161e-02
1.130048e-02 3.932154e-01 8.646133e-02 2.689973e-01 6.126366e-02 -2.606638e-01 1.035918e-01 2.307107e-01 4.318648e-02 -9.529972e-02 8.158736e-02 8.723226e-01 7.820913e-02
1.497314e-02 3.503903e-01 4.366349e-02 2.033449e-01 3.166635e-02 -1.456208e-01 3.944472e-02 1.654349e-01 2.484692e-02 -2.024281e-02 2.078626e-02 8.674040e-01 1.640465e-01
2.542609e-03 7.726926e-02 1.286023e-02 7.595899e-02 1.252046e-02 -7.782689e-02 1.709680e-02 1.077343e-01 1.398760e-02 5.362917e-02 1.129863e-02 7.482760e-01 1.182359e-01
2.825121e-03 1.047004e-01 5.990363e-03 1.049069e-01 9.400171e-03 -7.937359e-02 2.266706e-02 1.387326e-01 1.309154e-02 5.061605e-02 1.262057e-02 7.452956e-01 1.265436e-01
3.672657e-03 1.193803e-01 1.250714e-02 1.313350e-01 1.813283e-02 -1.009722e-02 2.368134e-02 1.773340e-01 2.026512e-02 1.021701e-01 1.126141e-02 5.978936e-01 8.945525e-02
5.085217e-03 1.958823e-01 3.043791e-02 1.662484e-01 3.136790e-02 -2.078731e-01 6.388551e-02 1.674080e-01 3.455072e-02 -8.099606e-02 4.393151e-02 8.428605e-01 1.862252e-01
7.062802e-03 1.892538e-01 1.758505e-02 1.572706e-01 1.996542e-02 -1.030890e-01 3.266322e-02 1.649034e-01 2.338359e-02 1.410936e-02 1.640821e-02 7.399602e-01 1.510388e-01
9.605410e-03 2.972931e-01 1.712293e-02 2.359338e-01 1.856255e-02 -1.131585e-01 3.867642e-02 2.222909e-01 2.131912e-02 -1.919310e-02 3.265166e-02 5.979843e-01 8.071512e-02
1.271304e-02 4.376864e-01 3.562858e-02 2.574063e-01 2.288241e-02 -4.372652e-01 7.797186e-02 1.916013e-01 1.788922e-02 -1.732525e-01 5.629105e-02 1.289571e+00 2.221770e-01
1.638570e-02 4.656636e-01 7.185177e-02 2.553246e-01 4.560044e-02 -3.141005e-01 7.174565e-02 1.893860e-01 2.870089e-02 -1.067267e-01 3.794274e-02 1.052870e+00 1.669487e-01
4.520193e-03 1.707850e-01 1.205589e-02 1.630922e-01 7.417142e-03 -1.176906e-01 4.795807e-02 2.057059e-01 1.479903e-02 9.345953e-02 6.546293e-02 1.214821e+00 8.215777e-02
4.802705e-03 1.302024e-01 1.252317e-02 1.230936e-01 1.655749e-02 -6.695866e-02 4.270492e-02 1.497072e-01 2.767221e-02 4.646453e-02 5.409531e-02 6.409030e-01 8.743533e-02
5.650241e-03 2.002362e-01 2.466505e-02 1.900127e-01 2.368955e-02 -9.834584e-02 4.348015e-02 2.184566e-01 2.008865e-02 4.934412e-02 8.037238e-02 9.280116e-01 2.324757e-01
7.062802e-03 1.973221e-01 1.105111e-02 1.528751e-01 8.806723e-03 -2.192498e-01 4.572947e-02 1.500908e-01 1.016684e-02 -7.983824e-02 1.981334e-02 9.165589e-01 2.051577e-01
9.040386e-03 2.034689e-01 3.350836e-02 1.515080e-01 2.390557e-02 -1.246433e-01 3.179498e-02 1.477352e-01 1.694498e-02 -2.576607e-02 2.013659e-02 5.780657e-01 8.608631e-02
1.158299e-02 3.599594e-01 9.124288e-02 2.481173e-01 6.273162e-02 -2.245191e-01 8.972508e-02 2.088657e-01 4.448801e-02 -8.332278e-02 7.113889e-02 8.410426e-01 1.299041e-01
1.469063e-02 3.053521e-01 6.144872e-02 1.848717e-01 3.796138e-02 -2.426374e-01 1.097214e-01 1.607080e-01 2.659912e-02 -6.927296e-02 5.904227e-02 9.499988e-01 2.141399e-01
1.836328e-02 3.835669e-01 6.137273e-02 2.071418e-01 3.299608e-02 -1.958772e-01 5.585850e-02 1.662684e-01 2.125472e-02 -2.452767e-02 1.638184e-02 9.765054e-01 1.601481e-01
7.062802e-03 1.864558e-01 1.849982e-02 1.510511e-01 1.605731e-02 -1.575473e-01 4.409802e-02 1.570093e-01 1.665036e-02 -2.152811e-02 3.186828e-02 9.443506e-01 1.713861e-01
7.345314e-03 2.098066e-01 4.413271e-02 1.762008e-01 3.580167e-02 -1.123518e-01 3.836870e-02 1.800536e-01 3.290341e-02 -1.160899e-02 2.155477e-02 6.189036e-01 1.060880e-01
8.192850e-03 2.556016e-01 3.335833e-02 2.060486e-01 3.214441e-02 -1.716881e-01 7.454872e-02 2.000966e-01 3.000075e-02 -6.560806e-02 5.237797e-02 7.282568e-01 1.844772e-01
9.605410e-03 2.524228e-01 4.014611e-02 1.678138e-01 2.363374e-02 -2.515339e-01 7.901458e-02 1.515540e-01 1.478313e-02 -5.683213e-02 4.891600e-02 1.191089e+00 1.561443e-01
1.158299e-02 2.743804e-01 5.981653e-02 1.933717e-01 4.260880e-02 -1.265525e-01 2.787698e-02 1.831444e-01 3.346901e-02 2.184513e-02 1.827018e-02 1.002546e+00 1.339835e-01
1.412560e-02 3.937862e-01 3.624959e-02 2.433539e-01 3.029595e-02 -2.136330e-01 5.790535e-02 1.991469e-01 2.783939e-02 -6.611021e-02 3.602592e-02 7.326642e-01 6.435021e-02
1.723324e-02 5.156629e-01 8.465767e-02 2.860947e-01 5.623459e-02 -2.129625e-01 3.460833e-02 2.000541e-01 3.537886e-02 -8.525844e-02 3.055373e-02 9.564501e-01 1.221202e-01
2.090589e-02 6.594116e-01 1.033144e-01 3.326673e-01 6.291825e-02 -3.376345e-01 5.711584e-02 2.278592e-01 3.106453e-02 -1.284241e-01 4.104984e-02 9.886910e-01 1.207471e-01
1.017043e-02 2.231977e-01 3.073092e-02 1.587255e-01 2.703536e-02 -1.435512e-01 3.404489e-02 1.517361e-01 2.695275e-02 -8.975032e-03 2.821338e-02 9.184023e-01 1.910650e-01
1.045295e-02 2.983848e-01 5.715271e-02 2.237465e-01 5.087059e-02 -1.565237e-01 8.593434e-02 2.091204e-01 4.545578e-02 -3.232956e-02 6.171880e-02 8.455983e-01 1.590860e-01
1.130048e-02 3.547713e-01 6.027212e-02 2.386449e-01 4.398261e-02 -3.058901e-01 9.280064e-02 1.968530e-01 3.473894e-02 -1.425744e-01 6.146731e-02 9.043911e-01 1.759674e-01
1.271304e-02 3.410923e-01 4.063127e-02 2.199493e-01 2.129721e-02 -2.549385e-01 1.040220e-01 1.856242e-01 1.781043e-02 -7.733730e-02 6.977864e-02 9.404170e-01 1.727137e-01
1.469063e-02 4.353543e-01 9.137429e-02 2.468822e-01 4.729763e-02 -3.399233e-01 6.216570e-02 1.886219e-01 2.572345e-02 -1.190209e-01 2.067714e-02 1.026742e+00 1.468240e-01
1.723324e-02 6.249230e-01 1.391207e-01 3.508490e-01 8.508468e-02 -3.605215e-01 4.241804e-02 2.557229e-01 5.257916e-02 -1.458269e-01 2.188591e-02 1.045427e+00 1.148410e-01
2.034087e-02 5.499670e-01 3.352713e-02 2.722755e-01 2.494259e-02 -2.720577e-01 9.500091e-02 1.968915e-01 2.156367e-02 -9.317531e-02 3.568098e-02 9.758590e-01 1.509915e-01
2.401353e-02 7.696036e-01 3.111620e-01 3.781761e-01 1.727960e-01 -2.676959e-01 1.192739e-01 2.577940e-01 9.539885e-02 -7.141343e-02 5.901377e-02 9.558463e-01 9.719345e-02
1.384309e-02 4.225656e-01 6.287608e-02 2.703290e-01 4.411462e-02 -2.454738e-01 7.359211e-02 2.183892e-01 3.346626e-02 -8.485161e-02 5.961506e-02 8.379928e-01 9.016977e-02
1.412560e-02 3.089963e-01 1.874365e-02 1.928453e-01 1.556971e-02 -1.955561e-01 4.364664e-02 1.693904e-01 1.333140e-02 -3.799983e-02 2.154701e-02 9.130935e-01 8.351124e-02
1.497314e-02 4.157964e-01 1.339591e-01 2.571489e-01 7.057377e-02 -2.316955e-01 1.323267e-01 2.125413e-01 3.616173e-02 -7.201964e-02 6.474429e-02 8.006903e-01 1.524328e-01
1.638570e-02 3.424437e-01 6.528259e-02 1.881663e-01 3.255639e-02 -1.850409e-01 6.627581e-02 1.554112e-01 1.919354e-02 -5.667400e-02 4.819363e-02 8.310982e-01 7.023201e-02
1.836328e-02 4.414197e-01 6.453416e-02 2.228063e-01 3.934863e-02 -1.305208e-01 6.484260e-02 1.730362e-01 2.271026e-02 -3.674495e-02 4.541411e-02 6.781284e-01 7.463050e-02
2.090589e-02 6.493141e-01 7.676971e-02 3.183018e-01 3.148798e-02 -2.629972e-01 3.910369e-02 2.142717e-01 1.204257e-02 -8.068287e-02 2.077359e-02 7.424577e-01 8.084700e-02
2.401353e-02 8.518816e-01 8.147357e-02 3.533553e-01 5.234907e-02 -4.437344e-01 7.946864e-02 2.221212e-01 3.010359e-02 -1.679077e-01 3.932572e-02 1.075030e+00 1.234519e-01
2.768618e-02 6.868890e-01 1.079273e-01 2.804195e-01 5.017336e-02 -1.597816e-01 5.315130e-02 1.876317e-01 2.894975e-02 -6.763025e-02 3.056781e-02 9.348038e-01 1.120568e-01
2.825121e-04 6.910283e-02 1.100234e-02 7.179838e-02 8.290416e-03 -9.380382e-02 4.256000e-02 9.973724e-02 1.154502e-02 7.731272e-03 4.146434e-02 5.847476e-01 1.840609e-01
5.650241e-04 1.015790e-01 2.668290e-02 1.186956e-01 2.548490e-02 -7.060723e-02 5.065438e-02 1.610954e-01 2.362922e-02 9.882795e-03 6.696217e-02 4.586616e-01 5.509830e-02
1.412560e-03 1.250928e-01 1.850279e-02 1.454570e-01 1.992761e-02 -6.934672e-02 2.572747e-02 2.019361e-01 2.254397e-02 4.976280e-02 3.259451e-02 6.298025e-01 1.294157e-01
2.825121e-03 1.376913e-01 2.100834e-02 1.351178e-01 2.688794e-02 -1.311423e-01 1.529645e-02 1.643837e-01 3.551893e-02 -3.078490e-03 3.354408e-02 8.025186e-01 1.426819e-01
4.802705e-03 1.506601e-01 2.412189e-02 1.305662e-01 2.197374e-02 -1.562016e-01 2.579760e-02 1.493467e-01 2.074924e-02 -1.109421e-02 2.660290e-02 8.459494e-01 1.221417e-01
7.345314e-03 1.711875e-01 4.295057e-02 1.381131e-01 3.229587e-02 -1.797534e-01 5.598728e-02 1.495689e-01 2.412286e-02 -5.232303e-02 4.857029e-02 8.175192e-01 7.284927e-02
1.045295e-02 3.154438e-01 1.111114e-01 2.163414e-01 7.765217e-02 -1.964348e-01 1.097052e-01 1.856647e-01 5.399416e-02 -6.225786e-02 7.833058e-02 8.594036e-01 1.290445e-01
1.412560e-02 3.880105e-01 8.276097e-02 2.227685e-01 4.878065e-02 -3.002979e-01 4.240774e-02 1.729979e-01 2.920792e-02 -1.092812e-01 3.146387e-02 1.072919e+00 1.494164e-01
5.650241e-04 1.027328e-01 1.339261e-02 1.093341e-01 1.230466e-02 -1.212808e-01 3.072852e-02 1.388335e-01 9.019501e-03 -3.598978e-02 3.669814e-02 5.584667e-01 9.583383e-02
8.475362e-04 9.407117e-02 1.046044e-02 1.187545e-01 1.837792e-02 -2.148088e-02 2.886367e-02 1.690659e-01 3.422883e-02 4.965741e-02 5.065182e-02 3.575416e-01 1.012345e-01
1.695072e-03 1.468272e-01 2.865618e-02 1.580664e-01 2.652472e-02 -1.355876e-01 6.255748e-02 2.190618e-01 2.194270e-02 7.265195e-02 1.389641e-01 1.212247e+00 4.272997e-01
3.107633e-03 1.226451e-01 2.140963e-02 1.214129e-01 1.807454e-02 -9.430487e-02 4.816519e-02 1.446101e-01 1.981521e-02 -1.108303e-02 2.475409e-02 4.997341e-01 1.829767e-01
5.085217e-03 1.740689e-01 2.771566e-02 1.619578e-01 2.193226e-02 -1.303799e-01 4.888690e-02 1.830715e-01 2.197400e-02 -2.105864e-02 4.935371e-02 6.979780e-01 1.820791e-01
7.627826e-03 2.706348e-01 1.990427e-02 1.878629e-01 1.679570e-02 -3.278856e-01 9.981704e-02 1.671771e-01 1.962656e-02 -1.078027e-01 3.397825e-02 1.223290e+00 4.204275e-01
1.073546e-02 4.361521e-01 9.034894e-02 2.967706e-01 6.204289e-02 -4.078517e-01 1.172221e-01 2.421940e-01 4.144826e-02 -1.820664e-01 8.177390e-02 1.132186e+00 1.633280e-01
1.440812e-02 5.629208e-01 5.165624e-02 3.360591e-01 2.525667e-02 -3.391596e-01 1.096648e-01 2.482437e-01 1.042501e-02 -1.210392e-01 6.693229e-02 8.992110e-01 1.555729e-01
1.412560e-03 1.319162e-01 2.412113e-02 1.408651e-01 1.646143e-02 -1.234670e-01 8.545360e-02 1.710840e-01 1.537303e-02 -5.220527e-02 6.424497e-02 4.951405e-01 2.331641e-01
1.695072e-03 1.137830e-01 1.416340e-02 1.084870e-01 1.276546e-02 -1.667124e-01 4.849227e-02 1.328057e-01 1.199194e-02 -3.452975e-02 3.058027e-02 8.525727e-01 2.030095e-01
2.542609e-03 1.178430e-01 1.335322e-02 1.121646e-01 1.255311e-02 -1.416009e-01 3.891056e-02 1.394701e-01 1.292963e-02 5.954944e-04 2.744306e-02 8.613960e-01 2.075420e-01
3.955169e-03 1.340968e-01 2.124885e-02 1.317387e-01 1.404757e-02 -7.699609e-02 7.964061e-02 1.580450e-01 1.631091e-02 2.163341e-02 5.191180e-02 5.482675e-01 2.176060e-01
5.932754e-03 1.809051e-01 3.880791e-02 1.510726e-01 2.982397e-02 -1.452505e-01 4.532351e-02 1.636163e-01 2.449997e-02 4.172905e-03 4.098491e-02 8.406634e-01 1.414719e-01
8.475362e-03 2.432678e-01 1.688144e-02 1.899165e-01 1.428848e-02 -1.837144e-01 4.865805e-02 1.857550e-01 1.455638e-02 -3.866203e-02 4.376852e-02 8.910226e-01 1.177863e-01
1.158299e-02 3.890240e-01 5.570133e-02 2.580131e-01 4.083599e-02 -2.759305e-01 3.967120e-02 2.079912e-01 3.145432e-02 -9.541062e-02 1.814722e-02 9.589199e-01 9.543649e-02
1.525565e-02 3.453134e-01 6.267399e-02 1.966925e-01 3.867642e-02 -2.531339e-01 6.610826e-02 1.487590e-01 2.460597e-02 -1.207812e-01 4.547962e-02 1.001163e+00 1.848875e-01
2.825121e-03 1.380385e-01 1.735997e-02 1.228066e-01 1.515906e-02 -2.103802e-01 4.866440e-02 1.563308e-01 1.582232e-02 1.060555e-02 5.650399e-02 1.312764e+00 1.780254e-01
3.107633e-03 1.568425e-01 4.864342e-02 1.476164e-01 4.344225e-02 -1.594861e-01 7.409199e-02 1.835706e-01 3.603349e-02 4.332412e-02 7.284915e-02 1.194176e+00 2.960165e-01
3.955169e-03 1.013314e-01 9.430539e-03 1.011180e-01 9.226465e-03 -7.739974e-02 4.312238e-02 1.342031e-01 1.307916e-02 5.221364e-02 2.362776e-02 8.085652e-01 2.183942e-01
5.367729e-03 1.505602e-01 7.624949e-03 1.259206e-01 3.492055e-03 -1.567654e-01 4.269598e-02 1.401714e-01 3.164869e-03 -1.322384e-02 1.968172e-02 9.049689e-01 1.634405e-01
7.345314e-03 1.679775e-01 2.214955e-02 1.262832e-01 1.567458e-02 -1.345729e-01 5.126167e-02 1.227403e-01 9.307999e-03 -2.944977e-02 4.740835e-02 6.311577e-01 9.972907e-02
9.887923e-03 2.589621e-01 3.976615e-02 1.781893e-01 2.716744e-02 -2.639543e-01 1.005457e-01 1.589099e-01 1.633918e-02 -9.964844e-02 7.501609e-02 9.415140e-01 1.533920e-01
1.299556e-02 4.549766e-01 1.088101e-01 3.032476e-01 7.899674e-02 -2.796444e-01 7.902544e-02 2.444082e-01 5.822534e-02 -1.253483e-01 5.339645e-02 7.278399e-01 1.228643e-01
1.666821e-02 4.538427e-01 8.925411e-02 2.521563e-01 4.530760e-02 -2.065211e-01 8.554579e-02 1.889116e-01 1.989258e-02 -6.903890e-02 4.365172e-02 8.379557e-01 1.206685e-01
4.802705e-03 1.619655e-01 1.122681e-02 1.202129e-01 8.695621e-03 -2.761872e-01 5.814515e-02 1.289947e-01 1.074069e-02 -7.030323e-02 1.668769e-02 1.254919e+00 3.655021e-01
5.085217e-03 1.922016e-01 4.540945e-02 1.622030e-01 3.691743e-02 -2.256126e-01 7.545419e-02 1.666731e-01 2.911769e-02 -9.691504e-02 6.444153e-02 8.043145e-01 1.383530e-01
5.932754e-03 1.770076e-01 1.845059e-02 1.388717e-01 1.376827e-02 -2.213271e-01 4.316073e-02 1.396861e-01 1.245705e-02 -8.297105e-02 4.158611e-02 9.361342e-01 1.394996e-01
7.345314e-03 2.426982e-01 2.782045e-02 1.990603e-01 2.807437e-02 -2.214941e-01 5.914938e-02 2.015248e-01 2.854085e-02 -6.822501e-02 5.693618e-02 9.829134e-01 1.607548e-01
9.322898e-03 2.756088e-01 3.072587e-02 2.199099e-01 3.237176e-02 -1.180060e-01 2.517976e-02 2.122250e-01 3.055737e-02 3.397278e-03 3.252424e-02 8.700554e-01 1.261528e-01
1.186551e-02 2.706720e-01 4.338205e-02 1.730023e-01 2.940594e-02 -2.460132e-01 3.806395e-02 1.543579e-01 1.859586e-02 -8.067100e-02 3.718639e-02 9.977175e-01 1.489604e-01
1.497314e-02 2.883487e-01 8.199626e-02 1.699485e-01 4.825136e-02 -2.172322e-01 5.129833e-02 1.542088e-01 2.773681e-02 -6.940916e-02 3.059625e-02 8.777764e-01 1.126730e-01
1.864580e-02 6.313545e-01 1.480047e-01 3.151439e-01 7.203717e-02 -3.390873e-01 8.285721e-02 2.237396e-01 3.870993e-02 -8.957712e-02 4.032401e-02 9.483045e-01 1.180463e-01
7.345314e-03 1.824564e-01 3.504784e-02 1.495091e-01 1.952163e-02 -1.315756e-01 8.692355e-02 1.547894e-01 1.174604e-02 -4.371821e-02 5.859686e-02 6.083354e-01 1.238423e-01
7.627826e-03 2.358827e-01 6.047882e-02 1.846516e-01 4.792879e-02 -2.033105e-01 5.068833e-02 1.756360e-01 3.613738e-02 -6.308392e-02 5.856140e-02 8.683387e-01 9.114169e-02
8.475362e-03 1.908865e-01 2.905503e-02 1.442811e-01 2.179987e-02 -1.159258e-01 3.005651e-02 1.373219e-01 1.774340e-02 -2.649209e-02 1.942069e-02 5.459938e-01 5.116154e-02
9.887923e-03 2.015042e-01 9.027360e-03 1.432475e-01 3.076262e-03 -2.006791e-01 4.464626e-02 1.501636e-01 4.371044e-03 -1.650020e-03 3.555300e-02 1.279222e+00 3.585065e-01
1.186551e-02 4.077353e-01 8.265682e-02 2.695288e-01 7.696073e-02 -3.389934e-01 4.808301e-02 2.245611e-01 6.649798e-02 -1.472742e-01 3.621005e-02 1.030931e+00 1.446627e-01
1.440812e-02 3.832142e-01 6.529479e-02 2.363190e-01 4.079000e-02 -1.668089e-01 7.248146e-02 1.851659e-01 2.498987e-02 -5.176242e-02 4.435822e-02 9.382651e-01 1.040676e-01
1.751575e-02 5.178364e-01 5.751822e-02 2.813362e-01 3.200133e-02 -2.340136e-01 2.468884e-02 2.092209e-01 2.134056e-02 -5.554906e-02 1.974843e-02 1.087815e+00 1.188615e-01
2.118841e-02 4.681141e-01 5.377096e-02 2.359991e-01 2.370840e-02 -2.011989e-01 8.081717e-02 1.869617e-01 1.466890e-02 -4.772682e-02 3.343083e-02 1.012053e+00 7.397698e-02
1.045295e-02 3.007763e-01 4.982223e-02 2.079386e-01 3.474719e-02 -2.710041e-01 6.030280e-02 1.842752e-01 2.396300e-02 -1.039060e-01 3.374540e-02 1.017161e+00 1.423231e-01
1.073546e-02 2.565711e-01 2.549579e-02 1.886204e-01 1.643050e-02 -1.463390e-01 7.194833e-02 1.811607e-01 1.582314e-02 -2.195555e-02 3.427885e-02 7.797349e-01 1.751435e-01
1.158299e-02 4.073114e-01 1.001049e-01 2.614469e-01 6.527188e-02 -3.224954e-01 9.508909e-02 2.132999e-01 4.008748e-02 -1.276604e-01 6.498770e-02 8.710753e-01 9.813186e-02
1.299556e-02 3.440923e-01 6.153855e-02 2.212986e-01 3.465773e-02 -2.125146e-01 1.470768e-01 1.908168e-01 2.319622e-02 -4.706694e-02 9.789108e-02 1.151675e+00 1.584951e-01
1.497314e-02 5.713549e-01 8.869864e-02 3.510282e-01 5.135355e-02 -3.338671e-01 1.249776e-01 2.556956e-01 3.827860e-02 -1.446733e-01 7.059013e-02 9.594738e-01 1.591480e-01
1.751575e-02 5.668439e-01 1.185700e-01 2.798750e-01 6.279874e-02 -3.486637e-01 5.927252e-02 1.915535e-01 3.044117e-02 -1.410347e-01 3.755796e-02 9.192898e-01 1.153393e-01
2.062338e-02 6.261559e-01 1.032071e-01 2.974723e-01 3.969514e-02 -1.435916e-01 7.405791e-02 1.990735e-01 1.665480e-02 -5.819884e-02 4.000797e-02 6.660689e-01 5.306383e-02
2.429604e-02 5.354431e-01 3.493977e-02 2.105511e-01 2.311041e-02 -2.165972e-01 2.684400e-02 1.505019e-01 1.716097e-02 -4.323172e-02 1.453154e-02 1.031775e+00 1.332595e-01
1.412560e-02 5.494062e-01 6.659985e-02 3.397882e-01 4.250279e-02 -2.584497e-01 1.097233e-01 2.577443e-01 2.884735e-02 -7.671130e-02 7.058288e-02 8.779367e-01 1.131602e-01
1.440812e-02 3.267566e-01 5.761252e-02 2.092778e-01 3.821040e-02 -1.083794e-01 5.817881e-02 1.856282e-01 2.080846e-02 3.409482e-02 5.316038e-02 9.176763e-01 1.497772e-01
1.525565e-02 7.361212e-01 1.106988e-01 4.212056e-01 5.935520e-02 -4.971823e-01 1.527444e-01 2.824809e-01 3.497689e-02 -2.231675e-01 8.003875e-02 1.211679e+00 1.996257e-01
1.666821e-02 4.555505e-01 4.170468e-02 2.472032e-01 2.576606e-02 -3.627258e-01 2.417663e-02 1.883281e-01 1.869881e-02 -1.195027e-01 1.112237e-02 1.269726e+00 1.631494e-01
1.864580e-02 4.833843e-01 6.945341e-02 2.460840e-01 4.816305e-02 -2.962913e-01 4.757585e-02 1.831493e-01 3.173982e-02 -1.004663e-01 3.626237e-02 9.708258e-01 1.131740e-01
2.118841e-02 4.928387e-01 8.308200e-02 2.336302e-01 4.388374e-02 -2.044651e-01 4.985865e-02 1.771479e-01 2.444813e-02 -7.856993e-02 3.354023e-02 7.837316e-01 2.891346e-02
2.429604e-02 6.673330e-01 5.340110e-02 2.846371e-01 3.621242e-02 -4.393391e-01 6.809764e-02 1.883198e-01 2.414483e-02 -1.710534e-01 4.360225e-02 1.048674e+00 8.943131e-02
2.796870e-02 7.487165e-01 1.948225e-01 2.965386e-01 8.693558e-02 -3.322692e-01 2.514045e-01 2.078567e-01 3.982539e-02 -1.072532e-01 1.030364e-01 1.168295e+00 2.027968e-01
1.130048e-03 1.248469e-01 1.636271e-02 1.544304e-01 1.699677e-02 -3.437545e-02 3.696974e-02 2.179583e-01 2.008745e-02 6.284548e-02 4.012657e-02 4.886082e-01 7.539891e-02
1.412560e-03 1.065753e-01 1.656321e-02 1.247802e-01 1.579109e-02 -4.380257e-02 2.710111e-02 1.735769e-01 1.542482e-02 5.657278e-02 3.629329e-02 5.234809e-01 8.428722e-02
2.260097e-03 1.368449e-01 3.142322e-02 1.375775e-01 2.707811e-02 -1.220791e-01 6.184910e-02 1.658736e-01 2.222569e-02 -1.641598e-02 6.154291e-02 6.338513e-01 1.385905e-01
3.672657e-03 1.437671e-01 2.612932e-02 1.497196e-01 2.223861e-02 -6.405909e-02 4.199498e-02 1.890074e-01 2.850961e-02 5.403427e-02 6.328773e-02 7.111940e-01 2.491739e-01
5.650241e-03 1.498990e-01 2.779900e-02 1.151830e-01 1.917912e-02 -2.017016e-01 6.433392e-02 1.222716e-01 1.812642e-02 -2.920965e-02 1.525671e-02 1.069128e+00 3.255105e-01
8.192850e-03 1.733009e-01 1.733521e-02 1.359459e-01 1.868732e-02 -6.792212e-02 3.710652e-02 1.459551e-01 1.763430e-02 5.206288e-02 4.069788e-02 7.411088e-01 7.334980e-02
1.130048e-02 2.571833e-01 3.571605e-02 1.506187e-01 2.338872e-02 -2.337911e-01 5.631241e-02 1.291788e-01 1.507064e-02 -6.410846e-02 4.030817e-02 9.399186e-01 1.016612e-01
1.497314e-02 3.930775e-01 4.089063e-02 2.486475e-01 3.205470e-02 -1.493919e-01 1.836212e-02 1.975515e-01 2.586992e-02 -5.110680e-02 2.298191e-02 6.777274e-01 5.939992e-02
1.412560e-03 1.202365e-01 2.008118e-02 1.261174e-01 1.473142e-02 -1.181405e-01 5.191662e-02 1.838125e-01 1.249021e-02 9.641569e-02 8.383015e-02 1.142955e+00 3.491591e-01
1.695072e-03 6.616673e-02 7.122521e-03 7.407735e-02 3.439894e-03 -4.218745e-02 3.175350e-02 1.104968e-01 1.244852e-02 5.641641e-02 5.140675e-02 5.152771e-01 1.172995e-01
2.542609e-03 1.963089e-01 4.603198e-02 1.799952e-01 5.618024e-02 -2.888737e-01 1.093642e-01 2.273584e-01 7.152584e-02 3.626344e-03 7.211550e-02 1.745566e+00 4.373462e-01
3.955169e-03 1.315378e-01 1.076866e-02 1.103623e-01 6.753351e-03 -1.799486e-01 3.553046e-02 1.328005e-01 1.420995e-02 1.632309e-02 6.112104e-02 1.210796e+00 2.123403e-01
5.932754e-03 2.094418e-01 2.482118e-02 1.722236e-01 1.953570e-02 -1.765906e-01 1.088269e-01 1.743900e-01 2.314684e-02 -2.615360e-02 6.976915e-02 9.430776e-01 3.000422e-01
8.475362e-03 2.634276e-01 2.803271e-02 2.058526e-01 1.802110e-02 -1.986523e-01 5.572002e-02 2.015899e-01 1.980522e-02 -3.630539e-02 1.168162e-02 1.007491e+00 2.688186e-01
1.158299e-02 3.551049e-01 9.197452e-02 2.383348e-01 5.415119e-02 -2.456458e-01 1.129874e-01 1.990299e-01 3.190813e-02 -9.514814e-02 7.132736e-02 8.216262e-01 1.657969e-01
1.525565e-02 3.804942e-01 5.774526e-02 2.368902e-01 4.566876e-02 -1.043615e-01 2.811626e-02 1.973722e-01 3.440729e-02 6.238688e-03 2.153290e-02 9.350367e-01 1.444146e-01
2.260097e-03 1.213118e-01 2.618949e-02 9.986007e-02 2.151560e-02 -2.437808e-01 8.480887e-02 1.329565e-01 2.036756e-02 2.774879e-02 6.349253e-02 1.654507e+00 3.460061e-01
2.542609e-03 1.260593e-01 2.046297e-02 1.355859e-01 1.324720e-02 -6.118476e-02 5.526370e-02 1.678398e-01 8.561558e-03 7.887715e-03 5.540730e-02 4.145472e-01 4.380724e-02
3.390145e-03 2.020763e-01 4.855457e-02 1.934383e-01 4.056115e-02 -1.789688e-01 8.918055e-02 2.115519e-01 3.812822e-02 -8.294704e-02 7.231585e-02 6.577408e-01 1.876267e-01
4.802705e-03 1.523226e-01 1.911753e-02 1.311739e-01 1.421060e-02 -1.626755e-01 4.784175e-02 1.556160e-01 1.548083e-02 2.263781e-02 8.463869e-02 1.122700e+00 3.671453e-01
6.780290e-03 1.528512e-01 2.164905e-02 1.252470e-01 1.704190e-02 -1.146088e-01 5.311976e-02 1.354293e-01 1.757776e-02 1.150239e-02 4.312034e-02 8.417296e-01 1.307575e-01
9.322898e-03 2.748928e-01 3.704648e-02 1.946009e-01 2.799966e-02 -2.674862e-01 6.245729e-02 1.748643e-01 2.243358e-02 -9.734292e-02 3.758046e-02 9.878954e-01 1.240810e-01
1.243053e-02 3.928593e-01 8.568633e-02 2.534511e-01 5.425327e-02 -2.667141e-01 9.845433e-02 2.115585e-01 3.173882e-02 -9.317098e-02 7.790111e-02 8.705121e-01 6.418356e-02
1.610319e-02 2.736499e-01 3.128519e-02 1.535015e-01 1.884091e-02 -1.862657e-01 7.952736e-02 1.272900e-01 1.662702e-02 -4.812964e-02 4.707115e-02 8.883917e-01 1.393851e-01
3.672657e-03 1.315823e-01 1.643443e-02 1.259388e-01 1.663408e-02 -8.083049e-02 3.420428e-02 1.590234e-01 1.635709e-02 7.004273e-02 4.276601e-02 8.273955e-01 1.664881e-01
3.955169e-03 1.468063e-01 2.154680e-02 1.551457e-01 2.211896e-02 -5.193686e-02 2.585581e-02 1.940479e-01 2.081717e-02 4.774770e-02 3.705025e-02 5.922196e-01 7.646727e-02
4.802705e-03 1.352627e-01 2.362188e-02 1.168965e-01 1.211770e-02 -1.465961e-01 8.372714e-02 1.355809e-01 6.565813e-03 -3.682105e-03 7.020218e-02 8.853489e-01 2.578172e-01
6.215266e-03 1.812136e-01 1.851568e-02 1.578619e-01 2.599177e-02 -1.054034e-01 3.184912e-02 1.723331e-01 3.135872e-02 8.590506e-03 1.909429e-02 7.717088e-01 2.308987e-01
8.192850e-03 2.453194e-01 3.807383e-02 1.948088e-01 3.194452e-02 -1.618698e-01 1.635137e-02 1.914493e-01 2.562912e-02 -4.029264e-02 1.680504e-02 7.171766e-01 5.445793e-02
1.073546e-02 2.881268e-01 4.118898e-02 1.973893e-01 2.954045e-02 -1.382976e-01 4.661336e-02 1.743401e-01 2.063948e-02 -1.377394e-02 4.424807e-02 9.197936e-01 6.842345e-02
1.384309e-02 5.579028e-01 1.958352e-01 3.500183e-01 1.170800e-01 -4.172204e-01 1.390249e-01 2.622229e-01 7.057712e-02 -1.975784e-01 8.053687e-02 9.987386e-01 1.031817e-01
1.751575e-02 6.178095e-01 1.296951e-01 3.338093e-01 7.775592e-02 -3.686584e-01 7.080178e-02 2.426146e-01 4.790455e-02 -1.451844e-01 5.160798e-02 9.049718e-01 9.200918e-02
5.650241e-03 1.873184e-01 3.741398e-02 1.566957e-01 2.783492e-02 -1.866035e-01 7.212364e-02 1.724410e-01 2.093098e-02 -1.542248e-03 6.128468e-02 1.147378e+00 2.511217e-01
5.932754e-03 1.983031e-01 3.990565e-02 1.766206e-01 3.442659e-02 -1.141803e-01 4.762170e-02 1.979074e-01 3.623501e-02 2.356125e-02 4.159582e-02 7.683370e-01 7.852753e-02
6.780290e-03 2.222327e-01 3.385791e-02 1.771757e-01 3.320656e-02 -1.967498e-01 2.902756e-02 1.710935e-01 3.134846e-02 -6.589524e-02 3.286557e-02 8.260351e-01 1.192608e-01
8.192850e-03 2.138166e-01 3.983186e-02 1.829810e-01 4.334430e-02 -8.147505e-03 2.546535e-02 1.895579e-01 4.416555e-02 6.194935e-02 2.021022e-02 4.911042e-01 5.492168e-02
1.017043e-02 2.702440e-01 2.360736e-02 1.820279e-01 2.514531e-02 -2.026449e-01 6.138120e-02 1.586368e-01 2.744445e-02 -4.567632e-02 2.399299e-02 1.008372e+00 2.156905e-01
1.271304e-02 3.066604e-01 3.927809e-02 1.810089e-01 2.071517e-02 -2.281725e-01 9.269874e-02 1.585466e-01 1.514757e-02 -4.119277e-02 4.796180e-02 1.019654e+00 1.496518e-01
1.582068e-02 4.555886e-01 6.825395e-02 2.593068e-01 4.306760e-02 -1.688406e-01 3.899461e-02 1.933998e-01 2.711704e-02 -5.033719e-02 3.535447e-02 7.116093e-01 2.855943e-02
1.949333e-02 4.636824e-01 1.151484e-01 2.384076e-01 6.520762e-02 -2.712082e-01 5.992655e-02 1.895904e-01 4.345674e-02 -5.044731e-02 2.403575e-02 1.102739e+00 1.912729e-01
8.192850e-03 1.776859e-01 1.614721e-02 1.474669e-01 2.338470e-02 -1.196874e-01 3.543841e-02 1.550194e-01 3.051662e-02 -1.766043e-02 3.823396e-02 7.504965e-01 4.282204e-02
8.475362e-03 1.742404e-01 1.674220e-02 1.311922e-01 1.136418e-02 -8.519770e-02 3.939838e-02 1.322592e-01 1.050540e-02 1.209846e-03 2.748376e-02 6.044549e-01 6.502213e-02
9.322898e-03 1.720214e-01 2.826831e-02 1.354762e-01 2.011591e-02 -1.083250e-01 4.100091e-02 1.501335e-01 1.460511e-02 1.155609e-02 3.981811e-02 7.660971e-01 1.402563e-01
1.073546e-02 2.058883e-01 3.567412e-02 1.410395e-01 3.133815e-02 -1.807523e-01 3.837889e-02 1.373966e-01 2.943101e-02 -5.026358e-02 2.043240e-02 8.208775e-01 1.101183e-01
1.271304e-02 2.926658e-01 3.456753e-02 1.828889e-01 2.631320e-02 -1.939434e-01 4.833842e-02 1.551099e-01 1.916789e-02 -6.037393e-02 2.818646e-02 8.697661e-01 1.332493e-01
1.525565e-02 3.337997e-01 4.565945e-02 1.872643e-01 3.500363e-02 -2.400583e-01 7.609377e-02 1.499533e-01 2.542184e-02 -5.354928e-02 3.376550e-02 1.239140e+00 2.750953e-01
1.836328e-02 4.937041e-01 4.467088e-02 2.614597e-01 3.068516e-02 -2.422626e-01 4.909285e-02 1.884519e-01 2.203582e-02 -6.685860e-02 3.114132e-02 8.728646e-01 5.190667e-02
2.203594e-02 6.801680e-01 1.692917e-01 3.409995e-01 1.026983e-01 -2.977462e-01 4.952741e-02 2.496743e-01 6.548281e-02 -9.443839e-02 2.697681e-02 9.992743e-01 4.546763e-02
1.130048e-02 2.867573e-01 4.436168e-02 2.077018e-01 3.075255e-02 -1.565760e-01 6.189749e-02 1.814773e-01 2.706178e-02 -7.525730e-02 4.170166e-02 6.283298e-01 1.322179e-01
1.158299e-02 3.402294e-01 6.907276e-02 2.357458e-01 4.726904e-02 -1.952063e-01 1.014677e-01 1.990226e-01 3.444501e-02 -6.562626e-02 6.381169e-02 8.751122e-01 1.667603e-01
1.243053e-02 2.951899e-01 4.047212e-02 1.996697e-01 3.125494e-02 -1.134925e-01 5.483062e-02 1.781260e-01 2.210214e-02 1.633543e-02 3.431831e-02 8.117107e-01 8.784643e-02
1.384309e-02 3.147992e-01 3.511190e-02 1.886214e-01 1.913652e-02 -1.958585e-01 3.540393e-02 1.614329e-01 1.486351e-02 -4.454497e-02 2.247018e-02 9.399860e-01 1.018780e-01
1.582068e-02 5.464899e-01 1.452416e-01 3.162637e-01 8.030268e-02 -3.018090e-01 1.378280e-01 2.390309e-01 4.293931e-02 -9.291901e-02 8.436193e-02 9.922691e-01 6.887127e-02
1.836328e-02 4.793305e-01 6.579142e-02 2.707441e-01 3.586651e-02 -9.219490e-02 4.196200e-02 2.090758e-01 2.304288e-02 -1.219050e-02 2.006422e-02 6.470014e-01 6.124783e-02
2.147092e-02 5.535020e-01 8.914718e-02 2.615602e-01 3.872350e-02 -2.128387e-01 3.402604e-02 1.907962e-01 1.906529e-02 -5.640695e-02 2.477229e-02 8.821985e-01 1.078650e-01
2.514357e-02 8.118044e-01 8.244950e-02 3.530066e-01 5.167604e-02 -3.356972e-01 1.112232e-01 2.259539e-01 3.083655e-02 -1.208459e-01 4.449966e-02 1.031313e+00 8.333575e-02
1.497314e-02 3.526894e-01 8.241543e-02 1.967269e-01 4.846700e-02 -2.266364e-01 1.047423e-01 1.608281e-01 2.913855e-02 -3.840017e-02 5.199429e-02 1.046099e+00 2.188560e-01
1.525565e-02 5.942482e-01 1.340228e-01 3.727378e-01 8.277394e-02 -2.531871e-01 1.517477e-01 2.789243e-01 5.419978e-02 -9.045345e-02 1.015795e-01 9.481230e-01 5.735027e-02
1.610319e-02 3.832203e-01 6.932760e-02 2.140422e-01 3.031776e-02 -2.648561e-01 9.588013e-02 1.664095e-01 1.660340e-02 -7.513009e-02 5.387069e-02 9.650277e-01 1.790535e-01
1.751575e-02 4.402828e-01 7.833361e-02 2.500936e-01 4.932523e-02 -2.537413e-01 8.485183e-02 2.002335e-01 3.128954e-02 -8.838293e-02 6.580773e-02 9.144756e-01 6.200050e-02
1.949333e-02 8.266528e-01 1.371876e-01 3.984863e-01 6.222596e-02 -4.990837e-01 9.142308e-02 2.583848e-01 3.109309e-02 -1.743661e-01 5.129260e-02 9.871672e-01 5.225542e-02
2.203594e-02 5.879132e-01 5.564884e-02 2.573404e-01 4.129066e-02 -3.005258e-01 9.865318e-02 1.720441e-01 3.211714e-02 -9.599300e-02 3.764128e-02 9.399201e-01 1.600646e-01
2.514357e-02 5.758266e-01 6.832670e-02 2.237602e-01 3.315756e-02 -1.739694e-01 9.926438e-02 1.656588e-01 2.104451e-02 -3.550001e-02 4.981546e-02 1.092753e+00 1.790626e-01
2.881623e-02 6.820615e-01 5.890702e-02 2.384016e-01 3.885866e-02 -1.644748e-01 1.754413e-02 1.742721e-01 2.264446e-02 -2.415510e-02 7.812599e-03 9.824600e-01 8.126705e-02
2.542609e-03 1.157010e-01 2.620726e-02 1.123712e-01 1.399441e-02 -1.173764e-01 8.080327e-02 1.359680e-01 4.703029e-03 -1.488785e-02 6.419793e-02 6.316104e-01 1.892739e-01
2.825121e-03 1.513938e-01 1.702123e-02 1.558690e-01 1.374329e-02 -1.115506e-01 5.971350e-02 1.894804e-01 1.557404e-02 -1.051557e-02 4.613947e-02 6.286139e-01 1.295679e-01
3.672657e-03 1.441832e-01 2.018105e-02 1.408830e-01 1.538334e-02 -1.163893e-01 4.267563e-02 1.726275e-01 1.538166e-02 2.815564e-02 2.646795e-02 9.211759e-01 9.759204e-02
5.085217e-03 1.502109e-01 1.884077e-02 1.248238e-01 1.614582e-02 -1.713090e-01 5.248581e-02 1.432339e-01 1.907378e-02 7.780221e-03 4.555072e-02 1.049114e+00 1.459368e-01
7.062802e-03 1.752764e-01 1.392766e-02 1.461834e-01 9.910729e-03 -1.323381e-01 6.889010e-02 1.534824e-01 1.048880e-02 -1.004002e-02 5.215600e-02 8.698224e-01 1.543154e-01
9.605410e-03 2.952116e-01 5.196255e-02 2.171563e-01 3.615658e-02 -2.583067e-01 1.100510e-01 1.885127e-01 2.701161e-02 -1.232524e-01 7.729182e-02 9.008043e-01 2.490290e-01
1.271304e-02 4.107722e-01 1.290985e-01 2.712420e-01 8.990726e-02 -2.652749e-01 9.102117e-02 2.195272e-01 6.069295e-02 -1.139525e-01 5.300058e-02 7.950753e-01 2.089227e-01
1.638570e-02 3.323465e-01 3.723919e-02 1.906032e-01 1.590075e-02 -2.204706e-01 7.690214e-02 1.639989e-01 6.524821e-03 -6.679916e-02 5.912329e-02 8.329237e-01 9.815468e-02
2.825121e-03 1.043610e-01 1.637555e-02 9.935790e-02 1.244955e-02 -9.531166e-02 5.217866e-02 1.227458e-01 1.023867e-02 1.670541e-02 4.653190e-02 6.596332e-01 9.745595e-02
3.107633e-03 1.485368e-01 1.519668e-02 1.580933e-01 1.673957e-02 -6.028305e-02 4.498333e-02 2.109157e-01 2.761263e-02 1.132379e-01 6.378102e-02 9.597686e-01 7.072353e-02
3.955169e-03 1.324815e-01 1.041143e-02 1.337676e-01 9.156317e-03 -8.294906e-02 2.604636e-02 1.668005e-01 1.230361e-02 3.383033e-02 2.957868e-02 7.239180e-01 1.383158e-01
5.367729e-03 2.144362e-01 2.062161e-02 1.883886e-01 2.043946e-02 -2.004797e-01 5.046547e-02 1.954850e-01 1.832418e-02 -8.283834e-02 4.049309e-02 8.154547e-01 2.617051e-01
7.345314e-03 2.090849e-01 4.731400e-02 1.653949e-01 4.139713e-02 -2.396322e-01 6.817657e-02 1.624994e-01 3.758880e-02 -1.032825e-01 4.776139e-02 9.187278e-01 1.624305e-01
9.887923e-03 1.817797e-01 1.312204e-02 1.233410e-01 1.278531e-02 -1.494798e-01 2.769622e-02 1.220896e-01 1.400919e-02 -1.125562e-02 3.164884e-02 9.522294e-01 2.386570e-01
1.299556e-02 3.714633e-01 4.927505e-02 2.512523e-01 3.569534e-02 -2.321844e-01 7.230250e-02 2.222626e-01 2.851106e-02 -8.286921e-02 4.349556e-02 8.255219e-01 8.654845e-02
1.666821e-02 3.961688e-01 2.587076e-02 2.264379e-01 2.199478e-02 -2.155295e-01 8.074847e-02 1.783253e-01 2.000239e-02 -7.862077e-02 4.171305e-02 8.632096e-01 1.080595e-01
3.672657e-03 1.445750e-01 1.989489e-02 1.420387e-01 2.104063e-02 -1.026201e-01 2.958463e-02 1.698818e-01 1.998833e-02 5.794273e-03 4.357280e-02 6.712030e-01 1.496868e-01
3.955169e-03 1.561289e-01 2.327630e-02 1.510996e-01 2.361172e-02 -1.354881e-01 3.255135e-02 1.841288e-01 3.441862e-02 1.882446e-02 3.819916e-02 9.758790e-01 2.812013e-01
4.802705e-03 1.149743e-01 2.681669e-02 1.091559e-01 2.366764e-02 -6.276656e-02 3.727069e-02 1.392572e-01 2.416675e-02 5.115288e-02 3.223936e-02 6.351998e-01 1.203529e-01
6.215266e-03 1.969319e-01 3.792989e-02 1.674383e-01 3.277973e-02 -1.351360e-01 4.568675e-02 1.725277e-01 3.213126e-02 -2.694130e-02 2.792961e-02 7.244048e-01 1.356913e-01
8.192850e-03 2.128862e-01 2.309348e-02 1.623453e-01 2.007730e-02 -1.755982e-01 5.033268e-02 1.650902e-01 1.591700e-02 -1.901395e-02 3.797405e-02 1.017483e+00 1.675047e-01
1.073546e-02 3.399460e-01 5.904392e-02 2.416737e-01 4.671627e-02 -2.539341e-01 8.287452e-02 2.122582e-01 3.954033e-02 -1.142175e-01 6.342534e-02 7.990541e-01 8.258995e-02
1.384309e-02 4.332832e-01 9.304470e-02 2.695193e-01 6.243256e-02 -2.972890e-01 6.801999e-02 2.118717e-01 4.345544e-02 -1.136458e-01 3.831108e-02 9.261591e-01 8.662187e-02
1.751575e-02 3.747421e-01 1.974734e-02 1.987550e-01 1.104430e-02 -1.805087e-01 3.525870e-02 1.547944e-01 9.523266e-03 -3.825332e-02 2.371236e-02 8.750994e-01 8.095126e-02
5.085217e-03 1.402712e-01 7.247823e-03 1.274326e-01 1.350533e-02 -1.020520e-01 5.607832e-02 1.457152e-01 2.211731e-02 1.048633e-02 5.019300e-02 7.591221e-01 1.250187e-01
5.367729e-03 1.799504e-01 1.764077e-02 1.608502e-01 1.306768e-02 -1.190503e-01 2.723879e-02 1.663996e-01 1.088553e-02 -5.493837e-02 2.414727e-02 4.515171e-01 4.544860e-02
6.215266e-03 1.938360e-01 2.156087e-02 1.588826e-01 9.430220e-03 -2.184875e-01 7.210547e-02 1.533331e-01 6.560885e-03 -1.191316e-01 4.281722e-02 7.234092e-01 2.036470e-01
7.627826e-03 1.368417e-01 4.148301e-02 1.073433e-01 2.669206e-02 -8.209707e-02 7.839865e-02 1.265358e-01 2.464877e-02 8.083469e-02 6.388625e-02 1.012078e+00 1.224600e-01
9.605410e-03 2.388669e-01 2.875429e-02 1.704183e-01 1.777326e-02 -2.148221e-01 3.376857e-02 1.590902e-01 1.162395e-02 -5.251920e-02 1.191351e-02 9.529009e-01 7.962587e-02
1.214802e-02 3.563975e-01 5.302215e-02 2.290980e-01 3.663505e-02 -2.670185e-01 5.140337e-02 1.864880e-01 2.784987e-02 -1.005143e-01 4.023395e-02 1.074242e+00 6.562199e-02
1.525565e-02 2.617825e-01 1.386821e-02 1.635550e-01 1.148927e-02 -1.727397e-01 3.409143e-02 1.531205e-01 1.339716e-02 -3.655107e-02 1.893357e-02 8.559030e-01 1.319880e-01
1.892831e-02 5.029519e-01 1.049499e-01 2.691112e-01 5.598195e-02 -3.586791e-01 1.057113e-01 1.976243e-01 3.435847e-02 -1.338496e-01 4.840293e-02 1.051852e+00 1.846309e-01
7.062802e-03 2.007418e-01 5.071223e-02 1.562635e-01 3.409952e-02 -2.148481e-01 1.013209e-01 1.561932e-01 2.406959e-02 -6.695998e-02 7.126811e-02 9.262283e-01 2.318493e-01
7.345314e-03 2.194378e-01 2.237846e-02 1.539033e-01 1.092224e-02 -2.830537e-01 8.386316e-02 1.485549e-01 1.231452e-02 -6.814781e-02 6.340103e-02 1.272375e+00 1.507840e-01
8.192850e-03 2.485693e-01 5.057929e-02 1.904390e-01 3.969473e-02 -2.091237e-01 9.048889e-02 1.841212e-01 3.320569e-02 -6.308947e-02 6.602120e-02 8.998280e-01 2.323270e-01
9.605410e-03 2.650744e-01 1.632195e-02 1.956201e-01 1.763221e-02 -2.107210e-01 5.696788e-02 1.792413e-01 2.186769e-02 -6.085751e-02 3.251727e-02 9.823009e-01 2.228239e-01
1.158299e-02 3.574779e-01 6.591459e-02 2.407116e-01 5.370469e-02 -2.390195e-01 6.201716e-02 1.944647e-01 4.148316e-02 -1.032132e-01 3.516139e-02 8.543580e-01 9.552773e-02
1.412560e-02 3.481017e-01 4.158404e-02 1.826223e-01 2.370670e-02 -3.260363e-01 9.781385e-02 1.446922e-01 1.232469e-02 -1.136103e-01 5.494385e-02 1.080043e+00 2.228419e-01
1.723324e-02 4.758505e-01 1.093929e-01 2.549581e-01 5.929616e-02 -2.899458e-01 1.388255e-01 1.860747e-01 3.202109e-02 -1.099150e-01 7.748874e-02 8.685141e-01 1.827296e-01
2.090589e-02 5.021880e-01 6.831793e-02 2.601913e-01 4.065533e-02 -1.693076e-01 1.246136e-01 1.972771e-01 2.625936e-02 -3.848842e-02 4.794429e-02 8.126021e-01 1.936574e-01
9.605410e-03 2.718931e-01 6.107685e-02 1.996492e-01 5.264040e-02 -1.841205e-01 3.583217e-02 1.852780e-01 4.398858e-02 -5.790894e-02 3.106240e-02 8.058767e-01 1.156303e-01
9.887923e-03 2.531197e-01 9.617940e-03 1.786003e-01 7.826463e-03 -1.578150e-01 3.776158e-02 1.635801e-01 7.092508e-03 -2.764185e-02 2.738900e-02 7.109744e-01 7.019549e-02
1.073546e-02 3.859146e-01 9.160808e-02 2.558446e-01 5.650959e-02 -2.789052e-01 1.137983e-01 2.074929e-01 3.735118e-02 -1.130025e-01 7.401253e-02 9.419110e-01 1.363173e-01
1.214802e-02 3.106408e-01 3.102293e-02 2.083760e-01 2.612640e-02 -2.017812e-01 7.632535e-02 1.906851e-01 2.598645e-02 -5.372287e-03 6.388794e-02 1.089817e+00 1.302275e-01
1.412560e-02 3.955517e-01 4.369368e-02 2.173571e-01 3.169512e-02 -3.826901e-01 1.063685e-01 1.600749e-01 2.499368e-02 -1.632111e-01 5.855186e-02 1.058748e+00 1.466387e-01
1.666821e-02 3.865908e-01 6.101932e-02 2.084867e-01 3.114549e-02 -3.191018e-01 1.024261e-01 1.675779e-01 1.596926e-02 -1.272952e-01 6.005805e-02 1.147749e+00 1.414931e-01
1.977585e-02 7.106067e-01 1.458152e-01 3.811439e-01 7.819751e-02 -2.106225e-01 1.006821e-01 2.626759e-01 4.215292e-02 -5.936186e-02 6.264835e-02 8.665847e-01 7.055985e-02
2.344850e-02 6.373077e-01 9.781785e-02 2.903153e-01 4.637381e-02 -2.300090e-01 5.951451e-02 2.052446e-01 2.587452e-02 -7.223292e-02 2.288066e-02 1.117921e+00 1.329704e-01
1.271304e-02 3.326595e-01 3.746200e-02 2.143944e-01 2.531336e-02 -2.110388e-01 6.155619e-02 1.815155e-01 2.040086e-02 -4.724758e-02 2.898644e-02 9.461494e-01 2.095827e-01
1.299556e-02 5.062842e-01 1.403306e-01 3.231050e-01 8.119051e-02 -2.885863e-01 1.197328e-01 2.455826e-01 4.613279e-02 -1.295270e-01 8.320638e-02 7.168233e-01 8.691756e-02
1.384309e-02 3.032235e-01 5.975612e-02 1.893045e-01 4.604068e-02 -2.014091e-01 3.749776e-02 1.615414e-01 3.779468e-02 -7.660258e-02 2.905608e-02 7.593424e-01 6.865588e-02
1.525565e-02 4.275862e-01 4.182275e-02 2.466758e-01 2.468064e-02 -1.483471e-01 6.338862e-02 1.962717e-01 1.929092e-02 1.067007e-02 4.904181e-02 8.602301e-01 1.528372e-01
1.723324e-02 3.642847e-01 6.149588e-02 2.070957e-01 3.645731e-02 -2.084531e-01 8.411084e-02 1.822279e-01 2.654851e-02 -2.940467e-02 3.200200e-02 9.916793e-01 1.256180e-01
1.977585e-02 6.164349e-01 1.470707e-01 3.098644e-01 8.180207e-02 -2.994612e-01 1.713778e-01 2.130587e-01 4.446746e-02 -1.130398e-01 1.010611e-01 1.030927e+00 1.858118e-01
2.288348e-02 6.325674e-01 1.338466e-01 2.869814e-01 6.067915e-02 -2.324558e-01 7.165509e-02 1.952482e-01 3.329807e-02 -7.894357e-02 2.677134e-02 7.434645e-01 5.037518e-02
2.655613e-02 5.172492e-01 2.501347e-02 1.711648e-01 1.213071e-02 -1.991032e-01 7.695708e-02 1.243461e-01 7.201955e-03 -3.833002e-02 4.348417e-02 1.004829e+00 1.278323e-01
1.638570e-02 4.649771e-01 8.760626e-02 2.612746e-01 5.709336e-02 -3.818904e-01 9.488653e-02 2.008089e-01 3.622875e-02 -1.324625e-01 6.938609e-02 1.255745e+00 1.394434e-01
1.666821e-02 6.774215e-01 1.833762e-01 3.762408e-01 1.190495e-01 -3.686120e-01 1.032976e-01 2.565498e-01 7.585722e-02 -1.620528e-01 6.665119e-02 1.035145e+00 1.703949e-01
1.751575e-02 4.486048e-01 6.454066e-02 2.356520e-01 3.258809e-02 -1.782479e-01 5.004801e-02 1.700554e-01 1.963948e-02 -3.495277e-02 2.819545e-02 8.489434e-01 1.021950e-01
1.892831e-02 5.862007e-01 9.103509e-02 3.055928e-01 4.784864e-02 -2.184231e-01 1.385265e-01 2.181251e-01 2.907455e-02 -3.613581e-02 6.584401e-02 1.033556e+00 1.001552e-01
2.090589e-02 6.847573e-01 1.215065e-01 3.387227e-01 6.040177e-02 -3.514151e-01 1.155648e-01 2.326692e-01 3.560037e-02 -1.180323e-01 5.898924e-02 9.498944e-01 1.359297e-01
2.344850e-02 5.847483e-01 5.980515e-02 2.396071e-01 3.388230e-02 -2.301431e-01 9.384586e-02 1.831389e-01 2.008663e-02 -5.623769e-02 1.858162e-02 1.062945e+00 1.261098e-01
2.655613e-02 7.729005e-01 1.087932e-01 3.242199e-01 4.759012e-02 -3.826631e-01 1.416643e-01 2.108220e-01 2.873043e-02 -1.343464e-01 8.134411e-02 1.190094e+00 1.367459e-01
3.022879e-02 7.331338e-01 7.064852e-02 2.674726e-01 3.433374e-02 -2.451740e-01 9.655483e-02 1.915146e-01 1.864392e-02 -7.402060e-02 2.971825e-02 9.904022e-01 1.291598e-01
4.520193e-03 1.408230e-01 2.446302e-02 1.224396e-01 2.212907e-02 -1.572323e-01 3.762828e-02 1.599057e-01 1.871172e-02 8.233137e-02 3.631838e-02 1.344846e+00 1.487254e-01
4.802705e-03 1.869335e-01 4.638203e-02 1.565988e-01 4.101218e-02 -2.436307e-01 5.989781e-02 1.658852e-01 3.791698e-02 -7.481708e-02 3.787130e-02 1.079449e+00 2.007729e-01
5.650241e-03 1.375045e-01 1.999473e-02 1.226427e-01 1.602037e-02 -8.855056e-02 3.749140e-02 1.363263e-01 1.642378e-02 -7.994847e-03 2.677057e-02 5.038983e-01 8.751509e-02
7.062802e-03 2.090511e-01 3.416855e-02 1.583905e-01 2.772424e-02 -2.145496e-01 4.650339e-02 1.553655e-01 2.270594e-02 -6.996743e-02 4.545462e-02 8.964007e-01 1.065471e-01
9.040386e-03 2.547875e-01 4.344185e-02 1.984522e-01 3.749517e-02 -1.430932e-01 3.877123e-02 1.917325e-01 3.152959e-02 -1.761455e-02 3.938803e-02 8.051890e-01 6.052116e-02
1.158299e-02 3.131753e-01 3.880278e-02 2.116112e-01 3.098034e-02 -2.630132e-01 4.260909e-02 1.894084e-01 2.612961e-02 -7.823136e-02 1.077503e-02 1.066841e+00 2.265718e-01
1.469063e-02 4.887812e-01 5.355220e-02 2.722246e-01 2.843003e-02 -3.266137e-01 9.889783e-02 1.993399e-01 1.985619e-02 -9.382727e-02 4.352856e-02 9.990463e-01 2.380133e-01
1.836328e-02 5.180617e-01 7.853638e-02 2.791275e-01 3.989604e-02 -2.477699e-01 8.656107e-02 2.139319e-01 2.572141e-02 -6.836284e-02 4.128117e-02 9.595219e-01 1.985651e-01
4.802705e-03 1.614378e-01 1.780021e-02 1.552878e-01 2.086767e-02 -1.114332e-01 4.131809e-02 1.850138e-01 2.994727e-02 6.138248e-03 3.698577e-02 6.977517e-01 1.198158e-01
5.085217e-03 1.609024e-01 2.608586e-02 1.503617e-01 2.480151e-02 -1.199656e-01 4.210348e-02 1.751246e-01 2.613572e-02 1.106637e-02 2.794914e-02 8.624864e-01 1.155453e-01
5.932754e-03 1.370816e-01 1.737810e-02 1.062198e-01 1.213165e-02 -1.641109e-01 3.877207e-02 1.229540e-01 9.509540e-03 6.310391e-03 3.185325e-02 1.020147e+00 2.037820e-01
7.345314e-03 2.993911e-01 6.521024e-02 2.323087e-01 5.705107e-02 -2.871408e-01 6.591015e-02 2.134755e-01 4.695810e-02 -1.404916e-01 6.937668e-02 8.739543e-01 1.775799e-02
9.322898e-03 2.358927e-01 1.613719e-02 1.761793e-01 7.587087e-03 -1.265207e-01 4.901374e-02 1.657165e-01 1.012778e-02 -1.295690e-02 3.335617e-02 7.241719e-01 8.481440e-02
1.186551e-02 3.386325e-01 4.009847e-02 2.251603e-01 2.357307e-02 -1.997550e-01 6.631976e-02 1.902227e-01 2.345621e-02 -5.019346e-02 5.322950e-02 9.021264e-01 1.690003e-01
1.497314e-02 3.538623e-01 5.777507e-02 2.059565e-01 3.277594e-02 -2.369396e-01 8.466077e-02 1.609168e-01 2.039442e-02 -8.265033e-02 4.445885e-02 8.597635e-01 1.450378e-01
1.864580e-02 3.760856e-01 8.291776e-02 1.972040e-01 4.773069e-02 -8.713055e-02 6.569990e-02 1.501040e-01 2.843830e-02 -1.276997e-02 4.454442e-02 8.006609e-01 1.159255e-01
5.650241e-03 1.311812e-01 2.514101e-02 1.261873e-01 2.798463e-02 -3.766874e-02 2.830831e-02 1.501544e-01 3.086944e-02 4.558574e-02 2.323058e-02 5.618708e-01 9.127630e-02
5.932754e-03 1.541003e-01 2.725213e-02 1.464748e-01 2.558536e-02 -5.988121e-02 3.386195e-02 1.727341e-01 2.592402e-02 5.776481e-02 2.892714e-02 7.985441e-01 1.575912e-01
6.780290e-03 3.010997e-01 4.982614e-02 2.249269e-01 3.305673e-02 -3.906509e-01 8.326347e-02 2.061482e-01 2.336790e-02 -1.711147e-01 5.532221e-02 1.288539e+00 1.661829e-01
8.192850e-03 2.122486e-01 3.279386e-02 1.631039e-01 2.836951e-02 -2.110072e-01 3.168854e-02 1.608112e-01 2.510305e-02 -6.120399e-02 3.263638e-02 1.072791e+00 1.005040e-01
1.017043e-02 2.883464e-01 3.957219e-02 2.080478e-01 2.296252e-02 -1.416198e-01 5.564822e-02 1.901795e-01 1.679612e-02 4.978232e-03 4.097388e-02 9.436258e-01 9.628262e-02
1.271304e-02 2.972783e-01 2.843637e-02 1.810532e-01 1.716474e-02 -1.838668e-01 6.599301e-02 1.499833e-01 1.072552e-02 -3.253728e-02 3.439273e-02 9.357426e-01 1.340876e-01
1.582068e-02 3.547071e-01 3.825465e-02 2.015771e-01 2.817209e-02 -2.631354e-01 4.385213e-02 1.715797e-01 2.234644e-02 -3.895748e-02 1.755292e-02 1.236259e+00 1.291362e-01
1.949333e-02 4.465280e-01 8.522563e-02 2.202620e-01 4.334016e-02 -1.391546e-01 4.862921e-02 1.714014e-01 2.003853e-02 -5.159583e-03 3.331531e-02 9.026756e-01 5.062398e-02
7.062802e-03 2.533322e-01 6.523557e-02 1.907280e-01 4.514479e-02 -2.355358e-01 9.607478e-02 1.855508e-01 3.738134e-02 -4.514074e-02 6.755936e-02 1.126652e+00 1.858228e-01
7.345314e-03 1.628471e-01 1.828882e-02 1.460202e-01 1.574019e-02 -1.804610e-02 2.672108e-02 1.600757e-01 1.593053e-02 5.248630e-02 2.365923e-02 5.000456e-01 1.069386e-02
8.192850e-03 1.873781e-01 2.506483e-02 1.521871e-01 1.876621e-02 -1.231272e-01 3.992571e-02 1.587165e-01 1.707400e-02 -2.964226e-02 2.879096e-02 5.851098e-01 8.139034e-02
9.605410e-03 2.454267e-01 3.492548e-02 1.828140e-01 2.859657e-02 -1.684917e-01 6.507358e-02 1.775409e-01 2.327037e-02 -2.631834e-02 5.819311e-02 9.693697e-01 1.597807e-01
1.158299e-02 3.060210e-01 2.015201e-02 1.977900e-01 1.421189e-02 -2.816366e-01 4.905663e-02 1.659151e-01 1.218454e-02 -1.250815e-01 3.796527e-02 8.908591e-01 1.294203e-01
1.412560e-02 2.771309e-01 2.564842e-02 1.560514e-01 1.207538e-02 -1.539627e-01 4.914051e-02 1.332805e-01 9.571837e-03 -3.837015e-02 2.989912e-02 6.610976e-01 7.952455e-02
1.723324e-02 4.153008e-01 9.177097e-02 2.428411e-01 6.043607e-02 -1.706191e-01 2.618253e-02 1.970918e-01 4.093297e-02 -4.695177e-02 1.850468e-02 8.348470e-01 9.644870e-02
2.090589e-02 4.747207e-01 6.872321e-02 2.493150e-01 3.972063e-02 -1.335595e-01 8.399321e-02 1.910829e-01 2.600565e-02 -3.414235e-02 4.586487e-02 7.763276e-01 1.446315e-01
9.040386e-03 3.370865e-01 5.307057e-02 2.465167e-01 3.061213e-02 -3.278840e-01 9.820875e-02 2.130688e-01 2.065156e-02 -1.662770e-01 5.012948e-02 9.506886e-01 2.327769e-01
9.322898e-03 2.820801e-01 3.899202e-02 2.157051e-01 3.189674e-02 -1.844471e-01 5.456034e-02 2.041639e-01 3.026370e-02 -3.699854e-02 4.767922e-02 9.502186e-01 6.274578e-02
1.017043e-02 3.109021e-01 5.992656e-02 2.346731e-01 4.643088e-02 -2.038695e-01 4.421055e-02 2.098994e-01 3.888080e-02 -7.183343e-02 2.585715e-02 8.189728e-01 9.719132e-02
1.158299e-02 3.528340e-01 6.377732e-02 2.554980e-01 5.613307e-02 -2.385695e-01 4.198202e-02 2.307428e-01 4.769975e-02 -9.843913e-02 4.111539e-02 8.184775e-01 5.618384e-02
1.356058e-02 5.106422e-01 1.508474e-01 3.439030e-01 1.033600e-01 -1.929158e-01 6.838450e-02 2.786156e-01 6.884022e-02 -3.586719e-02 4.814409e-02 1.108273e+00 2.624048e-01
1.610319e-02 4.508756e-01 3.715470e-02 2.560448e-01 2.178068e-02 -2.252048e-01 6.950156e-02 1.986154e-01 1.331826e-02 -6.535255e-02 4.950120e-02 9.868795e-01 5.495855e-02
1.921082e-02 5.978812e-01 6.677101e-02 3.301433e-01 2.252339e-02 -3.357958e-01 1.064910e-01 2.374443e-01 6.486518e-03 -1.251769e-01 4.181070e-02 1.108944e+00 2.687370e-01
2.288348e-02 7.433684e-01 1.510203e-01 3.713153e-01 7.998118e-02 -1.888324e-01 5.805651e-02 2.514769e-01 4.662782e-02 -7.148881e-02 1.812576e-02 7.858339e-01 7.601777e-02
1.158299e-02 4.498564e-01 2.245171e-02 3.156437e-01 1.512338e-02 -2.787101e-01 4.114961e-02 2.604803e-01 1.515563e-02 -1.203406e-01 1.380615e-02 7.651724e-01 1.333612e-01
1.186551e-02 2.523180e-01 3.806996e-02 1.591707e-01 2.103634e-02 -2.073560e-01 5.530810e-02 1.356107e-01 1.582547e-02 -6.137803e-02 3.141647e-02 9.160308e-01 1.499463e-01
1.271304e-02 3.354782e-01 3.360251e-02 2.294916e-01 2.659239e-02 -1.776426e-01 2.983594e-02 1.953022e-01 2.061972e-02 -6.727599e-02 3.382728e-02 7.564656e-01 1.158734e-01
1.412560e-02 3.527184e-01 7.087704e-02 2.150449e-01 4.836399e-02 -1.731574e-01 4.742561e-02 1.780259e-01 3.681166e-02 -4.209779e-02 2.547142e-02 8.068572e-01 1.001635e-01
1.610319e-02 4.733718e-01 6.707474e-02 2.713316e-01 4.133195e-02 -3.302238e-01 1.025239e-01 2.073943e-01 2.641207e-02 -1.214156e-01 5.180996e-02 1.073481e+00 1.251533e-01
1.864580e-02 5.332328e-01 1.245641e-01 2.657963e-01 6.728467e-02 -3.961983e-01 1.061092e-01 1.901008e-01 3.505977e-02 -1.141874e-01 5.259535e-02 1.270329e+00 7.699407e-02
2.175343e-02 5.827975e-01 6.892916e-02 2.862070e-01 3.944215e-02 -2.927927e-01 2.957135e-02 2.083841e-01 2.910418e-02 -9.929098e-02 2.809502e-02 9.579519e-01 6.804582e-02
2.542609e-02 7.555855e-01 6.655758e-02 3.116272e-01 3.091872e-02 -1.964402e-01 7.896903e-02 1.904257e-01 1.246221e-02 -7.515544e-02 4.727991e-02 9.290860e-01 2.155919e-01
1.469063e-02 4.131049e-01 5.239411e-02 2.504387e-01 3.860473e-02 -1.852602e-01 3.260388e-02 2.062195e-01 2.334786e-02 -1.754193e-02 3.806157e-02 9.392594e-01 9.877901e-02
1.497314e-02 3.832316e-01 6.184426e-02 2.351711e-01 3.833474e-02 -2.019662e-01 5.064567e-02 1.960705e-01 2.410412e-02 -7.755641e-02 2.919004e-02 6.692454e-01 1.131442e-01
1.582068e-02 3.668090e-01 4.431795e-02 2.177047e-01 2.648554e-02 -1.343827e-01 2.878890e-02 1.753360e-01 1.673062e-02 -2.640518e-02 1.937563e-02 7.801953e-01 1.225552e-01
1.723324e-02 4.931604e-01 9.250776e-02 2.880178e-01 5.732383e-02 -2.607925e-01 5.222171e-02 2.260645e-01 3.632470e-02 -8.989105e-02 4.284531e-02 8.798623e-01 5.753977e-02
1.921082e-02 4.734515e-01 9.681792e-02 2.261690e-01 5.603736e-02 -2.923379e-01 7.143285e-02 1.654577e-01 3.064480e-02 -8.327423e-02 2.928027e-02 1.103513e+00 4.032142e-02
2.175343e-02 5.645247e-01 1.435752e-01 2.649890e-01 8.042281e-02 -1.885564e-01 5.980211e-02 1.977762e-01 4.326639e-02 -6.313018e-02 2.996434e-02 8.112310e-01 8.052102e-02
2.486106e-02 7.912256e-01 1.971109e-01 3.285585e-01 1.053264e-01 -4.095703e-01 1.180649e-01 2.199428e-01 5.292387e-02 -1.631285e-01 6.288034e-02 1.148344e+00 6.501738e-02
2.853372e-02 8.158152e-01 1.503961e-01 2.740996e-01 7.484811e-02 -1.711319e-01 6.723532e-02 1.888040e-01 3.322775e-02 -1.642849e-02 3.425418e-02 9.521243e-01 1.398390e-01
1.836328e-02 3.977475e-01 3.635997e-02 2.110636e-01 1.314457e-02 -1.566529e-01 6.373637e-02 1.628110e-01 9.705768e-03 -3.974506e-02 3.921058e-02 8.729329e-01 7.033415e-02
1.864580e-02 5.039266e-01 5.598650e-02 2.576995e-01 2.671823e-02 -2.956270e-01 1.008876e-01 1.857572e-01 1.476757e-02 -1.061017e-01 5.963666e-02 9.473013e-01 1.334317e-01
1.949333e-02 6.228473e-01 1.566937e-01 2.951997e-01 7.964076e-02 -2.680455e-01 8.412721e-02 1.963835e-01 3.863312e-02 -6.845345e-02 4.638096e-02 1.033263e+00 1.153516e-01
2.090589e-02 8.228238e-01 1.499093e-01 3.965963e-01 7.465335e-02 -3.420632e-01 9.630992e-02 2.578578e-01 4.437756e-02 -7.471666e-02 4.190135e-02 1.205387e+00 1.082815e-01
2.288348e-02 6.679248e-01 1.534126e-01 3.045044e-01 7.595269e-02 -2.611392e-01 1.315981e-01 2.033744e-01 3.675169e-02 -8.294027e-02 6.154226e-02 8.611029e-01 6.787316e-02
2.542609e-02 6.195668e-01 8.006039e-02 2.268699e-01 2.532278e-02 -2.585062e-01 8.013235e-02 1.562765e-01 1.251773e-02 -1.062884e-01 1.870588e-02 1.129637e+00 1.765059e-01
2.853372e-02 7.083655e-01 4.337592e-02 2.857741e-01 2.074037e-02 -2.102731e-01 4.951652e-02 2.167884e-01 1.875842e-02 -7.283699e-02 3.098970e-02 7.548872e-01 2.089794e-02
3.220638e-02 7.275372e-01 7.879612e-02 2.565876e-01 5.423209e-02 -1.158357e-01 8.695347e-02 2.064062e-01 2.644102e-02 -2.656504e-02 5.363053e-02 1.100154e+00 1.046466e-01
7.062802e-03 2.504303e-01 4.326086e-02 1.965022e-01 3.575153e-02 -2.222957e-01 7.025152e-02 1.880694e-01 3.022247e-02 -8.779739e-02 4.555230e-02 8.598329e-01 1.723925e-01
7.345314e-03 1.907161e-01 1.320481e-02 1.603036e-01 1.295912e-02 -1.006130e-01 4.580128e-02 1.688149e-01 1.620226e-02 4.848432e-03 3.450526e-02 6.924733e-01 1.087191e-01
8.192850e-03 2.073215e-01 2.238476e-02 1.556884e-01 1.788026e-02 -1.778338e-01 2.595050e-02 1.553437e-01 1.575973e-02 -4.649934e-02 1.918936e-02 7.569681e-01 8.516356e-02
9.605410e-03 2.407972e-01 3.891962e-02 1.802292e-01 4.100958e-02 -1.322308e-01 2.950842e-02 1.723753e-01 4.008612e-02 -2.275325e-02 1.158246e-02 6.359291e-01 1.122176e-01
1.158299e-02 2.587384e-01 7.841209e-02 1.893604e-01 5.974276e-02 -1.590806e-01 6.845485e-02 1.747386e-01 4.723710e-02 -6.204230e-02 4.733835e-02 7.207125e-01 6.978388e-02
1.412560e-02 4.795029e-01 1.201248e-01 2.963601e-01 5.772853e-02 -3.010669e-01 1.415180e-01 2.269338e-01 2.977024e-02 -1.160021e-01 8.793145e-02 9.665058e-01 1.740526e-01
1.723324e-02 4.385164e-01 6.098145e-02 2.580526e-01 3.160644e-02 -1.845271e-01 7.140661e-02 2.074046e-01 2.316123e-02 -4.095193e-02 3.349064e-02 9.069589e-01 2.250850e-01
2.090589e-02 6.194959e-01 1.189745e-01 3.044822e-01 6.678626e-02 -1.626823e-01 4.890254e-02 2.077327e-01 4.176996e-02 -4.026128e-02 3.595745e-02 8.094393e-01 4.806679e-02
7.345314e-03 1.762903e-01 3.050238e-02 1.440777e-01 2.773823e-02 -1.148461e-01 4.612361e-02 1.652541e-01 2.256376e-02 5.929849e-02 6.049695e-02 1.015065e+00 1.979197e-01
7.627826e-03 2.387376e-01 2.758007e-02 1.898522e-01 2.656852e-02 -1.953875e-01 4.373538e-02 1.885218e-01 2.616649e-02 -3.027891e-02 3.661970e-02 1.120375e+00 1.963228e-01
8.475362e-03 2.642894e-01 4.433439e-02 2.023975e-01 3.291337e-02 -1.857278e-01 6.959314e-02 1.888303e-01 2.342449e-02 -6.246205e-02 5.867766e-02 7.600581e-01 6.749208e-02
9.887923e-03 3.044287e-01 5.435380e-02 2.292605e-01 3.864654e-02 -1.010679e-01 7.368320e-02 2.106153e-01 2.847586e-02 3.360292e-02 5.689604e-02 9.772935e-01 9.006861e-02
1.186551e-02 2.875309e-01 1.741189e-02 1.717348e-01 1.524693e-02 -3.123195e-01 4.599243e-02 1.567823e-01 1.171979e-02 -7.901341e-02 2.781231e-02 1.157509e+00 1.396761e-01
1.440812e-02 3.565888e-01 1.047649e-01 2.219067e-01 6.420148e-02 -1.605345e-01 6.738490e-02 1.860520e-01 3.814327e-02 -2.729024e-02 4.215024e-02 7.785555e-01 7.692374e-02
1.751575e-02 4.550949e-01 1.077255e-01 2.533884e-01 6.005675e-02 -2.608241e-01 9.492847e-02 1.982974e-01 3.467012e-02 -6.534680e-02 4.680024e-02 9.791132e-01 9.856941e-02
2.118841e-02 4.858766e-01 4.002460e-02 2.360560e-01 2.444175e-02 -2.028728e-01 3.950605e-02 1.872801e-01 1.721081e-02 -6.206384e-02 2.809822e-02 7.907488e-01 8.066009e-02
8.192850e-03 2.214537e-01 1.013739e-02 1.773547e-01 8.853329e-03 -1.433504e-01 5.469519e-02 1.803402e-01 9.127543e-03 -2.391299e-03 3.809949e-02 9.630835e-01 8.599119e-02
8.475362e-03 2.297137e-01 4.702699e-02 1.781198e-01 4.570793e-02 -9.580399e-02 6.109013e-02 1.673693e-01 4.243044e-02 -8.400390e-03 4.825273e-02 5.366510e-01 8.465005e-02
9.322898e-03 3.142322e-01 6.479787e-02 2.460680e-01 4.584943e-02 -1.591036e-01 1.079427e-01 2.235590e-01 3.308697e-02 -5.725457e-02 8.235961e-02 7.593515e-01 7.872597e-02
1.073546e-02 3.444446e-01 7.347373e-02 2.439881e-01 5.542494e-02 -2.325115e-01 7.718286e-02 2.106215e-01 3.984371e-02 -1.098437e-01 7.302675e-02 8.589774e-01 5.824289e-02
1.271304e-02 2.942479e-01 2.856797e-02 1.865768e-01 2.452685e-02 -1.987098e-01 2.420683e-02 1.575710e-01 1.720840e-02 -6.088066e-02 3.542930e-02 7.833318e-01 1.696600e-01
1.525565e-02 5.447650e-01 7.950267e-02 3.057787e-01 4.400952e-02 -3.300211e-01 7.025771e-02 2.154776e-01 2.865343e-02 -1.190163e-01 3.044033e-02 9.657182e-01 1.395162e-01
1.836328e-02 4.814624e-01 1.120662e-01 2.438097e-01 6.103546e-02 -2.876744e-01 3.521621e-02 1.780783e-01 3.498198e-02 -9.386969e-02 2.242555e-02 1.028196e+00 9.259945e-02
2.203594e-02 5.624313e-01 1.657583e-01 2.760888e-01 8.436545e-02 -2.205671e-01 1.039902e-01 2.013483e-01 4.266713e-02 -9.818661e-02 4.509330e-02 9.966626e-01 1.299460e-01
9.605410e-03 2.377731e-01 2.664604e-02 1.927845e-01 1.981662e-02 -1.187762e-01 5.877163e-02 1.967587e-01 2.341429e-02 -1.398481e-02 4.982361e-02 7.063062e-01 7.340678e-02
9.887923e-03 2.437090e-01 4.743908e-02 1.650023e-01 3.747167e-02 -2.298523e-01 5.442898e-02 1.568101e-01 3.083472e-02 -3.695645e-02 2.879007e-02 1.115524e+00 2.320216e-01
1.073546e-02 2.765669e-01 5.518162e-02 2.135801e-01 4.033212e-02 -1.312261e-01 2.810669e-02 2.050183e-01 2.798787e-02 -3.882686e-02 2.987489e-02 5.815772e-01 9.309756e-02
1.214802e-02 3.585747e-01 3.861078e-02 2.394638e-01 2.962432e-02 -2.152466e-01 7.067675e-02 2.066252e-01 2.379785e-02 -4.885538e-02 5.122411e-02 9.898144e-01 1.597123e-01
1.412560e-02 3.455836e-01 5.583018e-02 2.248462e-01 3.220763e-02 -1.777070e-01 6.816217e-02 1.845804e-01 1.903900e-02 -6.390929e-02 5.142914e-02 8.342327e-01 6.253760e-02
1.666821e-02 4.569992e-01 6.500370e-02 2.553965e-01 2.710013e-02 -2.388895e-01 8.357454e-02 1.928446e-01 1.102763e-02 -9.081574e-02 4.294418e-02 7.188533e-01 9.649610e-02
1.977585e-02 6.324697e-01 8.249194e-02 3.157509e-01 6.712581e-02 -3.273268e-01 7.849082e-02 2.167516e-01 5.121641e-02 -9.294784e-02 4.009847e-02 1.109650e+00 1.197771e-01
2.344850e-02 6.820599e-01 6.526775e-02 2.705736e-01 4.688028e-02 -2.536874e-01 8.421048e-02 1.774313e-01 2.892403e-02 -4.186487e-02 2.980680e-02 1.005051e+00 1.115594e-01
1.158299e-02 4.273109e-01 9.620374e-02 2.923112e-01 6.951048e-02 -2.489987e-01 4.521140e-02 2.412433e-01 5.302371e-02 -7.038882e-02 2.743103e-02 1.052267e+00 1.210194e-01
1.186551e-02 3.211734e-01 3.223753e-02 2.123359e-01 2.338500e-02 -2.843656e-01 5.787485e-02 1.787018e-01 1.563372e-02 -1.243288e-01 3.731337e-02 8.309018e-01 8.626672e-02
1.271304e-02 3.186620e-01 6.146941e-02 2.114468e-01 4.197630e-02 -2.360546e-01 9.089550e-02 1.828731e-01 3.464713e-02 -8.633758e-02 5.242851e-02 8.811688e-01 1.281796e-01
1.412560e-02 3.382271e-01 6.198778e-02 2.059948e-01 4.342101e-02 -2.068482e-01 7.072685e-02 1.643109e-01 2.903824e-02 -4.363812e-02 2.281389e-02 1.045729e+00 2.732910e-01
1.610319e-02 5.152943e-01 1.114571e-01 3.194369e-01 7.313661e-02 -2.098624e-01 5.264917e-02 2.518842e-01 4.855523e-02 -9.601710e-02 4.655648e-02 9.046229e-01 5.658796e-02
1.864580e-02 4.605431e-01 5.914284e-02 2.391409e-01 2.650553e-02 -2.629186e-01 7.692321e-02 1.788294e-01 1.488923e-02 -8.522899e-02 4.431488e-02 9.939944e-01 1.400450e-01
2.175343e-02 6.006910e-01 1.058313e-01 2.659582e-01 5.586714e-02 -2.060104e-01 6.775704e-02 1.805528e-01 3.053186e-02 -4.465923e-02 4.187586e-02 8.779137e-01 5.691888e-02
2.542609e-02 5.652470e-01 8.695363e-02 2.016327e-01 2.931847e-02 -2.266933e-01 5.561813e-02 1.441297e-01 1.295344e-02 -7.314115e-02 3.767634e-02 1.002917e+00 1.207952e-01
1.412560e-02 4.167143e-01 4.179425e-02 2.674102e-01 3.966127e-02 -1.872582e-01 4.821983e-02 2.197536e-01 3.442470e-02 -4.057868e-02 4.678265e-02 9.329984e-01 9.778345e-02
1.440812e-02 4.722414e-01 4.814771e-02 2.720499e-01 3.947517e-02 -4.006813e-01 6.244940e-02 2.011214e-01 3.184936e-02 -1.740248e-01 3.558488e-02 1.004952e+00 9.854391e-02
1.525565e-02 5.919317e-01 8.923015e-02 3.145983e-01 5.048278e-02 -5.653075e-01 1.289678e-01 2.117071e-01 2.965894e-02 -2.553871e-01 7.360835e-02 1.278403e+00 1.594843e-01
1.666821e-02 4.345389e-01 1.021686e-01 2.511838e-01 5.686013e-02 -1.690520e-01 9.695332e-02 1.880503e-01 3.227038e-02 -4.666148e-02 5.864062e-02 8.778500e-01 1.252209e-01
1.864580e-02 6.543299e-01 1.756011e-01 3.430767e-01 9.505998e-02 -3.576795e-01 5.144555e-02 2.401106e-01 4.895522e-02 -1.400210e-01 4.721819e-02 1.053767e+00 1.058929e-01
2.118841e-02 5.576458e-01 4.746116e-02 2.599321e-01 2.289472e-02 -2.338112e-01 7.872344e-02 1.883972e-01 1.201111e-02 -8.343385e-02 4.071697e-02 8.947180e-01 6.592055e-02
2.429604e-02 6.204848e-01 1.363765e-01 2.516296e-01 6.268309e-02 -2.969948e-01 2.330420e-02 1.902163e-01 3.550813e-02 -9.234057e-02 2.749331e-02 8.666461e-01 9.206440e-02
2.796870e-02 6.771622e-01 1.418443e-01 2.555770e-01 3.997353e-02 -2.328343e-01 1.083643e-01 1.922143e-01 2.593087e-02 -4.721344e-02 2.632811e-02 1.087759e+00 9.376632e-02
1.723324e-02 6.286199e-01 1.066154e-01 3.276027e-01 4.804322e-02 -4.764202e-01 1.188137e-01 2.229613e-01 2.981604e-02 -2.087426e-01 5.800064e-02 1.016541e+00 1.874306e-01
1.751575e-02 7.515772e-01 1.424179e-01 4.092991e-01 8.006036e-02 -3.896476e-01 7.437896e-02 2.713366e-01 4.516309e-02 -1.765532e-01 4.707420e-02 9.823935e-01 9.856965e-02
1.836328e-02 5.181645e-01 6.691005e-02 2.880119e-01 3.465304e-02 -2.171464e-01 8.262333e-02 2.120530e-01 2.108072e-02 -5.992125e-02 3.962304e-02 8.460682e-01 1.636218e-01
1.977585e-02 4.566608e-01 4.387983e-02 2.121093e-01 2.571226e-02 -1.350712e-01 3.530369e-02 1.690179e-01 2.537838e-02 -9.430906e-03 1.741977e-02 7.995653e-01 1.471302e-01
2.175343e-02 6.987321e-01 4.878238e-02 3.559777e-01 3.193376e-02 -3.976511e-01 8.258491e-02 2.453659e-01 1.867149e-02 -1.499936e-01 3.845618e-02 9.384472e-01 1.066681e-01
2.429604e-02 6.283902e-01 1.367905e-01 2.589571e-01 7.267513e-02 -3.069971e-01 1.008660e-01 1.764553e-01 3.732238e-02 -8.244274e-02 4.240208e-02 9.982745e-01 5.286550e-02
2.740367e-02 6.041066e-01 1.231400e-01 2.290211e-01 5.718549e-02 -1.138691e-01 1.017809e-01 1.676605e-01 2.517340e-02 -2.665133e-02 5.080535e-02 9.477792e-01 6.903431e-02
3.107633e-02 8.317151e-01 9.318942e-02 2.988257e-01 3.351896e-02 -2.039543e-01 5.022358e-02 2.149952e-01 1.248738e-02 -7.687595e-02 2.275665e-02 9.632501e-01 9.403147e-02
2.090589e-02 6.113742e-01 1.095352e-01 2.945154e-01 6.351257e-02 -3.379273e-01 3.387154e-02 2.126283e-01 3.433578e-02 -1.262485e-01 1.827237e-02 1.101430e+00 1.078344e-01
2.118841e-02 6.313687e-01 1.319534e-01 3.230352e-01 6.957453e-02 -2.645393e-01 6.600575e-02 2.330435e-01 3.563376e-02 -9.870124e-02 4.444346e-02 8.909228e-01 1.174621e-01
2.203594e-02 5.519195e-01 9.796985e-02 2.593366e-01 5.073307e-02 -2.605199e-01 1.026285e-01 1.874234e-01 2.651577e-02 -8.607213e-02 5.783429e-02 7.122624e-01 9.754781e-02
2.344850e-02 6.184187e-01 9.252285e-02 2.913708e-01 3.376319e-02 -7.822383e-02 3.082761e-02 2.068161e-01 1.200297e-02 -1.260561e-02 2.257773e-02 7.724305e-01 1.560980e-02
2.542609e-02 5.829333e-01 6.912688e-02 2.251017e-01 3.036927e-02 -1.293949e-01 6.964030e-02 1.640599e-01 1.672117e-02 -5.815470e-02 2.905593e-02 9.962558e-01 1.260372e-01
2.796870e-02 6.657983e-01 1.779156e-01 2.660417e-01 7.908303e-02 -2.442106e-01 7.273966e-02 1.937220e-01 2.836533e-02 -9.474754e-02 3.114911e-02 1.074924e+00 1.330127e-01
3.107633e-02 6.438067e-01 3.703513e-02 2.525300e-01 1.860846e-02 -1.165480e-01 7.827570e-02 1.871450e-01 1.255779e-02 -2.792646e-02 2.629716e-02 1.004074e+00 6.115920e-02
3.474898e-02 6.869066e-01 1.157171e-01 1.834748e-01 5.419273e-02 -1.147266e-01 6.681667e-02 1.705328e-01 2.538094e-02 -3.005167e-02 2.719657e-02 9.965780e-01 7.523723e-02
1.017043e-02 2.832153e-01 2.994437e-02 1.957457e-01 2.493185e-02 -2.814332e-01 1.913381e-02 1.700548e-01 2.136893e-02 -1.106671e-01 2.195302e-02 9.644288e-01 9.480874e-02
1.045295e-02 2.494422e-01 1.803696e-02 1.730475e-01 9.217321e-03 -1.990546e-01 4.494924e-02 1.550668e-01 8.015616e-03 -5.193530e-02 1.099486e-02 9.086843e-01 1.719011e-01
1.130048e-02 2.533801e-01 6.288190e-02 1.555699e-01 3.556958e-02 -2.527284e-01 1.016072e-01 1.368936e-01 1.842813e-02 -9.190921e-02 5.877440e-02 9.614331e-01 1.910809e-01
1.271304e-02 5.341101e-01 8.194402e-02 3.422340e-01 4.948530e-02 -4.409527e-01 1.389754e-01 2.612412e-01 3.269601e-02 -2.258902e-01 8.504211e-02 1.020031e+00 2.170320e-01
1.469063e-02 4.325600e-01 6.685763e-02 2.639236e-01 3.871430e-02 -2.359838e-01 9.321476e-02 2.041842e-01 2.181189e-02 -9.498379e-02 5.752360e-02 9.285767e-01 1.310512e-01
1.723324e-02 6.027034e-01 1.235574e-01 3.185321e-01 5.826966e-02 -4.392233e-01 1.001761e-01 2.319090e-01 2.815998e-02 -1.513777e-01 5.739663e-02 1.147688e+00 1.791438e-01
2.034087e-02 7.879643e-01 1.124957e-01 4.002638e-01 6.931437e-02 -2.664079e-01 4.433617e-02 2.634625e-01 4.412890e-02 -7.928002e-02 3.757830e-02 8.935130e-01 1.000886e-01
2.401353e-02 5.726110e-01 1.068676e-01 2.379649e-01 3.160341e-02 -2.756664e-01 8.157395e-02 1.722536e-01 1.585729e-02 -8.698052e-02 3.223253e-02 8.755526e-01 1.016160e-01
1.045295e-02 3.933060e-01 4.217886e-02 3.087027e-01 3.296504e-02 -1.008591e-01 5.247885e-02 2.788395e-01 2.677292e-02 -4.475736e-03 3.877024e-02 7.284056e-01 7.110591e-02
1.073546e-02 3.302732e-01 6.578638e-02 2.160233e-01 3.739714e-02 -3.315949e-01 1.009779e-01 1.770380e-01 2.062953e-02 -1.426955e-01 6.497494e-02 1.073183e+00 1.577608e-01
1.158299e-02 2.539709e-01 2.878206e-02 1.680755e-01 1.924970e-02 -1.281176e-01 1.734305e-02 1.468516e-01 1.262023e-02 -3.892685e-02 1.446697e-02 6.709193e-01 8.622019e-02
1.299556e-02 6.753350e-01 2.368829e-01 4.635142e-01 1.714792e-01 -3.116583e-01 9.812041e-02 3.714045e-01 1.249400e-01 -9.285205e-02 5.587197e-02 1.191432e+00 1.903050e-01
1.497314e-02 4.162295e-01 4.922830e-02 2.467832e-01 3.141208e-02 -2.247168e-01 5.313550e-02 2.004072e-01 2.521294e-02 -6.422060e-02 2.152776e-02 9.156686e-01 1.347649e-01
1.751575e-02 5.631891e-01 1.703733e-01 3.159525e-01 1.024408e-01 -2.044595e-01 4.188248e-02 2.275666e-01 5.958056e-02 -6.837698e-02 2.743294e-02 7.553220e-01 9.124658e-02
2.062338e-02 6.441228e-01 1.039731e-01 3.099007e-01 6.353040e-02 -1.814943e-01 7.608065e-02 2.195193e-01 3.991598e-02 -1.915298e-02 3.794964e-02 9.636327e-01 1.370958e-01
2.429604e-02 7.074515e-01 2.133005e-01 3.085113e-01 8.466346e-02 -2.267706e-01 1.138240e-01 2.128661e-01 3.743908e-02 -5.210697e-02 5.178152e-02 9.994112e-01 4.546474e-02
1.130048e-02 3.163790e-01 9.169270e-02 2.094545e-01 6.291932e-02 -1.932291e-01 7.345453e-02 1.759486e-01 4.520065e-02 -5.467146e-02 4.260413e-02 7.768790e-01 1.742735e-01
1.158299e-02 3.528675e-01 8.455929e-02 2.384573e-01 5.842091e-02 -3.019364e-01 4.981480e-02 1.949980e-01 3.874226e-02 -1.341563e-01 2.983500e-02 9.728969e-01 2.110532e-01
1.243053e-02 2.705468e-01 3.449349e-02 1.786760e-01 2.133885e-02 -1.474049e-01 4.598791e-02 1.603493e-01 1.327101e-02 -2.187307e-02 2.500434e-02 7.878415e-01 9.324998e-02
1.384309e-02 3.754711e-01 5.497812e-02 2.243032e-01 2.744806e-02 -2.443317e-01 1.058793e-01 1.775875e-01 1.508432e-02 -7.719340e-02 5.699345e-02 7.847950e-01 1.476168e-01
1.582068e-02 3.822852e-01 3.968055e-02 2.279364e-01 2.565289e-02 -1.151477e-01 7.519082e-02 1.874605e-01 2.093093e-02 -4.431337e-02 3.716451e-02 7.204378e-01 4.802842e-02
1.836328e-02 7.308064e-01 1.155675e-01 3.859857e-01 5.937251e-02 -3.867521e-01 9.258749e-02 2.562528e-01 2.944558e-02 -1.749473e-01 4.708329e-02 9.215935e-01 1.210967e-01
2.147092e-02 6.565557e-01 6.949131e-02 3.151615e-01 4.115403e-02 -1.504857e-01 4.815123e-02 2.151762e-01 3.500135e-02 -4.435877e-02 3.185419e-02 6.246885e-01 3.136296e-02
2.514357e-02 9.977038e-01 1.993289e-01 4.035106e-01 8.566280e-02 -3.591506e-01 1.116984e-01 2.333059e-01 3.513279e-02 -1.279550e-01 5.412711e-02 1.067637e+00 8.499715e-02
1.271304e-02 2.773195e-01 7.391532e-02 1.832730e-01 5.222613e-02 -1.612673e-01 4.777716e-02 1.651980e-01 3.796170e-02 -5.421354e-02 3.208979e-02 6.179870e-01 9.049145e-02
1.299556e-02 3.736540e-01 9.472265e-02 2.398912e-01 5.581743e-02 -2.137046e-01 1.148545e-01 1.982726e-01 3.511566e-02 -4.157809e-02 6.285019e-02 9.975694e-01 2.116896e-01
1.384309e-02 5.774845e-01 4.385949e-02 3.360264e-01 1.584341e-02 -4.536477e-01 8.734441e-02 2.311267e-01 1.107333e-02 -2.302741e-01 4.952646e-02 1.121241e+00 1.627180e-01
1.525565e-02 5.740314e-01 7.955904e-02 3.387262e-01 3.802837e-02 -2.728204e-01 6.054096e-02 2.477600e-01 2.163198e-02 -1.150545e-01 3.328099e-02 7.488394e-01 7.404832e-02
1.723324e-02 5.170207e-01 5.602070e-02 3.224723e-01 3.641239e-02 -1.445002e-01 1.673616e-02 2.529828e-01 2.680402e-02 -8.028023e-03 1.786985e-02 9.589003e-01 9.065176e-02
1.977585e-02 4.741095e-01 6.979269e-02 2.322985e-01 3.821399e-02 -1.785183e-01 4.713609e-02 1.685399e-01 1.837961e-02 -2.601503e-02 1.502914e-02 8.912763e-01 4.579282e-02
2.288348e-02 4.664964e-01 5.976241e-02 2.227127e-01 3.507274e-02 -2.208473e-01 7.216275e-02 1.752438e-01 1.767113e-02 -8.711772e-02 3.557205e-02 8.035295e-01 1.011762e-01
2.655613e-02 6.150942e-01 1.241816e-01 2.368320e-01 6.543693e-02 -1.452636e-01 5.616838e-02 1.657634e-01 3.083162e-02 -4.871402e-02 3.781873e-02 8.035249e-01 7.341642e-02
1.469063e-02 4.521015e-01 8.576696e-02 2.573517e-01 4.279000e-02 -2.483367e-01 7.468808e-02 1.987858e-01 2.101147e-02 -9.171254e-02 4.131153e-02 7.480310e-01 1.278004e-01
1.497314e-02 3.318390e-01 4.724526e-02 1.902301e-01 2.717607e-02 -1.715694e-01 5.034734e-02 1.599620e-01 1.687146e-02 -8.886988e-03 3.780427e-02 8.177240e-01 1.259410e-01
1.582068e-02 4.337341e-01 6.221679e-02 2.364488e-01 3.235447e-02 -2.939812e-01 8.492260e-02 1.704693e-01 1.830789e-02 -1.343606e-01 4.914616e-02 8.685443e-01 1.123887e-01
1.723324e-02 3.785445e-01 6.732638e-02 1.879690e-01 4.681066e-02 -2.270221e-01 3.319728e-02 1.591221e-01 3.657689e-02 -6.735137e-02 1.117679e-02 7.758231e-01 3.440996e-02
1.921082e-02 5.155647e-01 1.351159e-01 2.793560e-01 8.635814e-02 -2.029029e-01 6.687354e-02 2.120721e-01 5.582525e-02 -8.082028e-02 5.947643e-02 7.393436e-01 9.719705e-02
2.175343e-02 6.810526e-01 1.274036e-01 3.054457e-01 4.401177e-02 -2.434435e-01 7.514353e-02 2.051760e-01 1.488527e-02 -6.356108e-02 5.427547e-02 1.096192e+00 3.585877e-02
2.486106e-02 7.402533e-01 1.259151e-01 2.772191e-01 4.590088e-02 -3.221473e-01 1.112955e-01 1.706257e-01 1.805890e-02 -1.012101e-01 3.100793e-02 9.490002e-01 9.445373e-02
2.853372e-02 5.167568e-01 1.338194e-01 1.785253e-01 5.111198e-02 -5.416768e-02 6.568226e-02 1.372567e-01 2.166190e-02 1.262275e-02 1.052647e-02 1.064609e+00 1.622137e-01
1.723324e-02 4.724703e-01 8.742232e-02 2.626623e-01 5.390882e-02 -3.340079e-01 5.959772e-02 1.968706e-01 3.508823e-02 -1.407792e-01 2.482448e-02 1.034930e+00 9.341746e-02
1.751575e-02 5.852570e-01 6.056189e-02 3.364490e-01 2.920702e-02 -3.067884e-01 7.207883e-02 2.462730e-01 1.759045e-02 -1.264100e-01 4.181834e-02 8.984776e-01 7.568350e-02
1.836328e-02 7.345842e-01 2.117059e-01 3.915313e-01 1.166972e-01 -4.602239e-01 9.629051e-02 2.609580e-01 6.421956e-02 -1.983213e-01 4.888643e-02 1.128705e+00 1.374211e-01
1.977585e-02 4.520596e-01 5.623369e-02 2.172952e-01 3.394153e-02 -2.684001e-01 5.325269e-02 1.546983e-01 1.726955e-02 -8.350391e-02 3.592212e-02 9.741710e-01 8.488833e-02
2.175343e-02 5.285891e-01 6.039087e-02 2.470743e-01 3.822878e-02 -2.258710e-01 8.808185e-02 1.752522e-01 2.373188e-02 -6.023826e-02 4.785140e-02 8.981174e-01 7.475250e-02
2.429604e-02 5.907302e-01 8.212402e-02 2.609865e-01 4.195875e-02 -1.281968e-01 9.333887e-02 1.864291e-01 2.457490e-02 -3.952511e-02 3.406040e-02 7.916579e-01 8.309938e-02
2.740367e-02 6.141824e-01 9.490508e-02 2.181473e-01 3.301890e-02 -2.694386e-01 8.008502e-02 1.697403e-01 1.251319e-02 -7.351546e-02 4.680765e-02 9.879568e-01 4.217272e-02
3.107633e-02 8.640648e-01 4.425709e-02 3.150582e-01 4.045007e-02 -2.500190e-01 1.170852e-01 2.096970e-01 1.783686e-02 -9.786804e-02 5.526565e-02 1.052678e+00 7.302529e-02
2.034087e-02 9.517962e-01 2.065859e-01 4.732452e-01 9.475853e-02 -4.521201e-01 1.346130e-01 3.067529e-01 4.338292e-02 -1.768307e-01 8.572159e-02 1.032961e+00 9.307169e-02
2.062338e-02 7.965520e-01 1.851541e-01 3.927103e-01 8.559548e-02 -3.397085e-01 1.255940e-01 2.568906e-01 4.055065e-02 -1.086248e-01 7.690274e-02 1.023134e+00 6.799928e-02
2.147092e-02 8.184845e-01 2.333145e-01 3.752887e-01 9.944048e-02 -4.291674e-01 1.311982e-01 2.357896e-01 4.218298e-02 -1.471054e-01 6.011887e-02 9.969923e-01 1.131177e-01
2.288348e-02 6.356445e-01 4.715192e-02 3.007549e-01 3.054417e-02 -3.557966e-01 6.891517e-02 2.249394e-01 2.384862e-02 -1.243836e-01 4.949137e-02 1.060573e+00 4.888113e-02
2.486106e-02 6.896284e-01 1.254343e-01 2.736772e-01 5.918007e-02 -9.224609e-02 1.561404e-01 1.913844e-01 3.148548e-02 -6.205382e-03 7.577482e-02 9.461617e-01 1.088730e-01
2.740367e-02 6.502583e-01 8.084872e-02 2.310634e-01 3.282205e-02 -2.122542e-01 1.071737e-01 1.611971e-01 2.178815e-02 -7.626101e-02 3.660423e-02 9.799230e-01 8.899985e-02
3.051130e-02 6.453429e-01 9.575756e-02 2.372302e-01 3.726117e-02 -2.151541e-01 8.387520e-02 1.792803e-01 1.812184e-02 -7.013357e-02 3.343953e-02 8.126264e-01 9.930440e-02
3.418396e-02 7.064485e-01 1.248329e-01 2.231318e-01 5.083963e-02 -1.528069e-01 1.203545e-01 1.903696e-01 3.224561e-02 -6.094357e-02 6.129748e-02 1.152770e+00 9.483640e-02
2.401353e-02 3.897074e-01 2.486525e-02 1.748016e-01 1.212027e-02 -1.567753e-01 2.763897e-02 1.493176e-01 1.048877e-02 -2.750860e-02 2.992455e-02 1.051134e+00 1.056261e-01
2.429604e-02 7.072058e-01 1.042556e-01 3.245640e-01 5.904031e-02 -2.838340e-01 3.963009e-02 2.246318e-01 2.892965e-02 -1.047220e-01 1.702210e-02 1.004436e+00 1.103893e-01
2.514357e-02 8.141914e-01 9.015240e-02 3.662007e-01 4.984639e-02 -2.864258e-01 7.176079e-02 2.482814e-01 3.125720e-02 -8.351340e-02 2.539989e-02 9.122987e-01 4.351235e-02
2.655613e-02 6.546152e-01 9.607502e-02 2.340888e-01 5.274730e-02 -2.378851e-01 5.187245e-02 1.698925e-01 2.635907e-02 -7.623249e-02 4.397034e-02 9.455582e-01 1.115676e-01
2.853372e-02 8.108754e-01 1.034268e-01 3.196975e-01 3.463805e-02 -2.685832e-01 2.952261e-02 2.286295e-01 2.072085e-02 -1.143358e-01 2.579759e-02 8.561200e-01 6.247593e-02
3.107633e-02 8.409743e-01 1.140648e-01 2.802932e-01 4.159134e-02 -3.613030e-01 1.580326e-01 1.982885e-01 2.369319e-02 -1.185335e-01 4.423380e-02 1.131295e+00 1.547176e-01
3.418396e-02 7.239276e-01 1.190760e-01 2.396981e-01 4.862231e-02 -7.290704e-02 1.107687e-01 1.928381e-01 2.542528e-02 2.884610e-02 6.999300e-02 9.876879e-01 4.089101e-02
3.785662e-02 6.703706e-01 6.706137e-02 1.360697e-01 4.097691e-02 -8.371377e-02 3.091347e-02 1.704762e-01 1.234227e-02 -3.072857e-02 8.557718e-03 1.129999e+00 9.637678e-02
1.384309e-02 4.014454e-01 6.195697e-02 2.485406e-01 4.778328e-02 -1.540979e-01 7.867276e-02 2.022553e-01 3.399240e-02 -2.370312e-02 3.561248e-02 1.033097e+00 1.073167e-01
1.412560e-02 3.522130e-01 3.475715e-02 2.049476e-01 1.681421e-02 -2.466969e-01 4.171800e-02 1.664602e-01 1.138254e-02 -8.887841e-02 2.533065e-02 7.744585e-01 9.972936e-02
1.497314e-02 4.509904e-01 6.387439e-02 2.637467e-01 3.820207e-02 -2.935497e-01 7.912778e-02 2.035967e-01 2.169420e-02 -9.898920e-02 4.122452e-02 9.757986e-01 8.693066e-02
1.638570e-02 4.674576e-01 1.818523e-01 2.649432e-01 1.091744e-01 -1.499319e-01 5.729864e-02 2.034041e-01 6.559143e-02 -2.263481e-02 3.175941e-02 8.030636e-01 4.510728e-02
1.836328e-02 4.190749e-01 8.350474e-02 2.007123e-01 3.845104e-02 -2.695978e-01 5.297068e-02 1.496461e-01 1.740091e-02 -7.215408e-02 2.689355e-02 9.364964e-01 6.608823e-02
2.090589e-02 7.110364e-01 9.257200e-02 3.587120e-01 3.559291e-02 -2.738912e-01 8.691980e-02 2.448254e-01 1.693475e-02 -9.282065e-02 3.397424e-02 8.229672e-01 8.651995e-02
2.401353e-02 7.753356e-01 1.622936e-01 3.370674e-01 7.696448e-02 -4.390622e-01 7.279393e-02 2.084817e-01 3.523826e-02 -1.623789e-01 5.406260e-02 1.065229e+00 7.133700e-02
2.768618e-02 8.656131e-01 1.018221e-01 3.793186e-01 5.314414e-02 -2.732810e-01 7.487417e-02 2.666322e-01 3.448301e-02 -9.862836e-02 3.503013e-02 9.090391e-01 8.117187e-02
1.412560e-02 4.807138e-01 1.161042e-01 2.960357e-01 6.128574e-02 -3.589182e-01 2.697555e-01 2.361969e-01 3.368468e-02 -1.204704e-01 1.665941e-01 1.145315e+00 3.740411e-01
1.440812e-02 5.160439e-01 1.199135e-01 3.162025e-01 7.620639e-02 -2.871338e-01 1.670169e-01 2.433186e-01 5.159856e-02 -6.188266e-02 8.684246e-02 1.261889e+00 3.049989e-01
1.525565e-02 2.859180e-01 3.240619e-02 1.675149e-01 1.409070e-02 -1.911035e-01 4.155085e-02 1.402973e-01 8.176051e-03 -6.668204e-02 2.258497e-02 9.057053e-01 1.058517e-01
1.666821e-02 3.758178e-01 6.969776e-02 2.021023e-01 2.793531e-02 -1.834996e-01 8.234334e-02 1.629349e-01 8.944151e-03 -2.963315e-02 3.420910e-02 9.703395e-01 8.706619e-02
1.864580e-02 4.109906e-01 2.914301e-02 2.208323e-01 1.165543e-02 -7.758881e-02 5.880644e-02 1.730900e-01 8.707060e-03 -6.636516e-04 3.110919e-02 6.954217e-01 4.927439e-02
2.118841e-02 5.467926e-01 8.916256e-02 2.595289e-01 4.432352e-02 -2.609631e-01 3.341028e-02 1.851970e-01 2.969689e-02 -7.118035e-02 1.735515e-02 9.180666e-01 6.104040e-02
2.429604e-02 5.697164e-01 8.909830e-02 2.294451e-01 4.186532e-02 -2.089169e-01 6.426187e-02 1.638853e-01 1.983522e-02 -4.700406e-02 3.404398e-02 8.536050e-01 3.459001e-02
2.796870e-02 8.293965e-01 1.574561e-01 3.713921e-01 7.949091e-02 -1.813891e-01 7.782595e-02 2.612431e-01 4.726419e-02 -2.915953e-02 2.602999e-02 1.109780e+00 9.107757e-02
1.497314e-02 5.347572e-01 5.871957e-02 3.254197e-01 4.615567e-02 -2.115431e-01 1.013656e-01 2.451997e-01 3.685995e-02 -6.231646e-02 6.169466e-02 8.740978e-01 6.823285e-02
1.525565e-02 5.323597e-01 2.538053e-02 3.152891e-01 1.950482e-02 -3.013429e-01 4.414105e-02 2.377987e-01 1.402384e-02 -8.602647e-02 4.633320e-03 1.159084e+00 2.071467e-01
1.610319e-02 5.595261e-01 1.359610e-01 3.219320e-01 8.338928e-02 -3.179453e-01 1.106808e-01 2.377619e-01 5.284148e-02 -1.066980e-01 5.474085e-02 1.163049e+00 2.293115e-01
1.751575e-02 5.446202e-01 9.380459e-02 2.992339e-01 5.452307e-02 -3.600518e-01 7.546968e-02 2.119266e-01 3.313063e-02 -1.575035e-01 4.589210e-02 1.089063e+00 6.635034e-02
1.949333e-02 6.461581e-01 1.330752e-01 3.308235e-01 7.103322e-02 -2.533531e-01 6.403626e-02 2.301358e-01 3.873000e-02 -8.017968e-02 4.154223e-02 8.331815e-01 5.988065e-02
2.203594e-02 7.221187e-01 6.872509e-02 3.298095e-01 2.880404e-02 -3.073762e-01 1.268695e-01 2.293234e-01 2.013885e-02 -9.800795e-02 5.628310e-02 1.066128e+00 8.601733e-02
2.514357e-02 7.864728e-01 1.486539e-01 3.254739e-01 6.403993e-02 -3.063416e-01 7.919852e-02 2.148121e-01 2.370670e-02 -1.206904e-01 3.900558e-02 8.298577e-01 1.148002e-01
2.881623e-02 7.157086e-01 1.917956e-01 2.538245e-01 7.667278e-02 -2.665043e-01 1.145485e-01 1.798194e-01 3.253159e-02 -1.219608e-01 6.208641e-02 8.067716e-01 1.069148e-01
1.638570e-02 5.357897e-01 4.677677e-02 3.025519e-01 2.924997e-02 -2.485719e-01 6.763823e-02 2.191646e-01 1.831006e-02 -8.648838e-02 3.658525e-02 8.662407e-01 1.113810e-01
1.666821e-02 4.139473e-01 7.935284e-02 2.305488e-01 3.774218e-02 -1.955044e-01 9.665791e-02 1.881501e-01 1.175599e-02 -4.979904e-02 5.904920e-02 8.876880e-01 1.717011e-01
1.751575e-02 4.805331e-01 7.457428e-02 2.697523e-01 4.810486e-02 -1.157283e-01 1.095662e-01 2.017502e-01 3.132691e-02 -2.561310e-02 7.108649e-02 7.101131e-01 9.358719e-02
1.892831e-02 4.161419e-01 7.849304e-02 2.183922e-01 4.590362e-02 -2.072232e-01 3.722828e-02 1.715150e-01 2.563858e-02 -5.398496e-02 2.517020e-02 8.431054e-01 4.348696e-02
2.090589e-02 5.793474e-01 1.152760e-01 2.750757e-01 5.236932e-02 -3.319453e-01 3.880170e-02 1.937624e-01 2.901494e-02 -1.499584e-01 2.217279e-02 8.811363e-01 8.023003e-02
2.344850e-02 5.545731e-01 6.598268e-02 2.313783e-01 2.391794e-02 -3.184830e-01 1.229300e-01 1.657546e-01 9.085494e-03 -1.009075e-01 7.011518e-02 1.072547e+00 1.332537e-01
2.655613e-02 6.817032e-01 4.864276e-02 2.810847e-01 4.154963e-02 -2.053686e-01 6.725448e-02 1.969728e-01 2.873414e-02 -6.811966e-02 2.093942e-02 9.662635e-01 2.844832e-02
3.022879e-02 6.720617e-01 1.186726e-01 2.392071e-01 4.640165e-02 -1.034580e-01 8.664846e-02 1.851662e-01 1.836987e-02 -1.931941e-02 4.356219e-02 8.331126e-01 7.171839e-02
1.836328e-02 5.078692e-01 4.666196e-02 2.748648e-01 2.845536e-02 -2.892262e-01 6.615134e-02 1.995237e-01 2.174248e-02 -8.426759e-02 3.427308e-02 1.047879e+00 1.393840e-01
1.864580e-02 5.338476e-01 6.009683e-02 2.826554e-01 3.184113e-02 -2.507873e-01 9.252626e-02 2.012001e-01 1.599704e-02 -7.641225e-02 4.705719e-02 8.579496e-01 1.332106e-01
1.949333e-02 5.331570e-01 5.075749e-02 2.544727e-01 2.819516e-02 -3.317690e-01 5.415957e-02 1.807036e-01 1.698520e-02 -1.225252e-01 2.916645e-02 9.548892e-01 1.623697e-01
2.090589e-02 5.534460e-01 1.001187e-01 2.656112e-01 4.587204e-02 -3.007511e-01 1.089211e-01 1.874846e-01 2.452769e-02 -8.333043e-02 5.161816e-02 1.139342e+00 1.052008e-01
2.288348e-02 5.777104e-01 1.206291e-01 2.399956e-01 5.559139e-02 -2.659518e-01 6.633269e-02 1.582382e-01 2.687657e-02 -8.499894e-02 4.244140e-02 9.587516e-01 8.368550e-02
2.542609e-02 5.317277e-01 6.538202e-02 2.401019e-01 2.669110e-02 -6.757424e-02 2.449360e-02 1.858111e-01 1.784770e-02 9.085834e-03 2.234241e-02 7.669835e-01 8.655513e-02
2.853372e-02 8.501173e-01 1.267834e-01 3.010974e-01 5.577238e-02 -3.031211e-01 8.202426e-02 1.958376e-01 2.446976e-02 -9.312307e-02 3.615923e-02 1.099727e+00 1.301028e-01
3.220638e-02 8.421801e-01 1.238222e-01 2.765154e-01 3.180367e-02 -1.300730e-01 5.463201e-02 1.993803e-01 1.119797e-02 5.578489e-03 3.493951e-02 9.660015e-01 1.411766e-01
2.090589e-02 5.379624e-01 1.254056e-01 2.659641e-01 7.907877e-02 -2.138423e-01 3.104957e-02 1.965361e-01 4.770243e-02 -8.566602e-02 2.138887e-02 7.900008e-01 9.799725e-02
2.118841e-02 6.732442e-01 7.475750e-02 3.260992e-01 3.995434e-02 -4.179803e-01 7.673350e-02 2.291998e-01 2.545212e-02 -1.806684e-01 2.736712e-02 9.686907e-01 9.208585e-02
2.203594e-02 6.826250e-01 7.668611e-02 3.158875e-01 3.817886e-02 -2.940366e-01 6.156453e-02 2.160607e-01 2.491108e-02 -1.104245e-01 3.566163e-02 9.742695e-01 8.326612e-02
2.344850e-02 6.320634e-01 1.704184e-01 2.828201e-01 7.219759e-02 -2.375664e-01 6.850398e-02 2.020679e-01 3.177822e-02 -5.684309e-02 3.754847e-02 8.971435e-01 7.910208e-02
2.542609e-02 7.580642e-01 1.991956e-01 3.213381e-01 7.520272e-02 -3.575067e-01 1.600786e-01 2.165310e-01 3.014769e-02 -8.838061e-02 1.037785e-01 1.095549e+00 1.132357e-01
2.796870e-02 6.373266e-01 6.286685e-02 2.457898e-01 2.842798e-02 -3.741460e-01 5.578563e-02 1.899038e-01 1.234312e-02 -1.492666e-01 2.204784e-02 1.007010e+00 9.946882e-02
3.107633e-02 5.221010e-01 4.480590e-02 1.805604e-01 2.880205e-02 -8.639021e-02 6.381287e-02 1.574808e-01 2.202439e-02 -4.900723e-02 3.431215e-02 1.044542e+00 1.344681e-01
3.474898e-02 8.847467e-01 1.334480e-01 2.861009e-01 4.162790e-02 -1.988588e-01 6.830187e-02 2.005206e-01 1.431039e-02 -4.882664e-02 2.706744e-02 9.380550e-01 4.252165e-02
2.401353e-02 6.762611e-01 7.635388e-02 2.882902e-01 3.686756e-02 -1.992972e-01 6.264024e-02 1.988887e-01 2.241699e-02 -9.436075e-02 3.458799e-02 7.420793e-01 9.618167e-02
2.429604e-02 4.429986e-01 6.187514e-02 1.943156e-01 3.009654e-02 -2.478361e-01 3.001527e-02 1.528296e-01 1.599044e-02 -8.040986e-02 2.459807e-02 9.685461e-01 1.115969e-01
2.514357e-02 8.172620e-01 1.601795e-01 3.378382e-01 6.647580e-02 -2.153916e-01 7.502725e-02 2.080482e-01 2.647203e-02 -4.014771e-02 5.219837e-02 9.860250e-01 1.917719e-01
2.655613e-02 6.401416e-01 9.091824e-02 2.468305e-01 3.396986e-02 -1.613662e-01 7.218500e-02 1.774917e-01 1.916072e-02 -5.408488e-02 2.700020e-02 9.176791e-01 8.952947e-02
2.853372e-02 6.466448e-01 7.318685e-02 2.286982e-01 3.896246e-02 -2.859718e-01 6.449641e-02 1.809027e-01 1.876350e-02 -8.433841e-02 3.863050e-02 9.280763e-01 6.143680e-02
3.107633e-02 9.112947e-01 1.779111e-01 3.473840e-01 8.508556e-02 -1.987075e-01 5.733899e-02 2.339516e-01 5.060307e-02 -5.811740e-02 2.304556e-02 9.010212e-01 7.836388e-02
3.418396e-02 9.583325e-01 1.387559e-01 2.934085e-01 6.222792e-02 -2.687962e-01 6.867108e-02 1.982381e-01 3.254562e-02 -6.672212e-02 3.978742e-02 1.148466e+00 1.699254e-01
3.785662e-02 6.401151e-01 9.185747e-02 1.443015e-01 2.276782e-02 -8.559003e-02 4.856971e-02 1.632759e-01 2.191700e-02 -8.660941e-03 1.129890e-02 9.328263e-01 5.945894e-02
2.768618e-02 7.875819e-01 7.459020e-02 3.253676e-01 3.553769e-02 -8.716128e-02 6.423010e-02 2.234254e-01 2.185070e-02 -2.577359e-02 2.807759e-02 9.033749e-01 1.163081e-01
2.796870e-02 6.849857e-01 6.302477e-02 2.768361e-01 3.105984e-02 -2.045041e-01 6.872303e-02 2.107756e-01 1.953916e-02 -7.433286e-02 2.835210e-02 8.900165e-01 1.553439e-01
2.881623e-02 7.540328e-01 6.091217e-02 2.820157e-01 4.484506e-02 -2.722198e-01 8.486397e-02 1.913824e-01 2.522854e-02 -9.405745e-02 2.279733e-02 1.219194e+00 1.635901e-01
3.022879e-02 9.470608e-01 2.278683e-01 3.310356e-01 8.049560e-02 -3.427365e-01 7.254492e-02 2.170602e-01 3.404154e-02 -1.335044e-01 2.747137e-02 9.979838e-01 6.557498e-02
3.220638e-02 7.735181e-01 9.902973e-02 2.675320e-01 3.178527e-02 -2.456077e-01 6.601251e-02 1.851447e-01 1.452261e-02 -9.946016e-02 1.950324e-02 1.069017e+00 1.868889e-02
3.474898e-02 6.892616e-01 1.009889e-01 2.092712e-01 4.241341e-02 -7.787467e-02 5.931432e-02 1.902958e-01 2.357156e-02 -7.746751e-03 3.769392e-02 1.067435e+00 1.629409e-01
3.785662e-02 6.751761e-01 1.138002e-01 1.758615e-01 5.440089e-02 -1.002640e-01 6.290468e-02 2.108746e-01 1.781953e-02 -3.299438e-02 1.020221e-02 9.927679e-01 6.381537e-02
4.152927e-02 6.145983e-01 9.507482e-02 1.218852e-01 2.973943e-02 -3.017215e-02 4.941373e-02 1.923771e-01 1.352990e-02 -4.591416e-02 1.335431e-02 9.987415e-01 7.438956e-02
