# k^2  LiLi LiLi_error  LiCl LiCl_error  LiNa LiNa_error  ClCl ClCl_error  ClNa ClNa_error  NaNa NaNa_error
0.000000e+00 8.000000e+02 0.000000e+00 1.600000e+03 0.000000e+00 1.385641e+03 0.000000e+00 3.200000e+03 0.000000e+00 2.771281e+03 0.000000e+00 2.400000e+03 0.000000e+00
3.030069e-04 3.518515e-01 1.186450e-01 1.088400e-01 5.078770e-02 -7.396618e-02 5.156609e-02 7.459081e-02 2.500172e-02 2.330129e-02 7.479566e-03 6.906260e-02 2.226692e-02
1.212028e-03 1.109354e+00 6.169680e-01 1.116798e-01 3.033740e-02 -5.155259e-01 3.293369e-01 6.669708e-02 5.739806e-03 1.142876e-02 1.236669e-02 3.166171e-01 1.802028e-01
2.727062e-03 1.165802e+00 2.366586e-01 1.494101e-01 5.611422e-02 -4.849786e-01 9.981386e-02 7.511763e-02 1.402813e-02 2.905326e-03 1.779627e-02 2.892737e-01 5.465897e-02
4.848110e-03 6.543629e-01 9.571704e-02 7.379828e-02 1.955069e-02 -2.892500e-01 4.243770e-02 5.918852e-02 4.294401e-03 1.910030e-02 8.564923e-03 2.029939e-01 2.115729e-02
7.575172e-03 8.584025e-01 1.397644e-01 1.034917e-01 2.362794e-02 -3.741888e-01 5.941495e-02 7.531269e-02 8.711200e-03 1.788271e-02 1.046996e-02 2.675341e-01 2.649760e-02
1.090825e-02 9.279351e-01 1.722859e-01 1.170012e-01 3.017963e-02 -3.792319e-01 5.589381e-02 7.695340e-02 9.603608e-03 1.136396e-02 4.833745e-03 2.683802e-01 2.857509e-02
1.484734e-02 9.092042e-01 1.075727e-01 1.239408e-01 2.250940e-02 -3.184185e-01 5.359312e-02 8.445482e-02 8.211435e-03 1.967349e-02 1.206640e-02 2.481240e-01 2.491752e-02
3.030069e-04 1.577602e+00 2.400569e-01 1.965103e-01 4.395957e-02 -6.848766e-01 9.158613e-02 6.721570e-02 8.532547e-03 -3.625428e-02 1.813613e-02 3.550538e-01 3.560690e-02
6.060138e-04 3.377774e-01 9.222169e-02 5.938505e-02 1.602157e-02 -1.272144e-01 4.867315e-02 5.475745e-02 7.631322e-03 2.732199e-02 4.158323e-03 1.062832e-01 2.824993e-02
1.515034e-03 4.102521e-01 8.886494e-02 8.606894e-02 2.050424e-02 -1.372441e-01 2.912851e-02 6.534293e-02 1.058615e-02 2.726365e-02 2.810600e-03 1.191894e-01 1.807307e-02
3.030069e-03 7.140922e-01 2.590520e-01 8.353064e-02 1.935229e-02 -3.078358e-01 1.275468e-01 5.822241e-02 6.779489e-03 1.844402e-02 7.799885e-03 2.088261e-01 6.526651e-02
5.151117e-03 6.412365e-01 1.171581e-01 1.241949e-01 1.613932e-02 -2.096006e-01 4.442943e-02 7.512191e-02 4.686314e-03 1.385773e-02 8.452889e-03 1.478476e-01 1.877954e-02
7.878179e-03 8.403590e-01 1.620550e-01 1.261377e-01 2.802984e-02 -2.994889e-01 5.069925e-02 7.325993e-02 1.076245e-02 2.425907e-03 6.882883e-03 1.861457e-01 2.278036e-02
1.121125e-02 7.380137e-01 1.106558e-01 7.424640e-02 2.395571e-02 -3.215618e-01 4.654822e-02 6.693066e-02 9.192860e-03 1.826978e-02 8.302252e-03 2.476524e-01 2.720971e-02
1.515034e-02 8.733617e-01 1.377688e-01 1.178947e-01 1.928454e-02 -3.640234e-01 6.817994e-02 8.422777e-02 9.984202e-03 7.243247e-03 8.964204e-03 2.972186e-01 4.909395e-02
1.212028e-03 5.412890e-01 7.741176e-02 6.903170e-02 1.807110e-02 -2.305611e-01 3.716960e-02 5.995134e-02 9.480160e-03 2.823603e-02 3.452467e-03 1.690700e-01 2.550509e-02
1.515034e-03 5.993711e-01 9.855314e-02 8.979396e-02 1.804575e-02 -2.327470e-01 5.611629e-02 7.266725e-02 8.226915e-03 3.207673e-02 8.956159e-03 1.724087e-01 2.498804e-02
2.424055e-03 5.289308e-01 1.134013e-01 7.430399e-02 1.941335e-02 -2.211745e-01 5.643042e-02 6.355697e-02 4.903290e-03 2.855283e-02 8.254585e-03 1.698594e-01 3.093139e-02
3.939090e-03 7.267169e-01 1.120484e-01 1.234509e-01 1.969964e-02 -2.709416e-01 4.856267e-02 8.009689e-02 5.636852e-03 1.619195e-02 1.348689e-02 1.831709e-01 1.730665e-02
6.060138e-03 8.009641e-01 1.407923e-01 1.222778e-01 1.782938e-02 -3.169651e-01 6.832541e-02 6.682501e-02 7.348091e-03 3.930140e-03 5.551641e-03 2.056882e-01 3.727881e-02
8.787200e-03 1.048707e+00 1.449309e-01 1.454006e-01 2.235134e-02 -4.134306e-01 5.830007e-02 7.910010e-02 4.611285e-03 7.575309e-04 9.561793e-03 2.600983e-01 3.095548e-02
1.212028e-02 8.000111e-01 7.924246e-02 8.731403e-02 1.394423e-02 -3.520277e-01 3.356544e-02 7.298170e-02 5.806484e-03 1.849048e-02 1.129340e-02 2.597406e-01 2.458153e-02
1.605936e-02 6.556170e-01 1.119207e-01 1.010371e-01 2.931319e-02 -2.218113e-01 4.837816e-02 9.066485e-02 1.063303e-02 3.123303e-02 1.433454e-02 2.144374e-01 2.711968e-02
2.727062e-03 1.260143e+00 1.438900e-01 1.484756e-01 1.899452e-02 -5.449880e-01 6.092918e-02 7.166627e-02 9.454035e-03 -2.781260e-03 8.595663e-03 3.168764e-01 3.589785e-02
3.030069e-03 6.098824e-01 3.769788e-02 9.144954e-02 1.559141e-02 -2.460857e-01 2.508144e-02 6.016826e-02 8.305363e-03 1.485535e-02 8.113276e-03 1.702074e-01 1.385059e-02
3.939090e-03 6.582585e-01 1.480261e-01 6.686133e-02 1.325875e-02 -3.011583e-01 7.356721e-02 5.368388e-02 5.683777e-03 2.123857e-02 8.184914e-03 2.144721e-01 4.260420e-02
5.454124e-03 8.842560e-01 1.271400e-01 1.003724e-01 1.500234e-02 -3.776782e-01 5.819942e-02 5.686513e-02 6.846614e-03 3.523418e-03 3.279254e-03 2.344900e-01 2.962371e-02
7.575172e-03 7.949852e-01 2.087960e-01 1.018591e-01 2.389380e-02 -2.875837e-01 9.648629e-02 6.194151e-02 4.125661e-03 9.541640e-03 1.328206e-02 1.826574e-01 3.924157e-02
1.030223e-02 8.153587e-01 1.201393e-01 9.852693e-02 1.871038e-02 -3.362028e-01 5.577346e-02 8.149881e-02 6.033622e-03 2.874889e-02 5.227667e-03 2.645798e-01 2.753359e-02
1.363531e-02 1.184858e+00 1.503230e-01 1.432368e-01 3.203351e-02 -4.878477e-01 6.887760e-02 9.459568e-02 8.285160e-03 1.257265e-02 1.394773e-02 3.355729e-01 3.030505e-02
1.757440e-02 8.485300e-01 8.652759e-02 1.449500e-01 2.013618e-02 -3.084615e-01 4.545554e-02 9.935930e-02 1.292982e-02 -1.086346e-03 1.283118e-02 2.561670e-01 4.766518e-02
4.848110e-03 9.202476e-01 1.960132e-01 1.120956e-01 3.051677e-02 -3.822693e-01 9.379431e-02 6.158800e-02 6.890969e-03 7.673795e-03 1.330125e-02 2.452257e-01 5.065495e-02
5.151117e-03 7.148151e-01 9.094714e-02 1.021872e-01 2.444611e-02 -2.929172e-01 3.256074e-02 6.911874e-02 6.427286e-03 1.667530e-02 1.061415e-02 2.082124e-01 1.690795e-02
6.060138e-03 9.986959e-01 1.169785e-01 1.450501e-01 2.551644e-02 -3.944581e-01 4.716113e-02 7.291392e-02 6.693012e-03 -3.844421e-03 1.710628e-02 2.395630e-01 3.041243e-02
7.575172e-03 7.422187e-01 1.674965e-01 1.232132e-01 3.903265e-02 -2.965471e-01 6.207567e-02 7.411253e-02 1.079429e-02 6.670426e-03 9.565437e-03 2.116797e-01 3.351935e-02
9.696220e-03 8.165474e-01 1.009629e-01 1.298172e-01 1.879752e-02 -3.156510e-01 3.739540e-02 8.091815e-02 4.657848e-03 1.254810e-02 1.074121e-02 2.330831e-01 9.142471e-03
1.242328e-02 6.217334e-01 1.318784e-01 1.096616e-01 1.951236e-02 -2.012772e-01 5.453096e-02 8.823849e-02 7.032115e-03 2.357118e-02 1.499264e-02 1.843764e-01 1.871008e-02
1.575636e-02 7.357488e-01 7.100426e-02 1.315662e-01 2.270541e-02 -2.647006e-01 2.866454e-02 8.701939e-02 8.541194e-03 -1.538752e-03 7.733122e-03 2.162537e-01 2.967516e-02
1.969545e-02 6.024003e-01 6.694895e-02 7.062968e-02 1.999275e-02 -2.371610e-01 2.426462e-02 9.312867e-02 1.125152e-02 2.681147e-02 8.668247e-03 2.523432e-01 2.109757e-02
7.575172e-03 6.785828e-01 3.438218e-02 9.360013e-02 1.762713e-02 -2.564872e-01 2.366039e-02 7.386294e-02 4.108903e-03 3.010067e-02 6.893313e-03 2.060946e-01 2.437667e-02
7.878179e-03 5.404394e-01 4.207768e-02 7.806811e-02 1.542023e-02 -2.020729e-01 2.305722e-02 6.965912e-02 4.927890e-03 3.107159e-02 9.495589e-03 1.770742e-01 7.982153e-03
8.787200e-03 8.346461e-01 2.059269e-01 9.827680e-02 1.936365e-02 -3.630329e-01 1.023026e-01 7.831246e-02 6.023775e-03 2.115912e-02 1.096088e-02 2.666938e-01 5.278732e-02
1.030223e-02 7.934757e-01 1.754452e-01 1.134507e-01 2.766990e-02 -3.064773e-01 7.888634e-02 7.532422e-02 1.358805e-02 1.819582e-02 1.136528e-02 2.392964e-01 3.847756e-02
1.242328e-02 9.037893e-01 1.562158e-01 1.356184e-01 2.236865e-02 -3.525896e-01 5.807113e-02 7.814790e-02 7.026535e-03 -5.329493e-03 5.890750e-03 2.385744e-01 2.950495e-02
1.515034e-02 9.186665e-01 1.514203e-01 1.396413e-01 3.437062e-02 -3.366355e-01 4.720739e-02 8.015669e-02 6.521986e-03 3.058920e-03 1.180872e-02 2.528499e-01 2.874516e-02
1.848342e-02 8.531397e-01 6.840173e-02 1.165690e-01 2.961651e-02 -2.976829e-01 2.431835e-02 8.832949e-02 5.653946e-03 1.734454e-02 1.783277e-02 2.506756e-01 1.870845e-02
2.242251e-02 8.286544e-01 5.460023e-02 1.335054e-01 2.323369e-02 -3.223936e-01 3.910602e-02 1.306964e-01 1.051636e-02 2.165076e-02 1.375440e-02 3.356812e-01 2.547304e-02
1.090825e-02 8.225907e-01 1.225006e-01 1.280553e-01 3.074211e-02 -2.896853e-01 2.379595e-02 8.536060e-02 7.912347e-03 1.669002e-02 9.090623e-03 2.180971e-01 1.375822e-02
1.121125e-02 6.056251e-01 5.557210e-02 1.012278e-01 1.894561e-02 -2.203924e-01 1.870174e-02 7.005885e-02 4.730150e-03 1.605713e-02 9.511169e-03 1.916922e-01 1.174945e-02
1.212028e-02 8.433549e-01 1.428167e-01 1.256734e-01 1.911161e-02 -3.455702e-01 6.438919e-02 8.080935e-02 7.309297e-03 2.841216e-03 7.397412e-03 2.476938e-01 2.965990e-02
1.363531e-02 1.025912e+00 2.061652e-01 1.487165e-01 3.392980e-02 -3.790790e-01 1.043769e-01 9.252433e-02 8.238849e-03 6.749097e-03 1.230485e-02 2.661642e-01 5.992544e-02
1.575636e-02 7.383380e-01 1.015821e-01 1.201923e-01 2.882037e-02 -2.660234e-01 4.465407e-02 9.140145e-02 9.453652e-03 -4.839276e-03 8.806945e-03 2.154905e-01 2.593886e-02
1.848342e-02 8.154337e-01 1.727795e-01 1.093479e-01 4.077603e-02 -3.133014e-01 5.854424e-02 9.977144e-02 1.640453e-02 9.498838e-03 1.254347e-02 2.626544e-01 2.176199e-02
2.181650e-02 7.969163e-01 1.108112e-01 1.312693e-01 3.322457e-02 -2.929252e-01 4.734245e-02 1.132934e-01 8.507473e-03 -3.866420e-03 1.451600e-02 2.698852e-01 3.045785e-02
2.575559e-02 8.438919e-01 9.987579e-02 1.315104e-01 1.409357e-02 -3.464213e-01 7.064334e-02 1.270088e-01 8.037717e-03 -7.267724e-03 1.845215e-02 3.387444e-01 3.846243e-02
1.484734e-02 9.139882e-01 9.329598e-02 1.424117e-01 9.084468e-03 -3.208662e-01 5.017177e-02 9.328458e-02 7.137758e-03 7.192173e-03 1.016347e-02 2.394161e-01 3.610992e-02
1.515034e-02 8.767102e-01 6.187326e-02 1.418781e-01 8.803994e-03 -3.333209e-01 2.357078e-02 8.044927e-02 5.585862e-03 -1.177499e-02 1.027441e-02 2.396621e-01 1.502056e-02
1.605936e-02 8.634822e-01 7.548270e-02 1.325057e-01 1.650138e-02 -3.331216e-01 5.358300e-02 9.310440e-02 7.461605e-03 6.612682e-03 1.131082e-02 2.570957e-01 3.391784e-02
1.757440e-02 9.338671e-01 1.820249e-01 1.565799e-01 3.396243e-02 -3.569929e-01 9.959866e-02 1.083170e-01 1.339765e-02 4.624688e-03 1.610001e-02 2.834078e-01 7.018125e-02
1.969545e-02 8.130179e-01 7.771255e-02 8.792659e-02 2.310734e-02 -3.297348e-01 4.024722e-02 9.151960e-02 7.539969e-03 1.386051e-02 1.302515e-02 2.842015e-01 3.047047e-02
2.242251e-02 9.322176e-01 8.071363e-02 1.789087e-01 1.340677e-02 -3.347031e-01 3.833517e-02 1.181726e-01 3.660789e-03 -1.792410e-02 8.560986e-03 2.944715e-01 2.851667e-02
2.575559e-02 8.876190e-01 1.409154e-01 1.257336e-01 3.443452e-02 -3.624209e-01 5.699000e-02 1.269553e-01 1.288563e-02 2.016458e-02 8.576171e-03 3.884090e-01 5.044311e-02
2.969467e-02 7.046166e-01 7.035056e-02 1.192163e-01 1.771594e-02 -2.854001e-01 6.867820e-02 1.364071e-01 1.544051e-02 -1.971947e-02 1.623351e-02 3.255025e-01 6.635263e-02
3.030069e-04 8.934900e-01 1.024101e-01 9.562066e-02 1.000739e-02 -4.044708e-01 6.867317e-02 5.808268e-02 3.734722e-03 1.182597e-02 5.171490e-03 2.478392e-01 4.399871e-02
6.060138e-04 1.247749e+00 3.091578e-01 1.774690e-01 3.132811e-02 -5.148678e-01 1.787534e-01 8.300312e-02 1.306281e-02 -4.473703e-03 1.526309e-02 2.972174e-01 9.814451e-02
1.515034e-03 6.453924e-01 2.013103e-01 8.018787e-02 1.833708e-02 -2.766984e-01 1.033984e-01 6.251434e-02 7.072442e-03 2.703308e-02 4.292395e-03 1.981782e-01 5.780728e-02
3.030069e-03 1.067586e+00 1.911327e-01 1.520898e-01 3.525418e-02 -4.280311e-01 8.639522e-02 6.753338e-02 7.951901e-03 -1.110291e-02 1.206433e-02 2.422025e-01 4.841361e-02
5.151117e-03 1.237182e+00 2.734509e-01 1.574054e-01 3.337623e-02 -5.206832e-01 1.378619e-01 7.468361e-02 6.838569e-03 -9.473429e-03 1.436354e-02 3.031631e-01 7.254234e-02
7.878179e-03 6.152319e-01 7.828253e-02 1.027678e-01 2.247154e-02 -2.151042e-01 4.604448e-02 6.848351e-02 1.140590e-02 1.431965e-02 7.462907e-03 1.667796e-01 2.146542e-02
1.121125e-02 6.456497e-01 5.331806e-02 6.553599e-02 1.468807e-02 -2.541758e-01 3.075790e-02 6.742603e-02 4.744935e-03 3.315326e-02 8.689902e-03 2.135061e-01 3.391637e-02
1.515034e-02 8.745994e-01 5.475784e-02 1.384116e-01 2.708873e-02 -3.372086e-01 4.710858e-02 9.829976e-02 8.960383e-03 2.982314e-03 1.459561e-02 2.580266e-01 3.421143e-02
6.060138e-04 1.359321e+00 5.458142e-01 1.629606e-01 4.433096e-02 -5.941002e-01 2.694660e-01 7.077410e-02 8.979140e-03 -1.466393e-02 1.982030e-02 3.246503e-01 1.342978e-01
9.090207e-04 1.510359e+00 1.670435e-01 1.827991e-01 5.379849e-02 -6.483072e-01 4.743154e-02 6.686482e-02 9.043466e-03 -2.709372e-02 2.133496e-02 3.412057e-01 2.395025e-02
1.818041e-03 1.055993e+00 4.273807e-01 1.518317e-01 5.052159e-02 -4.231656e-01 1.895941e-01 7.131770e-02 8.720196e-03 -6.008168e-03 2.032388e-02 2.376693e-01 8.675697e-02
3.333076e-03 5.137272e-01 9.659179e-02 6.659979e-02 1.585648e-02 -2.105878e-01 5.011933e-02 5.878058e-02 6.966628e-03 2.894519e-02 6.906960e-03 1.648908e-01 3.381162e-02
5.454124e-03 8.175195e-01 2.346397e-01 1.158076e-01 3.881079e-02 -3.264882e-01 8.418723e-02 7.231045e-02 7.034236e-03 1.637659e-02 1.375585e-02 2.236181e-01 3.378224e-02
8.181186e-03 6.605126e-01 2.093619e-01 9.224598e-02 2.572905e-02 -2.564866e-01 9.691331e-02 7.915557e-02 7.781316e-03 2.825516e-02 5.826474e-03 2.003092e-01 5.408407e-02
1.151426e-02 8.929355e-01 1.455209e-01 1.370728e-01 3.345526e-02 -3.263510e-01 5.198794e-02 9.582468e-02 8.420253e-03 1.754313e-02 1.251690e-02 2.391647e-01 1.936287e-02
1.545335e-02 7.215240e-01 1.117012e-01 1.182530e-01 2.298794e-02 -2.644951e-01 5.190900e-02 8.929847e-02 9.731258e-03 1.183518e-02 9.524450e-03 2.250747e-01 2.026372e-02
1.515034e-03 8.913410e-01 2.131503e-01 1.141901e-01 3.112264e-02 -3.836381e-01 8.812489e-02 6.991925e-02 6.321506e-03 1.454868e-02 1.849375e-02 2.458646e-01 3.331916e-02
1.818041e-03 9.976486e-01 1.687885e-01 1.683439e-01 2.629618e-02 -3.816960e-01 6.964235e-02 7.940895e-02 9.046294e-03 -8.314876e-03 6.264521e-03 2.155563e-01 3.556670e-02
2.727062e-03 9.419453e-01 1.701039e-01 1.176174e-01 3.197394e-02 -4.001439e-01 6.506924e-02 6.352857e-02 6.976961e-03 6.250584e-03 1.698974e-02 2.481358e-01 1.964322e-02
4.242096e-03 1.184476e+00 2.443123e-01 1.826515e-01 4.947613e-02 -4.689367e-01 8.987925e-02 7.859661e-02 7.705665e-03 -1.550660e-02 2.105621e-02 2.658654e-01 3.226131e-02
6.363145e-03 1.119459e+00 1.740567e-01 1.495643e-01 2.705245e-02 -4.609802e-01 6.761060e-02 6.843466e-02 5.125676e-03 -1.271739e-02 9.525866e-03 2.684676e-01 3.202228e-02
9.090207e-03 1.289725e+00 2.226983e-01 1.845233e-01 2.617044e-02 -5.153667e-01 1.067090e-01 8.269080e-02 7.156249e-03 -2.098887e-02 1.159766e-02 3.026374e-01 5.318115e-02
1.242328e-02 7.562610e-01 6.608518e-02 1.127429e-01 1.194503e-02 -2.956650e-01 4.280846e-02 8.456920e-02 5.393288e-03 1.402536e-02 8.160250e-03 2.361087e-01 3.126729e-02
1.636237e-02 7.780447e-01 4.765029e-02 1.086119e-01 2.877460e-02 -2.762507e-01 2.720207e-02 1.019050e-01 1.066091e-02 2.250555e-02 6.432389e-03 2.213761e-01 2.373051e-02
3.030069e-03 1.238586e+00 2.777512e-01 1.762903e-01 3.211234e-02 -5.028301e-01 1.334387e-01 8.460535e-02 6.806837e-03 -5.731876e-03 1.469768e-02 2.893054e-01 6.244304e-02
3.333076e-03 8.131328e-01 6.248221e-02 1.078966e-01 2.005527e-02 -3.285657e-01 3.291124e-02 7.389684e-02 1.022177e-02 2.183440e-02 7.887855e-03 2.201904e-01 1.950838e-02
4.242096e-03 1.004718e+00 3.374869e-01 9.967915e-02 3.444372e-02 -4.369417e-01 1.468590e-01 6.220618e-02 6.511369e-03 1.222818e-02 1.646208e-02 2.686772e-01 6.148496e-02
5.757131e-03 1.187073e+00 1.799573e-01 1.476194e-01 2.162270e-02 -4.975627e-01 8.305843e-02 6.888686e-02 6.645249e-03 -6.466937e-03 8.775676e-03 2.991856e-01 4.414935e-02
7.878179e-03 7.160438e-01 1.526183e-01 1.105261e-01 2.151113e-02 -2.560668e-01 6.371297e-02 6.658407e-02 6.077257e-03 1.434187e-02 1.172349e-02 1.904243e-01 2.715206e-02
1.060524e-02 8.380280e-01 2.374970e-01 1.078858e-01 4.912056e-02 -3.242182e-01 7.878503e-02 7.365234e-02 1.114598e-02 1.799244e-02 1.972418e-02 2.368758e-01 2.761821e-02
1.393832e-02 6.760278e-01 9.126503e-02 1.004764e-01 2.351703e-02 -2.599781e-01 2.901873e-02 8.789925e-02 8.469820e-03 2.757657e-02 1.245531e-02 2.414725e-01 2.245048e-02
1.787741e-02 8.805408e-01 1.160133e-01 1.609439e-01 2.284866e-02 -3.006221e-01 4.752140e-02 9.852630e-02 8.832587e-03 -4.003381e-04 9.516400e-03 2.617713e-01 2.921181e-02
5.151117e-03 8.080397e-01 1.586335e-01 1.061448e-01 2.847154e-02 -3.593147e-01 6.600607e-02 6.973957e-02 8.722893e-03 1.457604e-02 1.333540e-02 2.527586e-01 2.615452e-02
5.454124e-03 1.135499e+00 3.962718e-01 1.674097e-01 5.945657e-02 -4.586334e-01 1.629651e-01 7.484968e-02 9.540283e-03 -1.577239e-02 2.488304e-02 2.604157e-01 6.534353e-02
6.363145e-03 7.959005e-01 7.886387e-02 1.116055e-01 1.878154e-02 -2.995241e-01 3.458236e-02 6.609428e-02 7.661379e-03 6.159900e-03 6.353702e-03 1.859152e-01 1.665073e-02
7.878179e-03 7.550885e-01 1.578433e-01 1.107360e-01 1.777349e-02 -2.793635e-01 7.083196e-02 6.851415e-02 5.397915e-03 1.266920e-02 5.545476e-03 2.014300e-01 3.553282e-02
9.999227e-03 7.287536e-01 1.006503e-01 1.204192e-01 1.499062e-02 -2.714895e-01 5.473798e-02 8.119906e-02 8.514936e-03 1.661116e-02 8.170190e-03 2.090265e-01 2.560158e-02
1.272629e-02 8.541457e-01 7.592835e-02 1.055175e-01 2.747465e-02 -3.290885e-01 2.409521e-02 7.089155e-02 8.420010e-03 1.275247e-02 9.060435e-03 2.465713e-01 2.113655e-02
1.605936e-02 6.618668e-01 1.044299e-01 1.043781e-01 2.029443e-02 -2.371501e-01 3.776705e-02 8.588717e-02 4.120195e-03 1.326535e-02 1.736165e-02 2.171521e-01 1.658446e-02
1.999845e-02 8.395321e-01 7.851257e-02 1.181452e-01 2.090244e-02 -3.483534e-01 3.980633e-02 1.031240e-01 7.851385e-03 2.014522e-02 1.365158e-02 3.200191e-01 2.273479e-02
7.878179e-03 1.069143e+00 2.224220e-01 1.271204e-01 8.456891e-03 -4.585738e-01 1.160454e-01 6.931250e-02 4.591126e-03 -1.149308e-03 9.443539e-03 2.883916e-01 6.483569e-02
8.181186e-03 9.970198e-01 2.767484e-01 1.843589e-01 4.072673e-02 -3.648371e-01 1.232802e-01 9.736019e-02 1.251825e-02 -7.941683e-03 2.134726e-02 2.337839e-01 4.534019e-02
9.090207e-03 8.818521e-01 2.043998e-01 1.091981e-01 2.247750e-02 -3.590639e-01 1.408008e-01 7.541110e-02 8.555611e-03 1.850166e-02 9.787968e-03 2.627312e-01 7.961644e-02
1.060524e-02 7.904627e-01 8.124357e-02 1.026123e-01 2.375137e-02 -3.334098e-01 5.427009e-02 8.215881e-02 4.295658e-03 2.112642e-02 1.562322e-02 2.562294e-01 3.961095e-02
1.272629e-02 5.691230e-01 7.397950e-02 8.905115e-02 2.118904e-02 -2.082031e-01 1.751449e-02 7.434234e-02 1.024096e-02 2.385649e-02 6.688529e-03 1.934338e-01 1.185221e-02
1.545335e-02 1.087477e+00 1.229277e-01 1.659787e-01 1.504850e-02 -4.352841e-01 5.984267e-02 8.922777e-02 2.979818e-03 -2.110462e-02 8.126539e-03 2.857386e-01 3.087071e-02
1.878643e-02 7.968370e-01 8.090199e-02 1.250456e-01 9.444659e-03 -2.662904e-01 2.589311e-02 9.617206e-02 8.610124e-03 1.697010e-02 1.215750e-02 2.316649e-01 2.111287e-02
2.272552e-02 9.886484e-01 7.728371e-02 1.450459e-01 1.808243e-02 -3.631392e-01 3.456895e-02 1.095511e-01 1.299911e-02 -4.489624e-04 1.328342e-02 3.203087e-01 2.559943e-02
1.121125e-02 7.096433e-01 6.864813e-02 9.670218e-02 1.051403e-02 -2.783199e-01 3.748223e-02 6.876633e-02 3.427966e-03 1.362652e-02 6.559791e-03 2.152816e-01 2.586118e-02
1.151426e-02 6.483063e-01 5.082118e-02 9.818858e-02 2.380720e-02 -2.508334e-01 4.017361e-02 7.855831e-02 9.063924e-03 1.745226e-02 1.519245e-02 1.986136e-01 2.059031e-02
1.242328e-02 8.023435e-01 1.096209e-01 1.030462e-01 1.954804e-02 -3.465684e-01 5.504496e-02 7.571613e-02 7.357619e-03 9.863217e-03 8.217265e-03 2.628725e-01 2.773980e-02
1.393832e-02 7.108206e-01 1.151149e-01 1.082092e-01 3.510611e-02 -2.638032e-01 4.398246e-02 9.501315e-02 6.209897e-03 2.215434e-02 1.764351e-02 2.249628e-01 3.185827e-02
1.605936e-02 8.622842e-01 1.045419e-01 1.342918e-01 1.402618e-02 -3.009936e-01 3.945908e-02 9.341986e-02 6.761280e-03 1.343899e-02 8.421636e-03 2.537749e-01 3.574808e-02
1.878643e-02 1.044346e+00 9.845742e-02 1.428874e-01 3.587414e-02 -3.645980e-01 1.529387e-02 1.041057e-01 1.136922e-02 1.263092e-02 1.207777e-02 2.981472e-01 2.311959e-02
2.211950e-02 1.029305e+00 1.805037e-01 1.287824e-01 3.942661e-02 -3.683530e-01 5.365077e-02 1.000218e-01 1.088109e-02 -2.257688e-03 1.438581e-02 3.172717e-01 2.673720e-02
2.605859e-02 7.584095e-01 2.862177e-02 1.221882e-01 1.877223e-02 -2.542236e-01 1.088050e-02 1.039861e-01 7.199704e-03 5.850398e-04 1.476397e-02 2.832797e-01 1.394054e-02
1.515034e-02 9.188813e-01 1.480820e-01 1.276596e-01 2.399786e-02 -3.677042e-01 5.239941e-02 8.977469e-02 9.415027e-03 7.761102e-03 9.348588e-03 2.891549e-01 2.831259e-02
1.545335e-02 9.082685e-01 9.105781e-02 1.428834e-01 1.927261e-02 -3.198623e-01 6.798733e-02 9.332324e-02 1.073047e-02 1.284750e-02 1.579027e-02 2.674842e-01 3.326191e-02
1.636237e-02 9.658072e-01 1.497241e-01 1.201062e-01 2.430543e-02 -4.124064e-01 8.261532e-02 8.973081e-02 1.129840e-02 5.393848e-03 8.791443e-03 3.107755e-01 5.654325e-02
1.787741e-02 1.027614e+00 9.647200e-02 1.481585e-01 1.585747e-02 -4.010229e-01 4.853939e-02 8.273809e-02 5.390074e-03 -2.077168e-02 8.640201e-03 2.737569e-01 3.659848e-02
1.999845e-02 8.267464e-01 7.559114e-02 1.326059e-01 1.144993e-02 -2.935967e-01 2.580484e-02 1.073554e-01 1.157600e-02 1.847233e-02 1.417853e-02 2.856553e-01 2.035893e-02
2.272552e-02 9.723367e-01 1.197126e-01 1.311190e-01 4.054423e-03 -3.365875e-01 5.345932e-02 1.277641e-01 1.300362e-02 1.816930e-02 1.650035e-02 2.954933e-01 2.798276e-02
2.605859e-02 1.116366e+00 1.383221e-01 1.863843e-01 2.435052e-02 -4.375213e-01 6.663790e-02 1.373973e-01 1.569595e-02 -2.407789e-02 1.163280e-02 3.705377e-01 3.980124e-02
2.999768e-02 9.141514e-01 8.074178e-02 1.511848e-01 9.378117e-03 -2.919674e-01 2.994321e-02 1.370399e-01 6.285950e-03 -1.993001e-02 8.952658e-03 3.494756e-01 2.040433e-02
1.212028e-03 3.863704e-01 1.013113e-01 6.441857e-02 1.706122e-02 -1.444988e-01 5.016024e-02 5.645608e-02 4.181311e-03 2.952664e-02 1.119427e-02 1.228630e-01 1.881526e-02
1.515034e-03 1.072293e+00 1.446915e-01 1.379297e-01 2.591617e-02 -4.656373e-01 8.429604e-02 7.334098e-02 6.091197e-03 3.317603e-03 9.990566e-03 2.805142e-01 5.113233e-02
2.424055e-03 1.364581e+00 4.412937e-01 1.557206e-01 4.841196e-02 -6.065447e-01 2.008479e-01 7.101969e-02 5.534668e-03 -6.940650e-03 2.229961e-02 3.534343e-01 9.343126e-02
3.939090e-03 5.563145e-01 6.450639e-02 8.446938e-02 1.507122e-02 -2.203138e-01 2.692229e-02 5.683073e-02 7.830784e-03 1.653747e-02 9.748282e-03 1.616156e-01 9.883087e-03
6.060138e-03 6.275902e-01 1.544442e-01 8.319170e-02 1.005084e-02 -2.502137e-01 7.550829e-02 6.341101e-02 1.075573e-02 2.312443e-02 1.249162e-02 1.853208e-01 3.289267e-02
8.787200e-03 8.335980e-01 2.114383e-01 7.956676e-02 3.283739e-02 -3.880728e-01 9.319108e-02 6.511186e-02 9.028254e-03 1.380175e-02 9.615978e-03 2.755397e-01 4.901794e-02
1.212028e-02 7.889756e-01 1.226566e-01 9.373845e-02 1.190723e-02 -3.107218e-01 6.670169e-02 7.618003e-02 8.521574e-03 1.741689e-02 1.161148e-02 2.319957e-01 4.123044e-02
1.605936e-02 6.845102e-01 5.098976e-02 6.125001e-02 8.122326e-03 -2.987596e-01 3.090059e-02 7.196086e-02 8.088532e-03 2.488590e-02 8.744500e-03 2.661921e-01 2.294637e-02
1.515034e-03 6.325913e-01 1.262313e-01 8.059213e-02 1.165216e-02 -2.607999e-01 6.372891e-02 6.738780e-02 4.320997e-03 3.129655e-02 8.579967e-03 1.874344e-01 3.789628e-02
1.818041e-03 2.331904e+00 7.229482e-01 2.854288e-01 9.637807e-02 -1.008577e+00 3.130652e-01 8.614888e-02 1.267847e-02 -6.517291e-02 4.140348e-02 5.097725e-01 1.396088e-01
2.727062e-03 1.143609e+00 3.566650e-01 1.733264e-01 4.523730e-02 -4.486184e-01 1.618700e-01 8.015325e-02 9.344822e-03 -6.864513e-03 2.137995e-02 2.567568e-01 6.818717e-02
4.242096e-03 8.698783e-01 1.354091e-01 9.320461e-02 2.127933e-02 -3.738149e-01 6.183059e-02 5.985004e-02 5.425371e-03 1.504033e-02 1.014316e-02 2.412404e-01 2.967677e-02
6.363145e-03 5.892925e-01 1.779243e-01 8.647570e-02 9.217025e-03 -2.340156e-01 8.967435e-02 6.000764e-02 3.328035e-03 1.536263e-02 7.972161e-03 1.715670e-01 4.590263e-02
9.090207e-03 7.756310e-01 5.515270e-02 9.082092e-02 2.290535e-02 -3.290688e-01 3.872512e-02 6.215296e-02 4.642137e-03 1.226925e-02 1.010361e-02 2.327548e-01 2.648137e-02
1.242328e-02 7.165025e-01 1.277140e-01 8.308572e-02 1.285974e-02 -2.883337e-01 5.527619e-02 7.373121e-02 3.877459e-03 2.768522e-02 1.087023e-02 2.389831e-01 3.265063e-02
1.636237e-02 7.759013e-01 1.604355e-01 9.594305e-02 3.960602e-02 -2.775602e-01 4.952194e-02 7.650294e-02 8.365532e-03 2.021853e-02 2.141127e-02 2.390214e-01 2.022674e-02
2.424055e-03 7.601832e-01 9.873241e-02 8.900758e-02 7.927485e-03 -3.327747e-01 5.469425e-02 5.589049e-02 3.966672e-03 1.187291e-02 5.243373e-03 2.137756e-01 3.235363e-02
2.727062e-03 8.888140e-01 1.616943e-01 1.163153e-01 1.193417e-02 -3.814016e-01 9.636911e-02 6.763642e-02 9.728500e-03 8.425947e-03 1.300323e-02 2.408328e-01 4.590129e-02
3.636083e-03 4.560667e-01 8.660954e-02 7.891259e-02 1.452474e-02 -1.623945e-01 3.583835e-02 6.275239e-02 5.449276e-03 2.775535e-02 8.895637e-03 1.361396e-01 1.583609e-02
5.151117e-03 1.052693e+00 2.314444e-01 1.454617e-01 4.531793e-02 -4.285098e-01 8.633885e-02 6.601927e-02 7.800504e-03 -1.334836e-02 1.741974e-02 2.449840e-01 3.814800e-02
7.272165e-03 7.142297e-01 4.230957e-02 1.155974e-01 1.345749e-02 -2.710764e-01 2.096784e-02 6.954582e-02 5.764393e-03 9.194033e-03 9.380321e-03 1.879677e-01 1.436725e-02
9.999227e-03 8.231112e-01 1.268637e-01 1.326993e-01 3.053254e-02 -3.086421e-01 5.754726e-02 8.221655e-02 4.962270e-03 9.625782e-03 9.162977e-03 2.309524e-01 3.502410e-02
1.333230e-02 9.539413e-01 1.844905e-01 1.357556e-01 3.373160e-02 -3.723805e-01 8.606313e-02 7.747001e-02 8.963922e-03 -1.728885e-03 1.400045e-02 2.570197e-01 4.400740e-02
1.727139e-02 7.652764e-01 1.359043e-02 1.131436e-01 1.159294e-02 -3.029381e-01 3.387713e-02 9.075875e-02 9.421103e-03 1.296929e-02 6.386604e-03 2.497547e-01 2.679236e-02
3.939090e-03 7.459783e-01 1.410609e-01 7.588840e-02 3.011657e-02 -3.244025e-01 4.412720e-02 6.474981e-02 4.776695e-03 3.299702e-02 1.106241e-02 2.357911e-01 1.962150e-02
4.242096e-03 6.790896e-01 1.296233e-01 8.707057e-02 2.960849e-02 -2.801914e-01 4.104179e-02 6.472298e-02 9.573665e-03 2.237119e-02 1.043730e-02 1.966731e-01 1.124018e-02
5.151117e-03 8.649958e-01 1.491308e-01 1.136982e-01 3.312144e-02 -3.727279e-01 8.023082e-02 7.184571e-02 8.888122e-03 1.105939e-02 1.350158e-02 2.465985e-01 4.546750e-02
6.666151e-03 6.989641e-01 1.044865e-01 8.496303e-02 1.679532e-02 -3.018134e-01 5.074746e-02 6.369320e-02 7.519761e-03 1.912788e-02 5.546890e-03 2.176257e-01 3.111917e-02
8.787200e-03 7.863644e-01 1.880582e-01 8.338722e-02 1.970836e-02 -3.198704e-01 8.458643e-02 6.723214e-02 3.296846e-03 2.331688e-02 7.422546e-03 2.271312e-01 4.577919e-02
1.151426e-02 1.072620e+00 6.773549e-02 1.547573e-01 2.949595e-02 -3.858359e-01 2.826097e-02 7.692367e-02 8.890233e-03 -5.651781e-03 9.985175e-03 2.439441e-01 1.480607e-02
1.484734e-02 9.233494e-01 2.022353e-01 1.309644e-01 3.711382e-02 -3.265668e-01 8.519877e-02 8.181965e-02 9.029659e-03 6.652432e-03 1.511156e-02 2.199829e-01 3.401445e-02
1.878643e-02 8.396186e-01 1.052740e-01 1.242078e-01 1.065422e-02 -3.225268e-01 4.415629e-02 9.134427e-02 6.397409e-03 -4.505200e-03 5.894221e-03 2.661179e-01 1.776313e-02
6.060138e-03 9.634593e-01 1.862761e-01 1.350708e-01 2.317492e-02 -3.909471e-01 8.924950e-02 6.693726e-02 4.858011e-03 -7.836170e-03 9.954816e-03 2.357560e-01 4.439688e-02
6.363145e-03 6.756654e-01 1.172545e-01 9.419391e-02 3.100922e-02 -2.752034e-01 3.829446e-02 6.119790e-02 4.254991e-03 8.145978e-03 1.197284e-02 1.885590e-01 1.775135e-02
7.272165e-03 1.146078e+00 2.298624e-01 1.829248e-01 1.975712e-02 -4.260620e-01 9.641849e-02 8.952243e-02 2.968133e-03 -4.460193e-03 1.084223e-02 2.609042e-01 3.760766e-02
8.787200e-03 1.190719e+00 1.911403e-01 1.522206e-01 2.165064e-02 -5.035204e-01 9.885319e-02 6.281452e-02 4.527329e-03 -2.510768e-02 1.203846e-02 2.887110e-01 5.337261e-02
1.090825e-02 8.081374e-01 1.083073e-01 1.200145e-01 1.365417e-02 -3.058409e-01 6.174187e-02 7.786786e-02 7.110759e-03 1.058930e-02 1.148277e-02 2.308484e-01 3.379289e-02
1.363531e-02 6.727242e-01 1.309215e-01 8.005723e-02 2.014671e-02 -2.590024e-01 4.775288e-02 7.042806e-02 3.784522e-03 2.204672e-02 7.806034e-03 2.183626e-01 2.496692e-02
1.696839e-02 9.603784e-01 2.108525e-01 1.530741e-01 3.307969e-02 -3.515524e-01 8.753186e-02 9.819017e-02 7.125094e-03 -5.777410e-03 1.724578e-02 2.690833e-01 3.467422e-02
2.090748e-02 9.059441e-01 1.079012e-01 1.476316e-01 2.019763e-02 -3.195365e-01 7.307229e-02 9.433362e-02 3.524504e-03 -1.480995e-02 1.705957e-02 2.584941e-01 4.593054e-02
8.787200e-03 7.051852e-01 1.006520e-01 9.139520e-02 4.955247e-03 -2.949200e-01 5.860001e-02 6.468758e-02 5.887454e-03 1.139880e-02 8.840704e-03 2.148139e-01 2.949911e-02
9.090207e-03 1.095842e+00 1.492928e-01 1.612324e-01 3.791322e-02 -4.398934e-01 7.881575e-02 7.703989e-02 9.084623e-03 -8.934491e-03 1.319756e-02 2.794645e-01 5.162263e-02
9.999227e-03 1.093743e+00 2.422877e-01 1.297239e-01 2.683326e-02 -4.465097e-01 1.085521e-01 7.018605e-02 6.298856e-03 -1.321996e-03 1.703974e-02 2.763898e-01 4.294431e-02
1.151426e-02 5.846438e-01 5.834234e-02 7.991657e-02 1.957512e-03 -2.154356e-01 3.588851e-02 7.522630e-02 5.582528e-03 2.319329e-02 2.416079e-03 1.776018e-01 2.003283e-02
1.363531e-02 6.533261e-01 8.683129e-02 7.096952e-02 1.951922e-02 -2.644008e-01 4.617678e-02 6.928979e-02 9.970984e-03 2.375225e-02 6.144650e-03 2.356068e-01 2.895791e-02
1.636237e-02 6.233042e-01 4.240590e-02 8.047894e-02 1.286904e-02 -2.526242e-01 2.857291e-02 7.451774e-02 2.832352e-03 2.841854e-02 7.353265e-03 2.630609e-01 1.970564e-02
1.969545e-02 6.743453e-01 6.146634e-02 7.235551e-02 1.098100e-02 -2.534044e-01 4.963814e-02 8.288394e-02 8.349380e-03 2.986098e-02 4.167688e-03 2.546268e-01 3.379905e-02
2.363454e-02 7.873780e-01 8.128743e-02 1.465865e-01 2.370192e-02 -2.924061e-01 5.840957e-02 1.137932e-01 1.044648e-02 -3.179269e-03 1.177853e-02 2.956139e-01 3.564115e-02
1.212028e-02 9.162515e-01 2.362496e-01 1.426700e-01 3.545258e-02 -3.217148e-01 1.021929e-01 8.458298e-02 4.322139e-03 8.910915e-03 1.473375e-02 2.303814e-01 5.179615e-02
1.242328e-02 8.656770e-01 1.558682e-01 1.291662e-01 1.957927e-02 -3.331366e-01 6.892341e-02 7.934986e-02 4.121425e-03 -3.955671e-03 9.925790e-03 2.283069e-01 3.398417e-02
1.333230e-02 8.617896e-01 1.309637e-01 1.056855e-01 1.384411e-02 -3.331288e-01 6.820590e-02 9.040692e-02 1.154466e-02 1.974538e-02 7.652987e-03 2.584513e-01 3.841419e-02
1.484734e-02 6.370993e-01 3.874361e-02 1.012393e-01 1.325003e-02 -2.392278e-01 3.596234e-02 8.114392e-02 7.845722e-03 1.660018e-02 4.586671e-03 2.238465e-01 2.937889e-02
1.696839e-02 8.718884e-01 1.520362e-01 1.360703e-01 3.199785e-02 -3.176604e-01 6.120391e-02 1.027752e-01 1.076381e-02 1.806894e-02 1.422211e-02 2.715016e-01 3.408026e-02
1.969545e-02 1.113991e+00 1.538929e-01 1.709476e-01 5.559841e-02 -3.905365e-01 2.954260e-02 1.054290e-01 1.510137e-02 -9.318098e-03 1.773383e-02 2.943588e-01 1.498168e-02
2.302852e-02 7.448609e-01 7.761556e-02 1.604084e-01 2.091801e-02 -1.979661e-01 5.002618e-02 1.291582e-01 1.107819e-02 1.258909e-02 1.366305e-02 2.160994e-01 4.007436e-02
2.696761e-02 7.613949e-01 8.666817e-02 1.004085e-01 1.134366e-02 -3.030878e-01 4.203245e-02 1.291911e-01 1.511180e-02 9.797524e-03 7.863987e-03 3.260392e-01 3.567759e-02
1.605936e-02 1.007915e+00 2.534641e-01 1.519847e-01 3.178434e-02 -3.926583e-01 1.115941e-01 9.928743e-02 1.276660e-02 1.026268e-02 1.119203e-02 3.121090e-01 4.907886e-02
1.636237e-02 9.231920e-01 1.346536e-01 1.468143e-01 2.681664e-02 -3.412222e-01 5.036485e-02 8.680302e-02 1.249652e-02 -1.359119e-02 1.151587e-02 2.446648e-01 3.205766e-02
1.727139e-02 1.219356e+00 1.589507e-01 1.923510e-01 5.338880e-02 -4.947211e-01 4.967852e-02 1.041229e-01 7.667022e-03 -1.792298e-02 2.831381e-02 3.513513e-01 3.344644e-02
1.878643e-02 8.465856e-01 8.285450e-02 1.283411e-01 1.850215e-02 -3.302054e-01 6.046124e-02 9.512424e-02 5.584978e-03 1.017079e-02 5.010783e-03 2.869554e-01 3.849997e-02
2.090748e-02 1.146579e+00 1.307861e-01 1.594654e-01 1.735023e-02 -4.443105e-01 5.568937e-02 9.765246e-02 7.530472e-03 -1.492540e-02 8.226675e-03 3.151024e-01 2.883979e-02
2.363454e-02 1.011927e+00 1.549167e-01 1.132216e-01 2.136657e-02 -4.358239e-01 8.708635e-02 1.128691e-01 9.136271e-03 1.449204e-02 1.071330e-02 3.938794e-01 4.495724e-02
2.696761e-02 8.981832e-01 9.818073e-02 1.271002e-01 2.960426e-02 -3.158237e-01 5.964084e-02 1.209827e-01 6.421617e-03 1.006042e-02 1.455314e-02 3.615481e-01 3.024835e-02
3.090670e-02 9.158836e-01 1.205597e-01 1.298830e-01 1.816428e-02 -3.553075e-01 7.318611e-02 1.521339e-01 2.303357e-02 4.738849e-03 1.117088e-02 4.056724e-01 5.425188e-02
2.727062e-03 1.002590e+00 1.764274e-01 1.288593e-01 3.061096e-02 -4.215633e-01 8.965795e-02 6.825878e-02 7.378194e-03 3.178266e-03 9.978425e-03 2.530321e-01 5.257892e-02
3.030069e-03 9.658293e-01 3.440623e-01 1.110352e-01 2.627137e-02 -4.282365e-01 1.884577e-01 5.995808e-02 6.398377e-03 2.922778e-03 8.513001e-03 2.610810e-01 1.077381e-01
3.939090e-03 6.563729e-01 1.555371e-01 1.068428e-01 3.150409e-02 -2.559306e-01 5.496986e-02 6.487903e-02 6.163568e-03 1.076403e-02 1.285323e-02 1.748763e-01 2.386246e-02
5.454124e-03 8.904412e-01 1.694385e-01 1.531772e-01 2.934242e-02 -3.276738e-01 5.787504e-02 7.521319e-02 4.721268e-03 -1.630828e-03 1.329805e-02 2.033460e-01 2.370777e-02
7.575172e-03 1.181725e+00 3.277735e-01 1.496919e-01 3.305098e-02 -5.045020e-01 1.461397e-01 7.764533e-02 6.320130e-03 -7.185307e-03 1.169575e-02 3.055319e-01 6.878898e-02
1.030223e-02 7.524945e-01 7.364492e-02 9.974442e-02 1.598515e-02 -2.978869e-01 3.275843e-02 6.641199e-02 7.458461e-03 1.178256e-02 4.236541e-03 2.216195e-01 1.907328e-02
1.363531e-02 7.015351e-01 1.623675e-01 1.176064e-01 4.084576e-02 -2.430950e-01 5.881808e-02 8.351890e-02 6.686877e-03 8.682912e-03 1.741366e-02 1.992991e-01 2.066061e-02
1.757440e-02 1.086224e+00 1.714750e-01 1.441793e-01 9.998544e-03 -4.341312e-01 8.553253e-02 9.656221e-02 8.657686e-03 -5.962113e-03 9.445083e-03 3.165064e-01 4.256159e-02
3.030069e-03 3.790407e-01 7.735973e-02 5.612502e-02 1.346072e-02 -1.509108e-01 3.685655e-02 5.481604e-02 5.087503e-03 2.719026e-02 6.016898e-03 1.240937e-01 1.850308e-02
3.333076e-03 1.788411e+00 5.055920e-01 2.134876e-01 5.435059e-02 -7.691042e-01 2.400304e-01 8.240641e-02 1.161013e-02 -2.864300e-02 2.384979e-02 4.170072e-01 1.153188e-01
4.242096e-03 8.033950e-01 2.709178e-01 1.101721e-01 1.995948e-02 -3.214493e-01 1.312980e-01 6.330942e-02 1.558498e-03 5.181524e-03 1.211958e-02 1.962103e-01 6.112357e-02
5.757131e-03 1.076031e+00 1.131668e-01 1.546759e-01 2.784541e-02 -4.205950e-01 7.106003e-02 7.534554e-02 1.092429e-02 -5.617794e-03 4.556350e-03 2.469508e-01 4.762617e-02
7.878179e-03 1.214459e+00 1.042072e-01 1.813137e-01 4.199827e-02 -4.781946e-01 2.360027e-02 7.773470e-02 1.023359e-02 -2.050592e-02 1.476301e-02 2.840739e-01 2.160237e-02
1.060524e-02 9.655854e-01 1.132228e-01 1.176917e-01 2.747145e-02 -3.793915e-01 3.606266e-02 7.485194e-02 8.244754e-03 5.082787e-03 1.278216e-02 2.519109e-01 2.419414e-02
1.393832e-02 8.358592e-01 1.568081e-01 8.915751e-02 1.295680e-02 -3.413233e-01 9.666112e-02 8.699134e-02 1.721398e-02 3.196917e-02 1.155935e-02 2.836120e-01 4.629063e-02
1.787741e-02 7.835427e-01 1.638226e-01 1.047554e-01 3.913697e-02 -3.063932e-01 5.101052e-02 8.367819e-02 5.836468e-03 7.167909e-03 1.700630e-02 2.534745e-01 2.222413e-02
3.939090e-03 8.593728e-01 2.106847e-01 9.773077e-02 2.384182e-02 -3.694441e-01 1.036724e-01 5.621050e-02 4.895093e-03 6.436726e-03 1.031930e-02 2.289958e-01 5.293710e-02
4.242096e-03 6.267780e-01 1.092308e-01 7.829192e-02 1.915928e-02 -2.664172e-01 5.148184e-02 5.848967e-02 6.191766e-03 1.820648e-02 5.433514e-03 1.834583e-01 2.896272e-02
5.151117e-03 8.343917e-01 1.520923e-01 9.023941e-02 1.719698e-02 -3.727132e-01 1.042062e-01 6.592456e-02 7.481523e-03 1.855409e-02 7.334279e-03 2.500224e-01 6.122177e-02
6.666151e-03 8.304122e-01 1.919284e-01 1.086896e-01 2.226599e-02 -3.214806e-01 8.794394e-02 6.285352e-02 4.417978e-03 1.024100e-02 1.345204e-02 2.085246e-01 3.692195e-02
8.787200e-03 8.453156e-01 1.319651e-01 1.081470e-01 2.592933e-02 -3.384824e-01 6.514894e-02 6.419687e-02 7.849453e-03 8.201674e-03 1.138038e-02 2.326503e-01 2.985426e-02
1.151426e-02 1.071007e+00 1.172706e-01 1.556912e-01 3.440988e-02 -4.567601e-01 8.238660e-02 8.148987e-02 1.372425e-02 -1.674710e-02 1.185108e-02 3.010721e-01 4.663036e-02
1.484734e-02 8.807884e-01 1.036365e-01 9.281289e-02 2.441710e-02 -3.574315e-01 4.991913e-02 8.967074e-02 4.795125e-03 3.494437e-02 1.298908e-02 2.911046e-01 3.939208e-02
1.878643e-02 9.053902e-01 1.475790e-01 9.212149e-02 2.339331e-02 -3.993809e-01 6.215849e-02 8.518016e-02 4.252455e-03 9.758891e-03 1.101685e-02 3.303520e-01 3.270407e-02
5.454124e-03 5.912591e-01 9.008739e-02 7.064491e-02 3.860353e-03 -2.431995e-01 5.931199e-02 5.736063e-02 5.324729e-03 2.414006e-02 7.048709e-03 1.817160e-01 3.974961e-02
5.757131e-03 6.062560e-01 9.388781e-02 1.071705e-01 1.772914e-02 -2.161068e-01 4.620644e-02 6.626266e-02 8.570424e-03 1.228845e-02 1.135229e-02 1.566509e-01 1.538487e-02
6.666151e-03 6.279727e-01 1.063847e-01 1.044022e-01 1.994077e-02 -2.167298e-01 3.923000e-02 7.332412e-02 5.075550e-03 2.085897e-02 5.416237e-03 1.582617e-01 1.889104e-02
8.181186e-03 8.380264e-01 1.622380e-01 1.307215e-01 2.572301e-02 -3.389766e-01 6.568641e-02 7.398740e-02 7.568470e-04 -2.706887e-04 1.383040e-02 2.274376e-01 2.483431e-02
1.030223e-02 7.513614e-01 5.266553e-02 9.753144e-02 5.948606e-03 -2.958687e-01 2.243748e-02 7.085412e-02 9.132275e-03 2.068598e-02 8.804504e-03 2.451100e-01 2.270711e-02
1.302930e-02 7.062131e-01 8.615310e-02 1.104379e-01 2.391979e-02 -2.531540e-01 2.556887e-02 8.842349e-02 1.273260e-03 3.083442e-02 1.601276e-02 2.276397e-01 1.634032e-02
1.636237e-02 7.507192e-01 1.719988e-01 8.633106e-02 1.877626e-02 -3.218332e-01 7.168937e-02 8.294255e-02 6.900076e-03 2.168432e-02 1.147457e-02 2.894694e-01 4.148900e-02
2.030146e-02 9.369461e-01 7.372058e-02 1.340261e-01 1.063499e-02 -3.530194e-01 3.553459e-02 1.130254e-01 6.334531e-03 4.648493e-03 9.452252e-03 2.916890e-01 2.310100e-02
7.575172e-03 6.345083e-01 1.026096e-01 9.850055e-02 1.194951e-02 -2.377798e-01 5.194599e-02 6.996691e-02 3.241110e-03 1.284433e-02 6.465548e-03 1.727904e-01 2.997070e-02
7.878179e-03 6.489988e-01 1.245364e-01 9.897298e-02 2.495096e-02 -2.495789e-01 4.422792e-02 7.339323e-02 6.461446e-03 2.116691e-02 7.590132e-03 1.973248e-01 2.440947e-02
8.787200e-03 8.505156e-01 1.159637e-01 1.125095e-01 3.296732e-02 -3.367811e-01 5.788377e-02 6.561709e-02 7.603330e-03 1.400932e-02 1.532575e-02 2.526889e-01 3.296402e-02
1.030223e-02 7.958919e-01 1.439796e-01 1.211950e-01 2.698790e-02 -3.002715e-01 5.074148e-02 7.483903e-02 5.866252e-03 1.510278e-02 1.446616e-02 2.314497e-01 1.884901e-02
1.242328e-02 7.328465e-01 8.058638e-02 1.273505e-01 7.311993e-03 -2.676901e-01 4.179747e-02 7.677901e-02 6.157332e-03 2.596226e-03 4.082515e-03 2.012816e-01 2.143839e-02
1.515034e-02 7.095943e-01 1.365657e-01 9.982718e-02 1.730321e-02 -2.681082e-01 7.160546e-02 8.195693e-02 8.229873e-03 2.133653e-02 7.624585e-03 2.314673e-01 3.645454e-02
1.848342e-02 9.287524e-01 1.457096e-01 1.362979e-01 4.501210e-02 -3.639431e-01 4.575875e-02 9.379037e-02 1.186239e-02 -1.223586e-02 1.751373e-02 2.728027e-01 1.826377e-02
2.242251e-02 7.084829e-01 8.457100e-02 1.166289e-01 3.493358e-02 -2.577269e-01 1.070926e-02 1.148600e-01 1.842677e-02 1.183033e-02 6.237969e-03 2.683728e-01 2.129401e-02
1.030223e-02 8.680536e-01 1.236585e-01 1.182465e-01 1.177197e-02 -3.656397e-01 5.749119e-02 8.122341e-02 4.314894e-03 1.104686e-02 7.071487e-03 2.591584e-01 2.617579e-02
1.060524e-02 7.413849e-01 4.263000e-02 1.005887e-01 2.042241e-02 -2.792997e-01 3.172438e-02 7.285675e-02 7.302901e-03 2.194147e-02 4.608442e-03 2.250834e-01 1.811797e-02
1.151426e-02 9.389987e-01 1.135985e-01 1.503684e-01 9.673356e-03 -3.604667e-01 5.473115e-02 8.235529e-02 5.945161e-03 -1.224927e-02 4.576194e-03 2.337215e-01 3.115376e-02
1.302930e-02 8.940419e-01 2.493793e-01 1.386749e-01 2.986020e-02 -3.510968e-01 1.159440e-01 8.127864e-02 7.179586e-03 1.233313e-03 1.706371e-02 2.612987e-01 4.530366e-02
1.515034e-02 6.691021e-01 4.721844e-02 9.955967e-02 9.724653e-03 -2.735179e-01 2.907486e-02 7.336090e-02 4.748090e-03 5.601648e-03 4.002770e-03 2.293085e-01 1.971749e-02
1.787741e-02 1.003531e+00 1.458280e-01 1.528483e-01 2.015575e-02 -3.578146e-01 6.348240e-02 9.595096e-02 6.932776e-03 -6.396213e-03 1.570222e-02 2.464852e-01 2.508217e-02
2.121048e-02 1.069966e+00 2.286141e-01 1.688579e-01 3.613166e-02 -4.465797e-01 8.622882e-02 1.023129e-01 6.518253e-03 -1.846529e-02 1.717377e-02 3.580096e-01 3.425443e-02
2.514957e-02 9.493636e-01 9.923143e-02 1.490246e-01 2.936389e-02 -3.903844e-01 4.200029e-02 1.144200e-01 1.700696e-02 -1.016526e-02 9.948726e-03 3.447313e-01 3.978918e-02
1.363531e-02 8.010483e-01 1.978690e-01 1.263037e-01 2.872602e-02 -2.558247e-01 7.668679e-02 8.517241e-02 7.701080e-03 2.044083e-02 5.769029e-03 2.028866e-01 3.568510e-02
1.393832e-02 9.565633e-01 1.536699e-01 1.266931e-01 1.747794e-02 -4.055098e-01 7.106287e-02 8.507880e-02 7.194937e-03 8.709504e-03 1.285477e-02 3.039476e-01 3.325705e-02
1.484734e-02 8.991247e-01 6.223770e-02 1.313022e-01 2.497555e-02 -3.210184e-01 3.543859e-02 8.893149e-02 4.438340e-03 1.083132e-02 9.319827e-03 2.506105e-01 3.325283e-02
1.636237e-02 8.438713e-01 1.920991e-01 1.136551e-01 2.698038e-02 -3.322189e-01 7.369608e-02 8.266416e-02 1.121611e-02 2.599553e-03 8.568033e-03 2.543943e-01 3.860907e-02
1.848342e-02 8.366641e-01 8.451950e-02 1.127227e-01 3.658985e-02 -3.420964e-01 5.815312e-02 1.013370e-01 1.348026e-02 1.823099e-02 9.137162e-03 3.222382e-01 5.206134e-02
2.121048e-02 8.858341e-01 1.194065e-01 1.490626e-01 2.356703e-02 -3.295214e-01 6.001564e-02 1.195254e-01 1.273958e-02 -7.140173e-03 1.328721e-02 2.741668e-01 2.277855e-02
2.454356e-02 9.443271e-01 1.810623e-01 1.255602e-01 4.506964e-02 -3.908455e-01 6.299946e-02 1.016949e-01 1.216484e-02 -1.585276e-02 2.813621e-02 3.309705e-01 4.340487e-02
2.848265e-02 8.845664e-01 1.060524e-01 1.629287e-01 3.277259e-02 -2.710570e-01 5.095987e-02 1.360051e-01 1.447318e-02 -1.513558e-02 1.224581e-02 3.150411e-01 3.437498e-02
1.757440e-02 1.073141e+00 1.842935e-01 1.760147e-01 3.061769e-02 -4.308353e-01 9.788336e-02 1.031321e-01 7.828100e-03 -1.567063e-02 1.713205e-02 3.245485e-01 4.469438e-02
1.787741e-02 6.963897e-01 9.762507e-02 1.084506e-01 1.874146e-02 -2.408811e-01 5.149729e-02 9.265052e-02 8.002081e-03 1.829817e-02 1.621803e-02 2.031266e-01 2.405720e-02
1.878643e-02 8.136355e-01 1.079485e-01 1.453452e-01 1.079733e-02 -2.880475e-01 7.013650e-02 9.451494e-02 5.189712e-03 -3.446791e-03 1.020443e-02 2.466317e-01 3.124347e-02
2.030146e-02 8.507676e-01 8.688538e-02 1.212765e-01 1.844579e-02 -3.040375e-01 3.078997e-02 9.898712e-02 8.080317e-03 3.800438e-03 1.022737e-02 2.490296e-01 1.229292e-02
2.242251e-02 9.498031e-01 1.388084e-01 1.526782e-01 3.095480e-02 -3.252217e-01 6.598009e-02 1.201011e-01 5.915290e-03 8.601945e-03 1.412876e-02 2.858614e-01 2.817713e-02
2.514957e-02 8.211364e-01 1.499623e-02 1.267159e-01 2.406950e-02 -3.444525e-01 3.444277e-02 1.181598e-01 1.010124e-02 3.515947e-03 1.483162e-02 3.326716e-01 3.081172e-02
2.848265e-02 9.362291e-01 3.029690e-02 1.517673e-01 2.398424e-02 -2.965039e-01 1.982156e-02 1.374906e-01 1.111204e-02 1.471848e-02 1.487331e-02 3.197113e-01 2.053952e-02
3.242174e-02 7.227636e-01 8.381286e-02 1.220011e-01 3.176241e-02 -2.666765e-01 3.466641e-02 1.658266e-01 2.696660e-02 -1.222721e-02 1.328231e-02 3.339278e-01 2.650702e-02
4.848110e-03 6.634410e-01 9.621696e-02 1.119918e-01 1.804769e-02 -2.401683e-01 3.805369e-02 7.374617e-02 6.797083e-03 2.341535e-02 1.144068e-02 1.847585e-01 1.904874e-02
5.151117e-03 5.342471e-01 4.335864e-02 6.891038e-02 1.596375e-02 -2.165538e-01 2.785388e-02 6.760802e-02 5.580199e-03 3.460725e-02 6.398722e-03 1.796335e-01 1.475578e-02
6.060138e-03 6.906005e-01 1.023363e-01 9.897082e-02 9.500874e-03 -2.657438e-01 5.202576e-02 6.731962e-02 6.537169e-03 1.589154e-02 6.812219e-03 1.839472e-01 2.188031e-02
7.575172e-03 8.766863e-01 1.365414e-01 1.023891e-01 2.788548e-02 -3.572740e-01 6.035820e-02 5.951034e-02 6.275953e-03 3.745294e-03 8.998345e-03 2.266952e-01 3.542401e-02
9.696220e-03 8.007371e-01 8.862721e-02 9.904438e-02 1.655460e-02 -3.491035e-01 4.268533e-02 6.795765e-02 5.151550e-03 9.599575e-03 7.765806e-03 2.468333e-01 2.430506e-02
1.242328e-02 9.903192e-01 1.226372e-01 1.590576e-01 2.071121e-02 -3.909501e-01 5.507845e-02 8.698243e-02 6.695440e-03 -1.822315e-02 8.612760e-03 2.509254e-01 2.986947e-02
1.575636e-02 7.382269e-01 3.995896e-02 9.450557e-02 1.867104e-02 -2.868391e-01 2.808557e-02 8.032721e-02 3.652211e-03 1.105136e-02 9.632080e-03 2.290640e-01 1.715120e-02
1.969545e-02 1.051211e+00 2.156193e-01 1.622403e-01 3.223070e-02 -4.360352e-01 1.221093e-01 1.084003e-01 9.454266e-03 -8.065835e-03 1.665506e-02 3.507786e-01 6.539498e-02
5.151117e-03 6.733344e-01 9.387456e-02 8.165491e-02 2.009733e-02 -2.765924e-01 3.971090e-02 6.054884e-02 4.835149e-03 1.975046e-02 1.057484e-02 1.980141e-01 2.245771e-02
5.454124e-03 1.223511e+00 1.826818e-01 1.343262e-01 2.132489e-02 -5.306148e-01 8.726432e-02 6.145924e-02 5.448305e-03 -9.605832e-03 1.374945e-02 3.054454e-01 4.497538e-02
6.363145e-03 1.194386e+00 4.382970e-01 1.277425e-01 4.137586e-02 -5.378262e-01 2.119112e-01 6.767016e-02 6.469658e-03 7.396544e-04 2.006540e-02 3.335162e-01 1.004407e-01
7.878179e-03 8.402457e-01 8.893239e-02 1.199672e-01 2.010080e-02 -3.185763e-01 4.411148e-02 6.886741e-02 1.067895e-02 6.187058e-03 7.164210e-03 2.075112e-01 1.937474e-02
9.999227e-03 8.646492e-01 1.721061e-01 1.480856e-01 4.154322e-02 -3.031820e-01 5.443448e-02 9.704502e-02 1.449858e-02 2.559907e-02 1.151126e-02 2.398313e-01 2.788102e-02
1.272629e-02 6.797348e-01 4.697192e-02 1.153125e-01 1.257272e-02 -2.390484e-01 2.164155e-02 7.869865e-02 4.077092e-03 1.227071e-02 8.062598e-03 2.040879e-01 1.930745e-02
1.605936e-02 8.452792e-01 8.764204e-02 9.341574e-02 1.897566e-02 -3.851789e-01 4.133705e-02 7.874787e-02 5.368797e-03 3.383929e-03 1.310680e-02 2.993975e-01 2.232219e-02
1.999845e-02 9.852577e-01 1.375316e-01 1.557476e-01 2.927221e-02 -3.235428e-01 7.259637e-02 1.109772e-01 8.064190e-03 2.249859e-02 1.350041e-02 3.036458e-01 4.287826e-02
6.060138e-03 7.402146e-01 1.797345e-01 1.091100e-01 2.343759e-02 -2.877073e-01 9.179901e-02 6.896109e-02 1.021877e-02 1.018864e-02 5.847577e-03 1.959556e-01 4.527514e-02
6.363145e-03 8.980729e-01 1.853389e-01 1.417887e-01 2.303499e-02 -3.566595e-01 8.640529e-02 6.864759e-02 6.806313e-03 -7.702406e-03 9.340269e-03 2.235909e-01 4.432290e-02
7.272165e-03 7.508781e-01 1.290323e-01 7.129714e-02 1.997566e-02 -3.360369e-01 6.199097e-02 7.605724e-02 7.459267e-03 4.003725e-02 5.496164e-03 2.607260e-01 3.685458e-02
8.787200e-03 8.227409e-01 1.400615e-01 1.184301e-01 1.971831e-02 -3.338726e-01 6.848648e-02 7.865636e-02 2.906954e-03 1.326166e-02 1.269484e-02 2.304095e-01 3.901829e-02
1.090825e-02 8.118264e-01 1.811104e-01 1.138789e-01 2.563946e-02 -2.972785e-01 7.212265e-02 7.563715e-02 5.879961e-03 1.528993e-02 1.474307e-02 2.218450e-01 2.502473e-02
1.363531e-02 9.318977e-01 9.580696e-02 1.555693e-01 1.766371e-02 -3.201952e-01 2.884956e-02 9.066816e-02 4.151775e-03 3.236572e-03 6.790442e-03 2.340493e-01 1.502265e-02
1.696839e-02 1.058383e+00 1.484603e-01 1.512716e-01 1.213560e-02 -4.600693e-01 8.172823e-02 8.687312e-02 5.160666e-03 -1.233632e-02 1.336769e-02 3.396124e-01 4.227493e-02
2.090748e-02 1.041290e+00 2.474953e-01 1.560633e-01 4.069594e-02 -3.885898e-01 1.183979e-01 9.645494e-02 7.695867e-03 -6.993896e-03 2.280323e-02 3.098463e-01 4.651703e-02
7.575172e-03 8.001004e-01 1.307831e-01 1.032187e-01 3.111472e-02 -3.252974e-01 5.020438e-02 6.651801e-02 6.745011e-03 1.024988e-02 1.135166e-02 2.213411e-01 2.899825e-02
7.878179e-03 9.609130e-01 1.568975e-01 1.481951e-01 2.120708e-02 -3.660986e-01 7.152196e-02 7.689869e-02 8.860528e-03 -7.548822e-03 1.019723e-02 2.217411e-01 3.032260e-02
8.787200e-03 7.503107e-01 1.021161e-01 1.035606e-01 1.457384e-02 -2.996271e-01 5.448890e-02 6.868750e-02 5.263182e-03 1.174083e-02 6.221069e-03 2.122706e-01 2.899855e-02
1.030223e-02 1.006117e+00 1.240825e-01 1.421190e-01 3.451139e-02 -3.898760e-01 5.115677e-02 8.381983e-02 7.641218e-03 5.450917e-03 1.679431e-02 2.608741e-01 2.938868e-02
1.242328e-02 7.895912e-01 1.051661e-01 1.196770e-01 3.134935e-02 -3.102501e-01 4.228282e-02 8.184205e-02 9.358892e-03 1.223209e-02 1.367503e-02 2.357073e-01 2.266629e-02
1.515034e-02 9.105329e-01 1.226019e-01 1.034234e-01 4.386837e-02 -3.502344e-01 5.984266e-02 7.885708e-02 4.195987e-03 1.115781e-02 1.598239e-02 2.597468e-01 4.752353e-02
1.848342e-02 9.545982e-01 1.081223e-01 1.425877e-01 2.641793e-02 -3.612862e-01 3.386255e-02 1.141466e-01 1.424385e-02 2.017750e-02 1.038759e-02 3.037171e-01 2.621799e-02
2.242251e-02 8.554101e-01 7.266786e-02 9.500281e-02 2.348774e-02 -3.243273e-01 2.733539e-02 1.031553e-01 6.140511e-03 2.563084e-02 1.733182e-02 2.878606e-01 2.144751e-02
9.696220e-03 1.286146e+00 2.803187e-01 1.633001e-01 2.918987e-02 -5.421620e-01 1.243375e-01 7.680487e-02 4.492801e-03 -1.088370e-02 1.913495e-02 3.400890e-01 4.619179e-02
9.999227e-03 1.019569e+00 2.132480e-01 1.468665e-01 2.971467e-02 -4.042333e-01 1.057220e-01 8.416201e-02 7.950305e-03 -1.362018e-04 7.895556e-03 2.595212e-01 5.165462e-02
1.090825e-02 7.644528e-01 8.306904e-02 1.121381e-01 1.441532e-02 -2.930681e-01 4.168893e-02 8.040387e-02 7.561524e-03 1.144376e-02 1.201953e-02 2.151270e-01 1.633662e-02
1.242328e-02 6.926872e-01 1.294776e-01 1.045942e-01 3.090292e-02 -2.440820e-01 3.410618e-02 6.876195e-02 9.672037e-03 4.861876e-03 1.069599e-02 1.875923e-01 9.574769e-03
1.454433e-02 6.630727e-01 7.258104e-02 9.260679e-02 1.583967e-02 -2.454426e-01 2.623838e-02 7.946599e-02 5.952569e-03 1.303623e-02 8.602074e-03 2.026526e-01 6.895264e-03
1.727139e-02 9.203605e-01 4.854153e-02 1.198333e-01 2.510275e-02 -3.548515e-01 1.826266e-02 9.918532e-02 1.133571e-02 1.786405e-02 1.048846e-02 2.952335e-01 7.146797e-03
2.060447e-02 9.402991e-01 1.003898e-01 1.037108e-01 1.825398e-02 -3.925406e-01 6.484477e-02 9.317735e-02 4.524751e-03 1.536923e-02 1.792116e-02 3.252355e-01 4.080528e-02
2.454356e-02 7.694808e-01 1.200135e-01 1.449734e-01 3.179311e-02 -2.986378e-01 4.057160e-02 1.237719e-01 1.814332e-02 1.559354e-03 1.971162e-02 3.568707e-01 3.104230e-02
1.242328e-02 7.818292e-01 8.929991e-02 1.002560e-01 2.220399e-02 -3.025172e-01 3.824276e-02 7.508136e-02 8.657885e-03 1.822544e-02 5.995679e-03 2.291664e-01 2.050006e-02
1.272629e-02 7.456621e-01 9.852447e-02 1.091851e-01 1.312652e-02 -2.988691e-01 5.327534e-02 7.685847e-02 6.575900e-03 9.802964e-03 5.584079e-03 2.308333e-01 3.028466e-02
1.363531e-02 9.039131e-01 1.429496e-01 1.164508e-01 1.294646e-02 -3.703985e-01 8.989876e-02 7.096407e-02 7.062109e-03 4.538008e-04 6.130256e-03 2.670057e-01 4.654350e-02
1.515034e-02 9.624399e-01 1.186198e-01 1.130507e-01 1.989811e-02 -3.899799e-01 5.822606e-02 8.310476e-02 6.871332e-03 8.404078e-03 1.410300e-02 2.797695e-01 2.896529e-02
1.727139e-02 8.475835e-01 1.172273e-01 1.164838e-01 2.600314e-02 -3.294955e-01 5.079333e-02 9.532185e-02 7.478543e-03 2.488360e-02 1.636782e-02 2.908636e-01 1.666751e-02
1.999845e-02 6.857803e-01 1.233757e-01 9.895116e-02 1.788554e-02 -2.479857e-01 5.586781e-02 8.688703e-02 1.838306e-03 1.516303e-02 6.136014e-03 2.360858e-01 4.293241e-02
2.333153e-02 1.008343e+00 1.022113e-01 1.623218e-01 2.730980e-02 -3.686069e-01 5.323947e-02 1.152712e-01 1.319079e-02 -2.292961e-03 1.035305e-02 3.299649e-01 3.409994e-02
2.727062e-02 1.019351e+00 1.105712e-01 1.582512e-01 1.184398e-02 -4.236576e-01 7.251762e-02 1.318379e-01 8.473011e-03 -1.035554e-02 1.264033e-02 3.924165e-01 5.454120e-02
1.575636e-02 5.463289e-01 5.331964e-02 7.825323e-02 1.124097e-02 -1.963379e-01 1.856400e-02 7.455603e-02 7.338090e-03 1.600792e-02 1.065223e-02 1.876869e-01 1.576799e-02
1.605936e-02 5.992077e-01 3.956679e-02 1.286420e-01 8.540962e-03 -2.033269e-01 3.307037e-02 8.980771e-02 5.296741e-03 4.659236e-03 7.848092e-03 1.934308e-01 1.678733e-02
1.696839e-02 9.165525e-01 1.362342e-01 1.372339e-01 3.182496e-02 -3.107756e-01 4.896587e-02 9.985095e-02 1.745684e-02 1.493343e-02 8.842089e-03 2.361579e-01 1.782324e-02
1.848342e-02 7.769052e-01 6.596244e-02 1.189160e-01 1.420182e-02 -3.177872e-01 4.318057e-02 9.185764e-02 8.325615e-03 3.706960e-03 5.555787e-03 2.670447e-01 2.823542e-02
2.060447e-02 9.571648e-01 1.283658e-01 1.258763e-01 2.369851e-02 -3.957837e-01 6.583532e-02 1.178499e-01 1.357983e-02 2.610783e-02 1.384354e-02 3.423363e-01 3.519607e-02
2.333153e-02 7.613383e-01 9.464443e-02 9.133067e-02 3.969559e-02 -3.149010e-01 2.224843e-02 1.008322e-01 6.162674e-03 1.516875e-02 8.046415e-03 3.177054e-01 2.583127e-02
2.666461e-02 9.423108e-01 1.167739e-01 1.674800e-01 1.756838e-02 -3.839779e-01 8.329858e-02 1.413415e-01 9.006363e-03 -1.586799e-02 1.033743e-02 3.514253e-01 5.733511e-02
3.060370e-02 8.237559e-01 9.927784e-02 1.079362e-01 1.383115e-02 -3.298572e-01 6.158391e-02 1.295049e-01 1.243916e-02 -1.440968e-03 7.408276e-03 4.038851e-01 4.096282e-02
1.969545e-02 8.694377e-01 1.320604e-01 1.391867e-01 2.705904e-02 -3.141862e-01 8.409751e-02 1.053491e-01 1.573077e-02 1.384781e-02 1.640030e-02 2.981757e-01 4.615214e-02
1.999845e-02 9.640758e-01 1.368307e-01 1.403894e-01 2.471465e-02 -3.885549e-01 7.786162e-02 1.075842e-01 1.084012e-02 -9.581567e-04 1.623458e-02 2.975552e-01 4.193965e-02
2.090748e-02 9.447268e-01 1.493867e-01 1.260673e-01 1.868220e-02 -3.368187e-01 6.213878e-02 9.444855e-02 5.630982e-03 -8.412245e-03 8.071777e-03 2.727374e-01 2.722929e-02
2.242251e-02 8.415198e-01 1.736867e-01 9.975992e-02 1.614794e-02 -3.725891e-01 8.042179e-02 1.112860e-01 1.038156e-02 1.915175e-02 1.683626e-02 3.621582e-01 4.210717e-02
2.454356e-02 9.757231e-01 1.806994e-01 1.382810e-01 2.542976e-02 -3.576887e-01 8.478159e-02 1.032088e-01 8.853558e-03 -1.095535e-02 1.753294e-02 3.068369e-01 4.882119e-02
2.727062e-02 1.152461e+00 8.080769e-02 1.695279e-01 2.431454e-02 -4.688394e-01 6.075418e-02 1.471107e-01 1.386280e-02 -1.190375e-03 1.705735e-03 3.905252e-01 4.976439e-02
3.060370e-02 1.254193e+00 1.285031e-01 1.819429e-01 3.419845e-02 -4.501880e-01 7.623469e-02 1.496049e-01 1.801847e-02 -1.977960e-02 2.521380e-02 4.217392e-01 5.202702e-02
3.454278e-02 7.723091e-01 3.352381e-02 1.154452e-01 1.261704e-02 -2.347596e-01 3.738976e-02 1.759893e-01 1.148084e-02 -4.289660e-03 1.878957e-02 3.428549e-01 3.183904e-02
7.575172e-03 5.729686e-01 1.934652e-01 6.790237e-02 8.457080e-03 -2.337915e-01 9.432793e-02 5.506033e-02 3.191592e-03 2.155228e-02 3.476700e-03 1.773733e-01 4.944713e-02
7.878179e-03 6.907852e-01 1.073060e-01 1.065824e-01 1.605692e-02 -2.769554e-01 4.974419e-02 8.363966e-02 5.551516e-03 2.255383e-02 9.209150e-03 2.106356e-01 1.999478e-02
8.787200e-03 7.600701e-01 1.483327e-01 1.196082e-01 8.835681e-03 -2.890628e-01 8.616645e-02 6.822456e-02 3.137367e-03 2.428400e-03 8.358504e-03 1.975960e-01 4.614649e-02
1.030223e-02 7.876177e-01 2.356157e-01 1.454984e-01 2.437713e-02 -2.765016e-01 1.107704e-01 8.993273e-02 6.245093e-03 2.276247e-03 1.652336e-02 1.910113e-01 4.575699e-02
1.242328e-02 7.244408e-01 1.185509e-01 1.180671e-01 2.500623e-02 -2.600075e-01 4.817092e-02 8.633365e-02 7.307170e-03 1.420413e-02 1.104847e-02 2.071734e-01 2.259687e-02
1.515034e-02 1.010090e+00 1.109584e-01 1.670117e-01 1.361753e-02 -3.558410e-01 6.826771e-02 9.398605e-02 5.747222e-03 -2.729127e-03 1.361255e-02 2.604916e-01 3.395132e-02
1.848342e-02 6.812390e-01 1.016979e-01 8.491911e-02 1.385128e-02 -2.641653e-01 5.554656e-02 8.389263e-02 5.818431e-03 1.140528e-02 3.306975e-03 2.500681e-01 4.261213e-02
2.242251e-02 7.679488e-01 7.350927e-02 1.010180e-01 1.613672e-02 -2.636487e-01 2.307353e-02 1.154833e-01 8.362443e-03 2.217950e-02 1.307070e-02 2.730600e-01 1.853127e-02
7.878179e-03 8.888266e-01 1.113785e-01 1.223393e-01 2.342092e-02 -3.484691e-01 4.970969e-02 6.844078e-02 5.300473e-03 3.267477e-03 1.374385e-02 2.249106e-01 2.219548e-02
8.181186e-03 7.708285e-01 1.789007e-01 9.993495e-02 1.646180e-02 -3.284245e-01 8.501361e-02 6.449470e-02 4.737742e-03 9.007738e-03 8.571332e-03 2.342348e-01 4.706954e-02
9.090207e-03 1.034254e+00 2.180382e-01 1.450292e-01 3.265320e-02 -4.096774e-01 9.730725e-02 6.315091e-02 8.606593e-03 -1.512219e-02 9.105106e-03 2.460630e-01 4.951893e-02
1.060524e-02 9.957497e-01 1.573716e-01 1.662609e-01 2.534090e-02 -3.827093e-01 6.867168e-02 8.567354e-02 1.057897e-02 -9.404418e-03 1.000961e-02 2.521224e-01 2.749786e-02
1.272629e-02 6.848913e-01 6.566289e-02 1.011684e-01 1.227298e-02 -2.403924e-01 2.358001e-02 8.456192e-02 6.301200e-03 2.859395e-02 1.071717e-02 2.134398e-01 1.821927e-02
1.545335e-02 9.095846e-01 9.790440e-02 1.197260e-01 1.264794e-02 -3.654107e-01 3.357451e-02 8.171871e-02 9.338339e-03 -6.776647e-03 7.291477e-03 2.453364e-01 1.958826e-02
1.878643e-02 8.799097e-01 7.600022e-02 1.243720e-01 2.969255e-02 -3.362190e-01 2.738936e-02 1.002128e-01 9.583911e-03 6.039602e-03 1.297190e-02 2.814653e-01 1.759581e-02
2.272552e-02 8.221300e-01 1.189743e-01 1.121613e-01 3.454261e-02 -3.115982e-01 3.030785e-02 1.202565e-01 9.334824e-03 3.839763e-02 2.138673e-02 3.280186e-01 2.486384e-02
8.787200e-03 7.034462e-01 5.880635e-02 8.925233e-02 1.424820e-02 -2.909285e-01 3.080515e-02 6.367061e-02 4.376129e-03 1.776569e-02 5.107085e-03 2.261476e-01 1.842512e-02
9.090207e-03 7.667492e-01 1.536565e-01 1.501412e-01 4.154562e-02 -2.481958e-01 3.784159e-02 8.203769e-02 1.373581e-02 6.643498e-04 5.673941e-03 1.726592e-01 1.757434e-02
9.999227e-03 7.131638e-01 1.154617e-01 1.079673e-01 3.061417e-02 -2.511114e-01 3.533729e-02 7.602800e-02 9.415284e-03 1.809939e-02 6.695289e-03 2.053160e-01 2.180771e-02
1.151426e-02 6.769967e-01 1.275842e-01 1.140326e-01 2.335098e-02 -2.325378e-01 5.149392e-02 8.893447e-02 1.019608e-02 2.450465e-02 1.023243e-02 2.021216e-01 2.023251e-02
1.363531e-02 7.951992e-01 1.751114e-01 1.136148e-01 1.510836e-02 -3.164003e-01 1.064476e-01 8.801797e-02 9.267406e-03 2.706415e-02 1.640508e-02 2.654696e-01 6.027148e-02
1.636237e-02 8.211469e-01 4.422389e-02 1.238814e-01 2.106183e-02 -3.154195e-01 4.580801e-02 8.843016e-02 6.131546e-03 -5.458479e-04 3.864873e-03 2.361648e-01 3.293081e-02
1.969545e-02 8.690553e-01 1.026773e-01 1.129741e-01 2.826501e-02 -3.298903e-01 4.610868e-02 1.089499e-01 1.007492e-02 2.027803e-02 1.465274e-02 2.920366e-01 1.881451e-02
2.363454e-02 8.462529e-01 5.915329e-02 1.042327e-01 2.838031e-02 -3.279422e-01 3.305567e-02 1.101135e-01 4.392148e-03 -4.003972e-03 1.529919e-02 2.885667e-01 1.385089e-02
1.030223e-02 8.595504e-01 2.324276e-01 1.308108e-01 3.553594e-02 -3.218117e-01 8.013920e-02 8.492291e-02 9.371561e-03 1.274153e-02 1.277627e-02 2.283426e-01 3.147258e-02
1.060524e-02 8.580377e-01 9.958625e-02 1.379235e-01 2.155005e-02 -3.399649e-01 4.219192e-02 7.331721e-02 7.693934e-03 -9.112948e-03 6.120580e-03 2.347330e-01 2.158781e-02
1.151426e-02 8.302370e-01 1.105335e-01 9.672474e-02 1.778595e-02 -3.410230e-01 5.975971e-02 7.391206e-02 1.059935e-02 1.442096e-02 1.196904e-02 2.419809e-01 4.245415e-02
1.302930e-02 7.524214e-01 9.405770e-02 1.341254e-01 2.539962e-02 -2.723701e-01 3.724732e-02 1.035675e-01 3.217271e-03 1.170846e-02 1.527845e-02 2.116717e-01 1.588716e-02
1.515034e-02 7.189214e-01 4.663821e-02 1.036687e-01 6.785926e-03 -2.813704e-01 2.721585e-02 7.881041e-02 4.565267e-03 6.472253e-03 3.910210e-03 2.424199e-01 1.793007e-02
1.787741e-02 7.826714e-01 7.047652e-02 1.349387e-01 1.665546e-02 -2.707954e-01 2.928738e-02 8.723948e-02 8.914344e-03 2.617301e-03 3.495778e-03 2.259261e-01 1.553689e-02
2.121048e-02 7.817054e-01 9.370207e-02 1.085277e-01 2.993338e-02 -3.191657e-01 3.120646e-02 9.259327e-02 1.040492e-02 -9.952745e-03 7.673499e-03 2.718381e-01 2.096680e-02
2.514957e-02 9.191989e-01 8.726307e-02 1.469484e-01 2.697732e-02 -3.477997e-01 2.894293e-02 1.129035e-01 6.847439e-03 -7.533254e-04 6.510530e-03 3.696237e-01 2.404660e-02
1.242328e-02 9.114530e-01 1.860612e-01 1.392263e-01 2.774693e-02 -3.416079e-01 8.808994e-02 8.108985e-02 1.590287e-02 -1.745099e-03 1.113239e-02 2.350696e-01 3.688624e-02
1.272629e-02 8.849489e-01 1.908709e-01 1.507280e-01 2.792487e-02 -3.117135e-01 7.809544e-02 1.020613e-01 9.996812e-03 1.451015e-02 9.869543e-03 2.374571e-01 3.583013e-02
1.363531e-02 1.095187e+00 2.230930e-01 1.352957e-01 1.937124e-02 -4.323003e-01 9.429239e-02 9.010102e-02 7.134734e-03 5.378764e-03 1.496404e-02 2.864168e-01 3.872936e-02
1.515034e-02 5.645113e-01 7.771754e-02 9.553230e-02 2.527497e-02 -1.916143e-01 1.955757e-02 8.873936e-02 5.635111e-03 2.513745e-02 9.009311e-03 1.975475e-01 1.300582e-02
1.727139e-02 1.010204e+00 6.803066e-02 1.399740e-01 3.609209e-02 -3.620301e-01 5.117759e-02 8.745783e-02 7.776481e-03 -1.428118e-04 1.116924e-02 2.601197e-01 3.572797e-02
1.999845e-02 8.940112e-01 1.886812e-01 1.426161e-01 2.790198e-02 -3.202391e-01 8.091141e-02 9.597089e-02 1.264815e-02 -6.643853e-03 1.254846e-02 2.809438e-01 3.261271e-02
2.333153e-02 7.982749e-01 7.685990e-02 9.839640e-02 2.637110e-02 -3.275682e-01 3.805542e-02 1.093597e-01 5.757408e-03 1.092429e-02 1.011429e-02 3.143746e-01 1.891300e-02
2.727062e-02 1.091094e+00 9.794200e-02 1.536398e-01 2.000382e-02 -3.993649e-01 5.057586e-02 1.352552e-01 7.055446e-03 -1.481085e-02 2.164325e-02 3.298868e-01 1.988351e-02
1.515034e-02 9.797734e-01 4.729310e-02 1.023296e-01 1.520262e-02 -4.154125e-01 4.821984e-02 8.306327e-02 1.066931e-02 2.159647e-02 1.292233e-02 3.241489e-01 2.661031e-02
1.545335e-02 8.806910e-01 8.280177e-02 1.081695e-01 3.398531e-02 -3.349313e-01 3.678516e-02 8.259344e-02 7.305981e-03 2.188265e-02 1.565724e-02 2.609717e-01 3.750186e-02
1.636237e-02 9.178179e-01 9.363098e-02 1.212424e-01 2.324554e-02 -3.959748e-01 6.221695e-02 7.558014e-02 9.325240e-03 -3.686656e-03 6.912151e-03 3.056467e-01 3.157483e-02
1.787741e-02 8.817567e-01 7.968402e-02 1.038475e-01 1.875586e-02 -3.418574e-01 5.170245e-02 7.932380e-02 4.455032e-03 1.062435e-02 1.076953e-02 2.690657e-01 3.453020e-02
1.999845e-02 7.948501e-01 1.015105e-01 1.236456e-01 2.271685e-02 -2.781141e-01 6.233035e-02 1.035079e-01 7.311448e-03 1.776091e-02 7.435137e-03 2.714635e-01 3.102784e-02
2.272552e-02 8.678174e-01 8.818887e-02 8.374254e-02 2.815987e-02 -3.616078e-01 4.962567e-02 1.109791e-01 1.373747e-02 2.857534e-02 7.437147e-03 3.379289e-01 3.453035e-02
2.605859e-02 9.941213e-01 6.123547e-02 1.746974e-01 1.298395e-02 -3.166455e-01 3.916734e-02 1.181107e-01 1.000830e-02 -1.963672e-02 1.624404e-02 2.692574e-01 2.074330e-02
2.999768e-02 7.955059e-01 9.531941e-02 1.345479e-01 2.693951e-02 -2.752408e-01 3.861133e-02 1.549084e-01 1.217298e-02 -3.061920e-03 1.258836e-02 3.510381e-01 3.747200e-02
1.848342e-02 9.801161e-01 8.850326e-02 1.394455e-01 1.883259e-02 -3.789339e-01 4.943764e-02 1.011481e-01 5.506069e-03 -1.148641e-02 1.146356e-02 2.717677e-01 2.699372e-02
1.878643e-02 8.965155e-01 4.774701e-02 1.588318e-01 1.769368e-02 -3.122706e-01 2.507682e-02 1.014112e-01 6.715916e-03 -3.738053e-03 8.815040e-03 2.597949e-01 1.342582e-02
1.969545e-02 8.907967e-01 1.082521e-01 1.344831e-01 3.444509e-02 -3.197078e-01 4.314803e-02 1.179589e-01 2.266409e-02 1.019534e-02 5.477370e-03 2.599743e-01 2.193201e-02
2.121048e-02 8.456445e-01 9.734996e-02 1.298713e-01 1.758462e-02 -3.201441e-01 5.520296e-02 1.007749e-01 5.053564e-03 -6.701930e-03 9.921105e-03 2.638640e-01 3.202520e-02
2.333153e-02 9.301838e-01 8.709053e-02 1.414048e-01 2.114256e-02 -3.994712e-01 4.820554e-02 1.116241e-01 6.220912e-03 -8.185998e-03 1.066753e-02 3.444232e-01 3.219180e-02
2.605859e-02 9.459933e-01 6.172370e-02 1.453977e-01 6.829472e-03 -3.976011e-01 6.784064e-02 1.244495e-01 9.187972e-03 -1.987107e-02 9.690001e-03 3.572536e-01 4.212083e-02
2.939167e-02 8.203651e-01 1.257051e-01 1.253906e-01 2.688342e-02 -2.736159e-01 5.555000e-02 1.330312e-01 1.484458e-02 -8.562467e-03 1.825742e-02 3.502929e-01 1.527922e-02
3.333076e-02 8.203958e-01 6.952489e-02 9.026097e-02 1.511218e-02 -2.909866e-01 3.019672e-02 1.463580e-01 7.199172e-03 -1.606597e-02 1.817676e-02 3.644525e-01 2.276697e-02
2.242251e-02 6.453342e-01 4.593924e-02 1.044370e-01 1.988395e-02 -2.301429e-01 3.005191e-02 1.008838e-01 1.022555e-02 8.225018e-03 1.169291e-02 2.504721e-01 3.065421e-02
2.272552e-02 7.807877e-01 6.779191e-02 9.257548e-02 3.290013e-02 -2.916820e-01 2.551887e-02 1.140858e-01 1.774243e-02 2.708559e-02 8.448794e-03 3.010359e-01 1.765070e-02
2.363454e-02 1.040009e+00 7.335639e-02 1.855395e-01 2.726804e-02 -3.886393e-01 5.516603e-02 1.386397e-01 8.743062e-03 -4.891099e-03 1.429260e-02 3.626450e-01 5.422930e-02
2.514957e-02 8.218983e-01 9.853016e-02 1.089995e-01 9.206250e-03 -2.878899e-01 4.863324e-02 1.100549e-01 4.842429e-03 1.373001e-02 1.179270e-02 3.117100e-01 3.949892e-02
2.727062e-02 9.453492e-01 6.857755e-02 1.558710e-01 2.263245e-02 -3.608973e-01 5.474016e-02 1.223796e-01 9.583491e-03 -1.962228e-02 1.493773e-02 3.261493e-01 3.635945e-02
2.999768e-02 8.137075e-01 6.256169e-02 8.699703e-02 1.459011e-02 -3.158373e-01 4.678809e-02 1.259163e-01 1.004563e-02 7.597303e-03 8.309211e-03 3.679258e-01 4.226710e-02
3.333076e-02 8.701001e-01 1.577905e-01 1.192711e-01 7.900247e-02 -3.444674e-01 5.244738e-02 1.543424e-01 2.641652e-02 7.421419e-04 3.217460e-02 4.413324e-01 3.929393e-02
3.726985e-02 8.569164e-01 4.748637e-02 2.075303e-01 1.850405e-02 -2.975158e-01 3.813699e-02 2.218100e-01 1.918834e-02 -4.171587e-02 1.591795e-02 4.420058e-01 5.044709e-02
1.090825e-02 7.418049e-01 1.891664e-01 9.562429e-02 2.264067e-02 -3.030360e-01 7.941029e-02 7.292724e-02 6.033290e-03 2.032459e-02 7.989996e-03 2.410335e-01 3.865840e-02
1.121125e-02 9.140904e-01 1.298402e-01 1.267700e-01 2.485200e-02 -3.462688e-01 4.996366e-02 8.624352e-02 8.497918e-03 1.151645e-02 8.858245e-03 2.400249e-01 2.212989e-02
1.212028e-02 7.636761e-01 1.522370e-01 1.003320e-01 1.136205e-02 -3.103242e-01 6.558363e-02 7.148487e-02 4.417901e-03 1.163537e-02 5.765870e-03 2.309653e-01 3.414396e-02
1.363531e-02 8.388284e-01 1.520628e-01 1.218415e-01 2.380645e-02 -3.318776e-01 7.497566e-02 8.724310e-02 6.951446e-03 1.317533e-02 8.177487e-03 2.668954e-01 3.919319e-02
1.575636e-02 8.309850e-01 7.265067e-02 1.236850e-01 1.333754e-02 -2.940257e-01 3.531857e-02 8.659719e-02 1.927221e-03 8.471536e-03 7.527957e-03 2.219319e-01 9.363847e-03
1.848342e-02 8.401741e-01 1.028543e-01 1.110114e-01 1.986630e-02 -2.879237e-01 4.120579e-02 1.040290e-01 4.437580e-03 2.827470e-02 1.470106e-02 2.618652e-01 1.867010e-02
2.181650e-02 8.068450e-01 5.328532e-02 1.286757e-01 2.325933e-02 -2.722403e-01 1.506203e-02 1.081096e-01 2.150049e-03 1.896858e-02 1.651500e-02 2.639730e-01 2.491874e-02
2.575559e-02 6.378678e-01 5.738055e-02 1.181756e-01 1.309388e-02 -2.245367e-01 3.275655e-02 1.310673e-01 1.252544e-02 2.261590e-02 1.714566e-02 2.955375e-01 2.633354e-02
1.121125e-02 1.160548e+00 2.325142e-01 1.976504e-01 4.224589e-02 -4.168737e-01 8.654113e-02 9.256670e-02 9.496885e-03 -1.868344e-02 1.346739e-02 2.440238e-01 3.674632e-02
1.151426e-02 9.052701e-01 1.003831e-01 1.356147e-01 9.038595e-03 -3.272009e-01 5.143887e-02 8.317437e-02 2.364667e-03 7.327869e-03 5.755645e-03 2.169013e-01 2.389893e-02
1.242328e-02 7.428831e-01 9.471986e-02 1.124419e-01 2.618867e-02 -2.803423e-01 3.835685e-02 7.870472e-02 6.560413e-03 6.164800e-03 1.025974e-02 2.109798e-01 2.551042e-02
1.393832e-02 8.355298e-01 1.417687e-01 1.274944e-01 3.422532e-02 -3.165129e-01 6.628215e-02 8.323594e-02 7.182472e-03 6.671535e-03 1.533314e-02 2.360586e-01 3.360262e-02
1.605936e-02 8.545966e-01 9.883063e-02 1.343159e-01 2.352761e-02 -3.227421e-01 4.688935e-02 8.267152e-02 1.081477e-02 5.861060e-03 1.174352e-02 2.589349e-01 2.845049e-02
1.878643e-02 7.408473e-01 6.653743e-02 8.514129e-02 2.125716e-02 -2.953756e-01 2.884750e-02 9.026237e-02 7.876522e-03 1.885834e-02 6.743767e-03 2.648263e-01 2.099336e-02
2.211950e-02 8.884734e-01 1.481304e-01 1.177910e-01 2.424347e-02 -3.208760e-01 6.446887e-02 1.087148e-01 1.282357e-02 2.452464e-02 7.352668e-03 3.168157e-01 3.850043e-02
2.605859e-02 8.397057e-01 1.276363e-01 1.182822e-01 2.876987e-02 -2.889764e-01 4.842446e-02 1.076186e-01 9.579380e-03 -4.570551e-03 5.809387e-03 3.030600e-01 3.145840e-02
1.212028e-02 8.415490e-01 1.737346e-01 1.562906e-01 3.177019e-02 -2.946339e-01 7.909109e-02 9.187671e-02 7.808402e-03 5.664686e-03 1.677168e-02 2.299840e-01 3.483547e-02
1.242328e-02 8.475450e-01 9.194895e-02 9.254171e-02 2.007611e-02 -3.474748e-01 3.132780e-02 8.210442e-02 3.617227e-03 3.597394e-02 1.233775e-02 2.933769e-01 1.550609e-02
1.333230e-02 7.887129e-01 9.057758e-02 1.009317e-01 2.151701e-02 -3.160886e-01 4.345702e-02 8.122935e-02 1.109593e-02 2.302727e-02 1.376845e-02 2.630359e-01 3.960323e-02
1.484734e-02 9.404620e-01 1.061834e-01 8.231471e-02 2.527826e-02 -4.056271e-01 5.371883e-02 7.102777e-02 7.428368e-03 1.305078e-02 1.248124e-02 2.978943e-01 3.364453e-02
1.696839e-02 6.775422e-01 1.402370e-01 7.611001e-02 1.115075e-02 -2.558387e-01 7.060887e-02 8.768715e-02 6.386359e-03 3.705094e-02 1.079314e-02 2.730782e-01 3.290240e-02
1.969545e-02 8.036716e-01 1.742321e-01 1.139046e-01 2.250778e-02 -3.122988e-01 9.426087e-02 1.107992e-01 5.099911e-03 1.882878e-02 1.143493e-02 2.884950e-01 5.816030e-02
2.302852e-02 9.555619e-01 1.665330e-01 1.609205e-01 4.307385e-02 -3.250659e-01 4.453522e-02 1.117884e-01 1.134823e-02 1.976650e-03 1.596342e-02 2.869667e-01 2.314416e-02
2.696761e-02 7.693363e-01 6.282135e-02 1.291067e-01 1.926840e-02 -3.044650e-01 2.493326e-02 1.353619e-01 1.113708e-02 -1.069526e-02 1.008195e-02 3.323483e-01 2.020747e-02
1.363531e-02 6.867519e-01 6.656329e-02 8.943777e-02 1.594927e-02 -2.856964e-01 4.363729e-02 8.328107e-02 9.393351e-03 2.393283e-02 8.658662e-03 2.455086e-01 3.992004e-02
1.393832e-02 7.258329e-01 1.421632e-01 1.151314e-01 2.524456e-02 -2.756293e-01 5.621091e-02 7.874508e-02 3.050963e-03 7.211916e-03 1.656504e-02 2.216863e-01 1.778142e-02
1.484734e-02 8.647579e-01 7.761541e-02 1.130656e-01 1.574601e-02 -3.237640e-01 4.318129e-02 8.169385e-02 2.710319e-03 1.294487e-02 3.678792e-03 2.492788e-01 1.976516e-02
1.636237e-02 8.794447e-01 1.371435e-01 1.435428e-01 2.381830e-02 -3.522884e-01 5.363096e-02 9.064737e-02 5.228984e-03 -8.192697e-03 9.403111e-03 2.748288e-01 2.259979e-02
1.848342e-02 7.218576e-01 8.703737e-02 1.064655e-01 1.691974e-02 -2.911436e-01 2.084242e-02 8.342332e-02 4.500043e-03 4.044789e-03 1.004768e-02 2.556719e-01 1.219767e-02
2.121048e-02 9.303233e-01 1.614330e-01 1.770511e-01 1.629513e-02 -3.563722e-01 7.687114e-02 1.112315e-01 1.150210e-02 -1.501394e-02 1.187145e-02 3.230444e-01 3.436220e-02
2.454356e-02 8.926607e-01 1.068154e-01 1.424795e-01 3.657939e-02 -3.277203e-01 5.089730e-02 1.332934e-01 7.264905e-03 2.272656e-02 2.330095e-02 3.134345e-01 6.800977e-02
2.848265e-02 9.885491e-01 1.363665e-01 1.584426e-01 2.685351e-02 -3.133129e-01 9.322509e-02 1.528033e-01 2.340697e-02 1.891855e-02 1.061089e-02 3.339531e-01 5.993494e-02
1.575636e-02 8.193271e-01 1.830438e-01 9.407691e-02 1.484378e-02 -3.402105e-01 8.711326e-02 7.947120e-02 4.166150e-03 2.014100e-02 8.444015e-03 2.694027e-01 4.610081e-02
1.605936e-02 7.480510e-01 1.856993e-01 1.216452e-01 2.570320e-02 -2.631619e-01 8.142013e-02 9.368870e-02 6.215105e-03 2.397674e-02 1.198717e-02 2.424871e-01 2.911357e-02
1.696839e-02 8.537053e-01 1.018058e-01 1.087827e-01 2.663894e-02 -3.208779e-01 4.261820e-02 9.141056e-02 3.427520e-03 2.231938e-02 1.445090e-02 2.617644e-01 3.089652e-02
1.848342e-02 7.293777e-01 7.158994e-02 8.280971e-02 3.066800e-02 -3.022324e-01 4.483418e-02 9.388506e-02 1.156853e-02 3.758319e-02 9.887374e-03 2.779138e-01 2.359494e-02
2.060447e-02 7.701044e-01 6.387691e-02 1.232528e-01 2.671301e-02 -2.623205e-01 4.343035e-02 1.099746e-01 1.270170e-02 1.091367e-02 4.201044e-03 2.392857e-01 2.472176e-02
2.333153e-02 8.007635e-01 8.258059e-02 1.313127e-01 2.330858e-02 -3.015854e-01 3.692702e-02 1.143146e-01 1.378702e-02 4.323934e-03 1.191641e-02 3.110875e-01 4.545182e-02
2.666461e-02 7.125227e-01 4.334309e-02 7.992374e-02 3.455490e-03 -2.647366e-01 2.985260e-02 1.095681e-01 9.176284e-03 3.161147e-02 3.619854e-03 3.151592e-01 1.756036e-02
3.060370e-02 9.516804e-01 1.647689e-01 1.286533e-01 5.646317e-02 -3.964869e-01 4.527886e-02 1.438634e-01 2.224116e-02 -2.483932e-02 2.296144e-02 4.035200e-01 2.002271e-02
1.848342e-02 6.964466e-01 7.394977e-02 1.159647e-01 2.442588e-02 -2.699883e-01 2.371191e-02 9.446013e-02 5.694103e-03 2.499122e-03 1.040518e-02 2.584620e-01 2.045982e-02
1.878643e-02 7.351205e-01 9.406607e-02 9.689120e-02 1.855635e-02 -3.031583e-01 5.960038e-02 9.842509e-02 1.434134e-02 2.286937e-02 1.605936e-02 2.763377e-01 6.045272e-02
1.969545e-02 7.370891e-01 7.657757e-02 9.745013e-02 1.835821e-02 -2.738812e-01 4.048010e-02 8.994424e-02 8.254893e-03 6.815009e-03 1.134932e-02 2.355289e-01 1.678599e-02
2.121048e-02 9.041521e-01 8.785960e-02 1.307488e-01 1.172053e-02 -3.243166e-01 5.888735e-02 1.014686e-01 1.188159e-02 -1.623155e-03 7.585533e-03 2.840856e-01 4.125042e-02
2.333153e-02 7.983169e-01 5.367946e-02 1.147519e-01 1.070695e-02 -3.364417e-01 3.673294e-02 1.045229e-01 5.135582e-03 2.735886e-03 5.141382e-03 3.355251e-01 4.166189e-02
2.605859e-02 9.711498e-01 9.669449e-02 1.347269e-01 2.081169e-02 -3.771253e-01 3.642337e-02 1.209263e-01 1.193555e-02 -8.999585e-03 1.357485e-02 3.178412e-01 2.928946e-02
2.939167e-02 9.495592e-01 1.025284e-01 1.464665e-01 5.013147e-02 -3.358938e-01 2.522148e-02 1.453699e-01 1.520335e-02 3.492224e-03 1.910132e-02 3.808996e-01 4.169088e-02
3.333076e-02 1.029074e+00 8.934762e-02 1.861816e-01 3.032869e-02 -3.141121e-01 4.805167e-02 1.499164e-01 7.312692e-03 -3.549882e-02 1.233155e-02 4.002409e-01 2.763098e-02
2.181650e-02 8.535014e-01 3.959043e-02 1.560287e-01 1.248299e-02 -3.047580e-01 2.574919e-02 1.059959e-01 1.000844e-02 -5.804707e-03 1.305059e-02 2.825212e-01 1.765792e-02
2.211950e-02 9.493004e-01 4.180304e-02 1.406333e-01 3.002702e-02 -3.671831e-01 3.699967e-02 1.236776e-01 1.179074e-02 2.871352e-02 9.214201e-03 3.288484e-01 4.567659e-02
2.302852e-02 9.812089e-01 1.793543e-01 1.638959e-01 4.061025e-02 -3.601226e-01 8.209908e-02 1.149453e-01 1.045654e-02 -3.039335e-03 1.742742e-02 3.366334e-01 3.253607e-02
2.454356e-02 8.124436e-01 9.390496e-02 1.234087e-01 1.268286e-02 -3.192270e-01 4.255186e-02 1.151739e-01 8.340164e-03 -3.839992e-03 1.513535e-02 3.223127e-01 4.759894e-03
2.666461e-02 8.409492e-01 1.270144e-01 1.568309e-01 2.353682e-02 -2.789317e-01 5.393080e-02 1.385346e-01 8.712663e-03 6.789783e-04 1.798912e-02 3.222932e-01 2.502625e-02
2.939167e-02 7.514593e-01 1.195147e-01 1.146554e-01 2.336590e-02 -2.510941e-01 4.269299e-02 1.292362e-01 1.357668e-02 1.003784e-02 5.174208e-03 2.946319e-01 1.851876e-02
3.272474e-02 8.929783e-01 1.282597e-01 1.251631e-01 3.300492e-02 -4.027880e-01 8.291041e-02 1.745847e-01 1.535145e-02 -2.603421e-03 1.044855e-02 4.701188e-01 7.242152e-02
3.666383e-02 9.194065e-01 1.251365e-01 1.538961e-01 3.517348e-02 -3.292692e-01 6.992405e-02 1.780425e-01 3.156249e-02 -4.203037e-02 2.004485e-02 4.500043e-01 4.106761e-02
2.575559e-02 7.860977e-01 6.676051e-02 1.552918e-01 8.349984e-03 -3.346428e-01 3.376313e-02 1.333837e-01 1.595208e-02 -1.216897e-02 1.625930e-02 3.465570e-01 4.202830e-02
2.605859e-02 7.430848e-01 4.664656e-02 1.043059e-01 2.956589e-02 -2.442400e-01 2.990317e-02 1.181105e-01 1.164503e-02 2.147608e-02 8.676204e-03 2.931834e-01 1.874108e-02
2.696761e-02 6.836381e-01 2.635495e-02 1.072682e-01 2.496013e-02 -2.258419e-01 6.157133e-02 1.213210e-01 1.261739e-02 1.978021e-02 1.434407e-02 2.996175e-01 3.670230e-02
2.848265e-02 1.060741e+00 1.826122e-01 1.365894e-01 2.925802e-02 -4.183067e-01 7.607559e-02 1.658279e-01 1.217531e-02 1.697784e-03 1.393401e-02 4.318334e-01 3.579537e-02
3.060370e-02 8.185145e-01 6.607638e-02 1.564918e-01 1.282430e-02 -2.901515e-01 5.071029e-02 1.710504e-01 3.315167e-03 1.821337e-03 9.264083e-03 3.789800e-01 4.441539e-02
3.333076e-02 8.060421e-01 7.292433e-02 1.240123e-01 1.907327e-02 -3.198838e-01 4.146087e-02 1.715085e-01 2.143356e-02 -3.923013e-03 3.059888e-02 3.919903e-01 3.613160e-02
3.666383e-02 7.801248e-01 6.119952e-02 1.106350e-01 1.417625e-02 -2.890649e-01 3.689650e-02 1.678162e-01 1.233960e-02 1.838709e-03 9.712067e-03 4.086773e-01 4.095038e-02
4.060292e-02 1.074417e+00 1.265332e-01 1.596604e-01 3.778657e-02 -3.981089e-01 6.336814e-02 2.485562e-01 2.477928e-02 -6.491638e-02 1.177035e-02 5.561988e-01 5.607256e-02
1.484734e-02 7.688929e-01 9.342154e-02 8.561778e-02 2.280049e-02 -3.196981e-01 5.175820e-02 9.214819e-02 1.743220e-02 3.288672e-02 8.948398e-03 2.663405e-01 3.498559e-02
1.515034e-02 6.546431e-01 1.377919e-01 9.131136e-02 2.664058e-02 -2.431069e-01 5.637521e-02 8.613122e-02 1.032874e-02 2.279029e-02 1.511275e-02 2.148077e-01 2.197035e-02
1.605936e-02 9.419964e-01 1.560129e-01 1.529108e-01 3.147203e-02 -3.717551e-01 5.595281e-02 9.973655e-02 9.221774e-03 2.591637e-03 1.957152e-02 3.125399e-01 1.849989e-02
1.757440e-02 8.736560e-01 1.015858e-01 1.623551e-01 4.375377e-02 -3.084575e-01 2.951489e-02 1.144494e-01 1.716725e-02 6.364548e-03 8.833986e-03 2.712234e-01 9.934488e-03
1.969545e-02 7.105039e-01 8.351904e-02 9.244521e-02 1.741404e-02 -3.225347e-01 4.963312e-02 8.417442e-02 5.417902e-03 4.799192e-03 8.595256e-03 3.007804e-01 3.818794e-02
2.242251e-02 9.044134e-01 1.145984e-01 1.356850e-01 3.890560e-02 -3.175870e-01 4.522997e-02 1.073932e-01 1.180013e-02 5.067781e-03 1.549610e-02 2.936661e-01 1.127570e-02
2.575559e-02 8.953137e-01 9.409244e-02 1.317002e-01 9.755361e-03 -3.246049e-01 4.696323e-02 1.036263e-01 9.165874e-03 2.612212e-04 9.495811e-03 3.395529e-01 3.127143e-02
2.969467e-02 7.937988e-01 7.962852e-02 1.604985e-01 1.496468e-02 -2.846196e-01 5.637160e-02 1.358214e-01 6.673769e-03 -1.150078e-02 1.687426e-02 3.301170e-01 2.865674e-02
1.515034e-02 9.335739e-01 8.143311e-02 1.503834e-01 2.038262e-02 -3.226858e-01 4.145953e-02 9.352096e-02 6.436153e-03 6.334802e-03 8.127733e-03 2.526634e-01 2.096080e-02
1.545335e-02 9.011019e-01 1.294664e-01 1.599363e-01 2.455222e-02 -3.431356e-01 6.703789e-02 9.550840e-02 5.459746e-03 -3.464907e-03 1.908262e-02 2.633692e-01 3.015396e-02
1.636237e-02 8.245866e-01 1.284608e-01 1.179830e-01 2.734973e-02 -2.981163e-01 4.690776e-02 9.100368e-02 5.729508e-03 8.772478e-03 8.314239e-03 2.456092e-01 1.819165e-02
1.787741e-02 7.910855e-01 1.340326e-01 1.481932e-01 2.959774e-02 -2.737282e-01 7.853265e-02 1.005459e-01 5.909084e-03 -3.503443e-03 1.693905e-02 2.371713e-01 3.174892e-02
1.999845e-02 9.683105e-01 1.728286e-01 1.572166e-01 3.335917e-02 -3.323354e-01 6.811998e-02 1.092710e-01 7.114754e-03 -2.915778e-03 1.943113e-02 2.692423e-01 1.738251e-02
2.272552e-02 9.367074e-01 1.115541e-01 1.489445e-01 1.487027e-02 -3.531691e-01 3.809210e-02 1.156922e-01 6.669254e-03 -9.757369e-03 1.681336e-02 3.181685e-01 2.203665e-02
2.605859e-02 1.000144e+00 9.316343e-02 1.448190e-01 3.568712e-02 -3.703259e-01 3.387603e-02 1.158339e-01 2.076567e-02 -9.202090e-03 1.477377e-02 3.424603e-01 2.738168e-02
2.999768e-02 8.357512e-01 9.356215e-02 1.477069e-01 1.082818e-02 -2.751509e-01 3.160008e-02 1.411407e-01 1.143887e-02 -1.997495e-02 1.030146e-02 3.067004e-01 8.386951e-03
1.605936e-02 8.193494e-01 6.994169e-02 1.075249e-01 2.399300e-02 -2.960750e-01 2.504166e-02 9.730657e-02 4.890891e-03 2.943275e-02 9.545835e-03 2.404689e-01 2.449655e-02
1.636237e-02 7.076047e-01 9.041658e-02 1.135727e-01 2.003000e-02 -2.425948e-01 3.171423e-02 9.856833e-02 8.236894e-03 2.927908e-02 8.915706e-03 2.266308e-01 1.833841e-02
1.727139e-02 7.778314e-01 6.781169e-02 1.140132e-01 2.279170e-02 -3.037680e-01 3.153108e-02 8.413038e-02 7.131357e-03 5.134452e-03 1.033725e-02 2.338400e-01 2.140452e-02
1.878643e-02 1.097413e+00 1.113954e-01 1.286428e-01 1.246794e-02 -4.399079e-01 6.112041e-02 8.739698e-02 3.194633e-03 -6.113346e-03 9.112469e-03 3.146960e-01 3.923676e-02
2.090748e-02 9.149334e-01 1.446040e-01 1.606122e-01 2.804549e-02 -3.203814e-01 5.194062e-02 1.082474e-01 1.399357e-02 -9.448534e-03 7.095588e-03 2.733909e-01 3.217329e-02
2.363454e-02 8.527437e-01 7.993953e-02 1.188903e-01 1.255053e-02 -3.070889e-01 6.748217e-02 1.038412e-01 1.251356e-02 5.140925e-03 7.941329e-03 2.934179e-01 4.612317e-02
2.696761e-02 9.010412e-01 1.073105e-01 1.072815e-01 3.330986e-02 -4.233635e-01 4.461886e-02 1.186531e-01 6.469652e-03 1.758673e-02 1.116043e-02 4.616783e-01 3.236282e-02
3.090670e-02 8.656083e-01 1.278460e-01 1.544315e-01 2.041425e-02 -3.541768e-01 7.352951e-02 1.537710e-01 7.661095e-03 -1.875507e-02 1.044916e-02 4.285293e-01 4.792658e-02
1.757440e-02 7.706410e-01 9.012543e-02 1.071841e-01 2.022060e-02 -2.703306e-01 3.815018e-02 9.659697e-02 3.314049e-03 2.196160e-02 7.943591e-03 2.395226e-01 2.315523e-02
1.787741e-02 1.034101e+00 1.909462e-01 1.519449e-01 3.499888e-02 -3.679189e-01 6.233341e-02 9.854941e-02 1.299901e-02 1.721534e-03 1.806081e-02 2.830790e-01 2.260104e-02
1.878643e-02 7.967725e-01 3.048072e-02 7.189220e-02 2.154035e-02 -3.526716e-01 1.627778e-02 8.652729e-02 6.031140e-03 2.398232e-02 1.169408e-02 2.989587e-01 2.396151e-02
2.030146e-02 8.717254e-01 9.539706e-02 1.474512e-01 2.416451e-02 -2.984286e-01 4.690433e-02 9.412736e-02 5.152764e-03 -9.316651e-03 1.222560e-02 2.464113e-01 3.254230e-02
2.242251e-02 7.386055e-01 1.639404e-01 1.045089e-01 2.498013e-02 -2.602555e-01 6.992601e-02 1.114895e-01 1.431394e-02 1.903421e-02 6.854350e-03 2.693592e-01 3.911847e-02
2.514957e-02 9.198332e-01 9.493956e-02 1.667266e-01 8.517270e-03 -2.838969e-01 4.765008e-02 1.156323e-01 1.066997e-02 -1.040335e-02 1.440288e-02 2.628244e-01 3.518930e-02
2.848265e-02 6.685501e-01 5.152445e-02 1.073537e-01 1.594351e-02 -2.240881e-01 3.152817e-02 1.448788e-01 1.198954e-02 6.655554e-03 1.592061e-02 2.793147e-01 2.254667e-02
3.242174e-02 7.797648e-01 7.432217e-02 1.323414e-01 3.203379e-02 -3.039280e-01 5.179808e-02 1.477634e-01 1.141538e-02 -2.431835e-03 2.548759e-02 4.264926e-01 2.708492e-02
1.969545e-02 9.618031e-01 8.422637e-02 1.619786e-01 1.553126e-02 -3.160556e-01 4.227542e-02 1.126563e-01 5.881008e-03 1.317189e-03 1.168686e-02 2.584380e-01 3.679683e-02
1.999845e-02 9.370337e-01 1.442833e-01 1.493487e-01 2.569120e-02 -3.238380e-01 5.613941e-02 1.056133e-01 1.139888e-02 1.338850e-02 9.381215e-03 3.012627e-01 2.695756e-02
2.090748e-02 1.138388e+00 1.599073e-01 1.700816e-01 2.668970e-02 -4.205183e-01 6.540384e-02 1.009077e-01 7.848587e-03 -9.977672e-03 1.725002e-02 3.421310e-01 2.363222e-02
2.242251e-02 7.402217e-01 5.798758e-02 1.067856e-01 1.122273e-02 -2.555440e-01 3.542544e-02 1.009684e-01 7.838965e-03 2.618417e-02 8.693391e-03 2.717497e-01 3.163656e-02
2.454356e-02 8.692521e-01 1.802150e-01 1.463147e-01 1.832195e-02 -3.281972e-01 8.090875e-02 1.048132e-01 1.211315e-02 -1.421456e-02 1.563690e-02 3.227375e-01 3.000409e-02
2.727062e-02 9.581478e-01 1.543593e-01 1.615733e-01 5.609521e-02 -3.992095e-01 8.039747e-02 1.222927e-01 1.806585e-02 -2.085648e-03 2.412442e-02 4.126973e-01 3.224825e-02
3.060370e-02 9.781967e-01 7.757728e-02 1.405656e-01 1.813193e-02 -3.825848e-01 4.860229e-02 1.420744e-01 1.144595e-02 -3.292921e-03 1.655771e-02 4.114841e-01 3.349303e-02
3.454278e-02 9.861863e-01 1.701281e-01 1.211077e-01 8.356657e-03 -3.967865e-01 6.444508e-02 1.742184e-01 1.687189e-02 -1.435256e-02 2.467965e-02 4.479456e-01 4.686928e-02
2.242251e-02 8.121223e-01 1.150494e-01 1.223924e-01 2.657934e-02 -3.165482e-01 3.857752e-02 1.001713e-01 8.037392e-03 7.653114e-03 5.620950e-03 3.012670e-01 3.218359e-02
2.272552e-02 1.012012e+00 9.167232e-02 1.438036e-01 2.113732e-02 -3.747618e-01 4.414786e-02 9.990289e-02 4.193636e-03 -3.274192e-03 1.328409e-02 3.539877e-01 1.316750e-02
2.363454e-02 1.051781e+00 8.280227e-02 1.442563e-01 3.680028e-02 -3.588843e-01 3.847411e-02 1.115200e-01 1.283442e-02 -2.984734e-03 1.422050e-02 2.975912e-01 3.203444e-02
2.514957e-02 9.683421e-01 1.899109e-01 1.508484e-01 4.282628e-02 -3.885240e-01 7.414790e-02 1.332920e-01 1.019122e-02 -1.839451e-02 1.549072e-02 3.417166e-01 4.419144e-02
2.727062e-02 9.296061e-01 3.496382e-02 1.302412e-01 1.062661e-02 -3.428298e-01 3.900035e-02 1.235135e-01 6.518841e-03 -5.336193e-03 6.384795e-03 3.634028e-01 2.740866e-02
2.999768e-02 6.739110e-01 5.688915e-02 1.120426e-01 2.070426e-02 -2.112486e-01 5.045913e-02 1.367258e-01 2.319133e-02 5.170311e-03 1.030496e-02 3.113819e-01 2.575946e-02
3.333076e-02 7.862891e-01 8.155929e-02 7.363188e-02 1.989780e-02 -2.720719e-01 5.539799e-02 1.447543e-01 2.129930e-02 5.248895e-03 2.118218e-02 3.908533e-01 5.380194e-02
3.726985e-02 8.107487e-01 4.679220e-02 1.124012e-01 1.388438e-02 -3.034859e-01 5.316817e-02 1.957581e-01 2.883724e-02 -1.360398e-02 1.177990e-02 4.851549e-01 5.919518e-02
2.575559e-02 9.051266e-01 1.843473e-01 1.478857e-01 3.227724e-02 -3.061134e-01 6.902939e-02 1.329397e-01 5.159781e-03 -1.359476e-02 1.398414e-02 3.101021e-01 2.394939e-02
2.605859e-02 8.115049e-01 6.459694e-02 1.213211e-01 3.295150e-02 -2.917035e-01 1.977495e-02 1.391128e-01 1.097705e-02 3.504192e-02 1.141189e-02 3.350797e-01 1.928278e-02
2.696761e-02 7.873962e-01 7.127595e-02 1.023809e-01 2.323358e-02 -3.021028e-01 2.911188e-02 1.044668e-01 1.811169e-02 1.802542e-02 1.104221e-02 3.684028e-01 3.470254e-02
2.848265e-02 8.590296e-01 1.080914e-01 1.805126e-01 5.152425e-02 -2.638679e-01 3.178443e-02 1.695169e-01 2.802044e-02 1.854586e-02 1.634391e-02 3.570329e-01 3.592152e-02
3.060370e-02 7.847973e-01 5.570201e-02 1.134534e-01 8.434465e-03 -3.050671e-01 4.144399e-02 1.554375e-01 1.069544e-02 1.212083e-02 8.358948e-03 3.644155e-01 2.447050e-02
3.333076e-02 7.350040e-01 7.768414e-02 1.394823e-01 2.985027e-02 -2.713340e-01 4.619359e-02 1.693906e-01 1.859074e-02 -1.627460e-02 1.841901e-02 4.483098e-01 5.956134e-02
3.666383e-02 8.865244e-01 8.646354e-02 1.820260e-01 4.211835e-02 -3.376817e-01 3.075050e-02 2.399543e-01 1.823033e-02 -3.666256e-02 1.527747e-02 4.205713e-01 4.140469e-02
4.060292e-02 9.427725e-01 6.345694e-02 1.313279e-01 4.013985e-02 -3.973665e-01 6.259153e-02 2.109991e-01 1.692363e-02 -2.541993e-02 4.386863e-02 5.156337e-01 3.556505e-02
2.969467e-02 8.568010e-01 1.007394e-01 1.456717e-01 2.439085e-02 -2.537109e-01 1.758442e-02 1.545891e-01 9.182208e-03 -4.816515e-03 1.488837e-02 3.014507e-01 1.936091e-02
2.999768e-02 9.759960e-01 5.741874e-02 1.540076e-01 2.384668e-02 -3.290109e-01 1.146921e-02 1.474976e-01 1.594493e-02 -1.357064e-02 8.376088e-03 3.371881e-01 1.128967e-02
3.090670e-02 8.190003e-01 9.155307e-02 1.284621e-01 4.537834e-02 -2.947241e-01 5.408264e-02 1.271769e-01 1.404434e-02 -8.303323e-03 2.694127e-02 3.537486e-01 2.911742e-02
3.242174e-02 8.280441e-01 7.566201e-02 1.771515e-01 2.508466e-02 -3.052592e-01 2.631183e-02 1.843064e-01 6.086533e-03 -3.599708e-02 1.437100e-02 3.468874e-01 3.545206e-02
3.454278e-02 8.044797e-01 1.125602e-01 1.521275e-01 2.914190e-02 -3.105023e-01 5.971908e-02 1.592746e-01 1.809702e-02 -2.253066e-02 1.958830e-02 4.205536e-01 3.771162e-02
3.726985e-02 8.282294e-01 9.372914e-02 1.365539e-01 3.732294e-02 -3.146278e-01 5.637455e-02 2.109945e-01 1.520244e-02 -3.272278e-02 1.386451e-02 4.453769e-01 6.328116e-02
4.060292e-02 9.411222e-01 8.645322e-02 1.319944e-01 1.678537e-02 -3.868398e-01 4.497688e-02 2.238212e-01 1.056798e-02 -3.965855e-02 1.499235e-02 5.056297e-01 3.648261e-02
4.454201e-02 8.895531e-01 9.185138e-02 1.640359e-01 4.012477e-02 -3.543919e-01 8.320806e-02 3.227168e-01 2.097733e-02 -1.041400e-01 2.403602e-02 6.556775e-01 7.082044e-02
