# k^2  LiLi LiLi_error  LiCl LiCl_error  LiNa LiNa_error  ClCl ClCl_error  ClNa ClNa_error  NaNa NaNa_error
0.000000e+00 8.000000e+02 0.000000e+00 1.600000e+03 0.000000e+00 1.385641e+03 0.000000e+00 3.200000e+03 0.000000e+00 2.771281e+03 0.000000e+00 2.400000e+03 0.000000e+00
3.031309e-04 5.869119e-01 1.123829e-01 5.958839e-02 3.132472e-02 -2.712290e-01 4.011404e-02 5.275446e-02 6.846918e-03 2.722447e-02 1.335274e-02 1.907985e-01 2.524372e-02
1.212523e-03 1.005923e+00 2.959589e-01 1.388968e-01 4.432283e-02 -4.199596e-01 1.246632e-01 7.832923e-02 7.629754e-03 1.002266e-02 2.325330e-02 2.596384e-01 4.919994e-02
2.728178e-03 7.973307e-01 1.921694e-01 1.083337e-01 3.412226e-02 -3.345190e-01 7.451942e-02 6.989871e-02 1.175614e-02 1.867850e-02 1.112546e-02 2.273666e-01 3.518636e-02
4.850094e-03 4.504201e-01 7.018782e-02 5.623294e-02 4.222262e-03 -1.774397e-01 3.511771e-02 5.035798e-02 3.587915e-03 2.682191e-02 6.582441e-03 1.480247e-01 1.405899e-02
7.578272e-03 8.824888e-01 1.431251e-01 1.063300e-01 1.814995e-02 -3.578640e-01 5.403775e-02 7.077045e-02 4.963206e-03 1.489503e-02 9.009685e-03 2.395321e-01 2.461236e-02
1.091271e-02 8.364847e-01 1.292843e-01 9.520818e-02 3.292747e-02 -3.229304e-01 4.722772e-02 6.475257e-02 6.399642e-03 1.222466e-02 1.673114e-02 2.245901e-01 1.259361e-02
1.485341e-02 7.997769e-01 6.045476e-02 1.192930e-01 2.294297e-02 -2.622047e-01 2.254281e-02 9.176342e-02 1.203040e-02 1.961013e-02 1.096830e-02 2.245598e-01 8.976508e-03
3.031309e-04 4.041887e-01 4.693285e-02 6.292862e-02 1.641041e-02 -1.586979e-01 3.420640e-02 5.555076e-02 8.273898e-03 2.790874e-02 9.154955e-03 1.240842e-01 1.869663e-02
6.062617e-04 2.789454e+00 4.243995e-01 2.759056e-01 4.725440e-02 -1.291079e+00 1.957005e-01 8.069611e-02 9.837269e-03 -6.593102e-02 2.364077e-02 6.716252e-01 8.543117e-02
1.515654e-03 6.423043e-01 2.162574e-01 1.096310e-01 3.159182e-02 -2.425913e-01 9.956500e-02 6.896505e-02 6.505815e-03 1.441777e-02 1.461895e-02 1.605749e-01 4.588091e-02
3.031309e-03 6.433693e-01 1.100435e-01 1.049100e-01 2.633641e-02 -2.436656e-01 4.506258e-02 7.074745e-02 7.769273e-03 1.635640e-02 1.125511e-02 1.644100e-01 2.578738e-02
5.153225e-03 8.648951e-01 1.188863e-01 9.562037e-02 2.626928e-02 -3.790073e-01 4.686313e-02 6.410136e-02 8.407139e-03 1.481160e-02 6.969072e-03 2.517975e-01 2.898395e-02
7.881403e-03 6.969993e-01 1.792239e-01 1.238937e-01 4.120673e-02 -2.534215e-01 6.808711e-02 8.533020e-02 3.381601e-03 1.994367e-02 2.191266e-02 2.014997e-01 2.674275e-02
1.121584e-02 7.808004e-01 1.628399e-01 9.959060e-02 2.518246e-02 -3.114094e-01 7.400731e-02 7.410409e-02 4.216060e-03 2.290281e-02 1.584383e-02 2.510366e-01 3.811922e-02
1.515654e-02 8.586487e-01 9.355445e-02 1.397980e-01 2.585057e-02 -2.862697e-01 4.739391e-02 9.322471e-02 6.115842e-03 1.440485e-02 1.383433e-02 2.269537e-01 1.958308e-02
1.212523e-03 6.342568e-01 2.028809e-01 1.203892e-01 1.280625e-02 -2.278957e-01 1.096481e-01 7.308758e-02 1.096070e-02 1.559318e-02 1.313517e-02 1.559276e-01 5.463629e-02
1.515654e-03 5.922401e-01 1.083873e-01 8.019008e-02 1.538270e-02 -2.458149e-01 4.498502e-02 6.544491e-02 5.387745e-03 2.607314e-02 9.513414e-03 1.724444e-01 1.394360e-02
2.425047e-03 5.042968e-01 8.430144e-02 6.436540e-02 9.564185e-03 -2.174402e-01 5.739922e-02 6.888056e-02 4.644160e-03 3.914065e-02 4.932040e-03 1.756406e-01 3.467854e-02
3.940701e-03 8.648145e-01 1.639749e-01 1.339561e-01 1.520496e-02 -3.251053e-01 8.424593e-02 6.218326e-02 4.564795e-03 -3.875768e-03 1.078967e-02 1.906677e-01 3.645779e-02
6.062617e-03 1.173264e+00 1.022464e-01 1.462221e-01 1.936236e-02 -5.120998e-01 6.134418e-02 7.356596e-02 5.141775e-03 -2.096154e-03 6.808843e-03 3.171251e-01 3.788858e-02
8.790795e-03 8.348704e-01 1.800977e-01 1.286054e-01 2.558098e-02 -3.195897e-01 8.752163e-02 7.657144e-02 4.522372e-03 1.144492e-02 1.164109e-02 2.298776e-01 4.030577e-02
1.212523e-02 8.942915e-01 1.497467e-01 1.439497e-01 3.880948e-02 -3.286852e-01 4.953529e-02 8.779783e-02 1.145151e-02 4.370784e-04 1.634309e-02 2.352538e-01 1.385070e-02
1.606594e-02 7.918687e-01 8.963340e-02 9.537402e-02 2.390724e-02 -3.100546e-01 3.411891e-02 9.065182e-02 1.653547e-03 2.433366e-02 1.404029e-02 2.518273e-01 1.118629e-02
2.728178e-03 1.273216e+00 3.511069e-01 1.672664e-01 3.594660e-02 -5.336158e-01 1.644045e-01 7.334578e-02 1.117519e-02 -1.175435e-02 1.858878e-02 3.015914e-01 7.494531e-02
3.031309e-03 6.206885e-01 6.438180e-02 1.051960e-01 1.393683e-02 -2.279958e-01 4.306652e-02 6.601917e-02 7.183579e-03 1.209238e-02 7.782419e-03 1.512245e-01 2.224653e-02
3.940701e-03 8.345404e-01 1.634127e-01 1.370139e-01 2.345145e-02 -3.206158e-01 7.377843e-02 7.372149e-02 7.935120e-03 4.064399e-03 8.063135e-03 2.030744e-01 3.402358e-02
5.456356e-03 4.999408e-01 1.449506e-01 7.538529e-02 1.093203e-02 -1.770574e-01 7.810926e-02 5.813458e-02 2.114140e-03 2.511767e-02 6.823157e-03 1.491576e-01 3.493892e-02
7.578272e-03 7.412121e-01 9.096566e-02 1.095854e-01 2.759836e-02 -2.806602e-01 3.554370e-02 8.976768e-02 1.418627e-02 2.878006e-02 3.067374e-03 2.102943e-01 2.200981e-02
1.030645e-02 7.549306e-01 1.492376e-01 9.889237e-02 2.636959e-02 -2.937846e-01 5.398324e-02 7.489772e-02 5.357610e-03 2.281527e-02 1.106968e-02 2.266838e-01 2.456601e-02
1.364089e-02 8.597829e-01 2.486261e-01 1.354462e-01 4.776357e-02 -3.149199e-01 9.446941e-02 9.356643e-02 1.010140e-02 9.181737e-03 1.572476e-02 2.339153e-01 3.911741e-02
1.758159e-02 9.094489e-01 7.561477e-02 1.088153e-01 2.922743e-02 -3.852191e-01 2.769998e-02 8.185548e-02 1.194670e-02 1.573783e-03 9.299530e-03 3.189928e-01 2.250746e-02
4.850094e-03 8.679922e-01 1.081569e-01 9.291278e-02 1.606240e-02 -3.886059e-01 4.168234e-02 6.460317e-02 5.986140e-03 1.830931e-02 5.124731e-03 2.645467e-01 1.925626e-02
5.153225e-03 1.297544e+00 4.095283e-01 1.518656e-01 5.877211e-02 -5.517664e-01 1.608505e-01 6.499780e-02 1.278243e-02 -1.394961e-02 2.087400e-02 3.107147e-01 6.414471e-02
6.062617e-03 8.221811e-01 1.996729e-01 7.997277e-02 1.615355e-02 -3.768335e-01 8.938605e-02 6.659249e-02 7.145890e-03 2.691335e-02 3.916165e-03 2.717660e-01 4.478411e-02
7.578272e-03 7.880033e-01 9.859385e-02 7.723501e-02 1.788748e-02 -3.460108e-01 3.823781e-02 6.031649e-02 8.474393e-03 2.238321e-02 8.486959e-03 2.471201e-01 1.852886e-02
9.700188e-03 5.529714e-01 6.816390e-02 8.638022e-02 2.023578e-02 -2.184664e-01 3.706240e-02 6.905733e-02 7.425372e-03 1.931741e-02 7.782489e-03 1.947655e-01 2.080743e-02
1.242837e-02 8.508585e-01 1.042334e-01 1.644050e-01 1.275250e-02 -2.729515e-01 4.114420e-02 8.817024e-02 4.808484e-03 -6.661416e-03 4.553119e-03 1.954768e-01 2.427151e-02
1.576281e-02 7.261623e-01 9.084274e-02 1.085661e-01 2.431513e-02 -2.776452e-01 3.189458e-02 9.535944e-02 1.354839e-02 2.448070e-02 1.289162e-02 2.423346e-01 2.665598e-02
1.970351e-02 8.461220e-01 9.217496e-02 1.196993e-01 2.010023e-02 -3.073220e-01 5.270240e-02 9.702960e-02 6.088149e-03 8.944770e-03 1.356327e-02 2.566671e-01 4.263179e-02
7.578272e-03 9.282323e-01 1.936307e-01 1.375924e-01 2.986309e-02 -3.912907e-01 9.560902e-02 8.339471e-02 1.195460e-02 8.718368e-03 1.423472e-02 2.640259e-01 4.162932e-02
7.881403e-03 1.221996e+00 2.176380e-01 1.574150e-01 2.228393e-02 -5.101503e-01 1.106460e-01 8.139532e-02 8.011176e-03 -8.498125e-03 6.938686e-03 3.023956e-01 5.273369e-02
8.790795e-03 7.190448e-01 8.585314e-02 9.152390e-02 1.694780e-02 -2.758025e-01 3.291999e-02 7.047654e-02 6.213721e-03 2.668300e-02 6.821483e-03 2.102662e-01 2.228622e-02
1.030645e-02 9.260956e-01 1.196227e-01 1.219790e-01 2.360828e-02 -3.767421e-01 4.996791e-02 7.446387e-02 9.164975e-03 4.998823e-03 9.597830e-03 2.570923e-01 2.227734e-02
1.242837e-02 8.501355e-01 1.009071e-01 1.279788e-01 1.935128e-02 -3.334711e-01 3.992645e-02 8.028736e-02 4.980601e-03 8.889953e-03 1.089309e-02 2.502630e-01 1.945773e-02
1.515654e-02 1.120671e+00 1.661861e-01 1.396103e-01 1.317282e-02 -4.675572e-01 9.473510e-02 8.996021e-02 4.716963e-03 -1.010914e-03 9.486701e-03 3.234973e-01 5.294169e-02
1.849098e-02 9.453486e-01 1.225054e-01 1.386345e-01 3.863523e-02 -3.750294e-01 5.772488e-02 9.274965e-02 1.260506e-02 1.041312e-02 9.531504e-03 3.304493e-01 4.099518e-02
2.243168e-02 6.728778e-01 1.059568e-01 9.441591e-02 1.948546e-02 -2.508527e-01 3.337418e-02 9.654792e-02 1.168215e-02 1.422588e-02 1.022513e-02 2.650154e-01 1.169855e-02
1.091271e-02 8.547111e-01 6.001156e-02 8.581443e-02 8.228469e-03 -3.625334e-01 3.918820e-02 6.620534e-02 3.710800e-03 1.495748e-02 4.570978e-03 2.644547e-01 2.392660e-02
1.121584e-02 8.085492e-01 1.762501e-01 1.247263e-01 3.227844e-02 -2.973520e-01 7.217465e-02 7.713841e-02 8.654521e-03 4.887242e-03 1.282521e-02 2.123070e-01 3.786060e-02
1.212523e-02 9.434032e-01 5.416055e-02 1.391197e-01 2.765599e-02 -3.694627e-01 3.388173e-02 8.124300e-02 5.830379e-03 4.128902e-03 1.128080e-02 2.665733e-01 3.019646e-02
1.364089e-02 7.911615e-01 1.490117e-01 1.010246e-01 2.609422e-02 -3.291633e-01 5.328424e-02 7.642538e-02 6.478233e-03 1.811174e-02 1.831919e-02 2.790955e-01 2.165733e-02
1.576281e-02 7.674793e-01 4.682729e-02 1.041558e-01 2.331580e-02 -2.974169e-01 5.105520e-02 7.495938e-02 4.175317e-03 1.033034e-02 6.575400e-03 2.366384e-01 3.649742e-02
1.849098e-02 1.133860e+00 2.647116e-01 2.061751e-01 5.718941e-02 -4.045284e-01 8.144536e-02 1.187443e-01 1.068012e-02 -2.609342e-02 2.372026e-02 2.819044e-01 2.529341e-02
2.182542e-02 8.023817e-01 1.400474e-01 1.322216e-01 3.616159e-02 -2.844389e-01 3.160661e-02 1.154794e-01 8.801183e-03 1.204009e-02 1.440584e-02 2.719727e-01 1.451781e-02
2.576612e-02 7.144074e-01 6.066185e-02 1.302667e-01 3.181395e-02 -2.796129e-01 2.389313e-02 1.580546e-01 1.524134e-02 1.103752e-03 1.279597e-02 3.107902e-01 1.471579e-02
1.485341e-02 8.252821e-01 1.045034e-01 1.000758e-01 2.684113e-02 -3.300899e-01 3.516688e-02 8.965171e-02 8.099235e-03 2.066751e-02 1.250990e-02 2.515168e-01 2.391201e-02
1.515654e-02 9.691715e-01 1.492233e-01 1.325377e-01 1.603573e-02 -3.636900e-01 8.500986e-02 9.281235e-02 8.201999e-03 1.267036e-02 5.806560e-03 2.606507e-01 5.003777e-02
1.606594e-02 1.077066e+00 9.143983e-02 1.598742e-01 1.206454e-02 -4.069497e-01 4.494320e-02 9.212453e-02 6.443388e-03 -9.034832e-03 5.546923e-03 2.781422e-01 2.407802e-02
1.758159e-02 1.006130e+00 1.290540e-01 1.460063e-01 1.882724e-02 -3.914029e-01 4.250605e-02 8.934080e-02 5.022589e-03 -1.169377e-02 1.080700e-02 2.695957e-01 1.299209e-02
1.970351e-02 8.791109e-01 1.486369e-01 1.177056e-01 3.192727e-02 -3.572988e-01 8.756747e-02 1.001286e-01 5.880813e-03 2.230920e-02 1.649846e-02 3.284306e-01 6.258925e-02
2.243168e-02 1.078292e+00 1.708353e-01 1.858814e-01 4.568949e-02 -3.879216e-01 5.953653e-02 1.178793e-01 1.596136e-02 -1.422388e-02 1.830461e-02 3.315649e-01 3.123610e-02
2.576612e-02 9.278995e-01 1.468706e-01 1.548618e-01 3.305141e-02 -3.263643e-01 5.773060e-02 1.320793e-01 1.238081e-02 -1.408792e-02 2.245573e-02 3.090231e-01 2.221547e-02
2.970682e-02 6.958969e-01 6.882272e-02 1.261059e-01 3.085909e-02 -2.592178e-01 1.534709e-02 1.436723e-01 8.142171e-03 -9.182563e-03 1.757245e-02 3.396136e-01 1.525002e-02
3.031309e-04 1.071926e+00 2.079989e-01 1.480825e-01 1.795263e-02 -4.485702e-01 1.081893e-01 7.511782e-02 6.876605e-03 2.421100e-03 1.222954e-02 2.649413e-01 5.529221e-02
6.062617e-04 6.454489e-01 1.779603e-01 8.666240e-02 5.624748e-02 -2.741396e-01 6.307502e-02 6.742749e-02 1.315147e-02 2.791981e-02 1.643135e-02 1.942122e-01 3.636297e-02
1.515654e-03 3.926748e-01 7.855573e-02 3.353328e-02 8.725148e-03 -1.877969e-01 3.891176e-02 5.049257e-02 5.568951e-03 3.851360e-02 6.919779e-03 1.582322e-01 2.250283e-02
3.031309e-03 8.602581e-01 1.407469e-01 9.703653e-02 1.077291e-02 -3.717048e-01 7.213073e-02 6.981341e-02 4.035922e-03 2.494545e-02 6.831687e-03 2.490489e-01 3.417808e-02
5.153225e-03 6.586329e-01 8.102918e-02 8.136705e-02 1.425682e-02 -2.835879e-01 2.621863e-02 5.791178e-02 4.449891e-03 1.479513e-02 9.138248e-03 1.982261e-01 9.474142e-03
7.881403e-03 7.310348e-01 7.720684e-02 1.204557e-01 1.033622e-02 -2.578957e-01 4.146944e-02 6.577932e-02 4.881120e-03 3.729636e-03 9.805812e-03 1.740523e-01 1.678006e-02
1.121584e-02 9.637938e-01 1.425176e-01 1.484939e-01 1.667317e-02 -3.662523e-01 6.469000e-02 8.101725e-02 6.126386e-03 -6.104889e-03 1.216622e-02 2.371831e-01 3.102231e-02
1.515654e-02 1.000804e+00 1.982100e-01 1.431716e-01 3.628050e-02 -3.678908e-01 8.042630e-02 8.200353e-02 4.546547e-03 -2.167956e-03 2.071261e-02 2.665873e-01 2.453874e-02
6.062617e-04 4.922841e-01 5.148273e-02 3.785792e-02 8.413150e-03 -2.397201e-01 3.412155e-02 5.434555e-02 6.673061e-03 4.059487e-02 8.033308e-03 1.872563e-01 1.998331e-02
9.093926e-04 1.044883e+00 4.020280e-01 1.647761e-01 6.879317e-02 -4.068879e-01 1.503393e-01 7.484151e-02 1.131948e-02 -7.677407e-03 2.875763e-02 2.274281e-01 5.286940e-02
1.818785e-03 5.362830e-01 1.153439e-01 6.572937e-02 1.995827e-02 -2.357453e-01 6.671633e-02 6.252135e-02 5.169923e-03 3.256315e-02 6.639333e-03 1.805795e-01 3.893743e-02
3.334440e-03 5.565892e-01 6.691014e-02 9.189644e-02 1.771925e-02 -2.026923e-01 2.088798e-02 7.209077e-02 4.429950e-03 3.384034e-02 1.345280e-02 1.692130e-01 1.136612e-02
5.456356e-03 6.109256e-01 6.756239e-02 5.862128e-02 1.955372e-02 -2.724128e-01 2.347889e-02 6.339184e-02 5.752234e-03 3.002743e-02 8.298777e-03 2.012320e-01 9.700781e-03
8.184533e-03 7.662394e-01 1.212873e-01 9.227954e-02 2.175441e-02 -3.012824e-01 7.650275e-02 7.094874e-02 8.296796e-03 2.459073e-02 1.549959e-02 2.213394e-01 5.920006e-02
1.151897e-02 1.102191e+00 1.006266e-01 2.018495e-01 1.102893e-02 -4.285611e-01 5.759888e-02 9.809472e-02 6.257753e-03 -1.779575e-02 1.078400e-02 2.883653e-01 3.904622e-02
1.545967e-02 1.013116e+00 1.483721e-01 1.137992e-01 2.311884e-02 -4.590444e-01 8.275225e-02 8.196237e-02 1.100907e-02 1.660237e-03 1.144455e-02 3.312809e-01 3.458489e-02
1.515654e-03 6.512998e-01 2.665842e-01 6.385106e-02 1.424437e-02 -2.941345e-01 1.396972e-01 5.597407e-02 2.833926e-03 2.697649e-02 6.686554e-03 2.010251e-01 7.267701e-02
1.818785e-03 1.276274e+00 2.960870e-01 1.304306e-01 4.596394e-02 -5.766195e-01 1.162220e-01 6.156942e-02 9.130959e-03 -3.195136e-03 1.911249e-02 3.318163e-01 5.016594e-02
2.728178e-03 4.332869e-01 9.182140e-02 5.524134e-02 9.943978e-03 -1.768884e-01 4.936250e-02 5.988643e-02 6.909399e-03 3.687227e-02 7.630682e-03 1.513084e-01 2.167186e-02
4.243832e-03 4.810562e-01 1.004415e-01 9.018735e-02 2.134114e-02 -1.613692e-01 3.332819e-02 5.979992e-02 5.322232e-03 1.843476e-02 9.482032e-03 1.264758e-01 9.292344e-03
6.365748e-03 5.472046e-01 1.363061e-01 9.807763e-02 2.301846e-02 -1.934446e-01 6.072990e-02 7.100352e-02 7.768118e-03 2.416957e-02 8.934922e-03 1.610111e-01 2.657749e-02
9.093926e-03 1.132670e+00 2.142598e-01 1.193256e-01 2.742667e-02 -4.793952e-01 1.038677e-01 7.394737e-02 4.684657e-03 7.993988e-03 1.804343e-02 3.054354e-01 5.259228e-02
1.242837e-02 8.376432e-01 6.319484e-02 1.232693e-01 1.317523e-02 -3.105925e-01 3.522586e-02 7.396075e-02 3.178432e-03 2.987846e-03 8.632801e-03 2.212672e-01 2.003163e-02
1.636907e-02 7.969704e-01 1.098710e-01 9.739010e-02 3.147058e-02 -3.366865e-01 6.134002e-02 7.944552e-02 6.586689e-03 1.728312e-02 1.705987e-02 2.943962e-01 3.885837e-02
3.031309e-03 9.143090e-01 1.553808e-01 1.272339e-01 2.390603e-02 -3.712137e-01 7.811934e-02 6.770531e-02 5.961275e-03 1.355202e-03 7.738604e-03 2.212152e-01 4.518260e-02
3.334440e-03 6.664340e-01 2.184286e-01 8.637251e-02 1.114733e-02 -2.803568e-01 1.178307e-01 6.746577e-02 7.729309e-03 2.599147e-02 6.678400e-03 2.022084e-01 6.141485e-02
4.243832e-03 8.466847e-01 1.670788e-01 9.278290e-02 1.203465e-02 -3.685819e-01 8.899445e-02 6.588857e-02 5.333543e-03 2.240686e-02 8.000262e-03 2.494983e-01 4.350985e-02
5.759486e-03 7.169995e-01 8.261047e-02 9.405079e-02 1.439254e-02 -3.065980e-01 6.261906e-02 6.452434e-02 7.037875e-03 1.357203e-02 4.739879e-03 2.165166e-01 3.501942e-02
7.881403e-03 8.189382e-01 5.428661e-02 1.159249e-01 1.796743e-02 -3.232634e-01 3.562407e-02 7.152385e-02 6.462747e-03 3.832133e-03 6.144471e-03 2.129347e-01 2.750825e-02
1.060958e-02 7.341921e-01 8.471071e-02 1.028831e-01 2.083466e-02 -2.909213e-01 2.161128e-02 7.478750e-02 8.204273e-03 1.247062e-02 1.055528e-02 2.203671e-01 1.341024e-02
1.394402e-02 7.911534e-01 1.288097e-01 1.377458e-01 3.311069e-02 -2.763129e-01 3.914494e-02 9.256943e-02 1.134561e-02 1.390337e-02 8.177320e-03 2.213607e-01 2.362564e-02
1.788472e-02 8.415296e-01 1.045043e-01 1.052137e-01 1.966849e-02 -3.193753e-01 4.757098e-02 8.920205e-02 1.046182e-02 9.539832e-03 3.843573e-03 2.634065e-01 3.981132e-02
5.153225e-03 8.065853e-01 9.789924e-02 8.841076e-02 1.941153e-02 -3.476176e-01 4.482227e-02 6.191816e-02 2.374837e-03 1.816202e-02 5.902557e-03 2.362023e-01 2.138117e-02
5.456356e-03 1.041224e+00 2.551568e-01 1.427038e-01 3.654753e-02 -4.121620e-01 1.054768e-01 7.463163e-02 8.192517e-03 1.527393e-03 1.374933e-02 2.518676e-01 4.891599e-02
6.365748e-03 8.692064e-01 1.264683e-01 1.164590e-01 9.897855e-03 -3.575100e-01 6.593084e-02 6.920569e-02 7.329942e-03 9.258531e-03 1.124760e-02 2.408410e-01 3.100299e-02
7.881403e-03 7.506476e-01 1.478491e-01 1.008692e-01 2.641437e-02 -3.190411e-01 6.362208e-02 7.037246e-02 9.652464e-03 1.357293e-02 7.250125e-03 2.289388e-01 3.121518e-02
1.000332e-02 8.026253e-01 1.924353e-01 8.426410e-02 2.695223e-02 -3.296293e-01 7.428056e-02 7.619682e-02 7.160021e-03 3.075499e-02 1.708646e-02 2.518580e-01 2.621755e-02
1.273150e-02 7.775262e-01 9.618257e-02 1.171252e-01 2.343084e-02 -3.153935e-01 3.496171e-02 8.778425e-02 8.071655e-03 1.670268e-02 7.312149e-03 2.545889e-01 1.876986e-02
1.606594e-02 8.463384e-01 1.122378e-01 1.505009e-01 2.759172e-02 -2.773832e-01 3.835823e-02 9.969505e-02 8.181424e-03 4.969273e-03 1.209450e-02 2.210092e-01 1.020664e-02
2.000664e-02 9.698026e-01 2.198273e-01 1.098069e-01 3.978984e-02 -3.975121e-01 8.647722e-02 8.480822e-02 6.736451e-03 -4.737100e-03 1.444042e-02 3.213019e-01 4.048424e-02
7.881403e-03 9.101552e-01 1.368493e-01 1.554487e-01 3.352143e-02 -3.157433e-01 4.464060e-02 8.248210e-02 8.052566e-03 2.540213e-03 1.088661e-02 2.079570e-01 1.441954e-02
8.184533e-03 9.197505e-01 1.334133e-01 1.518538e-01 3.291196e-02 -3.420628e-01 4.189109e-02 8.321783e-02 1.094752e-02 2.583256e-03 7.515226e-03 2.260311e-01 1.739408e-02
9.093926e-03 9.317585e-01 1.365904e-01 1.344216e-01 3.333729e-02 -3.616779e-01 4.804736e-02 7.140253e-02 8.662856e-03 -1.213417e-03 1.090677e-02 2.298984e-01 2.011932e-02
1.060958e-02 8.351336e-01 1.369668e-01 1.014603e-01 1.648742e-02 -3.404555e-01 5.113042e-02 8.047888e-02 8.256243e-03 2.378466e-02 9.393205e-03 2.583288e-01 2.338716e-02
1.273150e-02 7.583503e-01 1.320496e-01 1.255808e-01 3.406050e-02 -2.595993e-01 5.093473e-02 7.985007e-02 9.171939e-03 9.048421e-03 1.147698e-02 2.006916e-01 2.747047e-02
1.545967e-02 9.254660e-01 1.113744e-01 1.850424e-01 3.251505e-02 -2.955623e-01 3.966601e-02 9.800263e-02 1.229669e-02 -9.048347e-03 9.872984e-03 2.178348e-01 2.269482e-02
1.879411e-02 5.941896e-01 7.941339e-02 1.247361e-01 2.352534e-02 -2.044867e-01 3.666665e-02 1.033722e-01 1.461616e-02 1.266117e-02 9.047112e-03 2.399043e-01 2.112901e-02
2.273481e-02 7.929514e-01 1.440683e-01 1.136468e-01 2.496679e-02 -3.295295e-01 7.073242e-02 1.061892e-01 9.385049e-03 5.387396e-03 1.341220e-02 2.938373e-01 3.409689e-02
1.121584e-02 9.907783e-01 2.060558e-01 1.162769e-01 3.093520e-02 -4.305519e-01 9.223458e-02 7.862709e-02 4.953160e-03 1.311794e-02 1.581889e-02 3.136415e-01 4.312245e-02
1.151897e-02 7.182306e-01 1.133729e-01 9.461423e-02 1.441471e-02 -2.846150e-01 5.355830e-02 6.957255e-02 3.408733e-03 1.138812e-02 1.083130e-02 2.230720e-01 2.614777e-02
1.242837e-02 9.074725e-01 3.080100e-02 1.559561e-01 1.863987e-02 -3.236478e-01 9.952318e-03 8.117877e-02 8.496453e-03 -5.257894e-03 6.188895e-03 2.288558e-01 1.343705e-02
1.394402e-02 9.511470e-01 1.274219e-01 1.350512e-01 1.486377e-02 -3.557715e-01 6.063226e-02 7.952470e-02 4.553175e-03 -8.864609e-03 7.561783e-03 2.509437e-01 2.606378e-02
1.606594e-02 6.506280e-01 1.033008e-01 8.359178e-02 1.663175e-02 -2.340306e-01 6.728757e-02 7.960530e-02 9.177314e-03 2.397913e-02 1.237192e-02 2.113659e-01 2.664497e-02
1.879411e-02 7.216217e-01 4.901712e-02 1.167046e-01 2.702947e-02 -2.973594e-01 3.298568e-02 9.279162e-02 6.293871e-03 -9.837522e-03 1.264946e-02 2.286794e-01 2.291274e-02
2.212855e-02 8.595877e-01 1.776333e-01 1.255971e-01 1.979198e-02 -3.706104e-01 6.473032e-02 1.032733e-01 7.214054e-03 -3.170002e-03 1.261433e-02 3.475819e-01 3.851201e-02
2.606925e-02 7.926720e-01 8.692550e-02 1.077913e-01 3.180954e-02 -2.445596e-01 5.168280e-02 1.174973e-01 9.389403e-03 1.410690e-02 1.446557e-02 2.659197e-01 3.903901e-02
1.515654e-02 7.179622e-01 7.930392e-02 9.752017e-02 1.480180e-02 -2.625720e-01 4.021177e-02 8.387676e-02 4.673432e-03 2.252408e-02 6.704262e-03 2.259223e-01 2.424886e-02
1.545967e-02 8.209860e-01 7.394757e-02 8.248547e-02 1.697780e-02 -3.499897e-01 4.219049e-02 8.001242e-02 7.032245e-03 2.399375e-02 6.601459e-03 2.857441e-01 2.873533e-02
1.636907e-02 9.874552e-01 1.360411e-01 1.517090e-01 2.660133e-02 -3.662528e-01 3.459327e-02 9.987778e-02 7.829978e-03 7.520924e-03 1.111098e-02 2.795428e-01 1.594989e-02
1.788472e-02 9.177498e-01 1.100073e-01 1.299798e-01 1.351008e-02 -3.642191e-01 5.043959e-02 9.711157e-02 6.875408e-03 6.336591e-03 1.013125e-02 2.883201e-01 3.537226e-02
2.000664e-02 7.974481e-01 5.998405e-02 9.999729e-02 1.624795e-02 -3.166973e-01 3.268560e-02 8.700490e-02 1.087619e-02 5.153813e-03 1.156660e-02 2.700373e-01 3.005016e-02
2.273481e-02 8.907918e-01 1.154567e-01 1.591768e-01 2.065450e-02 -3.093865e-01 5.064663e-02 1.085456e-01 1.099333e-02 -1.809821e-02 1.151642e-02 2.759578e-01 2.460501e-02
2.606925e-02 8.427419e-01 9.848785e-02 1.536315e-01 1.602737e-02 -3.408918e-01 4.750155e-02 1.275286e-01 1.226661e-02 -2.013249e-02 1.067844e-02 3.230189e-01 2.913218e-02
3.000996e-02 8.830501e-01 7.633626e-02 1.230797e-01 2.556354e-02 -3.107666e-01 5.132688e-02 1.411337e-01 1.150206e-02 2.179395e-02 1.185834e-02 3.482830e-01 4.731817e-02
1.212523e-03 6.892773e-01 1.585545e-01 1.086704e-01 2.521343e-02 -2.671955e-01 6.507582e-02 6.003743e-02 5.843366e-03 5.943355e-03 9.299818e-03 1.632636e-01 2.651062e-02
1.515654e-03 1.176188e+00 2.507306e-01 1.869952e-01 5.771730e-02 -4.607545e-01 8.855189e-02 7.879240e-02 9.722837e-03 -1.973755e-02 2.234469e-02 2.453784e-01 3.273632e-02
2.425047e-03 1.333912e+00 4.213412e-01 1.916985e-01 5.238803e-02 -5.353333e-01 1.761966e-01 8.239918e-02 1.236712e-02 -1.555253e-02 1.765539e-02 2.943998e-01 7.954709e-02
3.940701e-03 7.110722e-01 1.307218e-01 9.922248e-02 2.205132e-02 -2.846753e-01 6.495724e-02 6.739288e-02 9.193961e-03 1.924245e-02 5.951898e-03 1.986247e-01 3.741856e-02
6.062617e-03 5.081177e-01 5.416238e-02 7.277245e-02 2.769234e-02 -2.026500e-01 2.222415e-02 6.351093e-02 7.616611e-03 2.912240e-02 9.544071e-03 1.716279e-01 1.950179e-02
8.790795e-03 8.786546e-01 1.688713e-01 1.432638e-01 2.740011e-02 -3.100788e-01 7.538242e-02 7.913378e-02 5.669854e-03 7.351641e-03 1.046259e-02 2.178624e-01 3.686060e-02
1.212523e-02 5.275720e-01 6.898368e-02 7.627802e-02 7.958891e-03 -2.094283e-01 4.722769e-02 7.024918e-02 4.761493e-03 1.448890e-02 9.473478e-03 1.753207e-01 2.927249e-02
1.606594e-02 1.082857e+00 8.041797e-02 1.580832e-01 1.235178e-02 -4.539211e-01 5.621590e-02 8.379972e-02 4.304571e-03 -2.033440e-02 5.235262e-03 3.090613e-01 4.039560e-02
1.515654e-03 6.641146e-01 1.910709e-01 9.007272e-02 2.084497e-02 -2.785576e-01 8.727977e-02 7.368789e-02 4.111621e-03 3.407739e-02 1.021832e-02 2.073639e-01 3.811772e-02
1.818785e-03 1.169948e+00 3.535624e-01 1.400365e-01 4.020963e-02 -5.027256e-01 1.585128e-01 6.355290e-02 7.238024e-03 -8.081104e-03 2.114636e-02 2.816638e-01 6.693424e-02
2.728178e-03 6.456488e-01 1.798736e-01 1.052378e-01 2.225251e-02 -2.448735e-01 8.539780e-02 6.655889e-02 6.406700e-03 1.606803e-02 1.786214e-02 1.689407e-01 3.648420e-02
4.243832e-03 9.732431e-01 1.353446e-01 1.002516e-01 7.934188e-03 -4.414139e-01 7.383586e-02 5.558457e-02 6.369630e-03 3.833104e-03 8.484657e-03 2.709720e-01 3.761419e-02
6.365748e-03 6.574685e-01 1.102843e-01 8.646636e-02 2.059419e-02 -2.607662e-01 4.275552e-02 5.526305e-02 7.801098e-03 1.278861e-02 6.850927e-03 1.871809e-01 1.421257e-02
9.093926e-03 9.438386e-01 4.879812e-02 1.208853e-01 1.329085e-02 -3.906105e-01 1.965590e-02 7.136639e-02 6.296418e-03 1.122376e-03 4.421745e-03 2.560396e-01 1.160113e-02
1.242837e-02 7.441523e-01 1.112980e-01 9.944642e-02 2.079884e-02 -2.739683e-01 5.020863e-02 7.269096e-02 4.544834e-03 1.832845e-02 5.718743e-03 2.134109e-01 2.710223e-02
1.636907e-02 8.548567e-01 8.213475e-02 1.304701e-01 1.423957e-02 -3.437039e-01 5.125868e-02 8.837750e-02 7.394672e-03 -2.266262e-03 8.387002e-03 2.536321e-01 3.229751e-02
2.425047e-03 5.191370e-01 5.642979e-02 8.111480e-02 1.060379e-02 -1.982921e-01 2.235475e-02 5.822362e-02 8.191523e-03 1.875524e-02 4.404377e-03 1.413004e-01 1.746874e-02
2.728178e-03 6.232145e-01 1.743371e-01 8.704452e-02 1.852145e-02 -2.459309e-01 8.194194e-02 6.653930e-02 5.699814e-03 2.596579e-02 7.801164e-03 1.753617e-01 3.759962e-02
3.637570e-03 8.707934e-01 1.381355e-01 1.058141e-01 1.295585e-02 -3.649442e-01 6.840738e-02 6.035433e-02 3.544232e-03 8.031065e-03 7.539324e-03 2.268505e-01 3.660049e-02
5.153225e-03 7.167095e-01 6.127170e-02 1.016006e-01 1.730140e-02 -2.984727e-01 3.057199e-02 6.711479e-02 6.128542e-03 1.788819e-02 6.524391e-03 2.187567e-01 2.004232e-02
7.275141e-03 9.453149e-01 1.837154e-01 1.122852e-01 2.250911e-02 -4.027722e-01 7.658801e-02 7.417903e-02 7.937189e-03 1.420038e-02 1.142272e-02 2.645696e-01 3.686930e-02
1.000332e-02 1.076250e+00 2.334203e-01 1.461467e-01 5.260929e-02 -4.358406e-01 5.820138e-02 7.882987e-02 9.574208e-03 -2.799814e-03 1.801947e-02 2.927594e-01 1.375665e-02
1.333776e-02 7.240964e-01 1.383031e-01 1.084045e-01 2.144384e-02 -2.868459e-01 6.567712e-02 8.022138e-02 9.105801e-03 1.413808e-02 1.134784e-02 2.338003e-01 3.284193e-02
1.727846e-02 6.342709e-01 3.613154e-02 6.620239e-02 2.393685e-02 -2.511630e-01 4.132813e-03 8.787267e-02 1.367106e-02 2.152028e-02 1.505864e-02 2.360824e-01 2.615251e-02
3.940701e-03 7.509926e-01 1.425666e-01 1.158673e-01 3.961587e-02 -2.893778e-01 4.238701e-02 8.026379e-02 9.996979e-03 2.319199e-02 1.708146e-02 2.060834e-01 1.477065e-02
4.243832e-03 5.030839e-01 8.925465e-02 6.527290e-02 1.584062e-02 -2.060638e-01 3.140870e-02 5.459731e-02 7.468303e-03 2.451605e-02 1.529889e-02 1.598243e-01 1.188857e-02
5.153225e-03 8.326673e-01 1.057291e-01 7.990124e-02 2.276673e-02 -3.655343e-01 5.097660e-02 6.542555e-02 6.939019e-03 2.908825e-02 1.055646e-02 2.523014e-01 2.584932e-02
6.668879e-03 7.927390e-01 7.802194e-02 9.400182e-02 1.755475e-02 -3.248806e-01 3.562682e-02 6.079181e-02 4.465890e-03 1.397493e-02 1.161075e-02 2.186267e-01 1.620275e-02
8.790795e-03 7.370674e-01 8.257210e-02 1.071389e-01 3.021941e-02 -2.968926e-01 4.229759e-02 8.506853e-02 6.947712e-03 2.498479e-02 1.047105e-02 2.266884e-01 3.269835e-02
1.151897e-02 7.440961e-01 1.367382e-01 1.198216e-01 3.278294e-02 -2.907996e-01 3.935520e-02 7.496343e-02 9.934986e-03 8.487275e-03 8.015736e-03 2.223967e-01 1.768887e-02
1.485341e-02 8.058372e-01 1.219758e-01 1.037270e-01 8.066139e-03 -3.172241e-01 7.444329e-02 8.360876e-02 3.512311e-03 1.247021e-02 4.301553e-03 2.460260e-01 4.674153e-02
1.879411e-02 9.654551e-01 1.183861e-01 1.379997e-01 3.331413e-02 -3.885816e-01 5.184193e-02 8.317218e-02 7.413531e-03 2.232600e-03 1.785798e-02 3.110891e-01 4.217049e-02
6.062617e-03 7.085523e-01 1.422175e-01 8.681164e-02 1.114650e-02 -3.118471e-01 7.848282e-02 5.948321e-02 4.835641e-03 9.416062e-03 4.657948e-03 2.089590e-01 4.270338e-02
6.365748e-03 7.772062e-01 1.616590e-01 1.208352e-01 2.947256e-02 -3.041592e-01 5.585620e-02 6.981162e-02 7.290107e-03 6.996987e-03 1.718779e-02 2.046294e-01 1.263241e-02
7.275141e-03 1.110727e+00 2.827154e-01 1.408436e-01 3.978399e-02 -4.435947e-01 1.251589e-01 6.992514e-02 9.186527e-03 -2.854796e-03 1.656670e-02 2.734992e-01 5.605270e-02
8.790795e-03 8.665783e-01 7.660799e-02 1.373544e-01 1.913783e-02 -3.191549e-01 3.645628e-02 8.079645e-02 1.013639e-02 1.460989e-02 1.047455e-02 2.386450e-01 2.373949e-02
1.091271e-02 7.474016e-01 1.050173e-01 9.181704e-02 1.961429e-02 -3.099660e-01 5.675212e-02 6.776683e-02 5.356896e-03 1.073941e-02 9.658761e-03 2.265969e-01 2.755373e-02
1.364089e-02 1.016603e+00 1.670359e-01 1.725287e-01 3.721544e-02 -3.461745e-01 5.913547e-02 8.713217e-02 1.212998e-02 -7.701866e-03 8.984807e-03 2.322187e-01 2.506033e-02
1.697533e-02 8.372469e-01 1.003033e-01 1.462715e-01 1.585424e-02 -3.027827e-01 5.447275e-02 1.026364e-01 8.978442e-03 1.153901e-02 9.046864e-03 2.571034e-01 3.200925e-02
2.091603e-02 8.025355e-01 1.009049e-01 1.388763e-01 2.427952e-02 -2.886894e-01 4.827452e-02 1.082609e-01 1.709526e-02 -9.188525e-03 1.516075e-02 2.350357e-01 2.622895e-02
8.790795e-03 6.990641e-01 1.349630e-01 1.011490e-01 2.447669e-02 -2.563692e-01 5.628013e-02 7.307824e-02 6.005852e-03 2.104897e-02 1.185863e-02 1.968488e-01 3.302744e-02
9.093926e-03 1.040306e+00 1.574926e-01 1.493812e-01 2.557540e-02 -4.210733e-01 9.126474e-02 8.285752e-02 5.885759e-03 3.444979e-03 1.700419e-02 2.840305e-01 6.232392e-02
1.000332e-02 9.153236e-01 1.701636e-01 1.137179e-01 2.989404e-02 -3.871766e-01 7.368732e-02 8.055515e-02 6.143715e-03 1.281564e-02 1.750000e-02 2.681587e-01 2.839265e-02
1.151897e-02 7.634815e-01 6.902272e-02 9.705200e-02 1.978875e-02 -2.945907e-01 4.422821e-02 6.930939e-02 4.641537e-03 1.843287e-02 1.285672e-02 2.309390e-01 2.332427e-02
1.364089e-02 5.625610e-01 9.442536e-02 9.565965e-02 1.719249e-02 -2.295899e-01 5.889805e-02 7.504815e-02 9.568383e-03 1.049020e-02 5.747592e-03 2.124208e-01 3.212477e-02
1.636907e-02 9.879279e-01 1.997479e-01 1.401456e-01 3.186050e-02 -3.921646e-01 8.024068e-02 1.007039e-01 8.616080e-03 9.303913e-03 1.303411e-02 3.084946e-01 3.173116e-02
1.970351e-02 8.438477e-01 5.887183e-02 1.027290e-01 7.964891e-03 -3.556862e-01 3.038050e-02 8.593458e-02 5.546471e-03 2.062453e-03 8.533204e-03 3.054690e-01 2.946775e-02
2.364421e-02 9.123120e-01 8.762526e-02 1.414331e-01 2.067888e-02 -3.456895e-01 5.215866e-02 1.067213e-01 7.890778e-03 -6.895727e-03 5.179301e-03 3.192043e-01 2.786232e-02
1.212523e-02 8.563593e-01 1.416312e-01 1.131568e-01 1.607937e-02 -3.297137e-01 7.815315e-02 8.561979e-02 3.682614e-03 2.488320e-02 1.132427e-02 2.529878e-01 3.916284e-02
1.242837e-02 1.135503e+00 2.151421e-01 1.806910e-01 3.572203e-02 -4.385419e-01 9.583321e-02 8.833823e-02 6.384044e-03 -1.831167e-02 1.509403e-02 2.813690e-01 4.836944e-02
1.333776e-02 9.725389e-01 1.025103e-01 1.526373e-01 1.182007e-02 -3.761450e-01 7.063668e-02 8.726606e-02 2.466711e-03 -6.745827e-04 9.233343e-03 2.779177e-01 4.468605e-02
1.485341e-02 7.174887e-01 1.574915e-01 1.255458e-01 2.947988e-02 -2.655692e-01 5.235708e-02 8.995812e-02 9.013972e-03 -1.984961e-03 4.776678e-03 2.176092e-01 3.907646e-02
1.697533e-02 6.677268e-01 3.201654e-02 8.153808e-02 7.377530e-03 -2.689972e-01 6.737603e-03 8.039111e-02 9.756948e-03 2.057871e-02 1.112542e-02 2.533309e-01 1.196070e-02
1.970351e-02 8.874118e-01 1.045304e-01 1.215455e-01 3.256051e-02 -3.458163e-01 5.410914e-02 1.035342e-01 9.568020e-03 1.700844e-02 7.926977e-03 2.819990e-01 3.201236e-02
2.303795e-02 8.767584e-01 9.697331e-02 1.270142e-01 4.708358e-02 -3.385213e-01 5.004804e-02 1.317623e-01 2.027070e-02 2.337552e-02 1.565044e-02 3.126065e-01 2.592800e-02
2.697865e-02 1.027297e+00 1.916149e-01 1.499617e-01 2.199847e-02 -3.713032e-01 7.178267e-02 1.321890e-01 6.511864e-03 -7.706125e-03 9.542777e-03 3.347646e-01 4.553992e-02
1.606594e-02 9.572230e-01 9.685703e-02 1.304963e-01 2.185647e-02 -4.029802e-01 4.365873e-02 8.489443e-02 7.704997e-03 -9.455864e-04 7.959644e-03 2.946042e-01 2.756772e-02
1.636907e-02 7.996073e-01 1.162317e-01 1.323876e-01 2.376283e-02 -2.869247e-01 5.486908e-02 8.699796e-02 4.900643e-03 -5.909644e-03 1.094703e-02 2.249340e-01 1.758027e-02
1.727846e-02 8.356163e-01 1.081253e-01 1.322025e-01 1.013948e-02 -3.009913e-01 4.698726e-02 1.060940e-01 6.131909e-03 1.997543e-02 7.657289e-03 2.700454e-01 2.759187e-02
1.879411e-02 8.005173e-01 6.662780e-02 9.153776e-02 2.043232e-02 -3.179981e-01 3.363062e-02 8.770141e-02 5.532419e-03 1.379133e-02 1.678714e-02 2.803044e-01 1.556086e-02
2.091603e-02 7.286817e-01 5.735295e-02 1.552596e-01 2.097844e-02 -2.543937e-01 2.635595e-02 1.252647e-01 3.278404e-03 2.477940e-03 9.091272e-03 2.340133e-01 1.673843e-02
2.364421e-02 9.895720e-01 9.617612e-02 1.455901e-01 3.054785e-02 -3.681528e-01 3.801029e-02 1.129953e-01 4.932113e-03 -6.676040e-03 1.164745e-02 3.214570e-01 1.976555e-02
2.697865e-02 1.095781e+00 2.503400e-01 1.804952e-01 4.174423e-02 -3.962523e-01 1.069469e-01 1.461635e-01 6.344963e-03 -3.546418e-02 2.383220e-02 3.456934e-01 5.354871e-02
3.091935e-02 8.413589e-01 7.311372e-02 1.332548e-01 1.738806e-02 -2.734542e-01 2.474054e-02 1.543828e-01 1.939398e-02 -1.085298e-02 1.261515e-02 3.339013e-01 3.262377e-02
2.728178e-03 6.721209e-01 2.054901e-01 9.589912e-02 2.526389e-02 -2.723976e-01 9.247832e-02 6.148889e-02 5.760628e-03 1.607652e-02 1.178965e-02 1.867209e-01 4.069912e-02
3.031309e-03 7.926551e-01 2.630018e-01 1.382459e-01 4.756561e-02 -2.864319e-01 9.876389e-02 8.996845e-02 1.206961e-02 2.172117e-02 1.811346e-02 1.958288e-01 3.925032e-02
3.940701e-03 1.037403e+00 2.059849e-01 8.937160e-02 1.853587e-02 -5.004328e-01 9.786518e-02 5.099035e-02 3.564063e-03 1.958705e-03 1.063233e-02 3.078912e-01 4.761342e-02
5.456356e-03 6.754841e-01 8.918055e-02 1.108109e-01 1.126286e-02 -2.539046e-01 4.652834e-02 6.146548e-02 4.311456e-03 1.637537e-03 6.489812e-03 1.621224e-01 2.199723e-02
7.578272e-03 1.014743e+00 2.506233e-01 1.182713e-01 2.275196e-02 -4.422539e-01 1.345243e-01 6.633599e-02 5.606826e-03 5.457258e-04 7.189285e-03 2.784205e-01 7.424146e-02
1.030645e-02 7.880829e-01 1.168302e-01 1.071378e-01 9.709933e-03 -3.036557e-01 5.343847e-02 7.077966e-02 4.869668e-03 1.185107e-02 1.086653e-02 2.174419e-01 2.088650e-02
1.364089e-02 9.194218e-01 1.548557e-01 9.468677e-02 1.194399e-02 -3.948589e-01 1.018327e-01 8.339142e-02 4.260845e-03 2.704948e-02 8.018616e-03 3.025627e-01 6.024953e-02
1.758159e-02 9.874974e-01 4.797076e-02 1.541709e-01 1.596149e-02 -3.569761e-01 2.235449e-02 1.028194e-01 8.955015e-03 -5.687768e-03 6.900186e-03 2.630430e-01 1.357169e-02
3.031309e-03 1.069865e+00 2.947408e-01 1.505278e-01 3.685215e-02 -4.218489e-01 1.201007e-01 7.660286e-02 1.015786e-02 2.098399e-03 1.277563e-02 2.471921e-01 5.685504e-02
3.334440e-03 5.890947e-01 3.565354e-02 9.154420e-02 9.277268e-03 -2.330099e-01 2.166920e-02 6.749350e-02 7.150247e-03 2.191045e-02 9.440720e-03 1.700587e-01 1.169478e-02
4.243832e-03 4.372204e-01 6.880989e-02 5.829609e-02 1.904849e-02 -1.748102e-01 1.647223e-02 6.686884e-02 4.938453e-03 4.055430e-02 1.095247e-02 1.566572e-01 6.290343e-03
5.759486e-03 9.781907e-01 2.904617e-01 1.077444e-01 4.034904e-02 -4.179359e-01 1.332040e-01 7.616403e-02 6.372881e-03 1.670253e-02 1.827157e-02 2.670321e-01 6.156681e-02
7.881403e-03 6.091782e-01 8.784339e-02 9.080455e-02 2.039684e-02 -2.433168e-01 3.738881e-02 7.473420e-02 2.384691e-03 2.669635e-02 1.486986e-02 2.065347e-01 2.300503e-02
1.060958e-02 8.670339e-01 1.432443e-01 1.243277e-01 1.955268e-02 -3.323675e-01 6.292756e-02 7.410769e-02 7.514718e-03 7.015085e-03 5.155891e-03 2.354976e-01 3.437818e-02
1.394402e-02 9.118219e-01 1.500344e-01 1.338909e-01 2.581273e-02 -3.424843e-01 5.937181e-02 7.763864e-02 4.166490e-03 -2.473071e-03 1.084921e-02 2.447458e-01 2.603512e-02
1.788472e-02 1.050060e+00 1.247781e-01 1.356989e-01 1.445710e-02 -3.697162e-01 6.726768e-02 9.920467e-02 1.296110e-02 8.294114e-03 2.057267e-02 2.763816e-01 3.070903e-02
3.940701e-03 6.592911e-01 1.714081e-01 9.953021e-02 2.473724e-02 -2.450105e-01 6.928829e-02 6.003822e-02 9.427765e-03 1.210925e-02 5.783934e-03 1.610279e-01 3.427592e-02
4.243832e-03 8.267837e-01 3.999965e-01 9.330586e-02 5.396556e-02 -3.616112e-01 1.634938e-01 6.104043e-02 7.739632e-03 1.285301e-02 2.195239e-02 2.331095e-01 6.914489e-02
5.153225e-03 7.413910e-01 1.404609e-01 9.915805e-02 1.177418e-02 -2.861985e-01 6.889386e-02 6.836216e-02 6.029974e-03 1.774252e-02 8.247191e-03 1.927743e-01 3.092245e-02
6.668879e-03 7.543257e-01 9.891320e-02 8.599196e-02 8.527158e-03 -3.300088e-01 5.415665e-02 6.714427e-02 4.278005e-03 2.081521e-02 9.673806e-03 2.350551e-01 4.491338e-02
8.790795e-03 7.201473e-01 1.418485e-01 1.077014e-01 1.136600e-02 -2.824909e-01 6.681341e-02 7.548364e-02 3.535223e-03 1.991759e-02 4.271307e-03 2.225850e-01 3.741214e-02
1.151897e-02 1.126619e+00 2.306275e-01 1.713414e-01 6.009149e-02 -4.193085e-01 4.778270e-02 9.216301e-02 9.095337e-03 -2.227532e-03 2.096839e-02 2.744651e-01 6.766089e-03
1.485341e-02 7.783225e-01 1.562805e-01 1.067622e-01 3.955569e-02 -3.151720e-01 6.088468e-02 8.232752e-02 1.334454e-02 2.165973e-02 1.249880e-02 2.809731e-01 3.302364e-02
1.879411e-02 8.260777e-01 8.919516e-02 1.319892e-01 1.614248e-02 -3.135111e-01 5.355437e-02 9.701613e-02 9.843967e-03 -5.499670e-03 1.018085e-02 2.758662e-01 3.528038e-02
5.456356e-03 6.966928e-01 1.584119e-01 9.701730e-02 1.871255e-02 -2.833486e-01 6.762594e-02 6.686800e-02 7.147277e-03 1.756164e-02 1.143920e-02 2.029029e-01 2.684595e-02
5.759486e-03 6.339376e-01 1.283860e-01 9.906321e-02 2.862580e-02 -2.383399e-01 4.461421e-02 7.106323e-02 8.094771e-03 2.398604e-02 1.019279e-02 1.904510e-01 1.349857e-02
6.668879e-03 9.262088e-01 1.617364e-01 1.293346e-01 2.396179e-02 -3.705353e-01 7.784887e-02 6.643905e-02 6.242836e-03 -3.233038e-03 1.182257e-02 2.311392e-01 4.443934e-02
8.184533e-03 1.045525e+00 1.135402e-01 1.688387e-01 1.435695e-02 -3.881354e-01 5.017014e-02 7.538513e-02 3.500540e-03 -2.081226e-02 7.304555e-03 2.225531e-01 2.204043e-02
1.030645e-02 6.961363e-01 5.498940e-02 7.542855e-02 1.230744e-02 -2.915880e-01 3.194046e-02 6.661638e-02 5.379032e-03 2.144344e-02 8.630542e-03 2.340797e-01 2.286313e-02
1.303463e-02 1.038074e+00 1.827254e-01 1.509753e-01 4.015902e-02 -4.193954e-01 7.439461e-02 8.069100e-02 7.649368e-03 -5.078559e-03 1.920100e-02 2.862622e-01 4.125092e-02
1.636907e-02 9.817864e-01 1.797623e-01 1.008174e-01 2.107215e-02 -4.377493e-01 9.625466e-02 8.310965e-02 1.225999e-02 1.646424e-02 7.642233e-03 3.589273e-01 4.862145e-02
2.030977e-02 8.276883e-01 9.722300e-02 1.228293e-01 1.631619e-02 -2.948572e-01 5.221871e-02 1.041378e-01 7.428528e-03 8.716865e-03 6.905560e-03 2.618054e-01 3.051206e-02
7.578272e-03 7.215991e-01 9.566377e-02 9.744969e-02 1.093767e-02 -2.809640e-01 4.115968e-02 6.931167e-02 5.830047e-03 2.384440e-02 7.290276e-03 2.125934e-01 1.743593e-02
7.881403e-03 6.524289e-01 6.668497e-02 8.208253e-02 2.258195e-02 -2.753754e-01 3.046624e-02 6.772605e-02 6.352331e-03 2.468885e-02 7.979810e-03 2.205018e-01 2.346847e-02
8.790795e-03 8.875387e-01 9.674149e-02 1.283550e-01 2.086066e-02 -3.417984e-01 4.193445e-02 7.660563e-02 6.489985e-03 5.775222e-03 5.493132e-03 2.256130e-01 2.027018e-02
1.030645e-02 1.048596e+00 1.015697e-01 1.275418e-01 2.556190e-02 -4.414089e-01 6.661820e-02 7.524397e-02 7.062610e-03 7.242522e-03 9.489679e-03 2.993276e-01 4.264183e-02
1.242837e-02 7.873888e-01 1.041145e-01 1.088920e-01 2.476051e-02 -2.944272e-01 5.578984e-02 8.199101e-02 1.091478e-02 1.842313e-02 1.163826e-02 2.225257e-01 2.836887e-02
1.515654e-02 1.227215e+00 3.588004e-01 1.661910e-01 5.263062e-02 -4.782829e-01 1.440763e-01 7.803474e-02 6.733702e-03 -1.991027e-02 2.841674e-02 3.054853e-01 5.164301e-02
1.849098e-02 7.752066e-01 7.775278e-02 1.343845e-01 2.294786e-02 -2.792915e-01 4.917756e-02 9.592140e-02 8.924601e-03 1.021133e-02 1.643101e-02 2.572158e-01 3.083791e-02
2.243168e-02 7.617410e-01 1.308385e-01 8.889144e-02 1.945758e-02 -2.910796e-01 5.272354e-02 1.060728e-01 5.766073e-03 2.344255e-02 6.489460e-03 2.916377e-01 3.321656e-02
1.030645e-02 1.160849e+00 2.236142e-01 1.412567e-01 2.916106e-02 -4.825831e-01 1.062691e-01 7.482268e-02 4.865572e-03 -3.316173e-03 1.353554e-02 3.048790e-01 5.596413e-02
1.060958e-02 1.048565e+00 1.822876e-01 9.639614e-02 1.061625e-02 -4.607540e-01 9.671013e-02 7.096416e-02 4.923358e-03 2.020049e-02 7.757944e-03 3.250932e-01 4.787837e-02
1.151897e-02 8.287681e-01 7.197325e-02 1.148935e-01 7.346943e-03 -3.074457e-01 3.306248e-02 7.655327e-02 4.489477e-03 1.505577e-02 8.684304e-03 2.364178e-01 2.397701e-02
1.303463e-02 8.460820e-01 8.162599e-02 1.439196e-01 1.554336e-02 -3.019146e-01 3.483927e-02 8.982565e-02 6.187489e-03 1.553359e-02 5.944674e-03 2.468374e-01 1.759440e-02
1.515654e-02 7.813791e-01 1.100543e-01 1.079113e-01 1.733888e-02 -3.116890e-01 5.355326e-02 7.636851e-02 1.052042e-02 7.874729e-03 7.686952e-03 2.500923e-01 2.077625e-02
1.788472e-02 6.290047e-01 9.569153e-02 8.406756e-02 1.767834e-02 -2.244958e-01 4.576458e-02 8.137051e-02 3.719474e-03 2.325149e-02 8.116053e-03 2.359188e-01 1.820360e-02
2.121916e-02 7.464286e-01 1.178858e-01 1.072561e-01 3.216363e-02 -3.092789e-01 3.970238e-02 9.252695e-02 8.431726e-03 7.476775e-03 1.475236e-02 3.068558e-01 2.308974e-02
2.515986e-02 7.971703e-01 4.963492e-02 1.104992e-01 1.676845e-02 -2.849067e-01 3.692771e-02 1.079454e-01 1.110043e-02 1.396786e-02 7.699980e-03 3.289993e-01 2.904395e-02
1.364089e-02 8.462118e-01 1.049921e-01 9.365462e-02 1.455416e-02 -3.174396e-01 5.772133e-02 6.305704e-02 4.011200e-03 4.221608e-03 4.184765e-03 2.147990e-01 3.214069e-02
1.394402e-02 1.025890e+00 1.165422e-01 1.330481e-01 3.558668e-02 -4.056466e-01 4.745215e-02 1.022987e-01 7.841880e-03 2.388836e-02 1.880875e-02 3.092996e-01 5.481340e-02
1.485341e-02 7.741489e-01 1.514607e-01 1.361795e-01 2.349601e-02 -2.748818e-01 6.696009e-02 9.576203e-02 1.089851e-02 1.549589e-02 1.132234e-02 2.483898e-01 2.541687e-02
1.636907e-02 1.051273e+00 1.165374e-01 1.602417e-01 1.920861e-02 -4.266228e-01 6.288570e-02 8.709226e-02 1.162332e-02 -1.933870e-02 9.685765e-03 2.995433e-01 2.177753e-02
1.849098e-02 9.261977e-01 1.219585e-01 1.433779e-01 2.843918e-02 -3.340681e-01 6.999017e-02 1.076556e-01 9.392070e-03 1.307650e-02 1.705918e-02 2.807228e-01 4.265451e-02
2.121916e-02 8.675841e-01 7.307267e-02 1.329298e-01 3.073759e-02 -3.425029e-01 1.962850e-02 1.060193e-01 1.201652e-02 4.732497e-03 1.610952e-02 3.088857e-01 2.120636e-02
2.455360e-02 8.864092e-01 7.821181e-02 1.305945e-01 2.365755e-02 -3.030732e-01 2.177086e-02 1.129083e-01 9.820937e-03 1.240201e-02 1.182618e-02 3.099588e-01 1.746601e-02
2.849430e-02 9.605583e-01 8.997206e-02 1.148399e-01 2.886829e-02 -3.210681e-01 7.080502e-02 1.146201e-01 1.379534e-02 -7.893694e-03 2.002525e-02 3.350527e-01 3.130320e-02
1.758159e-02 8.915208e-01 7.671217e-02 1.756979e-01 2.209751e-02 -3.101669e-01 4.390942e-02 1.161700e-01 5.726683e-03 -9.061481e-03 7.328867e-03 2.554987e-01 2.867497e-02
1.788472e-02 1.002688e+00 1.901234e-01 1.075707e-01 4.068249e-02 -4.310426e-01 7.668631e-02 9.099959e-02 1.471085e-02 2.109148e-02 1.061040e-02 3.360633e-01 3.843607e-02
1.879411e-02 1.175878e+00 2.305285e-01 1.633699e-01 3.326711e-02 -4.457892e-01 1.120475e-01 9.522705e-02 9.532131e-03 -1.091944e-02 1.937099e-02 3.260192e-01 5.108062e-02
2.030977e-02 7.450518e-01 7.530949e-02 9.733271e-02 2.103166e-02 -2.837596e-01 4.717971e-02 1.093796e-01 6.797815e-03 2.497231e-02 1.244384e-02 2.669038e-01 2.028289e-02
2.243168e-02 7.934345e-01 1.048586e-01 1.253578e-01 1.484801e-02 -3.040941e-01 4.388058e-02 1.107024e-01 3.567516e-03 8.466627e-03 5.321526e-03 2.904424e-01 1.821395e-02
2.515986e-02 7.624782e-01 7.420131e-02 1.269468e-01 2.104451e-02 -2.637245e-01 3.616570e-02 1.146683e-01 1.011671e-02 1.858782e-02 1.256832e-02 3.085846e-01 1.042902e-02
2.849430e-02 7.207573e-01 9.647476e-02 1.003045e-01 1.980408e-02 -2.394791e-01 3.233095e-02 1.264893e-01 7.423209e-03 1.940902e-02 5.612188e-03 3.238802e-01 3.540401e-02
3.243500e-02 9.157045e-01 8.006610e-02 1.274205e-01 1.820527e-02 -3.220688e-01 6.194783e-02 1.734658e-01 5.159515e-03 -1.784832e-02 1.708129e-02 4.152956e-01 2.966627e-02
4.850094e-03 8.348161e-01 2.560910e-01 1.165725e-01 2.306219e-02 -3.261940e-01 1.017888e-01 6.712744e-02 4.805715e-03 4.324031e-03 7.729962e-03 1.999950e-01 4.284569e-02
5.153225e-03 6.126526e-01 1.165442e-01 8.492581e-02 9.317550e-03 -2.380576e-01 5.716493e-02 6.492842e-02 4.585842e-03 2.597968e-02 9.009701e-03 1.824238e-01 2.720673e-02
6.062617e-03 8.974190e-01 2.218535e-01 1.180378e-01 4.058186e-02 -3.415003e-01 7.896205e-02 7.444873e-02 7.715933e-03 1.708774e-02 1.349365e-02 2.198614e-01 3.423531e-02
7.578272e-03 8.103391e-01 2.308391e-01 1.050952e-01 2.773801e-02 -3.221695e-01 1.146738e-01 6.531865e-02 7.285184e-03 7.515650e-03 1.185232e-02 2.112033e-01 6.048752e-02
9.700188e-03 8.598172e-01 2.287753e-01 8.136593e-02 5.813659e-03 -3.648714e-01 1.237379e-01 5.782868e-02 5.333767e-03 1.324190e-02 6.510689e-03 2.459372e-01 6.323060e-02
1.242837e-02 1.048286e+00 2.140568e-01 1.633380e-01 4.162761e-02 -3.783323e-01 7.179641e-02 8.993258e-02 5.187912e-03 -1.854430e-03 1.852027e-02 2.612892e-01 2.639051e-02
1.576281e-02 8.759141e-01 1.320576e-01 1.311648e-01 2.024969e-02 -3.428362e-01 8.168130e-02 1.058031e-01 1.271588e-02 1.453987e-02 1.389507e-02 2.710654e-01 4.682758e-02
1.970351e-02 7.951130e-01 5.239012e-02 9.587614e-02 2.361168e-02 -3.112038e-01 4.257009e-02 9.957604e-02 1.153938e-02 2.424598e-02 1.061931e-02 2.761367e-01 4.112920e-02
5.153225e-03 9.088910e-01 1.806115e-01 1.193346e-01 2.882174e-02 -3.700838e-01 7.471941e-02 6.629602e-02 1.136739e-02 3.181378e-03 6.911580e-03 2.285432e-01 3.812709e-02
5.456356e-03 8.300684e-01 1.122546e-01 1.293185e-01 2.271140e-02 -3.129706e-01 4.060722e-02 6.936879e-02 5.691437e-03 4.079632e-03 8.961396e-03 1.993875e-01 1.504413e-02
6.365748e-03 8.458442e-01 1.808281e-01 1.121789e-01 1.945050e-02 -3.407298e-01 7.747827e-02 6.989563e-02 4.144192e-03 1.488680e-02 8.767419e-03 2.327115e-01 3.624646e-02
7.881403e-03 8.076011e-01 8.787920e-02 1.053723e-01 1.529878e-02 -3.037019e-01 2.645464e-02 6.703348e-02 4.181516e-03 1.231713e-02 8.990449e-03 2.016916e-01 1.019020e-02
1.000332e-02 7.659775e-01 6.329902e-02 1.103445e-01 1.820295e-02 -3.112009e-01 4.274501e-02 6.745728e-02 3.965983e-03 6.318002e-03 8.421184e-03 2.293608e-01 2.620394e-02
1.273150e-02 5.941437e-01 1.318702e-01 8.824368e-02 1.965354e-02 -2.292021e-01 4.611457e-02 6.979735e-02 6.155768e-03 1.419750e-02 8.120371e-03 1.929781e-01 2.511268e-02
1.606594e-02 8.235397e-01 5.288032e-02 1.002442e-01 1.495505e-02 -3.326571e-01 3.588193e-02 7.294028e-02 6.774683e-03 6.663160e-03 1.087228e-02 2.666208e-01 3.625882e-02
2.000664e-02 8.262419e-01 1.245259e-01 1.383568e-01 2.239623e-02 -2.859825e-01 4.985227e-02 1.028341e-01 1.126414e-02 1.996340e-03 6.321979e-03 2.354117e-01 2.260800e-02
6.062617e-03 6.390884e-01 1.713382e-01 1.218989e-01 2.989102e-02 -2.061508e-01 6.135683e-02 7.973513e-02 8.063089e-03 2.172560e-02 1.378810e-02 1.623423e-01 2.392532e-02
6.365748e-03 9.149683e-01 2.458212e-01 1.258212e-01 2.768664e-02 -3.491336e-01 1.012607e-01 7.508348e-02 3.891588e-03 1.022241e-02 1.204521e-02 2.187216e-01 4.516861e-02
7.275141e-03 7.327085e-01 1.258888e-01 9.165497e-02 1.902772e-02 -3.056544e-01 6.136129e-02 6.502790e-02 3.156611e-03 1.679818e-02 1.110636e-02 2.186836e-01 3.560631e-02
8.790795e-03 6.114437e-01 9.192306e-02 9.395533e-02 9.512933e-03 -2.392721e-01 5.358076e-02 7.975825e-02 5.704041e-03 2.566033e-02 1.022486e-02 1.955016e-01 3.563569e-02
1.091271e-02 5.959362e-01 7.884688e-02 8.324630e-02 2.422003e-02 -2.258101e-01 1.820965e-02 7.252588e-02 9.411705e-03 2.754871e-02 5.964263e-03 1.937678e-01 1.389237e-02
1.364089e-02 7.843913e-01 8.684828e-02 1.029512e-01 1.752063e-02 -3.230177e-01 3.832310e-02 7.878952e-02 6.859494e-03 1.373195e-02 6.579619e-03 2.494935e-01 2.706369e-02
1.697533e-02 6.839964e-01 9.420843e-02 7.152089e-02 1.392328e-02 -2.602306e-01 5.513723e-02 8.992793e-02 4.582758e-03 2.725609e-02 8.035028e-03 2.369502e-01 3.803440e-02
2.091603e-02 7.996570e-01 1.218306e-01 1.346978e-01 2.586096e-02 -2.872924e-01 4.473617e-02 1.102939e-01 9.674265e-03 5.968416e-03 1.109913e-02 2.515555e-01 9.782288e-03
7.578272e-03 9.914932e-01 1.579227e-01 1.585929e-01 2.934949e-02 -3.478916e-01 6.097353e-02 8.716729e-02 1.123437e-02 4.405016e-03 4.037587e-03 2.191527e-01 3.125670e-02
7.881403e-03 7.732572e-01 1.602205e-01 1.175195e-01 2.938749e-02 -3.087269e-01 9.835809e-02 7.206946e-02 1.042281e-02 1.001174e-02 9.445000e-03 2.242164e-01 5.154548e-02
8.790795e-03 1.082202e+00 2.739084e-01 1.628335e-01 4.098648e-02 -4.040482e-01 1.069165e-01 7.872824e-02 1.054806e-02 -8.840454e-03 1.188275e-02 2.487019e-01 5.171042e-02
1.030645e-02 8.431592e-01 1.660660e-01 7.702898e-02 1.993124e-02 -3.369167e-01 6.909256e-02 5.721348e-02 5.797948e-03 9.614997e-03 6.607437e-03 2.178750e-01 2.770965e-02
1.242837e-02 8.602913e-01 8.425674e-02 1.485676e-01 1.287856e-02 -3.270544e-01 4.767191e-02 8.118838e-02 7.673803e-03 -9.601255e-03 1.434395e-02 2.274684e-01 2.772591e-02
1.515654e-02 7.345989e-01 4.091317e-02 1.230296e-01 1.437067e-02 -2.504418e-01 1.835161e-02 8.536566e-02 7.811592e-03 8.866816e-03 6.025650e-03 2.159928e-01 1.692712e-02
1.849098e-02 9.577412e-01 2.233779e-01 1.351445e-01 2.500044e-02 -3.637015e-01 8.706205e-02 1.066156e-01 1.038951e-02 1.296163e-02 1.112710e-02 2.863644e-01 4.255941e-02
2.243168e-02 9.494436e-01 1.557071e-01 1.732455e-01 2.970896e-02 -3.440377e-01 5.582079e-02 1.283306e-01 6.854302e-03 -2.111418e-02 1.154465e-02 2.705789e-01 2.977280e-02
9.700188e-03 7.767106e-01 9.241702e-02 1.052323e-01 1.326059e-02 -3.254262e-01 4.205296e-02 7.711550e-02 8.138062e-03 1.580619e-02 1.217514e-02 2.439376e-01 3.352907e-02
1.000332e-02 8.596607e-01 1.660922e-01 1.686584e-01 5.012102e-02 -2.920999e-01 5.268755e-02 8.444487e-02 1.151350e-02 -4.427659e-03 1.517968e-02 1.974102e-01 2.373462e-02
1.091271e-02 9.721054e-01 1.021926e-01 1.075896e-01 1.561025e-02 -4.277453e-01 6.261193e-02 7.382512e-02 3.105603e-03 9.429625e-03 7.969348e-03 2.962020e-01 3.668683e-02
1.242837e-02 1.369326e+00 2.329302e-01 1.975850e-01 4.111985e-02 -5.483750e-01 9.479085e-02 8.476937e-02 8.369134e-03 -3.141875e-02 1.663902e-02 3.293684e-01 5.148393e-02
1.455028e-02 8.976759e-01 7.607787e-02 9.436479e-02 2.002104e-02 -3.833958e-01 4.471260e-02 7.670161e-02 5.695465e-03 1.822694e-02 9.588233e-03 2.904691e-01 2.847147e-02
1.727846e-02 6.061491e-01 4.806811e-02 8.678756e-02 1.561950e-02 -2.241854e-01 2.092252e-02 9.033086e-02 4.269505e-03 2.295790e-02 5.144368e-03 2.348033e-01 1.357003e-02
2.061290e-02 1.017775e+00 1.100428e-01 1.563687e-01 2.578982e-02 -3.814048e-01 3.755449e-02 1.139598e-01 6.139955e-03 5.382902e-03 7.877485e-03 3.155093e-01 2.252293e-02
2.455360e-02 8.198583e-01 9.820466e-02 1.382260e-01 2.517692e-02 -3.056741e-01 4.444919e-02 1.202951e-01 1.229813e-02 -4.966948e-03 1.725153e-02 2.822056e-01 3.357629e-02
1.242837e-02 8.143609e-01 1.045501e-01 1.153295e-01 1.484745e-02 -3.011726e-01 5.049331e-02 8.135863e-02 6.315178e-03 1.844792e-02 4.894123e-03 2.301191e-01 3.292199e-02
1.273150e-02 7.712831e-01 7.852498e-02 1.044284e-01 1.890759e-02 -2.999979e-01 5.575290e-02 7.580802e-02 4.560196e-03 2.054355e-02 7.090130e-03 2.455736e-01 4.342018e-02
1.364089e-02 7.624967e-01 9.843719e-02 1.544154e-01 3.452558e-02 -2.311313e-01 4.280874e-02 1.023541e-01 1.391110e-02 1.539404e-02 9.092920e-03 1.884140e-01 2.284843e-02
1.515654e-02 8.330536e-01 5.177403e-02 9.701159e-02 1.416481e-02 -3.346042e-01 2.429637e-02 7.394303e-02 4.862388e-03 8.568791e-03 6.799366e-03 2.535194e-01 1.145772e-02
1.727846e-02 8.266001e-01 1.776653e-01 1.168061e-01 3.030210e-02 -3.227495e-01 6.841090e-02 8.620088e-02 4.686543e-03 4.067082e-03 1.340577e-02 2.471011e-01 2.834260e-02
2.000664e-02 1.029435e+00 9.791399e-02 1.345056e-01 1.905580e-02 -4.043470e-01 6.935580e-02 1.081028e-01 3.175058e-03 1.166455e-03 1.141200e-02 3.265927e-01 4.147569e-02
2.334108e-02 8.930711e-01 5.896215e-02 1.455070e-01 2.763122e-02 -2.899816e-01 4.841085e-02 1.132419e-01 8.618870e-03 9.293129e-03 1.955483e-02 2.920061e-01 4.229266e-02
2.728178e-02 8.867443e-01 8.087687e-02 1.322656e-01 3.303627e-02 -3.354334e-01 3.533781e-02 1.124097e-01 7.865284e-03 -1.728597e-02 1.196610e-02 3.070101e-01 2.059534e-02
1.576281e-02 7.975950e-01 1.452287e-01 1.522043e-01 3.104959e-02 -2.372190e-01 4.484534e-02 9.688168e-02 1.375234e-02 -1.173726e-03 1.047480e-02 1.724106e-01 1.139997e-02
1.606594e-02 8.151016e-01 1.177100e-01 1.015606e-01 3.391616e-02 -3.446507e-01 3.778988e-02 7.584503e-02 8.672054e-03 1.101380e-02 1.309618e-02 2.764709e-01 1.725091e-02
1.697533e-02 9.492643e-01 1.108628e-01 1.167999e-01 2.775581e-02 -3.595661e-01 5.806094e-02 8.606580e-02 6.022839e-03 1.196550e-02 1.608970e-02 2.680729e-01 3.450531e-02
1.849098e-02 9.539530e-01 7.034619e-02 1.187682e-01 3.835986e-02 -3.845526e-01 4.573416e-02 9.775924e-02 1.584942e-02 1.115710e-02 9.454198e-03 2.939058e-01 3.629632e-02
2.061290e-02 8.480693e-01 1.051314e-01 1.202873e-01 1.039206e-02 -3.218639e-01 5.424376e-02 1.093519e-01 1.350622e-02 1.321768e-02 8.429043e-03 2.739642e-01 2.443673e-02
2.334108e-02 1.087282e+00 9.915057e-02 1.286076e-01 4.239214e-02 -4.064444e-01 4.770846e-02 1.220875e-01 8.071721e-03 1.915231e-02 2.507040e-02 3.366292e-01 3.991093e-02
2.667552e-02 7.849742e-01 7.219463e-02 1.058339e-01 1.553067e-02 -2.973112e-01 4.165976e-02 1.186322e-01 9.116656e-03 2.005123e-02 1.166601e-02 3.574393e-01 3.210715e-02
3.061622e-02 8.969068e-01 1.272382e-01 1.890144e-01 4.557379e-02 -3.619148e-01 2.745435e-02 1.622116e-01 1.675831e-02 -4.053941e-02 1.024101e-02 3.770423e-01 1.923764e-02
1.970351e-02 8.657446e-01 6.645514e-02 1.198994e-01 1.081635e-02 -3.658676e-01 3.062277e-02 8.276823e-02 4.995993e-03 -4.012019e-03 5.795754e-03 3.195760e-01 1.920407e-02
2.000664e-02 9.369001e-01 8.633417e-02 1.402644e-01 3.640703e-02 -3.735245e-01 4.011343e-02 9.603786e-02 1.190901e-02 -7.607188e-03 1.706626e-02 2.952361e-01 2.778063e-02
2.091603e-02 9.327413e-01 3.658191e-02 1.533547e-01 1.405397e-02 -3.545541e-01 2.628922e-02 8.665264e-02 7.307160e-03 -1.606477e-02 1.275829e-02 3.044869e-01 2.113092e-02
2.243168e-02 8.655816e-01 4.452376e-02 1.361394e-01 2.577397e-02 -3.692712e-01 4.224835e-02 1.128716e-01 7.770498e-03 4.226185e-04 9.040267e-03 3.123529e-01 3.636952e-02
2.455360e-02 1.143225e+00 1.309717e-01 1.724349e-01 6.158584e-02 -3.604771e-01 3.102701e-02 1.315689e-01 2.074776e-02 -9.594698e-03 1.169901e-02 2.822282e-01 8.915026e-03
2.728178e-02 8.363506e-01 6.405689e-02 1.460246e-01 1.919427e-02 -2.872137e-01 4.646768e-02 1.258547e-01 1.133163e-02 -4.603606e-03 3.187867e-03 3.247910e-01 6.231862e-02
3.061622e-02 7.425324e-01 8.617364e-02 1.273915e-01 2.721520e-02 -2.619155e-01 3.873339e-02 1.352805e-01 1.362377e-02 -8.388015e-03 9.320480e-03 3.163039e-01 2.080662e-02
3.455692e-02 1.070514e+00 8.878412e-02 1.479098e-01 4.535088e-02 -3.841270e-01 6.587076e-02 1.682529e-01 2.425032e-02 -2.648048e-02 1.986453e-02 4.431673e-01 7.531762e-02
7.578272e-03 1.097734e+00 1.150804e-01 1.948995e-01 2.217524e-02 -4.012907e-01 7.466238e-02 9.870345e-02 6.284834e-03 -4.824090e-03 3.814807e-03 2.513988e-01 5.034451e-02
7.881403e-03 6.381690e-01 1.141079e-01 1.261022e-01 2.424292e-02 -1.944862e-01 4.927243e-02 8.824562e-02 3.111350e-03 2.499931e-02 1.500191e-02 1.582422e-01 2.087533e-02
8.790795e-03 9.929042e-01 9.233998e-02 1.241398e-01 1.896893e-02 -4.158242e-01 4.915468e-02 7.656463e-02 9.113467e-03 1.093303e-02 4.663808e-03 2.874970e-01 3.640698e-02
1.030645e-02 6.900618e-01 8.777198e-02 1.268916e-01 2.534716e-02 -2.259241e-01 2.862665e-02 8.376334e-02 8.970456e-03 9.280567e-03 1.403977e-02 1.717327e-01 1.451573e-02
1.242837e-02 8.134546e-01 1.233527e-01 9.903852e-02 1.776068e-02 -3.096161e-01 5.306576e-02 8.299158e-02 3.446982e-03 2.768799e-02 1.030673e-02 2.479202e-01 2.708756e-02
1.515654e-02 8.614877e-01 9.471624e-02 1.181581e-01 1.933507e-02 -3.155142e-01 4.090615e-02 7.600154e-02 5.490364e-03 1.128939e-02 1.033572e-02 2.548217e-01 3.188565e-02
1.849098e-02 8.657130e-01 1.002607e-01 1.524554e-01 2.811757e-02 -2.797331e-01 3.414206e-02 1.068642e-01 6.525700e-03 4.864515e-03 5.397447e-03 2.269093e-01 2.842920e-02
2.243168e-02 9.438390e-01 1.477256e-01 1.249831e-01 2.169923e-02 -3.477500e-01 9.312874e-02 9.528672e-02 1.026158e-02 5.889454e-03 2.433938e-02 3.052052e-01 2.818148e-02
7.881403e-03 7.205964e-01 1.564803e-01 9.839201e-02 1.475455e-02 -2.773038e-01 7.436946e-02 6.999086e-02 8.954329e-03 2.061747e-02 1.457505e-02 2.016464e-01 3.593772e-02
8.184533e-03 1.037188e+00 3.026267e-01 1.272206e-01 2.582940e-02 -4.345432e-01 1.424041e-01 6.748806e-02 5.378603e-03 6.298345e-03 6.408997e-03 2.912607e-01 7.825179e-02
9.093926e-03 7.570879e-01 1.022558e-01 1.168479e-01 2.134647e-02 -2.862217e-01 3.105842e-02 7.397632e-02 8.342273e-03 8.411026e-03 5.090084e-03 2.039924e-01 2.185343e-02
1.060958e-02 6.811549e-01 1.029262e-01 9.003784e-02 1.899539e-02 -2.752760e-01 5.619916e-02 7.611187e-02 4.846229e-03 2.762715e-02 1.127432e-02 2.310552e-01 3.977829e-02
1.273150e-02 7.284028e-01 6.302578e-02 1.149725e-01 7.193905e-03 -2.700830e-01 4.011862e-02 8.243795e-02 5.529997e-03 9.377425e-03 5.493492e-03 2.089440e-01 2.433108e-02
1.545967e-02 7.581444e-01 5.413887e-02 1.186303e-01 1.277637e-02 -2.872500e-01 1.810210e-02 8.849458e-02 6.015253e-03 1.110783e-02 8.085061e-03 2.374468e-01 1.470408e-02
1.879411e-02 9.049102e-01 7.730661e-02 1.520495e-01 1.988511e-02 -3.427793e-01 3.975919e-02 1.053932e-01 9.620480e-03 -5.122828e-03 7.426527e-03 2.735475e-01 2.646792e-02
2.273481e-02 8.001605e-01 1.459634e-01 1.377383e-01 2.208676e-02 -2.788368e-01 5.276149e-02 1.187503e-01 4.483723e-03 1.837327e-02 1.967737e-02 3.031047e-01 2.695412e-02
8.790795e-03 6.573856e-01 8.847491e-02 1.000183e-01 1.405840e-02 -2.388514e-01 3.626381e-02 6.667717e-02 5.398855e-03 1.178064e-02 5.056731e-03 1.743355e-01 1.999945e-02
9.093926e-03 7.603757e-01 1.338196e-01 1.073680e-01 2.322147e-02 -3.004177e-01 5.646956e-02 7.322950e-02 3.521627e-03 1.698396e-02 1.414884e-02 2.229322e-01 2.210152e-02
1.000332e-02 4.730040e-01 5.618315e-02 7.525512e-02 1.748532e-02 -1.553591e-01 1.807867e-02 6.618940e-02 4.950385e-03 2.543862e-02 2.992021e-03 1.482962e-01 1.178174e-02
1.151897e-02 8.577963e-01 1.329235e-01 1.389966e-01 3.656661e-02 -3.015731e-01 2.800766e-02 7.757704e-02 6.727016e-03 -9.178158e-04 1.009810e-02 2.049046e-01 1.111015e-02
1.364089e-02 9.778131e-01 1.377216e-01 1.633400e-01 2.649530e-02 -3.683659e-01 5.600044e-02 9.403831e-02 6.018243e-03 -9.543026e-03 1.549207e-02 2.509074e-01 1.823370e-02
1.636907e-02 8.914982e-01 8.533274e-02 1.442905e-01 2.700292e-02 -3.148015e-01 4.869355e-02 9.069606e-02 1.331454e-02 5.028071e-03 9.923216e-03 2.501781e-01 3.241259e-02
1.970351e-02 9.137085e-01 1.707478e-01 1.084648e-01 2.440554e-02 -3.293464e-01 9.213497e-02 1.077926e-01 1.074860e-02 2.674159e-02 7.068917e-03 2.899047e-01 6.116609e-02
2.364421e-02 7.907914e-01 6.473547e-02 1.159484e-01 3.000030e-02 -3.300902e-01 5.386040e-02 1.108764e-01 1.446338e-02 -3.216013e-03 1.855800e-02 2.910283e-01 3.676784e-02
1.030645e-02 9.402221e-01 1.669819e-01 1.436364e-01 2.102022e-02 -3.183420e-01 5.285950e-02 9.222006e-02 7.050356e-03 2.363413e-02 1.589588e-02 2.328852e-01 2.402094e-02
1.060958e-02 6.651656e-01 4.306882e-02 9.223660e-02 2.137223e-02 -2.779281e-01 4.315607e-02 8.141429e-02 7.399691e-03 2.810236e-02 6.114872e-03 2.321298e-01 3.262348e-02
1.151897e-02 8.079735e-01 1.216242e-01 9.832550e-02 2.177343e-02 -3.234439e-01 6.715116e-02 7.798189e-02 1.087885e-02 2.575351e-02 1.239221e-02 2.552985e-01 5.119505e-02
1.303463e-02 9.390631e-01 2.501988e-01 1.233094e-01 3.641777e-02 -3.488546e-01 1.137991e-01 7.807258e-02 6.521607e-03 5.561927e-03 1.341549e-02 2.378696e-01 5.242985e-02
1.515654e-02 8.827671e-01 7.817912e-02 1.346586e-01 2.314986e-02 -3.130157e-01 3.595168e-02 7.841622e-02 8.429571e-03 -3.893653e-03 1.093959e-02 2.434211e-01 2.172788e-02
1.788472e-02 9.380528e-01 5.315028e-02 1.576783e-01 1.752186e-02 -3.355471e-01 2.819947e-02 1.020919e-01 7.150660e-03 -1.727626e-03 1.623692e-02 2.510232e-01 1.386033e-02
2.121916e-02 9.294544e-01 1.303417e-01 1.372638e-01 1.667503e-02 -3.212473e-01 7.575229e-02 1.033863e-01 6.530101e-03 1.161884e-02 5.197260e-03 2.964508e-01 5.223737e-02
2.515986e-02 9.440020e-01 6.967039e-02 1.398606e-01 2.444094e-02 -3.380673e-01 4.983664e-02 1.147253e-01 1.742302e-02 -2.210172e-03 1.130205e-02 3.168521e-01 3.631719e-02
1.242837e-02 9.819372e-01 1.579813e-01 1.085845e-01 1.453934e-02 -3.878265e-01 6.575537e-02 6.521465e-02 8.634062e-03 5.233257e-03 1.144439e-02 2.685715e-01 3.251530e-02
1.273150e-02 7.383174e-01 7.009415e-02 1.036251e-01 1.925560e-02 -2.915174e-01 3.329952e-02 8.632670e-02 2.556366e-03 1.894452e-02 1.325660e-02 2.386575e-01 1.588581e-02
1.364089e-02 8.897110e-01 1.518294e-01 1.248384e-01 2.343441e-02 -3.541835e-01 6.365934e-02 7.217613e-02 8.129133e-03 2.179235e-03 1.050748e-02 2.589085e-01 2.444856e-02
1.515654e-02 7.411420e-01 6.610911e-02 9.062730e-02 2.314312e-02 -3.059427e-01 2.821873e-02 7.712805e-02 9.125623e-03 1.962485e-02 1.843136e-02 2.649662e-01 2.101100e-02
1.727846e-02 7.389642e-01 8.177011e-02 1.055663e-01 1.302175e-02 -2.789069e-01 4.677088e-02 9.317577e-02 4.388821e-03 2.118187e-02 5.827998e-03 2.503155e-01 3.594724e-02
2.000664e-02 9.378496e-01 1.207355e-01 1.498164e-01 1.269687e-02 -3.659761e-01 6.907607e-02 1.121742e-01 1.089357e-02 2.817967e-03 1.408232e-02 3.047152e-01 3.784070e-02
2.334108e-02 7.074100e-01 4.877680e-02 1.266093e-01 2.470862e-02 -2.738243e-01 1.028672e-02 1.160787e-01 1.118304e-02 3.050612e-03 7.724103e-03 2.725906e-01 1.369876e-02
2.728178e-02 7.422470e-01 5.084188e-02 1.048812e-01 2.230233e-02 -2.781543e-01 4.456770e-02 1.238561e-01 1.340473e-02 6.134332e-03 1.096441e-02 3.334257e-01 3.450591e-02
1.515654e-02 1.146193e+00 1.837837e-01 1.434635e-01 1.738886e-02 -4.783156e-01 9.061225e-02 7.830599e-02 9.918236e-03 -1.426960e-02 8.553237e-03 3.170114e-01 5.050266e-02
1.545967e-02 7.997623e-01 1.574772e-01 1.129842e-01 3.065479e-02 -3.049017e-01 6.623459e-02 9.918381e-02 1.363284e-02 1.822543e-02 1.301758e-02 2.555344e-01 3.092520e-02
1.636907e-02 7.870675e-01 7.826194e-02 1.102930e-01 2.694166e-02 -2.731946e-01 2.478070e-02 8.233377e-02 1.032411e-02 1.248528e-02 5.519857e-03 2.214556e-01 2.513939e-02
1.788472e-02 9.198188e-01 1.062805e-01 1.358968e-01 3.345027e-02 -3.615150e-01 5.738165e-02 1.027220e-01 4.496787e-03 1.220399e-02 2.523869e-02 2.962894e-01 2.072750e-02
2.000664e-02 9.183367e-01 6.176906e-02 1.293484e-01 3.135516e-02 -3.387347e-01 2.342247e-02 1.024318e-01 1.403278e-02 -1.227850e-03 4.725958e-03 2.582603e-01 1.246701e-02
2.273481e-02 8.623580e-01 9.308726e-02 1.214073e-01 1.086838e-02 -3.072403e-01 4.018735e-02 1.117917e-01 7.953107e-03 7.944236e-03 9.400941e-03 2.752455e-01 2.675300e-02
2.606925e-02 9.631318e-01 1.093595e-01 1.542702e-01 1.944128e-02 -3.786421e-01 6.131444e-02 1.194045e-01 7.682747e-03 -3.173521e-02 1.161538e-02 3.258914e-01 2.694770e-02
3.000996e-02 8.781077e-01 9.152655e-02 1.523500e-01 2.935330e-02 -3.214536e-01 3.936738e-02 1.382381e-01 1.639432e-02 -4.734750e-03 1.354808e-02 3.661911e-01 1.072517e-02
1.849098e-02 1.152570e+00 1.420568e-01 1.844197e-01 1.625128e-02 -4.347299e-01 9.315261e-02 1.110433e-01 1.328663e-02 -1.775820e-02 1.085349e-02 3.249914e-01 6.316525e-02
1.879411e-02 9.176394e-01 7.480312e-02 1.729895e-01 2.072053e-02 -3.305499e-01 1.346299e-02 1.069161e-01 1.247195e-02 -1.286223e-02 9.839476e-03 2.583823e-01 1.373151e-02
1.970351e-02 8.205153e-01 3.088753e-02 1.110205e-01 9.053190e-03 -3.377297e-01 2.088664e-02 9.670413e-02 7.042189e-03 3.577491e-03 8.338573e-03 2.781204e-01 2.573170e-02
2.121916e-02 9.263687e-01 8.834624e-02 1.427221e-01 2.267183e-02 -3.268404e-01 3.721796e-02 1.168530e-01 6.300394e-03 1.696583e-03 1.543073e-02 2.700966e-01 2.256701e-02
2.334108e-02 9.009670e-01 1.285406e-01 1.715926e-01 2.389034e-02 -2.693783e-01 4.842814e-02 1.349274e-01 8.268400e-03 8.885436e-03 1.276218e-02 2.803330e-01 2.345108e-02
2.606925e-02 8.850292e-01 6.566889e-02 1.365452e-01 1.417929e-02 -3.229580e-01 4.198193e-02 1.276935e-01 1.068209e-02 -1.817422e-02 7.625127e-03 3.284167e-01 2.467810e-02
2.940369e-02 7.744039e-01 9.203966e-02 1.235362e-01 2.364926e-02 -2.735541e-01 4.341629e-02 1.252336e-01 9.662877e-03 3.234502e-04 1.547203e-02 3.539040e-01 2.548708e-02
3.334440e-02 9.343705e-01 1.063339e-01 1.468331e-01 3.108694e-02 -3.459457e-01 5.042346e-02 1.664522e-01 1.729053e-02 -1.209039e-02 1.744012e-02 3.808816e-01 4.959523e-02
2.243168e-02 8.644440e-01 9.266465e-02 1.041625e-01 1.681456e-02 -3.385072e-01 5.111045e-02 1.066073e-01 5.261907e-03 9.472248e-03 1.494224e-02 2.965328e-01 3.215329e-02
2.273481e-02 7.674787e-01 6.701337e-02 1.092346e-01 2.856702e-02 -2.632240e-01 2.652032e-02 1.178837e-01 6.966108e-03 2.751981e-02 2.291435e-02 2.687043e-01 2.159441e-02
2.364421e-02 9.601047e-01 1.137448e-01 1.537396e-01 3.364400e-02 -3.456124e-01 2.913260e-02 1.196512e-01 1.542491e-02 -3.582156e-03 1.485633e-02 3.223961e-01 2.711232e-02
2.515986e-02 7.575802e-01 1.147204e-01 1.034885e-01 3.637451e-02 -3.156655e-01 6.147414e-02 1.225636e-01 1.596022e-02 2.512058e-02 1.381197e-02 3.410715e-01 3.560048e-02
2.728178e-02 8.844673e-01 1.043608e-01 1.169709e-01 1.610460e-02 -3.688135e-01 6.725520e-02 1.159167e-01 4.155387e-03 -2.328424e-02 1.130277e-02 3.263878e-01 3.671570e-02
3.000996e-02 1.071756e+00 7.419240e-02 1.411740e-01 2.884261e-02 -4.094161e-01 5.583913e-02 1.402678e-01 4.809203e-03 -1.863672e-03 2.164252e-02 3.885040e-01 5.086783e-02
3.334440e-02 9.373999e-01 9.967619e-02 1.540212e-01 4.849756e-02 -3.210146e-01 7.292890e-02 1.657242e-01 8.999105e-03 -2.096201e-02 2.369159e-02 4.295501e-01 2.947588e-02
3.728510e-02 8.885136e-01 1.110414e-01 1.764344e-01 4.230153e-02 -3.162530e-01 5.102811e-02 2.253035e-01 3.046264e-02 -3.453168e-02 3.496804e-02 4.918925e-01 2.261929e-02
1.091271e-02 1.008987e+00 1.070371e-01 1.176573e-01 7.238905e-03 -4.205688e-01 7.305105e-02 6.923088e-02 4.408945e-03 -5.016357e-04 6.644425e-03 2.766008e-01 4.527473e-02
1.121584e-02 9.828629e-01 1.094760e-01 1.324861e-01 2.650081e-02 -3.898510e-01 4.656363e-02 8.470916e-02 5.411210e-03 7.991165e-03 1.126797e-02 2.656470e-01 2.606325e-02
1.212523e-02 7.568209e-01 1.061434e-01 1.201784e-01 1.253123e-02 -2.752724e-01 4.754804e-02 7.031761e-02 6.041275e-03 5.611692e-03 9.029788e-03 2.130647e-01 1.223092e-02
1.364089e-02 1.140032e+00 1.964365e-01 1.662983e-01 4.853868e-02 -4.412795e-01 5.676707e-02 8.879201e-02 1.339282e-02 -1.412485e-02 1.160059e-02 2.753874e-01 2.090600e-02
1.576281e-02 7.991426e-01 1.762851e-01 1.251776e-01 2.389367e-02 -3.032587e-01 9.255139e-02 9.995690e-02 5.671220e-03 1.666572e-02 1.144329e-02 2.564771e-01 4.945842e-02
1.849098e-02 8.577431e-01 1.078134e-01 1.040667e-01 2.347439e-02 -3.264230e-01 4.415168e-02 8.306816e-02 7.312860e-03 8.533831e-04 1.426954e-02 2.578701e-01 2.720576e-02
2.182542e-02 8.270084e-01 9.168305e-02 1.185627e-01 2.575886e-02 -2.946488e-01 3.070240e-02 1.066714e-01 1.192313e-02 6.571371e-03 1.159448e-02 2.533411e-01 2.429590e-02
2.576612e-02 1.021798e+00 1.013377e-01 1.648255e-01 2.882909e-02 -4.079715e-01 7.119932e-02 1.243419e-01 6.098726e-03 -1.025426e-02 1.728065e-02 3.720777e-01 6.089436e-02
1.121584e-02 6.469009e-01 1.014076e-01 8.050154e-02 2.064862e-02 -2.484110e-01 5.376553e-02 6.450127e-02 9.972894e-03 1.702652e-02 5.113421e-03 1.938186e-01 2.807715e-02
1.151897e-02 9.343789e-01 2.606748e-01 1.312045e-01 4.059947e-02 -3.920216e-01 1.303620e-01 8.821546e-02 1.146757e-02 1.563002e-02 1.407667e-02 2.914111e-01 6.717466e-02
1.242837e-02 9.297028e-01 7.467812e-02 1.424005e-01 2.292843e-02 -3.733754e-01 2.622071e-02 9.430441e-02 7.203978e-03 1.072814e-02 1.869558e-02 2.834120e-01 2.246769e-02
1.394402e-02 1.031120e+00 1.576950e-01 1.112925e-01 1.683673e-02 -4.237334e-01 7.083106e-02 9.289565e-02 1.061311e-02 2.223631e-02 1.096034e-02 3.105787e-01 3.130124e-02
1.606594e-02 9.434276e-01 1.843785e-01 1.310725e-01 2.708107e-02 -3.469019e-01 6.635048e-02 8.983470e-02 3.943570e-03 4.112200e-03 1.088392e-02 2.470091e-01 2.819631e-02
1.879411e-02 8.351247e-01 1.700287e-01 1.213483e-01 1.697982e-02 -2.878451e-01 5.740787e-02 9.792778e-02 6.289102e-03 5.469190e-03 1.282861e-02 2.390571e-01 1.547027e-02
2.212855e-02 8.592454e-01 8.769294e-02 1.048565e-01 1.403105e-02 -3.882212e-01 1.921373e-02 8.488310e-02 4.490690e-03 -7.204301e-04 9.067499e-03 3.468113e-01 2.448450e-02
2.606925e-02 8.235289e-01 3.477611e-02 1.355441e-01 2.406056e-02 -2.714299e-01 2.915631e-02 1.174153e-01 3.708119e-03 -1.370699e-03 7.753038e-03 2.895925e-01 1.786583e-02
1.212523e-02 9.102906e-01 1.110479e-01 1.564868e-01 3.624356e-02 -3.209255e-01 4.185972e-02 9.878897e-02 5.442514e-03 5.822825e-03 1.989936e-02 2.331970e-01 1.193196e-02
1.242837e-02 1.012852e+00 1.280680e-01 1.580098e-01 1.076924e-02 -3.983409e-01 6.237693e-02 8.373990e-02 5.597547e-03 -1.267223e-02 9.294778e-03 2.628661e-01 3.092048e-02
1.333776e-02 7.159958e-01 9.189603e-02 1.030908e-01 1.516727e-02 -2.891244e-01 3.431632e-02 8.541727e-02 5.828678e-03 2.342295e-02 1.321354e-02 2.397445e-01 1.018752e-02
1.485341e-02 1.057964e+00 1.403510e-01 1.406496e-01 2.065841e-02 -4.657021e-01 7.099259e-02 7.419904e-02 5.569410e-03 -9.800674e-03 1.279086e-02 3.387184e-01 4.096181e-02
1.697533e-02 8.653736e-01 1.147857e-01 1.515688e-01 1.747448e-02 -3.203488e-01 5.465537e-02 9.385076e-02 4.800314e-03 4.094272e-03 1.548494e-02 2.556640e-01 1.366828e-02
1.970351e-02 8.507170e-01 1.170902e-01 1.533756e-01 1.583576e-02 -2.878912e-01 4.794838e-02 1.129367e-01 6.982287e-03 1.544870e-02 1.249114e-02 2.708184e-01 2.201981e-02
2.303795e-02 8.170310e-01 1.184291e-01 9.645746e-02 2.837250e-02 -3.136434e-01 5.192306e-02 1.057423e-01 8.973628e-03 3.180655e-02 1.598632e-02 3.188091e-01 3.415217e-02
2.697865e-02 9.428980e-01 1.479411e-01 1.489956e-01 4.618219e-02 -3.276708e-01 5.060014e-02 1.344258e-01 1.636242e-02 1.218487e-02 1.043997e-02 3.375365e-01 1.759705e-02
1.364089e-02 6.606387e-01 7.064509e-02 9.213857e-02 1.062730e-02 -2.528514e-01 3.576686e-02 7.661160e-02 3.029339e-03 2.451078e-02 6.430473e-03 2.319648e-01 2.339841e-02
1.394402e-02 8.893144e-01 8.108029e-02 1.393343e-01 4.087942e-02 -3.329528e-01 4.479177e-02 9.573232e-02 9.125499e-03 1.001345e-02 2.190442e-02 2.541844e-01 3.629534e-02
1.485341e-02 7.152168e-01 9.968388e-02 1.201557e-01 1.436631e-02 -2.526588e-01 4.923527e-02 8.925861e-02 8.454858e-03 2.051425e-02 2.849844e-03 2.196963e-01 3.753597e-02
1.636907e-02 5.977000e-01 4.474394e-02 8.455404e-02 1.294279e-02 -2.291321e-01 2.919369e-02 8.230984e-02 6.047176e-03 2.514817e-02 4.103007e-03 2.223289e-01 2.446034e-02
1.849098e-02 9.945245e-01 1.102593e-01 1.252845e-01 1.874412e-02 -4.185056e-01 3.935818e-02 8.531656e-02 9.923296e-03 2.880729e-03 9.237001e-03 3.207954e-01 1.397903e-02
2.121916e-02 1.054312e+00 1.689344e-01 1.560258e-01 3.024764e-02 -3.895550e-01 5.694220e-02 9.298400e-02 7.923942e-03 -1.911648e-02 7.225916e-03 2.765016e-01 2.177285e-02
2.455360e-02 7.529076e-01 8.385184e-02 1.236848e-01 2.747442e-02 -2.578105e-01 5.687402e-02 1.261815e-01 9.272774e-03 1.655427e-02 2.052990e-02 2.736952e-01 2.555234e-02
2.849430e-02 9.547964e-01 8.151118e-02 1.180256e-01 1.430124e-02 -3.766330e-01 5.342539e-02 1.275754e-01 1.193743e-02 2.354285e-04 2.342903e-02 3.649049e-01 4.160655e-02
1.576281e-02 7.859092e-01 7.354250e-02 1.279144e-01 1.474731e-02 -2.897971e-01 3.610535e-02 9.004308e-02 8.874630e-03 4.770765e-03 1.594038e-02 2.344442e-01 2.407795e-02
1.606594e-02 1.001055e+00 1.699331e-01 1.597033e-01 4.511336e-02 -3.756109e-01 7.050588e-02 1.110459e-01 1.354431e-02 1.178584e-02 1.868401e-02 2.847157e-01 4.355085e-02
1.697533e-02 7.966557e-01 2.731537e-02 1.259218e-01 1.339101e-02 -2.838519e-01 1.661141e-02 9.542540e-02 4.776771e-03 1.574176e-02 1.091379e-02 2.442494e-01 1.060510e-02
1.849098e-02 6.665182e-01 7.984510e-02 1.060311e-01 2.343721e-02 -2.538169e-01 3.733528e-02 8.722485e-02 9.571573e-03 3.056786e-03 1.623557e-02 2.337536e-01 2.924951e-02
2.061290e-02 7.167810e-01 7.507787e-02 1.039962e-01 1.569790e-02 -2.509965e-01 7.429720e-03 9.833601e-02 6.135614e-03 3.353415e-02 6.388652e-03 2.701626e-01 7.677910e-03
2.334108e-02 9.590645e-01 1.196846e-01 1.532327e-01 3.708163e-02 -3.351111e-01 2.493209e-02 1.181037e-01 1.649555e-02 -6.327627e-04 4.596297e-03 3.103099e-01 2.532223e-02
2.667552e-02 8.228771e-01 1.488942e-01 1.196844e-01 2.405055e-02 -2.696973e-01 5.304618e-02 1.092002e-01 1.032130e-02 1.119686e-02 1.985187e-02 3.115693e-01 2.815503e-02
3.061622e-02 8.634309e-01 3.942565e-02 1.800633e-01 1.873313e-02 -3.232930e-01 3.077203e-02 1.744020e-01 1.558966e-02 -1.775111e-02 1.640644e-02 3.957867e-01 1.611014e-02
1.849098e-02 9.311617e-01 1.399567e-01 1.610297e-01 3.320900e-02 -3.478172e-01 6.091480e-02 1.055165e-01 1.352438e-02 -5.233104e-03 1.563143e-02 2.834109e-01 3.314995e-02
1.879411e-02 8.560665e-01 9.869271e-02 1.044169e-01 2.216457e-02 -3.403791e-01 3.904415e-02 8.897560e-02 7.732634e-03 2.920748e-02 1.080210e-02 3.080652e-01 3.032848e-02
1.970351e-02 8.009329e-01 1.507015e-01 1.068481e-01 2.889469e-02 -2.916692e-01 5.334962e-02 9.968446e-02 6.575667e-03 2.169811e-02 1.166568e-02 2.700865e-01 3.991109e-02
2.121916e-02 8.863914e-01 9.139606e-02 1.372344e-01 1.220398e-02 -3.629254e-01 5.794621e-02 1.041505e-01 8.149020e-03 -1.348015e-02 1.213284e-02 2.872120e-01 3.030334e-02
2.334108e-02 6.834234e-01 3.962273e-02 7.065450e-02 8.744893e-03 -2.796854e-01 4.408017e-02 9.101821e-02 6.130418e-03 1.960301e-02 1.841157e-02 3.109111e-01 5.862416e-02
2.606925e-02 1.096658e+00 1.133021e-01 1.631967e-01 4.418641e-02 -4.089522e-01 2.149829e-02 1.223894e-01 9.537871e-03 -2.356607e-02 1.679491e-02 3.609664e-01 4.533815e-02
2.940369e-02 8.591978e-01 9.178211e-02 1.146560e-01 3.000917e-02 -3.060281e-01 3.692832e-02 1.425607e-01 1.095803e-02 -9.467113e-03 1.303026e-02 3.078470e-01 1.770907e-02
3.334440e-02 7.357007e-01 1.035935e-01 9.218702e-02 2.656358e-02 -2.947154e-01 6.489496e-02 1.763175e-01 1.436896e-02 3.497175e-02 1.641064e-02 3.990403e-01 3.079750e-02
2.182542e-02 8.760890e-01 3.802762e-02 1.435339e-01 2.486139e-02 -2.825233e-01 4.834653e-02 1.064249e-01 1.250986e-02 1.176230e-02 6.558114e-03 2.461078e-01 4.071266e-02
2.212855e-02 8.121213e-01 6.595456e-02 9.863959e-02 2.990285e-02 -3.274920e-01 4.411144e-02 1.034252e-01 5.896756e-03 2.180242e-02 1.418200e-02 3.039443e-01 3.384413e-02
2.303795e-02 8.054976e-01 7.882627e-02 1.226134e-01 1.858991e-02 -3.308770e-01 5.004701e-02 1.004671e-01 9.000556e-03 6.492368e-03 1.068852e-02 3.286306e-01 4.509984e-02
2.455360e-02 9.077742e-01 2.358865e-02 1.207354e-01 1.755760e-02 -3.395990e-01 4.124941e-02 1.173771e-01 9.722798e-03 8.501760e-03 7.393198e-03 3.213899e-01 4.208219e-02
2.667552e-02 1.008705e+00 1.168295e-01 1.834293e-01 2.332300e-02 -3.210024e-01 6.250629e-02 1.385764e-01 6.199048e-03 -1.021469e-04 8.373637e-03 3.032874e-01 3.554791e-02
2.940369e-02 9.178518e-01 9.325690e-02 1.449108e-01 3.107770e-02 -3.259220e-01 4.772236e-02 1.554559e-01 1.818966e-02 -3.105327e-04 1.289718e-02 3.628391e-01 2.341687e-02
3.273813e-02 8.909586e-01 5.967426e-02 1.247799e-01 1.373805e-02 -3.446818e-01 4.541438e-02 1.508054e-01 1.298514e-02 -3.665439e-03 1.788253e-02 3.962674e-01 3.399024e-02
3.667883e-02 7.968807e-01 4.908061e-02 1.724293e-01 1.852019e-02 -2.599560e-01 3.745794e-02 2.139702e-01 1.832058e-02 -4.845359e-02 1.627348e-02 4.009077e-01 3.455389e-02
2.576612e-02 8.612030e-01 6.662125e-02 1.412186e-01 2.298681e-02 -3.552215e-01 4.678168e-02 1.490287e-01 4.110899e-03 -1.468446e-02 1.360746e-02 3.331070e-01 3.791898e-02
2.606925e-02 8.365515e-01 1.324436e-01 1.312225e-01 2.114470e-02 -3.209991e-01 6.553645e-02 1.298250e-01 1.082593e-02 -1.548943e-03 8.220261e-03 3.266175e-01 3.921823e-02
2.697865e-02 8.722171e-01 1.344198e-01 1.679036e-01 2.397104e-02 -2.952610e-01 7.554301e-02 1.455223e-01 1.349460e-02 -5.996294e-03 1.634338e-02 3.123486e-01 2.450681e-02
2.849430e-02 7.065037e-01 3.264112e-02 1.093675e-01 2.847881e-02 -2.971655e-01 2.453272e-02 1.501281e-01 1.201731e-02 6.846130e-03 1.818345e-02 3.546730e-01 3.996036e-02
3.061622e-02 9.032845e-01 2.134403e-02 1.386138e-01 2.185453e-02 -3.095810e-01 4.040586e-02 1.560757e-01 1.461078e-02 -1.655752e-03 1.463455e-02 3.546038e-01 2.808448e-02
3.334440e-02 8.593050e-01 4.162062e-02 1.474577e-01 2.361520e-02 -3.133161e-01 3.234599e-02 1.678081e-01 2.507869e-02 -2.929648e-02 1.791903e-02 3.920626e-01 2.613600e-02
3.667883e-02 1.009894e+00 1.275968e-01 1.364661e-01 2.248783e-02 -3.730658e-01 5.929188e-02 1.851612e-01 9.426414e-03 -3.116759e-02 4.473274e-03 4.466219e-01 4.064004e-02
4.061954e-02 7.835165e-01 6.424200e-02 1.382127e-01 2.527502e-02 -2.345132e-01 1.870921e-02 2.411717e-01 1.440795e-02 -5.837295e-02 1.520038e-02 4.718690e-01 2.970528e-02
1.485341e-02 7.984002e-01 1.252806e-01 1.005032e-01 1.705710e-02 -2.977333e-01 6.284256e-02 7.699503e-02 1.087904e-02 2.116955e-02 6.901317e-03 2.314464e-01 2.738696e-02
1.515654e-02 8.788660e-01 6.544554e-02 1.038392e-01 2.070635e-02 -3.251127e-01 4.039723e-02 7.742225e-02 1.145052e-02 1.335410e-02 6.839614e-03 2.530571e-01 2.095308e-02
1.606594e-02 8.287469e-01 1.431534e-01 1.454708e-01 3.464031e-02 -2.936529e-01 4.162861e-02 9.777023e-02 9.620202e-03 2.042699e-03 1.413912e-02 2.334626e-01 1.440912e-02
1.758159e-02 1.034074e+00 2.848930e-02 1.589084e-01 2.500041e-02 -3.740680e-01 4.751578e-02 1.068727e-01 1.496536e-02 3.453139e-03 8.935956e-03 2.808380e-01 3.099929e-02
1.970351e-02 1.061421e+00 1.021271e-01 1.616672e-01 1.036224e-02 -4.066480e-01 4.961394e-02 1.117352e-01 1.056324e-02 -6.611764e-03 6.376728e-03 3.044869e-01 2.687692e-02
2.243168e-02 7.950863e-01 1.191680e-01 1.372170e-01 2.353349e-02 -2.662028e-01 4.667748e-02 1.149098e-01 1.309794e-02 1.350947e-02 1.556809e-02 2.657981e-01 2.451086e-02
2.576612e-02 7.213557e-01 7.736741e-02 8.116494e-02 3.487632e-02 -3.133877e-01 5.250653e-02 1.103016e-01 6.416617e-03 9.502979e-03 2.331567e-02 3.242201e-01 5.260965e-02
2.970682e-02 9.184536e-01 6.106556e-02 1.267659e-01 2.171753e-02 -3.626845e-01 4.281107e-02 1.501729e-01 1.003525e-02 5.562822e-03 2.491808e-02 4.066294e-01 2.488911e-02
1.515654e-02 8.067988e-01 1.315000e-01 9.341135e-02 1.412292e-02 -3.245433e-01 5.764082e-02 7.818447e-02 1.121663e-02 2.135801e-02 1.506614e-02 2.668140e-01 2.941224e-02
1.545967e-02 1.117108e+00 1.384644e-01 1.670545e-01 4.731670e-02 -4.126556e-01 1.796336e-02 8.723521e-02 1.429799e-02 -1.595330e-02 1.409170e-02 2.616700e-01 1.404508e-02
1.636907e-02 6.576698e-01 3.994925e-02 9.102207e-02 8.596840e-03 -2.428140e-01 3.456866e-02 8.242421e-02 7.401548e-03 1.860850e-02 9.868426e-03 2.276787e-01 3.505257e-02
1.788472e-02 8.254350e-01 1.534477e-01 1.268886e-01 2.013424e-02 -3.167028e-01 7.241026e-02 9.521400e-02 9.971854e-03 2.137260e-03 9.679354e-03 2.515750e-01 4.171460e-02
2.000664e-02 9.073027e-01 1.552209e-01 1.380133e-01 2.174981e-02 -3.462253e-01 6.469361e-02 1.161143e-01 8.017753e-03 2.513762e-03 1.133605e-02 3.092152e-01 1.381305e-02
2.273481e-02 1.057008e+00 1.571224e-01 1.323758e-01 1.284535e-02 -4.451315e-01 7.427865e-02 9.345479e-02 1.075718e-02 -4.425495e-03 1.584285e-02 3.757534e-01 4.271696e-02
2.606925e-02 6.729478e-01 6.333776e-02 1.047180e-01 9.842500e-03 -2.410838e-01 5.409158e-02 1.126369e-01 7.860449e-03 1.378224e-02 1.050239e-02 2.851924e-01 2.153581e-02
3.000996e-02 7.277887e-01 7.116062e-02 8.765763e-02 2.120883e-02 -2.610547e-01 1.173356e-02 1.262205e-01 9.864961e-03 5.243395e-03 7.260406e-03 3.138469e-01 2.078651e-02
1.606594e-02 9.796451e-01 1.979066e-01 1.686088e-01 3.444725e-02 -3.882601e-01 9.314196e-02 1.097934e-01 1.194456e-02 -1.467600e-02 2.093829e-02 2.820851e-01 4.275120e-02
1.636907e-02 1.006100e+00 8.477649e-02 1.103014e-01 9.506884e-03 -4.240496e-01 5.182340e-02 8.959150e-02 1.006500e-02 1.129316e-02 1.046744e-02 3.176857e-01 2.288551e-02
1.727846e-02 6.651976e-01 1.604692e-01 9.818250e-02 1.694350e-02 -2.681656e-01 8.750061e-02 1.004006e-01 6.701274e-03 1.649878e-02 1.244216e-02 2.477190e-01 4.853420e-02
1.879411e-02 9.815581e-01 1.155963e-01 1.312072e-01 2.409214e-02 -3.713868e-01 5.929574e-02 9.547543e-02 1.395066e-02 -5.776157e-03 9.121979e-03 2.667729e-01 2.387881e-02
2.091603e-02 8.153545e-01 6.494747e-02 1.383791e-01 1.098265e-02 -3.024123e-01 3.234950e-02 1.128798e-01 1.153710e-02 7.881196e-03 1.975195e-02 2.683241e-01 3.058227e-02
2.364421e-02 8.167064e-01 4.797745e-02 1.124603e-01 1.979367e-02 -3.206506e-01 2.526993e-02 1.112583e-01 3.851143e-03 1.441787e-02 1.830832e-02 3.084699e-01 2.459873e-02
2.697865e-02 8.539686e-01 6.873667e-02 1.501363e-01 8.902929e-03 -2.706857e-01 5.162800e-02 1.325939e-01 5.416897e-03 1.201884e-02 8.726778e-03 3.244292e-01 3.990666e-02
3.091935e-02 7.971768e-01 5.248720e-02 1.490732e-01 2.249460e-02 -2.903633e-01 2.633603e-02 1.402848e-01 1.546167e-02 -4.495582e-03 6.965322e-03 3.194225e-01 1.173393e-02
1.758159e-02 7.196650e-01 9.039284e-02 1.082773e-01 1.141676e-02 -2.456522e-01 4.416408e-02 8.739485e-02 9.351764e-03 1.419270e-02 2.965727e-03 2.313913e-01 2.609754e-02
1.788472e-02 1.015149e+00 1.326539e-01 1.344103e-01 1.975250e-02 -3.669889e-01 7.659806e-02 8.464681e-02 5.536635e-03 5.013652e-03 1.676666e-02 2.686723e-01 4.061475e-02
1.879411e-02 8.256746e-01 6.466309e-02 1.061729e-01 3.705276e-03 -3.154177e-01 2.275326e-02 9.185289e-02 1.345281e-02 2.596647e-02 1.463402e-02 2.858472e-01 2.641273e-02
2.030977e-02 8.501167e-01 5.638420e-02 1.504088e-01 1.879168e-02 -2.852857e-01 2.240496e-02 1.016576e-01 4.536382e-03 3.159481e-03 1.453066e-02 2.698929e-01 1.068894e-02
2.243168e-02 7.991622e-01 1.893646e-01 1.488707e-01 4.786871e-02 -2.719360e-01 3.955138e-02 1.082461e-01 1.095719e-02 7.217583e-03 2.018298e-02 2.647258e-01 1.832682e-02
2.515986e-02 9.560460e-01 7.968959e-02 1.598660e-01 2.117518e-02 -3.775831e-01 6.475814e-02 1.201070e-01 5.862073e-03 -1.518858e-02 7.803462e-03 3.283777e-01 4.405971e-02
2.849430e-02 8.920035e-01 8.624602e-02 1.545097e-01 1.676863e-02 -3.160309e-01 3.281635e-02 1.470019e-01 1.519371e-02 8.307296e-05 1.725259e-02 3.242574e-01 1.174708e-02
3.243500e-02 1.287268e+00 4.123184e-02 2.334477e-01 4.153898e-02 -4.410116e-01 2.322811e-02 1.768457e-01 1.471980e-02 -2.842944e-02 3.416840e-02 4.520164e-01 2.095199e-02
1.970351e-02 9.135064e-01 1.077197e-01 1.172981e-01 2.533683e-02 -3.794040e-01 5.571496e-02 1.001707e-01 9.434600e-03 8.853099e-03 8.554886e-03 3.190689e-01 2.978216e-02
2.000664e-02 7.957605e-01 1.728658e-01 1.327918e-01 2.855940e-02 -2.975028e-01 4.871612e-02 9.580763e-02 8.295880e-03 -3.731162e-03 1.286950e-02 2.665436e-01 3.612593e-02
2.091603e-02 6.852517e-01 2.849919e-02 1.247704e-01 2.058286e-02 -2.441473e-01 1.260096e-02 1.187210e-01 1.145326e-02 8.776349e-03 6.230131e-03 2.534968e-01 2.168877e-02
2.243168e-02 7.092886e-01 8.429812e-02 1.151683e-01 2.663877e-02 -2.226493e-01 2.621442e-02 1.116840e-01 1.201173e-02 2.913718e-02 1.311800e-02 2.544416e-01 2.099781e-02
2.455360e-02 9.171361e-01 6.090153e-02 8.302990e-02 3.121970e-02 -3.621972e-01 5.107180e-02 1.004841e-01 8.613680e-03 1.494471e-02 1.226056e-02 3.393652e-01 4.198309e-02
2.728178e-02 1.049511e+00 1.190221e-01 1.534671e-01 1.697296e-02 -4.040755e-01 7.483397e-02 1.155791e-01 6.128857e-03 -1.132360e-02 5.356310e-03 4.011189e-01 4.919899e-02
3.061622e-02 9.758820e-01 9.615327e-02 1.625848e-01 6.520770e-03 -3.871766e-01 5.576530e-02 1.519734e-01 1.532038e-02 -2.639809e-02 1.313781e-02 3.867623e-01 4.954270e-02
3.455692e-02 7.970298e-01 1.108676e-01 1.542207e-01 3.163331e-02 -2.972581e-01 6.171275e-02 1.705348e-01 7.547646e-03 -2.446487e-02 1.922314e-02 4.341645e-01 5.649179e-02
2.243168e-02 8.759346e-01 6.680181e-02 1.185886e-01 1.817229e-02 -2.918829e-01 2.810983e-02 1.017048e-01 7.963661e-03 1.378967e-02 8.015003e-03 2.580193e-01 1.504614e-02
2.273481e-02 9.437050e-01 6.292868e-02 1.130333e-01 1.377718e-02 -3.601030e-01 2.816920e-02 9.793146e-02 4.824498e-03 6.162985e-03 1.005792e-02 3.159363e-01 3.162561e-02
2.364421e-02 8.785009e-01 5.193915e-02 1.393072e-01 2.253853e-02 -3.682502e-01 3.093008e-02 1.125441e-01 5.041939e-03 -2.419110e-03 1.789684e-02 3.598795e-01 3.751515e-02
2.515986e-02 9.059393e-01 1.444674e-01 1.399885e-01 3.941593e-02 -3.373469e-01 6.053441e-02 1.236982e-01 2.042303e-02 8.828557e-03 2.150970e-02 3.251357e-01 4.456800e-02
2.728178e-02 9.690362e-01 9.957356e-02 1.246354e-01 2.632346e-02 -3.810314e-01 3.533052e-02 1.181755e-01 1.098831e-02 -7.901354e-03 1.473472e-02 3.719793e-01 1.749805e-02
3.000996e-02 1.058481e+00 4.921869e-02 1.580023e-01 3.141732e-02 -3.816931e-01 3.848663e-02 1.446231e-01 1.336446e-02 -4.792649e-03 1.153892e-02 3.711131e-01 4.222912e-02
3.334440e-02 8.002616e-01 1.127017e-01 1.071098e-01 1.351042e-02 -2.773004e-01 2.356500e-02 1.549907e-01 1.106066e-02 1.299280e-02 6.835143e-03 3.912631e-01 3.887424e-02
3.728510e-02 8.108312e-01 9.908334e-02 1.529123e-01 4.737031e-02 -2.800513e-01 5.818461e-02 2.555889e-01 2.039939e-02 -4.150597e-02 3.417901e-02 3.627508e-01 4.532692e-02
2.576612e-02 7.495902e-01 9.268410e-02 1.299561e-01 1.323407e-02 -2.693890e-01 4.152412e-02 1.378270e-01 1.075150e-02 1.256147e-02 1.249515e-02 3.004570e-01 2.914181e-02
2.606925e-02 7.251114e-01 4.267903e-02 1.255680e-01 1.851100e-02 -2.569738e-01 3.241133e-02 1.261797e-01 1.546261e-02 1.459478e-02 1.275965e-02 3.183126e-01 3.167124e-02
2.697865e-02 8.959269e-01 8.199496e-02 1.459294e-01 1.444335e-02 -3.356557e-01 7.030573e-02 1.258648e-01 6.278498e-03 -1.014704e-02 1.005079e-02 3.625386e-01 5.159181e-02
2.849430e-02 5.980829e-01 6.511199e-02 9.522769e-02 2.061396e-02 -2.078635e-01 3.627250e-02 1.395865e-01 1.157801e-02 3.288448e-02 6.899295e-03 3.430325e-01 2.962655e-02
3.061622e-02 7.951590e-01 8.120706e-02 1.219886e-01 2.685312e-02 -2.753258e-01 4.155870e-02 1.489059e-01 1.441429e-02 -7.664765e-03 5.041820e-03 3.318089e-01 3.301659e-02
3.334440e-02 8.857393e-01 8.962337e-02 1.414580e-01 1.002721e-02 -2.641913e-01 5.909920e-02 1.495164e-01 1.741123e-02 -3.281738e-02 7.657680e-03 3.524442e-01 3.909198e-02
3.667883e-02 8.463656e-01 1.429452e-01 1.241416e-01 3.691865e-02 -3.303244e-01 6.465749e-02 1.935289e-01 1.673403e-02 -2.391871e-02 2.251799e-02 4.220668e-01 2.651743e-02
4.061954e-02 7.897791e-01 6.836473e-02 1.240726e-01 3.512979e-02 -2.498585e-01 5.846839e-02 2.325393e-01 1.348960e-02 -5.096099e-02 3.666174e-02 4.585480e-01 4.276882e-02
2.970682e-02 6.971596e-01 4.676099e-02 1.137273e-01 1.555403e-02 -2.238697e-01 3.755601e-02 1.467290e-01 1.080143e-02 8.718331e-03 7.023104e-03 3.184985e-01 2.887597e-02
3.000996e-02 8.247042e-01 1.313104e-01 1.323112e-01 2.450597e-02 -3.282968e-01 8.011442e-02 1.562365e-01 8.402253e-03 -9.480657e-03 7.336714e-03 3.791126e-01 4.959270e-02
3.091935e-02 8.340020e-01 5.734518e-02 1.483057e-01 2.770975e-02 -2.579458e-01 1.676577e-02 1.711702e-01 1.130272e-02 -1.469203e-03 1.718147e-02 3.238463e-01 2.205154e-02
3.243500e-02 8.492323e-01 9.868383e-02 1.132411e-01 2.282380e-02 -2.853913e-01 2.963187e-02 1.659859e-01 1.101004e-02 -8.871731e-03 1.003338e-02 3.601230e-01 1.385972e-02
3.455692e-02 8.762854e-01 2.879465e-02 1.379796e-01 1.286772e-02 -3.179592e-01 2.877943e-02 1.698747e-01 1.114068e-02 1.359219e-03 9.817968e-03 4.298996e-01 4.032169e-02
3.728510e-02 8.943820e-01 9.001283e-02 1.510712e-01 3.024327e-02 -2.826210e-01 4.367608e-02 1.926373e-01 1.309336e-02 -2.360305e-02 7.901777e-03 4.062468e-01 4.172384e-02
4.061954e-02 7.179405e-01 6.422073e-02 1.475715e-01 2.576894e-02 -2.212016e-01 4.340544e-02 2.238938e-01 2.283502e-02 -3.896582e-02 2.690995e-02 4.471874e-01 4.894928e-02
4.456024e-02 1.015586e+00 7.320014e-02 1.795049e-01 3.927745e-02 -3.426612e-01 4.138752e-02 2.941960e-01 2.536028e-02 -1.241592e-01 2.456365e-02 5.998356e-01 5.240720e-02
