# k^2  MgMg MgMg_error  MgCl MgCl_error  MgNa MgNa_error  ClCl ClCl_error  ClNa ClNa_error  NaNa NaNa_error
0.000000e+00 8.320000e+02 0.000000e+00 1.734506e+03 1.136868e-13 1.274388e+03 0.000000e+00 3.616000e+03 0.000000e+00 2.656771e+03 0.000000e+00 1.952000e+03 0.000000e+00
2.922991e-04 1.306127e-01 3.019298e-02 6.264226e-02 1.281867e-02 -8.695192e-02 2.487721e-02 8.306551e-02 7.201847e-03 3.111713e-02 1.389662e-02 1.599049e-01 1.478913e-02
1.169197e-03 1.423244e-01 3.917888e-02 5.793239e-02 7.084298e-03 -1.036862e-01 5.595048e-02 7.279889e-02 8.889542e-03 2.439228e-02 7.460175e-03 1.721281e-01 7.038533e-02
2.630692e-03 1.358646e-01 1.668002e-02 6.113481e-02 6.784150e-03 -8.196593e-02 1.726374e-02 7.394106e-02 6.780645e-03 2.513997e-02 9.276090e-03 1.484951e-01 1.237727e-02
4.676786e-03 1.465783e-01 3.182508e-02 5.612623e-02 8.850261e-03 -9.458545e-02 3.196333e-02 7.315525e-02 9.445417e-03 3.266146e-02 8.764090e-03 1.848835e-01 3.188971e-02
7.307479e-03 3.366683e-01 6.809891e-02 1.235754e-01 2.886847e-02 -2.076044e-01 4.543976e-02 8.955608e-02 1.279482e-02 -2.165015e-02 1.859178e-02 2.490672e-01 3.778348e-02
1.052277e-02 3.997692e-01 3.776751e-02 1.352687e-01 2.595744e-02 -2.353582e-01 5.715838e-02 1.109631e-01 2.064503e-02 2.843843e-03 7.610895e-03 3.065626e-01 6.663182e-02
1.432266e-02 5.623112e-01 6.884471e-02 2.127386e-01 2.918110e-02 -2.402859e-01 2.805511e-02 1.384692e-01 1.672596e-02 -3.581510e-02 8.271184e-03 2.749759e-01 3.598332e-02
2.922991e-04 1.951452e-01 3.411892e-02 8.706511e-02 1.504621e-02 -1.331897e-01 3.143655e-02 8.108281e-02 1.030313e-02 -3.067757e-03 1.154457e-02 1.679968e-01 3.218887e-02
5.845983e-04 1.657038e-01 3.476784e-02 9.850453e-02 1.248584e-02 -7.993839e-02 4.882362e-02 1.111404e-01 1.707769e-02 2.442629e-02 1.007070e-02 1.405585e-01 5.170637e-02
1.461496e-03 2.922424e-01 8.272346e-02 9.822183e-02 1.984806e-02 -2.342825e-01 7.670938e-02 8.153914e-02 8.441013e-03 -1.306489e-02 2.000512e-02 2.858414e-01 7.013617e-02
2.922991e-03 1.917909e-01 3.318472e-02 7.806261e-02 2.095843e-02 -1.278002e-01 4.180754e-02 9.451240e-02 1.037985e-02 3.380558e-02 1.498360e-02 2.204313e-01 6.534079e-02
4.969085e-03 2.477869e-01 5.790253e-02 1.046897e-01 2.677346e-02 -1.335523e-01 2.807240e-02 9.794163e-02 1.143375e-02 1.742922e-02 1.525363e-02 2.047268e-01 1.777639e-02
7.599778e-03 4.494119e-01 1.348524e-01 1.434626e-01 4.087572e-02 -2.966497e-01 9.918980e-02 1.007645e-01 1.317462e-02 -2.669116e-02 3.158085e-02 3.192246e-01 6.823915e-02
1.081507e-02 3.982065e-01 5.686062e-02 1.451112e-01 2.478566e-02 -1.911440e-01 2.677273e-02 1.143634e-01 8.533513e-03 4.167654e-03 1.540899e-02 2.457906e-01 3.080356e-02
1.461496e-02 6.870722e-01 1.327537e-01 2.199288e-01 3.704321e-02 -3.163005e-01 7.883243e-02 1.239727e-01 1.547150e-02 -5.715902e-02 1.914726e-02 2.907234e-01 5.812775e-02
1.169197e-03 1.672401e-01 4.069602e-02 7.269522e-02 8.561772e-03 -1.115088e-01 4.209567e-02 8.523687e-02 3.752587e-03 2.302117e-02 8.602771e-03 1.756242e-01 4.758833e-02
1.461496e-03 1.710580e-01 2.809718e-02 9.841630e-02 2.024933e-02 -7.814772e-02 3.077526e-02 1.163834e-01 2.422868e-02 3.666079e-02 1.130437e-02 1.554115e-01 3.042736e-02
2.338393e-03 2.396983e-01 7.189431e-02 1.039157e-01 2.971831e-02 -1.465811e-01 4.765296e-02 9.258037e-02 1.134492e-02 -9.017601e-04 2.108549e-02 1.870910e-01 3.246287e-02
3.799889e-03 2.188790e-01 3.792464e-02 6.961801e-02 2.276251e-02 -1.620253e-01 2.126667e-02 9.556496e-02 9.689893e-03 5.043221e-02 2.022803e-02 2.852670e-01 2.875541e-02
5.845983e-03 2.551904e-01 5.908791e-02 8.417865e-02 1.366694e-02 -1.763264e-01 6.436152e-02 8.629333e-02 1.232377e-02 1.345067e-02 1.568003e-02 2.463669e-01 6.106581e-02
8.476675e-03 2.973681e-01 4.584000e-02 1.120569e-01 1.436836e-02 -1.629511e-01 3.393208e-02 9.225351e-02 8.186949e-03 -1.510414e-03 1.004227e-02 2.206534e-01 2.927503e-02
1.169197e-02 3.823044e-01 4.563133e-02 1.247674e-01 1.755487e-02 -1.856285e-01 3.689126e-02 9.874748e-02 4.099214e-03 -1.254370e-03 1.749896e-02 2.464387e-01 1.693751e-02
1.549185e-02 7.327009e-01 1.078696e-01 2.280412e-01 3.770739e-02 -3.402832e-01 5.449049e-02 1.302936e-01 1.725319e-02 -4.681208e-02 1.587623e-02 3.470551e-01 6.830721e-02
2.630692e-03 2.649112e-01 4.841642e-02 1.214411e-01 2.186424e-02 -1.597512e-01 3.962922e-02 1.074344e-01 1.492529e-02 -3.686468e-03 1.721807e-02 2.045870e-01 3.332429e-02
2.922991e-03 2.546108e-01 3.169904e-02 1.072760e-01 7.277943e-03 -1.642038e-01 3.451671e-02 9.817073e-02 6.136531e-03 2.885367e-03 1.336566e-02 2.235914e-01 2.212297e-02
3.799889e-03 2.259433e-01 4.669959e-02 9.386228e-02 1.494292e-02 -1.348747e-01 4.579112e-02 9.624255e-02 8.372662e-03 2.044222e-02 1.722597e-02 2.075205e-01 3.418907e-02
5.261385e-03 3.281142e-01 9.186005e-02 1.194631e-01 2.892081e-02 -2.062146e-01 7.204511e-02 8.983181e-02 1.308184e-02 -1.379105e-02 1.589655e-02 2.504892e-01 6.667740e-02
7.307479e-03 3.471126e-01 6.939658e-02 1.450865e-01 3.149862e-02 -1.846444e-01 4.569633e-02 1.153601e-01 1.871924e-02 -1.314426e-02 1.689990e-02 2.300942e-01 3.549345e-02
9.938171e-03 2.777366e-01 5.125551e-02 1.139612e-01 2.474437e-02 -1.304985e-01 1.447492e-02 1.081716e-01 1.527489e-02 1.575447e-02 7.685208e-03 2.091295e-01 9.085111e-03
1.315346e-02 4.912327e-01 6.431089e-02 1.749007e-01 2.892733e-02 -2.491020e-01 2.848817e-02 1.175061e-01 1.652759e-02 -3.333037e-02 1.799275e-02 2.907752e-01 9.239040e-03
1.695335e-02 6.449900e-01 9.960115e-02 1.985425e-01 3.416514e-02 -3.010079e-01 6.850767e-02 1.372737e-01 1.236464e-02 -1.809675e-02 2.248662e-02 3.682317e-01 5.147538e-02
4.676786e-03 1.510312e-01 1.498319e-02 7.650903e-02 1.001125e-02 -6.836743e-02 7.509458e-03 9.691443e-02 7.423724e-03 4.084077e-02 5.864275e-03 1.649586e-01 1.251323e-02
4.969085e-03 3.802071e-01 6.478351e-02 1.449419e-01 1.953701e-02 -2.381306e-01 6.256550e-02 1.075154e-01 8.454354e-03 -2.563188e-02 1.900558e-02 2.622028e-01 5.404084e-02
5.845983e-03 1.894719e-01 1.565489e-02 9.008670e-02 8.557556e-03 -7.915152e-02 6.223613e-03 9.746504e-02 2.879491e-03 3.196265e-02 7.312979e-03 1.604474e-01 5.387287e-03
7.307479e-03 3.028159e-01 6.404419e-02 1.217776e-01 1.866366e-02 -1.688882e-01 5.546874e-02 1.039877e-01 1.018452e-02 8.359659e-04 1.791394e-02 2.323443e-01 4.856946e-02
9.353573e-03 4.060485e-01 6.984844e-02 1.241084e-01 2.890230e-02 -2.676361e-01 4.462038e-02 1.013436e-01 1.350490e-02 -6.761999e-03 1.188593e-02 3.405168e-01 4.025760e-02
1.198426e-02 5.098391e-01 1.221714e-01 1.653355e-01 4.108476e-02 -2.985834e-01 8.447259e-02 1.083823e-01 2.198014e-02 -3.939270e-02 2.195514e-02 3.331588e-01 7.541151e-02
1.519956e-02 6.232559e-01 1.075807e-01 1.852783e-01 3.013750e-02 -2.835754e-01 5.551249e-02 1.163755e-01 1.544364e-02 -2.176544e-02 7.591175e-03 3.195718e-01 4.294248e-02
1.899944e-02 8.719027e-01 1.815040e-01 2.681037e-01 6.419359e-02 -3.857568e-01 9.714600e-02 1.510479e-01 2.807255e-02 -6.058652e-02 3.279508e-02 3.883348e-01 5.323410e-02
7.307479e-03 2.925415e-01 7.267817e-02 8.556270e-02 1.715110e-02 -2.170100e-01 6.037270e-02 7.589153e-02 4.276476e-03 4.552925e-04 1.276553e-02 2.890870e-01 6.041879e-02
7.599778e-03 3.348673e-01 8.549905e-02 1.316002e-01 2.936544e-02 -1.835452e-01 5.888231e-02 1.055457e-01 1.351773e-02 -1.053493e-02 1.723394e-02 2.286627e-01 4.567727e-02
8.476675e-03 4.461698e-01 1.139631e-01 1.472580e-01 3.802943e-02 -2.751528e-01 7.500630e-02 1.005478e-01 1.047717e-02 -2.664888e-02 2.959646e-02 3.100260e-01 4.531579e-02
9.938171e-03 3.744508e-01 4.780373e-02 1.200390e-01 1.551921e-02 -2.230923e-01 4.526966e-02 8.531291e-02 1.239281e-02 -1.480664e-02 1.429322e-02 2.718624e-01 3.102854e-02
1.198426e-02 4.331678e-01 6.304451e-02 1.399558e-01 2.876919e-03 -2.179399e-01 6.345959e-02 1.097198e-01 1.365965e-02 3.102475e-03 1.705280e-02 2.709450e-01 5.027676e-02
1.461496e-02 6.470425e-01 1.398808e-01 2.446885e-01 4.515211e-02 -2.557014e-01 7.193193e-02 1.572092e-01 2.044917e-02 -3.553824e-02 1.686125e-02 2.618818e-01 4.393148e-02
1.783025e-02 6.231670e-01 1.654725e-01 1.902014e-01 4.510430e-02 -3.268329e-01 1.198721e-01 1.255477e-01 1.151182e-02 -3.296654e-02 3.806116e-02 4.044247e-01 8.761901e-02
2.163014e-02 7.667704e-01 3.079480e-02 2.051554e-01 1.933478e-02 -3.964009e-01 4.536516e-02 1.377647e-01 1.264336e-02 -5.155745e-02 1.628171e-02 4.618695e-01 4.613909e-02
1.052277e-02 3.122487e-01 3.667604e-02 1.179361e-01 1.318139e-02 -1.431366e-01 3.072854e-02 1.030328e-01 1.154304e-02 7.960276e-03 1.856030e-02 2.074040e-01 1.723327e-02
1.081507e-02 5.086000e-01 9.640950e-02 1.819459e-01 2.369498e-02 -2.711204e-01 6.995370e-02 1.296510e-01 1.523073e-02 -3.323917e-02 1.304787e-02 2.839662e-01 5.231145e-02
1.169197e-02 4.437286e-01 5.524443e-02 1.716949e-01 3.061426e-02 -2.013423e-01 2.965714e-02 1.220560e-01 1.923701e-02 -1.963540e-02 1.039565e-02 2.332665e-01 2.238964e-02
1.315346e-02 4.401383e-01 5.457250e-02 1.400828e-01 1.754237e-02 -2.198879e-01 2.900793e-02 1.088923e-01 1.074511e-02 -2.893597e-03 1.161711e-02 2.695065e-01 1.853991e-02
1.519956e-02 5.862030e-01 1.236689e-01 1.814081e-01 2.851724e-02 -2.778840e-01 8.491852e-02 1.242356e-01 1.556040e-02 -8.166245e-03 2.482575e-02 3.544394e-01 5.792694e-02
1.783025e-02 6.847461e-01 8.492407e-02 2.255989e-01 3.416203e-02 -3.341389e-01 2.365092e-02 1.421921e-01 1.358321e-02 -3.739324e-02 2.061734e-02 4.062986e-01 2.787300e-02
2.104554e-02 7.516165e-01 9.420357e-02 2.205484e-01 4.319823e-02 -3.169402e-01 2.735560e-02 1.530187e-01 2.106190e-02 -1.401359e-02 1.607707e-02 3.877078e-01 2.466964e-02
2.484543e-02 9.941225e-01 1.914074e-01 2.381238e-01 5.269405e-02 -4.096741e-01 6.261154e-02 1.505670e-01 1.016822e-02 -4.728222e-02 3.507707e-02 4.238545e-01 3.876659e-02
1.432266e-02 4.981341e-01 1.114302e-01 1.682050e-01 5.109348e-02 -2.749842e-01 4.858743e-02 1.284528e-01 2.149587e-02 -3.979880e-02 2.694058e-02 3.141238e-01 2.916077e-02
1.461496e-02 6.327196e-01 8.983939e-02 1.987225e-01 1.018895e-02 -3.259065e-01 8.265903e-02 1.223790e-01 8.769439e-03 -3.921908e-02 1.651942e-02 3.661162e-01 6.438197e-02
1.549185e-02 6.791107e-01 1.240664e-01 2.191708e-01 3.792749e-02 -3.488711e-01 7.231064e-02 1.394521e-01 1.569950e-02 -3.324173e-02 1.805864e-02 4.099127e-01 3.609090e-02
1.695335e-02 7.379213e-01 1.248303e-01 2.220010e-01 4.381503e-02 -3.337874e-01 6.912399e-02 1.380036e-01 1.588269e-02 -4.573820e-02 2.806843e-02 3.206057e-01 3.729957e-02
1.899944e-02 1.163007e+00 1.454512e-01 3.589057e-01 4.360626e-02 -4.822832e-01 7.365118e-02 1.873032e-01 1.584151e-02 -8.822435e-02 2.472978e-02 4.225377e-01 2.400270e-02
2.163014e-02 1.067546e+00 3.750331e-01 3.360841e-01 1.362371e-01 -4.377300e-01 1.451170e-01 1.799849e-01 5.426648e-02 -8.757630e-02 4.863755e-02 4.135737e-01 5.702868e-02
2.484543e-02 9.708089e-01 1.264591e-01 2.702403e-01 2.767849e-02 -3.556700e-01 5.841392e-02 1.625575e-01 1.085870e-02 -5.858036e-02 2.158005e-02 4.116168e-01 1.735671e-02
2.864532e-02 1.332095e+00 1.015076e-01 3.783340e-01 3.631694e-02 -5.651395e-01 7.017555e-02 2.253895e-01 1.171127e-02 -1.282102e-01 2.075277e-02 5.645367e-01 4.373346e-02
2.922991e-04 1.098705e-01 3.433422e-02 4.688720e-02 1.580344e-02 -7.764456e-02 2.709015e-02 8.099009e-02 1.169325e-02 5.083030e-02 8.090708e-03 1.721255e-01 3.411421e-02
5.845983e-04 6.389805e-02 1.442441e-02 4.869387e-02 5.193249e-03 -1.516771e-02 1.584304e-02 8.159866e-02 4.915509e-03 4.773951e-02 9.503776e-03 8.654865e-02 1.462927e-02
1.461496e-03 2.123083e-01 3.696625e-02 7.857847e-02 8.110875e-03 -1.617441e-01 4.973749e-02 9.388742e-02 7.948240e-03 2.723540e-02 1.354290e-02 2.490063e-01 5.787654e-02
2.922991e-03 3.219199e-01 7.984280e-02 1.093858e-01 2.649012e-02 -2.418961e-01 6.268747e-02 9.376962e-02 1.214945e-02 -5.674945e-03 1.798740e-02 3.046587e-01 5.628662e-02
4.969085e-03 2.227320e-01 3.227755e-02 9.382677e-02 1.053491e-02 -1.317024e-01 4.162069e-02 9.958239e-02 1.392226e-02 2.502506e-02 1.116181e-02 2.198181e-01 5.019278e-02
7.599778e-03 3.158653e-01 4.160596e-02 1.076781e-01 1.104893e-02 -1.854422e-01 3.135824e-02 8.819835e-02 1.201653e-02 -3.499783e-03 7.419201e-03 2.311896e-01 2.785135e-02
1.081507e-02 6.040757e-01 2.123557e-01 2.088070e-01 8.160360e-02 -3.168185e-01 1.077774e-01 1.331296e-01 3.238456e-02 -4.217388e-02 3.944104e-02 3.328410e-01 5.891372e-02
1.461496e-02 4.460978e-01 6.909811e-02 1.547020e-01 2.315440e-02 -1.928654e-01 4.970173e-02 1.245208e-01 1.148509e-02 5.550665e-03 1.822006e-02 2.789095e-01 3.703430e-02
5.845983e-04 3.197393e-01 8.659107e-02 1.090584e-01 3.248878e-02 -2.668475e-01 7.455338e-02 9.590073e-02 1.268381e-02 -1.122298e-02 3.262733e-02 3.344283e-01 6.405401e-02
8.768974e-04 1.051529e-01 9.586332e-03 5.942125e-02 1.409015e-02 -5.195004e-02 1.590780e-02 7.954101e-02 1.265196e-02 3.480343e-02 3.558833e-03 1.206401e-01 1.880863e-02
1.753795e-03 1.530941e-01 3.253509e-02 6.451192e-02 1.465268e-02 -1.017989e-01 3.614185e-02 9.039528e-02 1.051612e-02 4.274467e-02 2.266775e-02 1.939465e-01 7.160329e-02
3.215291e-03 1.501048e-01 3.296183e-02 7.474749e-02 1.553025e-02 -7.898670e-02 2.606381e-02 8.647190e-02 1.049624e-02 2.608204e-02 7.402872e-03 1.470310e-01 2.422331e-02
5.261385e-03 2.118813e-01 2.225026e-02 7.634636e-02 7.097020e-03 -1.394568e-01 2.004652e-02 8.040332e-02 6.778211e-03 1.636104e-02 3.430071e-03 2.147399e-01 2.007299e-02
7.892077e-03 2.495292e-01 3.363117e-02 9.314574e-02 1.082430e-02 -1.418646e-01 2.134062e-02 9.145818e-02 9.879037e-03 1.462002e-02 2.267327e-03 2.061776e-01 2.106960e-02
1.110737e-02 3.383686e-01 6.082170e-02 1.219892e-01 2.198609e-02 -1.875737e-01 3.029529e-02 9.558972e-02 6.551371e-03 -9.316596e-03 1.466485e-02 2.528084e-01 3.110528e-02
1.490726e-02 4.209724e-01 5.617343e-02 1.530158e-01 1.950100e-02 -1.894009e-01 2.538788e-02 1.072041e-01 6.998920e-03 -1.651316e-02 9.530044e-03 2.703674e-01 2.831081e-02
1.461496e-03 1.305543e-01 2.048751e-02 5.616407e-02 1.099988e-02 -8.560958e-02 1.756942e-02 7.010506e-02 7.915194e-03 2.599792e-02 2.187522e-02 1.514109e-01 2.328974e-02
1.753795e-03 1.280801e-01 1.919979e-02 5.556379e-02 1.337177e-02 -8.542062e-02 7.971300e-03 7.799180e-02 1.009249e-02 3.855635e-02 9.537396e-03 1.740283e-01 6.548499e-03
2.630692e-03 2.220233e-01 5.256837e-02 8.289999e-02 7.396116e-03 -1.555387e-01 6.360164e-02 8.767560e-02 7.326709e-03 1.809930e-02 8.386811e-03 2.267610e-01 6.763236e-02
4.092188e-03 1.466683e-01 2.334048e-02 6.012864e-02 7.822951e-03 -8.419725e-02 2.460078e-02 7.450620e-02 6.143377e-03 3.097835e-02 1.204422e-02 1.627087e-01 1.909399e-02
6.138282e-03 4.497956e-01 1.298772e-01 1.550701e-01 5.223130e-02 -2.775707e-01 7.155646e-02 1.124111e-01 2.442046e-02 -2.104148e-02 2.780818e-02 3.093855e-01 4.075572e-02
8.768974e-03 2.813187e-01 2.976836e-02 8.102559e-02 1.579702e-02 -1.849008e-01 3.111046e-02 8.012545e-02 1.310760e-02 8.898712e-03 6.450590e-03 2.597557e-01 3.393458e-02
1.198426e-02 7.060239e-01 1.313760e-01 2.274494e-01 4.259231e-02 -3.797422e-01 8.980610e-02 1.273531e-01 1.581842e-02 -6.257358e-02 3.054890e-02 3.728258e-01 6.253804e-02
1.578415e-02 6.474680e-01 1.922388e-01 1.961720e-01 6.725924e-02 -2.988063e-01 6.499681e-02 1.280255e-01 2.014800e-02 -1.895148e-02 2.506261e-02 3.390280e-01 3.283292e-02
2.922991e-03 2.628383e-01 6.617746e-02 9.079289e-02 2.369455e-02 -2.041494e-01 5.836355e-02 9.108858e-02 9.928622e-03 7.923113e-03 2.551584e-02 2.803319e-01 4.216380e-02
3.215291e-03 2.122987e-01 2.995125e-02 9.724100e-02 8.404024e-03 -1.219348e-01 2.884069e-02 9.965702e-02 7.122514e-03 1.676902e-02 1.549697e-02 1.864564e-01 2.777041e-02
4.092188e-03 4.328182e-01 1.297592e-01 1.353672e-01 4.530621e-02 -3.256533e-01 1.035314e-01 1.041204e-01 1.756670e-02 -2.376964e-02 3.318727e-02 3.711351e-01 8.748997e-02
5.553684e-03 2.578707e-01 4.631016e-02 9.540953e-02 1.534717e-02 -1.556481e-01 4.422425e-02 8.296684e-02 8.398111e-03 2.440081e-03 8.687435e-03 2.071169e-01 4.455066e-02
7.599778e-03 2.387427e-01 5.283853e-02 1.014184e-01 2.539433e-02 -1.324897e-01 4.433693e-02 9.468376e-02 1.705666e-02 1.173621e-02 7.996432e-03 2.126979e-01 4.592666e-02
1.023047e-02 3.880881e-01 6.051848e-02 1.357003e-01 1.521245e-02 -2.057677e-01 3.679435e-02 1.057498e-01 1.045071e-02 -6.051167e-03 1.560424e-02 2.480834e-01 3.961861e-02
1.344576e-02 4.421566e-01 3.758448e-02 1.250609e-01 1.329580e-02 -2.631968e-01 2.989422e-02 9.933823e-02 6.324370e-03 -1.020013e-02 1.392704e-02 3.358940e-01 1.790393e-02
1.724565e-02 8.329950e-01 1.731113e-01 2.584961e-01 5.624610e-02 -3.848298e-01 9.372145e-02 1.436296e-01 2.025018e-02 -7.293884e-02 2.849184e-02 3.825210e-01 6.659462e-02
4.969085e-03 2.724992e-01 3.587404e-02 1.141657e-01 1.653418e-02 -1.602017e-01 2.259214e-02 9.545503e-02 9.863249e-03 -5.299593e-03 1.458411e-02 2.065009e-01 2.138201e-02
5.261385e-03 2.442518e-01 6.019524e-02 9.633103e-02 1.973379e-02 -1.645723e-01 4.952741e-02 9.371418e-02 7.943430e-03 2.346660e-03 1.965356e-02 2.258253e-01 3.806578e-02
6.138282e-03 3.572449e-01 1.139121e-01 1.278201e-01 4.145307e-02 -2.363381e-01 8.330554e-02 1.018856e-01 1.487819e-02 -7.667807e-03 3.367884e-02 3.044212e-01 5.522865e-02
7.599778e-03 3.827738e-01 7.514018e-02 1.402608e-01 2.667726e-02 -2.245177e-01 5.789102e-02 9.240321e-02 1.010106e-02 -3.854356e-02 1.597460e-02 2.273359e-01 4.540856e-02
9.645872e-03 4.784022e-01 9.637096e-02 1.495242e-01 2.585913e-02 -2.946885e-01 7.932662e-02 9.429731e-02 7.823027e-03 -3.610197e-02 2.515247e-02 3.246193e-01 6.180314e-02
1.227656e-02 4.592504e-01 8.738894e-02 1.523665e-01 1.497010e-02 -2.666727e-01 6.739277e-02 1.118472e-01 5.889077e-03 -2.237083e-02 1.280351e-02 3.176856e-01 5.944317e-02
1.549185e-02 7.100303e-01 2.133670e-01 2.085948e-01 5.613952e-02 -3.889044e-01 1.302139e-01 1.166783e-01 1.648185e-02 -5.222767e-02 3.021803e-02 3.996903e-01 8.636797e-02
1.929174e-02 7.694492e-01 9.625711e-02 2.343871e-01 3.766467e-02 -3.134690e-01 3.549320e-02 1.414321e-01 1.821450e-02 -3.519394e-02 1.146205e-02 3.669060e-01 2.915860e-02
7.599778e-03 2.607123e-01 4.076497e-02 9.544819e-02 2.191121e-02 -1.571549e-01 2.348311e-02 9.164675e-02 1.125261e-02 1.145348e-02 1.211524e-02 2.295750e-01 2.119169e-02
7.892077e-03 4.303188e-01 9.783441e-02 1.226487e-01 3.322947e-02 -3.075926e-01 5.884688e-02 9.179226e-02 9.962133e-03 -1.883721e-02 2.851020e-02 3.554287e-01 2.377847e-02
8.768974e-03 4.262023e-01 1.027895e-01 1.554724e-01 4.347923e-02 -2.374367e-01 5.590865e-02 1.164958e-01 2.193908e-02 -1.969269e-02 1.946473e-02 2.679344e-01 3.983572e-02
1.023047e-02 2.649254e-01 6.314987e-02 1.048097e-01 3.259090e-02 -1.338920e-01 2.646219e-02 1.002122e-01 2.026017e-02 1.576375e-02 1.719644e-02 2.205867e-01 1.886655e-02
1.227656e-02 7.538800e-01 3.320636e-01 2.239120e-01 1.019549e-01 -4.386382e-01 1.852138e-01 1.208346e-01 3.351333e-02 -6.702547e-02 5.676170e-02 4.284373e-01 9.986477e-02
1.490726e-02 6.429934e-01 1.001636e-01 2.224447e-01 2.730352e-02 -3.106971e-01 7.251110e-02 1.434356e-01 1.456350e-02 -4.597106e-02 2.410245e-02 3.322859e-01 4.477830e-02
1.812255e-02 7.330801e-01 1.409555e-01 2.039229e-01 4.016336e-02 -3.790722e-01 6.408159e-02 1.201235e-01 1.558322e-02 -5.475325e-02 2.436441e-02 3.819231e-01 6.688773e-03
2.192244e-02 9.675221e-01 1.055839e-01 2.821187e-01 1.959425e-02 -4.185448e-01 7.893016e-02 1.599727e-01 8.874821e-03 -6.279336e-02 2.170754e-02 4.567440e-01 4.983622e-02
1.081507e-02 3.809763e-01 7.910232e-02 1.307907e-01 2.006440e-02 -2.070144e-01 5.297441e-02 1.052999e-01 3.668445e-03 6.728718e-03 1.802550e-02 3.092279e-01 4.781859e-02
1.110737e-02 4.193510e-01 6.221771e-02 1.562620e-01 3.183470e-02 -1.987252e-01 4.414648e-02 1.106501e-01 1.873509e-02 -1.592649e-02 1.616164e-02 2.641562e-01 2.803176e-02
1.198426e-02 4.432062e-01 7.718565e-02 1.637121e-01 3.427180e-02 -2.008678e-01 3.172154e-02 1.218228e-01 1.432298e-02 -1.339596e-02 1.692738e-02 2.631937e-01 1.581118e-02
1.344576e-02 5.983665e-01 1.114556e-01 2.188258e-01 2.531057e-02 -2.650749e-01 8.757087e-02 1.372285e-01 4.777174e-03 -4.586183e-02 2.968980e-02 2.715011e-01 5.719275e-02
1.549185e-02 7.702809e-01 1.405835e-01 2.266329e-01 4.911490e-02 -4.355557e-01 8.355725e-02 1.294577e-01 2.243663e-02 -6.379314e-02 2.374363e-02 4.437728e-01 5.147552e-02
1.812255e-02 7.817708e-01 9.621201e-02 2.231063e-01 1.825278e-02 -3.794905e-01 6.506306e-02 1.219995e-01 7.768242e-03 -6.452189e-02 1.403973e-02 3.653485e-01 3.625302e-02
2.133784e-02 8.073982e-01 1.372533e-01 2.415712e-01 3.610066e-02 -3.644787e-01 7.715520e-02 1.535003e-01 1.551065e-02 -5.531431e-02 2.269301e-02 4.071602e-01 4.710200e-02
2.513773e-02 8.943472e-01 1.317781e-01 2.944311e-01 4.151115e-02 -3.825158e-01 8.760774e-02 1.883390e-01 1.166397e-02 -9.148828e-02 2.207206e-02 4.469904e-01 6.192419e-02
1.461496e-02 5.776511e-01 9.442693e-02 1.765911e-01 3.099021e-02 -3.131192e-01 4.253924e-02 1.099637e-01 1.168246e-02 -4.530245e-02 1.589320e-02 3.457662e-01 1.795910e-02
1.490726e-02 5.744121e-01 7.391484e-02 1.722811e-01 4.143308e-02 -2.788430e-01 1.280968e-02 1.054807e-01 1.993157e-02 -3.113240e-02 8.165182e-03 3.049697e-01 2.623614e-02
1.578415e-02 6.333494e-01 4.300045e-02 2.075159e-01 3.240701e-02 -2.811547e-01 1.621101e-02 1.333401e-01 1.986530e-02 -3.432600e-02 9.398036e-03 3.129332e-01 2.588652e-02
1.724565e-02 7.978917e-01 1.456040e-01 2.564398e-01 4.842217e-02 -3.042672e-01 5.423137e-02 1.524271e-01 1.814736e-02 -2.460519e-02 1.921704e-02 3.209072e-01 2.349320e-02
1.929174e-02 7.710506e-01 1.321535e-01 2.075154e-01 4.428038e-02 -3.885596e-01 6.909941e-02 1.376562e-01 1.471944e-02 -3.953467e-02 2.155985e-02 4.286562e-01 4.667795e-02
2.192244e-02 8.369387e-01 1.315203e-01 2.466594e-01 4.500938e-02 -3.721508e-01 7.538925e-02 1.520794e-01 2.488453e-02 -6.491277e-02 2.673684e-02 3.961964e-01 4.642516e-02
2.513773e-02 7.652816e-01 6.775271e-02 2.293396e-01 2.513363e-02 -3.153309e-01 3.578858e-02 1.529297e-01 1.519819e-02 -4.938736e-02 1.196440e-02 3.433501e-01 1.607997e-02
2.893762e-02 9.781305e-01 8.089140e-02 2.565387e-01 3.625953e-02 -3.747968e-01 4.763919e-02 1.667518e-01 2.003946e-02 -5.102649e-02 1.565088e-02 4.752692e-01 3.457583e-02
1.169197e-03 2.110854e-01 5.010818e-02 6.910530e-02 4.420839e-03 -1.726185e-01 6.692827e-02 8.054036e-02 1.120952e-02 2.170930e-02 1.257376e-02 2.538752e-01 7.539776e-02
1.461496e-03 1.834695e-01 3.230406e-02 7.423350e-02 1.382418e-02 -1.289278e-01 3.743510e-02 7.934750e-02 8.718408e-03 1.498523e-02 9.183854e-03 1.905974e-01 4.214200e-02
2.338393e-03 2.109877e-01 2.370505e-02 6.613398e-02 7.156145e-03 -1.747575e-01 3.759950e-02 7.912855e-02 3.732970e-03 2.647497e-02 1.066601e-02 2.736074e-01 5.391804e-02
3.799889e-03 1.514331e-01 1.707774e-02 5.305142e-02 8.895683e-03 -1.056995e-01 2.030404e-02 7.075170e-02 7.603837e-03 2.901096e-02 2.921521e-03 1.828959e-01 1.991352e-02
5.845983e-03 3.405989e-01 4.395052e-02 1.229182e-01 1.568334e-02 -2.077420e-01 3.176417e-02 9.421075e-02 8.596418e-03 -1.574884e-02 9.496699e-03 2.355808e-01 2.451544e-02
8.476675e-03 5.600451e-01 1.446858e-01 1.972763e-01 6.163528e-02 -3.376314e-01 7.853060e-02 1.145558e-01 2.876873e-02 -6.445161e-02 3.391576e-02 3.333012e-01 4.500863e-02
1.169197e-02 4.419168e-01 5.785115e-02 1.731971e-01 2.191464e-02 -1.834191e-01 3.878244e-02 1.228147e-01 1.256882e-02 -9.689917e-03 1.534950e-02 2.363195e-01 2.766764e-02
1.549185e-02 5.568104e-01 1.245691e-01 1.712549e-01 4.488021e-02 -2.379641e-01 4.009909e-02 1.142828e-01 1.974427e-02 -6.586061e-03 1.464622e-02 2.935541e-01 1.200523e-02
1.461496e-03 1.172455e-01 3.630468e-02 5.907650e-02 5.241186e-03 -6.840795e-02 4.292730e-02 9.636087e-02 9.049621e-03 5.466629e-02 1.088581e-02 1.691446e-01 5.819594e-02
1.753795e-03 1.407123e-01 2.275264e-02 5.743997e-02 1.056493e-02 -9.617279e-02 1.379891e-02 6.726276e-02 4.203014e-03 2.210088e-02 1.176815e-02 1.613244e-01 7.508223e-03
2.630692e-03 2.078332e-01 6.592844e-02 9.031447e-02 2.654286e-02 -1.232490e-01 4.973652e-02 9.785491e-02 1.249232e-02 2.680956e-02 1.942650e-02 1.997062e-01 4.083327e-02
4.092188e-03 2.141625e-01 3.641690e-02 8.204187e-02 1.529106e-02 -1.379820e-01 3.531262e-02 8.432141e-02 3.764800e-03 1.862255e-02 1.475308e-02 2.092198e-01 4.580509e-02
6.138282e-03 3.136162e-01 6.465576e-02 1.150137e-01 1.953297e-02 -1.974912e-01 5.500048e-02 9.741018e-02 8.705509e-03 -3.276801e-03 1.521527e-02 2.518377e-01 4.916966e-02
8.768974e-03 3.934283e-01 9.548408e-02 1.284855e-01 3.565037e-02 -2.355016e-01 5.179731e-02 9.992567e-02 1.857637e-02 8.106328e-04 1.484032e-02 3.144386e-01 5.322964e-02
1.198426e-02 7.064395e-01 1.684023e-01 2.656621e-01 6.191473e-02 -3.260358e-01 7.533275e-02 1.639368e-01 2.613826e-02 -4.348322e-02 2.996346e-02 3.297382e-01 3.188728e-02
1.578415e-02 5.182216e-01 4.416007e-02 1.673107e-01 1.379895e-02 -2.512491e-01 5.004186e-02 1.092513e-01 1.126724e-02 -3.487419e-02 1.162635e-02 2.930890e-01 4.059203e-02
2.338393e-03 3.640710e-01 8.442879e-02 1.141155e-01 2.959274e-02 -2.867320e-01 6.306223e-02 7.951014e-02 8.953451e-03 -2.885996e-02 2.651576e-02 3.241968e-01 4.123152e-02
2.630692e-03 1.788029e-01 4.825523e-02 6.557972e-02 1.478378e-02 -1.266866e-01 4.160004e-02 7.951534e-02 7.137161e-03 2.464962e-02 9.589046e-03 1.982711e-01 4.285280e-02
3.507590e-03 1.727566e-01 2.731130e-02 6.122608e-02 1.428347e-02 -1.152216e-01 1.940342e-02 8.733940e-02 8.881554e-03 4.794156e-02 8.365122e-03 2.206645e-01 2.373620e-02
4.969085e-03 3.451472e-01 5.174418e-02 1.380612e-01 1.385238e-02 -2.247996e-01 4.617604e-02 1.079394e-01 1.097446e-02 -2.563782e-02 1.217608e-02 2.569533e-01 5.607992e-02
7.015180e-03 5.300059e-01 1.737635e-01 1.676865e-01 6.630872e-02 -3.471823e-01 1.031346e-01 1.093451e-01 2.319042e-02 -3.786979e-02 3.902055e-02 3.798755e-01 8.173721e-02
9.645872e-03 4.227290e-01 1.009401e-01 1.613544e-01 3.851211e-02 -2.317620e-01 7.617982e-02 1.200720e-01 1.109779e-02 -2.544272e-02 3.279889e-02 2.819711e-01 5.267618e-02
1.286116e-02 5.019455e-01 5.954093e-02 1.515817e-01 9.369438e-03 -2.968935e-01 5.841276e-02 1.029303e-01 6.992347e-03 -3.536291e-02 1.104238e-02 3.199634e-01 4.835219e-02
1.666105e-02 5.891940e-01 9.861972e-02 2.017256e-01 3.152706e-02 -2.231768e-01 4.651240e-02 1.428204e-01 1.505353e-02 -1.863350e-02 1.942606e-02 2.773716e-01 2.660144e-02
3.799889e-03 2.162908e-01 1.500980e-02 7.823957e-02 9.011161e-03 -1.496939e-01 2.221790e-02 8.202874e-02 1.156713e-02 1.545811e-02 1.017052e-02 2.182015e-01 1.947004e-02
4.092188e-03 2.988171e-01 6.944683e-02 1.059274e-01 1.437638e-02 -2.064086e-01 6.695470e-02 8.505150e-02 2.652449e-03 -1.252042e-02 1.836879e-02 2.491730e-01 6.291724e-02
4.969085e-03 2.750604e-01 5.216309e-02 1.180236e-01 2.336481e-02 -1.584458e-01 4.329400e-02 9.755293e-02 1.501171e-02 -6.992726e-03 1.571392e-02 2.061335e-01 4.268765e-02
6.430581e-03 3.379119e-01 6.702851e-02 1.333400e-01 2.976087e-02 -1.926042e-01 2.953512e-02 9.833168e-02 1.460552e-02 -1.953079e-02 1.080589e-02 2.184243e-01 1.799564e-02
8.476675e-03 3.435761e-01 7.038276e-02 1.138069e-01 3.014304e-02 -2.092960e-01 2.935984e-02 9.108117e-02 1.081824e-02 -9.772429e-03 1.444186e-02 2.693096e-01 1.932861e-02
1.110737e-02 3.903258e-01 7.268395e-02 1.277048e-01 2.101003e-02 -2.173209e-01 4.282682e-02 9.782326e-02 4.650806e-03 -9.177522e-03 1.731006e-02 2.893639e-01 2.290992e-02
1.432266e-02 7.505330e-01 1.094822e-01 2.323562e-01 3.413411e-02 -3.747072e-01 6.137764e-02 1.342778e-01 1.949384e-02 -4.539571e-02 2.422244e-02 3.804045e-01 3.910258e-02
1.812255e-02 5.820044e-01 8.882795e-02 1.600902e-01 2.991717e-02 -2.970261e-01 3.539051e-02 1.197315e-01 1.533631e-02 -8.927970e-03 1.181511e-02 3.872070e-01 2.678871e-02
5.845983e-03 1.961592e-01 2.069908e-02 9.047879e-02 9.710142e-03 -1.057708e-01 1.779759e-02 9.274051e-02 8.371986e-03 1.618172e-02 4.032172e-03 1.802148e-01 1.669532e-02
6.138282e-03 2.096322e-01 2.229402e-02 9.288954e-02 1.606091e-02 -1.076837e-01 1.587050e-02 8.776520e-02 8.343605e-03 1.097613e-02 9.670549e-03 1.693016e-01 1.658984e-02
7.015180e-03 2.779049e-01 5.772880e-02 9.727214e-02 2.019250e-02 -1.838426e-01 4.077776e-02 8.035290e-02 1.246373e-02 -1.028673e-02 6.124456e-03 2.331550e-01 4.515918e-02
8.476675e-03 4.543666e-01 5.728662e-02 1.656379e-01 2.334933e-02 -2.487861e-01 5.006642e-02 1.161394e-01 1.193050e-02 -2.006336e-02 1.491742e-02 2.908413e-01 4.442446e-02
1.052277e-02 4.710390e-01 5.776755e-02 1.639032e-01 1.741002e-02 -2.614216e-01 4.813544e-02 1.170914e-01 1.029188e-02 -1.417594e-02 6.283195e-03 3.192077e-01 5.162287e-02
1.315346e-02 5.227585e-01 5.772842e-02 1.709224e-01 2.208028e-02 -2.796188e-01 6.002613e-02 1.166011e-01 1.444568e-02 -2.508882e-02 2.153056e-02 3.349682e-01 5.389512e-02
1.636875e-02 8.344312e-01 1.296039e-01 2.623389e-01 4.431337e-02 -4.005697e-01 6.238089e-02 1.481776e-01 1.642365e-02 -6.622571e-02 2.452336e-02 4.008335e-01 3.283108e-02
2.016864e-02 9.613558e-01 1.564088e-01 2.734263e-01 4.543213e-02 -4.382350e-01 6.940563e-02 1.594832e-01 1.178622e-02 -6.227005e-02 1.707878e-02 4.254276e-01 5.847733e-02
8.476675e-03 5.219442e-01 5.978772e-02 1.810890e-01 5.893532e-03 -3.204451e-01 6.847175e-02 1.219831e-01 1.160516e-02 -4.176133e-02 1.500100e-02 3.408251e-01 6.412254e-02
8.768974e-03 4.132805e-01 6.458303e-02 1.525452e-01 2.983552e-02 -2.290521e-01 3.496528e-02 1.061898e-01 1.293476e-02 -2.675781e-02 1.550822e-02 2.548194e-01 2.763683e-02
9.645872e-03 3.584041e-01 3.425407e-02 1.483357e-01 2.168791e-02 -1.711610e-01 2.638142e-02 1.243413e-01 1.160332e-02 4.702191e-03 1.200684e-02 2.402430e-01 3.522337e-02
1.110737e-02 3.553037e-01 4.484028e-02 1.431062e-01 1.646092e-02 -1.930425e-01 3.122431e-02 1.142653e-01 4.990608e-03 -1.902466e-02 1.430424e-02 2.633237e-01 2.157338e-02
1.315346e-02 6.685275e-01 1.474200e-01 2.368762e-01 4.177967e-02 -3.045242e-01 7.775591e-02 1.422608e-01 1.374073e-02 -4.904994e-02 2.322607e-02 2.879413e-01 4.595408e-02
1.578415e-02 5.899257e-01 9.691668e-02 1.608501e-01 3.040882e-02 -2.998653e-01 6.475206e-02 1.082086e-01 1.072456e-02 -2.200500e-02 1.778810e-02 3.407069e-01 4.664964e-02
1.899944e-02 9.754676e-01 2.814320e-01 2.628333e-01 9.403777e-02 -5.000462e-01 1.474159e-01 1.322129e-01 3.332472e-02 -8.183402e-02 4.395656e-02 4.888999e-01 9.547153e-02
2.279933e-02 7.848405e-01 5.383499e-02 2.212354e-01 3.991688e-02 -3.109412e-01 2.513736e-02 1.462344e-01 1.549502e-02 -4.116189e-02 1.233691e-02 3.757343e-01 3.369133e-02
1.169197e-02 3.726672e-01 3.722677e-02 1.311207e-01 1.122197e-02 -2.005535e-01 2.929198e-02 9.467452e-02 6.352958e-03 -1.676665e-02 1.432140e-02 2.565118e-01 1.727309e-02
1.198426e-02 5.002778e-01 5.570487e-02 1.745768e-01 2.429994e-02 -2.844685e-01 4.337667e-02 1.185789e-01 1.901753e-02 -3.183757e-02 1.712503e-02 3.463325e-01 3.350022e-02
1.286116e-02 4.974156e-01 9.051800e-02 1.693366e-01 4.159746e-02 -2.401643e-01 5.171607e-02 1.120916e-01 2.068621e-02 -2.408048e-02 2.157430e-02 2.883730e-01 2.934764e-02
1.432266e-02 5.643161e-01 8.421017e-02 1.905044e-01 1.919057e-02 -2.768339e-01 5.886901e-02 1.277243e-01 6.978514e-03 -2.500026e-02 1.950281e-02 3.223668e-01 4.323284e-02
1.636875e-02 7.779661e-01 1.166055e-01 2.587165e-01 4.560211e-02 -3.157455e-01 4.358171e-02 1.563968e-01 1.793795e-02 -3.913312e-02 1.233561e-02 3.150996e-01 2.889883e-02
1.899944e-02 1.075201e+00 8.015270e-02 3.154280e-01 3.765138e-02 -4.677912e-01 5.326277e-02 1.640007e-01 1.385670e-02 -7.837370e-02 2.130371e-02 4.349429e-01 3.843458e-02
2.221474e-02 7.888172e-01 1.108859e-01 2.323509e-01 3.842167e-02 -3.371363e-01 5.587897e-02 1.424216e-01 1.851263e-02 -4.686137e-02 9.698223e-03 3.927973e-01 4.944037e-02
2.601462e-02 8.666936e-01 1.115450e-01 2.012090e-01 2.116944e-02 -3.685929e-01 9.547630e-02 1.218274e-01 6.683556e-03 -4.854861e-02 2.688567e-02 4.744951e-01 4.416974e-02
1.549185e-02 7.185415e-01 1.317645e-01 2.373720e-01 4.919643e-02 -3.151696e-01 6.828140e-02 1.431366e-01 2.539698e-02 -4.363442e-02 2.446359e-02 2.986755e-01 3.465853e-02
1.578415e-02 5.107033e-01 9.008203e-02 1.686837e-01 2.884098e-02 -2.072031e-01 3.884960e-02 1.224115e-01 4.727856e-03 6.879075e-03 1.627180e-02 3.035134e-01 3.669092e-02
1.666105e-02 6.967507e-01 1.542779e-01 2.253785e-01 3.189199e-02 -3.384159e-01 1.146299e-01 1.444793e-01 1.270198e-02 -2.639179e-02 2.272403e-02 4.036018e-01 9.365180e-02
1.812255e-02 6.950524e-01 1.005226e-01 2.019130e-01 2.334784e-02 -3.170663e-01 7.647688e-02 1.356254e-01 8.891828e-03 -3.052034e-02 1.261083e-02 3.523978e-01 6.777957e-02
2.016864e-02 9.887289e-01 9.791287e-02 3.164692e-01 2.792586e-02 -4.827191e-01 6.341303e-02 1.754249e-01 1.435162e-02 -9.489644e-02 1.672555e-02 4.644319e-01 5.246828e-02
2.279933e-02 9.087582e-01 1.152483e-01 2.390202e-01 4.070642e-02 -4.240804e-01 5.421006e-02 1.403207e-01 1.646590e-02 -5.909284e-02 1.778519e-02 4.371186e-01 4.869096e-02
2.601462e-02 1.176121e+00 1.525248e-01 3.346424e-01 3.959693e-02 -4.369629e-01 6.570897e-02 1.834202e-01 4.604527e-03 -8.394394e-02 2.011191e-02 4.428927e-01 2.255744e-02
2.981451e-02 1.032763e+00 2.157333e-01 2.773714e-01 5.149520e-02 -4.940064e-01 1.384459e-01 1.899535e-01 2.581422e-02 -7.514171e-02 4.209904e-02 5.986102e-01 6.295294e-02
2.630692e-03 1.041498e-01 2.721952e-02 6.062131e-02 1.261388e-02 -4.376030e-02 1.853382e-02 7.851469e-02 7.321846e-03 3.629605e-02 1.304882e-02 1.217260e-01 1.717192e-02
2.922991e-03 1.899931e-01 3.610275e-02 6.719901e-02 8.443387e-03 -1.405869e-01 4.619515e-02 9.133451e-02 6.762128e-03 4.124204e-02 1.579268e-02 2.450519e-01 5.625198e-02
3.799889e-03 2.983200e-01 8.851957e-02 1.304596e-01 3.272072e-02 -1.775791e-01 6.725948e-02 1.127082e-01 1.315955e-02 -2.875721e-03 3.256218e-02 2.352653e-01 3.792986e-02
5.261385e-03 1.809751e-01 2.620568e-02 8.386003e-02 1.062829e-02 -1.009485e-01 1.884673e-02 9.071687e-02 6.057075e-03 1.418411e-02 1.310735e-02 1.646994e-01 1.960856e-02
7.307479e-03 2.837691e-01 4.907633e-02 1.199564e-01 1.147598e-02 -1.440108e-01 4.272075e-02 1.028964e-01 6.643026e-03 5.017287e-03 2.003675e-02 2.017598e-01 4.225937e-02
9.938171e-03 4.396981e-01 1.030810e-01 1.403012e-01 1.979355e-02 -2.731981e-01 8.651119e-02 9.614475e-02 6.311852e-03 -2.972800e-02 2.262827e-02 3.185228e-01 7.213565e-02
1.315346e-02 3.642075e-01 4.017568e-02 1.275646e-01 1.633163e-02 -1.682721e-01 2.040887e-02 1.081964e-01 8.522023e-03 9.169234e-03 1.319491e-02 2.494510e-01 2.010381e-02
1.695335e-02 6.355630e-01 1.915193e-01 2.050981e-01 5.201290e-02 -3.127397e-01 1.034246e-01 1.258817e-01 1.553430e-02 -2.821990e-02 2.491515e-02 4.067723e-01 7.309255e-02
2.922991e-03 1.717885e-01 1.388539e-02 8.592426e-02 1.614332e-02 -8.940969e-02 1.991975e-02 1.065637e-01 1.995632e-02 3.727834e-02 1.558369e-02 1.712354e-01 3.006123e-02
3.215291e-03 2.388563e-01 5.994682e-02 8.554232e-02 2.201550e-02 -1.664861e-01 4.929471e-02 7.998905e-02 8.794744e-03 5.650569e-03 1.623658e-02 2.218341e-01 4.604721e-02
4.092188e-03 3.229808e-01 7.982302e-02 1.035712e-01 1.700942e-02 -2.493013e-01 7.278458e-02 8.830605e-02 4.607593e-03 -8.582615e-03 1.626083e-02 3.121140e-01 6.606698e-02
5.553684e-03 3.185143e-01 6.699471e-02 1.157587e-01 1.611934e-02 -2.048768e-01 5.583530e-02 9.692063e-02 1.024073e-02 -2.385301e-03 1.412097e-02 2.638797e-01 4.718918e-02
7.599778e-03 3.430960e-01 5.577483e-02 1.300279e-01 2.037661e-02 -2.016046e-01 5.117574e-02 1.176222e-01 1.458275e-02 1.549561e-02 2.845212e-02 3.054613e-01 2.679403e-02
1.023047e-02 4.164588e-01 5.919248e-02 1.538070e-01 3.394706e-02 -2.119836e-01 1.728721e-02 1.089818e-01 1.556494e-02 -1.890720e-02 1.205919e-02 2.521852e-01 2.265227e-02
1.344576e-02 6.192356e-01 1.460095e-01 2.031639e-01 4.333262e-02 -3.185783e-01 7.897743e-02 1.228484e-01 1.519241e-02 -4.474640e-02 2.445668e-02 3.416945e-01 5.316470e-02
1.724565e-02 7.692046e-01 1.835666e-01 2.211293e-01 5.481047e-02 -3.749671e-01 1.128330e-01 1.361263e-01 1.603899e-02 -5.082687e-02 3.994596e-02 4.018763e-01 7.129053e-02
3.799889e-03 2.449408e-01 1.158039e-01 9.487282e-02 2.886295e-02 -1.663147e-01 1.019172e-01 8.944526e-02 9.833205e-03 5.940053e-03 1.998729e-02 2.311779e-01 9.921330e-02
4.092188e-03 2.136386e-01 5.362847e-02 7.881857e-02 1.692804e-02 -1.366592e-01 4.464564e-02 8.492233e-02 1.105953e-02 2.832831e-02 1.191871e-02 2.241487e-01 4.315053e-02
4.969085e-03 1.592471e-01 1.805900e-02 5.569648e-02 1.650180e-02 -1.091990e-01 1.090624e-02 7.463140e-02 8.281499e-03 3.677272e-02 1.319547e-02 2.067673e-01 2.767178e-02
6.430581e-03 2.539386e-01 6.540219e-02 9.420142e-02 2.388547e-02 -1.547062e-01 5.264701e-02 8.480949e-02 1.369701e-02 9.091212e-03 1.001730e-02 2.249094e-01 5.524256e-02
8.476675e-03 3.584945e-01 1.327292e-01 1.629205e-01 5.709979e-02 -1.614093e-01 6.693517e-02 1.360161e-01 2.159009e-02 -1.937837e-03 3.308409e-02 2.076527e-01 3.187017e-02
1.110737e-02 4.627947e-01 3.935841e-02 1.534821e-01 9.961910e-03 -2.536869e-01 4.084410e-02 1.022008e-01 3.080596e-03 -2.712079e-02 1.076702e-02 2.980482e-01 5.918412e-02
1.432266e-02 4.213498e-01 5.469035e-02 1.415323e-01 2.518292e-02 -2.045882e-01 1.959124e-02 1.181931e-01 1.433747e-02 -7.602167e-03 6.903270e-03 2.732969e-01 1.722612e-02
1.812255e-02 6.891261e-01 1.268785e-01 2.307242e-01 4.265430e-02 -2.856659e-01 8.307683e-02 1.443299e-01 1.314775e-02 -3.128257e-02 2.967962e-02 3.643334e-01 5.152541e-02
5.261385e-03 2.466942e-01 3.762754e-02 1.201198e-01 1.681916e-02 -1.107324e-01 2.419582e-02 1.050147e-01 7.791965e-03 4.449856e-03 1.593382e-02 1.654728e-01 1.149028e-02
5.553684e-03 2.681643e-01 5.695129e-02 1.237696e-01 2.289678e-02 -1.450794e-01 4.015361e-02 1.120035e-01 1.428602e-02 2.818199e-03 1.521367e-02 2.006160e-01 2.672309e-02
6.430581e-03 3.088855e-01 2.465910e-02 1.379580e-01 1.409084e-02 -1.563325e-01 2.139523e-02 1.117218e-01 1.056722e-02 -1.042733e-02 8.679592e-03 1.980638e-01 1.719814e-02
7.892077e-03 3.254882e-01 4.183658e-02 1.266822e-01 1.222079e-02 -1.688258e-01 2.853026e-02 9.948897e-02 5.596048e-03 -3.476189e-03 6.152505e-03 2.197135e-01 2.598506e-02
9.938171e-03 5.096256e-01 7.589495e-02 1.921634e-01 3.312794e-02 -2.530700e-01 4.005887e-02 1.213545e-01 1.196576e-02 -4.043046e-02 1.219971e-02 2.654117e-01 3.616495e-02
1.256886e-02 4.712968e-01 5.490697e-02 1.652110e-01 1.743678e-02 -2.011331e-01 2.963634e-02 1.203535e-01 5.406756e-03 -9.613663e-03 9.649974e-03 2.455652e-01 1.838472e-02
1.578415e-02 7.912066e-01 2.843913e-01 2.309963e-01 8.158273e-02 -4.655143e-01 1.652855e-01 1.374794e-01 2.293930e-02 -6.801073e-02 5.263789e-02 4.787198e-01 9.474011e-02
1.958404e-02 8.835114e-01 1.391903e-01 2.606384e-01 4.822781e-02 -4.512072e-01 7.126123e-02 1.336863e-01 2.376210e-02 -8.758885e-02 1.862334e-02 4.084482e-01 2.945311e-02
7.307479e-03 3.165551e-01 5.313151e-02 1.081665e-01 1.699146e-02 -2.013112e-01 3.434206e-02 8.958720e-02 1.032538e-02 -1.649946e-03 9.256304e-03 2.712353e-01 2.691754e-02
7.599778e-03 3.960530e-01 1.228251e-01 1.449668e-01 4.897593e-02 -2.292532e-01 6.220821e-02 1.021818e-01 2.117546e-02 -2.922006e-02 2.418005e-02 2.473919e-01 3.436099e-02
8.476675e-03 4.843208e-01 7.227959e-02 1.785897e-01 2.777283e-02 -2.638984e-01 5.485750e-02 1.200218e-01 1.229044e-02 -3.445722e-02 1.412362e-02 2.849891e-01 6.447955e-02
9.938171e-03 4.114247e-01 9.862112e-02 1.649169e-01 4.420679e-02 -2.017049e-01 4.437979e-02 1.193395e-01 2.084694e-02 -1.801438e-02 1.670183e-02 2.370062e-01 2.882332e-02
1.198426e-02 5.176276e-01 1.350590e-01 1.640975e-01 3.941726e-02 -2.687797e-01 7.472388e-02 1.137848e-01 1.307148e-02 -1.556038e-02 2.460971e-02 3.289623e-01 4.334154e-02
1.461496e-02 5.821210e-01 1.049583e-01 1.726577e-01 2.936610e-02 -3.293966e-01 6.097858e-02 1.180036e-01 8.137079e-03 -3.115406e-02 2.083289e-02 3.873313e-01 2.344102e-02
1.783025e-02 6.747342e-01 1.155052e-01 2.093735e-01 4.141731e-02 -3.203267e-01 5.797431e-02 1.339791e-01 1.607230e-02 -5.342556e-02 1.582711e-02 3.114488e-01 4.163364e-02
2.163014e-02 9.345514e-01 1.550354e-01 2.909068e-01 4.640354e-02 -3.705013e-01 8.600297e-02 1.553922e-01 1.489983e-02 -6.926087e-02 3.204775e-02 4.199741e-01 3.458299e-02
9.938171e-03 3.448399e-01 7.078401e-02 1.123129e-01 2.974315e-02 -2.123268e-01 4.513470e-02 1.014524e-01 1.505580e-02 4.409072e-03 1.372066e-02 2.921116e-01 3.850373e-02
1.023047e-02 3.637565e-01 6.843930e-02 1.234440e-01 1.717849e-02 -2.252401e-01 5.587398e-02 1.083148e-01 1.246001e-02 6.477516e-03 2.147797e-02 3.166083e-01 2.965839e-02
1.110737e-02 3.982017e-01 4.232343e-02 1.424132e-01 1.263679e-02 -2.069300e-01 3.305367e-02 1.132221e-01 6.432234e-03 -5.385291e-03 1.579488e-02 2.658530e-01 2.642806e-02
1.256886e-02 5.131555e-01 7.716706e-02 1.985839e-01 2.887843e-02 -2.621917e-01 4.688977e-02 1.432241e-01 1.045678e-02 -2.626128e-02 1.894380e-02 3.138441e-01 3.174520e-02
1.461496e-02 8.197704e-01 1.813998e-01 2.775975e-01 6.003405e-02 -4.038766e-01 1.034860e-01 1.472052e-01 1.824575e-02 -8.551612e-02 3.524785e-02 3.659484e-01 6.707752e-02
1.724565e-02 8.090910e-01 1.527447e-01 2.533082e-01 5.492563e-02 -3.537472e-01 7.160622e-02 1.609254e-01 1.864002e-02 -3.886946e-02 2.226678e-02 3.587828e-01 4.922447e-02
2.046094e-02 8.632606e-01 1.112502e-01 2.367110e-01 3.704727e-02 -3.627051e-01 3.002564e-02 1.350699e-01 1.765241e-02 -5.077183e-02 7.493599e-03 3.459351e-01 1.096853e-02
2.426083e-02 1.057043e+00 1.701381e-01 2.962410e-01 4.185442e-02 -4.735690e-01 6.174720e-02 1.468539e-01 6.965023e-03 -1.018679e-01 1.475563e-02 4.729722e-01 1.038802e-02
1.315346e-02 3.959664e-01 5.499673e-02 1.328970e-01 3.081859e-02 -1.888705e-01 3.217231e-02 1.132951e-01 1.955423e-02 1.445731e-02 1.611393e-02 2.782534e-01 4.833271e-02
1.344576e-02 5.769112e-01 6.389480e-02 1.696748e-01 1.908938e-02 -3.313936e-01 3.836261e-02 1.112400e-01 9.963570e-03 -3.750276e-02 5.456724e-03 3.485210e-01 2.428141e-02
1.432266e-02 7.304507e-01 9.649948e-02 2.544619e-01 3.314194e-02 -3.575468e-01 5.884215e-02 1.586104e-01 1.289798e-02 -5.304257e-02 2.259439e-02 3.629030e-01 4.554412e-02
1.578415e-02 7.787216e-01 1.567434e-01 2.363818e-01 4.702884e-02 -4.145321e-01 9.207215e-02 1.331071e-01 1.647379e-02 -7.798765e-02 2.370196e-02 3.961907e-01 5.881871e-02
1.783025e-02 6.057847e-01 1.179907e-01 1.776201e-01 3.816593e-02 -2.985400e-01 9.147060e-02 1.316663e-01 2.046699e-02 -1.984782e-02 1.067764e-02 3.794982e-01 8.519849e-02
2.046094e-02 9.850034e-01 1.131545e-01 2.938536e-01 3.144554e-02 -3.712521e-01 5.074827e-02 1.697948e-01 9.807721e-03 -4.305709e-02 8.595809e-03 3.802140e-01 3.153260e-02
2.367623e-02 1.232622e+00 3.436309e-01 3.585254e-01 9.593144e-02 -5.361341e-01 1.514914e-01 1.887485e-01 3.163804e-02 -1.186263e-01 4.250758e-02 4.699681e-01 7.746930e-02
2.747612e-02 8.251010e-01 1.192762e-01 2.196652e-01 4.339591e-02 -3.250493e-01 5.764894e-02 1.425774e-01 1.659128e-02 -4.220264e-02 2.394898e-02 4.348170e-01 4.086697e-02
1.695335e-02 5.338444e-01 1.118981e-01 1.633577e-01 4.189053e-02 -2.583416e-01 5.703223e-02 1.080443e-01 1.419081e-02 -2.821675e-02 2.243915e-02 3.200881e-01 3.629360e-02
1.724565e-02 6.994721e-01 7.725399e-02 1.987468e-01 3.338795e-02 -3.478833e-01 5.793854e-02 1.246000e-01 1.094566e-02 -4.934406e-02 1.534102e-02 3.593167e-01 4.725538e-02
1.812255e-02 6.478595e-01 1.189132e-01 2.152178e-01 2.524245e-02 -2.507435e-01 8.544296e-02 1.509742e-01 1.248160e-02 -1.244183e-02 3.488517e-02 3.342947e-01 3.716033e-02
1.958404e-02 5.420251e-01 3.919379e-02 1.568251e-01 2.053227e-02 -2.446172e-01 2.389598e-02 1.136057e-01 7.546894e-03 -1.750041e-02 1.219281e-02 3.214692e-01 4.227158e-02
2.163014e-02 8.615987e-01 6.624075e-02 2.410280e-01 1.454337e-02 -4.132314e-01 4.433864e-02 1.354057e-01 7.540317e-03 -7.649555e-02 5.600964e-03 3.858085e-01 3.836329e-02
2.426083e-02 1.120838e+00 1.478782e-01 3.086763e-01 3.801339e-02 -5.292697e-01 6.333046e-02 1.806975e-01 1.433833e-02 -7.614346e-02 2.710493e-02 5.349451e-01 4.194389e-02
2.747612e-02 1.134922e+00 9.658667e-02 3.232333e-01 3.596291e-02 -4.028746e-01 8.021303e-02 1.840757e-01 1.224593e-02 -9.248478e-02 2.596026e-02 4.353674e-01 4.644669e-02
3.127601e-02 1.394773e+00 1.464369e-01 3.084605e-01 4.781803e-02 -5.499095e-01 6.855197e-02 1.719796e-01 1.038362e-02 -1.036202e-01 2.223889e-02 5.511815e-01 5.695054e-02
4.676786e-03 2.806068e-01 4.735824e-02 1.240675e-01 1.946925e-02 -1.490695e-01 4.008225e-02 1.022500e-01 1.180897e-02 -3.253007e-03 1.584863e-02 1.931771e-01 3.428757e-02
4.969085e-03 2.483835e-01 8.621795e-02 1.086993e-01 2.734390e-02 -1.261422e-01 6.456895e-02 9.549319e-02 1.003258e-02 5.577026e-03 2.038694e-02 1.726456e-01 4.709158e-02
5.845983e-03 2.618278e-01 4.560453e-02 9.854932e-02 2.540570e-02 -1.658917e-01 3.214984e-02 9.336787e-02 1.366580e-02 8.516021e-03 1.220474e-02 2.383060e-01 3.994667e-02
7.307479e-03 2.688334e-01 5.095531e-02 9.998035e-02 1.027066e-02 -1.649199e-01 5.009827e-02 9.712668e-02 5.872201e-03 1.434546e-02 9.602475e-03 2.499634e-01 4.480030e-02
9.353573e-03 4.455509e-01 5.734173e-02 1.824601e-01 2.234512e-02 -2.204206e-01 4.553938e-02 1.322915e-01 1.124259e-02 -2.884262e-02 1.779722e-02 2.456707e-01 3.597431e-02
1.198426e-02 5.564347e-01 1.397647e-01 1.893076e-01 4.042332e-02 -2.905873e-01 9.017928e-02 1.223804e-01 1.383705e-02 -3.852227e-02 2.517038e-02 3.174013e-01 5.786446e-02
1.519956e-02 7.677726e-01 7.114477e-02 2.602136e-01 4.241810e-02 -3.600469e-01 5.317419e-02 1.550868e-01 2.587699e-02 -4.378269e-02 8.901166e-03 3.675616e-01 6.742508e-02
1.899944e-02 8.656666e-01 9.226581e-02 2.580286e-01 4.482778e-02 -4.289082e-01 6.327713e-02 1.561760e-01 2.681609e-02 -5.750266e-02 2.483490e-02 4.431224e-01 5.408556e-02
4.969085e-03 2.060213e-01 2.584070e-02 7.752854e-02 1.317028e-02 -1.339314e-01 2.515272e-02 7.801823e-02 9.892455e-03 1.385417e-02 1.579877e-02 2.071556e-01 3.402599e-02
5.261385e-03 2.485745e-01 4.963344e-02 1.166563e-01 2.940617e-02 -1.131941e-01 1.802287e-02 1.029085e-01 1.643694e-02 2.969065e-03 1.130872e-02 1.511830e-01 1.345882e-02
6.138282e-03 2.898163e-01 3.285863e-02 1.072832e-01 1.183634e-02 -1.778683e-01 2.926870e-02 9.194975e-02 5.866667e-03 -7.724517e-04 1.029576e-02 2.352155e-01 3.253196e-02
7.599778e-03 3.093425e-01 3.149472e-02 1.187211e-01 1.498543e-02 -1.802680e-01 3.060407e-02 9.620889e-02 1.322137e-02 -8.547760e-03 1.081458e-02 2.262739e-01 2.152378e-02
9.645872e-03 3.465362e-01 3.601750e-02 1.147091e-01 1.356051e-02 -1.951250e-01 2.949783e-02 9.371692e-02 8.625282e-03 -1.859527e-03 9.565478e-03 2.533058e-01 3.041533e-02
1.227656e-02 5.411847e-01 7.265782e-02 1.698503e-01 1.773065e-02 -2.799138e-01 6.223663e-02 1.111817e-01 8.435987e-03 -2.816969e-02 1.334101e-02 2.902987e-01 4.703469e-02
1.549185e-02 6.038561e-01 1.660746e-01 1.848360e-01 5.357557e-02 -3.049934e-01 8.529817e-02 1.190874e-01 2.211969e-02 -3.893351e-02 2.104972e-02 3.322686e-01 5.658883e-02
1.929174e-02 7.459148e-01 9.099141e-02 2.275447e-01 2.338805e-02 -3.467220e-01 9.663262e-02 1.539050e-01 1.762824e-02 -4.380019e-02 1.789632e-02 4.039628e-01 6.950914e-02
5.845983e-03 2.417340e-01 3.119718e-02 8.782984e-02 5.521028e-03 -1.491227e-01 3.390962e-02 8.859539e-02 5.905071e-03 1.949305e-02 4.895453e-03 2.312524e-01 3.134211e-02
6.138282e-03 4.722715e-01 1.034912e-01 1.693381e-01 3.490561e-02 -3.236623e-01 9.052928e-02 1.091254e-01 1.667406e-02 -4.887131e-02 2.839411e-02 3.558253e-01 1.038902e-01
7.015180e-03 3.835686e-01 9.397362e-02 1.714146e-01 3.250873e-02 -1.894296e-01 7.401838e-02 1.321325e-01 1.871599e-02 -1.930617e-02 1.628293e-02 2.254349e-01 6.819573e-02
8.476675e-03 2.968539e-01 5.313832e-02 1.129434e-01 2.103700e-02 -1.648677e-01 2.931389e-02 8.953170e-02 9.543844e-03 3.135975e-03 1.097903e-02 2.476124e-01 1.809321e-02
1.052277e-02 4.531139e-01 5.009836e-02 1.624494e-01 2.130029e-02 -2.563965e-01 3.996521e-02 1.094557e-01 4.562008e-03 -4.216846e-02 1.999455e-02 2.796142e-01 3.350810e-02
1.315346e-02 6.516307e-01 6.154021e-02 2.386776e-01 3.282951e-02 -2.861355e-01 3.757924e-02 1.472305e-01 1.713127e-02 -4.945865e-02 2.264976e-02 2.866531e-01 2.056204e-02
1.636875e-02 5.657316e-01 9.003964e-02 1.712666e-01 1.739006e-02 -2.541990e-01 6.430837e-02 1.168629e-01 1.999476e-03 -2.100276e-02 1.855729e-02 3.169376e-01 3.715861e-02
2.016864e-02 9.106161e-01 1.795583e-01 2.538028e-01 6.052003e-02 -4.155840e-01 7.135668e-02 1.436445e-01 1.493583e-02 -6.676945e-02 2.419620e-02 4.245418e-01 4.774936e-02
7.307479e-03 4.402901e-01 8.088123e-02 1.490911e-01 3.126685e-02 -2.807658e-01 6.363026e-02 1.134147e-01 1.733474e-02 -1.687044e-02 1.156108e-02 3.274268e-01 6.556060e-02
7.599778e-03 3.045753e-01 3.875015e-02 1.064508e-01 1.936948e-02 -1.909547e-01 2.864637e-02 9.562142e-02 1.207716e-02 4.952780e-03 1.480425e-02 2.659135e-01 3.632324e-02
8.476675e-03 2.914082e-01 4.331201e-02 9.932421e-02 2.206929e-02 -1.722396e-01 1.719766e-02 7.799608e-02 1.132618e-02 -7.671967e-03 1.302402e-02 2.275893e-01 2.108350e-02
9.938171e-03 2.901581e-01 4.248698e-02 1.108590e-01 1.620638e-02 -1.364136e-01 3.333923e-02 9.630547e-02 1.278631e-02 1.504859e-02 8.074756e-03 2.334239e-01 2.364749e-02
1.198426e-02 4.538264e-01 1.159189e-01 1.512723e-01 3.627080e-02 -2.408793e-01 6.105232e-02 1.168804e-01 1.522500e-02 -1.769086e-02 1.286752e-02 2.741792e-01 4.587210e-02
1.461496e-02 4.709889e-01 9.035964e-02 1.360936e-01 2.025124e-02 -2.688021e-01 7.057929e-02 1.003203e-01 7.746684e-03 -1.618114e-02 2.182006e-02 3.267102e-01 4.539726e-02
1.783025e-02 8.792560e-01 1.272944e-01 2.816907e-01 4.098017e-02 -3.870946e-01 6.007015e-02 1.571336e-01 1.243273e-02 -5.686095e-02 1.385579e-02 4.021166e-01 3.806447e-02
2.163014e-02 9.638340e-01 1.508978e-01 2.804684e-01 4.379240e-02 -4.347833e-01 7.854830e-02 1.587407e-01 1.244238e-02 -6.402847e-02 2.220756e-02 4.265764e-01 5.210484e-02
9.353573e-03 4.686029e-01 3.557493e-02 1.699893e-01 2.764127e-02 -2.401909e-01 2.578287e-02 1.191890e-01 1.603019e-02 -1.220250e-02 7.313445e-03 2.811443e-01 4.192367e-02
9.645872e-03 2.904529e-01 4.979164e-02 1.329189e-01 2.115604e-02 -1.050580e-01 3.278859e-02 1.222560e-01 2.077996e-02 2.351822e-02 1.975450e-02 1.925932e-01 1.179779e-02
1.052277e-02 3.519218e-01 7.088344e-02 1.097765e-01 1.986913e-02 -1.985178e-01 5.257752e-02 8.278964e-02 7.863711e-03 -9.207257e-03 1.567476e-02 2.598069e-01 3.438354e-02
1.198426e-02 4.954531e-01 5.889664e-02 1.704650e-01 2.265998e-02 -2.558470e-01 3.562908e-02 1.103308e-01 1.300588e-02 -2.826662e-02 5.333874e-03 2.900494e-01 4.536102e-02
1.403036e-02 4.414574e-01 1.060853e-01 1.536055e-01 4.308223e-02 -2.128570e-01 6.159720e-02 1.145469e-01 1.677399e-02 -8.662524e-03 2.383783e-02 2.785572e-01 3.863677e-02
1.666105e-02 8.450849e-01 1.222955e-01 2.644544e-01 5.328787e-02 -4.272212e-01 6.407283e-02 1.495792e-01 2.792422e-02 -8.320836e-02 1.892125e-02 4.024851e-01 4.390360e-02
1.987634e-02 7.070619e-01 8.663858e-02 2.180491e-01 1.286070e-02 -2.987653e-01 7.147006e-02 1.580338e-01 1.019294e-02 -1.722747e-02 1.925867e-02 3.845078e-01 4.821661e-02
2.367623e-02 9.520596e-01 9.404187e-02 2.582384e-01 3.352177e-02 -4.093477e-01 5.898151e-02 1.499217e-01 1.722396e-02 -5.795185e-02 1.347857e-02 4.143291e-01 4.026217e-02
1.198426e-02 7.103800e-01 1.380427e-01 2.543593e-01 6.017128e-02 -3.511809e-01 6.417042e-02 1.532401e-01 2.569269e-02 -4.956689e-02 3.054886e-02 3.565454e-01 3.353095e-02
1.227656e-02 4.931240e-01 8.976295e-02 1.543287e-01 2.231671e-02 -2.565276e-01 5.807178e-02 1.088334e-01 1.054147e-02 -5.245943e-03 1.593071e-02 3.202612e-01 4.645821e-02
1.315346e-02 5.300542e-01 1.683961e-01 1.825430e-01 5.458507e-02 -2.750804e-01 8.902677e-02 1.190277e-01 2.228620e-02 -3.155946e-02 2.652826e-02 3.403293e-01 4.672865e-02
1.461496e-02 5.521348e-01 8.873018e-02 1.650579e-01 3.301634e-02 -2.701415e-01 4.275739e-02 1.069448e-01 9.464686e-03 -2.528837e-02 2.194718e-02 3.028460e-01 1.667019e-02
1.666105e-02 5.722245e-01 1.050197e-01 1.874097e-01 3.447112e-02 -2.475640e-01 6.263849e-02 1.288653e-01 1.020919e-02 -1.094820e-02 2.330248e-02 3.177048e-01 4.102746e-02
1.929174e-02 9.464457e-01 9.467847e-02 2.981539e-01 2.879803e-02 -4.407035e-01 6.309683e-02 1.696648e-01 1.034898e-02 -8.571556e-02 1.491311e-02 4.107884e-01 4.827516e-02
2.250703e-02 1.436955e+00 2.462328e-01 4.508768e-01 8.226047e-02 -5.629749e-01 9.335811e-02 2.197785e-01 2.532096e-02 -1.292313e-01 4.454257e-02 4.891812e-01 3.038699e-02
2.630692e-02 7.429234e-01 1.682285e-01 1.970098e-01 4.482908e-02 -2.893238e-01 5.828702e-02 1.457365e-01 2.088145e-02 -1.010039e-02 9.897261e-03 4.767193e-01 4.402739e-02
1.519956e-02 6.098954e-01 1.089943e-01 1.933394e-01 4.173734e-02 -3.009018e-01 6.920096e-02 1.299335e-01 1.850363e-02 -1.758365e-02 2.503746e-02 3.818894e-01 4.789587e-02
1.549185e-02 7.143381e-01 1.318972e-01 2.067307e-01 4.821720e-02 -3.341028e-01 5.789556e-02 1.243467e-01 1.760103e-02 -3.508282e-02 2.598361e-02 3.494517e-01 3.138288e-02
1.636875e-02 6.094314e-01 9.421925e-02 1.970811e-01 3.546696e-02 -2.712675e-01 4.482359e-02 1.339826e-01 1.807404e-02 -2.290942e-02 9.831130e-03 3.054100e-01 3.481765e-02
1.783025e-02 8.521780e-01 9.224730e-02 2.495906e-01 4.206149e-02 -4.276395e-01 6.198582e-02 1.419256e-01 1.738299e-02 -8.258949e-02 2.401175e-02 4.099133e-01 4.157172e-02
1.987634e-02 8.429583e-01 1.170303e-01 2.784540e-01 4.447319e-02 -3.456040e-01 6.593190e-02 1.607391e-01 2.475907e-02 -7.078341e-02 2.319509e-02 3.751411e-01 3.762904e-02
2.250703e-02 1.142989e+00 2.300504e-01 2.997893e-01 6.957342e-02 -5.677431e-01 1.252359e-01 1.498272e-01 1.896950e-02 -9.968981e-02 4.400044e-02 5.149890e-01 7.001918e-02
2.572232e-02 1.518069e+00 2.031618e-01 3.758024e-01 7.191993e-02 -6.706117e-01 1.144380e-01 1.777496e-01 2.093186e-02 -1.235602e-01 3.680300e-02 5.652978e-01 7.438991e-02
2.952221e-02 1.071775e+00 1.390103e-01 3.314046e-01 2.415043e-02 -3.295084e-01 3.437366e-02 1.986542e-01 2.512369e-02 -7.109602e-02 6.930406e-03 4.718413e-01 2.743458e-02
1.899944e-02 7.744082e-01 9.518031e-02 2.505382e-01 2.626980e-02 -3.328372e-01 4.643060e-02 1.591607e-01 1.172286e-02 -3.879445e-02 1.627440e-02 3.424511e-01 3.138433e-02
1.929174e-02 8.219861e-01 6.294630e-02 2.643935e-01 4.002666e-02 -3.931459e-01 5.583564e-02 1.496908e-01 2.752646e-02 -8.612485e-02 1.463347e-02 3.835649e-01 5.401298e-02
2.016864e-02 8.485724e-01 1.860200e-01 2.394935e-01 5.962308e-02 -4.195431e-01 1.049076e-01 1.367017e-01 2.010231e-02 -6.747082e-02 4.019152e-02 4.183173e-01 5.961938e-02
2.163014e-02 1.155413e+00 2.503023e-01 3.508243e-01 8.528875e-02 -5.455920e-01 1.337579e-01 1.859013e-01 3.660889e-02 -1.110103e-01 4.378293e-02 4.874899e-01 5.999262e-02
2.367623e-02 7.908117e-01 1.771050e-01 2.294266e-01 4.335038e-02 -3.482296e-01 8.643508e-02 1.479772e-01 1.618450e-02 -5.279217e-02 2.330679e-02 4.446963e-01 4.907214e-02
2.630692e-02 1.358823e+00 1.454277e-01 3.612122e-01 4.992727e-02 -5.920210e-01 6.716127e-02 1.952910e-01 1.571879e-02 -1.040004e-01 1.786456e-02 5.454480e-01 7.092408e-02
2.952221e-02 1.051713e+00 6.231844e-02 2.357779e-01 3.531520e-02 -3.916058e-01 5.157507e-02 1.497684e-01 2.333141e-02 -4.722133e-02 1.334713e-02 5.091771e-01 3.324469e-02
3.332210e-02 1.096741e+00 1.714905e-01 2.973466e-01 9.052074e-02 -4.007306e-01 6.383953e-02 2.229538e-01 4.375980e-02 -9.554057e-02 2.597193e-02 4.960786e-01 5.949722e-02
7.307479e-03 3.563136e-01 5.460824e-02 1.117259e-01 1.899479e-02 -2.531850e-01 4.565039e-02 8.225251e-02 9.549757e-03 -2.063371e-02 1.315652e-02 3.051315e-01 5.805174e-02
7.599778e-03 2.919745e-01 5.779847e-02 1.178819e-01 2.806867e-02 -1.530712e-01 3.578142e-02 1.001134e-01 1.461555e-02 -1.019349e-03 1.163304e-02 2.005026e-01 3.086011e-02
8.476675e-03 2.964265e-01 5.397627e-02 1.016145e-01 2.381093e-02 -1.845358e-01 2.913029e-02 9.970886e-02 9.307998e-03 1.339523e-02 1.232199e-02 2.621911e-01 2.743391e-02
9.938171e-03 5.017710e-01 9.637096e-02 1.912820e-01 3.126265e-02 -2.469168e-01 6.350607e-02 1.249783e-01 7.792174e-03 -3.442922e-02 2.299961e-02 2.564029e-01 4.252468e-02
1.198426e-02 5.651392e-01 1.201187e-01 1.838582e-01 2.950115e-02 -3.275493e-01 9.138715e-02 1.192478e-01 8.041969e-03 -3.307663e-02 2.330315e-02 3.557920e-01 7.476018e-02
1.461496e-02 7.833001e-01 1.269264e-01 2.496655e-01 3.866335e-02 -4.055904e-01 5.043182e-02 1.362041e-01 9.092459e-03 -7.697425e-02 1.908388e-02 3.753385e-01 2.141457e-02
1.783025e-02 9.247141e-01 1.882762e-01 2.293047e-01 5.460060e-02 -5.137977e-01 9.497245e-02 1.184630e-01 1.882575e-02 -8.018758e-02 2.443500e-02 4.887157e-01 6.349293e-02
2.163014e-02 9.744666e-01 1.656827e-01 2.797668e-01 5.157588e-02 -4.005709e-01 7.923699e-02 1.504104e-01 1.555396e-02 -6.948909e-02 2.639484e-02 4.203121e-01 3.932031e-02
7.599778e-03 2.534625e-01 3.455868e-02 7.770141e-02 1.230053e-02 -1.607296e-01 2.006990e-02 7.204225e-02 5.661236e-03 1.023067e-02 1.031569e-02 2.286961e-01 2.170730e-02
7.892077e-03 2.839534e-01 4.455451e-02 9.797028e-02 1.465515e-02 -1.715674e-01 3.620431e-02 8.277452e-02 9.923283e-03 1.955432e-03 9.519487e-03 2.382540e-01 4.161544e-02
8.768974e-03 3.988616e-01 7.486143e-02 1.492233e-01 2.842998e-02 -2.335549e-01 3.670007e-02 1.070728e-01 1.152555e-02 -2.781872e-02 1.462555e-02 2.668592e-01 2.311652e-02
1.023047e-02 4.616680e-01 1.449668e-01 1.637551e-01 4.431645e-02 -2.615938e-01 9.861993e-02 1.147693e-01 1.314547e-02 -2.813282e-02 3.295339e-02 3.085104e-01 6.174192e-02
1.227656e-02 5.107946e-01 1.074121e-01 1.780614e-01 3.023210e-02 -2.641411e-01 7.618833e-02 1.119497e-01 1.225741e-02 -3.913061e-02 2.087753e-02 2.804706e-01 5.707404e-02
1.490726e-02 6.731275e-01 2.005940e-01 2.198619e-01 5.486889e-02 -3.297888e-01 1.138728e-01 1.278806e-01 2.078415e-02 -5.933200e-02 2.673423e-02 3.092146e-01 6.237148e-02
1.812255e-02 8.330404e-01 2.167609e-01 2.608430e-01 4.878046e-02 -3.689409e-01 1.113466e-01 1.620476e-01 1.490692e-02 -4.793560e-02 2.447516e-02 3.551188e-01 7.095011e-02
2.192244e-02 1.542175e+00 3.697658e-01 4.993332e-01 1.231717e-01 -6.694396e-01 1.302063e-01 2.388830e-01 3.964336e-02 -1.645119e-01 3.403545e-02 5.496027e-01 8.913137e-02
8.476675e-03 3.469790e-01 3.128614e-02 1.159346e-01 1.678662e-02 -2.051173e-01 1.746344e-02 9.990004e-02 7.692919e-03 9.497352e-03 7.079021e-03 2.802450e-01 2.745006e-02
8.768974e-03 3.454715e-01 9.119244e-02 1.390053e-01 1.697072e-02 -1.747566e-01 7.814912e-02 1.179624e-01 2.290659e-03 8.634977e-03 1.639098e-02 2.496834e-01 7.291572e-02
9.645872e-03 4.249101e-01 5.531731e-02 1.340418e-01 2.958504e-02 -2.737772e-01 2.550956e-02 9.379372e-02 1.414957e-02 -2.099113e-02 1.079703e-02 3.335828e-01 2.915647e-02
1.110737e-02 3.184629e-01 3.623262e-02 1.166667e-01 1.273935e-02 -1.550441e-01 3.435104e-02 9.829301e-02 5.760268e-03 1.452782e-02 1.347035e-02 2.430594e-01 2.354307e-02
1.315346e-02 5.481896e-01 7.739138e-02 1.869679e-01 2.949604e-02 -3.034595e-01 4.435636e-02 1.230754e-01 1.244642e-02 -3.350658e-02 1.526342e-02 3.523232e-01 3.958985e-02
1.578415e-02 6.374132e-01 8.640580e-02 2.134318e-01 2.494299e-02 -3.050767e-01 6.123554e-02 1.323958e-01 1.420406e-02 -4.820864e-02 1.236067e-02 3.092763e-01 4.739759e-02
1.899944e-02 4.462846e-01 5.612331e-02 1.322452e-01 2.005547e-02 -1.694113e-01 2.400791e-02 1.137217e-01 1.473041e-02 4.649198e-03 1.180890e-02 3.028478e-01 1.854153e-02
2.279933e-02 1.238553e+00 2.047560e-01 3.785494e-01 6.582973e-02 -5.389378e-01 1.276411e-01 1.885071e-01 2.463916e-02 -1.183151e-01 2.991358e-02 4.895759e-01 9.676652e-02
9.938171e-03 4.684187e-01 8.399655e-02 1.669220e-01 3.006698e-02 -2.414316e-01 4.455454e-02 1.164879e-01 1.554048e-02 -2.667606e-02 1.441127e-02 2.561443e-01 3.421387e-02
1.023047e-02 2.994503e-01 2.279142e-02 9.802752e-02 2.286592e-02 -1.569347e-01 2.645156e-02 9.574407e-02 7.299097e-03 2.334756e-02 1.960871e-02 2.480655e-01 4.916862e-02
1.110737e-02 4.804019e-01 7.945671e-02 1.575444e-01 2.341482e-02 -3.009135e-01 6.361063e-02 1.078274e-01 6.517978e-03 -4.059749e-02 1.906513e-02 3.118631e-01 5.344193e-02
1.256886e-02 5.354240e-01 9.320194e-02 1.736036e-01 2.264129e-02 -2.631843e-01 5.814770e-02 1.160977e-01 1.562930e-02 -2.135209e-02 1.582164e-02 2.994895e-01 4.582320e-02
1.461496e-02 4.923064e-01 4.807282e-02 1.787785e-01 3.133248e-02 -1.976695e-01 2.712903e-02 1.233882e-01 1.721389e-02 -1.889636e-02 1.378174e-02 2.270151e-01 1.963182e-02
1.724565e-02 7.550332e-01 1.212617e-01 2.282069e-01 4.595548e-02 -3.687054e-01 7.105071e-02 1.305826e-01 1.440860e-02 -5.573606e-02 2.424846e-02 4.010351e-01 4.859555e-02
2.046094e-02 1.053436e+00 1.527574e-01 3.474591e-01 6.015210e-02 -4.100742e-01 7.930220e-02 1.885534e-01 2.349577e-02 -6.910224e-02 2.315132e-02 3.955810e-01 6.318818e-02
2.426083e-02 1.203480e+00 2.750233e-01 3.254289e-01 6.974984e-02 -5.437884e-01 1.181492e-01 1.784206e-01 2.278637e-02 -9.262412e-02 3.157212e-02 4.926329e-01 4.265879e-02
1.198426e-02 4.979465e-01 7.159062e-02 1.648382e-01 2.884716e-02 -2.746003e-01 2.566058e-02 1.135512e-01 1.219904e-02 -3.902338e-02 1.710925e-02 2.815707e-01 1.865776e-02
1.227656e-02 3.374861e-01 5.512774e-02 1.053364e-01 1.764903e-02 -1.771665e-01 4.473583e-02 8.906412e-02 5.914772e-03 -2.760382e-03 6.891228e-03 2.336991e-01 4.579976e-02
1.315346e-02 6.954761e-01 1.896177e-01 2.151833e-01 5.661621e-02 -4.057844e-01 1.034866e-01 1.272370e-01 1.757389e-02 -6.742945e-02 3.240146e-02 4.056132e-01 4.586646e-02
1.461496e-02 7.049644e-01 1.325786e-01 2.241160e-01 5.086170e-02 -3.831082e-01 7.916135e-02 1.351534e-01 2.324578e-02 -5.240073e-02 2.352254e-02 4.071312e-01 5.285751e-02
1.666105e-02 7.675732e-01 2.473544e-02 2.396156e-01 1.192894e-02 -3.764518e-01 3.358696e-02 1.411614e-01 9.740199e-03 -6.181857e-02 5.966379e-03 3.885581e-01 3.894710e-02
1.929174e-02 6.355720e-01 4.230809e-02 1.998696e-01 1.721771e-02 -3.218859e-01 3.141546e-02 1.358604e-01 8.892383e-03 -4.386882e-02 1.367655e-02 3.613662e-01 3.406426e-02
2.250703e-02 9.580702e-01 1.566043e-01 2.411417e-01 4.632137e-02 -4.479849e-01 7.594401e-02 1.468332e-01 1.417931e-02 -5.630912e-02 2.760744e-02 4.922764e-01 4.845624e-02
2.630692e-02 1.295563e+00 1.474813e-01 3.653151e-01 7.364745e-02 -5.130205e-01 6.759530e-02 1.962764e-01 2.864697e-02 -1.052769e-01 3.157056e-02 5.130903e-01 5.939587e-02
1.461496e-02 7.441305e-01 6.009260e-02 2.451989e-01 2.963414e-02 -3.952309e-01 3.421712e-02 1.317281e-01 1.773155e-02 -7.947246e-02 1.103034e-02 3.788365e-01 2.502751e-02
1.490726e-02 7.721453e-01 1.313203e-01 2.452089e-01 3.538789e-02 -3.728896e-01 9.344602e-02 1.344661e-01 1.117367e-02 -5.546266e-02 2.668243e-02 3.606775e-01 6.494537e-02
1.578415e-02 8.304900e-01 1.285581e-01 2.274803e-01 3.131618e-02 -4.638833e-01 9.871141e-02 1.288655e-01 1.022521e-02 -6.607462e-02 2.866909e-02 4.504754e-01 8.072318e-02
1.724565e-02 1.077523e+00 3.267861e-01 3.270128e-01 8.670442e-02 -5.192570e-01 1.707569e-01 1.751830e-01 1.929618e-02 -9.232598e-02 4.786511e-02 4.756330e-01 9.217497e-02
1.929174e-02 6.350481e-01 6.404800e-02 1.810222e-01 2.034520e-02 -3.159207e-01 3.727654e-02 1.211415e-01 1.258068e-02 -2.721218e-02 8.390959e-03 3.803286e-01 4.175773e-02
2.192244e-02 7.138977e-01 7.640121e-02 1.890198e-01 2.162207e-02 -3.585526e-01 5.024516e-02 1.382092e-01 1.057380e-02 -4.997901e-02 1.066891e-02 4.136788e-01 3.323647e-02
2.513773e-02 1.347772e+00 2.243060e-01 3.878806e-01 6.255618e-02 -5.629379e-01 9.768753e-02 2.028514e-01 2.309200e-02 -1.298343e-01 2.805343e-02 5.357236e-01 5.943304e-02
2.893762e-02 1.273504e+00 1.580813e-01 4.045470e-01 3.781871e-02 -4.991262e-01 7.476197e-02 2.548538e-01 1.239300e-02 -1.221229e-01 1.027255e-02 5.450991e-01 8.439760e-02
1.783025e-02 6.069465e-01 1.393012e-01 1.763940e-01 4.973840e-02 -2.587496e-01 4.501980e-02 1.179546e-01 1.639458e-02 -1.196504e-02 2.079485e-02 3.258714e-01 3.155809e-02
1.812255e-02 8.434052e-01 8.436632e-02 2.632986e-01 4.007528e-02 -4.071821e-01 4.465758e-02 1.552888e-01 1.771969e-02 -5.961561e-02 1.432739e-02 4.215299e-01 3.216842e-02
1.899944e-02 7.759562e-01 1.810119e-01 2.324885e-01 4.933794e-02 -3.076560e-01 6.239886e-02 1.477141e-01 1.687122e-02 -3.962553e-02 1.839855e-02 3.218715e-01 3.903312e-02
2.046094e-02 8.684452e-01 8.762646e-02 2.414656e-01 3.552166e-02 -4.287137e-01 5.243831e-02 1.363507e-01 1.147529e-02 -7.065645e-02 2.157360e-02 4.348117e-01 4.465431e-02
2.250703e-02 1.123994e+00 1.589773e-01 3.563173e-01 5.168137e-02 -4.686582e-01 8.531234e-02 2.065334e-01 2.706312e-02 -7.798609e-02 2.395598e-02 4.667583e-01 6.649614e-02
2.513773e-02 9.647331e-01 2.168560e-01 2.516307e-01 6.860118e-02 -4.636522e-01 9.856337e-02 1.666931e-01 1.800322e-02 -6.321397e-02 3.311241e-02 4.827792e-01 4.401766e-02
2.835302e-02 1.085485e+00 1.674776e-01 2.933998e-01 4.593455e-02 -4.319835e-01 9.422118e-02 1.883667e-01 1.580499e-02 -5.193746e-02 3.509176e-02 4.614106e-01 5.714082e-02
3.215291e-02 1.150383e+00 2.061338e-01 3.275592e-01 6.146584e-02 -4.908277e-01 1.446022e-01 2.003200e-01 2.314555e-02 -1.002979e-01 5.478354e-02 5.919055e-01 8.679269e-02
2.163014e-02 7.650200e-01 3.865860e-02 2.332683e-01 2.160061e-02 -3.160457e-01 1.904671e-02 1.468549e-01 7.970311e-03 -5.435756e-02 8.670144e-03 3.572042e-01 3.785862e-02
2.192244e-02 6.128377e-01 8.046934e-02 1.611041e-01 1.786689e-02 -2.625227e-01 5.239246e-02 1.246766e-01 8.284254e-03 -1.564292e-02 1.433797e-02 3.744839e-01 5.024336e-02
2.279933e-02 1.368462e+00 3.661503e-01 4.211611e-01 1.120323e-01 -5.785344e-01 1.811971e-01 2.054663e-01 3.893481e-02 -1.292068e-01 5.373533e-02 4.707580e-01 8.493289e-02
2.426083e-02 8.164493e-01 8.190932e-02 2.186224e-01 3.667775e-02 -3.579334e-01 3.282256e-02 1.244770e-01 1.613860e-02 -5.500507e-02 1.376988e-02 4.278584e-01 1.675121e-02
2.630692e-02 1.424640e+00 1.879643e-01 3.964425e-01 5.040295e-02 -6.060508e-01 1.134728e-01 2.095693e-01 1.578017e-02 -1.171678e-01 3.001374e-02 5.473105e-01 6.769182e-02
2.893762e-02 9.541212e-01 1.478543e-01 2.687002e-01 4.711400e-02 -4.432077e-01 6.610022e-02 1.839499e-01 2.240758e-02 -8.642038e-02 1.329311e-02 5.603661e-01 5.695112e-02
3.215291e-02 1.055282e+00 2.163246e-01 2.679598e-01 4.830072e-02 -4.312021e-01 1.230882e-01 1.788249e-01 1.134613e-02 -7.434346e-02 3.417019e-02 5.439547e-01 8.883757e-02
3.595279e-02 1.144412e+00 2.332602e-01 2.806174e-01 5.925207e-02 -5.077902e-01 1.533723e-01 1.903200e-01 2.606935e-02 -1.281619e-01 4.058057e-02 6.833557e-01 6.817144e-02
1.052277e-02 3.980101e-01 5.281045e-02 1.233184e-01 2.732389e-02 -2.275119e-01 3.036223e-02 9.169093e-02 1.160965e-02 -6.414204e-03 1.912294e-02 2.858253e-01 3.104139e-02
1.081507e-02 4.083971e-01 1.083274e-01 1.654608e-01 5.257518e-02 -1.737941e-01 4.502416e-02 1.252518e-01 2.771675e-02 2.360830e-04 2.106608e-02 2.407736e-01 1.999278e-02
1.169197e-02 3.832026e-01 2.596698e-02 1.382735e-01 8.815273e-03 -2.175836e-01 2.783661e-02 1.083821e-01 3.177765e-03 -1.344822e-02 4.960401e-03 2.969716e-01 3.665539e-02
1.315346e-02 5.940648e-01 6.709655e-02 2.244333e-01 1.918675e-02 -2.297392e-01 6.089288e-02 1.359687e-01 1.396541e-02 -4.143885e-02 1.613701e-02 2.454216e-01 3.372422e-02
1.519956e-02 7.824700e-01 1.720014e-01 2.588879e-01 4.457964e-02 -3.966950e-01 1.069264e-01 1.553205e-01 7.630203e-03 -6.222290e-02 2.970453e-02 3.997028e-01 6.985333e-02
1.783025e-02 8.458312e-01 7.412828e-02 2.698178e-01 2.297373e-02 -3.412420e-01 3.874879e-02 1.604534e-01 9.676846e-03 -5.050175e-02 6.386133e-03 3.405533e-01 3.670018e-02
2.104554e-02 9.938492e-01 1.315479e-01 3.410177e-01 4.502647e-02 -4.057669e-01 4.582635e-02 1.835003e-01 2.164092e-02 -8.554564e-02 1.175836e-02 4.095560e-01 2.624130e-02
2.484543e-02 1.043398e+00 1.409299e-01 2.713865e-01 4.136664e-02 -4.462121e-01 7.663258e-02 1.725083e-01 1.539263e-02 -4.873340e-02 2.525446e-02 4.631010e-01 3.766658e-02
1.081507e-02 4.876667e-01 2.108563e-02 1.829640e-01 9.520317e-03 -2.320598e-01 1.691159e-02 1.295673e-01 7.611168e-03 -2.458462e-02 7.887281e-03 2.500239e-01 2.747739e-02
1.110737e-02 4.093715e-01 1.046144e-01 1.367718e-01 4.606033e-02 -2.332032e-01 5.063002e-02 9.445261e-02 1.990643e-02 -2.971447e-02 2.260055e-02 2.686600e-01 3.726658e-02
1.198426e-02 3.788160e-01 6.464767e-02 1.329040e-01 1.302517e-02 -1.747377e-01 4.375379e-02 1.001732e-01 5.504431e-03 -3.656699e-03 1.283574e-02 2.397488e-01 3.024766e-02
1.344576e-02 8.110609e-01 2.074493e-01 2.863087e-01 7.127206e-02 -3.501688e-01 9.251716e-02 1.598475e-01 2.781085e-02 -6.532006e-02 2.627936e-02 3.084588e-01 6.035944e-02
1.549185e-02 8.604891e-01 2.721929e-01 2.841069e-01 9.931818e-02 -4.064797e-01 1.259223e-01 1.624976e-01 3.715163e-02 -7.790701e-02 4.636136e-02 3.610819e-01 6.564165e-02
1.812255e-02 6.572254e-01 1.174376e-01 1.990250e-01 5.659578e-02 -3.391249e-01 5.474903e-02 1.356086e-01 1.996811e-02 -4.229224e-02 3.212334e-02 4.144460e-01 2.120536e-02
2.133784e-02 8.764236e-01 1.886348e-01 2.557158e-01 5.367994e-02 -4.144833e-01 9.436587e-02 1.493266e-01 9.675315e-03 -6.033993e-02 2.611835e-02 4.761647e-01 5.432073e-02
2.513773e-02 1.040185e+00 2.948053e-01 3.119712e-01 8.987783e-02 -4.666798e-01 1.870554e-01 1.871847e-01 2.496072e-02 -8.794872e-02 6.361723e-02 4.893244e-01 9.414472e-02
1.169197e-02 7.013932e-01 1.483852e-01 2.177154e-01 5.454337e-02 -4.060440e-01 8.259140e-02 1.362401e-01 2.465871e-02 -5.158868e-02 2.911275e-02 3.982877e-01 4.585322e-02
1.198426e-02 4.934256e-01 1.046541e-01 1.586248e-01 3.083183e-02 -2.747869e-01 7.668966e-02 1.117086e-01 1.131174e-02 -2.236308e-02 2.569825e-02 3.157274e-01 5.399471e-02
1.286116e-02 7.700364e-01 1.925269e-01 2.653539e-01 6.924555e-02 -3.864012e-01 1.041600e-01 1.511892e-01 3.001876e-02 -6.905710e-02 3.027837e-02 3.642748e-01 6.898553e-02
1.432266e-02 4.549649e-01 6.472736e-02 1.670807e-01 1.869823e-02 -1.994099e-01 3.765936e-02 1.148816e-01 8.107553e-03 -2.529752e-02 1.366647e-02 2.313487e-01 2.863264e-02
1.636875e-02 3.916115e-01 4.113963e-02 1.317394e-01 1.474223e-02 -1.605553e-01 3.340251e-02 1.076292e-01 1.210687e-02 -3.075673e-03 9.812898e-03 2.383904e-01 2.659075e-02
1.899944e-02 1.075023e+00 9.512275e-02 3.136548e-01 4.202877e-02 -5.139221e-01 6.086922e-02 1.605186e-01 1.475360e-02 -9.453034e-02 2.187757e-02 4.494365e-01 3.131847e-02
2.221474e-02 1.241138e+00 1.535788e-01 3.639021e-01 4.661566e-02 -5.387218e-01 6.945498e-02 1.873967e-01 1.117434e-02 -9.985578e-02 2.704576e-02 4.584632e-01 1.129781e-02
2.601462e-02 1.708320e+00 4.772701e-01 4.903815e-01 1.236857e-01 -7.141186e-01 2.523067e-01 2.235799e-01 2.906491e-02 -1.597360e-01 6.755776e-02 6.045878e-01 1.234150e-01
1.315346e-02 4.628341e-01 5.454105e-02 1.561301e-01 1.891888e-02 -2.265753e-01 3.816408e-02 1.164390e-01 7.809235e-03 -2.417530e-03 1.560473e-02 3.037064e-01 3.299155e-02
1.344576e-02 6.116255e-01 1.303322e-01 2.031490e-01 4.527014e-02 -3.118108e-01 6.389822e-02 1.311098e-01 1.708980e-02 -3.974941e-02 2.884777e-02 3.383963e-01 2.374767e-02
1.432266e-02 5.795677e-01 1.398582e-01 2.097962e-01 6.408238e-02 -2.763184e-01 5.543835e-02 1.359629e-01 2.999699e-02 -5.022327e-02 2.858139e-02 2.769257e-01 2.251541e-02
1.578415e-02 6.843176e-01 9.838306e-02 2.092103e-01 3.472571e-02 -3.687023e-01 4.799713e-02 1.235845e-01 1.206784e-02 -6.223373e-02 1.795521e-02 3.706127e-01 3.064064e-02
1.783025e-02 8.807158e-01 1.615378e-01 2.827088e-01 6.594391e-02 -4.436160e-01 6.638596e-02 1.626921e-01 3.003892e-02 -7.030108e-02 3.052679e-02 4.531861e-01 2.301804e-02
2.046094e-02 7.498939e-01 1.302228e-01 2.335655e-01 3.793327e-02 -3.369772e-01 6.910614e-02 1.457616e-01 1.717883e-02 -5.575185e-02 1.387126e-02 3.738188e-01 4.357155e-02
2.367623e-02 1.199293e+00 2.552768e-01 3.384134e-01 7.145108e-02 -5.155970e-01 9.868868e-02 1.801231e-01 1.729290e-02 -9.343565e-02 2.820665e-02 5.121911e-01 5.588610e-02
2.747612e-02 1.035551e+00 3.324879e-01 2.690452e-01 8.575049e-02 -3.989150e-01 1.716774e-01 1.715360e-01 1.707766e-02 -4.665921e-02 5.777158e-02 4.972404e-01 7.746119e-02
1.519956e-02 7.423295e-01 1.037245e-01 2.332749e-01 3.112421e-02 -3.853338e-01 6.751484e-02 1.332703e-01 1.020188e-02 -5.019149e-02 2.196689e-02 4.100133e-01 4.898078e-02
1.549185e-02 7.968728e-01 2.744635e-01 2.490953e-01 7.811001e-02 -3.661215e-01 1.391091e-01 1.433257e-01 2.256250e-02 -5.786215e-02 3.845424e-02 3.584361e-01 7.680770e-02
1.636875e-02 5.045866e-01 6.297081e-02 1.799148e-01 2.577824e-02 -2.282765e-01 3.110440e-02 1.319492e-01 1.188630e-02 -3.079445e-02 1.160190e-02 2.775948e-01 3.660728e-02
1.783025e-02 8.173897e-01 1.012473e-01 2.627997e-01 4.060154e-02 -3.763251e-01 6.905852e-02 1.517653e-01 1.712470e-02 -4.899511e-02 3.220223e-02 4.382680e-01 4.823546e-02
1.987634e-02 8.836341e-01 8.362154e-02 2.964335e-01 3.970940e-02 -3.581695e-01 4.889704e-02 1.783689e-01 1.549128e-02 -6.477068e-02 2.296796e-02 3.435865e-01 4.353262e-02
2.250703e-02 1.046363e+00 1.551002e-01 3.695566e-01 5.711823e-02 -3.585494e-01 5.784655e-02 2.085754e-01 2.674512e-02 -6.932774e-02 2.034861e-02 3.720468e-01 3.364221e-02
2.572232e-02 9.662409e-01 1.783268e-01 2.507254e-01 4.942114e-02 -4.780471e-01 1.211198e-01 1.641862e-01 1.269420e-02 -8.036782e-02 3.415067e-02 4.959843e-01 9.217524e-02
2.952221e-02 1.054030e+00 4.458577e-02 2.605437e-01 2.268545e-02 -4.068106e-01 3.953659e-02 1.634794e-01 1.129735e-02 -6.941645e-02 1.025443e-02 4.723991e-01 4.723236e-02
1.783025e-02 5.037095e-01 6.665134e-02 1.703944e-01 3.241239e-02 -2.296035e-01 2.188706e-02 1.151426e-01 1.699068e-02 -2.927849e-02 1.665077e-02 2.771577e-01 1.814652e-02
1.812255e-02 6.002114e-01 7.978031e-02 2.010693e-01 4.638392e-02 -2.389569e-01 2.864624e-02 1.429882e-01 2.641079e-02 -6.985603e-03 1.237340e-02 3.295152e-01 1.739803e-02
1.899944e-02 9.471898e-01 1.852354e-01 3.053912e-01 7.082011e-02 -4.419829e-01 4.424663e-02 1.731881e-01 2.731385e-02 -8.492878e-02 1.789316e-02 4.340544e-01 1.464673e-02
2.046094e-02 7.107859e-01 1.012195e-01 2.182436e-01 3.321323e-02 -3.086395e-01 4.504238e-02 1.464063e-01 1.493113e-02 -3.481102e-02 2.364909e-02 3.731575e-01 1.900389e-02
2.250703e-02 1.154998e+00 1.307746e-01 2.869333e-01 2.615339e-02 -5.340696e-01 7.854558e-02 1.543957e-01 1.862925e-03 -9.296403e-02 2.307196e-02 4.551998e-01 3.882920e-02
2.513773e-02 9.442509e-01 5.279396e-02 2.665284e-01 3.469429e-02 -3.937264e-01 6.648699e-02 1.543679e-01 2.006245e-02 -7.220847e-02 2.250560e-02 4.336232e-01 4.425701e-02
2.835302e-02 1.019461e+00 2.124401e-01 3.111497e-01 8.105421e-02 -3.542276e-01 4.319313e-02 1.949138e-01 2.901025e-02 -7.024392e-02 2.325888e-02 4.114139e-01 2.612514e-02
3.215291e-02 8.490306e-01 9.338534e-02 2.156666e-01 4.004642e-02 -2.720731e-01 5.480321e-02 1.981452e-01 1.610934e-02 -4.210936e-02 1.666883e-02 4.770813e-01 8.708482e-03
2.104554e-02 1.110379e+00 2.323696e-01 3.345245e-01 8.201723e-02 -4.805785e-01 8.926335e-02 1.784244e-01 3.306841e-02 -9.031435e-02 2.815464e-02 4.273011e-01 5.034494e-02
2.133784e-02 1.395708e+00 2.560355e-01 4.368316e-01 7.955891e-02 -6.595772e-01 1.221960e-01 2.081162e-01 2.792297e-02 -1.580976e-01 3.827871e-02 5.315576e-01 6.530282e-02
2.221474e-02 8.756710e-01 1.298919e-01 2.591944e-01 4.812855e-02 -3.421202e-01 3.938302e-02 1.613753e-01 2.716433e-02 -3.713261e-02 1.555433e-02 3.731937e-01 4.427927e-02
2.367623e-02 1.365519e+00 1.559940e-01 3.882880e-01 4.750579e-02 -5.859620e-01 7.169505e-02 1.908299e-01 1.598820e-02 -1.131337e-01 2.123120e-02 5.056951e-01 5.645751e-02
2.572232e-02 1.097483e+00 1.579582e-01 2.604298e-01 3.986417e-02 -4.744239e-01 5.388285e-02 1.514531e-01 1.876498e-02 -6.361204e-02 5.685058e-03 5.294562e-01 3.552033e-02
2.835302e-02 7.489518e-01 6.905866e-02 2.060968e-01 2.175255e-02 -3.183733e-01 6.274687e-02 1.567571e-01 1.284937e-02 -3.511428e-02 2.115466e-02 4.834062e-01 5.826335e-02
3.156831e-02 1.228696e+00 2.175574e-01 3.298496e-01 6.499139e-02 -5.600459e-01 9.335106e-02 2.036115e-01 2.368434e-02 -1.058823e-01 3.301678e-02 6.770053e-01 6.447831e-02
3.536820e-02 1.096888e+00 1.753329e-01 2.736107e-01 3.862226e-02 -4.575352e-01 1.298900e-01 2.058947e-01 5.936789e-03 -1.120596e-01 3.633434e-02 6.227561e-01 7.489798e-02
2.484543e-02 1.113513e+00 1.667525e-01 3.165860e-01 5.062089e-02 -4.567926e-01 6.343231e-02 1.692015e-01 2.111068e-02 -8.653725e-02 1.302639e-02 4.708262e-01 3.347579e-02
2.513773e-02 1.180082e+00 1.527086e-01 2.897500e-01 3.384647e-02 -5.602191e-01 1.285984e-01 1.590913e-01 2.320831e-02 -9.271126e-02 2.383319e-02 5.460953e-01 1.129262e-01
2.601462e-02 8.208076e-01 1.390778e-01 2.185744e-01 5.375991e-02 -3.003599e-01 5.635257e-02 1.544463e-01 2.314740e-02 -1.267964e-02 2.676048e-02 4.162850e-01 5.039274e-02
2.747612e-02 1.021424e+00 8.025668e-02 3.018507e-01 1.786506e-02 -3.654504e-01 8.043146e-02 1.859227e-01 1.420368e-02 -4.028935e-02 1.299250e-02 4.019780e-01 5.563548e-02
2.952221e-02 1.239943e+00 1.890061e-01 3.236094e-01 5.440074e-02 -5.033903e-01 1.114768e-01 1.759818e-01 2.041668e-02 -9.883814e-02 2.223014e-02 5.651987e-01 8.526805e-02
3.215291e-02 1.040580e+00 1.949342e-01 3.054831e-01 7.067352e-02 -3.500281e-01 1.087806e-01 1.939968e-01 2.603667e-02 -9.968718e-02 5.281445e-02 4.961961e-01 5.612110e-02
3.536820e-02 1.341963e+00 8.615028e-02 3.951689e-01 4.135621e-02 -4.969298e-01 4.952503e-02 2.496554e-01 3.045540e-02 -1.432219e-01 1.889136e-02 6.188110e-01 3.457081e-02
3.916809e-02 8.596294e-01 1.096205e-01 2.400019e-01 3.379270e-02 -3.040409e-01 3.822500e-02 2.557022e-01 2.358051e-02 -1.212212e-01 2.314657e-02 5.669104e-01 2.285356e-02
1.432266e-02 6.961868e-01 1.566881e-01 1.947674e-01 5.341651e-02 -3.950023e-01 9.528312e-02 1.123691e-01 1.803216e-02 -4.368398e-02 3.645387e-02 4.063167e-01 5.101239e-02
1.461496e-02 8.435754e-01 1.910790e-01 2.646743e-01 6.956226e-02 -4.171539e-01 8.876474e-02 1.487413e-01 2.130093e-02 -6.556464e-02 3.478278e-02 3.874378e-01 3.968690e-02
1.549185e-02 5.405012e-01 6.671289e-02 1.846332e-01 2.913992e-02 -2.223869e-01 4.637287e-02 1.269434e-01 1.441939e-02 -2.691973e-02 2.106143e-02 2.446024e-01 1.967815e-02
1.695335e-02 6.878649e-01 9.746498e-02 2.427651e-01 3.557366e-02 -3.082408e-01 5.309980e-02 1.441461e-01 1.243166e-02 -6.289127e-02 1.486387e-02 3.401296e-01 3.773839e-02
1.899944e-02 7.539912e-01 1.151798e-01 2.366910e-01 3.685501e-02 -3.324326e-01 5.923503e-02 1.527427e-01 1.052097e-02 -5.278503e-02 1.960238e-02 3.449802e-01 3.542201e-02
2.163014e-02 1.196197e+00 1.266227e-01 3.165707e-01 3.943848e-02 -6.038076e-01 4.682045e-02 1.612634e-01 1.574199e-02 -1.049131e-01 1.709175e-02 5.597807e-01 1.812902e-02
2.484543e-02 1.244090e+00 1.711267e-01 3.667499e-01 6.250849e-02 -5.789352e-01 8.727184e-02 1.916661e-01 2.038783e-02 -1.033586e-01 3.557455e-02 5.739512e-01 7.094359e-02
2.864532e-02 1.470583e+00 1.484780e-01 4.346143e-01 4.962416e-02 -6.785045e-01 8.903876e-02 2.197315e-01 1.779406e-02 -2.005348e-01 3.434682e-02 5.736451e-01 6.757103e-02
1.461496e-02 4.492813e-01 4.057861e-02 1.528126e-01 1.571095e-02 -2.430865e-01 1.607718e-02 1.048230e-01 1.003801e-02 -3.462536e-02 5.194873e-03 2.811266e-01 2.505932e-02
1.490726e-02 7.772279e-01 2.621881e-01 2.464252e-01 7.508093e-02 -4.106324e-01 1.303458e-01 1.375163e-01 2.420037e-02 -6.776200e-02 3.580055e-02 3.989202e-01 7.221279e-02
1.578415e-02 5.365360e-01 4.429789e-02 1.921532e-01 6.097530e-03 -2.089642e-01 3.469158e-02 1.376453e-01 7.182597e-03 -1.019065e-02 1.017491e-02 2.670028e-01 1.607861e-02
1.724565e-02 8.322544e-01 1.125512e-01 2.689346e-01 4.020956e-02 -3.804777e-01 5.614182e-02 1.561809e-01 1.922990e-02 -5.397041e-02 2.092333e-02 3.823801e-01 2.839898e-02
1.929174e-02 7.066995e-01 6.836769e-02 2.366506e-01 3.503436e-02 -2.931627e-01 2.786730e-02 1.627635e-01 1.327870e-02 -3.552827e-02 2.406227e-02 3.668739e-01 3.423570e-02
2.192244e-02 1.011979e+00 1.154878e-01 3.400587e-01 1.865290e-02 -4.431317e-01 7.856040e-02 2.050531e-01 1.257402e-02 -7.971156e-02 2.275670e-02 4.528966e-01 7.334550e-02
2.513773e-02 1.301661e+00 3.190579e-01 3.909934e-01 9.984202e-02 -6.274603e-01 1.728173e-01 2.081376e-01 3.593768e-02 -1.370500e-01 6.399255e-02 5.952481e-01 6.141254e-02
2.893762e-02 1.217309e+00 2.505865e-01 3.045615e-01 5.766354e-02 -5.163097e-01 1.100422e-01 1.879568e-01 1.945516e-02 -8.888559e-02 1.808922e-02 5.450620e-01 6.628138e-02
1.549185e-02 5.942474e-01 1.176604e-01 2.051805e-01 4.544805e-02 -2.846608e-01 7.218365e-02 1.294239e-01 1.451943e-02 -5.247585e-02 2.533301e-02 3.125861e-01 4.380275e-02
1.578415e-02 6.241978e-01 6.450518e-02 1.933189e-01 3.390619e-02 -3.183817e-01 2.478708e-02 1.251031e-01 1.969907e-02 -3.601616e-02 1.407932e-02 3.757758e-01 3.144921e-02
1.666105e-02 7.231984e-01 1.347592e-01 2.223154e-01 4.590512e-02 -3.453727e-01 6.130713e-02 1.264925e-01 1.213894e-02 -4.716956e-02 2.432891e-02 3.498526e-01 3.015413e-02
1.812255e-02 8.072114e-01 1.308147e-01 2.565004e-01 4.566978e-02 -3.599189e-01 6.990807e-02 1.566426e-01 1.472750e-02 -5.133337e-02 2.598091e-02 3.671210e-01 3.446429e-02
2.016864e-02 1.129162e+00 1.587344e-01 3.492053e-01 7.381092e-02 -4.741443e-01 1.030598e-01 1.876775e-01 3.730987e-02 -8.491080e-02 3.926086e-02 4.691119e-01 5.441446e-02
2.279933e-02 8.480199e-01 1.830202e-01 2.745031e-01 8.443065e-02 -3.397880e-01 2.479162e-02 1.848101e-01 3.829835e-02 -4.639090e-02 2.182811e-02 3.910577e-01 3.256645e-02
2.601462e-02 9.849845e-01 2.141518e-01 2.382137e-01 5.655579e-02 -4.015091e-01 8.214401e-02 1.488476e-01 1.606173e-02 -5.232095e-02 2.217467e-02 4.284654e-01 5.211138e-02
2.981451e-02 1.734321e+00 2.975964e-01 4.879422e-01 9.657158e-02 -7.115334e-01 1.668689e-01 2.418486e-01 2.035189e-02 -1.871257e-01 5.544810e-02 6.672311e-01 6.546927e-02
1.695335e-02 8.436908e-01 1.225177e-01 2.600269e-01 4.130487e-02 -4.232716e-01 7.556187e-02 1.471532e-01 1.650741e-02 -7.224754e-02 2.108821e-02 4.128982e-01 5.352508e-02
1.724565e-02 9.933444e-01 1.698468e-01 3.286812e-01 4.300257e-02 -4.607308e-01 5.891671e-02 1.726168e-01 1.443677e-02 -1.047093e-01 1.276804e-02 3.925378e-01 2.500696e-02
1.812255e-02 8.723191e-01 8.272210e-02 2.576226e-01 4.751843e-02 -4.306185e-01 2.514769e-02 1.477286e-01 1.660294e-02 -5.767160e-02 2.271112e-02 4.655810e-01 4.338193e-02
1.958404e-02 1.171688e+00 1.642164e-01 3.553893e-01 6.536087e-02 -4.742912e-01 8.221250e-02 1.929647e-01 2.839839e-02 -7.840474e-02 1.823431e-02 4.555372e-01 5.296975e-02
2.163014e-02 8.706354e-01 1.589950e-01 2.605178e-01 5.836204e-02 -3.697685e-01 5.558851e-02 1.470209e-01 2.928176e-02 -7.050811e-02 9.466948e-03 4.000055e-01 5.336091e-02
2.426083e-02 1.065941e+00 1.341312e-01 3.152354e-01 3.519646e-02 -4.116187e-01 4.115561e-02 1.816411e-01 1.524714e-02 -8.861154e-02 2.338648e-02 4.391773e-01 1.442098e-02
2.747612e-02 1.193549e+00 7.613546e-02 3.674586e-01 2.673926e-02 -4.358965e-01 6.244019e-02 2.151829e-01 9.095114e-03 -1.068442e-01 1.309443e-02 3.887097e-01 3.701154e-02
3.127601e-02 1.334311e+00 2.432027e-01 3.278648e-01 7.149442e-02 -5.365632e-01 1.041458e-01 1.868326e-01 2.780836e-02 -1.128513e-01 2.602564e-02 5.964257e-01 2.715709e-02
1.899944e-02 8.088812e-01 1.259693e-01 2.409826e-01 2.912225e-02 -3.992461e-01 8.855900e-02 1.389652e-01 9.175628e-03 -5.716128e-02 2.525541e-02 4.432731e-01 5.070185e-02
1.929174e-02 5.955583e-01 5.638054e-02 1.743772e-01 2.693889e-02 -2.790416e-01 2.375214e-02 1.170776e-01 1.161563e-02 -4.061305e-02 1.363284e-02 3.235603e-01 2.775214e-02
2.016864e-02 1.146898e+00 1.811102e-01 3.555352e-01 6.257505e-02 -5.616225e-01 9.857991e-02 1.921752e-01 2.487366e-02 -1.126681e-01 3.795220e-02 5.060588e-01 7.258427e-02
2.163014e-02 1.112578e+00 2.471141e-01 3.031287e-01 7.883413e-02 -4.498421e-01 7.361087e-02 1.476563e-01 2.151207e-02 -8.112905e-02 3.021660e-02 3.936937e-01 3.256211e-02
2.367623e-02 1.006852e+00 8.245827e-02 2.435383e-01 3.542389e-02 -4.391507e-01 6.415987e-02 1.318117e-01 1.211525e-02 -6.753959e-02 2.751094e-02 4.391584e-01 5.198239e-02
2.630692e-02 9.641215e-01 1.824792e-01 3.054048e-01 6.366992e-02 -3.425067e-01 9.165125e-02 1.876979e-01 2.895593e-02 -7.153423e-02 2.682796e-02 4.163103e-01 3.838379e-02
2.952221e-02 8.149900e-01 6.393074e-02 2.054909e-01 3.462066e-02 -3.430773e-01 2.314083e-02 1.580854e-01 9.296889e-03 -3.962070e-02 1.399106e-02 4.743337e-01 3.009888e-02
3.332210e-02 1.279793e+00 2.580096e-01 3.247386e-01 6.720506e-02 -4.683538e-01 1.418347e-01 2.025191e-01 2.726884e-02 -8.635903e-02 3.131953e-02 5.893595e-01 8.765979e-02
2.163014e-02 6.798846e-01 1.739490e-01 1.886388e-01 5.250677e-02 -2.928777e-01 8.327626e-02 1.257278e-01 2.085234e-02 -4.335253e-02 2.455317e-02 3.689289e-01 4.372044e-02
2.192244e-02 9.152980e-01 1.227325e-01 2.733686e-01 2.998528e-02 -4.566159e-01 8.687354e-02 1.683733e-01 2.046972e-02 -8.910768e-02 1.877771e-02 4.466412e-01 5.138659e-02
2.279933e-02 1.160128e+00 1.907028e-01 2.997787e-01 4.745359e-02 -5.722035e-01 9.788199e-02 1.562904e-01 1.385017e-02 -1.028890e-01 2.177733e-02 5.063658e-01 5.557065e-02
2.426083e-02 8.312259e-01 9.443623e-02 2.533289e-01 3.414343e-02 -4.037665e-01 7.170988e-02 1.634100e-01 1.871885e-02 -6.387184e-02 2.113303e-02 4.647216e-01 5.371017e-02
2.630692e-02 1.242997e+00 1.025685e-01 3.730018e-01 4.489461e-02 -5.695796e-01 8.720760e-02 2.107065e-01 2.070684e-02 -1.112256e-01 2.611009e-02 5.914323e-01 9.937677e-02
2.893762e-02 1.031565e+00 1.144755e-01 2.652833e-01 3.967189e-02 -3.535508e-01 4.544153e-02 1.739092e-01 1.961826e-02 -6.079120e-02 2.050323e-02 4.719734e-01 3.391630e-02
3.215291e-02 1.092890e+00 1.756208e-01 2.661329e-01 3.851039e-02 -3.711664e-01 5.007544e-02 1.968092e-01 1.130442e-02 -7.243064e-02 1.134914e-02 4.093518e-01 4.567568e-02
3.595279e-02 1.031800e+00 1.098723e-01 2.256141e-01 2.998025e-02 -4.652681e-01 7.250129e-02 1.803785e-01 1.000761e-02 -8.122581e-02 1.505697e-02 6.006645e-01 7.386143e-02
2.484543e-02 8.658184e-01 1.523650e-01 2.608139e-01 3.805261e-02 -3.378170e-01 5.984816e-02 1.726118e-01 1.213788e-02 -7.698006e-02 1.315460e-02 3.586275e-01 3.358845e-02
2.513773e-02 8.069948e-01 1.226630e-01 2.296088e-01 3.072985e-02 -2.534454e-01 3.615216e-02 1.643784e-01 1.014523e-02 -1.224520e-03 1.464630e-02 3.595397e-01 3.055517e-02
2.601462e-02 1.399397e+00 2.377202e-01 3.921913e-01 8.833108e-02 -5.089083e-01 9.027633e-02 2.172637e-01 3.523072e-02 -7.032705e-02 2.274551e-02 5.245056e-01 2.353098e-02
2.747612e-02 1.174963e+00 1.535837e-01 3.735146e-01 4.936767e-02 -5.124428e-01 6.347119e-02 2.206745e-01 1.426146e-02 -1.156962e-01 9.119873e-03 5.671286e-01 4.945709e-02
2.952221e-02 1.167247e+00 1.360805e-01 2.892926e-01 5.104881e-02 -4.963124e-01 8.075801e-02 1.913942e-01 2.211861e-02 -7.898292e-02 3.828416e-02 5.586510e-01 3.990780e-02
3.215291e-02 9.168316e-01 1.322590e-01 2.754318e-01 3.452099e-02 -2.024820e-01 6.725088e-02 1.959297e-01 2.366792e-02 -3.571467e-02 1.831228e-02 3.580885e-01 5.732468e-02
3.536820e-02 9.864987e-01 1.363241e-01 2.562866e-01 3.789999e-02 -3.917098e-01 4.315894e-02 1.967116e-01 1.328427e-02 -8.537224e-02 2.675852e-02 5.825978e-01 3.279473e-02
3.916809e-02 1.123749e+00 1.970929e-01 3.075016e-01 8.316766e-02 -3.788968e-01 1.044506e-01 2.656345e-01 4.108532e-02 -1.260465e-01 3.804120e-02 6.250315e-01 1.030065e-01
2.864532e-02 9.991389e-01 1.070293e-01 2.516157e-01 1.112427e-02 -4.512183e-01 6.705402e-02 1.744241e-01 1.703087e-02 -5.656316e-02 1.615983e-02 5.132550e-01 4.537946e-02
2.893762e-02 9.908897e-01 2.002017e-01 3.099048e-01 5.672021e-02 -2.982587e-01 8.730902e-02 1.971613e-01 1.759458e-02 -5.258792e-02 3.406194e-02 3.835873e-01 4.421851e-02
2.981451e-02 1.488980e+00 2.688228e-01 4.078271e-01 7.390177e-02 -7.338087e-01 1.094551e-01 2.398624e-01 2.092119e-02 -1.658170e-01 2.904428e-02 6.702093e-01 5.870567e-02
3.127601e-02 1.182096e+00 1.645091e-01 3.159196e-01 3.245040e-02 -4.363740e-01 8.160697e-02 2.255877e-01 1.242559e-02 -7.992735e-02 1.719669e-02 4.988671e-01 5.975525e-02
3.332210e-02 1.080686e+00 1.271469e-01 3.194426e-01 3.119922e-02 -4.782533e-01 4.654206e-02 2.360218e-01 2.185656e-02 -9.645901e-02 1.338783e-02 5.727129e-01 2.582583e-02
3.595279e-02 9.653991e-01 1.286250e-01 2.083276e-01 2.511525e-02 -3.576492e-01 7.578302e-02 1.669334e-01 1.415773e-02 -7.018665e-02 2.067486e-02 5.846232e-01 6.505042e-02
3.916809e-02 1.243672e+00 1.356839e-01 3.159032e-01 5.861893e-02 -4.718401e-01 8.572916e-02 2.414125e-01 3.023699e-02 -1.398912e-01 4.055979e-02 7.791651e-01 9.261043e-02
4.296797e-02 1.119870e+00 1.737157e-01 2.607888e-01 6.257555e-02 -2.746519e-01 1.099747e-01 2.405601e-01 2.533451e-02 -9.880026e-02 3.078951e-02 6.440108e-01 4.047432e-02
