# k^2  LiLi LiLi_error  LiCl LiCl_error  LiNa LiNa_error  ClCl ClCl_error  ClNa ClNa_error  NaNa NaNa_error
0.000000e+00 9.600000e+02 0.000000e+00 1.752712e+03 1.136868e-13 1.466424e+03 0.000000e+00 3.200000e+03 0.000000e+00 2.677312e+03 0.000000e+00 2.240000e+03 0.000000e+00
3.051599e-04 1.766683e-01 5.397414e-02 3.963417e-02 8.798981e-03 -6.674327e-02 2.561496e-02 6.199210e-02 5.744355e-03 4.933413e-02 1.161353e-02 1.045493e-01 1.327210e-02
1.220640e-03 1.200312e+00 6.248497e-01 1.678687e-01 5.569940e-02 -5.819656e-01 3.590806e-01 8.105030e-02 1.047310e-02 -1.147775e-02 2.498802e-02 3.725631e-01 2.126557e-01
2.746439e-03 9.844359e-01 2.191529e-01 1.099125e-01 4.436826e-02 -5.027234e-01 9.863551e-02 6.867333e-02 1.172666e-02 1.133720e-02 1.757976e-02 3.513908e-01 5.034851e-02
4.882559e-03 1.072553e+00 3.476813e-01 1.440458e-01 4.463377e-02 -5.129639e-01 2.161348e-01 8.134671e-02 8.163103e-03 4.453903e-04 1.870384e-02 3.491224e-01 1.385617e-01
7.628998e-03 6.398682e-01 1.039109e-01 1.088288e-01 1.930039e-02 -2.788298e-01 5.035160e-02 6.434752e-02 6.616441e-03 7.895083e-04 6.537113e-03 2.170378e-01 2.729372e-02
1.098576e-02 8.059855e-01 8.860884e-02 1.281498e-01 9.533074e-03 -3.521981e-01 3.792291e-02 8.030038e-02 6.477047e-03 -8.637211e-03 9.779637e-03 2.474936e-01 1.969921e-02
1.495284e-02 8.603398e-01 4.443967e-02 1.227322e-01 2.019496e-02 -3.757580e-01 2.196016e-02 7.518713e-02 4.422314e-03 -5.404766e-03 1.248235e-02 2.824655e-01 1.201939e-02
3.051599e-04 4.120352e-01 1.229991e-01 7.711106e-02 1.932006e-02 -1.755388e-01 6.495022e-02 6.357953e-02 8.919731e-03 2.593073e-02 1.272677e-02 1.464471e-01 3.286181e-02
6.103199e-04 3.222655e-01 5.359221e-02 4.091904e-02 1.385993e-02 -1.596102e-01 3.249178e-02 5.837143e-02 7.197798e-03 4.336836e-02 8.563319e-03 1.581836e-01 2.961120e-02
1.525800e-03 3.476552e-01 7.391527e-02 4.356496e-02 9.325937e-03 -1.676551e-01 5.248377e-02 5.997789e-02 5.357960e-03 4.210430e-02 8.248505e-03 1.604531e-01 4.124905e-02
3.051599e-03 5.400147e-01 1.246194e-01 8.365167e-02 1.112865e-02 -2.461268e-01 7.061038e-02 5.951747e-02 6.238738e-03 1.801960e-02 1.196959e-02 1.955798e-01 3.347775e-02
5.187719e-03 1.222596e+00 3.912951e-01 1.551311e-01 5.049145e-02 -6.182151e-01 1.930828e-01 6.895726e-02 8.535902e-03 -2.774276e-02 2.628069e-02 3.885906e-01 9.240085e-02
7.934158e-03 5.996505e-01 1.283731e-01 9.253980e-02 2.513097e-02 -2.545250e-01 5.332996e-02 6.857984e-02 5.437907e-03 1.641919e-02 1.100899e-02 2.035699e-01 2.208795e-02
1.129092e-02 1.079533e+00 1.526663e-01 1.764617e-01 1.610479e-02 -4.624072e-01 8.613410e-02 9.047165e-02 7.985579e-03 -1.840523e-02 9.545111e-03 3.083781e-01 4.778703e-02
1.525800e-02 7.038033e-01 9.564261e-02 1.196571e-01 1.772378e-02 -3.003416e-01 6.447370e-02 8.514083e-02 9.160391e-03 1.394808e-02 1.087303e-02 2.788992e-01 3.544105e-02
1.220640e-03 4.626254e-01 6.328757e-02 7.449066e-02 1.406927e-02 -2.036112e-01 4.615317e-02 5.808420e-02 4.960501e-03 2.308779e-02 8.485466e-03 1.632949e-01 2.809268e-02
1.525800e-03 5.308135e-01 2.329902e-01 7.880296e-02 2.840243e-02 -2.526615e-01 1.215607e-01 5.560383e-02 3.294404e-03 1.590733e-02 1.781719e-02 1.929337e-01 6.047918e-02
2.441279e-03 3.671839e-01 8.599262e-02 8.543675e-02 8.058243e-03 -1.298006e-01 4.912616e-02 6.547996e-02 4.037066e-03 2.275330e-02 4.848249e-03 1.177809e-01 2.616511e-02
3.967079e-03 7.778587e-01 1.241706e-01 1.224511e-01 9.424698e-03 -3.490162e-01 7.231369e-02 5.861149e-02 3.634092e-03 -1.216618e-02 8.508854e-03 2.202072e-01 3.998193e-02
6.103199e-03 5.462995e-01 1.002969e-01 8.319457e-02 1.854840e-02 -2.228795e-01 4.969157e-02 6.378168e-02 5.977939e-03 2.343287e-02 7.248166e-03 1.866506e-01 2.743092e-02
8.849638e-03 8.262512e-01 1.985090e-01 1.462034e-01 3.543960e-02 -3.339812e-01 8.522750e-02 9.038056e-02 1.157702e-02 9.728519e-03 1.069773e-02 2.538162e-01 3.520854e-02
1.220640e-02 7.369661e-01 5.904884e-02 1.044566e-01 1.321604e-02 -3.131700e-01 3.051365e-02 7.624615e-02 5.573800e-03 1.191698e-02 8.745561e-03 2.517386e-01 1.076843e-02
1.617348e-02 1.034347e+00 1.647784e-01 1.868234e-01 2.339733e-02 -4.430643e-01 8.643802e-02 1.045233e-01 4.395263e-03 -1.969932e-02 1.219904e-02 3.408485e-01 4.440071e-02
2.746439e-03 7.237384e-01 2.199516e-01 1.357847e-01 4.469382e-02 -3.113888e-01 9.217553e-02 7.289845e-02 8.562920e-03 -5.747760e-03 2.127888e-02 2.072564e-01 3.845612e-02
3.051599e-03 8.735209e-01 1.231818e-01 8.919478e-02 1.318546e-02 -4.598774e-01 6.848149e-02 7.094556e-02 1.197298e-02 2.737175e-02 7.163780e-03 3.481358e-01 4.371565e-02
3.967079e-03 5.184547e-01 6.885632e-02 8.132404e-02 1.671551e-02 -2.236808e-01 3.365784e-02 5.089543e-02 4.242801e-03 8.317487e-03 1.013353e-02 1.650816e-01 2.503170e-02
5.492879e-03 7.923207e-01 9.838425e-02 1.101032e-01 3.684616e-03 -3.729875e-01 5.877039e-02 6.179748e-02 4.370466e-03 -5.677931e-04 6.567048e-03 2.607122e-01 2.864822e-02
7.628998e-03 8.053816e-01 1.760484e-01 1.104461e-01 1.558471e-02 -3.732147e-01 8.839651e-02 6.970513e-02 3.107832e-03 3.673359e-03 6.675918e-03 2.601924e-01 4.740337e-02
1.037544e-02 6.458993e-01 1.062614e-01 1.075640e-01 1.028669e-02 -2.595271e-01 5.481602e-02 7.567649e-02 3.930590e-03 1.818348e-02 5.767381e-03 2.304138e-01 3.553749e-02
1.373220e-02 9.049437e-01 7.878206e-02 1.563007e-01 1.589713e-02 -3.826617e-01 5.748854e-02 9.390027e-02 3.725496e-03 -6.581570e-04 1.383364e-02 3.166767e-01 4.196295e-02
1.769928e-02 9.486839e-01 5.504000e-02 1.318370e-01 2.037959e-02 -4.625486e-01 3.178205e-02 8.055807e-02 5.984439e-03 -1.217273e-02 8.547204e-03 3.661475e-01 2.335352e-02
4.882559e-03 5.744420e-01 7.876308e-02 7.300075e-02 9.125113e-03 -2.786504e-01 4.830735e-02 6.282927e-02 7.635529e-03 2.344905e-02 7.845275e-03 2.266878e-01 3.001002e-02
5.187719e-03 1.125555e+00 2.288867e-01 1.830538e-01 3.502495e-02 -4.927312e-01 1.250240e-01 8.009969e-02 1.252621e-02 -2.420699e-02 1.065122e-02 3.068056e-01 7.247623e-02
6.103199e-03 8.876018e-01 2.073268e-01 1.366601e-01 3.659141e-02 -4.040669e-01 9.917787e-02 7.795019e-02 7.637916e-03 -1.252800e-03 2.005960e-02 2.775192e-01 5.281383e-02
7.628998e-03 6.424809e-01 1.059645e-01 1.024828e-01 1.437190e-02 -2.553218e-01 4.626165e-02 7.877280e-02 5.851188e-03 2.611513e-02 1.061880e-02 2.081976e-01 1.789174e-02
9.765118e-03 8.322072e-01 4.604901e-02 1.331477e-01 7.088965e-03 -3.697844e-01 1.582403e-02 7.994277e-02 5.927160e-03 7.827793e-04 8.712800e-03 2.828179e-01 1.648629e-02
1.251156e-02 9.618054e-01 1.837699e-01 1.468199e-01 1.771325e-02 -4.401138e-01 9.449863e-02 8.980546e-02 1.002443e-02 -9.341059e-03 5.623846e-03 3.286466e-01 5.018680e-02
1.586832e-02 7.887314e-01 5.229188e-02 1.035709e-01 8.800307e-03 -3.542273e-01 4.093390e-02 7.866690e-02 2.993610e-03 2.557899e-03 1.068022e-02 2.863473e-01 2.749504e-02
1.983540e-02 9.250457e-01 7.329426e-02 1.896740e-01 3.163287e-02 -3.962851e-01 5.030412e-02 1.156616e-01 1.119774e-02 -2.876770e-02 1.731554e-02 3.214379e-01 3.967631e-02
7.628998e-03 1.002944e+00 2.161373e-01 1.789492e-01 2.694658e-02 -4.379117e-01 1.118492e-01 8.125423e-02 3.178593e-03 -2.271951e-02 1.932134e-02 2.952465e-01 5.507122e-02
7.934158e-03 1.025042e+00 1.064105e-01 1.517971e-01 2.318870e-02 -4.662425e-01 6.889663e-02 7.026041e-02 4.768288e-03 -1.830598e-02 1.213267e-02 3.096422e-01 4.774006e-02
8.849638e-03 7.366487e-01 4.353404e-02 1.138015e-01 1.383339e-02 -3.244864e-01 2.411985e-02 8.147167e-02 4.161168e-03 1.148824e-02 8.844509e-03 2.391916e-01 1.460464e-02
1.037544e-02 8.914598e-01 2.567449e-01 1.661226e-01 3.977988e-02 -3.487884e-01 1.328304e-01 9.484396e-02 9.511749e-03 4.031981e-03 1.993210e-02 2.694243e-01 7.302723e-02
1.251156e-02 9.221160e-01 1.443617e-01 1.252597e-01 2.065479e-02 -4.211460e-01 9.444884e-02 8.306260e-02 7.433383e-03 5.326996e-03 1.092965e-02 3.214056e-01 5.334339e-02
1.525800e-02 7.547595e-01 5.873259e-02 1.248794e-01 1.479138e-02 -3.050491e-01 2.971177e-02 8.925789e-02 5.967638e-03 1.439995e-02 1.005266e-02 2.874114e-01 2.240739e-02
1.861476e-02 9.120337e-01 1.386123e-01 1.214416e-01 1.529134e-02 -4.385356e-01 9.638442e-02 8.833190e-02 6.254606e-03 2.969934e-03 1.058482e-02 3.935955e-01 6.914935e-02
2.258183e-02 8.320268e-01 6.229631e-02 1.505543e-01 1.858520e-02 -3.059020e-01 3.400502e-02 1.082587e-01 6.150033e-03 -1.380660e-02 1.069118e-02 2.754503e-01 2.393845e-02
1.098576e-02 1.047873e+00 1.743764e-01 1.979207e-01 3.091472e-02 -4.376535e-01 7.929253e-02 9.637387e-02 6.710866e-03 -2.934816e-02 2.225633e-02 2.899249e-01 2.880695e-02
1.129092e-02 6.677600e-01 9.885458e-02 9.401631e-02 1.751245e-02 -2.993092e-01 6.012319e-02 7.511880e-02 6.668216e-03 2.020067e-02 5.640778e-03 2.646499e-01 3.487423e-02
1.220640e-02 1.025636e+00 1.888895e-01 1.712304e-01 2.830018e-02 -4.484071e-01 1.033908e-01 8.588277e-02 3.965918e-03 -2.073973e-02 1.718265e-02 3.186068e-01 6.222110e-02
1.373220e-02 9.486925e-01 1.610473e-01 1.651348e-01 3.276845e-02 -4.062119e-01 8.019997e-02 1.059533e-01 8.315047e-03 -6.722025e-03 2.178825e-02 3.003040e-01 3.233249e-02
1.586832e-02 8.426605e-01 1.241897e-01 9.654437e-02 2.373349e-02 -3.701014e-01 5.507269e-02 7.887270e-02 6.634863e-03 2.022722e-02 8.136314e-03 3.312013e-01 2.987453e-02
1.861476e-02 8.642578e-01 1.823199e-01 1.343412e-01 3.034350e-02 -3.683995e-01 8.374643e-02 9.561326e-02 7.939267e-03 -2.596408e-03 1.666123e-02 3.158768e-01 4.126048e-02
2.197151e-02 7.459727e-01 5.439699e-02 1.197666e-01 1.156688e-02 -3.411012e-01 3.952141e-02 1.071789e-01 1.154335e-02 2.041171e-02 1.471108e-02 3.732046e-01 4.303867e-02
2.593859e-02 7.797752e-01 6.939530e-02 1.365873e-01 1.974176e-02 -3.080210e-01 3.566126e-02 1.237869e-01 1.392174e-02 -1.393522e-03 1.544167e-02 3.641137e-01 2.040995e-02
1.495284e-02 8.005206e-01 1.310950e-01 1.597541e-01 2.943919e-02 -3.246335e-01 6.984265e-02 9.844542e-02 6.110898e-03 -1.564591e-02 1.585414e-02 2.505985e-01 3.385329e-02
1.525800e-02 9.513113e-01 1.006345e-01 1.583436e-01 2.870656e-02 -4.408989e-01 6.638743e-02 9.706306e-02 1.504370e-02 -1.199103e-02 1.275200e-02 3.554883e-01 4.297609e-02
1.617348e-02 7.541424e-01 1.047800e-01 9.912302e-02 2.473844e-02 -3.314184e-01 4.753848e-02 7.845996e-02 6.132519e-03 1.411118e-02 1.694909e-02 2.971948e-01 2.674435e-02
1.769928e-02 9.345036e-01 1.558432e-01 1.721156e-01 2.978398e-02 -3.568132e-01 8.469411e-02 1.066102e-01 9.217174e-03 -1.507100e-02 1.347757e-02 2.767592e-01 4.593897e-02
1.983540e-02 7.817471e-01 1.443017e-01 1.154947e-01 1.539738e-02 -3.397226e-01 8.556709e-02 9.655169e-02 1.308731e-02 4.348667e-03 9.459268e-03 3.154376e-01 5.171663e-02
2.258183e-02 8.649950e-01 1.250601e-01 1.537175e-01 2.030466e-02 -3.091065e-01 5.778370e-02 1.100196e-01 1.365498e-02 4.171537e-03 7.498318e-03 2.970247e-01 3.783947e-02
2.593859e-02 9.137969e-01 1.117284e-01 1.558791e-01 2.892368e-02 -3.985407e-01 5.146610e-02 1.395855e-01 1.600841e-02 -1.396151e-02 1.046901e-02 4.214085e-01 3.579107e-02
2.990567e-02 8.734534e-01 1.164947e-01 1.737458e-01 3.324900e-02 -3.499586e-01 6.732231e-02 1.510282e-01 8.828199e-03 -1.875055e-02 1.914524e-02 3.782966e-01 4.099371e-02
3.051599e-04 3.700928e-01 1.648923e-01 9.071062e-02 2.064078e-02 -1.345056e-01 8.424837e-02 6.508617e-02 3.618308e-03 1.751190e-02 1.151801e-02 1.098272e-01 4.328365e-02
6.103199e-04 1.169071e+00 4.377343e-01 1.532623e-01 4.268524e-02 -5.821218e-01 2.377702e-01 6.915960e-02 8.630087e-03 -1.676283e-02 2.350224e-02 3.647695e-01 1.323911e-01
1.525800e-03 7.956373e-01 1.313818e-01 1.250779e-01 3.059498e-02 -3.692797e-01 8.959500e-02 6.925162e-02 1.293998e-02 -2.043365e-03 6.110002e-03 2.405605e-01 6.042520e-02
3.051599e-03 1.044913e+00 2.400166e-01 1.242214e-01 3.287917e-02 -5.304928e-01 1.303147e-01 6.974630e-02 9.251422e-03 -4.295347e-04 1.483601e-02 3.536197e-01 7.637686e-02
5.187719e-03 1.106492e+00 3.104027e-01 1.592304e-01 5.066427e-02 -5.153622e-01 1.412784e-01 7.364892e-02 4.392955e-03 -1.874523e-02 2.763445e-02 3.285007e-01 5.999133e-02
7.934158e-03 6.922574e-01 5.853864e-02 1.060253e-01 1.274693e-02 -2.983630e-01 5.189359e-02 6.497806e-02 7.416241e-03 -8.044401e-04 6.325943e-03 2.131260e-01 3.105510e-02
1.129092e-02 6.612990e-01 4.881421e-02 1.344000e-01 1.895943e-02 -2.556780e-01 2.557044e-02 7.759441e-02 6.079329e-03 -8.847890e-03 3.973859e-03 2.048293e-01 2.048799e-02
1.525800e-02 7.540883e-01 4.512211e-02 1.311923e-01 1.482904e-02 -3.106947e-01 1.346986e-02 8.823304e-02 1.018908e-02 -9.473156e-04 8.115212e-03 2.655463e-01 1.850033e-02
6.103199e-04 7.314267e-01 1.662190e-01 9.621825e-02 2.785912e-02 -3.633519e-01 8.962123e-02 6.857987e-02 7.084672e-03 2.054131e-02 1.762040e-02 2.672015e-01 4.454844e-02
9.154798e-04 3.887774e-01 8.040274e-02 9.174144e-02 3.382263e-02 -1.463897e-01 3.975927e-02 7.477295e-02 9.558998e-03 3.012286e-02 1.620598e-02 1.377956e-01 3.137593e-02
1.830960e-03 9.868508e-01 2.844394e-01 1.248964e-01 2.824378e-02 -4.930093e-01 1.541163e-01 7.557665e-02 7.195988e-03 6.441320e-03 1.175864e-02 3.340217e-01 8.901737e-02
3.356759e-03 5.158221e-01 8.155881e-02 8.865727e-02 2.543220e-02 -2.188620e-01 1.986650e-02 6.204718e-02 7.687112e-03 1.481060e-02 7.726712e-03 1.677698e-01 5.660691e-03
5.492879e-03 6.188876e-01 5.514036e-02 1.098609e-01 1.065803e-02 -2.561295e-01 3.548008e-02 7.310900e-02 1.487426e-03 1.503048e-02 5.438186e-03 2.019081e-01 2.308103e-02
8.239318e-03 6.741352e-01 1.013335e-01 1.189879e-01 5.289038e-03 -2.768784e-01 5.943750e-02 7.314284e-02 7.841379e-03 -2.953515e-05 9.910365e-03 1.995999e-01 3.208254e-02
1.159608e-02 7.757729e-01 6.108978e-02 1.109835e-01 9.790800e-03 -3.310028e-01 4.189933e-02 8.140182e-02 4.718839e-03 1.199789e-02 6.458836e-03 2.611861e-01 3.242402e-02
1.556316e-02 7.921176e-01 1.163809e-01 1.216089e-01 2.971063e-02 -3.407922e-01 5.243912e-02 9.240785e-02 9.229553e-03 -1.284590e-03 1.652684e-02 2.831429e-01 2.171983e-02
1.525800e-03 5.870620e-01 1.851479e-01 9.925056e-02 3.785259e-02 -2.629654e-01 8.326512e-02 6.044694e-02 1.020497e-02 8.103891e-03 1.580322e-02 1.881065e-01 3.966897e-02
1.830960e-03 9.058762e-01 1.573547e-01 1.120930e-01 2.426036e-02 -4.603861e-01 9.145638e-02 6.086448e-02 5.528021e-03 -2.967162e-03 1.257139e-02 3.057492e-01 5.893167e-02
2.746439e-03 6.982622e-01 1.660813e-01 1.195570e-01 2.182679e-02 -2.960292e-01 8.309774e-02 6.713099e-02 7.841410e-03 3.231038e-03 1.157943e-02 1.990827e-01 4.460470e-02
4.272239e-03 6.618144e-01 1.154769e-01 1.151275e-01 1.693238e-02 -2.908060e-01 4.909521e-02 6.359736e-02 3.214213e-03 -2.714136e-04 8.757891e-03 2.079523e-01 2.252831e-02
6.408358e-03 1.114337e+00 3.514231e-01 1.581321e-01 4.254154e-02 -5.034713e-01 1.508714e-01 7.005827e-02 6.398827e-03 -2.204258e-02 1.902867e-02 3.141631e-01 6.552281e-02
9.154798e-03 5.677101e-01 8.741052e-02 8.900585e-02 2.391001e-02 -2.555436e-01 3.835307e-02 7.859608e-02 4.396950e-03 3.347268e-02 1.336461e-02 2.513461e-01 3.045909e-02
1.251156e-02 8.192150e-01 1.036342e-01 1.339341e-01 2.701952e-02 -3.544342e-01 6.659549e-02 8.977154e-02 8.969980e-03 8.965668e-03 9.724647e-03 2.846703e-01 5.230327e-02
1.647864e-02 1.013772e+00 1.670237e-01 1.868832e-01 3.411052e-02 -3.890937e-01 6.617655e-02 1.071000e-01 8.489428e-03 -1.718762e-02 1.059867e-02 2.831575e-01 2.754302e-02
3.051599e-03 5.509433e-01 9.807263e-02 8.947728e-02 1.738205e-02 -2.453408e-01 5.742732e-02 6.914409e-02 6.254562e-03 2.446653e-02 5.677751e-03 2.003135e-01 3.267983e-02
3.356759e-03 7.199567e-01 5.173193e-02 9.477897e-02 2.175782e-02 -3.564938e-01 1.770737e-02 6.408081e-02 3.515331e-03 1.135084e-02 1.018415e-02 2.563458e-01 1.369791e-02
4.272239e-03 6.554010e-01 1.864767e-01 9.432851e-02 1.653938e-02 -3.128131e-01 1.111340e-01 5.887948e-02 5.788741e-03 4.800723e-03 1.088898e-02 2.230139e-01 6.110701e-02
5.798039e-03 6.251326e-01 1.063650e-01 9.972097e-02 1.889907e-02 -2.768932e-01 5.562815e-02 6.818919e-02 9.216757e-03 1.408172e-02 8.130367e-03 2.147134e-01 2.708464e-02
7.934158e-03 6.151251e-01 1.291219e-01 9.965084e-02 1.570898e-02 -2.293609e-01 6.281735e-02 7.123308e-02 9.458081e-03 1.607583e-02 2.112599e-03 1.759508e-01 3.243092e-02
1.068060e-02 8.805376e-01 1.191713e-01 1.427885e-01 1.395976e-02 -3.848615e-01 6.778801e-02 9.721796e-02 3.812562e-03 8.818039e-03 1.195869e-02 2.959095e-01 3.374536e-02
1.403736e-02 7.525989e-01 8.607557e-02 1.340457e-01 1.761051e-02 -3.015259e-01 4.270783e-02 8.757211e-02 9.975848e-03 8.933494e-04 1.399966e-02 2.609148e-01 1.323232e-02
1.800444e-02 7.776617e-01 5.651428e-02 1.117435e-01 2.546026e-02 -2.908817e-01 3.550180e-02 8.908133e-02 1.115397e-02 1.969763e-02 8.987273e-03 2.885440e-01 1.439697e-02
5.187719e-03 1.162106e+00 3.279059e-01 2.075166e-01 5.423301e-02 -5.059247e-01 1.623903e-01 8.297330e-02 1.117015e-02 -4.110485e-02 2.595873e-02 2.963698e-01 8.478144e-02
5.492879e-03 8.659297e-01 1.576624e-01 1.285483e-01 1.505036e-02 -3.957337e-01 9.414547e-02 6.596159e-02 2.044969e-03 -6.831661e-03 9.201178e-03 2.683895e-01 5.781412e-02
6.408358e-03 1.230214e+00 4.512841e-01 1.732699e-01 6.700914e-02 -5.748033e-01 2.093900e-01 6.989318e-02 1.129920e-02 -3.352511e-02 3.307744e-02 3.452253e-01 9.696828e-02
7.934158e-03 6.878369e-01 8.318858e-02 1.302459e-01 1.522171e-02 -2.810388e-01 3.213750e-02 8.381671e-02 6.771356e-03 7.346064e-03 9.112277e-03 2.233341e-01 3.328230e-02
1.007028e-02 8.101695e-01 1.518991e-01 1.122881e-01 2.896562e-02 -3.697798e-01 6.712823e-02 7.169081e-02 7.441976e-03 1.037249e-02 1.310836e-02 2.949335e-01 2.909248e-02
1.281672e-02 1.111391e+00 1.761850e-01 1.769797e-01 1.294283e-02 -4.756872e-01 1.043090e-01 9.145542e-02 5.834423e-03 -1.996910e-02 6.328778e-03 3.258824e-01 6.316301e-02
1.617348e-02 5.990891e-01 1.118718e-01 1.311685e-01 2.747220e-02 -2.175436e-01 3.544799e-02 9.138804e-02 7.449322e-03 -6.371344e-03 9.923698e-03 1.993107e-01 2.232347e-02
2.014056e-02 7.279388e-01 8.364185e-02 1.233281e-01 1.414083e-02 -3.246954e-01 3.709684e-02 1.112751e-01 7.662492e-03 1.044018e-02 8.380686e-03 3.368468e-01 2.122824e-02
7.934158e-03 9.204219e-01 9.629260e-02 1.306772e-01 1.022567e-02 -4.220725e-01 5.617993e-02 7.169380e-02 3.758865e-03 -2.612894e-03 3.358929e-03 2.974565e-01 2.850747e-02
8.239318e-03 7.913775e-01 1.160091e-01 1.227419e-01 1.891175e-02 -3.471179e-01 7.657331e-02 7.927396e-02 7.290373e-03 1.316320e-02 1.197236e-02 2.639383e-01 3.997820e-02
9.154798e-03 6.180970e-01 1.140622e-01 1.146690e-01 2.475336e-02 -2.443844e-01 6.165298e-02 7.840190e-02 8.593276e-03 1.136036e-02 1.475048e-02 1.968320e-01 3.161092e-02
1.068060e-02 8.298503e-01 1.290667e-01 1.553702e-01 3.216470e-02 -3.243558e-01 3.403073e-02 8.459032e-02 6.341215e-03 -1.176967e-02 1.604231e-02 2.303962e-01 1.231211e-02
1.281672e-02 6.004873e-01 1.231738e-01 8.946856e-02 2.689259e-02 -2.636084e-01 6.204424e-02 8.264464e-02 6.854174e-03 2.741625e-02 1.371663e-02 2.492276e-01 2.793010e-02
1.556316e-02 8.569092e-01 1.243436e-01 1.597935e-01 2.547188e-02 -3.844417e-01 9.156556e-02 1.023722e-01 1.538563e-02 -9.716745e-03 7.164134e-03 3.150980e-01 7.104307e-02
1.891992e-02 7.847742e-01 8.640093e-02 1.269533e-01 2.009457e-02 -2.869116e-01 3.298071e-02 1.010237e-01 8.969051e-03 1.209736e-02 6.631940e-03 2.625833e-01 2.227134e-02
2.288699e-02 9.495915e-01 1.584097e-01 1.315056e-01 2.357776e-02 -4.481564e-01 8.498496e-02 1.118326e-01 6.836216e-03 7.845689e-03 1.663197e-02 4.013191e-01 4.610099e-02
1.129092e-02 6.471923e-01 8.622434e-02 1.270460e-01 3.295651e-02 -2.574025e-01 2.841170e-02 8.312030e-02 9.203839e-03 9.460828e-03 1.183264e-02 2.341262e-01 2.561863e-02
1.159608e-02 8.620076e-01 1.627469e-01 1.442894e-01 3.350356e-02 -3.699033e-01 6.893526e-02 8.362051e-02 1.203599e-02 -8.773542e-03 1.334312e-02 2.682204e-01 2.934124e-02
1.251156e-02 6.749730e-01 8.600419e-02 1.076919e-01 1.820839e-02 -2.609965e-01 4.524660e-02 8.393002e-02 7.000137e-03 1.928699e-02 5.077534e-03 2.188112e-01 3.069226e-02
1.403736e-02 7.962247e-01 1.866903e-01 1.270660e-01 2.829365e-02 -3.777530e-01 9.063125e-02 8.594486e-02 4.691409e-03 -6.230981e-03 1.622042e-02 2.951465e-01 5.433417e-02
1.617348e-02 7.591555e-01 1.582806e-01 1.128504e-01 2.458122e-02 -3.270345e-01 6.233499e-02 8.484021e-02 8.588515e-03 5.360926e-03 1.261459e-02 2.682402e-01 2.193801e-02
1.891992e-02 7.951464e-01 5.855825e-02 1.357150e-01 2.634510e-02 -3.299065e-01 3.528545e-02 1.057831e-01 1.285178e-02 -3.112120e-04 1.008191e-02 2.884432e-01 2.095746e-02
2.227667e-02 9.851644e-01 9.830336e-02 1.497456e-01 2.072548e-02 -4.635304e-01 6.623663e-02 1.111420e-01 1.164253e-02 -2.128632e-02 9.744791e-03 3.949441e-01 5.067841e-02
2.624375e-02 8.068754e-01 8.929496e-02 1.222484e-01 1.588151e-02 -3.505311e-01 3.679403e-02 1.233057e-01 1.489354e-02 3.096339e-03 1.798771e-02 3.872527e-01 2.518298e-02
1.525800e-02 9.502888e-01 1.855127e-01 1.200995e-01 2.781196e-02 -4.221757e-01 8.307031e-02 7.156697e-02 6.891556e-03 -8.537706e-03 1.401439e-02 3.270444e-01 3.599676e-02
1.556316e-02 9.020116e-01 1.866163e-01 1.574134e-01 2.262120e-02 -3.779114e-01 9.131687e-02 9.611465e-02 5.274913e-03 -8.101876e-03 1.026216e-02 2.848319e-01 5.039965e-02
1.647864e-02 7.714718e-01 7.800917e-02 1.499857e-01 1.993823e-02 -3.016837e-01 3.513533e-02 1.004560e-01 1.081523e-02 -4.647842e-03 9.185003e-03 2.552219e-01 1.404022e-02
1.800444e-02 9.048339e-01 9.478274e-02 1.248894e-01 8.611033e-03 -4.116856e-01 4.109763e-02 8.739338e-02 1.219242e-02 -8.891714e-03 8.209031e-03 3.197818e-01 3.299416e-02
2.014056e-02 1.066488e+00 1.907194e-01 1.576549e-01 2.132049e-02 -4.503264e-01 8.685802e-02 9.317019e-02 4.866624e-03 -1.467126e-02 1.561624e-02 3.673265e-01 3.917925e-02
2.288699e-02 9.621547e-01 1.519746e-01 1.670496e-01 3.622502e-02 -3.449362e-01 6.654627e-02 1.005090e-01 1.284001e-02 -1.895952e-02 1.668811e-02 3.339979e-01 3.833864e-02
2.624375e-02 7.229383e-01 7.804055e-02 1.190604e-01 2.289912e-02 -2.911946e-01 4.881228e-02 1.492615e-01 1.593756e-02 3.044262e-02 7.226016e-03 3.530063e-01 4.913303e-02
3.021083e-02 7.729472e-01 5.380715e-02 1.076105e-01 2.346526e-02 -3.171518e-01 2.442055e-02 1.277656e-01 9.471079e-03 -1.350560e-02 1.105239e-02 3.960452e-01 3.650680e-02
1.220640e-03 6.285281e-01 8.587639e-02 7.725444e-02 2.090010e-02 -3.101995e-01 4.809224e-02 6.581618e-02 2.451774e-03 2.989312e-02 1.377347e-02 2.405517e-01 3.420014e-02
1.525800e-03 7.120646e-01 2.612262e-01 1.452180e-01 4.706392e-02 -2.882021e-01 1.134875e-01 6.343004e-02 7.647015e-03 -1.979113e-02 2.240200e-02 1.692381e-01 4.765599e-02
2.441279e-03 7.990347e-01 2.133221e-01 9.851629e-02 2.298416e-02 -3.917797e-01 1.150399e-01 6.503880e-02 8.751262e-03 1.316087e-02 1.430907e-02 2.740229e-01 6.311021e-02
3.967079e-03 6.509586e-01 1.345183e-01 9.643208e-02 2.105080e-02 -3.080044e-01 7.490837e-02 6.269094e-02 6.361728e-03 6.476287e-03 1.088351e-02 2.209084e-01 4.136770e-02
6.103199e-03 8.051531e-01 2.281366e-01 1.435623e-01 3.961439e-02 -3.377092e-01 1.004151e-01 7.627402e-02 1.093494e-02 -8.374064e-03 1.736069e-02 2.226925e-01 4.381044e-02
8.849638e-03 1.123741e+00 2.444657e-01 1.867406e-01 2.899969e-02 -4.752748e-01 1.105161e-01 9.186536e-02 5.325896e-03 -1.599227e-02 1.018595e-02 3.112670e-01 5.445474e-02
1.220640e-02 8.136626e-01 1.774614e-01 1.204241e-01 2.330067e-02 -3.681536e-01 9.165648e-02 7.223557e-02 3.863909e-03 -1.532670e-02 1.462781e-02 2.629815e-01 4.781155e-02
1.617348e-02 7.608515e-01 6.181084e-02 8.326506e-02 1.531239e-02 -3.463571e-01 1.322274e-02 7.227377e-02 5.355257e-03 6.742759e-03 8.417192e-03 2.845322e-01 1.256256e-02
1.525800e-03 1.022850e+00 1.749429e-01 1.489084e-01 1.851261e-02 -4.841752e-01 1.060315e-01 7.021062e-02 9.086705e-03 -1.445956e-02 8.192453e-03 3.009486e-01 5.956824e-02
1.830960e-03 7.241724e-01 8.159212e-02 1.178991e-01 6.394585e-03 -3.277913e-01 4.515917e-02 7.013391e-02 3.124530e-03 5.930691e-03 3.260446e-03 2.260842e-01 2.583703e-02
2.746439e-03 5.501245e-01 1.737726e-01 9.635847e-02 3.193346e-02 -2.454913e-01 8.370308e-02 6.533945e-02 6.329857e-03 1.335063e-02 1.658331e-02 1.894867e-01 3.864068e-02
4.272239e-03 1.197636e+00 2.474276e-01 1.637058e-01 3.811294e-02 -5.788252e-01 1.209568e-01 6.560719e-02 5.200998e-03 -2.978131e-02 2.120108e-02 3.522762e-01 5.782755e-02
6.408358e-03 6.149597e-01 8.182206e-02 1.076377e-01 1.221164e-02 -2.591929e-01 3.931135e-02 7.155908e-02 6.235771e-03 8.130314e-03 1.290740e-02 1.975693e-01 1.546969e-02
9.154798e-03 9.776707e-01 1.010707e-01 1.299982e-01 1.500849e-02 -4.226662e-01 6.669115e-02 7.432610e-02 6.595771e-03 6.677576e-04 1.140996e-02 2.896271e-01 3.792888e-02
1.251156e-02 8.702031e-01 1.164695e-01 1.477699e-01 3.179077e-02 -3.497148e-01 3.791678e-02 8.636941e-02 7.483499e-03 -1.122848e-02 1.304706e-02 2.436717e-01 1.930360e-02
1.647864e-02 6.996580e-01 7.801407e-02 1.114516e-01 6.725654e-03 -3.396316e-01 5.274577e-02 7.662396e-02 5.644781e-03 -7.994515e-03 3.191925e-03 3.012174e-01 3.933251e-02
2.441279e-03 6.863535e-01 1.755869e-01 1.036331e-01 2.278273e-02 -3.242642e-01 8.918299e-02 6.497674e-02 5.000729e-03 9.948696e-03 1.459658e-02 2.357338e-01 4.217816e-02
2.746439e-03 8.439540e-01 1.715846e-01 1.747129e-01 3.181799e-02 -3.328120e-01 8.351400e-02 7.720394e-02 6.656378e-03 -1.986281e-02 1.933887e-02 2.019334e-01 3.701041e-02
3.661919e-03 6.269447e-01 1.401010e-01 1.002470e-01 6.521347e-03 -2.758671e-01 8.633158e-02 5.866749e-02 3.991363e-03 3.287502e-03 5.308441e-03 1.903660e-01 5.036984e-02
5.187719e-03 5.306147e-01 1.206381e-01 8.704924e-02 1.816896e-02 -2.296004e-01 5.407746e-02 7.510603e-02 6.361074e-03 2.873703e-02 1.126982e-02 1.951479e-01 2.839735e-02
7.323838e-03 7.674136e-01 1.163202e-01 1.339838e-01 1.591159e-02 -3.150512e-01 6.308700e-02 8.206353e-02 4.790801e-03 5.720566e-03 1.090910e-02 2.287262e-01 3.110258e-02
1.007028e-02 8.052002e-01 1.717693e-01 1.090076e-01 2.744045e-02 -3.930900e-01 9.170420e-02 7.358559e-02 9.326843e-03 7.251462e-03 1.639802e-02 3.054074e-01 4.536857e-02
1.342704e-02 9.218150e-01 1.021297e-01 1.681015e-01 1.170597e-02 -3.986443e-01 6.799867e-02 9.510558e-02 8.630582e-04 -1.823530e-02 6.109734e-03 2.930342e-01 5.024549e-02
1.739412e-02 6.512888e-01 2.890961e-02 1.103878e-01 2.105637e-02 -2.218689e-01 2.136742e-02 8.563521e-02 1.029253e-02 1.063925e-02 5.689479e-03 2.259154e-01 2.649317e-02
3.967079e-03 5.870928e-01 1.359324e-01 9.571576e-02 1.724312e-02 -2.567539e-01 6.729944e-02 6.376261e-02 5.957534e-03 1.200691e-02 9.090011e-03 1.890497e-01 3.466799e-02
4.272239e-03 8.594424e-01 2.322801e-01 1.243860e-01 4.408937e-02 -4.002610e-01 1.470459e-01 6.781055e-02 9.444560e-03 -2.683405e-03 2.012715e-02 2.673183e-01 9.753784e-02
5.187719e-03 7.924905e-01 1.259836e-01 1.249966e-01 2.357062e-02 -3.625279e-01 6.502541e-02 7.193542e-02 9.683697e-03 -2.628135e-03 1.002663e-02 2.474301e-01 3.547731e-02
6.713518e-03 1.274554e+00 2.019112e-01 1.943399e-01 2.740039e-02 -5.756792e-01 9.387099e-02 8.788481e-02 4.298310e-03 -2.055575e-02 1.415185e-02 3.716498e-01 4.646828e-02
8.849638e-03 6.471159e-01 8.010434e-02 1.180442e-01 1.341537e-02 -2.739051e-01 4.289635e-02 7.175303e-02 4.831522e-03 1.256910e-03 1.390096e-02 2.084190e-01 1.393912e-02
1.159608e-02 6.685755e-01 1.018017e-01 9.793976e-02 1.555402e-02 -2.939689e-01 5.192254e-02 6.591341e-02 6.226873e-03 4.201545e-03 2.134740e-03 2.388790e-01 2.931024e-02
1.495284e-02 6.318137e-01 1.148917e-01 9.153780e-02 2.757419e-02 -2.923886e-01 5.405851e-02 7.821033e-02 1.111552e-02 1.045996e-02 8.609790e-03 2.725871e-01 2.655222e-02
1.891992e-02 6.939771e-01 8.756075e-02 1.099080e-01 1.757987e-02 -2.951493e-01 4.990239e-02 9.545276e-02 1.072697e-02 5.034305e-03 6.240783e-03 2.698379e-01 3.618762e-02
6.103199e-03 8.426388e-01 1.343188e-01 1.124955e-01 2.241545e-02 -3.912446e-01 7.040817e-02 6.794765e-02 1.226761e-02 4.740127e-03 7.340786e-03 2.756504e-01 3.629750e-02
6.408358e-03 8.068604e-01 1.434780e-01 1.227468e-01 1.845132e-02 -3.623615e-01 7.718534e-02 6.714248e-02 9.958175e-03 -6.687074e-03 6.231472e-03 2.389831e-01 4.592983e-02
7.323838e-03 7.870126e-01 2.327757e-01 1.258275e-01 1.984963e-02 -3.465642e-01 1.231245e-01 7.756159e-02 1.993919e-03 1.156393e-03 1.259088e-02 2.482252e-01 7.067255e-02
8.849638e-03 8.513729e-01 1.534377e-01 1.259327e-01 1.960064e-02 -3.663490e-01 6.978220e-02 7.497093e-02 8.223259e-03 6.221379e-03 5.031679e-03 2.656106e-01 4.503869e-02
1.098576e-02 8.667102e-01 8.837126e-02 1.436048e-01 1.211326e-02 -3.482311e-01 4.926279e-02 8.543521e-02 8.064111e-03 3.094887e-03 4.702604e-03 2.610161e-01 3.108532e-02
1.373220e-02 1.024175e+00 1.378083e-01 1.632431e-01 2.316075e-02 -4.282795e-01 5.868305e-02 7.781343e-02 8.143074e-03 -2.841443e-02 1.083328e-02 2.879015e-01 2.712789e-02
1.708896e-02 9.496981e-01 1.175256e-01 1.389682e-01 2.072168e-02 -4.078928e-01 3.977074e-02 8.982512e-02 4.086886e-03 -5.696777e-03 9.919139e-03 3.300363e-01 9.633800e-03
2.105603e-02 1.028062e+00 1.643462e-01 1.772873e-01 2.042845e-02 -4.344536e-01 9.924233e-02 1.150009e-01 1.415061e-02 -2.098936e-02 7.976537e-03 3.393978e-01 7.603460e-02
8.849638e-03 8.539219e-01 1.237939e-01 1.361512e-01 1.123860e-02 -3.695052e-01 8.456677e-02 7.249769e-02 7.534108e-03 -2.529641e-03 7.694472e-03 2.700227e-01 5.422470e-02
9.154798e-03 9.213663e-01 1.866347e-01 1.553567e-01 3.773503e-02 -4.095781e-01 7.779501e-02 8.473665e-02 1.183712e-02 -1.176933e-02 1.418386e-02 2.833460e-01 3.134727e-02
1.007028e-02 8.591612e-01 1.781086e-01 1.304093e-01 3.987055e-02 -3.756132e-01 6.827296e-02 8.289342e-02 7.154873e-03 -9.479846e-04 1.963570e-02 2.635241e-01 3.436873e-02
1.159608e-02 8.800520e-01 1.849970e-01 1.304063e-01 2.206952e-02 -4.084631e-01 9.943276e-02 9.032137e-02 7.137417e-03 1.014757e-03 1.706377e-02 3.132423e-01 4.941059e-02
1.373220e-02 8.693811e-01 1.715851e-01 8.786285e-02 2.440568e-02 -4.097808e-01 1.016489e-01 7.676754e-02 4.351873e-03 1.555870e-02 1.161323e-02 3.156111e-01 6.574275e-02
1.647864e-02 8.440378e-01 1.337644e-01 1.289516e-01 2.085841e-02 -3.549880e-01 6.081522e-02 9.712767e-02 8.090404e-03 1.019784e-02 1.384349e-02 3.035827e-01 4.186271e-02
1.983540e-02 7.970972e-01 1.173618e-01 1.229208e-01 1.926949e-02 -3.310219e-01 7.846435e-02 1.062789e-01 1.345455e-02 1.288588e-02 1.709051e-02 3.168984e-01 4.191661e-02
2.380247e-02 8.062402e-01 8.974925e-02 1.452527e-01 2.282541e-02 -3.307967e-01 5.085045e-02 1.224940e-01 9.818379e-03 -1.007110e-02 1.226900e-02 3.242187e-01 2.988531e-02
1.220640e-02 7.545911e-01 1.695014e-01 1.259003e-01 1.866381e-02 -3.356944e-01 1.040305e-01 7.536745e-02 7.855130e-03 -3.618558e-03 1.063688e-02 2.687457e-01 6.682967e-02
1.251156e-02 4.727435e-01 5.211879e-02 5.786760e-02 1.411780e-02 -1.930390e-01 2.011629e-02 7.666658e-02 5.657756e-03 3.866403e-02 7.243558e-03 1.956823e-01 1.825773e-02
1.342704e-02 7.048209e-01 8.970679e-02 1.067108e-01 1.448927e-02 -2.891134e-01 4.427806e-02 8.100902e-02 4.596314e-03 7.779668e-03 7.936916e-03 2.358999e-01 1.686215e-02
1.495284e-02 6.897246e-01 4.015531e-02 1.165466e-01 1.600595e-02 -2.921971e-01 2.902364e-02 9.942075e-02 1.366903e-02 1.453983e-02 1.107886e-02 2.537313e-01 2.451722e-02
1.708896e-02 8.676194e-01 1.152907e-01 1.440564e-01 2.661018e-02 -3.800002e-01 5.316923e-02 9.606137e-02 8.723037e-03 -8.698064e-03 1.015330e-02 3.031697e-01 2.734698e-02
1.983540e-02 7.991660e-01 1.759724e-01 1.094615e-01 3.255894e-02 -3.865779e-01 7.696732e-02 1.044967e-01 1.181202e-02 1.339985e-02 1.478830e-02 3.682320e-01 4.635644e-02
2.319215e-02 7.332343e-01 1.511576e-01 9.950814e-02 3.286647e-02 -3.039086e-01 6.542119e-02 1.007677e-01 1.873235e-02 6.127654e-03 1.868651e-02 2.991603e-01 2.779753e-02
2.715923e-02 1.026419e+00 1.088836e-01 1.726655e-01 2.378537e-02 -3.888257e-01 4.866627e-02 1.344756e-01 2.078936e-02 -4.145557e-02 1.205853e-02 3.787690e-01 3.312920e-02
1.617348e-02 9.357381e-01 1.696400e-01 1.461893e-01 3.237541e-02 -4.417506e-01 8.314941e-02 9.820997e-02 4.142669e-03 -6.391771e-03 1.728455e-02 3.723655e-01 4.328014e-02
1.647864e-02 8.485696e-01 1.281793e-01 1.157963e-01 3.063525e-02 -3.481153e-01 5.808040e-02 8.637525e-02 9.999048e-03 2.369748e-03 1.126323e-02 2.898522e-01 3.550223e-02
1.739412e-02 6.948298e-01 1.156888e-01 1.316479e-01 1.957880e-02 -2.821041e-01 7.137438e-02 9.540073e-02 9.620634e-03 -3.199660e-03 1.008997e-02 2.528703e-01 4.836139e-02
1.891992e-02 7.279933e-01 1.315362e-01 1.343895e-01 1.793092e-02 -2.966778e-01 6.932888e-02 1.118237e-01 6.003177e-03 6.793453e-03 1.774471e-02 3.027699e-01 3.403026e-02
2.105603e-02 7.057582e-01 8.298366e-02 1.001506e-01 1.001440e-02 -3.236678e-01 4.524439e-02 1.001036e-01 6.711609e-03 1.511808e-02 1.396021e-02 3.272729e-01 3.473712e-02
2.380247e-02 1.016526e+00 9.263758e-02 1.252797e-01 2.249805e-02 -4.462063e-01 6.341474e-02 1.036835e-01 7.651438e-03 -1.354502e-02 1.751092e-02 3.963648e-01 3.750890e-02
2.715923e-02 7.939330e-01 6.019662e-02 1.384973e-01 1.636978e-02 -3.116965e-01 4.634088e-02 1.329767e-01 1.081390e-02 -1.070319e-04 1.907506e-02 3.313616e-01 2.411983e-02
3.112631e-02 7.247628e-01 1.271626e-01 1.472110e-01 3.054926e-02 -3.036759e-01 6.213007e-02 2.053224e-01 2.110556e-02 4.699778e-03 2.715851e-02 3.680095e-01 3.740592e-02
2.746439e-03 3.301795e-01 4.308484e-02 6.920721e-02 1.023096e-02 -1.287110e-01 2.052615e-02 6.946850e-02 4.576569e-03 3.674354e-02 7.814995e-03 1.382895e-01 1.038619e-02
3.051599e-03 7.494221e-01 2.290321e-01 1.254741e-01 4.137212e-02 -3.306664e-01 1.067058e-01 6.426158e-02 1.052984e-02 -5.451682e-03 1.589526e-02 2.193459e-01 5.432104e-02
3.967079e-03 7.331595e-01 9.197197e-02 1.333549e-01 3.086507e-02 -3.156193e-01 4.264477e-02 7.012476e-02 6.604232e-03 -4.446667e-03 1.345695e-02 2.168718e-01 2.521477e-02
5.492879e-03 6.443104e-01 8.484783e-02 1.068660e-01 4.635926e-03 -2.689022e-01 5.223156e-02 6.883028e-02 6.608564e-03 1.130021e-02 9.454239e-03 1.995437e-01 2.859647e-02
7.628998e-03 6.690493e-01 3.733512e-02 1.088236e-01 6.535069e-03 -2.871739e-01 2.827038e-02 7.050033e-02 4.703400e-03 7.620020e-03 6.000707e-03 2.184542e-01 2.367879e-02
1.037544e-02 6.506840e-01 5.671877e-02 1.047527e-01 2.056440e-02 -2.893670e-01 2.171023e-02 7.412123e-02 5.273469e-03 6.580333e-03 8.376741e-03 2.312060e-01 2.186963e-02
1.373220e-02 8.905636e-01 1.824879e-01 1.171595e-01 2.883325e-02 -4.164502e-01 1.012075e-01 8.448652e-02 7.880163e-03 3.528347e-03 1.399430e-02 3.230017e-01 5.879822e-02
1.769928e-02 7.243708e-01 4.385047e-02 1.410723e-01 8.748513e-03 -2.851836e-01 2.554671e-02 9.280018e-02 5.715459e-03 4.990854e-03 9.737803e-03 2.893986e-01 2.045325e-02
3.051599e-03 5.123205e-01 8.321938e-02 9.055051e-02 2.118864e-02 -2.078736e-01 2.873746e-02 6.333974e-02 3.367185e-03 1.795660e-02 8.184224e-03 1.616030e-01 1.807506e-02
3.356759e-03 6.785147e-01 1.140548e-01 1.162617e-01 1.855096e-02 -3.045579e-01 6.385460e-02 6.609737e-02 5.134236e-03 2.925565e-03 1.007412e-02 2.173870e-01 3.334318e-02
4.272239e-03 5.592347e-01 8.996218e-02 9.026627e-02 3.012588e-02 -2.414914e-01 3.587197e-02 6.323344e-02 7.477203e-03 1.304803e-02 1.141364e-02 1.784999e-01 2.196492e-02
5.798039e-03 5.599152e-01 1.235562e-01 9.485524e-02 1.786874e-02 -2.476171e-01 6.608818e-02 6.113670e-02 5.758640e-03 6.721176e-03 1.113056e-02 1.876166e-01 3.356511e-02
7.934158e-03 8.238280e-01 1.496784e-01 1.270439e-01 2.393181e-02 -4.020895e-01 9.424148e-02 7.162472e-02 3.135054e-03 -1.865661e-03 1.475817e-02 3.030482e-01 6.127340e-02
1.068060e-02 9.623286e-01 1.125927e-01 1.718145e-01 2.824327e-02 -3.826020e-01 3.842704e-02 8.932696e-02 7.476173e-03 -1.487397e-02 9.363760e-03 2.672773e-01 1.889894e-02
1.403736e-02 7.785184e-01 6.499373e-02 1.522219e-01 9.656690e-03 -2.937060e-01 4.500622e-02 9.912114e-02 1.020741e-02 8.540269e-03 1.649511e-02 2.682075e-01 2.525518e-02
1.800444e-02 7.661914e-01 9.055566e-02 1.426361e-01 3.212578e-02 -2.569898e-01 3.601078e-02 9.628997e-02 8.927791e-03 3.759078e-04 1.570329e-02 2.313989e-01 1.369858e-02
3.967079e-03 6.376199e-01 2.049470e-01 9.296138e-02 2.295551e-02 -2.998277e-01 1.067471e-01 6.203283e-02 3.195314e-03 1.148614e-02 1.544470e-02 2.245377e-01 5.537558e-02
4.272239e-03 9.019013e-01 1.257155e-01 1.284075e-01 3.356435e-02 -4.261170e-01 3.747506e-02 6.891603e-02 9.971602e-03 -4.584986e-03 1.058673e-02 2.848440e-01 2.582290e-02
5.187719e-03 7.599206e-01 1.678730e-01 1.182760e-01 2.175682e-02 -3.405505e-01 9.141641e-02 7.078632e-02 4.912532e-03 7.648127e-03 1.318418e-02 2.518063e-01 5.007359e-02
6.713518e-03 7.345712e-01 1.168891e-01 1.144445e-01 1.629059e-02 -3.313883e-01 6.968684e-02 7.364498e-02 6.200651e-03 8.024961e-03 9.299827e-03 2.423309e-01 4.109134e-02
8.849638e-03 1.143491e+00 2.150096e-01 1.726839e-01 4.626916e-02 -4.843338e-01 9.501425e-02 8.379875e-02 1.212489e-02 -2.018774e-02 1.759317e-02 2.944218e-01 5.224648e-02
1.159608e-02 8.010016e-01 1.097240e-01 1.192823e-01 2.930605e-02 -3.312576e-01 3.727448e-02 8.453548e-02 9.675576e-03 1.192452e-02 1.761910e-02 2.592207e-01 3.479423e-02
1.495284e-02 7.461919e-01 1.051884e-01 1.446609e-01 1.843348e-02 -3.102181e-01 6.696701e-02 9.702397e-02 4.583664e-03 5.127334e-03 1.627745e-02 2.819777e-01 4.194272e-02
1.891992e-02 7.865667e-01 1.260955e-01 1.255807e-01 2.613889e-02 -3.236418e-01 6.807644e-02 9.901705e-02 7.764523e-03 2.692181e-03 1.297222e-02 2.690689e-01 3.735836e-02
5.492879e-03 8.046144e-01 1.777288e-01 1.154873e-01 2.367169e-02 -3.636480e-01 8.117884e-02 6.572926e-02 4.713713e-03 1.223820e-03 1.017316e-02 2.473020e-01 4.043969e-02
5.798039e-03 8.358085e-01 2.225839e-01 1.034320e-01 1.611942e-02 -4.311083e-01 1.336744e-01 6.602800e-02 2.447784e-03 2.652785e-03 1.169773e-02 3.096966e-01 8.026327e-02
6.713518e-03 7.662282e-01 9.199347e-02 1.155360e-01 1.630862e-02 -3.421526e-01 5.195823e-02 6.654373e-02 6.590222e-03 2.923868e-03 5.651876e-03 2.469189e-01 2.820472e-02
8.239318e-03 5.214246e-01 8.229407e-02 7.854549e-02 1.698539e-02 -2.243168e-01 4.567477e-02 6.543953e-02 6.154199e-03 2.177542e-02 7.381306e-03 1.985362e-01 2.918767e-02
1.037544e-02 6.627688e-01 7.928320e-02 8.702036e-02 1.875701e-02 -3.157049e-01 4.659024e-02 6.437003e-02 7.316518e-03 1.165998e-02 1.592888e-02 2.541217e-01 2.526691e-02
1.312188e-02 7.857571e-01 1.359058e-01 1.246420e-01 1.484101e-02 -3.730769e-01 9.113918e-02 7.482963e-02 8.998438e-03 -1.364698e-02 6.491406e-03 2.851238e-01 6.339743e-02
1.647864e-02 8.117347e-01 1.652383e-01 1.356470e-01 2.963828e-02 -3.496757e-01 7.205650e-02 8.542908e-02 6.160838e-03 -4.876105e-03 1.300318e-02 2.876285e-01 3.939565e-02
2.044572e-02 8.680476e-01 4.799343e-02 1.456026e-01 1.961296e-02 -3.395131e-01 3.726841e-02 1.052121e-01 7.865953e-03 1.606426e-02 1.292944e-02 3.309209e-01 4.614897e-02
7.628998e-03 1.084002e+00 2.248892e-01 1.657939e-01 3.030292e-02 -4.896752e-01 1.257053e-01 8.360432e-02 8.019255e-03 -1.127854e-02 9.014845e-03 3.324611e-01 7.654407e-02
7.934158e-03 7.496032e-01 1.410289e-01 1.077684e-01 2.348843e-02 -3.224032e-01 8.482039e-02 6.980675e-02 8.248667e-03 1.313286e-02 9.532603e-03 2.456781e-01 4.799700e-02
8.849638e-03 6.505944e-01 8.401060e-02 9.581093e-02 1.938891e-02 -2.799109e-01 4.036807e-02 6.126763e-02 7.475471e-03 2.790282e-03 7.334851e-03 2.150261e-01 2.044579e-02
1.037544e-02 1.005598e+00 1.076043e-01 1.702991e-01 4.063196e-02 -4.436704e-01 5.448940e-02 9.203865e-02 9.344772e-03 -7.884406e-03 1.694870e-02 3.249585e-01 3.575254e-02
1.251156e-02 8.144365e-01 1.714883e-01 1.364973e-01 3.723502e-02 -3.559318e-01 5.376845e-02 8.154242e-02 1.179212e-02 -5.577488e-03 8.185876e-03 2.789162e-01 2.103571e-02
1.525800e-02 8.842126e-01 6.917285e-02 1.266746e-01 1.540392e-02 -3.702713e-01 4.165931e-02 8.131520e-02 3.803792e-03 2.304120e-03 8.042026e-03 2.818164e-01 3.314843e-02
1.861476e-02 7.573884e-01 1.375874e-01 1.050229e-01 4.043876e-02 -3.508540e-01 6.522796e-02 7.312965e-02 6.755029e-03 -1.857771e-02 2.861404e-02 3.018080e-01 2.980250e-02
2.258183e-02 7.477538e-01 1.003666e-01 1.269686e-01 2.174819e-02 -3.143094e-01 3.395041e-02 1.082509e-01 4.772427e-03 3.000836e-03 1.128187e-02 3.413501e-01 3.729750e-02
1.037544e-02 9.017747e-01 6.153290e-02 1.196808e-01 2.306301e-02 -4.144975e-01 4.366686e-02 7.776063e-02 4.270068e-03 7.006205e-03 1.191565e-02 3.058335e-01 3.162505e-02
1.068060e-02 8.514206e-01 1.453719e-01 1.305641e-01 3.630354e-02 -3.645405e-01 6.345936e-02 7.797688e-02 9.638514e-03 5.379731e-03 1.381063e-02 2.713808e-01 3.556711e-02
1.159608e-02 8.133676e-01 1.244147e-01 1.181921e-01 1.553113e-02 -3.794816e-01 6.314001e-02 8.195185e-02 3.094428e-03 4.342265e-03 8.999112e-03 2.954117e-01 3.556993e-02
1.312188e-02 6.876274e-01 5.653907e-02 1.127673e-01 1.810240e-02 -2.744469e-01 2.744555e-02 6.926122e-02 7.554897e-03 4.538252e-03 6.671692e-03 2.431099e-01 1.311122e-02
1.525800e-02 7.083315e-01 8.833801e-02 1.176504e-01 3.634553e-02 -3.038073e-01 3.315227e-02 8.350592e-02 1.034909e-02 3.285517e-03 1.214874e-02 2.567375e-01 1.872396e-02
1.800444e-02 7.025978e-01 4.623989e-02 1.194687e-01 1.334894e-02 -2.905818e-01 3.756258e-02 8.775243e-02 6.783211e-03 2.096473e-03 4.822942e-03 2.854657e-01 2.625423e-02
2.136119e-02 8.807187e-01 2.764835e-02 1.269243e-01 8.065794e-03 -3.840778e-01 2.854708e-02 9.465145e-02 1.715212e-03 2.613137e-03 8.260406e-03 3.490374e-01 3.458865e-02
2.532827e-02 8.524917e-01 1.235328e-01 1.489710e-01 2.187420e-02 -3.554091e-01 5.972105e-02 1.335317e-01 1.335320e-02 -8.223950e-03 1.732524e-02 3.507705e-01 3.251007e-02
1.373220e-02 8.780115e-01 7.209868e-02 1.505620e-01 2.042097e-02 -3.648206e-01 4.979152e-02 1.029573e-01 9.145139e-03 -1.195151e-03 9.954902e-03 2.737538e-01 3.566156e-02
1.403736e-02 7.498566e-01 8.369329e-02 1.256001e-01 2.328924e-02 -3.322622e-01 3.849016e-02 8.659406e-02 9.649279e-03 -2.793146e-03 1.414612e-02 2.691878e-01 2.327766e-02
1.495284e-02 7.568614e-01 5.254903e-02 1.331827e-01 1.341745e-02 -3.292292e-01 1.984926e-02 9.367424e-02 1.067478e-02 5.126984e-03 7.322479e-03 2.905196e-01 1.433479e-02
1.647864e-02 7.346252e-01 6.411143e-02 1.088184e-01 3.342904e-02 -3.082588e-01 3.447427e-02 9.046538e-02 4.909945e-03 8.570926e-03 1.864710e-02 2.813434e-01 2.631725e-02
1.861476e-02 7.065709e-01 7.508698e-02 1.233362e-01 1.958312e-02 -2.707733e-01 2.645356e-02 9.799226e-02 7.947987e-03 1.031248e-02 8.160703e-03 2.760944e-01 2.023910e-02
2.136119e-02 9.248489e-01 1.888157e-01 1.175827e-01 2.804100e-02 -4.540431e-01 8.885853e-02 8.524868e-02 3.995955e-03 -1.779378e-02 1.690386e-02 3.813440e-01 4.552173e-02
2.471795e-02 1.016567e+00 5.840285e-02 1.500421e-01 2.583202e-02 -4.516969e-01 4.022150e-02 1.203866e-01 1.106989e-02 -8.832315e-03 1.855874e-02 4.251915e-01 5.376824e-02
2.868503e-02 7.480165e-01 5.553347e-02 1.226281e-01 1.340871e-02 -3.205821e-01 1.925825e-02 1.363751e-01 1.038617e-02 -4.432367e-03 1.473447e-02 3.979685e-01 1.389412e-02
1.769928e-02 7.339661e-01 7.764189e-02 1.175207e-01 1.846947e-02 -3.052698e-01 3.855554e-02 9.409734e-02 3.044087e-03 5.189073e-03 1.301800e-02 2.571610e-01 2.535977e-02
1.800444e-02 9.689753e-01 8.905670e-02 1.617122e-01 2.582168e-02 -4.403880e-01 4.314963e-02 8.493038e-02 7.339093e-03 -2.847794e-02 1.154858e-02 3.463717e-01 4.558007e-02
1.891992e-02 6.347566e-01 6.268719e-02 1.276435e-01 9.080410e-03 -2.138524e-01 4.197606e-02 1.098193e-01 5.546736e-03 8.930866e-04 1.280413e-02 2.133039e-01 1.387627e-02
2.044572e-02 9.489828e-01 6.588352e-02 1.493315e-01 1.258694e-02 -4.453986e-01 2.698187e-02 1.056885e-01 2.239607e-03 -1.520396e-02 9.369534e-03 3.644608e-01 8.570045e-03
2.258183e-02 9.374391e-01 1.454454e-01 1.612524e-01 2.348965e-02 -4.041798e-01 8.134285e-02 1.184826e-01 1.032733e-02 -1.009083e-02 1.526664e-02 3.702736e-01 3.638465e-02
2.532827e-02 6.922129e-01 4.351108e-02 9.737385e-02 1.361026e-02 -2.937400e-01 3.602092e-02 1.129225e-01 1.100431e-02 7.442201e-03 8.417681e-03 3.126498e-01 2.902025e-02
2.868503e-02 8.473169e-01 1.364823e-01 1.714878e-01 3.745708e-02 -3.537106e-01 5.214994e-02 1.506272e-01 8.233071e-03 -2.829749e-02 1.559212e-02 4.133854e-01 4.716897e-02
3.265211e-02 8.218843e-01 1.090520e-01 1.686525e-01 3.692926e-02 -3.080504e-01 3.782790e-02 2.155978e-01 2.222999e-02 -9.196959e-03 6.462558e-03 4.048070e-01 4.160247e-02
4.882559e-03 1.248097e+00 3.834928e-01 1.617445e-01 4.908839e-02 -6.095634e-01 1.952206e-01 7.302327e-02 6.116731e-03 -1.722869e-02 2.539700e-02 3.946678e-01 9.914629e-02
5.187719e-03 8.049086e-01 6.647617e-02 1.320555e-01 1.357572e-02 -3.631419e-01 3.430805e-02 7.632761e-02 2.591473e-03 8.245818e-04 9.727998e-03 2.536543e-01 2.692746e-02
6.103199e-03 6.926075e-01 7.605211e-02 9.222465e-02 2.123019e-02 -3.249782e-01 4.321733e-02 6.389581e-02 7.883336e-03 1.284385e-02 9.878496e-03 2.438947e-01 3.570751e-02
7.628998e-03 8.916931e-01 2.344698e-01 1.634785e-01 3.815222e-02 -3.628511e-01 1.046504e-01 8.528159e-02 5.963457e-03 -1.233538e-02 1.700912e-02 2.401229e-01 4.567133e-02
9.765118e-03 7.815103e-01 1.137792e-01 1.335565e-01 1.514473e-02 -3.518192e-01 6.095797e-02 8.430769e-02 5.622779e-03 6.758279e-04 6.298081e-03 2.732748e-01 3.665367e-02
1.251156e-02 8.138161e-01 1.841195e-01 9.473273e-02 1.644471e-02 -4.139001e-01 1.138447e-01 7.603406e-02 5.271711e-03 9.270756e-03 9.977007e-03 3.427707e-01 7.173796e-02
1.586832e-02 6.418173e-01 6.204457e-02 1.174754e-01 1.938355e-02 -2.595879e-01 4.616131e-02 9.544034e-02 7.924092e-03 1.036723e-02 1.480299e-02 2.576030e-01 3.208649e-02
1.983540e-02 7.843630e-01 9.588286e-02 1.602257e-01 1.722875e-02 -3.181950e-01 5.956022e-02 1.234581e-01 6.399510e-03 1.151111e-02 6.159693e-03 3.308555e-01 5.305057e-02
5.187719e-03 7.865454e-01 1.961211e-01 1.217052e-01 3.473945e-02 -3.418206e-01 8.914531e-02 6.262960e-02 1.218571e-02 -3.126369e-03 1.046986e-02 2.298660e-01 4.563275e-02
5.492879e-03 8.703061e-01 1.103671e-01 9.032295e-02 3.456896e-02 -4.357511e-01 6.242727e-02 6.949976e-02 1.225431e-02 2.436592e-02 1.107807e-02 3.248667e-01 4.574707e-02
6.408358e-03 7.129454e-01 1.394838e-01 1.178130e-01 2.904426e-02 -3.032917e-01 6.310026e-02 7.069159e-02 6.218487e-03 1.797251e-03 1.305930e-02 2.152916e-01 3.022927e-02
7.934158e-03 7.965654e-01 3.413109e-02 1.161842e-01 1.391807e-02 -3.686379e-01 3.302871e-02 7.176678e-02 7.699012e-03 1.639839e-03 4.556624e-03 2.686015e-01 2.655411e-02
1.007028e-02 1.056750e+00 2.889534e-01 1.477247e-01 2.260092e-02 -4.978281e-01 1.552185e-01 9.830023e-02 8.643793e-03 2.155019e-03 1.134831e-02 3.539470e-01 8.979046e-02
1.281672e-02 7.427868e-01 7.000041e-02 1.296228e-01 2.194234e-02 -2.994381e-01 6.686149e-02 8.702711e-02 6.803911e-03 3.623083e-03 1.219140e-02 2.393764e-01 4.449172e-02
1.617348e-02 8.767018e-01 1.018358e-01 1.447879e-01 1.580173e-02 -3.862552e-01 6.924913e-02 9.961271e-02 6.016568e-03 -3.506602e-03 6.362573e-03 3.079374e-01 4.986912e-02
2.014056e-02 1.100335e+00 1.371979e-01 1.300946e-01 2.585797e-02 -4.673600e-01 6.929523e-02 1.042490e-01 4.807122e-03 1.072896e-03 1.724501e-02 3.631129e-01 4.452893e-02
6.103199e-03 6.036899e-01 1.062872e-01 7.526575e-02 1.979928e-02 -2.755127e-01 4.991238e-02 6.360249e-02 6.778971e-03 1.958401e-02 8.914254e-03 2.073039e-01 2.505777e-02
6.408358e-03 7.896415e-01 1.963196e-01 8.421906e-02 3.184694e-02 -3.867748e-01 9.350146e-02 5.844095e-02 3.840751e-03 1.510681e-02 1.926550e-02 2.834566e-01 4.032264e-02
7.323838e-03 8.196965e-01 2.404484e-01 1.485747e-01 3.828906e-02 -3.454415e-01 1.043698e-01 7.925329e-02 6.219607e-03 -5.115905e-03 1.813901e-02 2.490810e-01 4.737705e-02
8.849638e-03 7.040544e-01 1.714693e-01 1.123881e-01 2.410023e-02 -2.888765e-01 7.176841e-02 8.056532e-02 6.367800e-03 1.749391e-02 8.684938e-03 2.317789e-01 3.522577e-02
1.098576e-02 9.067150e-01 1.475836e-01 1.781366e-01 5.278191e-02 -3.462812e-01 3.444190e-02 1.074677e-01 1.793488e-02 -1.513389e-03 2.000605e-02 2.654712e-01 1.340857e-02
1.373220e-02 6.878598e-01 1.313313e-01 1.081140e-01 2.177111e-02 -2.897323e-01 5.666051e-02 8.296850e-02 8.076495e-03 1.193159e-02 1.050544e-02 2.617801e-01 2.522799e-02
1.708896e-02 8.531096e-01 1.292023e-01 1.425764e-01 2.225258e-02 -3.460074e-01 5.334082e-02 9.750995e-02 4.771169e-03 1.056859e-03 1.223394e-02 2.825612e-01 3.128282e-02
2.105603e-02 1.023405e+00 1.340860e-01 1.426478e-01 4.061274e-02 -4.144642e-01 4.987184e-02 1.038213e-01 1.382376e-02 -2.985188e-03 1.878008e-02 3.386089e-01 1.963083e-02
7.628998e-03 6.592783e-01 1.242591e-01 1.124038e-01 3.498125e-02 -2.781442e-01 3.455755e-02 7.516366e-02 5.818436e-03 7.004866e-03 1.710584e-02 2.072720e-01 1.995835e-02
7.934158e-03 8.417413e-01 2.110971e-01 1.076538e-01 2.133163e-02 -4.123707e-01 1.356042e-01 6.347022e-02 7.903655e-03 -4.021833e-03 1.172166e-02 2.899700e-01 8.003133e-02
8.849638e-03 6.588751e-01 1.276323e-01 8.955761e-02 1.889359e-02 -3.018981e-01 6.938509e-02 6.982472e-02 4.627639e-03 2.006334e-02 8.568637e-03 2.451601e-01 4.593360e-02
1.037544e-02 6.857274e-01 6.817103e-02 7.855474e-02 1.117693e-02 -3.418485e-01 4.271922e-02 6.327642e-02 4.996137e-03 1.156100e-02 4.872826e-03 2.659271e-01 2.819125e-02
1.251156e-02 8.089025e-01 1.146388e-01 1.354379e-01 2.518723e-02 -3.522089e-01 5.906366e-02 8.142319e-02 7.206915e-03 -5.193698e-03 1.424734e-02 2.719918e-01 2.864591e-02
1.525800e-02 7.491804e-01 8.118207e-02 1.056491e-01 1.601578e-02 -3.333638e-01 6.457646e-02 8.447269e-02 8.169606e-03 1.436009e-02 5.311831e-03 2.934249e-01 4.544389e-02
1.861476e-02 8.140720e-01 3.528394e-02 1.090887e-01 2.432965e-02 -3.707219e-01 1.549307e-02 9.455300e-02 4.977528e-03 1.457352e-02 1.687478e-02 3.208071e-01 2.483509e-02
2.258183e-02 8.625840e-01 6.069475e-02 1.422213e-01 1.474377e-02 -3.298813e-01 4.524742e-02 1.147962e-01 8.696089e-03 8.489804e-04 9.185279e-03 3.220169e-01 4.152749e-02
9.765118e-03 8.243133e-01 1.793645e-01 1.337428e-01 3.526217e-02 -3.577351e-01 7.321955e-02 8.532449e-02 1.166907e-02 2.966183e-03 1.397761e-02 2.606767e-01 3.408497e-02
1.007028e-02 9.906002e-01 2.005654e-01 1.158572e-01 1.612151e-02 -4.877449e-01 1.184142e-01 7.637243e-02 7.576468e-03 2.818111e-03 9.000514e-03 3.452379e-01 8.061493e-02
1.098576e-02 7.643166e-01 1.670911e-01 9.065432e-02 2.119100e-02 -3.784510e-01 8.229591e-02 7.397074e-02 1.072725e-02 2.181720e-02 1.361879e-02 3.165161e-01 4.943817e-02
1.251156e-02 7.232706e-01 9.992315e-02 1.289888e-01 8.371892e-03 -2.691408e-01 6.443508e-02 8.375156e-02 4.891361e-03 1.158121e-03 9.331803e-03 2.087551e-01 4.490676e-02
1.464768e-02 8.430073e-01 5.562897e-02 1.067405e-01 2.318022e-02 -3.950077e-01 8.910646e-03 7.971374e-02 1.384661e-03 8.403544e-03 1.554454e-02 3.260065e-01 2.693128e-02
1.739412e-02 7.710407e-01 1.276288e-01 1.234834e-01 2.313626e-02 -3.469128e-01 5.681765e-02 1.022566e-01 1.144533e-02 1.331005e-02 1.838770e-02 3.188265e-01 2.923072e-02
2.075088e-02 8.944046e-01 9.084562e-02 1.358299e-01 2.736195e-02 -4.115661e-01 4.087508e-02 9.483608e-02 1.134292e-02 -1.439504e-02 2.031511e-02 3.452397e-01 2.372969e-02
2.471795e-02 8.343967e-01 1.283420e-01 1.525476e-01 4.601921e-02 -3.228333e-01 4.774176e-02 1.267943e-01 1.908366e-02 -9.006360e-03 1.026962e-02 3.085074e-01 2.598791e-02
1.251156e-02 8.137550e-01 8.480264e-02 1.145241e-01 1.946524e-02 -3.815398e-01 6.938341e-02 7.605789e-02 9.687258e-03 1.692931e-03 4.312801e-03 3.045212e-01 6.268647e-02
1.281672e-02 5.795945e-01 5.742854e-02 9.726361e-02 1.273409e-02 -2.455131e-01 2.719124e-02 7.952749e-02 3.428582e-03 1.949306e-02 9.094263e-03 2.344255e-01 2.069728e-02
1.373220e-02 7.876409e-01 1.388341e-01 9.942739e-02 2.425845e-02 -3.408801e-01 5.805438e-02 6.962198e-02 5.225716e-03 7.852394e-03 1.051045e-02 2.809760e-01 2.819595e-02
1.525800e-02 8.426927e-01 8.756067e-02 1.200031e-01 2.166678e-02 -4.036111e-01 8.146395e-02 8.566455e-02 8.318405e-03 6.999358e-03 8.429749e-03 3.537565e-01 6.572324e-02
1.739412e-02 9.796969e-01 1.001314e-01 1.250627e-01 1.802936e-02 -4.212030e-01 5.429126e-02 8.233538e-02 4.946927e-03 -3.087348e-03 5.588985e-03 3.178270e-01 3.015016e-02
2.014056e-02 1.039443e+00 1.799833e-01 1.629272e-01 1.929697e-02 -4.367170e-01 1.088477e-01 1.035091e-01 7.233837e-03 -6.497131e-03 1.276372e-02 3.547650e-01 6.280001e-02
2.349731e-02 9.114022e-01 1.362012e-01 1.502115e-01 2.724598e-02 -4.010326e-01 7.299670e-02 1.234346e-01 5.737378e-03 -6.366179e-03 2.111928e-02 3.847969e-01 5.820932e-02
2.746439e-02 9.895106e-01 7.481674e-02 1.660963e-01 2.394823e-02 -3.921074e-01 5.771176e-02 1.342291e-01 8.140382e-03 -1.211787e-02 1.643869e-02 4.009806e-01 5.356615e-02
1.586832e-02 7.141440e-01 4.273533e-02 1.024822e-01 1.335788e-02 -3.058445e-01 4.575461e-02 8.085191e-02 8.910934e-03 7.566107e-03 3.822372e-03 2.554945e-01 4.179601e-02
1.617348e-02 8.397217e-01 1.562943e-01 1.648176e-01 3.228910e-02 -3.322800e-01 6.793809e-02 1.003451e-01 1.206031e-02 -1.381259e-02 1.303657e-02 2.720872e-01 3.735280e-02
1.708896e-02 8.516231e-01 1.204270e-01 1.287290e-01 1.863368e-02 -3.812789e-01 6.417662e-02 1.016731e-01 4.732823e-03 7.513242e-04 1.289341e-02 3.042366e-01 4.131208e-02
1.861476e-02 9.716876e-01 9.832744e-02 1.834885e-01 4.218640e-02 -3.519460e-01 5.967356e-02 1.183689e-01 1.211405e-02 -3.677922e-03 1.626158e-02 2.743838e-01 4.126752e-02
2.075088e-02 7.750388e-01 5.318541e-02 1.081327e-01 9.349174e-03 -3.507795e-01 2.874924e-02 9.563702e-02 5.427230e-03 7.437584e-03 4.012531e-03 3.383200e-01 1.904057e-02
2.349731e-02 8.145826e-01 8.660674e-02 1.425401e-01 2.505939e-02 -3.341371e-01 1.787727e-02 1.158257e-01 1.750700e-02 2.481560e-03 5.436403e-03 3.257573e-01 2.025992e-02
2.685407e-02 7.930784e-01 1.105145e-01 1.566674e-01 3.403582e-02 -3.109958e-01 4.263398e-02 1.290974e-01 1.204500e-02 -7.711917e-03 1.653012e-02 3.025780e-01 2.214040e-02
3.082115e-02 8.130980e-01 9.650353e-02 1.288401e-01 5.159359e-02 -3.328320e-01 5.374429e-02 1.416071e-01 2.096611e-02 -3.531461e-03 3.036035e-02 4.161545e-01 2.987302e-02
1.983540e-02 1.033750e+00 1.536365e-01 1.789690e-01 3.559069e-02 -4.077022e-01 6.838373e-02 1.009336e-01 1.270502e-02 -2.476966e-02 8.023336e-03 3.242941e-01 4.445553e-02
2.014056e-02 7.865169e-01 7.375986e-02 1.053663e-01 1.556623e-02 -3.758713e-01 4.466263e-02 9.088087e-02 5.094684e-03 5.409730e-03 7.679675e-03 3.523522e-01 3.528757e-02
2.105603e-02 9.451322e-01 9.249769e-02 1.554396e-01 1.587555e-02 -3.583731e-01 5.351821e-02 1.034047e-01 9.727482e-03 -1.059946e-02 1.440579e-02 2.843648e-01 1.821522e-02
2.258183e-02 7.885667e-01 1.493925e-01 1.411715e-01 3.518347e-02 -3.312103e-01 5.441137e-02 1.038203e-01 5.311262e-03 -3.228344e-02 1.397203e-02 3.159444e-01 3.016144e-02
2.471795e-02 8.043585e-01 5.824569e-02 1.630168e-01 2.480692e-02 -2.896894e-01 2.984884e-02 1.240635e-01 1.474282e-02 -1.298550e-02 1.161700e-02 2.832326e-01 1.274972e-02
2.746439e-02 8.734408e-01 1.419351e-01 1.345536e-01 3.601293e-02 -3.425536e-01 6.829222e-02 1.201341e-01 1.563811e-02 -1.237376e-02 1.080124e-02 4.003179e-01 6.138161e-02
3.082115e-02 9.336278e-01 1.056738e-01 2.002707e-01 2.368262e-02 -3.487199e-01 6.010251e-02 1.690643e-01 1.598685e-02 -3.880847e-02 2.198038e-02 4.263578e-01 1.925482e-02
3.478823e-02 9.618067e-01 7.202039e-02 2.071844e-01 3.290518e-02 -4.000972e-01 4.738804e-02 1.898587e-01 1.378470e-02 -7.388396e-02 2.232666e-02 5.760650e-01 4.403344e-02
7.628998e-03 7.219437e-01 8.963742e-02 1.150388e-01 2.210737e-02 -3.233269e-01 4.939526e-02 6.808148e-02 6.732809e-03 1.925444e-03 7.918947e-03 2.482221e-01 3.093982e-02
7.934158e-03 7.289765e-01 1.128441e-01 1.054144e-01 2.217125e-02 -3.484170e-01 5.649103e-02 6.574637e-02 5.470265e-03 3.236654e-03 1.323359e-02 2.692093e-01 2.837159e-02
8.849638e-03 1.147132e+00 3.442111e-01 1.965688e-01 5.312717e-02 -4.997892e-01 1.686781e-01 8.715094e-02 1.063588e-02 -3.289071e-02 2.503148e-02 3.162159e-01 8.733253e-02
1.037544e-02 5.600544e-01 1.246447e-01 9.793784e-02 1.547296e-02 -2.170408e-01 7.036344e-02 6.827161e-02 2.471360e-03 1.328125e-02 8.548327e-03 1.886972e-01 3.710567e-02
1.251156e-02 6.533264e-01 6.516106e-02 1.050494e-01 1.918388e-02 -2.846542e-01 3.388390e-02 8.132132e-02 7.386686e-03 1.292257e-02 9.714062e-03 2.393907e-01 2.651772e-02
1.525800e-02 6.758499e-01 5.867279e-02 1.406808e-01 2.022491e-02 -2.587320e-01 2.918377e-02 8.609535e-02 1.288827e-02 -1.117504e-02 8.987028e-03 2.226999e-01 1.968299e-02
1.861476e-02 9.488608e-01 1.060428e-01 1.347856e-01 1.843890e-02 -4.073054e-01 3.851149e-02 8.865171e-02 4.187943e-03 -1.353397e-02 7.444013e-03 3.274510e-01 1.521203e-02
2.258183e-02 8.159626e-01 1.010445e-01 1.468480e-01 2.043361e-02 -3.391541e-01 4.011386e-02 1.184382e-01 1.735064e-02 -5.656878e-03 1.468386e-02 3.497230e-01 3.353190e-02
7.934158e-03 5.998504e-01 9.483255e-02 9.409591e-02 1.688038e-02 -2.817234e-01 6.256937e-02 6.573171e-02 3.222441e-03 9.093517e-03 1.493876e-02 2.305719e-01 4.113447e-02
8.239318e-03 1.203563e+00 3.251372e-01 1.830659e-01 5.231545e-02 -5.445820e-01 1.517619e-01 8.302051e-02 8.325500e-03 -2.355704e-02 2.468245e-02 3.547971e-01 7.085537e-02
9.154798e-03 6.172054e-01 1.664361e-01 1.033457e-01 2.261037e-02 -2.693830e-01 7.754208e-02 6.820428e-02 2.550738e-03 1.360266e-02 1.479228e-02 2.249451e-01 3.176687e-02
1.068060e-02 6.630324e-01 8.111729e-02 1.166165e-01 1.962716e-02 -2.705754e-01 3.960110e-02 7.803733e-02 4.997260e-03 3.772066e-03 5.922361e-03 2.118439e-01 2.503879e-02
1.281672e-02 7.663166e-01 1.490281e-01 1.070838e-01 2.514617e-02 -3.443159e-01 7.675728e-02 7.363277e-02 8.026406e-03 9.456400e-03 2.671537e-02 2.835230e-01 1.934532e-02
1.556316e-02 8.658243e-01 1.790170e-01 1.219557e-01 2.918895e-02 -3.857462e-01 8.488380e-02 8.667177e-02 8.600814e-03 8.971571e-04 1.343034e-02 3.127122e-01 3.919022e-02
1.891992e-02 8.477786e-01 5.238574e-02 1.509039e-01 3.465792e-02 -3.345638e-01 3.297964e-02 1.048090e-01 1.124092e-02 -3.581157e-03 1.836508e-02 2.901807e-01 2.039870e-02
2.288699e-02 6.137746e-01 7.206479e-02 1.280143e-01 2.307827e-02 -2.192922e-01 4.208322e-02 1.106039e-01 9.996992e-03 9.944768e-03 9.461430e-03 2.714290e-01 3.172575e-02
8.849638e-03 5.442513e-01 1.280948e-01 1.144442e-01 3.532504e-02 -2.047951e-01 4.998538e-02 6.789291e-02 9.139451e-03 3.482657e-03 1.177424e-02 1.724975e-01 2.196569e-02
9.154798e-03 1.121785e+00 2.761395e-01 1.359329e-01 4.435404e-02 -5.380133e-01 1.321111e-01 7.280693e-02 9.701974e-03 -7.341243e-03 1.872692e-02 3.694872e-01 7.017937e-02
1.007028e-02 5.895547e-01 1.007172e-01 9.114285e-02 2.327237e-02 -2.702669e-01 4.697147e-02 7.472283e-02 5.320748e-03 1.753331e-02 1.156563e-02 2.287315e-01 2.628969e-02
1.159608e-02 9.140328e-01 1.315525e-01 1.039196e-01 2.005629e-02 -4.230349e-01 6.811966e-02 7.123901e-02 6.328623e-03 5.105664e-03 1.401662e-02 3.138223e-01 4.808120e-02
1.373220e-02 7.860278e-01 3.378962e-02 1.047397e-01 2.020401e-02 -3.518706e-01 3.776918e-02 9.347551e-02 8.430051e-03 2.291414e-02 1.443668e-02 2.894843e-01 3.990671e-02
1.647864e-02 8.658389e-01 1.634863e-01 1.187524e-01 2.490134e-02 -3.735286e-01 6.517122e-02 7.866546e-02 7.404775e-03 7.145517e-04 1.391733e-02 2.886096e-01 1.819205e-02
1.983540e-02 9.971782e-01 1.268997e-01 1.831648e-01 3.810847e-02 -4.395783e-01 7.826059e-02 1.027932e-01 1.467721e-02 -3.489165e-02 1.837557e-02 3.387291e-01 5.230672e-02
2.380247e-02 9.030783e-01 1.018950e-01 1.156138e-01 9.432176e-03 -4.007377e-01 6.020903e-02 1.132506e-01 9.586797e-03 1.011942e-02 4.682927e-03 3.737374e-01 4.415540e-02
1.037544e-02 8.990152e-01 1.154953e-01 1.523367e-01 2.295916e-02 -3.990259e-01 6.411260e-02 7.692429e-02 1.035999e-02 -2.408234e-02 1.101321e-02 2.672749e-01 3.887235e-02
1.068060e-02 7.702017e-01 1.293255e-01 1.468611e-01 2.756273e-02 -2.930390e-01 5.343339e-02 8.318652e-02 1.038787e-02 1.653797e-03 7.622665e-03 2.289955e-01 3.391959e-02
1.159608e-02 7.541050e-01 1.428930e-01 1.338550e-01 3.853326e-02 -2.950348e-01 6.053704e-02 8.840612e-02 1.260882e-02 5.563266e-03 1.020340e-02 2.412601e-01 3.799874e-02
1.312188e-02 9.154679e-01 2.158373e-01 1.853650e-01 3.709200e-02 -3.743371e-01 1.175473e-01 9.884759e-02 1.126004e-02 -1.997126e-02 2.665588e-02 2.808750e-01 5.062719e-02
1.525800e-02 7.343352e-01 1.632295e-01 1.183746e-01 2.430335e-02 -3.125611e-01 8.602399e-02 7.455175e-02 1.267897e-02 3.097237e-03 9.346703e-03 2.839076e-01 5.254383e-02
1.800444e-02 7.169880e-01 1.689028e-01 1.199133e-01 3.462179e-02 -2.861045e-01 5.241427e-02 9.856006e-02 5.878712e-03 8.368020e-03 1.291647e-02 2.754203e-01 3.104222e-02
2.136119e-02 8.867252e-01 1.684708e-01 1.397302e-01 2.505621e-02 -4.144270e-01 7.197308e-02 1.097576e-01 7.023309e-03 -3.553104e-03 1.111675e-02 3.797881e-01 3.994430e-02
2.532827e-02 7.507340e-01 4.607493e-02 1.137624e-01 2.291730e-02 -3.014536e-01 2.924213e-02 1.217839e-01 1.031055e-02 -3.924186e-03 1.034293e-02 3.142763e-01 1.861436e-02
1.251156e-02 1.089448e+00 1.372276e-01 1.430240e-01 1.490624e-02 -5.295330e-01 7.900384e-02 7.131763e-02 4.413627e-03 -2.173413e-02 9.340092e-03 3.681776e-01 4.729687e-02
1.281672e-02 9.372660e-01 1.836930e-01 1.450917e-01 1.879155e-02 -4.073422e-01 1.140659e-01 8.486880e-02 6.814276e-03 -5.618505e-03 4.787207e-03 3.043491e-01 7.269554e-02
1.373220e-02 9.073914e-01 9.572236e-02 1.268542e-01 3.066751e-02 -3.897757e-01 4.739082e-02 7.648371e-02 7.465709e-03 -6.476507e-04 1.194379e-02 3.017689e-01 3.394353e-02
1.525800e-02 8.135460e-01 8.831853e-02 1.194349e-01 1.738942e-02 -3.605392e-01 4.751882e-02 9.126934e-02 8.488613e-03 1.175775e-02 5.367056e-03 3.053222e-01 2.673460e-02
1.739412e-02 1.121500e+00 1.603848e-01 1.793194e-01 3.477743e-02 -4.537892e-01 5.666544e-02 1.119005e-01 6.234788e-03 -2.150744e-02 1.015927e-02 3.231060e-01 1.972328e-02
2.014056e-02 7.824326e-01 7.268829e-02 1.331388e-01 3.290058e-02 -2.868497e-01 1.774631e-02 1.031672e-01 1.211833e-02 4.576065e-03 1.065323e-02 2.707414e-01 8.343960e-03
2.349731e-02 8.961266e-01 8.034765e-02 1.714905e-01 2.326171e-02 -3.608711e-01 6.328496e-02 1.367709e-01 1.291689e-02 -9.333482e-03 8.829563e-03 3.447667e-01 4.137497e-02
2.746439e-02 7.270491e-01 1.108244e-01 1.147402e-01 2.812355e-02 -3.001731e-01 5.021455e-02 1.156372e-01 1.067702e-02 -1.999245e-03 6.106081e-03 3.776745e-01 2.629556e-02
1.525800e-02 8.469831e-01 8.744275e-02 1.368876e-01 1.831609e-02 -3.616127e-01 4.269343e-02 9.020014e-02 5.411235e-03 3.944892e-03 8.306195e-03 2.972651e-01 2.197952e-02
1.556316e-02 9.876284e-01 8.345407e-02 1.552451e-01 1.963861e-02 -4.536094e-01 4.980484e-02 9.155669e-02 8.658339e-03 -9.914909e-03 6.592716e-03 3.496473e-01 4.165453e-02
1.647864e-02 1.017636e+00 1.193783e-01 1.629117e-01 2.834079e-02 -4.434877e-01 3.466529e-02 9.008358e-02 1.070985e-02 -2.433246e-02 6.729951e-03 3.211888e-01 1.734705e-02
1.800444e-02 6.462911e-01 3.441581e-02 9.313415e-02 1.308151e-02 -2.819610e-01 1.488980e-02 8.703042e-02 8.003331e-03 7.705415e-03 6.407458e-03 2.683948e-01 1.826744e-02
2.014056e-02 8.042373e-01 5.410715e-02 1.582122e-01 1.962515e-02 -3.480307e-01 3.968611e-02 1.129996e-01 8.958198e-03 -1.036077e-02 1.332313e-02 3.076938e-01 2.936055e-02
2.288699e-02 8.368319e-01 7.914192e-02 1.359611e-01 2.472684e-02 -3.533932e-01 3.594387e-02 1.163406e-01 6.317274e-03 -4.454374e-03 1.122553e-02 3.536738e-01 2.649999e-02
2.624375e-02 7.592161e-01 7.075647e-02 1.415808e-01 1.583235e-02 -3.471801e-01 6.248760e-02 1.182522e-01 1.364341e-02 -2.743841e-02 1.005044e-02 4.103715e-01 4.246006e-02
3.021083e-02 9.111129e-01 1.243276e-01 1.237804e-01 2.289336e-02 -3.707676e-01 7.758304e-02 1.495174e-01 6.275090e-03 1.012379e-04 1.423678e-02 4.169448e-01 6.105119e-02
1.861476e-02 6.810643e-01 7.390926e-02 8.292983e-02 1.927209e-02 -3.085026e-01 6.868876e-02 8.652461e-02 9.465891e-03 1.307149e-02 1.132606e-02 2.959422e-01 4.774999e-02
1.891992e-02 8.219779e-01 1.736351e-01 1.242991e-01 1.840456e-02 -4.097868e-01 1.037519e-01 9.113538e-02 6.970323e-03 -1.772546e-02 1.154469e-02 3.395513e-01 5.971493e-02
1.983540e-02 7.711297e-01 8.801530e-02 1.554909e-01 1.807637e-02 -3.294913e-01 6.861572e-02 1.096217e-01 1.056542e-02 -7.571072e-03 1.608497e-02 3.219587e-01 4.051137e-02
2.136119e-02 9.260060e-01 8.195668e-02 1.265538e-01 1.803926e-02 -3.488272e-01 5.014741e-02 8.510266e-02 8.790842e-03 -1.296146e-03 1.068268e-02 3.258150e-01 3.708909e-02
2.349731e-02 7.574641e-01 5.089678e-02 1.223280e-01 1.960821e-02 -2.927296e-01 3.826066e-02 1.163981e-01 1.027651e-02 6.724139e-03 1.268920e-02 3.053953e-01 3.873590e-02
2.624375e-02 9.592903e-01 1.161060e-01 1.677455e-01 1.807583e-02 -3.615002e-01 9.475101e-02 1.121119e-01 1.136894e-02 -1.132749e-02 1.503236e-02 3.658801e-01 5.999154e-02
2.960051e-02 7.932721e-01 5.992187e-02 1.313705e-01 2.819208e-02 -3.716747e-01 5.336647e-02 1.507723e-01 1.080114e-02 -3.640371e-02 1.163872e-02 4.044479e-01 6.202026e-02
3.356759e-02 1.176153e+00 9.425768e-02 2.459633e-01 3.878261e-02 -4.551889e-01 5.384351e-02 1.947531e-01 1.501961e-02 -5.884823e-02 2.270085e-02 5.263414e-01 7.033447e-02
2.258183e-02 8.474090e-01 1.328263e-01 1.111938e-01 2.474323e-02 -3.514425e-01 5.681934e-02 1.064558e-01 9.010728e-03 1.213936e-02 2.193347e-02 3.528210e-01 3.595733e-02
2.288699e-02 7.523158e-01 1.110881e-01 8.983856e-02 3.165062e-02 -3.182916e-01 5.702360e-02 1.022316e-01 1.446544e-02 1.392445e-02 8.454345e-03 3.359327e-01 3.540945e-02
2.380247e-02 7.782614e-01 8.847648e-02 1.192670e-01 2.683540e-02 -3.787433e-01 4.403888e-02 1.104316e-01 1.327910e-02 -1.349722e-02 1.980058e-02 3.981317e-01 2.121983e-02
2.532827e-02 9.410270e-01 1.299127e-01 1.213832e-01 2.025090e-02 -3.975624e-01 2.587408e-02 1.155017e-01 1.162467e-02 2.638785e-04 7.747332e-03 3.570687e-01 7.273478e-03
2.746439e-02 9.773970e-01 4.679798e-02 1.970024e-01 1.131083e-02 -4.032958e-01 1.861428e-02 1.369539e-01 1.035063e-02 -5.029447e-02 8.993300e-03 3.956863e-01 3.384093e-02
3.021083e-02 6.405512e-01 7.631142e-02 1.228591e-01 1.870018e-02 -2.611220e-01 2.981910e-02 1.675434e-01 9.803109e-03 1.288329e-03 1.414047e-02 3.618954e-01 1.223339e-02
3.356759e-02 8.533294e-01 1.837862e-01 1.281817e-01 3.861443e-02 -3.661394e-01 3.339133e-02 1.897034e-01 1.712516e-02 -2.060580e-02 2.935551e-02 4.688382e-01 1.532556e-02
3.753467e-02 7.600349e-01 8.301173e-02 1.608337e-01 3.297473e-02 -2.863139e-01 2.919206e-02 2.166130e-01 2.548926e-02 -4.055155e-02 1.219562e-02 3.939968e-01 2.026949e-02
1.098576e-02 8.333267e-01 8.937301e-02 1.074435e-01 1.357330e-02 -3.699258e-01 6.272056e-02 6.987121e-02 3.726796e-03 1.538664e-02 9.297693e-03 2.966225e-01 5.590033e-02
1.129092e-02 7.504688e-01 8.467619e-02 1.205190e-01 9.862820e-03 -3.343377e-01 4.697796e-02 6.875903e-02 4.830081e-03 -8.052459e-03 8.394199e-03 2.556374e-01 2.537706e-02
1.220640e-02 7.655653e-01 1.754449e-01 1.463941e-01 2.285494e-02 -3.200679e-01 9.709992e-02 8.046430e-02 6.863001e-03 -1.557343e-02 1.054012e-02 2.435696e-01 5.845568e-02
1.373220e-02 9.797998e-01 7.492638e-02 1.270186e-01 9.085293e-03 -4.619602e-01 4.957846e-02 7.010373e-02 5.168804e-03 -6.542561e-03 4.088028e-03 3.671105e-01 3.394431e-02
1.586832e-02 7.556775e-01 1.505063e-01 1.316112e-01 1.411962e-02 -3.123795e-01 8.048227e-02 9.544877e-02 9.510467e-03 5.490918e-03 1.925010e-02 2.768192e-01 3.098130e-02
1.861476e-02 7.570406e-01 9.793175e-02 1.003556e-01 2.593635e-02 -3.465465e-01 5.223101e-02 9.926691e-02 6.091520e-03 1.043046e-02 8.841799e-03 3.132970e-01 3.473184e-02
2.197151e-02 8.061926e-01 8.327977e-02 1.573610e-01 1.924944e-02 -3.442811e-01 3.894610e-02 1.287602e-01 1.249346e-02 -6.983119e-03 1.677075e-02 3.599144e-01 4.416388e-02
2.593859e-02 9.948207e-01 1.564784e-01 1.494419e-01 4.107355e-02 -4.464808e-01 7.962398e-02 1.194627e-01 9.104906e-03 -2.622974e-02 2.261029e-02 3.901324e-01 4.558854e-02
1.129092e-02 7.084699e-01 1.176303e-01 1.101871e-01 9.356479e-03 -3.019726e-01 6.111303e-02 8.009658e-02 3.629992e-03 3.887712e-03 5.835719e-03 2.238453e-01 3.294844e-02
1.159608e-02 6.339015e-01 8.029907e-02 1.026925e-01 2.069527e-02 -2.572998e-01 4.747030e-02 6.845972e-02 8.513762e-03 2.673941e-03 9.271813e-03 2.074069e-01 3.167966e-02
1.251156e-02 7.699310e-01 6.298125e-02 1.360008e-01 1.195099e-02 -3.045460e-01 2.122505e-02 8.256272e-02 4.337492e-03 2.646099e-03 6.593730e-03 2.301956e-01 1.011979e-02
1.403736e-02 7.274406e-01 1.337659e-01 1.254932e-01 2.168797e-02 -3.131355e-01 6.586601e-02 8.871191e-02 4.750222e-03 -1.606863e-04 1.937057e-02 2.491620e-01 2.549191e-02
1.617348e-02 8.053174e-01 1.807651e-01 1.416240e-01 1.635735e-02 -3.492760e-01 9.594173e-02 9.022937e-02 3.667716e-03 -1.529336e-02 1.118610e-02 2.895774e-01 4.350690e-02
1.891992e-02 9.384259e-01 8.021346e-02 1.575857e-01 2.534260e-02 -3.810827e-01 2.907020e-02 1.032187e-01 9.373508e-03 -1.754979e-02 5.112146e-03 3.272197e-01 2.084891e-02
2.227667e-02 6.970100e-01 5.822137e-02 9.793663e-02 1.130949e-02 -2.783889e-01 1.849682e-02 9.822841e-02 1.162945e-02 3.972492e-03 1.163831e-02 2.975052e-01 3.279330e-02
2.624375e-02 8.656876e-01 1.405029e-01 1.443612e-01 3.530551e-02 -3.890425e-01 1.007863e-01 1.303579e-01 1.473402e-02 -2.667385e-02 3.016359e-02 3.499740e-01 6.354702e-02
1.220640e-02 1.089230e+00 1.522831e-01 1.646474e-01 1.754108e-02 -4.764568e-01 8.559037e-02 8.268947e-02 7.357917e-03 -1.001540e-02 1.151151e-02 3.333269e-01 5.233318e-02
1.251156e-02 7.476922e-01 4.981201e-02 1.128867e-01 2.075385e-02 -3.383624e-01 2.588281e-02 8.028450e-02 7.722656e-03 5.209108e-03 8.047452e-03 2.813723e-01 1.512456e-02
1.342704e-02 1.079017e+00 1.820976e-01 1.473815e-01 3.015622e-02 -4.877759e-01 9.841343e-02 8.316069e-02 5.047879e-03 -1.121220e-02 1.968931e-02 3.477443e-01 4.195247e-02
1.495284e-02 8.624218e-01 1.727198e-01 1.273918e-01 2.884706e-02 -4.010823e-01 1.031051e-01 7.775439e-02 1.075351e-02 -9.190088e-03 1.277404e-02 3.189038e-01 6.477743e-02
1.708896e-02 7.926331e-01 1.185304e-01 1.214247e-01 2.390200e-02 -3.441426e-01 7.791761e-02 8.300795e-02 4.976452e-03 4.669704e-03 1.984320e-02 2.992399e-01 3.966180e-02
1.983540e-02 8.698016e-01 1.452329e-01 1.263920e-01 2.834958e-02 -3.941316e-01 8.019529e-02 9.440373e-02 9.550273e-03 -5.409635e-03 1.157706e-02 3.487663e-01 4.771491e-02
2.319215e-02 7.740103e-01 7.226120e-02 1.061434e-01 1.300362e-02 -3.487367e-01 4.254609e-02 1.057071e-01 8.749495e-03 9.708115e-03 1.899198e-02 3.851012e-01 4.169154e-02
2.715923e-02 8.467224e-01 1.631674e-01 1.686878e-01 2.854304e-02 -3.173336e-01 8.128784e-02 1.433631e-01 1.118097e-02 -9.173071e-03 9.505684e-03 3.536172e-01 5.558094e-02
1.373220e-02 5.835238e-01 5.904562e-02 8.496570e-02 1.568184e-02 -2.345853e-01 2.774151e-02 8.727490e-02 7.416230e-03 3.287058e-02 6.946587e-03 2.341117e-01 2.375176e-02
1.403736e-02 8.919643e-01 1.443497e-01 1.552325e-01 3.099948e-02 -3.685561e-01 5.933633e-02 9.788704e-02 1.302305e-02 -1.903623e-03 1.079509e-02 2.861749e-01 2.563356e-02
1.495284e-02 8.282358e-01 7.060945e-02 1.302269e-01 2.428549e-02 -3.293590e-01 3.554517e-02 8.476701e-02 6.782498e-03 4.538959e-03 9.039169e-03 2.651193e-01 2.874340e-02
1.647864e-02 9.615600e-01 2.322425e-01 1.354060e-01 5.489968e-02 -4.184734e-01 7.171736e-02 8.952780e-02 1.697930e-02 7.849700e-03 1.507268e-02 3.502617e-01 3.187172e-02
1.861476e-02 1.044209e+00 1.221433e-01 1.833341e-01 2.680234e-02 -3.834698e-01 5.900738e-02 1.125104e-01 7.460530e-03 -1.711873e-02 1.656803e-02 2.776189e-01 3.159358e-02
2.136119e-02 8.359632e-01 8.003574e-02 1.450308e-01 1.977110e-02 -3.414834e-01 5.863031e-02 1.068529e-01 5.816485e-03 4.816367e-03 9.712069e-03 3.424323e-01 5.209753e-02
2.471795e-02 9.653715e-01 1.695786e-01 1.445136e-01 2.757395e-02 -4.348306e-01 8.122829e-02 1.057115e-01 9.164108e-03 -1.519462e-02 1.548751e-02 3.987352e-01 4.926428e-02
2.868503e-02 9.094021e-01 1.107291e-01 1.300071e-01 4.568415e-02 -3.455030e-01 4.815010e-02 1.319301e-01 1.581016e-02 -4.933405e-03 2.739015e-02 3.816795e-01 2.340485e-02
1.586832e-02 9.410145e-01 1.782122e-01 1.467195e-01 5.960304e-02 -4.255234e-01 6.694584e-02 8.715448e-02 1.833548e-02 -1.961446e-02 1.832393e-02 3.305141e-01 3.863666e-02
1.617348e-02 6.066781e-01 6.079211e-02 8.249640e-02 1.252924e-02 -2.644694e-01 2.538843e-02 8.518947e-02 9.769732e-03 2.642888e-02 8.060940e-03 2.513473e-01 1.879390e-02
1.708896e-02 1.122570e+00 2.204379e-01 2.053542e-01 4.076054e-02 -4.822196e-01 1.116637e-01 1.106273e-01 5.062786e-03 -3.442520e-02 2.127472e-02 3.482436e-01 5.460935e-02
1.861476e-02 8.387509e-01 8.369279e-02 1.056016e-01 1.462277e-02 -3.917266e-01 5.574681e-02 1.041416e-01 5.461391e-03 2.490964e-02 9.625622e-03 3.555102e-01 3.450933e-02
2.075088e-02 8.836499e-01 7.655528e-02 1.572454e-01 3.003466e-02 -3.715375e-01 2.227981e-02 1.140290e-01 1.197998e-02 9.180414e-03 9.260110e-03 3.574438e-01 1.633224e-02
2.349731e-02 7.179281e-01 6.346281e-02 1.169822e-01 1.680708e-02 -2.647968e-01 3.583318e-02 9.665768e-02 4.396160e-03 -6.630774e-03 1.324034e-02 2.782987e-01 1.762847e-02
2.685407e-02 8.967510e-01 3.838572e-02 1.315480e-01 1.681426e-02 -3.671086e-01 1.444809e-02 1.204693e-01 6.159453e-03 -1.419517e-02 8.015589e-03 3.727998e-01 1.218417e-02
3.082115e-02 9.134754e-01 7.219305e-02 1.612361e-01 1.908813e-02 -3.557104e-01 6.141168e-02 1.661127e-01 1.487868e-02 -4.084515e-02 7.750429e-03 3.663143e-01 4.654470e-02
1.861476e-02 8.324322e-01 1.143333e-01 1.376412e-01 1.313745e-02 -3.152825e-01 7.712632e-02 1.004526e-01 8.071968e-03 4.633183e-03 1.492315e-02 2.728740e-01 3.006193e-02
1.891992e-02 8.389162e-01 8.026483e-02 1.771698e-01 1.153526e-02 -3.308881e-01 4.335119e-02 1.093425e-01 1.219792e-02 -2.804640e-02 7.236503e-03 2.899185e-01 3.245046e-02
1.983540e-02 5.743222e-01 4.763805e-02 8.948251e-02 1.241700e-02 -2.179660e-01 2.251664e-02 9.629195e-02 1.127376e-02 1.064726e-02 8.175461e-03 2.347454e-01 3.202467e-02
2.136119e-02 9.169289e-01 1.266416e-01 1.546812e-01 2.816260e-02 -4.137887e-01 3.539737e-02 1.137360e-01 1.159042e-02 -1.261659e-02 6.750164e-03 3.560937e-01 2.051474e-02
2.349731e-02 9.451931e-01 9.681453e-02 1.738465e-01 1.654150e-02 -4.046274e-01 3.512054e-02 1.268622e-01 9.020456e-03 -1.427682e-02 1.084221e-02 3.872934e-01 2.536558e-02
2.624375e-02 7.782488e-01 8.789552e-02 1.327726e-01 1.970086e-02 -3.510017e-01 4.666411e-02 1.050445e-01 3.329873e-03 -2.568886e-03 1.692696e-02 3.965614e-01 2.833744e-02
2.960051e-02 8.110417e-01 8.310465e-02 1.516051e-01 2.685010e-02 -3.536257e-01 6.602767e-02 1.822753e-01 1.301026e-02 1.187714e-02 9.294151e-03 4.629985e-01 5.936055e-02
3.356759e-02 8.297584e-01 4.805915e-02 1.230799e-01 1.284054e-02 -2.936937e-01 4.912065e-02 1.487351e-01 1.164392e-02 -1.669686e-02 1.075098e-02 4.184843e-01 3.290366e-02
2.197151e-02 9.057931e-01 1.194727e-01 1.325921e-01 3.048811e-02 -3.512626e-01 4.236145e-02 1.036058e-01 1.318072e-02 -8.958566e-03 1.523944e-02 2.994850e-01 1.297745e-02
2.227667e-02 7.521714e-01 6.617663e-02 9.331137e-02 1.392911e-02 -3.281157e-01 4.338221e-02 8.949547e-02 8.035563e-03 9.629689e-03 1.202126e-02 3.002113e-01 1.645185e-02
2.319215e-02 9.593247e-01 2.496347e-02 1.574850e-01 2.128714e-02 -3.581972e-01 2.753918e-02 1.320813e-01 1.539263e-02 1.044298e-02 1.151281e-02 3.317266e-01 1.885341e-02
2.471795e-02 8.909254e-01 8.852255e-02 1.646064e-01 2.363628e-02 -3.413401e-01 5.372606e-02 1.048134e-01 8.586286e-03 -1.483785e-02 1.084632e-02 3.410962e-01 3.460430e-02
2.685407e-02 9.128338e-01 1.185967e-01 1.606598e-01 2.303102e-02 -3.616240e-01 6.426599e-02 1.312508e-01 5.956685e-03 -1.208468e-02 9.955391e-03 3.768029e-01 5.545468e-02
2.960051e-02 8.318712e-01 1.039263e-01 1.450484e-01 1.554196e-02 -3.724207e-01 5.276141e-02 1.453802e-01 1.844164e-02 -1.708200e-02 1.559284e-02 4.436912e-01 3.460646e-02
3.295727e-02 8.028580e-01 1.113648e-01 1.862321e-01 2.099449e-02 -2.865629e-01 6.856118e-02 1.620779e-01 1.508339e-02 -1.836247e-02 1.392334e-02 3.804869e-01 3.167221e-02
3.692435e-02 9.225738e-01 1.037165e-01 1.679837e-01 4.670291e-02 -3.726830e-01 5.110823e-02 1.960221e-01 9.595565e-03 -4.700701e-02 3.846712e-02 5.277265e-01 3.252738e-02
2.593859e-02 7.401268e-01 6.632353e-02 8.749582e-02 1.153284e-02 -3.185639e-01 4.332025e-02 9.906720e-02 8.367187e-03 -6.143853e-03 8.640919e-03 3.308320e-01 3.917771e-02
2.624375e-02 9.260386e-01 3.606204e-02 1.598962e-01 1.678943e-02 -4.145128e-01 5.440321e-02 1.393099e-01 1.102376e-02 -8.165298e-03 1.638979e-02 4.145646e-01 3.387286e-02
2.715923e-02 8.824406e-01 1.257666e-01 1.400459e-01 3.215783e-02 -3.764897e-01 6.058500e-02 1.199120e-01 1.546490e-02 -1.757534e-02 9.461317e-03 3.935973e-01 4.604167e-02
2.868503e-02 6.861653e-01 6.734253e-02 1.223295e-01 2.064340e-02 -2.604681e-01 2.856459e-02 1.394678e-01 1.563812e-02 1.207958e-03 1.859623e-02 3.701992e-01 1.168412e-02
3.082115e-02 9.712809e-01 1.174404e-01 1.820729e-01 1.846554e-02 -3.685341e-01 7.831850e-02 1.527133e-01 9.330452e-03 -2.283469e-02 1.691634e-02 4.240349e-01 5.937659e-02
3.356759e-02 8.224286e-01 6.880810e-02 1.642521e-01 2.989722e-02 -3.305959e-01 3.190988e-02 1.655469e-01 1.376773e-02 -2.662648e-02 3.296409e-02 4.215018e-01 2.996561e-02
3.692435e-02 7.721061e-01 8.097962e-02 1.778457e-01 3.970504e-02 -3.315844e-01 7.613571e-02 2.294462e-01 8.760352e-03 -2.057787e-02 2.982245e-02 5.207560e-01 6.612456e-02
4.089143e-02 8.605264e-01 7.242009e-02 1.896817e-01 3.790641e-02 -3.516675e-01 5.622755e-02 2.413594e-01 3.076014e-02 -1.128723e-01 3.245630e-02 5.501373e-01 4.313702e-02
1.495284e-02 1.037431e+00 2.067956e-01 1.475417e-01 2.851042e-02 -4.745118e-01 1.320086e-01 8.172881e-02 1.275492e-02 -1.673837e-02 1.666807e-02 3.435137e-01 8.343878e-02
1.525800e-02 9.215306e-01 1.013258e-01 1.166735e-01 2.043109e-02 -4.457874e-01 4.337316e-02 8.177174e-02 8.646180e-03 4.725419e-03 1.317962e-02 3.721659e-01 3.113874e-02
1.617348e-02 1.035460e+00 1.799144e-01 1.637432e-01 2.315860e-02 -4.913654e-01 8.749266e-02 8.934433e-02 8.727254e-03 -2.804349e-02 1.590273e-02 3.632951e-01 4.407145e-02
1.769928e-02 6.383942e-01 5.472050e-02 7.512902e-02 1.738066e-02 -3.031520e-01 2.280345e-02 8.015778e-02 1.014787e-02 2.844316e-02 1.012504e-02 3.034511e-01 1.082055e-02
1.983540e-02 8.240019e-01 1.584280e-01 1.048531e-01 2.653077e-02 -3.862930e-01 8.448117e-02 8.819082e-02 5.961105e-03 9.366986e-03 1.038843e-02 3.344677e-01 5.097213e-02
2.258183e-02 8.579169e-01 5.299244e-02 1.294105e-01 1.065948e-02 -3.633038e-01 3.534811e-02 1.046653e-01 5.709834e-03 -7.202527e-03 1.510365e-02 3.469587e-01 2.412318e-02
2.593859e-02 7.425023e-01 9.882771e-02 1.143749e-01 1.118939e-02 -2.949345e-01 6.168289e-02 1.050797e-01 8.398797e-03 -1.547946e-02 1.059961e-02 3.441779e-01 2.600467e-02
2.990567e-02 1.001922e+00 1.170875e-01 1.798501e-01 3.112550e-02 -4.817750e-01 6.667013e-02 1.649775e-01 8.524197e-03 -2.961742e-02 2.629437e-02 4.984389e-01 4.085992e-02
1.525800e-02 9.102467e-01 1.020557e-01 1.141398e-01 1.804726e-02 -4.087751e-01 7.084660e-02 8.514880e-02 8.292198e-03 3.534883e-03 1.056987e-02 3.214328e-01 4.654927e-02
1.556316e-02 7.907802e-01 8.444354e-02 1.295277e-01 2.594030e-02 -3.766950e-01 3.654988e-02 9.206907e-02 6.637252e-03 -1.229835e-03 1.385685e-02 3.259399e-01 1.674397e-02
1.647864e-02 6.560204e-01 8.298119e-02 1.112043e-01 2.794805e-02 -2.794717e-01 2.689521e-02 8.578094e-02 1.122621e-02 1.612517e-03 1.204391e-02 2.507567e-01 1.864443e-02
1.800444e-02 8.642880e-01 1.502305e-01 1.306919e-01 2.271653e-02 -3.776535e-01 9.646858e-02 8.892634e-02 6.053480e-03 -8.836744e-03 1.514945e-02 3.138453e-01 5.680830e-02
2.014056e-02 7.482160e-01 1.550214e-01 1.302636e-01 4.701630e-02 -2.705607e-01 4.861198e-02 9.746142e-02 1.907905e-02 1.479856e-02 1.297310e-02 2.631415e-01 2.068219e-02
2.288699e-02 9.189221e-01 1.055339e-01 1.622448e-01 2.135200e-02 -3.943166e-01 6.667428e-02 1.082293e-01 1.250703e-02 -3.651557e-02 1.304827e-02 3.437879e-01 5.218404e-02
2.624375e-02 8.412665e-01 9.197983e-02 1.371732e-01 1.794159e-02 -3.774348e-01 5.324223e-02 1.305247e-01 1.321686e-02 -6.337150e-03 1.332775e-02 3.739122e-01 4.096089e-02
3.021083e-02 8.558295e-01 9.470767e-02 1.373367e-01 1.811721e-02 -3.726649e-01 2.202735e-02 1.527417e-01 4.336510e-03 -1.242221e-02 1.107769e-02 4.876850e-01 5.289208e-02
1.617348e-02 8.589907e-01 9.694552e-02 1.669722e-01 1.834256e-02 -3.449568e-01 5.238898e-02 1.041554e-01 5.900211e-03 -8.736388e-03 1.326471e-02 2.798643e-01 3.294438e-02
1.647864e-02 9.276698e-01 2.154478e-01 1.138848e-01 1.448128e-02 -4.693716e-01 1.308410e-01 8.389068e-02 1.001574e-02 3.463957e-03 1.637517e-02 3.832473e-01 6.863139e-02
1.739412e-02 7.275600e-01 6.391690e-02 1.230084e-01 1.615058e-02 -3.194615e-01 1.813744e-02 8.749910e-02 7.704452e-03 -3.658778e-03 1.218473e-02 2.707921e-01 9.456133e-03
1.891992e-02 7.318264e-01 1.279905e-01 1.120267e-01 2.538307e-02 -3.171941e-01 6.115232e-02 9.068169e-02 1.101054e-02 1.435013e-03 3.570900e-03 2.923095e-01 3.926337e-02
2.105603e-02 8.667321e-01 1.545306e-01 1.794209e-01 4.266165e-02 -3.254378e-01 4.674164e-02 1.182073e-01 1.897506e-02 -1.035001e-02 1.049247e-02 3.008437e-01 1.767351e-02
2.380247e-02 7.455680e-01 8.213316e-02 1.208860e-01 2.105467e-02 -2.847263e-01 2.511487e-02 1.129534e-01 6.029575e-03 6.038509e-03 1.294840e-02 2.757089e-01 2.106875e-02
2.715923e-02 8.104575e-01 1.084106e-01 1.340675e-01 3.756711e-02 -3.598463e-01 6.169596e-02 1.283622e-01 3.691794e-03 -1.907066e-02 1.878997e-02 4.044015e-01 3.561250e-02
3.112631e-02 1.090096e+00 2.421971e-01 2.208904e-01 4.775210e-02 -3.760360e-01 1.060138e-01 1.786073e-01 1.077471e-02 -2.597377e-02 2.379478e-02 3.989939e-01 4.975661e-02
1.769928e-02 7.283110e-01 1.349655e-01 1.140689e-01 2.921283e-02 -3.130057e-01 7.032259e-02 1.112259e-01 1.009507e-02 1.196183e-02 1.597763e-02 2.942446e-01 3.655094e-02
1.800444e-02 8.358284e-01 1.171811e-01 1.076201e-01 1.181315e-02 -3.660080e-01 5.486565e-02 7.887550e-02 3.505847e-03 7.331316e-03 9.230622e-03 3.168884e-01 1.791291e-02
1.891992e-02 8.456556e-01 1.280695e-01 1.579674e-01 2.958293e-02 -3.244687e-01 6.924489e-02 1.101331e-01 1.275442e-02 -3.704632e-03 2.115029e-02 2.898413e-01 2.872104e-02
2.044572e-02 9.718717e-01 1.047101e-01 1.787998e-01 2.777347e-02 -3.761030e-01 4.089598e-02 1.054258e-01 4.221856e-03 -2.675464e-02 1.229475e-02 3.040733e-01 2.619627e-02
2.258183e-02 8.225627e-01 7.933210e-02 1.162838e-01 2.533353e-02 -3.816291e-01 5.734876e-02 1.114712e-01 1.341002e-02 2.110863e-02 1.160439e-02 3.779250e-01 4.958382e-02
2.532827e-02 7.417921e-01 4.289794e-02 1.262806e-01 1.975614e-02 -2.966130e-01 7.600009e-03 1.195855e-01 9.527440e-03 5.250343e-03 9.777955e-03 3.111388e-01 6.780699e-03
2.868503e-02 7.418787e-01 9.718174e-02 1.570134e-01 2.599606e-02 -3.351770e-01 3.999429e-02 1.369867e-01 8.252831e-03 -3.665357e-02 1.622357e-02 3.675331e-01 3.172472e-02
3.265211e-02 8.350602e-01 1.164504e-01 1.505804e-01 3.166685e-02 -2.880716e-01 5.208357e-02 1.532199e-01 1.699670e-02 -2.263124e-02 6.222529e-03 3.807183e-01 4.919072e-02
1.983540e-02 8.410884e-01 9.206158e-02 1.532876e-01 3.257545e-02 -2.776478e-01 4.185183e-02 1.031896e-01 7.847869e-03 3.673261e-03 1.379725e-02 2.565889e-01 2.564757e-02
2.014056e-02 8.264829e-01 1.410846e-01 1.301056e-01 2.262095e-02 -3.286796e-01 8.648041e-02 1.010695e-01 1.036519e-02 3.029996e-03 8.473780e-03 2.956195e-01 6.470715e-02
2.105603e-02 8.233226e-01 1.203028e-01 1.307173e-01 2.697860e-02 -3.534028e-01 6.365980e-02 8.989508e-02 9.145336e-03 -1.237355e-02 1.456232e-02 3.101283e-01 2.864315e-02
2.258183e-02 1.010865e+00 7.292299e-02 1.851942e-01 1.235075e-02 -4.001332e-01 4.030778e-02 1.154271e-01 1.397336e-02 -2.313890e-02 8.926103e-03 3.283548e-01 2.298908e-02
2.471795e-02 6.839660e-01 3.977123e-02 1.261030e-01 1.167641e-02 -2.681289e-01 1.859659e-02 1.379138e-01 1.045803e-02 4.567013e-03 1.885441e-02 3.195528e-01 2.703241e-02
2.746439e-02 7.530099e-01 5.220814e-02 9.107374e-02 4.819216e-03 -2.956492e-01 9.673257e-03 1.155298e-01 5.855335e-03 1.534513e-02 9.930876e-03 3.357395e-01 1.091066e-02
3.082115e-02 9.179226e-01 7.858531e-02 1.274261e-01 1.964713e-02 -3.762469e-01 4.250346e-02 1.372161e-01 1.555146e-02 -1.927113e-02 1.510624e-02 4.596910e-01 3.361388e-02
3.478823e-02 9.126359e-01 8.555764e-02 1.467527e-01 2.577328e-02 -4.127519e-01 6.065255e-02 1.883136e-01 2.076521e-02 -2.110407e-03 1.437074e-02 5.845883e-01 5.341857e-02
2.258183e-02 9.698288e-01 1.817625e-01 1.667578e-01 1.876708e-02 -4.046186e-01 9.850241e-02 1.123031e-01 8.162652e-03 -1.918058e-02 4.601471e-03 3.552784e-01 6.270080e-02
2.288699e-02 8.284602e-01 1.593854e-01 1.144040e-01 1.480452e-02 -3.670194e-01 9.658036e-02 1.165299e-01 1.151111e-02 1.230976e-02 1.501491e-02 3.716830e-01 5.556597e-02
2.380247e-02 8.445089e-01 5.205250e-02 1.601074e-01 1.825242e-02 -3.716059e-01 4.217673e-02 1.202055e-01 1.446774e-02 -1.341703e-02 9.094650e-03 3.781637e-01 2.601060e-02
2.532827e-02 8.953782e-01 1.221783e-01 1.116031e-01 2.795646e-02 -4.181753e-01 5.680502e-02 9.791843e-02 9.858589e-03 9.122501e-03 2.539084e-02 4.248685e-01 2.716620e-02
2.746439e-02 9.052846e-01 8.103064e-02 1.426061e-01 1.332067e-02 -3.988684e-01 3.963111e-02 1.166601e-01 5.280347e-03 -1.260465e-02 6.385188e-03 4.060878e-01 2.624820e-02
3.021083e-02 9.053243e-01 1.014491e-01 1.643912e-01 2.398083e-02 -2.857497e-01 4.783780e-02 1.428070e-01 1.317328e-02 -8.495026e-03 1.395140e-02 3.741519e-01 3.273755e-02
3.356759e-02 7.883381e-01 9.795734e-02 1.367159e-01 2.777592e-02 -3.307769e-01 5.248519e-02 1.479459e-01 5.416630e-03 -2.656518e-02 2.234009e-02 4.468246e-01 2.920728e-02
3.753467e-02 7.552195e-01 4.651202e-02 1.551931e-01 3.486762e-02 -3.241674e-01 3.981357e-02 1.964798e-01 5.227151e-03 -6.282382e-02 1.475150e-02 5.046324e-01 2.793135e-02
2.593859e-02 6.858836e-01 1.050567e-01 9.629642e-02 1.973123e-02 -2.784564e-01 4.718254e-02 1.013229e-01 6.411376e-03 -5.967239e-03 1.652126e-02 2.843810e-01 2.606278e-02
2.624375e-02 8.047896e-01 9.214229e-02 1.390085e-01 2.694052e-02 -3.820037e-01 4.871479e-02 1.411603e-01 1.774590e-02 -4.971015e-03 7.887074e-03 3.938974e-01 4.065222e-02
2.715923e-02 8.920049e-01 1.536912e-01 1.437321e-01 2.996788e-02 -3.818008e-01 9.445467e-02 1.375803e-01 1.094207e-02 -1.722677e-03 1.168934e-02 3.931511e-01 6.358877e-02
2.868503e-02 7.883670e-01 5.058867e-02 1.355615e-01 2.786287e-02 -3.445405e-01 3.650162e-02 1.392393e-01 2.395494e-02 -1.483935e-02 1.848819e-02 3.931692e-01 3.780219e-02
3.082115e-02 8.284570e-01 7.901038e-02 1.258641e-01 1.974897e-02 -3.650248e-01 2.819376e-02 1.415549e-01 1.199770e-02 7.198021e-03 3.007697e-02 4.501374e-01 2.724387e-02
3.356759e-02 9.760085e-01 1.089152e-01 1.620162e-01 2.516473e-02 -4.251692e-01 9.021712e-02 1.757213e-01 1.319310e-02 -2.717864e-02 2.403959e-02 4.260861e-01 5.660520e-02
3.692435e-02 8.281490e-01 1.373716e-01 1.624381e-01 3.469295e-02 -3.238264e-01 7.510395e-02 2.218176e-01 1.914831e-02 -2.223018e-02 2.673383e-02 4.714434e-01 4.701040e-02
4.089143e-02 1.007017e+00 9.093943e-02 1.862687e-01 3.632456e-02 -4.132105e-01 6.613468e-02 2.330209e-01 2.072887e-02 -5.347112e-02 2.518055e-02 6.058771e-01 4.952432e-02
2.990567e-02 7.100277e-01 5.676383e-02 1.372762e-01 2.412676e-02 -2.776441e-01 2.340069e-02 1.628597e-01 1.985037e-02 6.031352e-03 7.990687e-03 3.825831e-01 3.292932e-02
3.021083e-02 8.221396e-01 3.935836e-02 1.525094e-01 2.347162e-02 -3.390792e-01 3.441936e-02 1.590319e-01 1.420662e-02 -2.163777e-02 9.507274e-03 4.006208e-01 4.621310e-02
3.112631e-02 8.380717e-01 9.381947e-02 1.136506e-01 2.796012e-02 -4.091560e-01 8.651325e-02 1.656872e-01 1.739550e-02 6.669108e-03 1.099807e-02 4.854911e-01 6.549626e-02
3.265211e-02 7.493782e-01 8.032857e-02 1.900573e-01 3.548538e-02 -3.150596e-01 5.363082e-02 1.855321e-01 2.132689e-02 -4.821414e-02 2.233044e-02 4.226234e-01 5.152343e-02
3.478823e-02 8.531862e-01 1.226617e-01 1.132803e-01 1.635776e-02 -4.057216e-01 7.107502e-02 1.743421e-01 1.029837e-02 -1.966979e-02 1.262635e-02 5.149848e-01 4.374390e-02
3.753467e-02 7.487032e-01 7.435919e-02 1.306408e-01 2.070107e-02 -3.000020e-01 4.112482e-02 1.852076e-01 5.416993e-03 -4.306297e-02 9.505078e-03 4.975145e-01 2.894027e-02
4.089143e-02 8.218740e-01 5.618444e-02 1.276397e-01 2.036551e-02 -2.910006e-01 2.325953e-02 2.407596e-01 1.746430e-02 -3.579855e-02 4.280408e-02 4.681397e-01 3.398040e-02
4.485851e-02 8.878506e-01 1.362780e-01 1.417284e-01 4.040033e-02 -3.470799e-01 8.733975e-02 2.670282e-01 3.434687e-02 -1.008699e-01 2.570888e-02 5.743221e-01 5.511454e-02
