# k^2  LiLi LiLi_error  LiCl LiCl_error  LiNa LiNa_error  ClCl ClCl_error  ClNa ClNa_error  NaNa NaNa_error
0.000000e+00 3.200000e+02 0.000000e+00 1.011929e+03 0.000000e+00 9.600000e+02 0.000000e+00 3.200000e+03 0.000000e+00 3.035787e+03 0.000000e+00 2.880000e+03 0.000000e+00
2.969592e-04 5.244937e-01 2.399539e-01 4.773307e-02 2.259779e-02 -1.237095e-01 5.779889e-02 5.618144e-02 3.652898e-03 4.319478e-02 7.442050e-03 8.760835e-02 1.194463e-02
1.187837e-03 8.331059e-01 1.181346e-01 7.506432e-02 9.628231e-03 -2.026514e-01 3.429363e-02 6.296546e-02 1.636183e-03 4.013866e-02 2.155645e-03 1.142691e-01 1.152354e-02
2.672633e-03 8.890550e-01 1.340274e-01 7.895340e-02 1.018391e-02 -2.066826e-01 3.371500e-02 6.076786e-02 2.694102e-03 3.696622e-02 3.298613e-03 1.149228e-01 1.211423e-02
4.751347e-03 9.538406e-01 1.787183e-01 8.024135e-02 1.529323e-02 -2.282643e-01 4.574579e-02 6.062320e-02 1.095993e-03 3.372480e-02 4.692530e-03 1.272103e-01 1.273732e-02
7.423980e-03 8.398148e-01 6.021533e-02 6.448021e-02 1.484267e-02 -1.947299e-01 1.178564e-02 6.232737e-02 1.911685e-03 4.071042e-02 3.847994e-03 1.274196e-01 4.941316e-03
1.069053e-02 1.003413e+00 4.561822e-02 9.196920e-02 9.515681e-03 -2.337409e-01 1.667417e-02 7.473998e-02 1.932149e-03 3.551138e-02 3.651775e-03 1.486628e-01 4.665780e-03
1.455100e-02 8.425781e-01 4.574004e-02 6.966497e-02 7.073735e-03 -1.853736e-01 1.385361e-02 7.698127e-02 2.017334e-03 3.948248e-02 3.459308e-03 1.487123e-01 7.610276e-03
2.969592e-04 9.498213e-01 3.322777e-01 4.909302e-02 1.169815e-02 -2.675928e-01 1.069440e-01 5.621186e-02 4.218177e-03 4.333183e-02 5.484568e-03 1.374347e-01 3.506789e-02
5.939184e-04 1.021789e+00 2.308448e-01 5.558555e-02 1.776158e-02 -2.832006e-01 6.611910e-02 5.796690e-02 2.315370e-03 4.245317e-02 6.652492e-03 1.417622e-01 2.087488e-02
1.484796e-03 8.902763e-01 7.834944e-02 8.848141e-02 1.404945e-02 -1.979966e-01 1.559957e-02 6.699636e-02 2.487335e-03 4.051000e-02 4.239603e-03 1.118783e-01 7.185357e-03
2.969592e-03 9.326212e-01 1.979301e-01 7.615760e-02 1.835564e-02 -2.189850e-01 4.817130e-02 5.926629e-02 3.210761e-03 3.555628e-02 4.575050e-03 1.163833e-01 1.126587e-02
5.048307e-03 7.874696e-01 1.374825e-01 7.276934e-02 1.305092e-02 -1.864767e-01 4.820100e-02 6.655375e-02 4.404592e-03 4.416877e-02 4.364190e-03 1.279131e-01 1.594087e-02
7.720939e-03 8.705558e-01 1.171901e-01 8.799725e-02 1.172258e-02 -1.883712e-01 3.575649e-02 6.786866e-02 3.460600e-03 3.629238e-02 2.192237e-03 1.236961e-01 9.172822e-03
1.098749e-02 9.701614e-01 6.460804e-02 9.661519e-02 7.592149e-03 -1.976181e-01 1.089444e-02 7.178684e-02 4.149566e-03 3.064841e-02 6.004087e-03 1.272290e-01 4.947126e-03
1.484796e-02 8.851237e-01 4.311610e-02 9.908925e-02 1.047833e-02 -1.671021e-01 1.619844e-02 8.165906e-02 3.400061e-03 3.514229e-02 2.265020e-03 1.413354e-01 5.091568e-03
1.187837e-03 7.031069e-01 1.349815e-01 5.120798e-02 1.325580e-02 -1.793558e-01 4.621730e-02 5.605490e-02 2.314209e-03 4.157355e-02 2.876653e-03 1.073806e-01 1.545222e-02
1.484796e-03 7.236605e-01 1.212412e-01 6.167879e-02 9.942552e-03 -1.784543e-01 4.071945e-02 6.053514e-02 3.280146e-03 4.301711e-02 2.094560e-03 1.104375e-01 1.344325e-02
2.375674e-03 8.386976e-01 1.155602e-01 6.535511e-02 6.712871e-03 -2.088539e-01 3.248450e-02 5.952351e-02 1.712825e-03 3.991461e-02 1.793424e-03 1.187021e-01 9.202959e-03
3.860470e-03 7.179601e-01 9.450796e-02 5.482941e-02 5.215099e-03 -1.779215e-01 3.293918e-02 5.335409e-02 1.064949e-03 3.510969e-02 1.427319e-03 1.077536e-01 1.087405e-02
5.939184e-03 8.811118e-01 9.932618e-02 6.308789e-02 1.016443e-02 -2.134799e-01 2.383975e-02 6.133234e-02 2.962493e-03 3.829071e-02 2.915995e-03 1.252188e-01 8.874400e-03
8.611817e-03 8.682619e-01 5.144814e-02 8.751136e-02 1.477359e-02 -1.799632e-01 1.681435e-02 7.206401e-02 5.400893e-03 3.654646e-02 3.846287e-03 1.212570e-01 6.903831e-03
1.187837e-02 8.450820e-01 5.326539e-02 7.028469e-02 6.945767e-03 -2.046646e-01 2.036123e-02 7.608020e-02 3.120395e-03 4.297727e-02 4.717573e-03 1.500731e-01 9.386374e-03
1.573884e-02 8.809885e-01 8.058617e-02 8.231358e-02 1.344554e-02 -1.957582e-01 1.538840e-02 7.936841e-02 2.704809e-03 3.330085e-02 5.244440e-03 1.559224e-01 6.419715e-03
2.672633e-03 9.110448e-01 1.010333e-01 8.015024e-02 1.438747e-02 -2.175464e-01 2.252586e-02 6.379784e-02 2.994929e-03 4.005105e-02 4.518550e-03 1.243608e-01 6.979679e-03
2.969592e-03 7.187977e-01 9.332596e-02 7.301011e-02 1.359313e-02 -1.584527e-01 2.701830e-02 6.456815e-02 2.258335e-03 4.173695e-02 3.965087e-03 1.046545e-01 9.797700e-03
3.860470e-03 1.056116e+00 1.484044e-01 8.895085e-02 1.623079e-02 -2.525949e-01 3.132507e-02 5.923294e-02 2.672844e-03 3.006928e-02 2.776362e-03 1.254357e-01 7.892153e-03
5.345266e-03 1.103802e+00 1.036392e-01 1.014844e-01 1.083615e-02 -2.503449e-01 3.286082e-02 6.523139e-02 8.234517e-04 3.169640e-02 3.720522e-03 1.323008e-01 9.214094e-03
7.423980e-03 9.446935e-01 1.016760e-01 8.204011e-02 1.450723e-02 -2.143830e-01 2.432286e-02 6.598284e-02 3.210823e-03 3.471428e-02 4.998626e-03 1.293832e-01 8.582107e-03
1.009661e-02 9.123630e-01 6.831756e-02 6.919388e-02 1.458799e-02 -2.296674e-01 1.152203e-02 6.618068e-02 4.853970e-04 3.303504e-02 5.273223e-03 1.391662e-01 3.388896e-03
1.336316e-02 1.006699e+00 9.049494e-02 9.041434e-02 8.160227e-03 -2.224505e-01 2.415185e-02 8.012760e-02 2.991769e-03 3.498350e-02 5.680200e-03 1.536629e-01 1.103931e-02
1.722363e-02 8.716547e-01 3.508879e-02 8.371592e-02 8.743189e-03 -1.808675e-01 1.330506e-02 8.715680e-02 6.017883e-03 3.817184e-02 4.142623e-03 1.511678e-01 5.528305e-03
4.751347e-03 8.855648e-01 8.608371e-02 8.226781e-02 6.342942e-03 -2.087827e-01 2.818496e-02 6.125578e-02 2.268965e-03 3.333762e-02 2.302157e-03 1.212631e-01 7.614459e-03
5.048307e-03 8.687903e-01 1.355941e-01 7.258681e-02 1.400170e-02 -2.082834e-01 3.474607e-02 6.084884e-02 1.623770e-03 3.596048e-02 5.278594e-03 1.230336e-01 9.637286e-03
5.939184e-03 8.967702e-01 9.542506e-02 8.047319e-02 7.972561e-03 -1.973176e-01 3.392298e-02 6.571777e-02 4.531886e-03 3.796931e-02 4.407947e-03 1.209864e-01 8.343695e-03
7.423980e-03 7.809545e-01 9.591658e-02 7.891923e-02 5.674551e-03 -1.742736e-01 2.900063e-02 6.305522e-02 1.269970e-03 3.182013e-02 1.223953e-03 1.162142e-01 9.733376e-03
9.502695e-03 9.552230e-01 5.569598e-02 8.771562e-02 1.191396e-02 -2.238048e-01 1.507517e-02 6.833324e-02 2.319965e-03 3.135657e-02 6.237277e-03 1.370074e-01 6.063397e-03
1.217533e-02 9.107120e-01 5.437167e-02 8.149238e-02 4.359674e-03 -2.055801e-01 1.835644e-02 7.159067e-02 3.197517e-03 3.667949e-02 2.076199e-03 1.468859e-01 8.497567e-03
1.544188e-02 8.997470e-01 6.624439e-02 7.920443e-02 8.307456e-03 -1.787980e-01 2.318357e-02 9.051603e-02 3.438871e-03 4.449914e-02 2.437086e-03 1.566425e-01 8.990197e-03
1.930235e-02 1.012272e+00 9.603050e-02 9.731658e-02 9.363295e-03 -2.244975e-01 1.770028e-02 8.953317e-02 1.859243e-03 2.791307e-02 4.588972e-03 1.828736e-01 8.500999e-03
7.423980e-03 1.007090e+00 5.928786e-02 7.380914e-02 6.060307e-03 -2.516112e-01 2.190249e-02 6.396407e-02 3.918901e-03 3.422600e-02 3.155638e-03 1.413691e-01 9.747301e-03
7.720939e-03 8.327012e-01 3.025398e-02 7.311415e-02 1.496994e-02 -1.939712e-01 1.680756e-02 6.355846e-02 5.127313e-03 3.478126e-02 2.882610e-03 1.247337e-01 7.176151e-03
8.611817e-03 9.133765e-01 1.267340e-01 8.863886e-02 1.882184e-02 -2.011500e-01 2.959971e-02 6.802741e-02 2.458382e-03 3.494825e-02 6.420878e-03 1.304133e-01 9.775247e-03
1.009661e-02 8.021410e-01 9.595151e-02 7.316962e-02 1.236317e-02 -1.828901e-01 2.830236e-02 6.297914e-02 4.530053e-03 3.120959e-02 3.100687e-03 1.259027e-01 8.442149e-03
1.217533e-02 8.522239e-01 9.994484e-02 8.211172e-02 1.248771e-02 -1.850376e-01 2.219330e-02 7.327966e-02 5.292071e-03 3.523130e-02 3.157589e-03 1.388634e-01 8.972152e-03
1.484796e-02 9.446205e-01 3.126808e-02 9.199631e-02 5.733291e-03 -2.086398e-01 7.877588e-03 8.220027e-02 5.589214e-03 3.742454e-02 4.311054e-03 1.574431e-01 3.197619e-03
1.811451e-02 8.183478e-01 5.164268e-02 7.406602e-02 9.807128e-03 -1.890293e-01 1.003496e-02 8.505416e-02 4.082576e-03 3.316106e-02 5.570793e-03 1.692971e-01 7.979721e-03
2.197498e-02 9.270054e-01 6.518853e-02 7.305521e-02 5.999979e-03 -2.186233e-01 1.070940e-02 9.430607e-02 5.243566e-03 3.199130e-02 4.378703e-03 2.019306e-01 7.323261e-03
1.069053e-02 9.322118e-01 6.431115e-02 8.092165e-02 1.131911e-02 -2.012491e-01 6.805854e-03 7.070175e-02 3.123273e-03 3.614104e-02 3.669674e-03 1.348129e-01 5.686961e-03
1.098749e-02 8.542703e-01 9.526673e-02 7.921597e-02 1.091971e-02 -1.866933e-01 1.514899e-02 6.788287e-02 1.583528e-03 3.228501e-02 3.657565e-03 1.295781e-01 2.370149e-03
1.187837e-02 1.050874e+00 7.249974e-02 9.891231e-02 8.224770e-03 -2.279439e-01 1.882487e-02 7.163398e-02 3.335395e-03 2.812719e-02 2.680615e-03 1.459494e-01 7.236204e-03
1.336316e-02 8.977246e-01 7.631491e-02 8.827995e-02 1.144928e-02 -1.923675e-01 3.145006e-02 7.772067e-02 3.484028e-03 3.127117e-02 3.528225e-03 1.420678e-01 1.134134e-02
1.544188e-02 1.010879e+00 8.124696e-02 1.040735e-01 9.902022e-03 -2.027877e-01 2.076048e-02 7.979215e-02 6.895052e-03 2.603064e-02 5.179977e-03 1.485054e-01 4.645471e-03
1.811451e-02 9.089872e-01 1.821987e-02 9.337097e-02 1.729313e-02 -1.937079e-01 1.854982e-02 8.980030e-02 3.745673e-03 4.013272e-02 4.428809e-03 1.751732e-01 9.775838e-03
2.138106e-02 8.649781e-01 4.315073e-02 7.418494e-02 1.411807e-02 -1.911995e-01 1.533365e-02 9.835465e-02 5.714395e-03 3.822096e-02 4.023511e-03 1.879028e-01 9.500203e-03
2.524153e-02 9.288738e-01 2.105581e-02 8.061682e-02 1.603760e-02 -2.044502e-01 1.365869e-02 1.138244e-01 2.305848e-03 3.204748e-02 2.308673e-03 2.147084e-01 1.337966e-02
1.455100e-02 1.085765e+00 8.168917e-02 1.031140e-01 1.605956e-02 -2.337933e-01 1.543950e-02 7.987617e-02 3.235733e-03 3.260757e-02 2.190377e-03 1.635519e-01 7.722458e-03
1.484796e-02 8.637189e-01 2.090044e-02 8.314701e-02 9.808016e-03 -1.679862e-01 1.003669e-02 7.735443e-02 2.372537e-03 3.425420e-02 2.567414e-03 1.372557e-01 6.617588e-03
1.573884e-02 9.342044e-01 7.421504e-02 8.190050e-02 1.403257e-02 -2.143239e-01 1.340051e-02 8.007421e-02 4.024477e-03 3.974296e-02 4.629084e-03 1.737141e-01 5.714746e-03
1.722363e-02 8.749497e-01 6.756407e-02 7.564983e-02 4.449089e-03 -2.098786e-01 2.138130e-02 8.131022e-02 1.370395e-03 3.388584e-02 2.019950e-03 1.671062e-01 1.040878e-02
1.930235e-02 8.684019e-01 2.854624e-02 8.740587e-02 9.891888e-03 -1.839877e-01 9.088139e-03 9.121462e-02 6.477596e-03 3.517040e-02 4.377081e-03 1.655647e-01 7.565043e-03
2.197498e-02 8.586519e-01 5.105461e-02 8.294915e-02 1.745610e-02 -1.867691e-01 1.027861e-02 1.027896e-01 7.100409e-03 3.919758e-02 3.720991e-03 1.926845e-01 1.011697e-02
2.524153e-02 9.286069e-01 7.240708e-02 9.050187e-02 1.420396e-02 -2.030057e-01 3.092077e-02 1.146632e-01 3.356426e-03 2.099083e-02 4.929743e-03 1.941070e-01 1.017820e-02
2.910200e-02 1.006296e+00 3.484969e-02 1.088095e-01 5.570677e-03 -2.004715e-01 1.187982e-02 1.312041e-01 3.739896e-03 2.479457e-02 3.566668e-03 2.458436e-01 4.154802e-03
2.969592e-04 8.473443e-01 2.759586e-01 6.688781e-02 1.518567e-02 -2.123067e-01 8.078176e-02 5.377177e-02 3.967329e-03 3.438284e-02 6.497659e-03 1.083269e-01 2.820300e-02
5.939184e-04 7.173831e-01 2.096348e-01 4.319462e-02 1.770190e-02 -1.939629e-01 5.874760e-02 5.810196e-02 1.620917e-03 4.643966e-02 5.479898e-03 1.154947e-01 1.759348e-02
1.484796e-03 1.162108e+00 1.472247e-01 1.056328e-01 1.270887e-02 -2.783878e-01 4.368747e-02 6.154490e-02 2.858230e-03 2.874364e-02 4.291063e-03 1.288723e-01 1.203609e-02
2.969592e-03 6.737577e-01 9.645342e-02 6.380904e-02 1.339321e-02 -1.544567e-01 2.264153e-02 5.830802e-02 2.648281e-03 3.822837e-02 1.757777e-03 9.990544e-02 7.350562e-03
5.048307e-03 8.573139e-01 1.100515e-01 7.023685e-02 1.419500e-02 -2.070297e-01 2.508503e-02 6.166521e-02 2.727399e-03 3.752123e-02 3.103819e-03 1.227210e-01 6.996759e-03
7.720939e-03 9.681375e-01 1.068772e-01 8.015949e-02 1.732772e-03 -2.181503e-01 3.357907e-02 6.876438e-02 4.740781e-03 3.815309e-02 3.514953e-03 1.306668e-01 1.131149e-02
1.098749e-02 8.969729e-01 4.169110e-02 7.363940e-02 1.168384e-02 -2.250557e-01 9.860577e-03 7.366247e-02 1.787922e-03 4.073720e-02 5.262454e-03 1.543695e-01 8.325182e-03
1.484796e-02 9.039920e-01 8.911321e-02 7.838774e-02 8.854324e-03 -2.076202e-01 1.905696e-02 8.111558e-02 3.520850e-03 4.085034e-02 1.519914e-03 1.671973e-01 7.010176e-03
5.939184e-04 8.709140e-01 2.351480e-01 8.786428e-02 2.982306e-02 -1.990055e-01 4.993873e-02 6.617064e-02 5.815401e-03 4.017489e-02 4.181367e-03 1.111102e-01 1.414801e-02
8.908776e-04 1.162248e+00 3.730791e-01 8.372678e-02 2.618881e-02 -3.010598e-01 9.868781e-02 6.274524e-02 9.211554e-04 3.787340e-02 8.668843e-03 1.440173e-01 2.449180e-02
1.781755e-03 7.129991e-01 1.150727e-01 7.006922e-02 1.433211e-02 -1.593440e-01 2.519783e-02 6.054690e-02 2.672195e-03 3.877445e-02 3.927469e-03 9.691586e-02 6.650264e-03
3.266551e-03 1.039417e+00 1.810107e-01 9.235772e-02 1.361090e-02 -2.467292e-01 4.684883e-02 6.217846e-02 3.625144e-03 3.375069e-02 3.067382e-03 1.281640e-01 1.445098e-02
5.345266e-03 7.697801e-01 6.955316e-02 7.156535e-02 7.451721e-03 -1.708951e-01 2.123565e-02 6.040949e-02 5.941890e-03 3.722883e-02 4.424159e-03 1.119228e-01 7.756019e-03
8.017899e-03 1.121157e+00 1.463563e-01 8.672990e-02 2.685454e-02 -2.637320e-01 3.099732e-02 6.171462e-02 3.978618e-03 2.933949e-02 6.511547e-03 1.394413e-01 1.502056e-02
1.128445e-02 9.881843e-01 8.088485e-02 7.894002e-02 8.791995e-03 -2.322195e-01 1.569986e-02 6.864943e-02 4.159162e-03 3.485900e-02 3.116275e-03 1.498563e-01 9.333447e-03
1.514492e-02 9.435005e-01 4.544534e-02 8.500087e-02 9.205213e-03 -2.135014e-01 1.494413e-02 7.850084e-02 3.189311e-03 3.433509e-02 4.494857e-03 1.633357e-01 1.089113e-02
1.484796e-03 1.150085e+00 9.472927e-02 1.083307e-01 3.063838e-02 -2.644798e-01 1.882818e-02 6.591679e-02 7.364015e-03 3.238785e-02 5.373333e-03 1.249868e-01 6.314054e-03
1.781755e-03 6.178521e-01 3.755574e-02 6.796539e-02 9.873385e-03 -1.348896e-01 1.626709e-02 6.133030e-02 1.277936e-03 4.038304e-02 2.950968e-03 9.262535e-02 7.190568e-03
2.672633e-03 8.568873e-01 1.383913e-01 8.424140e-02 1.169658e-02 -1.854690e-01 3.570068e-02 6.007280e-02 2.706913e-03 3.467193e-02 1.904879e-03 1.041535e-01 1.169395e-02
4.157429e-03 6.766828e-01 1.059476e-01 5.561155e-02 1.780845e-02 -1.658944e-01 2.047394e-02 5.466332e-02 3.987908e-03 3.554009e-02 3.686603e-03 1.046460e-01 3.608054e-03
6.236143e-03 1.160436e+00 1.276468e-01 9.742108e-02 1.672486e-02 -2.705510e-01 3.294715e-02 6.538011e-02 5.513247e-03 3.191441e-02 1.129914e-03 1.385734e-01 1.140227e-02
8.908776e-03 8.186609e-01 6.983912e-02 5.613810e-02 7.179218e-03 -1.930902e-01 2.066477e-02 6.845491e-02 3.039015e-03 4.361962e-02 3.385979e-03 1.329008e-01 7.144209e-03
1.217533e-02 1.021237e+00 1.727943e-01 1.030220e-01 2.402368e-02 -2.239274e-01 3.814988e-02 7.081566e-02 3.074014e-03 2.516950e-02 5.412563e-03 1.416572e-01 1.266028e-02
1.603580e-02 9.424457e-01 5.717891e-02 7.629497e-02 1.738756e-02 -2.018250e-01 2.453817e-02 7.693405e-02 2.297694e-03 3.451590e-02 3.472025e-03 1.535907e-01 1.311430e-02
2.969592e-03 7.173266e-01 9.606194e-02 7.732508e-02 6.950812e-03 -1.533648e-01 2.232049e-02 6.148324e-02 2.999920e-03 3.841747e-02 4.183052e-03 1.011782e-01 7.842371e-03
3.266551e-03 1.090198e+00 1.233979e-01 8.453113e-02 1.377862e-02 -2.680147e-01 2.937907e-02 5.871847e-02 2.206251e-03 3.115920e-02 5.074484e-03 1.301536e-01 4.672078e-03
4.157429e-03 8.532928e-01 6.276162e-02 6.619928e-02 6.433672e-03 -2.079856e-01 1.981003e-02 5.944854e-02 2.299399e-03 3.624907e-02 1.930936e-03 1.176981e-01 6.029905e-03
5.642225e-03 1.010774e+00 9.366656e-02 8.403582e-02 1.125114e-02 -2.448570e-01 2.804725e-02 6.278910e-02 4.087509e-03 3.246779e-02 3.866388e-03 1.308085e-01 8.681046e-03
7.720939e-03 1.092390e+00 7.580176e-02 8.123410e-02 8.449327e-03 -2.674213e-01 3.028455e-02 6.390571e-02 2.826459e-03 3.580556e-02 3.256271e-03 1.522268e-01 1.242497e-02
1.039357e-02 9.183215e-01 1.274641e-01 8.700133e-02 2.207194e-02 -2.043354e-01 2.464701e-02 7.025172e-02 1.787842e-03 3.146621e-02 5.951114e-03 1.318258e-01 8.825167e-03
1.366012e-02 9.184071e-01 6.167928e-02 7.342942e-02 1.270288e-02 -2.172786e-01 2.841565e-02 7.796988e-02 3.666801e-03 4.193299e-02 3.121993e-03 1.641059e-01 8.154459e-03
1.752059e-02 9.089446e-01 7.398861e-02 8.744727e-02 1.302498e-02 -2.074616e-01 2.280086e-02 9.359710e-02 5.151029e-03 4.171016e-02 4.624457e-03 1.718754e-01 7.210594e-03
5.048307e-03 8.072197e-01 9.184451e-02 6.102626e-02 4.607517e-03 -1.981325e-01 2.473292e-02 5.756450e-02 1.506293e-03 3.723468e-02 2.683967e-03 1.205205e-01 4.956152e-03
5.345266e-03 9.849912e-01 6.534616e-02 9.232811e-02 6.828540e-03 -2.165107e-01 1.799986e-02 6.129773e-02 2.095354e-03 3.089814e-02 3.624143e-03 1.183253e-01 5.704971e-03
6.236143e-03 9.104552e-01 1.377058e-01 7.908879e-02 1.197509e-02 -2.119033e-01 3.512353e-02 6.332678e-02 3.080573e-03 3.582200e-02 2.717096e-03 1.277618e-01 7.847079e-03
7.720939e-03 9.589981e-01 1.044161e-01 8.999376e-02 9.887673e-03 -2.107681e-01 2.512392e-02 7.168324e-02 2.973857e-03 3.978798e-02 2.236666e-03 1.350189e-01 8.219800e-03
9.799654e-03 8.835217e-01 6.886600e-02 6.683545e-02 9.888562e-03 -2.070308e-01 2.844700e-02 7.028112e-02 3.473170e-03 4.108883e-02 3.477598e-03 1.374670e-01 8.305608e-03
1.247229e-02 8.135397e-01 5.487733e-02 7.761690e-02 1.025819e-02 -1.725006e-01 1.655348e-02 8.098544e-02 2.341079e-03 4.360984e-02 4.866760e-03 1.416543e-01 7.407074e-03
1.573884e-02 9.924537e-01 5.671113e-02 8.904394e-02 5.506385e-03 -2.407725e-01 2.217168e-02 8.394026e-02 4.879172e-03 3.569928e-02 5.863553e-03 1.745382e-01 1.213718e-02
1.959931e-02 9.165169e-01 2.601310e-02 8.541115e-02 8.937272e-03 -2.021020e-01 8.385489e-03 8.740681e-02 3.671916e-03 3.278450e-02 4.039913e-03 1.751831e-01 6.489937e-03
7.720939e-03 8.935687e-01 9.016987e-02 8.311272e-02 1.940289e-02 -2.038923e-01 2.072715e-02 6.300275e-02 3.977333e-03 3.070325e-02 3.648346e-03 1.209104e-01 8.176578e-03
8.017899e-03 1.126426e+00 1.450914e-01 9.598955e-02 1.016680e-02 -2.630631e-01 3.426542e-02 6.526512e-02 2.685090e-03 3.082189e-02 4.151985e-03 1.464899e-01 8.712341e-03
8.908776e-03 1.061955e+00 7.158047e-02 8.243673e-02 6.393720e-03 -2.557196e-01 2.312473e-02 6.593034e-02 4.492012e-03 3.509307e-02 3.960540e-03 1.499891e-01 4.712986e-03
1.039357e-02 9.542730e-01 3.675915e-02 7.142916e-02 6.024443e-03 -2.349980e-01 1.312918e-02 7.213723e-02 4.023128e-03 4.187543e-02 3.219709e-03 1.589901e-01 6.427573e-03
1.247229e-02 9.073664e-01 9.794109e-02 9.649694e-02 1.030901e-02 -1.864862e-01 2.905188e-02 7.524042e-02 3.555803e-03 3.212150e-02 4.752799e-03 1.338428e-01 6.811237e-03
1.514492e-02 9.172518e-01 4.409100e-02 9.020846e-02 8.258721e-03 -1.973596e-01 2.060914e-02 7.296834e-02 1.654500e-03 3.069796e-02 2.313593e-03 1.532811e-01 8.594890e-03
1.841147e-02 8.636701e-01 5.141296e-02 7.050020e-02 1.114981e-02 -1.875759e-01 2.178349e-02 7.545275e-02 2.134554e-03 3.134974e-02 4.057896e-03 1.612009e-01 7.614157e-03
2.227194e-02 8.659822e-01 5.229729e-02 6.863389e-02 1.031763e-02 -1.989407e-01 3.449285e-02 1.027716e-01 2.889810e-03 3.994368e-02 5.430793e-03 2.040010e-01 1.629958e-02
1.098749e-02 9.037297e-01 6.387273e-02 6.992500e-02 1.406855e-02 -2.122610e-01 1.277877e-02 6.688029e-02 3.365752e-03 3.466659e-02 7.243073e-03 1.420754e-01 6.536262e-03
1.128445e-02 8.915037e-01 7.605978e-02 7.217221e-02 4.600319e-03 -2.010392e-01 1.731047e-02 6.862573e-02 3.434442e-03 3.644762e-02 2.756625e-03 1.416092e-01 7.908331e-03
1.217533e-02 9.643195e-01 9.803805e-02 9.693247e-02 1.179803e-02 -2.010690e-01 2.764370e-02 7.550404e-02 2.220860e-03 3.408620e-02 5.957702e-03 1.423440e-01 9.100734e-03
1.366012e-02 1.017608e+00 6.308994e-02 1.018892e-01 1.993623e-02 -2.152023e-01 8.155202e-03 7.801180e-02 7.712773e-03 3.202777e-02 3.439554e-03 1.470880e-01 7.171024e-03
1.573884e-02 1.044386e+00 8.434598e-02 8.274100e-02 1.509134e-02 -2.443765e-01 2.215220e-02 7.029427e-02 1.613415e-03 2.393841e-02 7.496195e-03 1.599574e-01 4.316460e-03
1.841147e-02 9.095173e-01 2.145871e-02 7.539009e-02 9.392859e-03 -2.122064e-01 1.071901e-02 8.914419e-02 4.813404e-03 3.416516e-02 6.335546e-03 1.661552e-01 5.584549e-03
2.167802e-02 9.886566e-01 4.928335e-02 9.951078e-02 1.376584e-02 -2.145014e-01 1.205305e-02 1.003161e-01 3.465175e-03 3.192938e-02 3.303319e-03 2.076935e-01 1.211875e-02
2.553849e-02 8.952646e-01 7.503126e-02 8.031404e-02 1.436316e-02 -2.017276e-01 5.160741e-03 1.181430e-01 4.529881e-03 3.524952e-02 3.308631e-03 2.131775e-01 3.507952e-03
1.484796e-02 9.317606e-01 5.346632e-02 8.566676e-02 1.202840e-02 -1.978974e-01 1.793880e-02 7.604559e-02 6.281235e-03 3.659503e-02 7.112802e-03 1.525217e-01 8.879433e-03
1.514492e-02 8.734347e-01 1.230933e-02 7.793086e-02 5.748750e-03 -1.950795e-01 8.854075e-03 8.660091e-02 4.904088e-03 4.058909e-02 5.927658e-03 1.581386e-01 3.287363e-03
1.603580e-02 8.678367e-01 6.897025e-02 1.006396e-01 5.611524e-03 -1.848952e-01 2.422880e-02 8.965558e-02 3.543755e-03 3.301647e-02 1.959079e-03 1.536379e-01 1.384388e-02
1.752059e-02 9.191948e-01 2.723999e-02 8.399678e-02 9.663559e-03 -2.020328e-01 8.946745e-03 8.784649e-02 2.218719e-03 3.541288e-02 5.793828e-03 1.667749e-01 5.064744e-03
1.959931e-02 9.735643e-01 9.641339e-02 8.684906e-02 9.720891e-03 -2.267063e-01 3.844538e-02 1.018027e-01 3.118558e-03 3.530236e-02 6.204895e-03 1.904995e-01 1.317544e-02
2.227194e-02 8.576600e-01 6.142138e-02 8.872286e-02 2.841667e-03 -1.806568e-01 1.562589e-02 1.017126e-01 3.884234e-03 3.939012e-02 7.044449e-03 2.036303e-01 1.264908e-02
2.553849e-02 9.322760e-01 5.868780e-02 9.467872e-02 7.742794e-03 -1.945761e-01 2.114586e-02 1.194347e-01 6.754052e-03 3.620120e-02 3.683064e-03 2.135789e-01 1.230545e-02
2.939896e-02 9.760875e-01 4.357777e-02 9.413538e-02 4.761084e-03 -2.064226e-01 1.776414e-02 1.314141e-01 5.719148e-03 2.928218e-02 3.584757e-03 2.590748e-01 6.815955e-03
1.187837e-03 9.174081e-01 2.133924e-01 7.102617e-02 1.037746e-02 -2.282491e-01 6.206446e-02 5.924082e-02 4.365160e-03 3.759741e-02 3.382100e-03 1.180107e-01 2.033327e-02
1.484796e-03 9.238607e-01 3.071094e-01 7.198916e-02 2.157665e-02 -2.281691e-01 7.872521e-02 6.172778e-02 2.275378e-03 4.016421e-02 5.613502e-03 1.211927e-01 1.982540e-02
2.375674e-03 7.191313e-01 1.146939e-01 6.134837e-02 5.122242e-03 -1.674743e-01 3.534308e-02 6.126871e-02 3.012503e-03 4.355187e-02 3.727205e-03 1.074691e-01 1.256609e-02
3.860470e-03 1.003372e+00 1.148800e-01 7.706258e-02 1.442063e-02 -2.455186e-01 2.682987e-02 6.029861e-02 3.258468e-03 3.479676e-02 4.481853e-03 1.273522e-01 5.862693e-03
5.939184e-03 8.711098e-01 1.083908e-01 5.912214e-02 2.192821e-02 -2.226684e-01 1.919526e-02 6.085491e-02 3.271953e-03 4.022363e-02 6.145161e-03 1.354228e-01 8.776728e-03
8.611817e-03 8.824357e-01 9.733679e-02 8.723999e-02 8.517711e-03 -1.985486e-01 3.073480e-02 6.594279e-02 3.553523e-03 3.151450e-02 1.848297e-03 1.264343e-01 1.181580e-02
1.187837e-02 8.480023e-01 6.202143e-02 7.617692e-02 8.382105e-03 -1.882060e-01 2.162771e-02 7.074780e-02 2.998238e-03 3.783602e-02 4.277256e-03 1.458559e-01 1.124686e-02
1.573884e-02 9.915257e-01 8.671526e-02 8.388348e-02 1.734274e-02 -2.413348e-01 1.988939e-02 7.730636e-02 2.144265e-03 2.668193e-02 4.485761e-03 1.650005e-01 4.367659e-03
1.484796e-03 9.386831e-01 1.185365e-01 6.669134e-02 1.664410e-02 -2.405908e-01 3.002249e-02 6.654818e-02 2.569433e-03 4.679178e-02 2.522565e-03 1.327142e-01 1.067730e-02
1.781755e-03 7.861489e-01 6.412634e-02 7.404994e-02 5.592450e-03 -1.862273e-01 1.780079e-02 6.210804e-02 3.029465e-03 3.966600e-02 3.426543e-03 1.105672e-01 5.403322e-03
2.672633e-03 9.607486e-01 2.054037e-01 7.977115e-02 8.082432e-03 -2.302132e-01 5.964348e-02 5.943087e-02 1.370289e-03 3.322752e-02 2.724244e-03 1.167340e-01 1.853222e-02
4.157429e-03 9.559558e-01 3.379764e-01 9.519649e-02 3.112305e-02 -2.140749e-01 8.096578e-02 5.941357e-02 4.213749e-03 2.947207e-02 6.247393e-03 1.164882e-01 2.121365e-02
6.236143e-03 8.868147e-01 9.181282e-02 7.694223e-02 1.556010e-02 -2.076139e-01 2.960799e-02 6.657534e-02 3.674190e-03 3.790279e-02 4.117688e-03 1.266009e-01 1.079397e-02
8.908776e-03 7.571842e-01 8.699190e-02 5.245469e-02 8.610143e-03 -1.809149e-01 2.385904e-02 6.314444e-02 7.282154e-04 4.395078e-02 2.780627e-03 1.364611e-01 1.121423e-02
1.217533e-02 1.024606e+00 6.458388e-02 8.237964e-02 1.831428e-02 -2.443343e-01 7.057471e-03 7.339076e-02 4.739215e-03 3.242762e-02 1.493625e-03 1.523353e-01 4.837297e-03
1.603580e-02 9.681072e-01 7.114787e-02 8.747581e-02 9.342067e-03 -2.263548e-01 2.158251e-02 8.189284e-02 5.442867e-03 3.577047e-02 6.149755e-03 1.789873e-01 1.375802e-02
2.375674e-03 9.764722e-01 1.395244e-01 7.718999e-02 1.343898e-02 -2.411111e-01 4.921234e-02 6.287954e-02 4.389525e-03 3.900496e-02 2.815720e-03 1.277848e-01 1.444956e-02
2.672633e-03 1.186080e+00 2.347213e-01 7.431403e-02 1.752952e-02 -3.126384e-01 7.042044e-02 5.815765e-02 3.529463e-03 3.471723e-02 5.996725e-03 1.480609e-01 1.933398e-02
3.563510e-03 1.145627e+00 1.482041e-01 9.823287e-02 9.464877e-03 -2.619684e-01 4.198640e-02 6.423649e-02 2.677754e-03 3.270229e-02 3.946382e-03 1.277799e-01 1.288945e-02
5.048307e-03 9.241129e-01 1.269774e-01 5.439346e-02 7.184623e-03 -2.387030e-01 3.391840e-02 5.498085e-02 2.374484e-03 3.467292e-02 4.128208e-03 1.270233e-01 6.776282e-03
7.127021e-03 8.722715e-01 1.263895e-01 6.964694e-02 1.052426e-02 -2.000901e-01 3.287470e-02 6.102562e-02 1.603660e-03 3.667252e-02 1.769262e-03 1.261841e-01 9.127728e-03
9.799654e-03 8.997838e-01 9.901714e-02 8.229503e-02 1.260846e-02 -1.976164e-01 2.451285e-02 6.299390e-02 3.133048e-03 3.106499e-02 4.264629e-03 1.258734e-01 7.139589e-03
1.306621e-02 1.010660e+00 5.775792e-02 9.097640e-02 1.738324e-02 -2.365236e-01 2.224350e-02 7.345031e-02 3.301259e-03 3.333534e-02 5.723251e-03 1.608353e-01 6.353656e-03
1.692667e-02 1.027933e+00 6.388740e-02 8.310707e-02 1.202496e-02 -2.361825e-01 1.825380e-02 8.960607e-02 2.434513e-03 4.068002e-02 7.889538e-03 1.786279e-01 4.117542e-03
3.860470e-03 9.880531e-01 1.374225e-01 8.340219e-02 3.238407e-03 -2.318798e-01 4.948107e-02 6.445356e-02 4.102059e-03 3.798501e-02 4.340413e-03 1.262166e-01 1.392464e-02
4.157429e-03 8.187732e-01 9.209293e-02 7.137648e-02 4.553573e-03 -1.934651e-01 3.498166e-02 6.078704e-02 1.336859e-03 3.592674e-02 1.880510e-03 1.138254e-01 1.136534e-02
5.048307e-03 9.698559e-01 1.046463e-01 7.933787e-02 1.671229e-02 -2.318566e-01 2.566160e-02 6.287720e-02 5.891795e-03 3.643861e-02 3.780856e-03 1.313909e-01 9.822576e-03
6.533103e-03 1.070669e+00 1.331269e-01 7.627344e-02 1.184657e-02 -2.681897e-01 3.121424e-02 5.975573e-02 1.461543e-03 3.233580e-02 4.075473e-03 1.406315e-01 5.337193e-03
8.611817e-03 8.963717e-01 8.460596e-02 7.976466e-02 1.859299e-02 -1.973116e-01 1.175297e-02 6.586852e-02 4.150818e-03 3.699388e-02 4.447164e-03 1.274323e-01 3.844457e-03
1.128445e-02 9.518821e-01 6.179173e-02 7.435133e-02 1.469916e-02 -2.370051e-01 1.883004e-02 7.372498e-02 2.381043e-03 4.123825e-02 4.276312e-03 1.603202e-01 1.389010e-02
1.455100e-02 9.870808e-01 7.243100e-02 9.613956e-02 1.340421e-02 -2.148477e-01 1.035512e-02 8.368063e-02 4.335245e-03 3.534788e-02 2.800416e-03 1.552632e-01 5.689242e-03
1.841147e-02 1.004399e+00 8.991575e-02 1.024857e-01 1.132865e-02 -2.317026e-01 2.025994e-02 8.063612e-02 3.519395e-03 2.291147e-02 4.633531e-03 1.795936e-01 6.436796e-03
5.939184e-03 1.362085e+00 1.248474e-01 1.053141e-01 9.999596e-03 -3.328232e-01 3.465273e-02 6.413298e-02 1.811148e-03 2.643445e-02 3.526242e-03 1.525606e-01 9.412513e-03
6.236143e-03 7.941563e-01 8.495903e-02 7.919458e-02 1.034624e-02 -1.801599e-01 2.434031e-02 6.458469e-02 2.880564e-03 3.573681e-02 3.995313e-03 1.168923e-01 1.049021e-02
7.127021e-03 9.511506e-01 1.081998e-01 1.000314e-01 1.868476e-02 -2.030468e-01 2.025811e-02 6.770785e-02 3.194150e-03 3.096283e-02 3.312910e-03 1.188270e-01 5.843300e-03
8.611817e-03 9.198808e-01 1.401990e-01 8.083657e-02 1.254147e-02 -2.093031e-01 3.676058e-02 6.664594e-02 1.958553e-03 3.496577e-02 4.747044e-03 1.318455e-01 9.272333e-03
1.069053e-02 8.997427e-01 3.357861e-02 8.873753e-02 1.140709e-02 -2.022437e-01 9.445069e-03 7.057229e-02 4.070908e-03 3.165767e-02 4.780441e-03 1.360673e-01 4.753571e-03
1.336316e-02 1.018964e+00 9.074840e-02 9.851253e-02 1.046342e-02 -2.276743e-01 2.701340e-02 7.926398e-02 3.439786e-03 3.051454e-02 5.740684e-03 1.499278e-01 9.717086e-03
1.662972e-02 9.416687e-01 5.583803e-02 9.254815e-02 1.147261e-02 -1.958006e-01 2.292122e-02 7.819129e-02 3.992266e-03 3.237147e-02 3.608318e-03 1.643248e-01 9.748009e-03
2.049019e-02 8.711866e-01 5.905517e-02 8.012912e-02 9.046425e-03 -1.937377e-01 2.178025e-02 8.763533e-02 4.857266e-03 3.003901e-02 3.895563e-03 1.727161e-01 9.345696e-03
8.611817e-03 8.840431e-01 4.360539e-02 6.279881e-02 5.585220e-03 -2.205809e-01 8.300959e-03 6.559330e-02 2.613811e-03 3.757697e-02 2.491202e-03 1.412316e-01 1.949623e-03
8.908776e-03 9.860979e-01 1.089843e-01 9.886611e-02 1.428206e-02 -2.267072e-01 2.672098e-02 7.444533e-02 3.662211e-03 3.540206e-02 3.066967e-03 1.426868e-01 8.333136e-03
9.799654e-03 9.384740e-01 4.903113e-02 7.319402e-02 9.140757e-03 -2.263906e-01 1.340689e-02 6.897041e-02 4.169403e-03 3.717202e-02 1.935460e-03 1.478099e-01 6.763579e-03
1.128445e-02 9.927495e-01 1.989257e-01 7.114743e-02 1.511344e-02 -2.294059e-01 4.318976e-02 6.538958e-02 7.138499e-04 3.400453e-02 4.197831e-03 1.467388e-01 1.035272e-02
1.336316e-02 1.134754e+00 8.767529e-02 8.266096e-02 1.447407e-02 -2.778581e-01 2.321301e-02 7.668837e-02 4.766963e-03 3.507916e-02 2.360416e-03 1.712113e-01 7.920780e-03
1.603580e-02 9.575527e-01 8.981288e-02 8.256926e-02 1.453123e-02 -2.220211e-01 2.784449e-02 8.032567e-02 3.910559e-03 3.221208e-02 3.736012e-03 1.655523e-01 1.024987e-02
1.930235e-02 9.250596e-01 4.013756e-02 9.238668e-02 7.250956e-03 -2.082534e-01 1.607406e-02 8.638768e-02 1.921876e-03 2.880093e-02 5.437530e-03 1.811921e-01 8.253622e-03
2.316282e-02 9.113951e-01 6.466263e-02 6.885922e-02 1.130977e-02 -2.032592e-01 2.718285e-02 9.256027e-02 4.355311e-03 3.378811e-02 3.103367e-03 2.066292e-01 1.351017e-02
1.187837e-02 9.216496e-01 7.726060e-02 7.824069e-02 1.301453e-02 -2.065263e-01 1.388444e-02 7.600408e-02 3.238821e-03 4.224334e-02 2.785128e-03 1.535882e-01 6.910150e-03
1.217533e-02 9.434604e-01 5.806336e-02 7.755423e-02 7.449795e-03 -2.263211e-01 1.856598e-02 7.453662e-02 3.466453e-03 3.965325e-02 5.371004e-03 1.622617e-01 7.563210e-03
1.306621e-02 9.770163e-01 9.603859e-02 7.769016e-02 1.417766e-02 -2.383884e-01 3.404801e-02 7.442994e-02 3.189008e-03 3.509117e-02 2.181577e-03 1.578742e-01 1.643617e-02
1.455100e-02 1.019075e+00 7.191959e-02 1.036455e-01 1.057861e-02 -2.142401e-01 2.202232e-02 7.760922e-02 3.536967e-03 2.869202e-02 5.073740e-03 1.471251e-01 5.547901e-03
1.662972e-02 9.658227e-01 7.977252e-02 8.717141e-02 1.476341e-02 -2.101672e-01 1.791558e-02 9.539819e-02 3.140252e-03 4.220368e-02 3.886148e-03 1.687401e-01 3.994720e-03
1.930235e-02 8.947604e-01 9.291706e-02 8.797215e-02 1.140445e-02 -1.843026e-01 1.994914e-02 9.139467e-02 5.461561e-03 2.975025e-02 4.847424e-03 1.667394e-01 1.031351e-02
2.256890e-02 1.000233e+00 4.532435e-02 7.681955e-02 6.201494e-03 -2.410860e-01 2.009311e-02 1.018312e-01 4.440512e-03 3.336874e-02 4.868394e-03 2.165400e-01 2.108756e-03
2.642937e-02 9.239425e-01 4.659976e-02 1.145859e-01 1.203517e-02 -1.792736e-01 2.361677e-02 1.316373e-01 1.020576e-02 3.905622e-02 5.320595e-03 2.282954e-01 1.146775e-02
1.573884e-02 9.726122e-01 2.346254e-02 7.073649e-02 8.106333e-03 -2.498750e-01 1.417023e-02 8.423947e-02 1.063266e-03 3.632628e-02 1.710013e-03 1.783988e-01 9.897641e-03
1.603580e-02 9.681214e-01 7.425019e-02 8.424244e-02 9.413944e-03 -2.278047e-01 2.293824e-02 8.951627e-02 5.124836e-03 4.109405e-02 3.771835e-03 1.732374e-01 8.331982e-03
1.692667e-02 9.399655e-01 5.700428e-02 7.364643e-02 8.960827e-03 -2.235443e-01 1.028186e-02 8.462841e-02 3.374379e-03 4.281509e-02 4.424008e-03 1.859551e-01 5.457829e-03
1.841147e-02 9.432740e-01 9.047867e-02 8.247657e-02 1.282453e-02 -2.035037e-01 3.016193e-02 8.624963e-02 4.643769e-03 3.254130e-02 3.430265e-03 1.672444e-01 7.462486e-03
2.049019e-02 8.441665e-01 5.786535e-02 8.238005e-02 9.029348e-03 -1.807927e-01 1.395478e-02 9.833299e-02 5.498450e-03 3.439110e-02 4.070020e-03 1.750212e-01 8.624515e-03
2.316282e-02 9.308517e-01 4.991902e-02 9.812051e-02 1.533428e-02 -2.024231e-01 1.779719e-02 1.188479e-01 6.201061e-03 3.372769e-02 6.379835e-03 1.995443e-01 5.552092e-03
2.642937e-02 9.337962e-01 8.452680e-02 1.082063e-01 1.625632e-02 -2.133106e-01 2.391267e-02 1.196132e-01 7.366244e-03 2.239422e-02 4.382997e-03 2.182247e-01 6.498956e-03
3.028984e-02 1.009606e+00 8.038749e-02 9.731878e-02 5.724136e-03 -1.971961e-01 2.819966e-02 1.400163e-01 7.777798e-03 2.803563e-02 3.087249e-03 2.566117e-01 1.409659e-02
2.672633e-03 7.416558e-01 7.186183e-02 5.657282e-02 6.222712e-03 -1.855605e-01 1.850206e-02 5.996150e-02 2.787447e-03 4.235697e-02 3.390306e-03 1.136494e-01 5.139975e-03
2.969592e-03 7.429896e-01 6.027616e-02 6.292669e-02 6.709404e-03 -1.794191e-01 1.888031e-02 6.247652e-02 1.748880e-03 4.196012e-02 2.540904e-03 1.119511e-01 6.147109e-03
3.860470e-03 9.060423e-01 9.698710e-02 8.411018e-02 1.173218e-02 -2.071483e-01 2.393022e-02 6.347745e-02 2.320926e-03 3.681900e-02 2.973446e-03 1.180536e-01 7.079069e-03
5.345266e-03 9.593296e-01 7.068585e-02 7.029106e-02 7.754543e-03 -2.385905e-01 2.533499e-02 6.072328e-02 2.115927e-03 3.655797e-02 1.954520e-03 1.323413e-01 9.443813e-03
7.423980e-03 8.725281e-01 8.262201e-02 7.554173e-02 1.328703e-02 -2.063630e-01 1.811656e-02 6.103110e-02 2.164293e-03 3.283889e-02 3.268255e-03 1.310761e-01 5.831133e-03
1.009661e-02 9.596878e-01 7.661354e-02 8.529739e-02 6.293217e-03 -2.234221e-01 2.361567e-02 7.213337e-02 9.443792e-04 3.670669e-02 3.314510e-03 1.458412e-01 8.799718e-03
1.336316e-02 8.070085e-01 8.371073e-02 6.608145e-02 7.755504e-03 -1.935189e-01 2.421453e-02 7.482356e-02 2.933560e-03 3.749135e-02 4.342963e-03 1.495061e-01 7.417072e-03
1.722363e-02 1.032067e+00 7.457551e-02 9.765947e-02 1.577944e-02 -2.239496e-01 2.459310e-02 8.192094e-02 6.321617e-03 3.003300e-02 4.157979e-03 1.685428e-01 1.270810e-02
2.969592e-03 7.915355e-01 9.903207e-02 7.369724e-02 1.034513e-02 -1.814329e-01 2.276718e-02 6.435931e-02 3.055021e-03 4.148825e-02 5.845618e-03 1.125005e-01 7.151324e-03
3.266551e-03 1.029334e+00 1.795438e-01 8.381328e-02 1.570696e-02 -2.502932e-01 4.541710e-02 6.236068e-02 2.482219e-03 3.499707e-02 3.862821e-03 1.284569e-01 1.059465e-02
4.157429e-03 7.724536e-01 9.799567e-02 5.982046e-02 6.556167e-03 -1.917991e-01 2.738634e-02 6.269344e-02 2.135329e-03 4.325364e-02 4.203860e-03 1.220179e-01 6.812508e-03
5.642225e-03 9.054266e-01 4.796431e-02 8.235594e-02 7.249006e-03 -2.142027e-01 1.370707e-02 5.811225e-02 2.881229e-03 2.969749e-02 2.470381e-03 1.205935e-01 5.761989e-03
7.720939e-03 7.782977e-01 2.788544e-02 7.256426e-02 8.363150e-03 -1.696823e-01 6.892218e-03 6.455816e-02 3.392336e-03 3.667169e-02 3.934686e-03 1.129068e-01 4.462709e-03
1.039357e-02 9.400619e-01 9.833940e-02 9.747728e-02 8.918670e-03 -2.002151e-01 2.582588e-02 7.480334e-02 1.805498e-03 3.371923e-02 3.474943e-03 1.358504e-01 7.061264e-03
1.366012e-02 1.071329e+00 5.908445e-02 9.813087e-02 8.211006e-03 -2.618940e-01 1.243886e-02 7.584600e-02 5.097133e-03 2.504202e-02 1.757543e-03 1.681050e-01 2.858163e-03
1.752059e-02 9.502927e-01 4.363902e-02 8.231826e-02 4.688478e-03 -2.262586e-01 1.788691e-02 8.162926e-02 3.654183e-03 3.212868e-02 1.492685e-03 1.764328e-01 9.232838e-03
3.860470e-03 9.006903e-01 2.254664e-01 8.114364e-02 1.869364e-02 -2.078392e-01 5.460961e-02 5.646831e-02 1.468293e-03 3.024386e-02 4.802953e-03 1.101441e-01 1.330590e-02
4.157429e-03 9.010808e-01 1.280121e-01 7.104200e-02 8.648125e-03 -2.222709e-01 3.460873e-02 6.251342e-02 3.079018e-03 3.817536e-02 2.616126e-03 1.258947e-01 1.334806e-02
5.048307e-03 9.021275e-01 9.025570e-02 7.479472e-02 9.783109e-03 -2.110911e-01 2.815977e-02 5.903604e-02 2.746293e-03 3.453037e-02 2.537930e-03 1.201140e-01 7.123111e-03
6.533103e-03 9.170535e-01 8.781645e-02 6.473992e-02 9.509496e-03 -2.224678e-01 2.559649e-02 6.047393e-02 4.024282e-03 4.152453e-02 1.769109e-03 1.406880e-01 1.067825e-02
8.611817e-03 8.727152e-01 7.097976e-02 8.562268e-02 6.388154e-03 -2.000642e-01 3.035026e-02 6.660136e-02 3.135085e-03 3.271239e-02 4.946883e-03 1.260915e-01 1.112568e-02
1.128445e-02 9.893651e-01 8.527938e-02 8.846297e-02 1.370778e-02 -2.295131e-01 1.397359e-02 7.352368e-02 3.486223e-03 3.343238e-02 4.743793e-03 1.468619e-01 4.817717e-03
1.455100e-02 1.015253e+00 7.626006e-02 7.196776e-02 9.404516e-03 -2.381680e-01 2.583131e-02 7.510672e-02 3.585302e-03 3.693033e-02 3.248409e-03 1.658769e-01 1.003792e-02
1.841147e-02 1.026318e+00 6.259982e-02 1.092635e-01 1.245580e-02 -2.091292e-01 1.692580e-02 8.882844e-02 3.913072e-03 2.286355e-02 3.704304e-03 1.548587e-01 1.005383e-02
5.345266e-03 1.238061e+00 2.288379e-01 1.002470e-01 1.803349e-02 -2.918396e-01 5.646594e-02 6.376736e-02 2.745622e-03 2.994307e-02 5.879876e-03 1.425076e-01 1.280733e-02
5.642225e-03 1.115932e+00 1.088886e-01 7.549765e-02 1.687360e-02 -2.872630e-01 2.641591e-02 6.184667e-02 1.384153e-03 3.452526e-02 5.190005e-03 1.473419e-01 9.420817e-03
6.533103e-03 1.059462e+00 1.802934e-01 9.825859e-02 2.040129e-02 -2.369929e-01 4.448975e-02 6.538971e-02 3.377260e-03 2.946710e-02 3.903195e-03 1.260307e-01 1.297219e-02
8.017899e-03 9.673836e-01 6.479689e-02 8.382684e-02 9.072334e-03 -2.149024e-01 2.240089e-02 6.315169e-02 2.866751e-03 3.129391e-02 1.472349e-03 1.256560e-01 6.163237e-03
1.009661e-02 9.077439e-01 8.270725e-02 6.995111e-02 9.452379e-03 -2.232013e-01 2.826204e-02 7.123326e-02 2.438812e-03 4.108687e-02 5.468672e-03 1.511971e-01 7.324175e-03
1.276925e-02 1.004613e+00 8.572292e-02 8.250133e-02 1.266216e-02 -2.295118e-01 2.177067e-02 7.284054e-02 4.854840e-03 3.537454e-02 2.406572e-03 1.536052e-01 1.162575e-02
1.603580e-02 8.924414e-01 7.494507e-02 8.580215e-02 4.525270e-03 -1.802546e-01 1.640565e-02 8.119089e-02 5.487963e-03 3.137437e-02 3.786850e-03 1.459456e-01 6.563702e-03
1.989627e-02 1.011371e+00 7.373667e-02 8.291156e-02 1.060779e-02 -2.289586e-01 2.228927e-02 8.422773e-02 3.391292e-03 2.645789e-02 2.743822e-03 1.845825e-01 1.479628e-02
7.423980e-03 9.802762e-01 3.569655e-02 6.163375e-02 4.737822e-03 -2.536642e-01 9.603798e-03 6.432402e-02 3.758124e-03 4.012980e-02 4.423448e-03 1.503834e-01 4.491906e-03
7.720939e-03 9.676839e-01 7.539462e-02 8.361076e-02 1.123612e-02 -2.299844e-01 1.738752e-02 6.933760e-02 1.951221e-03 3.790104e-02 3.529122e-03 1.428111e-01 5.627548e-03
8.611817e-03 9.587267e-01 7.718811e-02 9.427361e-02 6.672410e-03 -2.110173e-01 2.017894e-02 6.962085e-02 2.785491e-03 3.585516e-02 4.578911e-03 1.365477e-01 7.777271e-03
1.009661e-02 1.004714e+00 1.020101e-01 7.917281e-02 5.407994e-03 -2.497809e-01 2.878484e-02 6.463171e-02 2.616553e-03 3.063332e-02 3.470939e-03 1.537128e-01 7.620478e-03
1.217533e-02 9.732529e-01 1.181474e-01 8.453817e-02 1.906595e-02 -2.215675e-01 2.761472e-02 7.169131e-02 1.965104e-03 3.638182e-02 5.202402e-03 1.520026e-01 8.644503e-03
1.484796e-02 1.010035e+00 6.748063e-02 9.054149e-02 1.143280e-02 -2.147056e-01 2.256951e-02 8.184614e-02 3.159694e-03 3.709425e-02 2.263295e-03 1.632222e-01 7.201891e-03
1.811451e-02 9.249633e-01 1.059033e-01 8.394567e-02 2.137207e-02 -2.104694e-01 2.423396e-02 8.708562e-02 1.662391e-03 3.769329e-02 8.229853e-03 1.882342e-01 8.410374e-03
2.197498e-02 9.443973e-01 3.387428e-02 8.741661e-02 1.210707e-02 -2.077862e-01 2.068608e-02 1.074455e-01 5.283896e-03 3.836554e-02 6.564945e-03 1.949160e-01 8.631131e-03
1.009661e-02 1.158365e+00 1.476879e-01 1.026574e-01 1.620792e-02 -2.609149e-01 3.413240e-02 6.797341e-02 4.713174e-03 2.893959e-02 3.833144e-03 1.448641e-01 9.878487e-03
1.039357e-02 7.723000e-01 5.239511e-02 6.914728e-02 1.304504e-02 -1.879979e-01 1.048105e-02 6.704941e-02 5.400778e-03 3.481295e-02 3.948033e-03 1.328091e-01 3.988437e-03
1.128445e-02 9.423377e-01 8.735362e-02 9.370109e-02 1.465399e-02 -1.929832e-01 2.153095e-02 7.589794e-02 4.345559e-03 3.928068e-02 4.915993e-03 1.398852e-01 6.922333e-03
1.276925e-02 1.012122e+00 8.495919e-02 7.742707e-02 1.079060e-02 -2.448618e-01 1.968890e-02 7.680918e-02 5.446044e-03 3.608672e-02 4.611842e-03 1.603001e-01 6.515286e-03
1.484796e-02 9.616125e-01 8.651207e-02 9.658840e-02 1.097050e-02 -2.003076e-01 3.085171e-02 7.633762e-02 2.349824e-03 2.855542e-02 3.267792e-03 1.437237e-01 1.285458e-02
1.752059e-02 8.363893e-01 2.144739e-02 7.556706e-02 8.048283e-03 -1.847674e-01 9.928214e-03 8.047095e-02 1.360929e-03 3.476726e-02 2.445660e-03 1.633348e-01 8.311404e-03
2.078714e-02 8.997349e-01 9.411489e-02 8.012926e-02 1.339565e-02 -1.780274e-01 3.949577e-02 9.466915e-02 4.625278e-03 3.822175e-02 4.144269e-03 1.845735e-01 1.470901e-02
2.464761e-02 9.229337e-01 4.123881e-02 7.349959e-02 1.328021e-02 -2.168968e-01 1.489982e-02 1.170522e-01 4.124075e-03 4.366757e-02 2.863618e-03 2.186836e-01 1.018346e-02
1.336316e-02 8.692334e-01 7.049278e-02 7.381278e-02 1.677312e-02 -1.995788e-01 1.002682e-02 7.272914e-02 3.777106e-03 3.790366e-02 5.906298e-03 1.580635e-01 3.999955e-03
1.366012e-02 1.049660e+00 7.030050e-02 9.702352e-02 1.927537e-02 -2.220029e-01 1.707584e-02 7.789558e-02 2.035343e-03 3.505481e-02 5.575045e-03 1.577325e-01 7.258434e-03
1.455100e-02 9.692931e-01 8.135722e-02 8.884136e-02 7.010318e-03 -2.209219e-01 2.311358e-02 7.529911e-02 2.033610e-03 3.166276e-02 4.721297e-03 1.598032e-01 1.190619e-02
1.603580e-02 1.045184e+00 8.126762e-02 9.194186e-02 1.080205e-02 -2.280111e-01 2.964703e-02 8.178692e-02 4.192331e-03 2.984668e-02 4.098320e-03 1.566535e-01 8.395776e-03
1.811451e-02 8.130268e-01 2.335869e-02 7.000511e-02 8.277106e-03 -1.667688e-01 7.685787e-03 8.657414e-02 2.376440e-03 4.101846e-02 5.038570e-03 1.643341e-01 5.369829e-03
2.078714e-02 8.643262e-01 3.647060e-02 6.971935e-02 6.640975e-03 -1.909198e-01 1.591188e-02 9.007277e-02 5.193638e-03 3.675600e-02 4.158546e-03 1.920363e-01 1.000248e-02
2.405370e-02 8.497342e-01 6.962396e-02 7.178465e-02 1.383073e-02 -2.046076e-01 1.845743e-02 1.014342e-01 4.201454e-03 3.388828e-02 6.102966e-03 2.083508e-01 9.457798e-03
2.791417e-02 9.505679e-01 5.965576e-02 8.941807e-02 2.009853e-02 -2.203534e-01 2.799961e-02 1.280179e-01 8.756049e-03 2.739285e-02 4.297121e-03 2.368560e-01 1.184533e-02
1.722363e-02 9.281480e-01 2.745574e-02 7.241149e-02 5.583263e-03 -2.087424e-01 1.034488e-02 8.342550e-02 3.058022e-03 3.779789e-02 2.359102e-03 1.736158e-01 8.399413e-03
1.752059e-02 8.731296e-01 1.070786e-01 6.496256e-02 5.671889e-03 -2.169989e-01 3.545160e-02 8.663156e-02 3.821203e-03 4.407988e-02 4.462778e-03 1.891902e-01 1.299884e-02
1.841147e-02 9.402911e-01 3.212831e-02 7.497685e-02 6.759968e-03 -1.989577e-01 7.378591e-03 8.621365e-02 5.393218e-03 3.972668e-02 2.174571e-03 1.714173e-01 4.910730e-03
1.989627e-02 9.282377e-01 5.157767e-02 8.341448e-02 1.319882e-02 -1.859494e-01 2.124219e-02 9.003308e-02 2.729597e-03 3.540878e-02 4.497069e-03 1.751256e-01 1.083344e-02
2.197498e-02 9.331967e-01 5.325419e-02 8.017063e-02 1.299329e-02 -2.130975e-01 1.941185e-02 9.716106e-02 4.098735e-03 3.215366e-02 4.922371e-03 1.908007e-01 5.552871e-03
2.464761e-02 9.450709e-01 8.404799e-02 9.593824e-02 1.496531e-02 -1.848617e-01 1.272854e-02 1.161629e-01 7.746449e-03 2.946349e-02 5.763917e-03 1.995447e-01 8.868790e-03
2.791417e-02 8.992307e-01 4.816711e-02 9.307850e-02 1.488723e-02 -1.706831e-01 1.142403e-02 1.263005e-01 5.839521e-03 3.285587e-02 4.519017e-03 2.248246e-01 1.500096e-02
3.177464e-02 9.199186e-01 6.885253e-02 9.953220e-02 1.338603e-02 -1.689153e-01 2.586085e-02 1.571002e-01 8.317807e-03 3.273262e-02 6.726279e-03 2.760018e-01 1.487876e-02
4.751347e-03 1.036381e+00 1.201398e-01 9.227888e-02 6.435892e-03 -2.417676e-01 3.640144e-02 5.884723e-02 2.606507e-03 2.880967e-02 4.266381e-03 1.245300e-01 9.685979e-03
5.048307e-03 1.090221e+00 1.560008e-01 8.042102e-02 1.591932e-02 -2.646192e-01 2.894008e-02 6.414955e-02 1.612611e-03 3.905540e-02 3.617567e-03 1.425171e-01 6.219667e-03
5.939184e-03 9.212400e-01 1.445132e-01 9.473036e-02 1.499266e-02 -1.914617e-01 3.432818e-02 7.046815e-02 2.436874e-03 3.729679e-02 3.301700e-03 1.153612e-01 9.103373e-03
7.423980e-03 1.021323e+00 9.309152e-02 1.028503e-01 1.518031e-02 -2.219851e-01 2.396676e-02 6.483676e-02 3.395796e-03 2.716633e-02 2.860527e-03 1.241209e-01 6.256735e-03
9.502695e-03 1.088601e+00 1.212861e-01 8.261082e-02 9.895026e-03 -2.572289e-01 3.299340e-02 6.702805e-02 2.670785e-03 3.425515e-02 5.181971e-03 1.505375e-01 7.287068e-03
1.217533e-02 9.213165e-01 5.761647e-02 9.484085e-02 1.122058e-02 -1.864423e-01 1.639648e-02 7.884118e-02 5.283177e-03 4.007246e-02 1.898061e-03 1.428092e-01 7.106146e-03
1.544188e-02 9.266089e-01 5.096459e-02 8.421020e-02 9.742320e-03 -1.928468e-01 2.614276e-02 8.050986e-02 2.472552e-03 3.906532e-02 3.307242e-03 1.597016e-01 8.594992e-03
1.930235e-02 1.099524e+00 9.267065e-02 1.009677e-01 1.447021e-02 -2.565544e-01 2.911871e-02 9.718975e-02 5.964085e-03 3.267918e-02 3.766429e-03 1.923584e-01 8.893415e-03
5.048307e-03 9.692331e-01 1.237703e-01 9.474315e-02 1.396028e-02 -2.211472e-01 2.780523e-02 6.251295e-02 1.839042e-03 2.875147e-02 2.211952e-03 1.178774e-01 7.784253e-03
5.345266e-03 1.018730e+00 8.325186e-02 9.305646e-02 1.254145e-02 -2.326126e-01 2.674047e-02 6.447824e-02 3.600757e-03 3.313880e-02 4.278860e-03 1.265375e-01 8.374686e-03
6.236143e-03 9.241782e-01 1.168167e-01 8.369409e-02 1.154618e-02 -2.129698e-01 3.392539e-02 6.208198e-02 4.359539e-03 3.318959e-02 5.270249e-03 1.230039e-01 8.049540e-03
7.720939e-03 9.899895e-01 1.218546e-01 8.880786e-02 2.102738e-02 -2.220573e-01 2.115463e-02 6.311853e-02 4.053795e-03 2.751135e-02 3.165083e-03 1.229818e-01 7.582628e-03
9.799654e-03 1.025913e+00 5.400383e-02 9.797925e-02 2.744002e-03 -2.270441e-01 1.895843e-02 6.763496e-02 2.283393e-03 2.919892e-02 1.689775e-03 1.377280e-01 6.253148e-03
1.247229e-02 9.028349e-01 6.016016e-02 8.751628e-02 1.168268e-02 -1.918260e-01 1.257721e-02 6.853385e-02 2.782678e-03 3.162578e-02 3.292023e-03 1.357855e-01 4.404845e-03
1.573884e-02 9.457653e-01 7.563472e-02 8.781307e-02 1.208303e-02 -2.165667e-01 2.736377e-02 8.408784e-02 4.678531e-03 3.673479e-02 5.658841e-03 1.671937e-01 1.233182e-02
1.959931e-02 9.627477e-01 9.691990e-02 9.751448e-02 4.147813e-03 -2.327261e-01 3.141320e-02 9.391573e-02 3.756721e-03 2.943188e-02 1.914540e-03 1.860905e-01 1.463253e-02
5.939184e-03 1.223752e+00 1.648057e-01 1.097948e-01 1.351718e-02 -2.893711e-01 4.605089e-02 6.325711e-02 3.370072e-03 2.566152e-02 1.378028e-03 1.421039e-01 1.576265e-02
6.236143e-03 9.247145e-01 2.083180e-01 8.068910e-02 1.894339e-02 -2.088700e-01 5.367615e-02 6.323937e-02 1.365627e-03 3.247933e-02 5.216625e-03 1.176030e-01 1.353381e-02
7.127021e-03 8.504424e-01 2.289878e-02 6.707230e-02 8.419186e-03 -2.037990e-01 1.267265e-02 6.119160e-02 2.603046e-03 3.616855e-02 1.371200e-03 1.265540e-01 6.310529e-03
8.611817e-03 9.444054e-01 9.126477e-02 6.764264e-02 6.540832e-03 -2.204679e-01 2.079199e-02 6.061548e-02 1.900943e-03 3.147457e-02 3.244476e-03 1.289356e-01 5.321361e-03
1.069053e-02 1.005171e+00 8.760509e-02 7.299835e-02 1.200107e-02 -2.424944e-01 2.656406e-02 6.633167e-02 3.842340e-03 3.380429e-02 4.105786e-03 1.442597e-01 9.061928e-03
1.336316e-02 9.868550e-01 1.280767e-01 8.845956e-02 1.357595e-02 -2.191083e-01 3.422294e-02 7.953563e-02 4.221118e-03 3.401324e-02 6.521519e-03 1.486767e-01 1.107665e-02
1.662972e-02 8.746625e-01 4.308852e-02 7.382149e-02 1.027213e-02 -1.928989e-01 1.129207e-02 8.447348e-02 1.361347e-03 4.056906e-02 3.587675e-03 1.615406e-01 7.323695e-03
2.049019e-02 9.868789e-01 1.177420e-01 8.835448e-02 1.032565e-02 -2.183586e-01 3.870975e-02 9.031437e-02 3.442860e-03 3.125106e-02 5.690178e-03 1.885930e-01 1.190367e-02
7.423980e-03 8.867305e-01 1.020233e-01 7.516352e-02 1.254525e-02 -2.138037e-01 3.485635e-02 6.349427e-02 2.996239e-03 3.590148e-02 1.847712e-03 1.322154e-01 1.214989e-02
7.720939e-03 8.482138e-01 1.576161e-01 7.086985e-02 9.604142e-03 -1.934051e-01 4.103416e-02 6.330816e-02 2.429711e-03 3.655741e-02 3.216847e-03 1.245159e-01 1.109867e-02
8.611817e-03 1.120240e+00 1.324315e-01 9.124200e-02 6.600357e-03 -2.790884e-01 4.585190e-02 7.053747e-02 4.462753e-03 3.527459e-02 4.430361e-03 1.619832e-01 1.591018e-02
1.009661e-02 1.055112e+00 1.528712e-01 8.766049e-02 1.335669e-02 -2.563087e-01 4.348955e-02 6.995203e-02 2.007936e-03 3.724532e-02 4.999926e-03 1.598627e-01 1.271227e-02
1.217533e-02 8.978248e-01 1.053488e-01 7.550407e-02 7.345470e-03 -2.006938e-01 3.369245e-02 7.272991e-02 2.497604e-03 3.733577e-02 2.634466e-03 1.439212e-01 1.144599e-02
1.484796e-02 8.849398e-01 7.832362e-02 5.949146e-02 1.155015e-02 -2.169315e-01 2.383562e-02 7.793983e-02 5.538077e-03 3.749841e-02 4.411404e-03 1.610067e-01 1.096897e-02
1.811451e-02 1.123622e+00 8.622613e-02 1.071289e-01 1.104653e-02 -2.463893e-01 2.464785e-02 8.504492e-02 3.537252e-03 2.689895e-02 2.950916e-03 1.748159e-01 5.714918e-03
2.197498e-02 8.347327e-01 6.363326e-02 8.722876e-02 1.196378e-02 -1.617647e-01 1.291376e-02 1.020849e-01 6.615298e-04 3.678937e-02 3.102051e-03 1.788250e-01 5.820674e-03
9.502695e-03 1.052044e+00 1.078380e-01 1.000128e-01 8.916114e-03 -2.425289e-01 3.497455e-02 6.590526e-02 2.855319e-03 2.705057e-02 3.284357e-03 1.401518e-01 1.304611e-02
9.799654e-03 9.927277e-01 1.652874e-01 8.391866e-02 8.726829e-03 -2.296216e-01 5.156881e-02 6.435477e-02 3.935360e-03 3.157380e-02 6.240178e-03 1.391073e-01 1.342856e-02
1.069053e-02 1.020505e+00 5.900939e-02 7.644885e-02 1.056806e-02 -2.504670e-01 9.098934e-03 7.149995e-02 3.860246e-03 3.598894e-02 3.274449e-03 1.543625e-01 5.761239e-03
1.217533e-02 8.774902e-01 7.578170e-02 8.440849e-02 1.076288e-02 -2.057684e-01 1.274019e-02 7.558350e-02 3.676942e-03 3.617953e-02 3.490934e-03 1.493792e-01 6.402368e-03
1.425404e-02 9.772706e-01 1.135724e-01 7.804819e-02 9.422952e-04 -2.309705e-01 3.609682e-02 7.337255e-02 2.692183e-03 3.068022e-02 1.603537e-03 1.548972e-01 1.419478e-02
1.692667e-02 9.428959e-01 6.435490e-02 8.762828e-02 8.440414e-03 -2.107044e-01 2.291247e-02 8.084522e-02 2.809751e-03 3.069931e-02 2.352582e-03 1.638092e-01 9.029728e-03
2.019323e-02 9.945747e-01 7.585883e-02 8.887007e-02 1.053903e-02 -2.340236e-01 1.598536e-02 9.788722e-02 4.933391e-03 3.788990e-02 2.771602e-03 1.970887e-01 8.063183e-03
2.405370e-02 9.029902e-01 2.832349e-02 9.160988e-02 1.118762e-02 -1.913018e-01 2.142303e-02 1.027418e-01 7.154650e-03 2.690241e-02 2.785783e-03 2.087519e-01 5.022358e-03
1.217533e-02 9.133888e-01 7.124878e-02 9.547531e-02 4.464699e-03 -1.970563e-01 2.541803e-02 8.268228e-02 2.972707e-03 4.150283e-02 2.787487e-03 1.498945e-01 1.144002e-02
1.247229e-02 1.059641e+00 9.500527e-02 9.839151e-02 1.606320e-02 -2.303210e-01 2.003908e-02 7.574225e-02 2.325875e-03 3.236877e-02 2.477284e-03 1.500460e-01 8.429071e-03
1.336316e-02 9.488980e-01 3.963325e-02 9.452606e-02 1.257501e-02 -1.912882e-01 2.048882e-02 7.926385e-02 4.119238e-03 3.702750e-02 3.832666e-03 1.399194e-01 9.607332e-03
1.484796e-02 9.288685e-01 5.613685e-02 7.509684e-02 7.970229e-03 -2.356237e-01 2.084975e-02 8.158532e-02 5.274619e-03 3.537817e-02 4.311349e-03 1.743556e-01 8.995813e-03
1.692667e-02 9.794939e-01 4.413391e-02 7.943638e-02 9.986720e-03 -2.189999e-01 1.126668e-02 8.087480e-02 4.488907e-03 3.160200e-02 1.221416e-03 1.697734e-01 8.815206e-03
1.959931e-02 9.354074e-01 4.990320e-02 8.665427e-02 1.305485e-02 -2.079065e-01 1.394555e-02 8.367163e-02 4.911901e-03 2.873491e-02 2.129901e-03 1.793844e-01 6.993771e-03
2.286586e-02 1.018168e+00 2.156118e-02 1.234436e-01 1.262008e-02 -2.180821e-01 1.443816e-02 1.178284e-01 4.411592e-03 3.447706e-02 6.043376e-03 2.079325e-01 7.169463e-03
2.672633e-02 9.673389e-01 6.896384e-02 1.181422e-01 1.051041e-02 -1.770512e-01 1.648134e-02 1.239699e-01 4.274332e-03 2.664620e-02 2.077787e-03 2.235265e-01 8.906600e-03
1.544188e-02 1.033456e+00 6.192047e-02 8.018629e-02 9.257157e-03 -2.438215e-01 2.492687e-02 8.808766e-02 2.392606e-03 4.360361e-02 3.591173e-03 1.765632e-01 1.437033e-02
1.573884e-02 1.068950e+00 1.068551e-01 8.631831e-02 1.687561e-02 -2.395339e-01 1.524245e-02 8.128855e-02 6.155782e-03 3.765127e-02 7.061172e-03 1.726690e-01 9.308839e-03
1.662972e-02 8.961952e-01 1.342995e-01 7.288813e-02 1.573597e-02 -2.018816e-01 2.490990e-02 7.716694e-02 1.145746e-03 3.509601e-02 4.861854e-03 1.622859e-01 9.020715e-03
1.811451e-02 9.898744e-01 7.786261e-02 9.577477e-02 1.167860e-02 -2.134985e-01 2.221024e-02 9.316313e-02 3.174278e-03 3.756649e-02 3.633327e-03 1.772003e-01 1.227991e-02
2.019323e-02 9.406801e-01 1.221603e-02 8.932365e-02 1.036958e-02 -2.312954e-01 1.273423e-02 9.216420e-02 4.872550e-03 2.893615e-02 3.377076e-03 1.925700e-01 7.545886e-03
2.286586e-02 9.178429e-01 6.781769e-02 8.830640e-02 1.076900e-02 -2.008410e-01 3.290226e-02 1.019368e-01 2.647764e-03 2.889879e-02 4.337152e-03 1.963968e-01 1.442063e-02
2.613241e-02 9.115267e-01 6.611161e-02 9.572855e-02 7.555487e-03 -1.940039e-01 2.462043e-02 1.181924e-01 1.728488e-03 2.945868e-02 1.585945e-03 2.225243e-01 1.270122e-02
2.999288e-02 9.301868e-01 5.968724e-02 7.816551e-02 1.244149e-02 -2.358600e-01 2.034732e-02 1.415665e-01 5.180440e-03 2.551758e-02 5.339220e-03 2.781530e-01 5.679650e-03
1.930235e-02 9.177127e-01 9.825015e-02 8.991965e-02 1.019291e-02 -1.942028e-01 1.876769e-02 8.723641e-02 3.248435e-03 3.105588e-02 3.093698e-03 1.712701e-01 3.675155e-03
1.959931e-02 9.339315e-01 4.746292e-02 8.135702e-02 6.479916e-03 -2.068678e-01 2.168163e-02 8.866500e-02 3.648284e-03 3.199844e-02 3.892150e-03 1.760771e-01 1.026920e-02
2.049019e-02 8.636032e-01 6.363925e-02 7.804531e-02 1.381075e-02 -1.898392e-01 1.487041e-02 9.600902e-02 5.151313e-03 3.730259e-02 8.439266e-03 1.902872e-01 1.147156e-02
2.197498e-02 1.001877e+00 6.753263e-02 8.351764e-02 8.770325e-03 -2.432099e-01 2.615810e-02 9.372848e-02 5.225577e-03 2.644401e-02 3.745873e-03 1.982862e-01 1.162335e-02
2.405370e-02 1.098794e+00 2.732825e-02 1.139405e-01 8.629778e-03 -2.232940e-01 1.879581e-02 1.061428e-01 3.382172e-03 2.542028e-02 8.006821e-03 2.092632e-01 8.167246e-03
2.672633e-02 9.875075e-01 4.459142e-02 9.080264e-02 5.593023e-03 -2.006533e-01 1.271485e-02 1.134740e-01 4.669432e-03 2.682012e-02 3.815212e-03 2.262206e-01 1.266707e-02
2.999288e-02 8.528992e-01 5.257294e-02 1.057591e-01 1.097116e-02 -1.749778e-01 1.739760e-02 1.647253e-01 7.686956e-03 3.908113e-02 6.181723e-03 2.555018e-01 4.141343e-03
3.385335e-02 1.004721e+00 5.767729e-02 1.094598e-01 1.260306e-02 -2.376367e-01 2.521515e-02 1.681031e-01 7.687583e-03 5.453642e-03 5.285930e-03 3.005131e-01 8.137062e-03
7.423980e-03 9.705047e-01 1.205741e-01 9.048840e-02 1.994991e-02 -2.243578e-01 2.164181e-02 6.894714e-02 5.597341e-03 3.666042e-02 2.687886e-03 1.381291e-01 7.622144e-03
7.720939e-03 8.578171e-01 4.835397e-02 8.211851e-02 7.858975e-03 -1.949013e-01 1.468090e-02 7.520371e-02 3.155173e-03 4.343497e-02 3.452714e-03 1.320456e-01 7.329335e-03
8.611817e-03 9.850299e-01 1.193957e-01 7.650391e-02 1.096895e-02 -2.407389e-01 3.023498e-02 6.899973e-02 5.446036e-03 3.940603e-02 3.858656e-03 1.477490e-01 1.160047e-02
1.009661e-02 9.640434e-01 7.256900e-02 7.512746e-02 7.336771e-03 -2.235372e-01 1.630639e-02 6.930749e-02 2.708986e-03 3.886333e-02 2.975578e-03 1.469637e-01 6.662460e-03
1.217533e-02 9.855552e-01 5.373053e-02 9.076781e-02 7.908120e-03 -2.224987e-01 1.778972e-02 7.288674e-02 3.842159e-03 2.875612e-02 1.785697e-03 1.404076e-01 8.305614e-03
1.484796e-02 9.297575e-01 5.365806e-02 7.395921e-02 6.640301e-03 -2.331928e-01 1.585595e-02 8.570937e-02 3.946908e-03 4.287325e-02 5.634506e-03 1.765005e-01 4.291885e-03
1.811451e-02 8.196280e-01 3.129163e-02 6.670096e-02 1.157932e-02 -1.940589e-01 8.095051e-03 8.844558e-02 5.684140e-03 4.407057e-02 3.402963e-03 1.821850e-01 5.043231e-03
2.197498e-02 9.069611e-01 4.874673e-02 9.318913e-02 6.004295e-03 -2.020092e-01 2.028004e-02 1.055064e-01 6.524757e-03 3.500038e-02 3.624687e-03 1.962403e-01 7.023776e-03
7.720939e-03 1.049005e+00 1.601800e-01 8.211634e-02 2.668406e-02 -2.585490e-01 2.996105e-02 7.354654e-02 4.682859e-03 3.978052e-02 6.026464e-03 1.488118e-01 9.843382e-03
8.017899e-03 8.693002e-01 9.683176e-02 7.279028e-02 1.233923e-02 -1.996448e-01 1.824394e-02 6.477639e-02 4.291895e-03 3.617985e-02 3.268651e-03 1.276743e-01 6.545764e-03
8.908776e-03 8.688270e-01 7.485202e-02 9.058369e-02 5.902489e-03 -1.739612e-01 2.012417e-02 6.440825e-02 2.648483e-03 3.309714e-02 2.758556e-03 1.186660e-01 7.699266e-03
1.039357e-02 9.617754e-01 5.838894e-02 9.563530e-02 4.776113e-03 -1.967932e-01 1.432635e-02 7.035828e-02 1.851054e-03 3.436009e-02 2.592485e-03 1.317894e-01 4.301655e-03
1.247229e-02 1.003122e+00 1.222027e-01 8.862132e-02 1.533074e-02 -2.364417e-01 2.349357e-02 7.099309e-02 1.221156e-03 2.990183e-02 3.061582e-03 1.512639e-01 7.801746e-03
1.514492e-02 8.565336e-01 8.563704e-02 6.132370e-02 5.389834e-03 -2.059299e-01 2.284540e-02 7.399895e-02 4.793529e-03 3.926217e-02 4.661804e-03 1.591068e-01 8.111873e-03
1.841147e-02 9.777464e-01 3.745387e-02 8.919415e-02 6.560138e-03 -2.256756e-01 1.537007e-02 8.892534e-02 2.470374e-03 3.265625e-02 1.986573e-03 1.930887e-01 9.505907e-03
2.227194e-02 1.019980e+00 5.152828e-02 7.742989e-02 4.235741e-03 -2.497926e-01 2.236271e-02 1.010783e-01 1.659008e-03 3.582904e-02 2.379358e-03 2.113791e-01 1.589998e-02
8.611817e-03 1.045368e+00 8.610206e-02 9.847318e-02 1.407934e-02 -2.309373e-01 1.641765e-02 6.807557e-02 3.359956e-03 2.847528e-02 3.081877e-03 1.279119e-01 4.817747e-03
8.908776e-03 9.584797e-01 9.001015e-02 6.986079e-02 1.230224e-02 -2.299433e-01 2.743239e-02 6.188703e-02 2.176799e-03 3.168199e-02 4.478345e-03 1.353472e-01 9.934706e-03
9.799654e-03 8.240835e-01 6.747845e-02 7.318459e-02 1.200885e-02 -1.835962e-01 1.003602e-02 6.780351e-02 3.430291e-03 3.876499e-02 2.779592e-03 1.333420e-01 5.402745e-03
1.128445e-02 9.093618e-01 3.107346e-02 6.930997e-02 8.803019e-03 -2.128706e-01 1.478107e-02 7.120731e-02 3.678639e-03 3.797794e-02 2.705137e-03 1.499857e-01 5.829470e-03
1.336316e-02 9.083499e-01 9.721864e-02 9.112588e-02 1.369056e-02 -1.996637e-01 1.901295e-02 7.930427e-02 5.054335e-03 3.523830e-02 5.287702e-03 1.497733e-01 9.442632e-03
1.603580e-02 8.874681e-01 5.358480e-02 6.459677e-02 7.594233e-03 -2.141223e-01 2.036203e-02 7.789547e-02 4.275119e-03 3.498951e-02 2.536492e-03 1.688608e-01 9.112804e-03
1.930235e-02 1.013387e+00 1.005628e-01 8.915486e-02 1.029912e-02 -2.136118e-01 2.871464e-02 9.057980e-02 3.466953e-03 3.358400e-02 4.733431e-03 1.805525e-01 8.164074e-03
2.316282e-02 9.653697e-01 7.832563e-02 8.505243e-02 1.305129e-02 -2.123011e-01 2.251988e-02 1.082139e-01 4.943349e-03 3.959949e-02 2.620294e-03 2.072421e-01 6.815686e-03
1.009661e-02 1.093930e+00 1.356384e-01 7.981649e-02 8.191942e-03 -2.576394e-01 4.418209e-02 6.749101e-02 3.091834e-03 3.441052e-02 5.721323e-03 1.545814e-01 9.046523e-03
1.039357e-02 1.022916e+00 5.910734e-02 8.597308e-02 1.025215e-02 -2.328677e-01 1.806437e-02 6.463298e-02 3.290514e-03 2.865574e-02 2.182463e-03 1.401738e-01 6.735874e-03
1.128445e-02 1.058395e+00 9.380169e-02 9.417821e-02 1.635150e-02 -2.632062e-01 2.957817e-02 7.661006e-02 4.195664e-03 3.337055e-02 2.587938e-03 1.596212e-01 1.390800e-02
1.276925e-02 9.501641e-01 9.355867e-02 6.964548e-02 4.077709e-03 -2.401960e-01 2.738246e-02 7.024856e-02 4.071166e-03 3.489342e-02 6.129055e-03 1.597316e-01 1.294031e-02
1.484796e-02 9.638182e-01 6.206945e-02 8.530510e-02 1.550490e-02 -2.280066e-01 2.175736e-02 7.879098e-02 2.442002e-03 3.384465e-02 5.175734e-03 1.667082e-01 1.015648e-02
1.752059e-02 1.025095e+00 6.373929e-02 8.970203e-02 1.360422e-02 -2.251601e-01 1.416751e-02 9.239911e-02 3.327408e-03 4.452264e-02 5.225790e-03 1.905917e-01 9.338139e-03
2.078714e-02 1.013015e+00 6.173465e-02 1.039153e-01 2.077642e-02 -2.120852e-01 1.883304e-02 9.590458e-02 6.469398e-03 2.992727e-02 2.458530e-03 1.849122e-01 4.675633e-03
2.464761e-02 9.252675e-01 6.163367e-02 9.734448e-02 1.234335e-02 -1.983828e-01 2.582700e-02 1.227150e-01 5.135616e-03 3.156102e-02 5.648941e-03 2.068279e-01 1.388129e-02
1.217533e-02 1.000838e+00 9.344227e-02 9.882526e-02 9.773217e-03 -2.219427e-01 3.023477e-02 7.853822e-02 2.544116e-03 3.552653e-02 4.311324e-03 1.501216e-01 8.255601e-03
1.247229e-02 9.341934e-01 5.546491e-02 8.298817e-02 1.339335e-02 -2.081241e-01 1.252760e-02 6.933390e-02 1.414553e-03 3.380346e-02 4.795861e-03 1.472726e-01 7.588912e-03
1.336316e-02 1.077022e+00 1.142354e-01 8.582219e-02 1.050653e-02 -2.462741e-01 3.539033e-02 7.763205e-02 3.705673e-03 4.139917e-02 3.210603e-03 1.750023e-01 1.181909e-02
1.484796e-02 9.429153e-01 8.111807e-02 7.483903e-02 3.608714e-03 -2.112195e-01 3.527081e-02 7.612022e-02 2.760035e-03 3.213037e-02 5.001330e-03 1.507476e-01 1.567110e-02
1.692667e-02 9.963317e-01 1.085704e-01 9.305389e-02 1.364905e-02 -2.208157e-01 2.350622e-02 8.651129e-02 5.765220e-03 3.372564e-02 2.614195e-03 1.697381e-01 8.900827e-03
1.959931e-02 8.299191e-01 9.050998e-02 6.689694e-02 1.586363e-02 -1.803661e-01 2.104114e-02 8.742326e-02 2.413678e-03 3.635668e-02 3.399472e-03 1.690538e-01 4.336248e-03
2.286586e-02 9.287323e-01 3.349921e-02 8.986686e-02 1.568173e-02 -2.053507e-01 1.838060e-02 9.942885e-02 3.391127e-03 3.276472e-02 4.048045e-03 2.106708e-01 1.393769e-02
2.672633e-02 8.997617e-01 6.280691e-02 1.009302e-01 7.253649e-03 -1.887434e-01 2.531475e-02 1.235320e-01 5.192666e-03 2.665257e-02 7.217152e-03 2.231470e-01 8.551745e-03
1.484796e-02 1.072013e+00 6.267419e-02 9.236329e-02 5.479394e-03 -2.499287e-01 1.027927e-02 8.490517e-02 4.575214e-03 3.592039e-02 3.165387e-03 1.718443e-01 6.566359e-03
1.514492e-02 9.332391e-01 6.469357e-02 8.272279e-02 9.803540e-03 -2.238052e-01 2.407579e-02 8.097331e-02 1.421800e-03 3.380366e-02 2.419926e-03 1.636916e-01 9.902477e-03
1.603580e-02 9.210040e-01 8.038574e-02 8.696028e-02 8.698504e-03 -2.052127e-01 3.131881e-02 8.119442e-02 2.893086e-03 3.204848e-02 2.893964e-03 1.630596e-01 9.658064e-03
1.752059e-02 9.612839e-01 7.371671e-02 6.943116e-02 9.860891e-03 -2.363495e-01 1.629536e-02 8.067098e-02 4.438816e-03 3.527176e-02 4.050915e-03 1.769223e-01 1.072619e-02
1.959931e-02 9.370055e-01 3.210278e-02 7.969134e-02 4.144579e-03 -2.180942e-01 1.128734e-02 9.816195e-02 4.558103e-03 3.838683e-02 4.964596e-03 1.922858e-01 1.363552e-02
2.227194e-02 9.154317e-01 3.677473e-02 6.490621e-02 7.233161e-03 -2.149966e-01 1.900257e-02 1.018761e-01 5.237383e-03 3.987613e-02 5.355304e-03 2.155503e-01 7.420315e-03
2.553849e-02 1.015344e+00 4.449653e-02 9.328738e-02 1.918395e-02 -2.409341e-01 2.209508e-02 1.202683e-01 5.975010e-03 3.316866e-02 6.604481e-03 2.289063e-01 1.128239e-02
2.939896e-02 9.311906e-01 4.640437e-02 9.444714e-02 5.963142e-03 -1.773693e-01 1.723366e-02 1.308824e-01 5.815214e-03 1.767075e-02 5.553425e-03 2.501097e-01 1.302360e-02
1.811451e-02 9.465223e-01 9.098334e-02 9.096968e-02 7.992732e-03 -2.237738e-01 3.164244e-02 8.610121e-02 9.450084e-04 3.112083e-02 2.034547e-03 1.784692e-01 1.400481e-02
1.841147e-02 1.005849e+00 6.959188e-02 7.651509e-02 1.641015e-02 -2.134434e-01 2.179949e-02 8.575402e-02 5.624325e-03 3.434576e-02 3.992635e-03 1.764770e-01 8.416873e-03
1.930235e-02 8.571936e-01 6.771008e-02 8.244173e-02 1.659555e-02 -1.648920e-01 1.297787e-02 9.363827e-02 5.718619e-03 3.817860e-02 6.830916e-03 1.620883e-01 6.032883e-03
2.078714e-02 1.000763e+00 8.079707e-02 9.732624e-02 1.083002e-02 -2.359572e-01 2.791805e-02 1.040992e-01 3.280592e-03 3.389219e-02 5.773462e-03 2.156931e-01 7.743731e-03
2.286586e-02 8.184794e-01 3.107582e-02 7.192643e-02 1.391499e-02 -1.648336e-01 2.325661e-02 1.079663e-01 2.592930e-03 3.914320e-02 4.337057e-03 1.839651e-01 1.212675e-02
2.553849e-02 9.823733e-01 5.816474e-02 1.177569e-01 8.684444e-03 -1.917840e-01 1.148293e-02 1.231445e-01 4.331434e-03 2.995233e-02 3.452073e-03 2.121915e-01 6.556952e-03
2.880504e-02 1.026264e+00 8.216089e-02 1.109324e-01 1.454770e-02 -2.225104e-01 2.239713e-02 1.330087e-01 3.095179e-03 2.256351e-02 3.342093e-03 2.420518e-01 7.902989e-03
3.266551e-02 1.002781e+00 9.977284e-02 1.070035e-01 1.432208e-02 -2.140667e-01 2.109043e-02 1.556358e-01 9.387940e-03 2.051975e-02 7.247966e-03 2.952051e-01 1.455459e-02
2.197498e-02 1.034983e+00 4.946757e-02 1.036939e-01 1.461613e-02 -2.303834e-01 1.127891e-02 1.018515e-01 2.744595e-03 3.081985e-02 3.659139e-03 1.984951e-01 8.177109e-03
2.227194e-02 9.487627e-01 2.163684e-02 8.001322e-02 2.381530e-03 -2.230446e-01 1.886214e-02 1.007619e-01 1.720089e-03 3.208298e-02 4.009368e-03 2.029529e-01 9.341461e-03
2.316282e-02 9.585261e-01 5.321678e-02 9.994230e-02 5.380674e-03 -2.136892e-01 2.261311e-02 1.125837e-01 3.695906e-03 3.709366e-02 1.937021e-03 2.147185e-01 9.879255e-03
2.464761e-02 9.294653e-01 7.942012e-02 8.193318e-02 9.855769e-03 -2.006158e-01 1.735403e-02 1.098159e-01 3.490926e-03 3.713530e-02 7.222960e-03 2.137937e-01 9.323498e-03
2.672633e-02 9.606774e-01 1.813843e-02 1.079961e-01 1.801896e-02 -2.078161e-01 2.189787e-02 1.207777e-01 4.557137e-03 2.011368e-02 3.935935e-03 2.162751e-01 1.233361e-02
2.939896e-02 9.472042e-01 6.370427e-02 9.614909e-02 1.221195e-02 -2.248812e-01 2.115739e-02 1.293285e-01 1.081090e-02 1.593560e-02 4.934274e-03 2.602907e-01 9.324866e-03
3.266551e-02 9.669451e-01 6.876035e-02 1.076840e-01 1.503490e-02 -2.406548e-01 1.408119e-02 1.581561e-01 6.379093e-03 2.070523e-02 8.397494e-03 2.924348e-01 1.946281e-02
3.652598e-02 9.911388e-01 3.780662e-02 1.203273e-01 1.471337e-02 -2.376114e-01 2.283823e-02 1.854975e-01 1.219618e-02 1.502026e-02 6.151147e-03 3.490841e-01 1.080853e-02
1.069053e-02 8.650171e-01 7.539188e-02 7.786084e-02 1.394033e-02 -2.025902e-01 1.584779e-02 7.263069e-02 3.451861e-03 3.983106e-02 3.238788e-03 1.428703e-01 7.805085e-03
1.098749e-02 9.497665e-01 6.246699e-02 7.660408e-02 7.774219e-03 -2.304987e-01 1.492214e-02 6.911913e-02 3.613082e-03 3.566671e-02 3.435569e-03 1.513522e-01 5.927369e-03
1.187837e-02 8.100919e-01 7.118742e-02 7.655519e-02 8.132514e-03 -1.830292e-01 2.207449e-02 7.238132e-02 3.787222e-03 3.892126e-02 4.749408e-03 1.437376e-01 6.055702e-03
1.336316e-02 9.314859e-01 6.308742e-02 7.887196e-02 1.270823e-02 -2.253384e-01 2.292589e-02 7.992715e-02 4.729462e-03 3.746828e-02 4.324803e-03 1.596968e-01 9.035970e-03
1.544188e-02 7.995165e-01 5.932535e-02 7.778240e-02 9.123209e-03 -1.689947e-01 1.255451e-02 8.634472e-02 4.353904e-03 4.413361e-02 2.226944e-03 1.551531e-01 7.274736e-03
1.811451e-02 1.040831e+00 5.719884e-02 9.842858e-02 4.480703e-03 -2.199777e-01 1.236989e-02 9.218099e-02 2.506234e-03 3.793988e-02 2.663602e-03 1.772733e-01 1.582509e-03
2.138106e-02 9.198176e-01 4.424665e-02 9.935145e-02 1.002188e-02 -1.798307e-01 2.367295e-02 1.000034e-01 7.034272e-03 3.292419e-02 4.397882e-03 1.731904e-01 1.329483e-02
2.524153e-02 9.243222e-01 6.348314e-02 8.529846e-02 1.165776e-02 -2.037489e-01 2.039941e-02 1.102621e-01 1.598821e-03 3.260659e-02 7.729299e-03 2.191026e-01 7.310681e-03
1.098749e-02 8.109161e-01 6.112515e-02 7.027822e-02 3.551260e-03 -1.768697e-01 2.740248e-02 6.854564e-02 3.294265e-03 3.493047e-02 4.582529e-03 1.264900e-01 6.171126e-03
1.128445e-02 1.040990e+00 5.170936e-02 9.431214e-02 1.674196e-02 -2.358808e-01 1.254189e-02 7.352668e-02 2.112904e-03 3.416459e-02 4.620972e-03 1.516937e-01 1.016724e-02
1.217533e-02 9.830698e-01 1.630083e-01 8.602401e-02 1.223130e-02 -2.224961e-01 5.170653e-02 7.439435e-02 1.397841e-03 3.456942e-02 5.587281e-03 1.526062e-01 2.051090e-02
1.366012e-02 8.900849e-01 1.252892e-01 7.587306e-02 1.524218e-02 -1.917930e-01 2.188677e-02 7.258857e-02 5.875967e-03 3.596438e-02 5.492631e-03 1.449792e-01 7.249859e-03
1.573884e-02 9.326571e-01 4.683924e-02 1.027656e-01 1.293411e-02 -1.721311e-01 1.533981e-02 8.101305e-02 3.347280e-03 3.368368e-02 3.063553e-03 1.496768e-01 6.391159e-03
1.841147e-02 9.363303e-01 1.159661e-01 1.019857e-01 1.775639e-02 -1.804396e-01 2.573186e-02 8.900321e-02 2.232466e-03 2.789653e-02 4.911015e-03 1.566186e-01 6.625727e-03
2.167802e-02 9.732734e-01 1.211823e-01 8.727255e-02 1.053959e-02 -1.974549e-01 2.638144e-02 9.715187e-02 5.434965e-03 3.375788e-02 5.041058e-03 1.893828e-01 5.989027e-03
2.553849e-02 9.663239e-01 5.787943e-02 8.612619e-02 9.533588e-03 -2.149949e-01 1.369673e-02 1.028261e-01 7.215644e-03 2.501907e-02 4.440528e-03 2.304735e-01 1.291874e-02
1.187837e-02 1.005503e+00 5.022168e-02 9.932499e-02 4.103267e-03 -2.158256e-01 1.948985e-02 7.392491e-02 1.926750e-03 2.986683e-02 4.229526e-03 1.401076e-01 9.076854e-03
1.217533e-02 9.633244e-01 1.045056e-01 5.885261e-02 9.259457e-03 -2.384851e-01 3.119537e-02 7.065848e-02 3.745683e-03 4.291428e-02 3.150152e-03 1.650906e-01 9.647089e-03
1.306621e-02 9.487686e-01 1.027844e-01 8.922549e-02 1.513821e-02 -2.096402e-01 2.011781e-02 7.427827e-02 5.819015e-03 3.272361e-02 3.300417e-03 1.441051e-01 9.401873e-03
1.455100e-02 9.920961e-01 6.114268e-02 9.806558e-02 7.374580e-03 -2.009864e-01 2.119671e-02 7.522623e-02 4.011745e-03 2.471545e-02 3.643917e-03 1.413132e-01 5.889445e-03
1.662972e-02 9.219676e-01 6.626308e-02 9.164379e-02 1.489542e-02 -2.043646e-01 7.536776e-03 8.167163e-02 2.257724e-03 2.869072e-02 4.704347e-03 1.549715e-01 4.245233e-03
1.930235e-02 1.028501e+00 5.937112e-02 7.291225e-02 2.210792e-02 -2.482172e-01 9.002036e-03 9.068312e-02 6.358754e-03 3.483271e-02 7.703146e-03 1.878194e-01 4.723623e-03
2.256890e-02 9.153133e-01 6.077648e-02 9.367099e-02 7.077620e-03 -1.849147e-01 1.184919e-02 1.078778e-01 3.957917e-03 3.387466e-02 3.661192e-03 1.961484e-01 7.743925e-03
2.642937e-02 9.344276e-01 4.739906e-02 8.979074e-02 8.849164e-03 -2.039272e-01 1.871187e-02 1.216677e-01 3.113967e-03 3.783808e-02 3.131743e-03 2.217816e-01 1.084120e-02
1.336316e-02 9.204782e-01 1.105045e-01 7.509423e-02 2.442915e-02 -2.033986e-01 1.494102e-02 7.157836e-02 3.167597e-03 3.612672e-02 4.000854e-03 1.565953e-01 6.340845e-03
1.366012e-02 9.129147e-01 3.422767e-02 7.720168e-02 1.727097e-02 -2.020936e-01 2.805422e-02 7.841102e-02 3.460686e-03 3.816740e-02 2.882184e-03 1.442228e-01 1.297285e-02
1.455100e-02 8.612556e-01 3.752196e-02 7.993071e-02 8.517014e-03 -1.885604e-01 1.729666e-02 8.057528e-02 2.287390e-03 4.139171e-02 5.561832e-03 1.604395e-01 1.211745e-02
1.603580e-02 1.093961e+00 4.516355e-02 1.003419e-01 1.904287e-02 -2.496370e-01 6.779845e-03 8.646377e-02 5.709724e-03 3.503988e-02 5.106169e-03 1.829571e-01 7.389234e-03
1.811451e-02 8.655708e-01 2.279262e-02 6.942341e-02 6.965891e-03 -2.028936e-01 1.495390e-02 7.724537e-02 2.015856e-03 3.362364e-02 4.898102e-03 1.764767e-01 9.006016e-03
2.078714e-02 1.010931e+00 4.362703e-02 1.116843e-01 1.040738e-02 -2.211848e-01 1.838488e-02 1.075591e-01 4.824926e-03 3.569736e-02 4.699285e-03 1.876640e-01 8.261827e-03
2.405370e-02 8.756807e-01 8.611281e-02 8.414461e-02 1.136045e-02 -1.997718e-01 2.923124e-02 1.102479e-01 3.963811e-03 3.743763e-02 4.884300e-03 2.124628e-01 8.720104e-03
2.791417e-02 9.141311e-01 5.792018e-02 9.863566e-02 9.002618e-03 -2.027025e-01 2.305982e-02 1.360138e-01 8.028572e-03 2.433050e-02 6.718964e-03 2.443236e-01 9.693757e-03
1.544188e-02 9.934384e-01 6.521705e-02 1.030128e-01 5.074686e-03 -2.205330e-01 1.376778e-02 8.170499e-02 4.843568e-03 3.178777e-02 3.460035e-03 1.685594e-01 5.813256e-03
1.573884e-02 8.987476e-01 3.143402e-02 8.595541e-02 6.516558e-03 -1.918008e-01 1.312867e-02 8.434947e-02 4.697868e-03 3.342907e-02 7.334784e-03 1.498684e-01 3.183502e-03
1.662972e-02 9.646935e-01 7.508836e-02 1.006840e-01 1.087769e-02 -1.960599e-01 2.159025e-02 9.067887e-02 5.182195e-03 3.557788e-02 3.053956e-03 1.601826e-01 7.227286e-03
1.811451e-02 9.698282e-01 6.705008e-02 8.815188e-02 1.031416e-02 -2.027060e-01 1.535095e-02 8.359928e-02 4.178018e-03 3.028299e-02 1.810936e-03 1.580415e-01 5.078461e-03
2.019323e-02 9.570549e-01 3.913836e-02 7.201883e-02 6.205871e-03 -2.492269e-01 1.244780e-02 9.715132e-02 5.694566e-03 3.580270e-02 3.592740e-03 2.065871e-01 7.323557e-03
2.286586e-02 9.196753e-01 2.785449e-02 9.484591e-02 1.119175e-02 -2.041256e-01 1.061545e-02 1.067684e-01 4.639481e-03 3.627786e-02 6.019219e-03 2.035881e-01 6.431889e-03
2.613241e-02 1.043804e+00 9.056052e-02 1.012390e-01 1.077576e-02 -2.350283e-01 1.897921e-02 1.181048e-01 4.668322e-03 1.788211e-02 6.648023e-03 2.337465e-01 1.132943e-02
2.999288e-02 9.732734e-01 8.711966e-02 8.378356e-02 1.548566e-02 -2.161871e-01 1.960174e-02 1.423866e-01 4.944956e-03 3.521368e-02 4.605046e-03 2.617359e-01 1.464573e-02
1.811451e-02 9.359657e-01 6.434352e-02 9.195980e-02 1.656546e-02 -2.127672e-01 2.699953e-02 9.519446e-02 4.855418e-03 3.875880e-02 6.427989e-03 1.813503e-01 7.957091e-03
1.841147e-02 1.016845e+00 2.269726e-02 8.789875e-02 7.991000e-03 -2.423962e-01 4.911186e-03 9.196454e-02 5.301590e-03 3.668420e-02 4.617419e-03 1.880884e-01 3.040541e-03
1.930235e-02 9.319579e-01 5.059185e-02 7.723666e-02 1.138716e-02 -2.063717e-01 2.331809e-02 9.022817e-02 3.254582e-03 3.468812e-02 3.777271e-03 1.710685e-01 7.412966e-03
2.078714e-02 1.016859e+00 5.659301e-02 6.654975e-02 1.324404e-02 -2.288218e-01 1.055072e-02 9.121776e-02 4.277386e-03 3.383235e-02 2.754862e-03 1.918113e-01 3.665416e-03
2.286586e-02 9.123677e-01 1.686159e-02 1.253398e-01 1.148952e-02 -1.715266e-01 1.576915e-02 1.222232e-01 5.732168e-03 3.681243e-02 4.989193e-03 1.944774e-01 8.615900e-03
2.553849e-02 1.036167e+00 6.379453e-02 9.810445e-02 1.501626e-02 -2.402432e-01 1.814509e-02 1.134567e-01 4.669560e-03 3.270098e-02 7.428893e-03 2.372047e-01 4.902330e-03
2.880504e-02 1.042751e+00 7.288420e-02 9.970262e-02 6.636706e-03 -2.459971e-01 2.659353e-02 1.424896e-01 5.643231e-03 1.805849e-02 2.853337e-03 2.659604e-01 1.241932e-02
3.266551e-02 8.952748e-01 6.485493e-02 6.921714e-02 6.026880e-03 -2.110890e-01 2.099070e-02 1.406891e-01 4.481812e-03 1.511061e-02 7.235038e-03 2.922053e-01 2.097364e-02
2.138106e-02 9.439956e-01 2.737926e-02 7.505651e-02 7.188755e-03 -2.235963e-01 1.816761e-02 9.312513e-02 3.875624e-03 2.907413e-02 4.331764e-03 1.918377e-01 9.550533e-03
2.167802e-02 9.290302e-01 7.609690e-02 1.011957e-01 1.424625e-02 -1.971698e-01 2.543771e-02 1.074543e-01 3.656403e-03 3.976371e-02 4.554274e-03 2.016540e-01 1.298053e-02
2.256890e-02 9.192975e-01 2.678142e-02 9.108592e-02 1.564647e-03 -2.133677e-01 1.237856e-02 9.856949e-02 2.927578e-03 2.720411e-02 3.702415e-03 2.053098e-01 8.708508e-03
2.405370e-02 9.315756e-01 5.524187e-02 8.366454e-02 1.529886e-02 -2.062359e-01 1.176696e-02 1.037628e-01 2.117489e-03 3.429282e-02 5.113960e-03 2.108445e-01 1.417424e-02
2.613241e-02 9.779736e-01 5.501783e-02 8.791694e-02 1.288767e-02 -2.093084e-01 1.626003e-02 1.155979e-01 5.403386e-03 3.057806e-02 5.453696e-03 2.167956e-01 1.165788e-02
2.880504e-02 9.702438e-01 2.475484e-02 1.008188e-01 5.228425e-03 -2.064207e-01 1.319721e-02 1.407699e-01 8.423280e-03 2.147601e-02 6.320786e-03 2.347804e-01 5.682640e-03
3.207159e-02 9.464156e-01 5.337743e-02 9.505372e-02 1.145965e-02 -2.210367e-01 1.770620e-02 1.488668e-01 1.011055e-02 3.034917e-02 5.541279e-03 2.930241e-01 3.582828e-03
3.593206e-02 9.629744e-01 3.077082e-02 8.322163e-02 1.324870e-02 -1.995548e-01 8.503860e-03 1.758656e-01 4.657849e-03 2.058791e-02 9.626769e-03 3.446873e-01 1.078203e-02
2.524153e-02 9.894496e-01 4.801344e-02 8.960957e-02 9.071329e-03 -2.283021e-01 2.122350e-02 1.142631e-01 4.444573e-03 3.227810e-02 5.163804e-03 2.275493e-01 9.331714e-03
2.553849e-02 8.531584e-01 4.728477e-02 8.721076e-02 6.754057e-03 -1.901024e-01 2.286157e-02 1.228910e-01 6.506747e-03 3.778308e-02 5.709769e-03 2.231651e-01 1.505348e-02
2.642937e-02 1.027926e+00 7.934439e-02 7.836011e-02 1.233378e-02 -2.467999e-01 3.142067e-02 1.172602e-01 6.467887e-03 2.543389e-02 4.835275e-03 2.261531e-01 1.433182e-02
2.791417e-02 9.430792e-01 6.380967e-02 9.416487e-02 1.579087e-02 -2.154345e-01 1.441950e-02 1.271010e-01 5.871909e-03 2.840073e-02 4.564001e-03 2.363775e-01 3.383834e-03
2.999288e-02 1.026156e+00 9.243194e-02 1.167450e-01 1.455598e-02 -2.436796e-01 2.622212e-02 1.356415e-01 4.772777e-03 5.727629e-03 4.428338e-03 2.569765e-01 2.152801e-02
3.266551e-02 9.378800e-01 3.734440e-02 1.117575e-01 1.094243e-02 -2.024803e-01 9.791099e-03 1.613597e-01 6.666789e-03 1.209538e-02 4.050601e-03 2.681973e-01 6.540163e-03
3.593206e-02 9.843108e-01 6.376732e-02 1.132903e-01 2.150546e-02 -2.099283e-01 8.036509e-03 1.836321e-01 5.631834e-03 2.087115e-03 5.360174e-03 3.077315e-01 7.259166e-03
3.979253e-02 9.344504e-01 3.676542e-02 9.527253e-02 9.806270e-03 -1.859091e-01 1.808320e-02 2.284466e-01 1.133209e-02 5.533047e-03 5.242900e-03 3.682934e-01 1.737120e-02
1.455100e-02 9.060459e-01 4.435833e-02 7.034962e-02 8.708057e-03 -2.236090e-01 1.473492e-02 7.805722e-02 1.458747e-03 3.877531e-02 3.666449e-03 1.643197e-01 8.056961e-03
1.484796e-02 9.933822e-01 6.385099e-02 8.935879e-02 1.366043e-02 -2.175171e-01 1.734658e-02 7.581876e-02 2.246779e-03 2.942909e-02 4.322533e-03 1.546341e-01 8.280998e-03
1.573884e-02 1.071256e+00 1.240328e-01 8.006389e-02 1.106457e-02 -2.504355e-01 3.756621e-02 8.463273e-02 3.526526e-03 4.176368e-02 8.404883e-03 1.778153e-01 7.383873e-03
1.722363e-02 9.545005e-01 7.059315e-02 7.046770e-02 6.152221e-03 -2.275537e-01 2.392844e-02 8.822957e-02 3.326355e-03 4.148025e-02 2.284723e-03 1.865487e-01 6.229395e-03
1.930235e-02 9.626629e-01 5.759467e-02 8.762101e-02 1.162517e-02 -2.232586e-01 2.293049e-02 8.587602e-02 1.609936e-03 2.899985e-02 5.649016e-03 1.811335e-01 1.417415e-02
2.197498e-02 9.598983e-01 8.942357e-02 9.840531e-02 1.604833e-02 -2.154920e-01 2.010645e-02 1.053893e-01 1.350252e-03 3.358109e-02 5.942501e-03 2.017409e-01 5.746428e-03
2.524153e-02 1.002414e+00 4.285028e-02 9.079199e-02 1.536338e-02 -2.209752e-01 1.054355e-02 1.212856e-01 8.990718e-03 3.315663e-02 2.206958e-03 2.176230e-01 8.616423e-03
2.910200e-02 9.267539e-01 5.433192e-02 1.015199e-01 1.607461e-02 -2.006581e-01 2.248232e-02 1.380626e-01 1.061319e-02 2.212026e-02 5.545163e-03 2.410303e-01 1.615853e-02
1.484796e-02 9.201381e-01 4.888293e-02 7.668790e-02 1.169746e-02 -2.114885e-01 2.169904e-02 7.843978e-02 4.264556e-03 3.834283e-02 8.239039e-03 1.634922e-01 1.266260e-02
1.514492e-02 9.503937e-01 1.278548e-01 6.061076e-02 1.231726e-02 -2.422620e-01 3.004840e-02 7.632515e-02 2.264875e-03 3.949530e-02 4.969998e-03 1.746439e-01 5.868418e-03
1.603580e-02 8.911786e-01 8.691381e-02 7.546099e-02 1.355765e-02 -1.918639e-01 2.282308e-02 7.673263e-02 2.266231e-03 3.486086e-02 2.620044e-03 1.551661e-01 7.908834e-03
1.752059e-02 1.019792e+00 9.685330e-02 9.181911e-02 1.414645e-02 -2.290685e-01 3.098039e-02 8.906611e-02 3.124019e-03 3.433369e-02 6.481714e-03 1.852034e-01 8.942256e-03
1.959931e-02 1.009314e+00 6.885380e-02 1.112676e-01 1.453209e-02 -2.078323e-01 1.310957e-02 9.890170e-02 4.847094e-03 3.441209e-02 2.838137e-03 1.912852e-01 9.289243e-03
2.227194e-02 8.865636e-01 4.552369e-02 6.883619e-02 8.049161e-03 -2.053740e-01 1.189464e-02 9.086156e-02 3.075931e-03 3.042896e-02 3.937892e-03 1.995626e-01 3.740618e-03
2.553849e-02 1.034993e+00 8.656893e-02 8.602854e-02 1.201133e-02 -2.589707e-01 3.231615e-02 1.094495e-01 4.009565e-03 2.684936e-02 7.905513e-03 2.388978e-01 1.258961e-02
2.939896e-02 8.838532e-01 3.051307e-02 1.076471e-01 1.245056e-02 -1.849035e-01 1.334308e-02 1.398653e-01 6.443691e-03 1.813570e-02 7.334582e-03 2.417868e-01 8.957051e-03
1.573884e-02 8.526878e-01 1.101948e-01 7.996849e-02 7.358902e-03 -1.851257e-01 3.735469e-02 7.901196e-02 4.890671e-03 3.866565e-02 2.634363e-03 1.659785e-01 1.634382e-02
1.603580e-02 9.178092e-01 7.170998e-02 7.657730e-02 8.822731e-03 -1.972343e-01 2.748248e-02 7.686390e-02 1.361810e-03 3.846716e-02 2.115376e-03 1.626625e-01 1.241869e-02
1.692667e-02 9.925744e-01 7.141208e-02 9.760574e-02 1.302402e-02 -2.234204e-01 1.353377e-02 8.547491e-02 2.004035e-03 3.816928e-02 4.980306e-03 1.804911e-01 1.061949e-02
1.841147e-02 9.481550e-01 4.539585e-02 9.898102e-02 6.976765e-03 -2.078943e-01 1.897320e-02 9.109768e-02 2.780831e-03 3.304362e-02 2.851418e-03 1.711748e-01 8.144089e-03
2.049019e-02 8.274064e-01 4.985978e-02 8.439139e-02 1.070751e-02 -1.714896e-01 2.359826e-02 9.619596e-02 1.749230e-03 3.117963e-02 5.683173e-03 1.650021e-01 1.321782e-02
2.316282e-02 9.428045e-01 3.049921e-02 8.516858e-02 1.455869e-02 -2.303905e-01 1.054359e-02 1.069131e-01 4.916643e-03 3.275148e-02 5.999560e-03 2.109101e-01 6.737063e-03
2.642937e-02 9.753526e-01 5.532057e-02 7.046690e-02 1.866647e-02 -2.337106e-01 1.378099e-02 1.180031e-01 4.089885e-03 2.787541e-02 8.085850e-03 2.325465e-01 1.118817e-02
3.028984e-02 9.833745e-01 3.617068e-02 9.056024e-02 1.092407e-02 -2.037247e-01 1.035909e-02 1.440091e-01 4.604727e-03 2.328495e-02 4.047416e-03 2.704794e-01 1.320077e-02
1.722363e-02 9.257472e-01 8.433392e-02 8.222140e-02 1.242727e-02 -2.278966e-01 3.272486e-02 8.494816e-02 5.430999e-03 3.702636e-02 4.505207e-03 1.827145e-01 1.589097e-02
1.752059e-02 9.564758e-01 4.371703e-02 8.372250e-02 8.064327e-03 -2.183281e-01 1.880563e-02 8.888880e-02 4.270909e-03 3.399896e-02 3.201203e-03 1.744673e-01 7.092330e-03
1.841147e-02 8.952068e-01 7.850258e-02 9.655571e-02 1.335515e-02 -2.013012e-01 1.945976e-02 8.390116e-02 3.185138e-03 3.069806e-02 4.131245e-03 1.823216e-01 9.207546e-03
1.989627e-02 8.633404e-01 6.555511e-02 7.270013e-02 7.253398e-03 -1.947030e-01 2.094524e-02 9.385431e-02 1.855820e-03 3.707736e-02 4.090439e-03 1.746848e-01 1.166112e-02
2.197498e-02 9.355756e-01 1.126542e-01 9.602695e-02 1.898411e-02 -1.931477e-01 2.103651e-02 1.035181e-01 2.970907e-03 3.381894e-02 8.263444e-03 1.872819e-01 1.059189e-02
2.464761e-02 9.015917e-01 5.180368e-02 7.274385e-02 9.592348e-03 -1.967205e-01 2.177270e-02 1.052477e-01 2.688884e-03 3.344932e-02 4.242499e-03 2.036465e-01 9.757217e-03
2.791417e-02 9.838295e-01 6.925043e-02 7.755710e-02 1.235164e-02 -2.497522e-01 2.396754e-02 1.285997e-01 5.602685e-03 2.946499e-02 4.960559e-03 2.667443e-01 8.225380e-03
3.177464e-02 1.028904e+00 4.174212e-02 1.049847e-01 1.044115e-02 -2.267756e-01 1.014576e-02 1.612299e-01 6.886321e-03 1.677053e-02 3.453838e-03 2.642942e-01 7.096339e-03
1.930235e-02 9.472659e-01 6.014381e-02 9.748503e-02 1.863828e-02 -2.226905e-01 1.338261e-02 9.232469e-02 4.534530e-03 3.309193e-02 4.356667e-03 1.873589e-01 5.391221e-03
1.959931e-02 9.119230e-01 9.227742e-02 8.465054e-02 9.704935e-03 -2.208101e-01 3.052948e-02 9.418932e-02 7.299861e-03 3.161674e-02 5.482656e-03 1.930124e-01 1.171222e-02
2.049019e-02 9.797214e-01 4.378129e-02 7.962944e-02 6.834396e-03 -2.158743e-01 1.404428e-02 9.224513e-02 4.461493e-03 3.476407e-02 4.309255e-03 1.868664e-01 4.802638e-03
2.197498e-02 8.903757e-01 6.069102e-02 7.451628e-02 1.205541e-02 -2.125579e-01 1.368116e-02 1.053468e-01 6.516431e-03 4.295658e-02 8.508778e-03 2.079821e-01 6.671309e-03
2.405370e-02 8.531783e-01 3.563708e-02 7.621330e-02 4.679589e-03 -1.804161e-01 1.124425e-02 1.071232e-01 4.145465e-03 4.264353e-02 8.873158e-03 2.141008e-01 7.813100e-03
2.672633e-02 9.213751e-01 7.831819e-02 8.094290e-02 1.947878e-02 -2.293742e-01 2.382020e-02 1.125714e-01 7.188013e-03 1.892900e-02 6.930360e-03 2.360687e-01 9.724278e-03
2.999288e-02 9.207985e-01 9.971309e-02 1.033317e-01 2.023170e-02 -1.903732e-01 3.111863e-02 1.347227e-01 5.782934e-03 2.417098e-02 3.717312e-03 2.418412e-01 8.010053e-03
3.385335e-02 9.052988e-01 6.735362e-02 8.664856e-02 6.840232e-03 -2.032005e-01 1.371889e-02 1.738763e-01 2.764593e-03 2.297755e-02 1.166427e-03 2.912221e-01 1.512896e-02
2.197498e-02 9.544836e-01 9.071427e-02 7.188348e-02 7.905112e-03 -2.171587e-01 2.740513e-02 9.276136e-02 7.866740e-04 3.133179e-02 4.161303e-03 1.963120e-01 9.484781e-03
2.227194e-02 9.552439e-01 3.006048e-02 9.470691e-02 9.303606e-03 -2.275600e-01 7.889342e-03 1.039248e-01 6.599434e-03 2.580247e-02 5.704287e-03 2.149477e-01 1.077559e-02
2.316282e-02 8.876000e-01 2.427094e-02 8.323238e-02 5.493061e-03 -2.080339e-01 9.068407e-03 1.011746e-01 5.154784e-03 2.614552e-02 3.647899e-03 2.095045e-01 1.340851e-02
2.464761e-02 9.955044e-01 4.029118e-02 1.199444e-01 1.526109e-02 -1.739874e-01 1.313870e-02 1.165736e-01 3.188598e-03 3.238917e-02 7.352849e-03 2.040098e-01 3.408784e-03
2.672633e-02 9.929552e-01 3.975066e-02 9.388452e-02 1.590787e-02 -2.396189e-01 1.482464e-02 1.235668e-01 6.612030e-03 3.811370e-02 2.129392e-03 2.453669e-01 4.185640e-03
2.939896e-02 1.015484e+00 5.515932e-02 9.619492e-02 1.007946e-02 -2.239375e-01 1.689261e-02 1.351997e-01 9.728738e-03 2.069382e-02 2.988524e-03 2.431662e-01 1.158462e-02
3.266551e-02 8.672627e-01 4.358884e-02 8.672533e-02 8.888417e-03 -1.840741e-01 5.749541e-03 1.481162e-01 9.129692e-03 2.498376e-02 8.243673e-03 2.777104e-01 5.797303e-03
3.652598e-02 8.783048e-01 5.780366e-02 8.447943e-02 7.584824e-03 -1.611877e-01 2.682020e-02 1.783824e-01 8.260708e-03 1.789905e-02 4.063740e-03 3.015069e-01 7.798059e-03
2.524153e-02 9.697844e-01 5.705724e-02 1.048285e-01 1.510533e-02 -1.987062e-01 1.203204e-02 1.122226e-01 4.365555e-03 2.689665e-02 3.343528e-03 2.091085e-01 6.102199e-03
2.553849e-02 9.244469e-01 6.278449e-02 8.446920e-02 5.964208e-03 -2.136256e-01 1.783480e-02 1.104866e-01 4.017411e-03 3.027298e-02 4.504078e-03 2.348504e-01 8.612232e-03
2.642937e-02 8.795663e-01 4.655611e-02 9.007579e-02 6.006906e-03 -2.041200e-01 1.539531e-02 1.129975e-01 3.708409e-03 2.750941e-02 3.470469e-03 2.251659e-01 6.440777e-03
2.791417e-02 1.057930e+00 3.589150e-02 1.120892e-01 1.919606e-02 -2.295937e-01 6.191508e-03 1.354044e-01 8.113840e-03 3.152711e-02 7.123513e-03 2.425233e-01 7.969435e-03
2.999288e-02 1.026335e+00 5.774245e-02 1.136097e-01 1.300637e-02 -2.390895e-01 1.488038e-02 1.348199e-01 9.246185e-03 1.508113e-02 7.396064e-03 2.593430e-01 9.198023e-03
3.266551e-02 9.849411e-01 1.885703e-02 7.946648e-02 8.839213e-03 -1.868756e-01 1.782986e-02 1.544965e-01 3.913588e-03 2.021133e-02 9.893668e-03 2.889522e-01 6.130175e-03
3.593206e-02 9.238461e-01 8.812368e-02 1.068329e-01 9.947092e-03 -2.039725e-01 3.819186e-02 1.802235e-01 7.761411e-03 1.300812e-02 8.085709e-03 3.296897e-01 1.133229e-02
3.979253e-02 8.936780e-01 5.981253e-02 7.870897e-02 1.055306e-02 -1.752746e-01 2.154676e-02 2.106697e-01 7.502873e-03 8.307569e-03 5.563755e-03 3.698219e-01 1.430637e-02
2.910200e-02 9.949582e-01 5.978767e-02 8.133781e-02 8.466576e-03 -2.457730e-01 2.219568e-02 1.378798e-01 6.066207e-03 3.067286e-02 4.006400e-03 2.541032e-01 7.992205e-03
2.939896e-02 9.415493e-01 4.139867e-02 8.037867e-02 1.748816e-02 -2.457496e-01 2.278261e-02 1.278927e-01 5.000382e-03 2.188983e-02 1.016162e-02 2.712655e-01 1.181153e-02
3.028984e-02 1.029502e+00 5.071688e-02 1.268654e-01 1.329445e-02 -2.115021e-01 3.175074e-02 1.441214e-01 4.947328e-03 8.288495e-03 4.382012e-03 2.537436e-01 7.840165e-03
3.177464e-02 1.073198e+00 5.238222e-02 9.970830e-02 1.706350e-02 -2.184422e-01 2.108673e-02 1.489209e-01 6.293630e-03 2.560563e-02 5.177256e-03 2.850489e-01 1.344219e-02
3.385335e-02 8.196778e-01 1.828303e-02 9.538715e-02 8.823758e-03 -1.674198e-01 1.150298e-02 1.690151e-01 9.867266e-03 3.062385e-02 6.328041e-03 2.967899e-01 1.101214e-02
3.652598e-02 9.325901e-01 2.140912e-02 8.260383e-02 1.127144e-02 -2.089790e-01 1.137959e-02 1.818219e-01 1.246027e-02 1.119798e-02 6.014770e-03 3.258551e-01 2.380320e-02
3.979253e-02 1.041940e+00 4.744570e-02 1.165850e-01 1.710665e-02 -1.800569e-01 3.677011e-02 2.385734e-01 5.783824e-03 2.437462e-03 1.353889e-02 3.514251e-01 4.073165e-03
4.365300e-02 9.514915e-01 5.740998e-02 9.092018e-02 1.271658e-02 -1.803217e-01 1.950241e-02 2.763570e-01 8.462932e-03 -2.831071e-02 5.655835e-03 4.391027e-01 2.285573e-02
