# k^2  LiLi LiLi_error  LiCl LiCl_error  LiNa LiNa_error  ClCl ClCl_error  ClNa ClNa_error  NaNa NaNa_error
0.000000e+00 3.200000e+02 0.000000e+00 1.011929e+03 0.000000e+00 9.600000e+02 0.000000e+00 3.200000e+03 0.000000e+00 3.035787e+03 0.000000e+00 2.880000e+03 0.000000e+00
2.968336e-04 2.388890e-01 7.585487e-02 2.040423e-02 1.063772e-02 -5.754340e-02 2.115571e-02 5.827774e-02 9.673382e-03 5.418176e-02 9.927247e-03 7.680338e-02 5.718776e-03
1.187334e-03 1.240080e+00 1.813947e-01 1.041680e-01 3.542046e-02 -3.163721e-01 6.971476e-02 6.618662e-02 5.106218e-03 3.538375e-02 9.021633e-03 1.512557e-01 3.252286e-02
2.671502e-03 9.458449e-01 2.600731e-01 8.385030e-02 2.544759e-02 -2.299115e-01 8.150093e-02 5.770410e-02 2.648312e-03 3.262462e-02 7.293681e-03 1.221820e-01 2.679668e-02
4.749337e-03 1.118396e+00 8.845845e-02 1.055685e-01 4.256116e-02 -2.500098e-01 2.312805e-02 5.825547e-02 9.054655e-03 2.301608e-02 7.471587e-03 1.209892e-01 1.698096e-02
7.420839e-03 7.529991e-01 1.766824e-01 2.814217e-02 1.100411e-02 -2.080548e-01 6.037271e-02 5.998281e-02 5.112510e-03 4.796282e-02 8.870818e-03 1.351670e-01 1.904655e-02
1.068601e-02 1.101275e+00 1.130414e-01 7.621160e-02 2.658630e-02 -2.768723e-01 2.502946e-02 7.694847e-02 6.202230e-03 4.073707e-02 5.462541e-03 1.585841e-01 1.368880e-02
1.454484e-02 8.862009e-01 1.211196e-01 7.409096e-02 2.128294e-02 -2.310245e-01 6.478133e-02 7.595193e-02 9.200390e-03 2.916592e-02 3.865726e-03 1.598228e-01 2.731041e-02
2.968336e-04 9.047881e-01 4.052259e-01 4.712545e-02 1.588121e-02 -2.530807e-01 1.229607e-01 4.310412e-02 6.092435e-03 2.983253e-02 5.640745e-03 1.174896e-01 3.824583e-02
5.936671e-04 1.752783e+00 1.318221e-01 1.300594e-01 4.021410e-02 -4.482436e-01 6.232172e-02 6.333524e-02 1.015328e-02 2.270069e-02 9.682351e-03 1.755296e-01 2.210286e-02
1.484168e-03 1.026343e+00 1.989594e-01 9.556501e-02 2.706183e-02 -2.339687e-01 7.554248e-02 6.443229e-02 6.990551e-03 3.726513e-02 4.283404e-03 1.209305e-01 2.439274e-02
2.968336e-03 7.210058e-01 1.592153e-01 5.376671e-02 2.033588e-02 -1.674464e-01 4.169930e-02 5.012960e-02 5.129459e-03 3.532845e-02 8.637327e-03 9.890118e-02 8.295671e-03
5.046170e-03 6.114253e-01 8.267081e-02 8.508713e-02 2.221719e-02 -1.024868e-01 2.439086e-02 7.873631e-02 5.479359e-03 5.342741e-02 8.833097e-03 1.076583e-01 1.109907e-02
7.717673e-03 8.124838e-01 1.328484e-01 9.038423e-02 2.848094e-02 -1.712833e-01 2.549592e-02 6.648679e-02 1.051991e-02 3.491224e-02 6.901353e-03 1.224478e-01 1.097224e-02
1.098284e-02 1.048395e+00 1.578044e-01 1.115568e-01 1.796229e-02 -2.245600e-01 3.326397e-02 6.867494e-02 4.252472e-03 2.038355e-02 2.871846e-03 1.280977e-01 1.668314e-02
1.484168e-02 8.115503e-01 1.577618e-01 6.634365e-02 2.103360e-02 -1.731882e-01 3.523637e-02 8.411027e-02 7.695598e-03 4.161498e-02 5.730034e-03 1.442115e-01 1.494531e-02
1.187334e-03 7.472393e-01 1.924197e-01 7.007276e-02 1.721715e-02 -1.789288e-01 5.927002e-02 5.376820e-02 2.592035e-03 3.196797e-02 3.219153e-03 9.719195e-02 1.896014e-02
1.484168e-03 3.802781e-01 8.698270e-02 5.053743e-02 1.132167e-02 -7.528667e-02 3.145901e-02 5.537880e-02 6.985651e-03 4.133976e-02 5.591120e-03 7.360773e-02 1.026447e-02
2.374668e-03 8.824259e-01 1.563934e-01 6.841284e-02 1.916258e-02 -2.167750e-01 4.162205e-02 6.175911e-02 5.394857e-03 4.377252e-02 7.032894e-03 1.269356e-01 6.611885e-03
3.858836e-03 6.322298e-01 8.902940e-02 6.135842e-02 1.794280e-02 -1.529143e-01 2.241551e-02 5.680696e-02 4.815842e-03 3.531335e-02 9.358343e-03 1.023848e-01 1.484860e-02
5.936671e-03 6.641954e-01 1.102014e-01 2.383516e-02 1.384583e-02 -1.834238e-01 2.640841e-02 5.574580e-02 5.335101e-03 4.482856e-02 7.152510e-03 1.175384e-01 1.144788e-02
8.608173e-03 7.932228e-01 1.281694e-01 9.951652e-02 3.098585e-02 -1.491254e-01 4.547120e-02 8.024615e-02 3.138683e-03 4.164429e-02 1.218250e-02 1.197924e-01 2.569141e-02
1.187334e-02 9.981572e-01 9.261603e-02 5.553833e-02 2.651657e-02 -2.815483e-01 3.330653e-02 8.031783e-02 1.149364e-02 4.617427e-02 9.666050e-03 1.740379e-01 2.413989e-02
1.573218e-02 7.339553e-01 7.903624e-02 7.931149e-02 1.680409e-02 -1.635169e-01 1.045917e-02 8.021876e-02 9.510409e-03 3.462246e-02 1.002752e-02 1.435955e-01 9.507823e-03
2.671502e-03 9.595362e-01 1.030016e-01 9.019231e-02 1.582426e-02 -2.314917e-01 4.747811e-02 6.166068e-02 5.105019e-03 3.409955e-02 1.684010e-03 1.247973e-01 1.910427e-02
2.968336e-03 4.939913e-01 1.266647e-01 3.255646e-02 1.246930e-02 -1.276788e-01 3.240418e-02 5.865919e-02 6.192277e-03 4.767368e-02 4.772385e-03 9.955082e-02 1.258210e-02
3.858836e-03 1.441025e+00 3.690426e-01 1.258538e-01 4.829534e-02 -3.373968e-01 1.014080e-01 6.335893e-02 8.187052e-03 2.372234e-02 9.650440e-03 1.449307e-01 3.029701e-02
5.343004e-03 1.008886e+00 3.319107e-01 1.100006e-01 3.945412e-02 -1.943147e-01 5.716071e-02 6.309178e-02 8.533925e-03 3.053173e-02 9.351425e-03 1.136694e-01 7.872753e-03
7.420839e-03 1.016240e+00 1.210736e-01 1.184430e-01 1.611562e-02 -1.956631e-01 3.513663e-02 6.605979e-02 5.947180e-03 2.359509e-02 7.315504e-03 1.014306e-01 8.622389e-03
1.009234e-02 7.637912e-01 2.150870e-01 4.499374e-02 1.303650e-02 -2.129712e-01 8.196074e-02 6.541662e-02 4.839070e-03 4.158206e-02 6.779860e-03 1.429499e-01 3.332278e-02
1.335751e-02 9.753014e-01 2.175464e-01 1.096875e-01 1.906405e-02 -2.024161e-01 6.037680e-02 9.186705e-02 8.513322e-03 3.666262e-02 1.002595e-02 1.485866e-01 2.454358e-02
1.721635e-02 9.748178e-01 1.064483e-01 9.203758e-02 9.092397e-03 -1.966900e-01 3.346769e-02 9.106162e-02 9.345048e-03 4.719462e-02 2.958720e-03 1.750710e-01 1.260113e-02
4.749337e-03 8.194878e-01 2.275380e-01 7.559735e-02 1.709210e-02 -1.887713e-01 7.085696e-02 6.388405e-02 6.932937e-03 3.836119e-02 8.334480e-03 1.166617e-01 1.844961e-02
5.046170e-03 1.250469e+00 3.191130e-01 1.146956e-01 4.077188e-02 -2.981836e-01 6.842324e-02 6.005081e-02 7.777527e-03 2.166780e-02 8.844288e-03 1.421639e-01 1.823707e-02
5.936671e-03 6.973851e-01 8.192934e-02 9.810236e-02 4.434274e-02 -1.095560e-01 3.730316e-02 8.157014e-02 6.838260e-03 4.799630e-02 9.722900e-03 1.014810e-01 2.090204e-02
7.420839e-03 9.397810e-01 2.499616e-01 8.483188e-02 2.448368e-02 -2.227132e-01 6.381252e-02 6.132555e-02 6.422532e-03 2.972734e-02 4.289501e-03 1.307844e-01 1.785265e-02
9.498674e-03 1.125189e+00 1.849508e-01 1.104759e-01 1.907634e-02 -2.664811e-01 4.499029e-02 6.550668e-02 7.584588e-03 1.944400e-02 8.246687e-03 1.353823e-01 1.362833e-02
1.217018e-02 8.021724e-01 1.635550e-01 8.393156e-02 2.308677e-02 -1.710449e-01 2.899268e-02 7.309123e-02 8.796329e-03 3.473737e-02 7.249055e-03 1.307695e-01 1.126916e-02
1.543535e-02 8.272065e-01 9.574724e-02 9.290629e-02 1.868704e-02 -1.435099e-01 2.186790e-02 9.654790e-02 1.487340e-02 4.184336e-02 1.406195e-02 1.450717e-01 1.228522e-02
1.929418e-02 9.867152e-01 1.275583e-01 9.248266e-02 2.124008e-02 -2.312695e-01 4.245592e-02 9.350966e-02 1.054939e-02 2.608039e-02 3.810406e-03 1.851251e-01 2.021032e-02
7.420839e-03 1.080736e+00 2.347354e-01 7.152028e-02 1.489103e-02 -2.810709e-01 7.270386e-02 7.212339e-02 5.932554e-03 4.387943e-02 4.536605e-03 1.620594e-01 2.642494e-02
7.717673e-03 8.023230e-01 8.124267e-02 7.305849e-02 2.032233e-02 -1.960821e-01 3.943448e-02 7.150310e-02 6.801535e-03 4.302243e-02 3.278389e-03 1.380512e-01 1.926912e-02
8.608173e-03 7.817773e-01 6.424646e-02 3.466719e-02 8.128004e-03 -1.999560e-01 3.296559e-02 6.149358e-02 8.289213e-03 5.064645e-02 9.878480e-03 1.451881e-01 6.732023e-03
1.009234e-02 7.733951e-01 1.553635e-01 7.160510e-02 2.049259e-02 -1.732934e-01 6.189209e-02 7.114777e-02 5.262801e-03 4.148053e-02 5.994005e-03 1.281911e-01 1.863696e-02
1.217018e-02 8.421759e-01 9.864636e-02 5.829807e-02 1.775042e-02 -2.011869e-01 3.744189e-02 6.175096e-02 8.355433e-03 3.006165e-02 4.972228e-03 1.467338e-01 1.312378e-02
1.484168e-02 1.034566e+00 1.769253e-01 1.250670e-01 2.733729e-02 -2.104811e-01 4.391974e-02 9.823827e-02 3.840849e-03 4.567168e-02 1.018193e-02 1.659251e-01 1.815895e-02
1.810685e-02 7.586247e-01 1.163048e-01 5.699694e-02 3.325113e-02 -1.944153e-01 2.202728e-02 7.089473e-02 1.129368e-02 2.406327e-02 2.263414e-03 1.684507e-01 1.651331e-02
2.196568e-02 8.651513e-01 9.799988e-02 5.344768e-02 1.391194e-02 -2.100510e-01 4.269368e-02 9.635768e-02 7.939748e-03 2.674619e-02 6.225643e-03 1.978034e-01 1.356463e-02
1.068601e-02 8.647530e-01 1.110459e-01 5.809721e-02 1.170289e-02 -1.896868e-01 2.389669e-02 6.472816e-02 2.401291e-03 3.629687e-02 4.376549e-03 1.252314e-01 1.027993e-02
1.098284e-02 1.009551e+00 3.423665e-01 8.203643e-02 2.646942e-02 -2.158137e-01 7.332111e-02 6.578455e-02 5.207760e-03 2.828709e-02 8.434946e-03 1.302551e-01 1.357294e-02
1.187334e-02 7.832943e-01 9.334869e-02 9.406736e-02 1.880014e-02 -1.596216e-01 2.010632e-02 7.423913e-02 8.114040e-03 2.940888e-02 6.378913e-03 1.325889e-01 1.408170e-02
1.335751e-02 1.098373e+00 9.974511e-02 7.153635e-02 2.878449e-02 -3.007343e-01 4.732964e-02 7.027641e-02 3.554392e-03 2.741784e-02 9.703495e-03 1.741405e-01 2.118897e-02
1.543535e-02 8.588717e-01 6.488633e-02 1.062694e-01 2.386796e-02 -1.447348e-01 2.398827e-02 8.798968e-02 5.423095e-03 4.011476e-02 5.501928e-03 1.395766e-01 1.210974e-02
1.810685e-02 8.108943e-01 1.450403e-01 6.949894e-02 2.649517e-02 -1.902591e-01 3.149394e-02 8.505825e-02 7.401138e-03 4.004895e-02 1.163019e-02 1.679200e-01 6.225853e-03
2.137202e-02 9.033412e-01 1.201291e-01 1.035276e-01 2.558011e-02 -1.799799e-01 2.711061e-02 1.142006e-01 3.453359e-03 3.643060e-02 9.511655e-03 1.692060e-01 1.416439e-02
2.523085e-02 8.804257e-01 1.285713e-01 6.141123e-02 1.490656e-02 -1.641657e-01 4.135236e-02 1.002308e-01 9.383430e-03 3.039763e-02 5.373250e-03 1.794113e-01 2.232080e-02
1.454484e-02 1.115095e+00 2.269305e-01 7.802474e-02 2.166333e-02 -2.767875e-01 1.074647e-01 7.226931e-02 7.109391e-03 3.055198e-02 8.791752e-03 1.809739e-01 3.689702e-02
1.484168e-02 8.515216e-01 9.907005e-02 5.619846e-02 1.838987e-02 -1.674463e-01 2.096586e-02 7.297978e-02 9.072861e-03 4.253273e-02 6.413825e-03 1.402451e-01 1.637377e-02
1.573218e-02 1.126463e+00 8.982579e-02 1.118313e-01 3.487275e-02 -2.297771e-01 4.193039e-02 7.787735e-02 8.451883e-03 2.607391e-02 2.139292e-03 1.554556e-01 1.457356e-02
1.721635e-02 8.674184e-01 1.427876e-01 5.495385e-02 8.360411e-03 -2.359561e-01 4.762366e-02 7.750139e-02 4.313462e-03 4.144602e-02 4.352109e-03 1.772803e-01 2.240418e-02
1.929418e-02 8.608499e-01 1.342222e-01 7.661813e-02 2.561514e-02 -1.938817e-01 2.113491e-02 7.790947e-02 6.323000e-03 2.686954e-02 8.862858e-03 1.531910e-01 1.619742e-02
2.196568e-02 9.987699e-01 1.317166e-01 1.277005e-01 3.140427e-02 -2.020075e-01 2.437909e-02 1.226469e-01 1.021446e-02 4.304746e-02 7.463897e-03 1.984114e-01 1.998146e-02
2.523085e-02 6.500212e-01 4.634943e-02 8.019491e-02 1.747764e-02 -1.105715e-01 2.453164e-02 1.150982e-01 6.604450e-03 2.124609e-02 1.022881e-02 1.668863e-01 8.704702e-03
2.908969e-02 1.036321e+00 2.193597e-01 9.970306e-02 4.667160e-02 -1.955104e-01 4.541463e-02 1.290802e-01 1.039111e-02 2.779434e-02 2.637012e-02 2.505450e-01 1.967248e-02
2.968336e-04 4.713559e-01 2.133170e-01 3.932137e-02 7.200255e-03 -1.142417e-01 6.553706e-02 4.878881e-02 5.492382e-03 3.830502e-02 7.477666e-03 7.919042e-02 1.650651e-02
5.936671e-04 3.172336e-01 1.110864e-01 3.936418e-02 1.043334e-02 -6.377134e-02 4.142879e-02 5.122027e-02 7.538461e-03 4.110154e-02 5.323515e-03 6.683374e-02 9.535668e-03
1.484168e-03 6.642047e-01 1.846125e-01 6.913666e-02 1.673393e-02 -1.537393e-01 4.910516e-02 6.636205e-02 3.229258e-03 4.487673e-02 4.836508e-03 1.050116e-01 1.719380e-02
2.968336e-03 7.011802e-01 1.849935e-01 4.600220e-02 1.281525e-02 -1.781688e-01 6.190141e-02 5.698146e-02 1.539419e-03 4.174517e-02 3.245270e-03 1.088162e-01 1.837222e-02
5.046170e-03 5.401021e-01 8.248220e-02 4.549125e-02 1.452905e-02 -1.298887e-01 3.358881e-02 5.688198e-02 5.629136e-03 4.014133e-02 3.685190e-03 9.960263e-02 9.463840e-03
7.717673e-03 9.135810e-01 1.725156e-01 1.055582e-01 3.326415e-02 -1.680222e-01 3.348306e-02 6.706736e-02 1.150332e-02 3.195447e-02 7.852702e-03 1.121507e-01 1.092483e-02
1.098284e-02 7.238186e-01 1.969716e-01 5.432861e-02 1.792942e-02 -1.944126e-01 6.477170e-02 7.601655e-02 8.527606e-03 5.267359e-02 5.871376e-03 1.619903e-01 2.196244e-02
1.484168e-02 1.096314e+00 1.224900e-01 8.367352e-02 2.845761e-02 -2.473219e-01 6.364957e-02 7.603037e-02 8.718746e-03 3.730544e-02 7.147662e-03 1.732627e-01 3.234118e-02
5.936671e-04 5.164837e-01 2.453481e-01 7.229924e-02 2.585751e-02 -9.126130e-02 5.523326e-02 5.677683e-02 9.023933e-03 3.661568e-02 7.785618e-03 7.072253e-02 1.884911e-02
8.905007e-04 6.671902e-01 1.357090e-01 3.965820e-02 1.502222e-02 -1.819986e-01 4.087233e-02 6.011793e-02 7.723859e-03 4.914440e-02 4.664000e-03 1.151580e-01 1.344861e-02
1.781001e-03 7.487894e-01 1.628141e-01 5.376253e-02 1.511288e-02 -1.890989e-01 4.409910e-02 6.333507e-02 2.326398e-03 4.585718e-02 4.039551e-03 1.132149e-01 1.164322e-02
3.265169e-03 1.392547e+00 4.496931e-01 1.103351e-01 5.345991e-02 -3.393001e-01 9.882050e-02 6.524019e-02 6.623199e-03 3.092680e-02 1.121096e-02 1.551972e-01 2.502090e-02
5.343004e-03 7.743230e-01 1.886423e-01 7.309462e-02 2.385161e-02 -1.767980e-01 4.282474e-02 4.483341e-02 5.301782e-03 2.008232e-02 4.106450e-03 9.750709e-02 8.011151e-03
8.014506e-03 9.583140e-01 1.356951e-01 8.076354e-02 1.814538e-02 -2.103095e-01 3.528807e-02 5.879827e-02 7.618492e-03 2.777577e-02 6.852078e-03 1.217003e-01 1.671774e-02
1.127968e-02 7.799484e-01 1.245221e-01 4.750371e-02 2.705813e-02 -2.155683e-01 5.322560e-02 6.434197e-02 1.221540e-02 3.773973e-02 5.931055e-03 1.526853e-01 3.076985e-02
1.513851e-02 9.437733e-01 9.574529e-02 9.775696e-02 2.770030e-02 -1.959025e-01 2.876329e-02 7.721930e-02 2.822201e-03 2.890508e-02 8.200310e-03 1.437721e-01 9.258785e-03
1.484168e-03 1.253855e+00 2.847342e-01 1.796840e-01 4.763150e-02 -2.306771e-01 5.134992e-02 8.559700e-02 9.502011e-03 2.979101e-02 1.077834e-02 1.133590e-01 1.003977e-02
1.781001e-03 6.799720e-01 1.417686e-01 7.492750e-02 1.054232e-02 -1.562587e-01 4.021620e-02 6.383524e-02 7.050144e-03 3.898314e-02 8.166436e-03 9.884285e-02 1.028778e-02
2.671502e-03 6.784889e-01 1.733661e-01 6.644313e-02 1.405930e-02 -1.459525e-01 4.401766e-02 5.986055e-02 4.169126e-03 4.105463e-02 4.893824e-03 9.774994e-02 9.242374e-03
4.155670e-03 4.591534e-01 5.840313e-02 2.913640e-02 1.623428e-02 -1.243216e-01 2.560147e-02 4.503434e-02 4.111462e-03 3.617017e-02 3.231030e-03 9.404692e-02 8.843241e-03
6.233505e-03 1.194106e+00 2.281926e-01 7.456679e-02 2.107850e-02 -3.152655e-01 7.982532e-02 6.000988e-02 3.255844e-03 3.317646e-02 5.622942e-03 1.558192e-01 3.170764e-02
8.905007e-03 7.819330e-01 1.246182e-01 5.217810e-02 1.072242e-02 -2.025966e-01 3.390766e-02 6.137937e-02 8.332761e-03 3.391859e-02 4.162173e-03 1.260051e-01 1.120758e-02
1.217018e-02 1.002734e+00 1.426708e-01 9.359858e-02 1.488127e-02 -2.160539e-01 4.014983e-02 7.049580e-02 7.365168e-03 2.557884e-02 6.824406e-03 1.391573e-01 1.500227e-02
1.602901e-02 8.087293e-01 9.823740e-02 2.698860e-02 1.332696e-02 -2.195145e-01 4.617348e-02 6.942297e-02 5.360688e-03 4.233954e-02 5.917706e-03 1.771027e-01 1.554703e-02
2.968336e-03 7.544467e-01 3.745956e-02 8.105767e-02 1.157864e-02 -1.571425e-01 1.452527e-02 6.955143e-02 6.021373e-03 4.888922e-02 8.239264e-03 1.155802e-01 1.143033e-02
3.265169e-03 1.311343e+00 4.861164e-01 1.217889e-01 3.374750e-02 -3.187313e-01 1.392878e-01 6.130420e-02 8.720975e-03 2.229530e-02 1.266201e-02 1.446988e-01 3.835342e-02
4.155670e-03 6.296007e-01 1.186753e-01 6.779732e-02 2.545821e-02 -1.362733e-01 2.540793e-02 6.634935e-02 4.967600e-03 4.095359e-02 3.493520e-03 9.731469e-02 9.801579e-03
5.639838e-03 1.023772e+00 2.487675e-01 1.120811e-01 1.886720e-02 -2.176462e-01 7.135883e-02 6.197111e-02 6.800139e-03 2.237044e-02 4.695076e-03 1.111039e-01 1.820380e-02
7.717673e-03 1.333315e+00 1.377150e-01 6.462918e-02 1.770477e-02 -3.477398e-01 4.827753e-02 6.072887e-02 5.612110e-03 3.567779e-02 2.427612e-03 1.754016e-01 1.295645e-02
1.038917e-02 7.488990e-01 1.477467e-01 5.513572e-02 2.021738e-02 -1.810853e-01 4.750543e-02 7.219899e-02 2.690593e-03 3.904918e-02 1.079302e-02 1.310078e-01 1.360962e-02
1.365434e-02 1.009799e+00 1.883923e-01 9.395106e-02 3.354184e-02 -2.441865e-01 6.462533e-02 8.743232e-02 7.584243e-03 4.228481e-02 6.652338e-03 1.784536e-01 2.883330e-02
1.751318e-02 7.366582e-01 7.811137e-02 9.689091e-02 2.520035e-02 -1.350109e-01 2.095233e-02 1.153747e-01 1.266801e-02 5.470603e-02 1.092287e-02 1.523984e-01 1.117022e-02
5.046170e-03 6.825097e-01 9.102478e-02 5.655153e-02 1.640400e-02 -1.696947e-01 2.892311e-02 5.835819e-02 7.262599e-03 3.601407e-02 6.408360e-03 1.084310e-01 7.412748e-03
5.343004e-03 7.462431e-01 2.006331e-01 7.198752e-02 3.330122e-02 -1.605654e-01 2.657900e-02 6.043332e-02 8.965731e-03 3.881720e-02 7.800291e-03 1.076295e-01 6.368491e-03
6.233505e-03 8.353245e-01 2.252591e-01 1.009489e-01 2.373918e-02 -1.608713e-01 5.677459e-02 7.290697e-02 8.869158e-03 4.007420e-02 7.133535e-03 1.150698e-01 1.927977e-02
7.717673e-03 7.798576e-01 6.206873e-02 7.593049e-02 1.088178e-02 -1.704028e-01 1.893308e-02 6.747146e-02 5.378118e-03 3.632154e-02 5.047698e-03 1.159450e-01 6.351741e-03
9.795507e-03 9.052623e-01 6.638487e-02 7.129410e-02 2.429853e-02 -2.167635e-01 2.572172e-02 7.006450e-02 8.598977e-03 4.032763e-02 9.419660e-03 1.472997e-01 1.494338e-02
1.246701e-02 7.774197e-01 6.709338e-02 3.777432e-02 2.027687e-02 -2.139007e-01 3.734805e-02 7.802671e-02 7.370659e-03 5.051959e-02 9.010408e-03 1.650680e-01 1.774295e-02
1.573218e-02 1.069269e+00 1.174327e-01 6.293362e-02 2.387698e-02 -2.823642e-01 4.330896e-02 7.605048e-02 6.322989e-03 3.448648e-02 4.519777e-03 1.746219e-01 1.760890e-02
1.959101e-02 8.226714e-01 7.670264e-02 5.610374e-02 2.200076e-02 -1.959378e-01 3.054581e-02 9.250579e-02 1.059306e-02 4.023861e-02 7.879089e-03 1.828955e-01 2.544263e-02
7.717673e-03 6.910281e-01 1.144442e-01 4.391558e-02 1.446476e-02 -1.652885e-01 3.445289e-02 5.617889e-02 7.142505e-03 3.817163e-02 6.923630e-03 1.138410e-01 1.608533e-02
8.014506e-03 1.167301e+00 9.737361e-02 1.084253e-01 2.437692e-02 -2.613387e-01 3.916328e-02 6.015268e-02 4.127329e-03 2.137092e-02 4.920205e-03 1.345292e-01 1.256147e-02
8.905007e-03 1.178593e+00 2.013308e-01 6.921203e-02 3.563127e-02 -3.302249e-01 1.612346e-02 5.355033e-02 7.826783e-03 2.552560e-02 7.060962e-03 1.694897e-01 7.509818e-03
1.038917e-02 1.032856e+00 1.750149e-01 7.908003e-02 1.287069e-02 -2.707401e-01 5.423643e-02 6.511295e-02 9.404604e-03 2.964016e-02 6.000092e-03 1.592902e-01 1.111129e-02
1.246701e-02 1.129991e+00 2.012435e-01 1.264777e-01 2.700311e-02 -2.429253e-01 5.417828e-02 8.260460e-02 1.052571e-02 2.812792e-02 6.112243e-03 1.481186e-01 2.371521e-02
1.513851e-02 8.733081e-01 7.576565e-02 7.296505e-02 6.834333e-03 -1.816420e-01 2.679299e-02 6.608931e-02 6.921141e-03 3.217541e-02 5.961640e-03 1.495573e-01 1.313012e-02
1.840368e-02 8.699020e-01 4.650758e-02 5.749914e-02 2.402688e-02 -1.970464e-01 2.756294e-02 7.196359e-02 5.945962e-03 2.907727e-02 7.568358e-03 1.539433e-01 7.209475e-03
2.226252e-02 7.466473e-01 6.222780e-02 5.827264e-02 6.032537e-03 -1.456691e-01 2.340949e-02 1.050396e-01 6.245113e-03 5.575173e-02 6.060507e-03 1.995618e-01 2.310350e-02
1.098284e-02 8.268992e-01 6.192387e-02 4.716212e-02 2.546976e-02 -2.054944e-01 3.078396e-02 6.794588e-02 6.277683e-03 4.481775e-02 8.234283e-03 1.454620e-01 9.126663e-03
1.127968e-02 1.047454e+00 1.442269e-01 8.048074e-02 2.426573e-02 -2.073616e-01 2.822989e-02 6.384576e-02 4.910400e-03 3.269100e-02 2.200625e-03 1.372793e-01 7.521421e-03
1.217018e-02 9.423896e-01 8.818095e-02 9.982877e-02 2.674983e-02 -1.806515e-01 3.122666e-02 8.313889e-02 3.616387e-03 4.277814e-02 6.474901e-03 1.417448e-01 1.023424e-02
1.365434e-02 9.688438e-01 1.418677e-01 8.868551e-02 8.083974e-03 -2.148290e-01 5.296700e-02 6.856709e-02 8.784160e-03 2.750370e-02 8.239941e-03 1.429220e-01 1.277675e-02
1.573218e-02 8.054376e-01 8.530806e-02 4.328351e-02 1.045385e-02 -1.817821e-01 3.236150e-02 7.174625e-02 5.070839e-03 4.070873e-02 9.062370e-03 1.438137e-01 1.711489e-02
1.840368e-02 9.661011e-01 1.209456e-01 1.125173e-01 1.959346e-02 -2.058330e-01 3.857539e-02 1.017826e-01 9.366859e-03 2.238857e-02 1.004738e-02 1.573876e-01 8.723367e-03
2.166885e-02 9.566165e-01 5.111239e-02 1.198994e-01 2.190276e-02 -2.250243e-01 2.149780e-02 1.051052e-01 9.195563e-03 3.157711e-02 1.229858e-02 2.347562e-01 2.519973e-02
2.552769e-02 9.581839e-01 1.720536e-01 5.621135e-02 1.313367e-02 -2.174026e-01 5.320626e-02 1.202120e-01 1.087790e-02 3.948673e-02 1.093539e-02 2.196287e-01 2.150974e-02
1.484168e-02 7.713293e-01 2.230305e-01 7.588100e-02 2.015045e-02 -1.530398e-01 5.772534e-02 8.356546e-02 7.735016e-03 4.424495e-02 7.683698e-03 1.480452e-01 9.191697e-03
1.513851e-02 8.759697e-01 4.485418e-02 7.978218e-02 2.145952e-02 -1.958300e-01 1.499480e-02 7.831938e-02 4.296327e-03 3.681294e-02 7.127732e-03 1.628889e-01 1.979396e-02
1.602901e-02 7.803294e-01 8.365477e-02 8.723055e-02 2.415758e-02 -1.872710e-01 3.640484e-02 8.569575e-02 8.902618e-03 3.381479e-02 9.308933e-03 1.556680e-01 2.166523e-02
1.751318e-02 1.018153e+00 9.966218e-02 1.108653e-01 2.959594e-02 -2.226699e-01 1.348134e-02 8.786390e-02 9.695555e-03 1.788444e-02 9.396744e-03 1.498298e-01 7.644871e-03
1.959101e-02 1.034456e+00 5.213764e-02 1.221257e-01 2.013642e-02 -2.426514e-01 3.584124e-02 1.037150e-01 1.011765e-02 1.787820e-02 5.800163e-03 1.868750e-01 1.954361e-02
2.226252e-02 7.691574e-01 7.426394e-02 9.605248e-02 1.342345e-02 -1.637846e-01 1.976417e-02 1.052380e-01 5.478294e-03 5.796577e-02 9.036579e-03 2.273038e-01 2.017648e-02
2.552769e-02 8.210340e-01 5.198151e-02 1.004119e-01 2.020019e-02 -1.630848e-01 3.540041e-02 1.053203e-01 1.271144e-02 3.598874e-02 8.728138e-03 2.148354e-01 1.555276e-02
2.938652e-02 8.267846e-01 4.044794e-02 1.003020e-01 3.497398e-02 -1.775926e-01 2.120787e-02 1.420066e-01 1.445340e-02 3.393986e-02 8.967204e-03 2.672703e-01 1.550884e-02
1.187334e-03 1.210822e+00 3.645514e-01 9.936227e-02 2.483745e-02 -2.932304e-01 1.013437e-01 6.432251e-02 5.965983e-03 3.309254e-02 9.670199e-03 1.336004e-01 2.572785e-02
1.484168e-03 6.416362e-01 2.148736e-01 3.854277e-02 7.725786e-03 -1.671230e-01 7.598745e-02 5.733875e-02 6.888314e-03 4.699164e-02 7.560648e-03 1.084156e-01 3.061271e-02
2.374668e-03 8.408658e-01 1.538783e-01 6.567732e-02 1.135559e-02 -1.954266e-01 3.376072e-02 6.505776e-02 4.763701e-03 4.595269e-02 6.080611e-03 1.167205e-01 8.044894e-03
3.858836e-03 1.084135e+00 3.172340e-01 7.402080e-02 3.332444e-02 -2.961318e-01 8.231928e-02 5.666307e-02 4.991339e-03 2.965840e-02 1.018934e-02 1.446149e-01 2.215726e-02
5.936671e-03 7.728976e-01 9.935713e-02 2.381518e-02 1.064970e-02 -2.188097e-01 3.496115e-02 5.073312e-02 5.872082e-03 3.784679e-02 4.269344e-03 1.251501e-01 1.273200e-02
8.608173e-03 1.161189e+00 1.385962e-01 9.034796e-02 2.568206e-02 -2.895776e-01 5.724728e-02 6.791556e-02 5.478062e-03 3.326075e-02 1.025238e-02 1.601367e-01 3.013356e-02
1.187334e-02 7.930008e-01 9.371025e-02 6.321347e-02 2.768342e-02 -2.021521e-01 1.959455e-02 7.448975e-02 4.568844e-03 5.031294e-02 9.564738e-03 1.800144e-01 1.597280e-02
1.573218e-02 9.347961e-01 1.214364e-01 1.083343e-01 1.862435e-02 -2.028124e-01 3.409099e-02 8.510740e-02 6.484557e-03 2.138488e-02 3.373674e-03 1.521650e-01 1.463138e-02
1.484168e-03 9.924080e-01 2.884577e-01 8.701975e-02 2.301004e-02 -2.336897e-01 8.517747e-02 6.667364e-02 1.124835e-02 3.971313e-02 7.207889e-03 1.210832e-01 2.200142e-02
1.781001e-03 5.890079e-01 2.534870e-01 7.192336e-02 3.409398e-02 -1.217375e-01 5.455628e-02 6.814346e-02 5.701194e-03 4.692829e-02 7.056024e-03 9.624458e-02 1.136643e-02
2.671502e-03 1.437307e+00 5.460440e-01 9.065078e-02 2.765449e-02 -3.748436e-01 1.611452e-01 6.108314e-02 7.131413e-03 3.243628e-02 1.231780e-02 1.660950e-01 4.734029e-02
4.155670e-03 2.110151e+00 4.330262e-01 1.930791e-01 3.091970e-02 -4.940352e-01 1.156342e-01 7.323183e-02 6.497647e-03 1.152189e-02 1.016265e-02 1.910235e-01 3.453813e-02
6.233505e-03 8.260853e-01 1.715116e-01 4.690055e-02 2.532790e-02 -2.124228e-01 5.436756e-02 5.618831e-02 2.434061e-03 3.869504e-02 6.544714e-03 1.318588e-01 2.104987e-02
8.905007e-03 5.948368e-01 4.641449e-02 5.067930e-02 1.714965e-02 -1.386839e-01 1.764767e-02 6.109334e-02 8.523021e-03 4.204325e-02 6.216552e-03 1.175613e-01 1.456021e-02
1.217018e-02 1.144927e+00 2.457137e-01 9.809146e-02 1.106418e-02 -2.811611e-01 8.676794e-02 8.501491e-02 3.713876e-03 3.578167e-02 6.006467e-03 1.741067e-01 2.023160e-02
1.602901e-02 1.003309e+00 1.770941e-01 1.109325e-01 2.904775e-02 -2.217555e-01 4.403928e-02 8.665709e-02 8.403200e-03 2.839152e-02 1.010430e-02 1.759503e-01 1.953001e-02
2.374668e-03 9.542672e-01 1.854391e-01 5.345177e-02 1.947452e-02 -2.622634e-01 5.940144e-02 5.835916e-02 6.800860e-03 4.337491e-02 6.896385e-03 1.412249e-01 1.938051e-02
2.671502e-03 1.023343e+00 1.651845e-01 8.117530e-02 1.764347e-02 -2.570762e-01 6.111475e-02 6.710106e-02 5.729907e-03 4.213628e-02 6.072903e-03 1.391147e-01 1.736530e-02
3.562003e-03 8.903090e-01 1.493790e-01 9.414496e-02 1.991083e-02 -1.771214e-01 4.276696e-02 5.736823e-02 3.313256e-03 2.581389e-02 6.634100e-03 8.969350e-02 1.704555e-02
5.046170e-03 1.023428e+00 3.147668e-01 4.606041e-02 1.394950e-02 -2.861559e-01 8.405457e-02 4.969461e-02 2.277074e-03 3.042062e-02 3.055940e-03 1.380363e-01 2.461753e-02
7.124005e-03 7.058718e-01 1.076855e-01 5.628585e-02 2.596029e-02 -1.582081e-01 4.248798e-02 5.876582e-02 3.413149e-03 3.732858e-02 5.305501e-03 1.131502e-01 1.384021e-02
9.795507e-03 7.723112e-01 1.344841e-01 5.531981e-02 1.668295e-02 -1.710041e-01 2.560745e-02 5.795465e-02 5.739773e-03 3.955227e-02 5.071642e-03 1.289261e-01 4.255054e-03
1.306068e-02 1.033366e+00 2.326379e-01 6.455544e-02 2.874601e-02 -2.670161e-01 4.229626e-02 6.796045e-02 5.832128e-03 3.490207e-02 5.288997e-03 1.727950e-01 9.862529e-03
1.691951e-02 9.050173e-01 1.518769e-01 7.223140e-02 2.943126e-02 -1.848349e-01 4.082634e-02 8.817579e-02 5.166389e-03 5.422817e-02 9.083558e-03 1.808302e-01 1.904806e-02
3.858836e-03 1.048157e+00 2.097117e-01 8.187415e-02 1.138928e-02 -2.603052e-01 6.525314e-02 5.819767e-02 6.192899e-03 2.992816e-02 6.424056e-03 1.288909e-01 1.927895e-02
4.155670e-03 6.928723e-01 1.471652e-01 6.033633e-02 3.140865e-02 -1.698026e-01 2.311969e-02 5.879911e-02 6.763369e-03 3.767756e-02 9.266640e-03 1.094187e-01 1.432570e-02
5.046170e-03 8.366710e-01 1.845931e-01 7.086491e-02 1.686709e-02 -1.812511e-01 5.222995e-02 5.634583e-02 2.962803e-03 3.649958e-02 4.033099e-03 1.130540e-01 1.708933e-02
6.530338e-03 8.926037e-01 2.011612e-01 4.410964e-02 2.502352e-02 -2.518526e-01 5.365009e-02 5.509175e-02 6.047083e-03 3.872665e-02 4.889130e-03 1.443927e-01 1.254443e-02
8.608173e-03 6.447435e-01 9.929800e-02 5.449129e-02 1.991422e-02 -1.437536e-01 4.297451e-02 6.616812e-02 6.827189e-03 4.827758e-02 4.882428e-03 1.221215e-01 1.304945e-02
1.127968e-02 7.748957e-01 9.372777e-02 6.178316e-02 1.492360e-02 -1.765961e-01 2.862952e-02 6.948247e-02 6.369199e-03 4.465039e-02 1.285439e-02 1.430736e-01 1.971911e-02
1.454484e-02 1.220743e+00 2.881286e-01 1.432356e-01 3.375470e-02 -2.317170e-01 5.658804e-02 8.534572e-02 1.045740e-02 2.340313e-02 1.254306e-02 1.506053e-01 1.058420e-02
1.840368e-02 1.122764e+00 6.780365e-02 1.381414e-01 2.023545e-02 -2.463469e-01 5.153803e-02 9.220265e-02 8.438465e-03 1.611611e-02 1.028615e-02 1.874417e-01 2.181717e-02
5.936671e-03 1.202148e+00 3.743656e-01 9.222744e-02 2.378762e-02 -2.937528e-01 1.063519e-01 6.475814e-02 4.742348e-03 3.278641e-02 3.906214e-03 1.479726e-01 3.453804e-02
6.233505e-03 5.763344e-01 4.014137e-02 7.403719e-02 1.107212e-02 -1.116629e-01 1.787815e-02 6.094644e-02 3.195987e-03 3.371754e-02 3.311332e-03 9.040109e-02 6.225094e-03
7.124005e-03 6.656533e-01 9.870070e-02 7.027845e-02 1.815364e-02 -1.534203e-01 1.536018e-02 6.239355e-02 2.390671e-03 3.765007e-02 8.718567e-03 1.159773e-01 8.047826e-03
8.608173e-03 7.006808e-01 1.197094e-01 5.567003e-02 1.646710e-02 -1.605582e-01 3.074299e-02 6.379133e-02 7.580572e-03 3.839128e-02 5.538709e-03 1.152615e-01 1.143281e-02
1.068601e-02 8.617868e-01 1.244597e-01 9.838436e-02 1.887907e-02 -1.729646e-01 4.391292e-02 8.306886e-02 5.073633e-03 3.927693e-02 7.156459e-03 1.310736e-01 1.793769e-02
1.335751e-02 1.229434e+00 1.869585e-01 1.249613e-01 1.387856e-02 -2.785505e-01 7.101195e-02 8.323839e-02 8.705127e-03 2.462468e-02 7.771992e-03 1.694870e-01 2.852443e-02
1.662268e-02 7.897398e-01 1.375823e-01 8.460157e-02 2.725863e-02 -1.723957e-01 4.292137e-02 8.659349e-02 7.202888e-03 3.617396e-02 7.333311e-03 1.769240e-01 2.574039e-02
2.048152e-02 8.789370e-01 1.585459e-01 8.212942e-02 2.216212e-02 -1.990073e-01 2.668610e-02 7.645396e-02 5.016364e-03 2.539660e-02 1.325815e-02 1.700212e-01 1.551590e-02
8.608173e-03 8.921374e-01 2.310326e-01 5.278444e-02 2.178148e-02 -2.383792e-01 6.602634e-02 6.634102e-02 4.284699e-03 4.187243e-02 9.904006e-03 1.487745e-01 1.668430e-02
8.905007e-03 7.690026e-01 5.339486e-02 4.491283e-02 1.840692e-02 -2.130147e-01 3.432377e-02 7.010280e-02 4.572039e-03 4.605372e-02 4.884922e-03 1.476447e-01 1.535162e-02
9.795507e-03 9.781995e-01 8.639016e-02 4.061101e-02 1.268509e-02 -2.707617e-01 3.781806e-02 6.041851e-02 5.040124e-03 4.036676e-02 3.510412e-03 1.629332e-01 1.342793e-02
1.127968e-02 7.500535e-01 1.024270e-01 5.502239e-02 8.541362e-03 -1.742326e-01 3.688946e-02 6.137765e-02 3.356442e-03 3.730489e-02 3.100883e-03 1.293392e-01 1.006632e-02
1.335751e-02 8.922937e-01 1.106808e-01 5.077304e-02 2.405284e-02 -2.157581e-01 2.191973e-02 6.487797e-02 4.473105e-03 3.472275e-02 6.865574e-03 1.463162e-01 1.053224e-02
1.602901e-02 1.213913e+00 2.046077e-01 9.296434e-02 2.246415e-02 -3.019024e-01 7.417707e-02 8.354826e-02 3.102171e-03 2.582392e-02 7.056486e-03 1.806222e-01 2.513558e-02
1.929418e-02 8.874093e-01 1.116488e-01 7.116639e-02 1.872304e-02 -1.869281e-01 3.032636e-02 8.337055e-02 3.382370e-03 3.359472e-02 1.546503e-02 1.796068e-01 2.438288e-02
2.315302e-02 9.923432e-01 2.333955e-01 8.513989e-02 1.689372e-02 -2.131573e-01 8.131792e-02 9.322447e-02 2.530233e-03 3.325897e-02 7.912450e-03 2.221379e-01 3.538657e-02
1.187334e-02 1.063002e+00 1.829686e-01 9.961214e-02 2.416589e-02 -2.286964e-01 5.656585e-02 8.340516e-02 1.113490e-02 4.461207e-02 5.544239e-03 1.613464e-01 1.947715e-02
1.217018e-02 8.558627e-01 6.381033e-02 6.201380e-02 1.344775e-02 -1.889654e-01 2.019156e-02 7.823255e-02 6.153649e-03 5.870031e-02 6.603652e-03 1.653389e-01 1.592550e-02
1.306068e-02 8.269205e-01 1.824475e-01 8.807179e-02 2.093759e-02 -1.796232e-01 5.733261e-02 7.561850e-02 4.584615e-03 3.069965e-02 8.294864e-03 1.267879e-01 2.212909e-02
1.454484e-02 1.065248e+00 1.308543e-01 1.143024e-01 1.763416e-02 -1.985746e-01 2.904238e-02 8.467366e-02 1.061313e-02 3.655505e-02 1.113206e-02 1.450586e-01 7.444327e-03
1.662268e-02 9.331325e-01 3.669958e-02 5.262859e-02 2.402615e-02 -2.295412e-01 3.555426e-02 9.660080e-02 5.275712e-03 4.732236e-02 1.107236e-02 1.725758e-01 2.830261e-02
1.929418e-02 1.082042e+00 3.446360e-02 1.246760e-01 1.022711e-02 -2.065249e-01 2.281313e-02 9.528866e-02 5.592536e-03 2.550522e-02 6.437884e-03 1.704455e-01 1.758025e-02
2.255935e-02 1.032089e+00 1.220989e-01 9.072792e-02 1.942045e-02 -2.402435e-01 2.598485e-02 1.007190e-01 7.545426e-03 2.743028e-02 1.047336e-02 2.041894e-01 1.299268e-02
2.641819e-02 9.711006e-01 1.267242e-01 1.376349e-01 2.803397e-02 -1.733006e-01 4.025391e-02 1.528715e-01 1.559701e-02 4.090731e-02 1.640631e-02 2.139539e-01 1.508933e-02
1.573218e-02 1.040407e+00 1.218165e-01 8.770607e-02 3.268267e-02 -2.177885e-01 2.549969e-02 8.332901e-02 3.846788e-03 3.575359e-02 9.174062e-03 1.551721e-01 1.552242e-02
1.602901e-02 7.707707e-01 1.248918e-01 9.406860e-02 8.399323e-03 -1.477422e-01 3.527005e-02 9.218244e-02 2.785762e-03 4.401846e-02 5.865883e-03 1.484625e-01 6.361472e-03
1.691951e-02 9.447254e-01 1.597569e-01 8.354261e-02 2.844797e-02 -1.879827e-01 2.949018e-02 8.747643e-02 1.424695e-02 4.475504e-02 7.501544e-03 1.856458e-01 9.114095e-03
1.840368e-02 1.185995e+00 1.058257e-01 1.174880e-01 2.039091e-02 -2.862342e-01 4.805710e-02 9.819421e-02 8.588863e-03 2.295689e-02 8.080685e-03 1.784563e-01 2.476914e-02
2.048152e-02 9.768958e-01 1.180067e-01 9.251090e-02 2.756523e-02 -1.963357e-01 2.821800e-02 8.301263e-02 7.670302e-03 2.461230e-02 4.694524e-03 1.677102e-01 1.515304e-02
2.315302e-02 8.558930e-01 1.138324e-01 9.033762e-02 9.666403e-03 -1.987025e-01 2.621099e-02 1.139375e-01 8.881404e-03 2.818848e-02 1.189184e-02 1.870581e-01 2.068988e-02
2.641819e-02 8.549743e-01 5.999684e-02 1.118509e-01 2.173092e-02 -2.006191e-01 1.747886e-02 1.093850e-01 1.435214e-02 1.897102e-02 1.014031e-02 2.042606e-01 8.910184e-03
3.027702e-02 9.622875e-01 6.601543e-02 9.198241e-02 1.360035e-02 -1.385026e-01 5.051476e-02 1.257380e-01 7.108345e-03 1.704936e-02 4.222472e-03 2.086221e-01 3.556548e-02
2.671502e-03 6.274064e-01 2.803190e-01 5.586813e-02 2.622993e-02 -1.483785e-01 6.535396e-02 6.881514e-02 4.046600e-03 5.161491e-02 7.792804e-03 1.095190e-01 1.570526e-02
2.968336e-03 8.910508e-01 3.576446e-01 7.525969e-02 2.378762e-02 -2.168375e-01 1.035372e-01 5.779703e-02 4.152523e-03 3.379253e-02 5.021116e-03 1.181545e-01 3.193964e-02
3.858836e-03 8.874102e-01 1.631753e-01 9.173808e-02 1.885633e-02 -2.014005e-01 5.780919e-02 6.291401e-02 7.159418e-03 3.408822e-02 4.800290e-03 1.175368e-01 1.463290e-02
5.343004e-03 1.182370e+00 1.756634e-01 5.160120e-02 1.741786e-02 -3.412643e-01 6.024421e-02 5.956222e-02 5.800017e-03 4.201676e-02 9.809694e-03 1.752810e-01 2.200959e-02
7.420839e-03 8.677664e-01 2.004332e-01 9.018899e-02 2.220311e-02 -1.780712e-01 7.436345e-02 6.285133e-02 8.475933e-03 2.916145e-02 6.199230e-03 1.162508e-01 2.678591e-02
1.009234e-02 9.404125e-01 2.304422e-01 6.637067e-02 1.244634e-02 -2.155544e-01 6.326358e-02 6.702346e-02 6.387175e-03 3.706280e-02 8.115048e-03 1.376503e-01 2.191553e-02
1.335751e-02 8.366113e-01 2.206711e-01 6.177632e-02 1.211107e-02 -1.854650e-01 5.977976e-02 8.296218e-02 8.162549e-03 4.915517e-02 1.115533e-02 1.564209e-01 1.473870e-02
1.721635e-02 9.600369e-01 1.528965e-01 8.069378e-02 1.946934e-02 -2.431909e-01 3.645144e-02 6.836604e-02 6.237260e-03 2.250112e-02 5.886603e-03 1.793622e-01 7.137485e-03
2.968336e-03 1.010619e+00 1.278427e-01 8.719334e-02 1.242423e-02 -2.419097e-01 4.052349e-02 7.938489e-02 9.248595e-03 5.219848e-02 7.973100e-03 1.446327e-01 1.738019e-02
3.265169e-03 1.306860e+00 2.279943e-01 1.157862e-01 2.643356e-02 -3.138931e-01 5.699351e-02 6.677117e-02 3.697465e-03 2.651017e-02 8.443345e-03 1.379896e-01 1.679719e-02
4.155670e-03 7.775758e-01 2.169978e-01 5.789731e-02 3.063416e-02 -1.884509e-01 4.366897e-02 5.948716e-02 9.946514e-03 4.067020e-02 5.992886e-03 1.193400e-01 1.431858e-02
5.639838e-03 7.528194e-01 1.758256e-01 8.695733e-02 2.735469e-02 -1.643039e-01 4.506464e-02 6.355531e-02 5.525889e-03 3.434714e-02 7.702950e-03 1.117899e-01 1.369137e-02
7.717673e-03 7.294643e-01 6.916543e-02 6.457785e-02 1.108299e-02 -1.697595e-01 2.590767e-02 6.347181e-02 1.916297e-03 3.614696e-02 5.573629e-03 1.134107e-01 1.176007e-02
1.038917e-02 6.988305e-01 9.737783e-02 6.891013e-02 1.601743e-02 -1.526903e-01 3.396320e-02 6.946717e-02 4.576661e-03 4.326634e-02 4.368923e-03 1.350023e-01 2.027481e-02
1.365434e-02 1.146272e+00 5.394478e-02 8.364584e-02 2.118511e-02 -2.756688e-01 2.913523e-02 6.832129e-02 3.968366e-03 2.734476e-02 5.467926e-03 1.665826e-01 1.870131e-02
1.751318e-02 8.432095e-01 9.850610e-02 7.969199e-02 2.622363e-02 -1.959159e-01 2.932387e-02 8.073856e-02 5.059090e-03 3.268241e-02 5.722487e-03 1.779692e-01 9.036701e-03
3.858836e-03 1.315662e+00 4.938736e-01 9.733440e-02 5.392677e-02 -3.206492e-01 9.851924e-02 5.633688e-02 5.357099e-03 2.748908e-02 1.074259e-02 1.434820e-01 2.221981e-02
4.155670e-03 1.042845e+00 2.622844e-01 5.844958e-02 2.895738e-02 -2.718811e-01 6.733974e-02 6.679056e-02 7.107267e-03 4.844528e-02 1.387893e-02 1.508879e-01 1.551117e-02
5.046170e-03 8.401779e-01 1.397725e-01 8.892281e-02 2.955299e-02 -1.773732e-01 2.633732e-02 6.175898e-02 8.165452e-03 3.388055e-02 4.742793e-03 1.096307e-01 1.392762e-02
6.530338e-03 1.053802e+00 1.167915e-01 6.618977e-02 2.362592e-02 -2.671480e-01 3.787102e-02 6.449548e-02 8.985934e-03 4.819980e-02 3.807889e-03 1.650325e-01 9.680554e-03
8.608173e-03 1.108874e+00 3.415289e-01 1.205155e-01 3.615354e-02 -2.418549e-01 8.937297e-02 7.268910e-02 7.649078e-03 2.562437e-02 1.271572e-02 1.328062e-01 2.011008e-02
1.127968e-02 1.005312e+00 1.207923e-01 8.818292e-02 2.147828e-02 -2.333288e-01 4.343731e-02 7.419338e-02 2.537676e-03 2.768452e-02 1.157873e-02 1.401158e-01 1.945417e-02
1.454484e-02 1.366564e+00 2.614315e-01 1.239635e-01 2.508048e-02 -3.259125e-01 6.260642e-02 8.286801e-02 8.236491e-03 2.723937e-02 4.402870e-03 1.895646e-01 2.546411e-02
1.840368e-02 1.005691e+00 4.986163e-02 8.234074e-02 2.542343e-02 -2.313923e-01 2.927950e-02 8.440760e-02 5.976935e-03 3.380318e-02 8.022489e-03 1.770358e-01 5.761879e-03
5.343004e-03 1.069483e+00 1.055867e-01 8.112606e-02 1.570256e-02 -2.452043e-01 2.249006e-02 5.913223e-02 6.031864e-03 3.734058e-02 7.885781e-03 1.393555e-01 1.142888e-02
5.639838e-03 1.057266e+00 4.064667e-01 7.606403e-02 2.832606e-02 -2.694496e-01 1.112395e-01 6.483070e-02 2.206401e-03 4.056219e-02 1.022734e-02 1.513322e-01 3.541367e-02
6.530338e-03 9.169643e-01 1.530169e-01 7.536259e-02 2.053498e-02 -2.147528e-01 4.932897e-02 5.973996e-02 3.730460e-03 2.951393e-02 4.120958e-03 1.206726e-01 1.709308e-02
8.014506e-03 9.827799e-01 1.573779e-01 6.274982e-02 2.467180e-02 -2.486158e-01 3.898663e-02 5.708850e-02 1.583097e-03 2.500331e-02 7.372852e-03 1.283718e-01 7.661899e-03
1.009234e-02 8.421446e-01 1.840498e-01 6.478072e-02 2.321593e-02 -1.914182e-01 5.156625e-02 6.982368e-02 3.260607e-03 4.550416e-02 9.008318e-03 1.423077e-01 1.745672e-02
1.276384e-02 1.281861e+00 3.508453e-01 1.196681e-01 4.301564e-02 -2.953057e-01 9.200768e-02 7.640218e-02 5.896954e-03 2.645097e-02 1.182306e-02 1.798607e-01 2.518131e-02
1.602901e-02 8.707795e-01 1.079381e-01 8.449839e-02 1.159950e-02 -1.889210e-01 4.620997e-02 7.889150e-02 7.225662e-03 2.544506e-02 8.233892e-03 1.415305e-01 1.649040e-02
1.988785e-02 1.109087e+00 3.111253e-01 1.009114e-01 2.939905e-02 -2.579455e-01 8.750991e-02 9.116163e-02 1.212889e-02 2.495059e-02 1.002633e-02 1.971509e-01 3.042621e-02
7.420839e-03 1.104219e+00 8.732848e-02 8.238309e-02 2.292512e-02 -2.688845e-01 3.080303e-02 5.150713e-02 3.747352e-03 2.129067e-02 6.896435e-03 1.363779e-01 1.748676e-02
7.717673e-03 1.033997e+00 2.122931e-01 8.655709e-02 3.179415e-02 -2.497794e-01 4.270926e-02 7.128430e-02 4.260080e-03 3.921322e-02 9.183924e-03 1.508932e-01 1.610847e-02
8.608173e-03 9.377162e-01 1.524288e-01 1.114331e-01 2.951911e-02 -2.083974e-01 5.309278e-02 7.495574e-02 7.629309e-03 3.039397e-02 3.656368e-03 1.344494e-01 1.540561e-02
1.009234e-02 1.105707e+00 3.581194e-01 7.364558e-02 2.205055e-02 -2.934965e-01 1.047349e-01 6.196046e-02 8.227489e-03 2.774172e-02 4.309355e-03 1.631307e-01 3.643785e-02
1.217018e-02 8.047662e-01 1.338446e-01 4.921547e-02 1.810914e-02 -1.992658e-01 4.472224e-02 6.476514e-02 3.073370e-03 3.675742e-02 6.691612e-03 1.374999e-01 1.295520e-02
1.484168e-02 1.099991e+00 1.401832e-01 9.717803e-02 2.326601e-02 -2.154811e-01 1.876796e-02 8.054309e-02 4.012413e-03 3.439699e-02 4.390814e-03 1.502828e-01 9.610449e-03
1.810685e-02 1.190145e+00 1.783408e-01 1.371087e-01 2.390158e-02 -2.560861e-01 5.758371e-02 8.765856e-02 6.890537e-03 1.391491e-02 4.773757e-03 1.947355e-01 2.262728e-02
2.196568e-02 8.160753e-01 7.896238e-02 5.960449e-02 1.115263e-02 -1.828392e-01 4.359413e-02 9.583408e-02 8.964828e-03 4.362945e-02 4.938095e-03 1.869313e-01 1.911449e-02
1.009234e-02 1.273444e+00 3.309368e-01 1.254885e-01 4.225852e-02 -2.755920e-01 5.475026e-02 6.991563e-02 7.900770e-03 2.177149e-02 9.684704e-03 1.461011e-01 6.719808e-03
1.038917e-02 8.146504e-01 6.180228e-02 5.912780e-02 6.930119e-03 -2.163294e-01 1.970501e-02 5.975324e-02 3.508897e-03 3.298928e-02 3.470210e-03 1.452649e-01 1.451969e-02
1.127968e-02 9.088712e-01 1.015987e-01 5.987961e-02 2.122769e-02 -2.272574e-01 5.269856e-02 7.110750e-02 6.122034e-03 4.576112e-02 6.433089e-03 1.615722e-01 2.253474e-02
1.276384e-02 1.153176e+00 1.755182e-01 1.068607e-01 2.902768e-02 -2.692992e-01 2.760284e-02 9.143049e-02 8.474747e-03 3.812234e-02 1.396224e-02 1.700779e-01 1.554240e-02
1.484168e-02 7.676505e-01 1.470053e-01 7.159682e-02 7.919836e-03 -1.473410e-01 2.743290e-02 7.311910e-02 4.297629e-03 3.117204e-02 6.694781e-03 1.210438e-01 9.434111e-03
1.751318e-02 8.825458e-01 7.273258e-02 5.419974e-02 2.072360e-02 -2.163609e-01 4.888472e-02 8.216974e-02 5.180729e-03 3.607237e-02 6.732782e-03 1.838055e-01 2.451355e-02
2.077835e-02 1.163773e+00 1.295200e-01 7.332123e-02 2.289832e-02 -3.089111e-01 2.142789e-02 8.802605e-02 2.880187e-03 3.293347e-02 8.344953e-03 2.361567e-01 1.155716e-02
2.463719e-02 9.294271e-01 1.082319e-01 4.077359e-02 1.572332e-02 -2.261288e-01 3.062864e-02 1.070209e-01 1.047619e-02 4.752000e-02 9.794346e-03 2.333792e-01 2.373265e-02
1.335751e-02 7.435746e-01 1.566427e-01 5.463895e-02 7.570932e-03 -1.865989e-01 5.871716e-02 6.336478e-02 4.333816e-03 3.680172e-02 6.418075e-03 1.608704e-01 2.772253e-02
1.365434e-02 7.709376e-01 1.610740e-01 5.564893e-02 2.019541e-02 -1.788116e-01 5.174625e-02 7.185534e-02 3.144030e-03 4.443094e-02 1.122693e-02 1.519275e-01 1.892373e-02
1.454484e-02 1.079401e+00 1.127748e-01 8.700311e-02 2.896066e-02 -2.632105e-01 3.641108e-02 7.342164e-02 8.528796e-03 3.344908e-02 7.482419e-03 1.804144e-01 1.434061e-02
1.602901e-02 1.029760e+00 1.295114e-01 8.557793e-02 1.804419e-02 -2.156327e-01 2.069322e-02 7.619638e-02 5.224068e-03 2.768634e-02 8.646648e-03 1.479718e-01 6.370084e-03
1.810685e-02 7.864170e-01 1.065142e-01 8.171066e-02 1.642924e-02 -1.629741e-01 2.350537e-02 7.965417e-02 3.801692e-03 3.716786e-02 6.211554e-03 1.580437e-01 1.699247e-02
2.077835e-02 8.205506e-01 1.110951e-01 6.337466e-02 1.992707e-02 -1.932266e-01 3.112307e-02 9.502669e-02 1.546406e-02 3.943848e-02 6.950546e-03 1.877383e-01 1.456508e-02
2.404352e-02 8.899074e-01 1.242774e-01 6.784314e-02 2.070174e-02 -2.331902e-01 4.859563e-02 1.074939e-01 8.905239e-03 2.758283e-02 1.410262e-02 1.985091e-01 2.640156e-02
2.790235e-02 7.396594e-01 8.943873e-02 4.361662e-02 1.075594e-02 -2.135402e-01 3.634713e-02 1.128883e-01 1.075740e-02 3.178620e-02 7.607364e-03 2.562211e-01 1.488816e-02
1.721635e-02 9.162415e-01 7.271149e-02 7.714880e-02 1.006513e-02 -2.154445e-01 4.657528e-02 8.178193e-02 7.035431e-03 3.753233e-02 8.725349e-03 1.724071e-01 1.373059e-02
1.751318e-02 9.029457e-01 1.265496e-01 5.956743e-02 1.991950e-02 -2.293598e-01 4.604275e-02 9.068726e-02 8.786085e-03 4.787230e-02 9.025163e-03 2.027094e-01 1.669074e-02
1.840368e-02 9.233649e-01 8.988611e-02 5.890708e-02 9.924920e-03 -2.088685e-01 2.919568e-02 7.649240e-02 7.067187e-03 4.400366e-02 7.815393e-03 1.703622e-01 1.901415e-02
1.988785e-02 8.434600e-01 5.930034e-02 7.532744e-02 1.906277e-02 -1.709148e-01 2.934126e-02 8.724940e-02 5.178875e-03 3.544589e-02 9.280236e-03 1.640777e-01 1.566582e-02
2.196568e-02 9.000980e-01 1.266781e-01 7.761073e-02 2.782804e-02 -1.919576e-01 2.981264e-02 1.082794e-01 7.089101e-03 4.244609e-02 1.016910e-02 2.003102e-01 1.981805e-02
2.463719e-02 7.144658e-01 7.957463e-02 8.243298e-02 1.045885e-02 -1.380791e-01 3.581630e-02 9.952437e-02 6.158451e-03 2.656518e-02 8.685148e-03 1.824049e-01 2.363253e-02
2.790235e-02 1.088809e+00 1.104107e-01 1.239775e-01 3.040058e-02 -1.862271e-01 7.023026e-02 1.423983e-01 1.705421e-02 2.645209e-02 7.249403e-03 2.562819e-01 4.099950e-02
3.176119e-02 1.007595e+00 1.371570e-01 1.277484e-01 2.534826e-02 -1.836530e-01 2.043612e-02 1.795911e-01 2.090241e-02 5.285794e-02 1.730772e-02 2.741231e-01 2.182327e-02
4.749337e-03 1.078538e+00 1.856526e-01 8.088403e-02 1.558208e-02 -2.774360e-01 6.054731e-02 5.749470e-02 6.166294e-03 3.069486e-02 6.570314e-03 1.416142e-01 1.934771e-02
5.046170e-03 7.178126e-01 8.004676e-02 4.801433e-02 2.101759e-02 -1.804630e-01 4.078486e-02 6.128468e-02 1.895458e-03 4.352987e-02 7.217513e-03 1.172194e-01 2.095703e-02
5.936671e-03 1.424467e+00 3.999112e-01 1.268895e-01 5.556127e-02 -3.184341e-01 7.152914e-02 7.712401e-02 8.095624e-03 3.034641e-02 8.749079e-03 1.459487e-01 1.744663e-02
7.420839e-03 9.206776e-01 1.948126e-01 8.227927e-02 1.676624e-02 -2.039616e-01 5.372682e-02 6.064319e-02 4.583318e-03 2.764529e-02 3.548395e-03 1.171721e-01 2.145262e-02
9.498674e-03 1.013661e+00 2.164548e-01 7.077215e-02 2.794668e-02 -2.319218e-01 3.476602e-02 6.267834e-02 3.467499e-03 3.798527e-02 1.025327e-02 1.432167e-01 5.582465e-03
1.217018e-02 1.001250e+00 1.708840e-01 1.042259e-01 2.521185e-02 -2.002572e-01 2.974123e-02 8.148216e-02 8.465679e-03 3.672315e-02 3.295485e-03 1.424389e-01 1.031663e-02
1.543535e-02 1.096269e+00 1.723401e-01 9.162496e-02 2.317965e-02 -2.669279e-01 5.187833e-02 7.362284e-02 4.607485e-03 2.724681e-02 7.032950e-03 1.771717e-01 1.732533e-02
1.929418e-02 1.123905e+00 1.413596e-01 1.071880e-01 2.302678e-02 -2.618236e-01 3.325638e-02 8.918443e-02 1.053704e-02 3.213949e-02 7.449988e-03 1.965368e-01 2.454950e-02
5.046170e-03 1.060708e+00 4.463659e-01 1.014853e-01 3.806604e-02 -2.555162e-01 1.109235e-01 6.653077e-02 8.854258e-03 2.782996e-02 6.640951e-03 1.301394e-01 3.222577e-02
5.343004e-03 9.850407e-01 3.569053e-01 8.261133e-02 4.434654e-02 -2.420492e-01 7.445600e-02 5.488107e-02 3.082846e-03 2.791443e-02 1.067335e-02 1.260665e-01 1.867093e-02
6.233505e-03 1.307512e+00 3.807937e-01 1.039017e-01 4.078434e-02 -3.258691e-01 8.845540e-02 5.445137e-02 6.139416e-03 1.725477e-02 8.832341e-03 1.451424e-01 2.527928e-02
7.717673e-03 7.652142e-01 1.464955e-01 4.444655e-02 2.131522e-02 -1.944166e-01 5.632925e-02 5.801899e-02 5.462418e-03 3.604726e-02 6.505978e-03 1.184394e-01 1.628716e-02
9.795507e-03 1.054429e+00 2.221265e-01 9.619274e-02 1.739686e-02 -2.553774e-01 6.902851e-02 6.735843e-02 4.821518e-03 2.941094e-02 7.001840e-03 1.495584e-01 1.803891e-02
1.246701e-02 8.630902e-01 5.900984e-02 8.024918e-02 1.489267e-02 -1.785042e-01 2.917420e-02 7.618312e-02 6.281328e-03 4.054208e-02 8.594016e-03 1.367520e-01 9.851279e-03
1.573218e-02 1.136656e+00 1.494634e-01 1.081420e-01 1.429331e-02 -2.687307e-01 6.066136e-02 9.765822e-02 1.131224e-02 3.908089e-02 6.514248e-03 1.750673e-01 2.517753e-02
1.959101e-02 1.162896e+00 2.038173e-01 1.007201e-01 2.710822e-02 -3.288357e-01 6.028228e-02 1.018247e-01 7.831307e-03 2.671716e-02 7.129333e-03 2.257875e-01 2.234818e-02
5.936671e-03 1.643569e+00 4.223359e-01 1.227782e-01 4.523154e-02 -4.144668e-01 1.074504e-01 6.514811e-02 5.913401e-03 2.316333e-02 1.096586e-02 1.817615e-01 3.638097e-02
6.233505e-03 1.353934e+00 5.894847e-01 9.704086e-02 2.941255e-02 -3.322118e-01 1.557267e-01 6.390733e-02 2.361574e-03 2.896900e-02 7.792288e-03 1.510531e-01 4.282530e-02
7.124005e-03 9.205449e-01 8.951784e-02 6.626138e-02 1.560572e-02 -2.298547e-01 1.822427e-02 6.639479e-02 7.645000e-03 3.980530e-02 7.317832e-03 1.439777e-01 6.975529e-03
8.608173e-03 1.079927e+00 8.423118e-02 5.955422e-02 1.950670e-02 -2.752629e-01 3.715951e-02 5.671135e-02 5.229028e-03 2.962020e-02 8.520052e-03 1.398841e-01 1.622547e-02
1.068601e-02 8.743944e-01 1.624863e-01 6.415235e-02 2.895572e-02 -2.104620e-01 2.589241e-02 7.106724e-02 4.924206e-03 4.270017e-02 7.590912e-03 1.412026e-01 1.733699e-02
1.335751e-02 8.226855e-01 1.084749e-01 6.832151e-02 1.841186e-02 -1.688360e-01 3.779873e-02 7.611615e-02 8.161300e-03 4.425817e-02 8.488374e-03 1.434340e-01 2.175451e-02
1.662268e-02 9.226631e-01 5.954925e-02 7.729755e-02 2.715269e-02 -1.875950e-01 1.503185e-02 8.153213e-02 4.798287e-03 4.568668e-02 1.324996e-02 1.600412e-01 1.636991e-02
2.048152e-02 7.985208e-01 5.376857e-02 8.180844e-02 1.698535e-02 -1.612276e-01 2.031841e-02 9.278337e-02 4.813721e-03 4.312059e-02 9.492826e-03 1.821309e-01 1.369870e-02
7.420839e-03 8.974438e-01 1.543493e-01 7.384342e-02 2.271710e-02 -2.424375e-01 3.971103e-02 6.286763e-02 5.065554e-03 3.447869e-02 7.114556e-03 1.452692e-01 1.488355e-02
7.717673e-03 8.163875e-01 4.095413e-01 5.477292e-02 1.609263e-02 -1.960171e-01 1.294831e-01 6.006392e-02 6.581698e-03 3.877406e-02 5.729015e-03 1.202786e-01 3.475471e-02
8.608173e-03 9.943010e-01 2.763745e-01 8.439558e-02 1.837754e-02 -2.557310e-01 8.269395e-02 6.024299e-02 5.390527e-03 2.844092e-02 6.312080e-03 1.517204e-01 2.602024e-02
1.009234e-02 1.082569e+00 2.946804e-01 9.571200e-02 5.017671e-02 -2.288580e-01 4.300275e-02 6.886164e-02 1.458100e-02 3.962866e-02 3.988854e-03 1.515104e-01 1.842142e-02
1.217018e-02 9.249373e-01 1.123789e-01 5.006361e-02 1.542316e-02 -2.147427e-01 3.802569e-02 6.428999e-02 7.318047e-03 4.023662e-02 9.890342e-03 1.538871e-01 1.672152e-02
1.484168e-02 9.697542e-01 1.561786e-01 6.616750e-02 1.776965e-02 -2.579443e-01 4.843317e-02 6.392869e-02 6.362828e-03 2.319041e-02 5.560561e-03 1.752740e-01 1.492064e-02
1.810685e-02 1.292870e+00 3.152190e-01 1.270713e-01 1.643870e-02 -2.851757e-01 7.155644e-02 8.158266e-02 3.332520e-03 1.854201e-02 3.562023e-03 1.781026e-01 2.014000e-02
2.196568e-02 7.192141e-01 2.117520e-02 8.559692e-02 5.445239e-03 -1.325778e-01 1.246673e-02 1.006040e-01 6.108478e-03 3.544907e-02 8.590001e-03 1.652472e-01 1.872581e-02
9.498674e-03 9.862671e-01 1.813322e-01 7.876065e-02 1.194547e-02 -2.429581e-01 4.825341e-02 6.689873e-02 5.091967e-03 3.491077e-02 6.020156e-03 1.518027e-01 2.741114e-02
9.795507e-03 9.155908e-01 1.210656e-01 6.075116e-02 1.458367e-02 -2.370151e-01 3.878583e-02 6.290877e-02 6.102566e-03 3.680549e-02 6.364859e-03 1.517934e-01 1.380127e-02
1.068601e-02 1.190684e+00 5.059737e-01 1.040812e-01 4.998133e-02 -2.768970e-01 9.983848e-02 7.414646e-02 5.598383e-03 2.959487e-02 8.818059e-03 1.515822e-01 2.369767e-02
1.217018e-02 7.500297e-01 7.559363e-02 5.945495e-02 1.188334e-02 -1.874578e-01 1.188413e-02 6.473597e-02 6.202020e-03 2.737903e-02 3.927979e-03 1.297554e-01 4.827039e-03
1.424801e-02 1.020655e+00 7.311941e-02 7.621913e-02 1.673322e-02 -2.395442e-01 2.524330e-02 6.720611e-02 7.500220e-03 2.460647e-02 7.757847e-03 1.495524e-01 4.919829e-03
1.691951e-02 8.394533e-01 9.406391e-02 6.226433e-02 1.659753e-02 -1.876228e-01 3.956867e-02 7.678071e-02 5.209545e-03 3.672301e-02 6.077543e-03 1.598762e-01 1.395936e-02
2.018468e-02 9.114532e-01 7.531274e-02 7.824847e-02 2.855529e-02 -2.403197e-01 4.405665e-02 8.790786e-02 1.197811e-02 3.412749e-02 1.653868e-02 2.083636e-01 1.994420e-02
2.404352e-02 9.066146e-01 1.439142e-01 9.647817e-02 3.262424e-02 -1.725280e-01 3.370716e-02 9.864654e-02 8.630895e-03 2.562881e-02 6.016890e-03 2.066956e-01 1.383707e-02
1.217018e-02 9.098882e-01 9.374027e-02 9.295001e-02 1.492224e-02 -2.001313e-01 1.959985e-02 8.285758e-02 4.438775e-03 4.359279e-02 8.486365e-03 1.640370e-01 9.968673e-03
1.246701e-02 1.157621e+00 2.880706e-01 1.236226e-01 3.571130e-02 -2.665958e-01 7.173463e-02 8.376281e-02 1.038411e-02 2.904550e-02 5.223067e-03 1.571775e-01 2.438128e-02
1.335751e-02 9.957607e-01 1.190477e-01 1.109356e-01 2.644760e-02 -1.928424e-01 1.499215e-02 7.576911e-02 4.000803e-03 2.892887e-02 8.731718e-03 1.263387e-01 7.083639e-03
1.484168e-02 8.643774e-01 1.873481e-01 8.239155e-02 2.463635e-02 -2.134344e-01 4.613290e-02 9.440766e-02 7.119160e-03 4.197833e-02 7.487809e-03 1.785523e-01 1.808571e-02
1.691951e-02 9.395976e-01 1.286635e-01 7.861618e-02 5.806713e-03 -2.030686e-01 4.356578e-02 8.417040e-02 6.992214e-03 2.957690e-02 2.340853e-03 1.609185e-01 1.286339e-02
1.959101e-02 1.009436e+00 1.768721e-01 1.112617e-01 5.188109e-02 -2.306206e-01 2.953518e-02 1.038911e-01 1.647370e-02 3.614584e-02 7.058407e-03 1.978800e-01 1.355619e-02
2.285618e-02 9.562091e-01 1.334957e-01 1.116957e-01 1.555840e-02 -1.973386e-01 3.627793e-02 1.045204e-01 8.306024e-03 2.264279e-02 1.114668e-02 1.843312e-01 2.335938e-02
2.671502e-02 1.033046e+00 1.661530e-01 1.160666e-01 1.165559e-02 -1.814076e-01 3.574111e-02 1.261465e-01 4.327695e-03 2.743492e-02 9.044613e-03 2.096504e-01 2.173119e-02
1.543535e-02 8.914381e-01 8.931904e-02 5.752439e-02 2.914252e-02 -2.069369e-01 4.920069e-02 8.178621e-02 8.596291e-03 4.720133e-02 5.744054e-03 1.574057e-01 2.669786e-02
1.573218e-02 1.219254e+00 2.508574e-01 1.090137e-01 2.310033e-02 -2.569230e-01 6.868948e-02 8.364363e-02 8.610725e-03 2.735492e-02 6.263788e-03 1.651848e-01 2.010557e-02
1.662268e-02 1.222300e+00 2.881810e-01 8.392013e-02 3.581651e-02 -2.721255e-01 4.376316e-02 7.648991e-02 9.577010e-03 3.596106e-02 6.579066e-03 1.893031e-01 1.285165e-02
1.810685e-02 9.176676e-01 9.459522e-02 8.372564e-02 2.276244e-02 -2.232853e-01 2.005148e-02 8.241506e-02 5.986931e-03 3.088691e-02 1.236358e-02 1.813021e-01 7.881227e-03
2.018468e-02 9.069694e-01 8.939731e-02 8.165034e-02 1.789535e-02 -2.353023e-01 3.763323e-02 8.675305e-02 8.917305e-03 2.487197e-02 5.946457e-03 1.760269e-01 2.399684e-02
2.285618e-02 1.057670e+00 1.697905e-01 1.034308e-01 2.775681e-02 -2.101542e-01 2.237009e-02 1.068733e-01 4.662378e-03 3.457981e-02 1.283112e-02 1.774057e-01 1.972837e-02
2.612135e-02 1.043082e+00 1.517169e-01 1.130276e-01 3.065730e-02 -2.540652e-01 5.380012e-02 1.174092e-01 1.001165e-02 3.664993e-02 2.126296e-02 2.512796e-01 1.069782e-02
2.998019e-02 8.700578e-01 9.871134e-02 6.875678e-02 2.548286e-02 -1.765621e-01 1.237381e-02 1.536236e-01 7.107920e-03 1.921308e-02 1.019187e-02 2.656184e-01 2.827412e-02
1.929418e-02 8.055397e-01 7.968503e-02 8.540942e-02 2.585506e-02 -1.688163e-01 1.480837e-02 9.033553e-02 1.272258e-02 3.706308e-02 6.146918e-03 1.752015e-01 6.598458e-03
1.959101e-02 1.007466e+00 1.402721e-01 6.947560e-02 1.226844e-02 -2.024373e-01 3.095975e-02 8.717983e-02 1.030389e-02 3.853193e-02 8.891318e-03 1.758807e-01 2.467226e-02
2.048152e-02 9.890357e-01 1.640239e-01 8.170130e-02 8.305586e-03 -2.014083e-01 3.867351e-02 9.426736e-02 1.447008e-02 4.969772e-02 1.945618e-02 2.210180e-01 1.163377e-02
2.196568e-02 8.915924e-01 1.225973e-01 6.239241e-02 1.908877e-02 -1.801251e-01 3.206117e-02 8.672730e-02 8.817864e-03 2.801751e-02 6.742456e-03 1.722257e-01 1.326246e-02
2.404352e-02 1.107629e+00 1.404928e-01 1.381286e-01 1.321588e-02 -2.213956e-01 4.873326e-02 1.068509e-01 1.071233e-02 2.723703e-03 4.486336e-03 1.799706e-01 2.084958e-02
2.671502e-02 9.967636e-01 1.037850e-01 1.026516e-01 2.736635e-02 -1.905264e-01 3.844098e-02 1.063494e-01 9.218625e-03 1.404949e-02 1.229844e-02 2.313620e-01 2.642512e-02
2.998019e-02 8.604993e-01 1.417701e-01 1.181875e-01 3.298400e-02 -1.655614e-01 2.717921e-02 1.845812e-01 2.141779e-02 3.712709e-02 1.142636e-02 2.559936e-01 2.577590e-02
3.383903e-02 9.285559e-01 1.220097e-01 1.353356e-01 3.271530e-02 -2.212342e-01 3.409853e-02 1.816052e-01 2.309265e-02 -1.528262e-04 1.374834e-02 2.947322e-01 2.372776e-02
7.420839e-03 9.244438e-01 1.822305e-01 9.406565e-02 2.750577e-02 -2.091548e-01 4.101913e-02 7.081250e-02 8.168650e-03 3.836130e-02 1.354528e-02 1.353225e-01 6.648544e-03
7.717673e-03 6.819316e-01 8.308927e-02 8.649376e-02 1.670905e-02 -1.344040e-01 1.534975e-02 8.216253e-02 3.414182e-03 4.614255e-02 5.055866e-03 1.112276e-01 8.306107e-03
8.608173e-03 8.194786e-01 2.218626e-01 6.867097e-02 2.047481e-02 -2.014934e-01 5.906963e-02 6.590296e-02 6.438187e-03 3.949653e-02 7.667140e-03 1.378033e-01 2.037352e-02
1.009234e-02 8.593455e-01 1.096789e-01 7.216054e-02 1.346894e-02 -1.974395e-01 2.634263e-02 6.874061e-02 9.470454e-03 4.060372e-02 4.104203e-03 1.444883e-01 1.403364e-02
1.217018e-02 9.184088e-01 5.351905e-02 7.832988e-02 1.045063e-02 -2.240981e-01 2.015983e-02 7.205888e-02 7.594372e-03 3.473129e-02 7.620867e-03 1.480327e-01 1.460019e-02
1.484168e-02 8.729687e-01 9.369152e-02 8.771544e-02 1.315398e-02 -2.113692e-01 2.332118e-02 8.956912e-02 5.015118e-03 4.120703e-02 4.606508e-03 1.677122e-01 1.107288e-02
1.810685e-02 7.260276e-01 9.413877e-02 6.563338e-02 1.770724e-02 -1.566668e-01 3.899972e-02 7.908785e-02 8.015193e-03 4.070596e-02 7.570021e-03 1.664689e-01 1.695883e-02
2.196568e-02 8.614253e-01 1.219677e-01 9.618440e-02 2.523157e-02 -2.071287e-01 3.899700e-02 1.125193e-01 1.128650e-02 4.451796e-02 4.090666e-03 2.135287e-01 2.965929e-02
7.717673e-03 9.931490e-01 2.403598e-01 8.445389e-02 2.474344e-02 -2.310363e-01 5.908674e-02 7.511142e-02 1.299594e-02 4.148011e-02 2.692186e-03 1.415167e-01 2.184216e-02
8.014506e-03 9.014511e-01 2.675349e-01 8.336948e-02 2.779845e-02 -1.808111e-01 5.960253e-02 7.121197e-02 4.053324e-03 4.038261e-02 6.119953e-03 1.189580e-01 1.566069e-02
8.905007e-03 1.036844e+00 1.938983e-01 9.315422e-02 2.123095e-02 -2.193452e-01 6.748465e-02 6.089394e-02 7.065007e-03 3.213268e-02 5.631363e-03 1.347670e-01 2.756312e-02
1.038917e-02 9.899298e-01 1.655599e-01 9.817823e-02 2.331682e-02 -2.116963e-01 2.257585e-02 6.856309e-02 6.733208e-03 3.090385e-02 4.915840e-03 1.369589e-01 4.412920e-03
1.246701e-02 7.929508e-01 1.407443e-01 4.859345e-02 2.927175e-02 -2.461191e-01 5.170753e-02 6.615678e-02 4.718408e-03 3.440800e-02 1.187976e-02 1.632813e-01 2.925198e-02
1.513851e-02 8.997282e-01 1.457477e-01 4.029288e-02 1.195407e-02 -2.440587e-01 4.738554e-02 7.494075e-02 5.398492e-03 4.430766e-02 5.831081e-03 1.712155e-01 1.577748e-02
1.840368e-02 9.296394e-01 1.209676e-01 7.739534e-02 2.214014e-02 -2.205215e-01 1.927697e-02 9.346464e-02 6.649128e-03 3.954026e-02 1.219868e-02 2.012356e-01 2.111859e-02
2.226252e-02 9.730781e-01 1.989501e-01 8.022392e-02 2.935788e-02 -2.205778e-01 7.528710e-02 9.602533e-02 5.165922e-03 3.536856e-02 8.018300e-03 2.168772e-01 2.891200e-02
8.608173e-03 1.194023e+00 8.609513e-02 1.009100e-01 2.286467e-02 -2.712164e-01 4.001404e-02 6.669190e-02 1.048373e-02 2.934182e-02 6.149269e-03 1.422047e-01 1.181113e-02
8.905007e-03 9.188160e-01 1.699695e-01 2.629316e-02 1.507433e-02 -2.693392e-01 6.532554e-02 5.827682e-02 1.643162e-03 4.248041e-02 4.854914e-03 1.617441e-01 2.753030e-02
9.795507e-03 1.084142e+00 6.511707e-02 1.120496e-01 1.721524e-02 -2.070249e-01 3.333924e-02 7.562640e-02 4.150747e-03 3.948714e-02 8.821897e-03 1.392874e-01 1.795353e-02
1.127968e-02 9.544760e-01 8.957472e-02 7.412592e-02 9.789968e-03 -2.298725e-01 2.705285e-02 6.171398e-02 5.195145e-03 2.637977e-02 9.752834e-03 1.500190e-01 1.825586e-02
1.335751e-02 8.726704e-01 1.784457e-01 7.329589e-02 2.108248e-02 -2.042853e-01 5.853383e-02 8.385427e-02 3.260915e-03 4.713378e-02 2.379995e-03 1.608473e-01 2.547550e-02
1.602901e-02 8.130377e-01 5.722521e-02 5.411756e-02 1.514200e-02 -1.898941e-01 1.507440e-02 7.596418e-02 1.107302e-02 4.062786e-02 6.457061e-03 1.793680e-01 7.386116e-03
1.929418e-02 9.149061e-01 1.427133e-01 6.897423e-02 2.390931e-02 -2.183142e-01 5.715204e-02 8.271804e-02 6.337503e-03 2.821735e-02 3.541682e-03 1.744428e-01 1.217713e-02
2.315302e-02 9.057678e-01 1.623517e-01 7.809374e-02 1.518865e-02 -1.997714e-01 5.293800e-02 1.019499e-01 3.637156e-03 3.199375e-02 7.901490e-03 2.085176e-01 1.661208e-02
1.009234e-02 8.799346e-01 2.281446e-01 6.520612e-02 2.073667e-02 -1.952368e-01 7.922618e-02 7.448127e-02 7.871343e-03 4.849661e-02 3.885279e-03 1.493292e-01 2.379383e-02
1.038917e-02 1.183458e+00 2.071868e-01 6.845674e-02 1.705819e-02 -2.937695e-01 5.167115e-02 6.083293e-02 4.224678e-03 3.033982e-02 4.716913e-03 1.590072e-01 1.534698e-02
1.127968e-02 1.188270e+00 4.005354e-01 8.711786e-02 1.483477e-02 -2.889726e-01 1.234424e-01 7.567495e-02 8.919532e-03 4.005743e-02 1.635560e-02 1.777342e-01 2.461261e-02
1.276384e-02 9.422184e-01 1.496893e-01 6.586008e-02 1.260926e-02 -2.479742e-01 4.158075e-02 7.310678e-02 1.194732e-02 3.888605e-02 1.708407e-02 1.751848e-01 9.517768e-03
1.484168e-02 1.066464e+00 1.911171e-01 9.067485e-02 2.305019e-02 -2.570237e-01 6.858130e-02 8.111801e-02 6.367789e-03 3.420913e-02 3.164259e-03 1.805020e-01 2.545064e-02
1.751318e-02 1.124250e+00 2.080106e-01 1.020651e-01 2.856077e-02 -2.489260e-01 3.542366e-02 9.800565e-02 1.124994e-02 5.110116e-02 8.427243e-03 2.089064e-01 1.520604e-02
2.077835e-02 1.030796e+00 8.710972e-02 1.337298e-01 2.811802e-02 -1.801891e-01 3.594739e-02 1.008943e-01 1.934562e-02 3.484229e-02 5.006892e-03 1.918466e-01 2.201974e-02
2.463719e-02 8.983806e-01 8.159520e-02 1.167761e-01 2.077332e-02 -1.653060e-01 3.809233e-02 1.161782e-01 9.364036e-03 3.978916e-02 7.735539e-03 2.039552e-01 1.229951e-02
1.217018e-02 8.845155e-01 1.276758e-01 6.764366e-02 5.028875e-03 -2.130112e-01 2.951650e-02 8.822290e-02 8.022331e-03 5.219790e-02 8.699377e-03 1.561075e-01 7.381190e-03
1.246701e-02 8.952402e-01 1.664937e-01 6.319095e-02 2.174093e-02 -1.992429e-01 2.996677e-02 7.365414e-02 7.984497e-03 4.549682e-02 7.096732e-03 1.539997e-01 5.188679e-03
1.335751e-02 1.057332e+00 1.578114e-01 8.392153e-02 2.029509e-02 -2.265232e-01 5.218351e-02 8.514217e-02 3.814893e-03 4.840298e-02 4.728387e-03 1.706236e-01 1.533299e-02
1.484168e-02 1.144155e+00 1.973191e-01 7.668542e-02 1.716225e-02 -2.871799e-01 7.111594e-02 7.766508e-02 7.178944e-03 2.341713e-02 9.502200e-03 1.692514e-01 2.477048e-02
1.691951e-02 9.221109e-01 1.019733e-01 8.278152e-02 8.620959e-03 -1.936613e-01 1.122175e-02 7.576413e-02 1.088759e-02 2.488189e-02 5.927589e-03 1.541163e-01 1.382169e-02
1.959101e-02 7.346542e-01 7.788438e-02 4.571752e-02 2.498969e-02 -1.628806e-01 3.791093e-02 8.496183e-02 6.467181e-03 4.723393e-02 1.429703e-02 1.715564e-01 2.119702e-02
2.285618e-02 9.161250e-01 9.452656e-02 6.483084e-02 2.433599e-02 -2.031784e-01 3.354061e-02 9.642196e-02 6.816409e-03 3.847130e-02 9.649999e-03 2.142869e-01 1.627197e-02
2.671502e-02 8.151542e-01 9.371262e-02 7.482851e-02 1.825707e-02 -1.260562e-01 1.151300e-02 1.325950e-01 9.012483e-03 4.928098e-02 6.388668e-03 2.064838e-01 1.035919e-02
1.484168e-02 1.204028e+00 9.318976e-02 1.076405e-01 3.139948e-02 -2.677473e-01 3.174956e-02 8.451915e-02 1.259901e-02 3.357347e-02 5.770728e-03 1.772279e-01 1.194852e-02
1.513851e-02 8.400153e-01 1.158165e-01 5.707324e-02 1.367800e-02 -2.021085e-01 3.107339e-02 8.025416e-02 3.343722e-03 3.823220e-02 3.968973e-03 1.520711e-01 1.222668e-02
1.602901e-02 9.809924e-01 2.406674e-01 9.636902e-02 2.999631e-02 -2.415522e-01 7.508055e-02 9.285758e-02 1.484286e-02 3.356955e-02 5.277725e-03 1.769289e-01 2.797806e-02
1.751318e-02 1.241643e+00 3.739044e-02 9.042577e-02 1.097088e-02 -3.141098e-01 4.770577e-02 8.932266e-02 1.085832e-02 4.293697e-02 1.257613e-02 2.130821e-01 2.377051e-02
1.959101e-02 1.057410e+00 1.579396e-01 8.089759e-02 1.612597e-02 -2.471155e-01 3.234611e-02 1.109470e-01 1.115515e-02 4.792565e-02 6.440230e-03 2.039173e-01 1.869562e-02
2.226252e-02 9.422724e-01 1.537430e-01 5.751887e-02 2.532480e-02 -2.538218e-01 2.978607e-02 8.773863e-02 6.496397e-03 2.063660e-02 1.123191e-02 2.023697e-01 1.490093e-02
2.552769e-02 1.044513e+00 1.352920e-01 6.202050e-02 1.732171e-02 -2.433142e-01 4.732335e-02 1.231364e-01 1.758560e-02 5.429181e-02 1.050924e-02 2.458135e-01 2.171193e-02
2.938652e-02 8.872891e-01 6.641621e-02 1.064120e-01 2.436731e-02 -1.995561e-01 2.544070e-02 1.447306e-01 9.132442e-03 9.166136e-03 1.587491e-02 2.604511e-01 1.514276e-02
1.810685e-02 8.220917e-01 5.453718e-02 1.083143e-01 8.587302e-03 -1.810964e-01 2.238731e-02 8.687144e-02 6.847862e-03 2.945704e-02 1.171079e-02 1.651857e-01 1.361582e-02
1.840368e-02 1.158573e+00 1.226646e-01 1.152538e-01 3.420385e-02 -2.115063e-01 3.322807e-02 7.991968e-02 5.320505e-03 2.529168e-02 7.273223e-03 1.734246e-01 1.787708e-02
1.929418e-02 7.871622e-01 8.971214e-02 5.379751e-02 1.057579e-02 -1.556689e-01 2.932289e-02 7.598764e-02 6.107737e-03 4.281931e-02 6.361614e-03 1.587877e-01 2.189859e-02
2.077835e-02 1.015398e+00 9.284784e-02 8.484023e-02 2.850539e-02 -2.581342e-01 4.367094e-02 1.020425e-01 8.968792e-03 3.409390e-02 1.562679e-02 2.217184e-01 2.138306e-02
2.285618e-02 8.616551e-01 1.244184e-01 4.870257e-02 2.193886e-02 -2.156869e-01 1.919688e-02 1.170983e-01 1.145579e-02 4.751969e-02 8.827433e-03 2.093425e-01 1.364458e-02
2.552769e-02 8.673261e-01 1.283260e-01 1.100985e-01 2.812708e-02 -1.621815e-01 3.582909e-02 1.140271e-01 6.763956e-03 2.648847e-02 1.373996e-02 2.071625e-01 1.511529e-02
2.879286e-02 1.108094e+00 1.216556e-02 1.303961e-01 3.199079e-02 -2.370324e-01 2.184631e-02 1.361828e-01 1.409824e-02 1.157832e-02 6.915168e-03 2.382484e-01 1.181153e-02
3.265169e-02 1.159949e+00 1.057545e-01 1.352310e-01 1.353618e-02 -2.337329e-01 5.710460e-02 1.693887e-01 1.303568e-02 2.017949e-02 5.863161e-03 2.638730e-01 3.319160e-02
2.196568e-02 8.709763e-01 8.118553e-02 6.217179e-02 1.727102e-02 -2.232521e-01 5.135939e-02 1.012528e-01 2.843818e-03 3.859762e-02 6.107159e-03 2.151353e-01 2.804689e-02
2.226252e-02 1.036327e+00 1.455474e-01 9.325143e-02 1.739282e-02 -2.293514e-01 4.426793e-02 1.012610e-01 2.264656e-03 2.276183e-02 1.169991e-02 1.728440e-01 1.312046e-02
2.315302e-02 1.040819e+00 1.521119e-01 1.082199e-01 7.003643e-03 -2.401354e-01 3.346038e-02 1.068464e-01 8.425687e-03 2.982804e-02 1.172477e-02 2.139143e-01 1.539418e-02
2.463719e-02 1.037964e+00 1.544720e-01 6.035894e-02 1.982008e-02 -2.184661e-01 2.069895e-02 9.955855e-02 8.389405e-03 4.519287e-02 1.229584e-02 2.220410e-01 1.060096e-02
2.671502e-02 9.602838e-01 1.729838e-01 8.791849e-02 1.679003e-02 -2.393763e-01 4.890667e-02 1.192975e-01 8.251448e-03 2.556935e-02 7.918922e-03 2.230547e-01 1.889014e-02
2.938652e-02 9.069503e-01 1.088348e-01 7.062118e-02 2.668530e-02 -2.010224e-01 4.976777e-02 1.171497e-01 9.699899e-03 2.641323e-02 8.452037e-03 2.396867e-01 1.886336e-02
3.265169e-02 9.771009e-01 9.927537e-02 7.055826e-02 3.430180e-02 -2.563501e-01 2.938030e-02 1.435306e-01 1.490184e-02 3.620217e-02 1.740111e-02 3.224484e-01 2.869088e-02
3.651053e-02 9.930492e-01 8.577978e-02 1.369175e-01 3.634557e-02 -2.468475e-01 3.346503e-02 1.923289e-01 2.069500e-02 -5.775136e-03 1.963061e-02 3.439420e-01 3.053056e-02
1.068601e-02 8.590326e-01 1.146360e-01 6.674891e-02 5.853179e-03 -2.056143e-01 4.125368e-02 7.990877e-02 5.478168e-03 4.736152e-02 3.076162e-03 1.473530e-01 1.891164e-02
1.098284e-02 9.801013e-01 1.255200e-01 6.972485e-02 1.450098e-02 -2.434817e-01 3.818866e-02 6.772098e-02 6.123828e-03 3.853616e-02 7.308305e-03 1.583159e-01 1.301923e-02
1.187334e-02 6.309827e-01 4.197012e-02 6.546128e-02 1.210647e-02 -1.231641e-01 1.105183e-02 7.066521e-02 5.739646e-03 4.316806e-02 6.066537e-03 1.254091e-01 9.802778e-03
1.335751e-02 8.791159e-01 1.359178e-01 9.687741e-02 2.385481e-02 -2.071723e-01 2.376755e-02 7.849057e-02 3.086686e-03 2.850766e-02 1.241541e-02 1.493075e-01 2.083401e-02
1.543535e-02 7.828849e-01 9.288483e-02 6.580733e-02 1.672249e-02 -1.761483e-01 3.183211e-02 8.373912e-02 7.165049e-03 4.282434e-02 6.833901e-03 1.488605e-01 1.794131e-02
1.810685e-02 1.157807e+00 1.349789e-01 1.006236e-01 1.177558e-02 -2.602706e-01 4.496153e-02 8.664808e-02 6.248289e-03 3.058609e-02 8.567592e-03 1.797818e-01 2.103857e-02
2.137202e-02 8.953835e-01 1.353220e-01 6.647406e-02 1.193899e-02 -2.129169e-01 5.422140e-02 9.484965e-02 2.954755e-03 3.171952e-02 9.448365e-03 1.830281e-01 2.864823e-02
2.523085e-02 1.031884e+00 1.245377e-01 8.840036e-02 3.203542e-02 -2.258841e-01 5.958981e-02 1.085895e-01 9.365944e-03 2.565326e-02 1.552375e-02 2.278986e-01 1.839413e-02
1.098284e-02 8.529565e-01 1.246486e-01 6.348823e-02 2.158360e-02 -2.020957e-01 3.692444e-02 5.809150e-02 6.883752e-03 2.989987e-02 6.864430e-03 1.280343e-01 1.322894e-02
1.127968e-02 1.038050e+00 1.547310e-01 5.616609e-02 2.245830e-02 -2.674176e-01 3.536584e-02 7.159159e-02 7.158798e-03 4.499503e-02 8.746978e-03 1.703238e-01 2.312468e-02
1.217018e-02 9.926476e-01 1.748827e-01 6.035027e-02 1.202408e-02 -2.220440e-01 4.463083e-02 7.274640e-02 6.181544e-03 5.190509e-02 6.134707e-03 1.639139e-01 1.479254e-02
1.365434e-02 7.837223e-01 9.386659e-02 7.656814e-02 1.696377e-02 -1.702838e-01 2.114963e-02 6.754537e-02 6.477890e-03 3.108582e-02 3.680319e-03 1.419661e-01 1.112352e-02
1.573218e-02 8.849494e-01 1.349363e-01 1.052243e-01 1.445927e-02 -1.426166e-01 4.172458e-02 8.568763e-02 4.564451e-03 4.007511e-02 7.038306e-03 1.401402e-01 8.996467e-03
1.840368e-02 6.112503e-01 7.303352e-02 3.998358e-02 9.505789e-03 -1.402601e-01 2.012755e-02 8.240529e-02 9.361497e-03 4.100863e-02 1.152655e-02 1.501851e-01 1.456746e-02
2.166885e-02 7.452511e-01 8.065114e-02 6.462125e-02 2.172348e-02 -1.498450e-01 2.788158e-02 8.539761e-02 5.905433e-03 2.969146e-02 6.837067e-03 1.815400e-01 1.373476e-02
2.552769e-02 9.858058e-01 1.572113e-01 8.315392e-02 2.239008e-02 -1.882978e-01 4.880678e-02 1.024838e-01 4.780514e-03 2.261841e-02 3.785478e-03 2.256398e-01 1.023625e-02
1.187334e-02 9.092666e-01 1.720318e-01 8.219553e-02 2.999731e-02 -1.888334e-01 4.137563e-02 7.565096e-02 8.433845e-03 4.440730e-02 7.016993e-03 1.430765e-01 2.226259e-02
1.217018e-02 1.211913e+00 1.973703e-01 8.940895e-02 1.683152e-02 -2.651220e-01 5.652676e-02 7.885086e-02 6.336512e-03 4.114831e-02 1.061642e-02 1.654999e-01 2.687791e-02
1.306068e-02 7.664212e-01 8.013194e-02 4.102154e-02 1.184324e-02 -1.925877e-01 3.644315e-02 5.738529e-02 5.167001e-03 3.681920e-02 7.732669e-03 1.399478e-01 2.584653e-02
1.454484e-02 9.023717e-01 1.182395e-01 1.077724e-01 1.607827e-02 -1.365478e-01 3.090065e-02 8.958405e-02 1.069475e-02 3.422948e-02 7.276547e-03 1.279973e-01 1.420027e-02
1.662268e-02 7.264669e-01 7.175358e-02 3.852103e-02 3.331269e-02 -1.813958e-01 3.486302e-02 7.761127e-02 1.090560e-02 4.331164e-02 9.035486e-03 1.618171e-01 2.071057e-02
1.929418e-02 1.012812e+00 1.544706e-01 5.230798e-02 4.855816e-02 -2.418343e-01 3.356803e-02 9.742690e-02 2.244552e-03 5.253849e-02 1.406960e-02 1.939279e-01 1.066841e-02
2.255935e-02 1.017582e+00 1.322018e-01 1.115720e-01 1.481690e-02 -2.122069e-01 4.188564e-02 1.060520e-01 7.480716e-03 2.677802e-02 3.669323e-03 2.031816e-01 2.271233e-02
2.641819e-02 1.034852e+00 2.240959e-01 9.841642e-02 2.966849e-02 -2.226223e-01 9.005669e-02 1.155004e-01 1.124398e-02 3.560231e-02 5.348465e-03 2.387200e-01 2.925542e-02
1.335751e-02 8.741503e-01 1.665510e-01 7.228778e-02 2.662235e-02 -1.973052e-01 3.579689e-02 7.525141e-02 6.571697e-03 3.852966e-02 1.191617e-02 1.623948e-01 1.526303e-02
1.365434e-02 7.984768e-01 1.377058e-01 8.628269e-02 8.267991e-03 -1.610225e-01 3.875718e-02 7.900442e-02 9.454699e-03 3.741338e-02 8.003816e-03 1.367140e-01 2.344853e-02
1.454484e-02 8.396642e-01 7.116990e-02 9.205449e-02 2.329427e-02 -1.655799e-01 3.017197e-02 8.431031e-02 6.650584e-03 4.569723e-02 8.588607e-03 1.608864e-01 1.807902e-02
1.602901e-02 1.123822e+00 1.584465e-01 1.429917e-01 1.571995e-02 -2.325991e-01 3.486390e-02 9.907883e-02 6.422281e-03 3.113749e-02 5.143183e-03 1.669579e-01 6.799800e-03
1.810685e-02 7.939360e-01 1.006460e-01 6.055756e-02 1.552062e-02 -1.983975e-01 2.437825e-02 7.038489e-02 3.736226e-03 2.517692e-02 1.007564e-02 1.701842e-01 1.523328e-02
2.077835e-02 1.058847e+00 1.640511e-01 1.258634e-01 2.447855e-02 -2.336718e-01 5.309541e-02 1.166915e-01 1.103257e-02 4.303667e-02 7.788209e-03 1.979151e-01 1.696733e-02
2.404352e-02 8.299871e-01 8.790174e-02 9.102218e-02 3.063080e-02 -1.935031e-01 2.649549e-02 1.300636e-01 1.105650e-02 4.816199e-02 6.537216e-03 2.453274e-01 1.894948e-02
2.790235e-02 8.723174e-01 1.099499e-01 9.992511e-02 3.309698e-02 -1.908508e-01 2.807633e-02 1.460646e-01 1.530931e-02 3.288778e-02 1.273200e-02 2.479436e-01 2.356413e-02
1.543535e-02 9.853829e-01 1.626654e-01 1.092561e-01 2.708481e-02 -2.276722e-01 4.092487e-02 8.732883e-02 1.288708e-02 3.653710e-02 6.056525e-03 1.800943e-01 2.052554e-02
1.573218e-02 8.272597e-01 5.932612e-02 7.328796e-02 2.598025e-02 -1.652813e-01 4.365630e-02 9.956316e-02 8.526638e-03 5.199096e-02 1.075609e-02 1.525026e-01 2.271863e-02
1.662268e-02 8.699928e-01 1.760477e-01 1.023964e-01 3.039725e-02 -1.687513e-01 4.113177e-02 8.997139e-02 3.162615e-03 3.498513e-02 7.390592e-03 1.427876e-01 1.214873e-02
1.810685e-02 9.996463e-01 1.447154e-01 9.982135e-02 3.175895e-02 -1.818392e-01 3.180586e-02 9.446568e-02 4.912134e-03 3.781211e-02 1.014219e-02 1.515983e-01 1.199569e-02
2.018468e-02 1.070935e+00 1.148280e-01 1.064772e-01 2.609397e-02 -2.488296e-01 4.144742e-02 1.084102e-01 1.052040e-02 2.967083e-02 8.319033e-03 1.999938e-01 2.156170e-02
2.285618e-02 9.404947e-01 8.925335e-02 9.271350e-02 2.668460e-02 -2.164678e-01 3.598865e-02 1.042830e-01 6.443249e-03 3.672168e-02 5.350098e-03 2.098620e-01 6.197162e-03
2.612135e-02 1.056985e+00 1.119024e-01 1.041191e-01 1.172239e-02 -2.014216e-01 3.872880e-02 1.122327e-01 9.104818e-03 2.803321e-02 4.945480e-03 2.401933e-01 3.334154e-02
2.998019e-02 6.959163e-01 7.805118e-02 5.525663e-02 1.562917e-02 -1.663424e-01 2.626198e-02 1.346573e-01 9.767862e-03 3.623096e-02 2.097930e-02 2.649818e-01 4.386289e-02
1.810685e-02 8.658202e-01 7.678572e-02 1.127582e-01 2.356360e-02 -1.393258e-01 3.842127e-02 1.012917e-01 6.531293e-03 3.894142e-02 8.105073e-03 1.538968e-01 1.370345e-02
1.840368e-02 9.740574e-01 1.073769e-01 7.979042e-02 2.324800e-02 -2.550189e-01 3.183807e-02 8.755123e-02 1.439062e-02 2.884497e-02 1.023410e-02 1.918752e-01 1.525686e-02
1.929418e-02 8.042038e-01 5.470172e-02 7.399576e-02 1.212495e-02 -1.857303e-01 3.492038e-02 9.921049e-02 3.311763e-03 3.995023e-02 7.375400e-03 1.745215e-01 1.807399e-02
2.077835e-02 1.026310e+00 7.798541e-02 8.564090e-02 1.592833e-02 -2.314384e-01 3.381926e-02 8.510942e-02 8.483196e-03 2.481042e-02 2.760605e-03 1.927230e-01 1.719416e-02
2.285618e-02 8.705543e-01 9.456758e-02 1.053533e-01 1.479009e-02 -2.100166e-01 2.456576e-02 1.168261e-01 6.374359e-03 3.636051e-02 3.316934e-03 2.265289e-01 1.993447e-02
2.552769e-02 9.634518e-01 6.638174e-02 9.597696e-02 2.684115e-02 -2.380482e-01 4.309745e-02 1.082079e-01 7.367641e-03 3.155490e-02 5.396743e-03 2.342916e-01 1.455878e-02
2.879286e-02 9.523717e-01 1.573202e-01 9.822809e-02 2.012808e-02 -2.295514e-01 6.667913e-02 1.335995e-01 9.506599e-03 1.219912e-02 1.211413e-02 2.569136e-01 2.420575e-02
3.265169e-02 9.866298e-01 1.274506e-01 6.044248e-02 3.379773e-02 -2.156597e-01 3.797448e-02 1.349285e-01 9.248542e-03 8.954596e-03 2.130033e-02 2.827939e-01 2.434141e-02
2.137202e-02 9.027158e-01 7.600258e-02 7.441164e-02 1.140234e-02 -2.233166e-01 1.037303e-02 9.556379e-02 6.177945e-03 2.262863e-02 6.489236e-03 1.956140e-01 3.746583e-03
2.166885e-02 8.845466e-01 5.941619e-02 9.681048e-02 2.458151e-02 -1.452880e-01 1.589332e-02 1.047701e-01 5.085515e-03 4.260820e-02 1.073687e-02 1.718126e-01 1.477437e-02
2.255935e-02 9.710347e-01 7.846607e-02 8.925064e-02 1.720502e-02 -2.420401e-01 2.497273e-02 1.088180e-01 4.951422e-03 2.246007e-02 6.937095e-03 2.153227e-01 1.338673e-02
2.404352e-02 8.463133e-01 4.503699e-02 6.844031e-02 2.657793e-02 -1.775058e-01 3.152496e-02 1.074759e-01 8.282460e-03 4.409984e-02 8.794286e-03 2.314748e-01 1.686738e-02
2.612135e-02 8.639835e-01 6.651874e-02 6.850000e-02 2.513176e-02 -1.881262e-01 2.794723e-02 1.237440e-01 6.282521e-03 3.950507e-02 8.490633e-03 1.950701e-01 1.659735e-02
2.879286e-02 9.318034e-01 8.159564e-02 1.183057e-01 2.482374e-02 -1.778356e-01 2.207414e-02 1.250578e-01 4.044588e-03 1.996340e-02 7.081550e-03 2.156994e-01 8.543897e-03
3.205802e-02 1.079244e+00 1.258428e-01 1.120479e-01 2.220643e-02 -2.698852e-01 4.542366e-02 1.666940e-01 1.704568e-02 2.441320e-02 8.742691e-03 2.991589e-01 2.335229e-02
3.591686e-02 9.219449e-01 7.813248e-02 9.213725e-02 4.140173e-02 -2.355517e-01 4.050953e-02 1.839086e-01 2.289617e-02 3.385733e-02 1.471751e-02 3.658413e-01 2.063385e-02
2.523085e-02 9.411954e-01 1.322110e-01 9.751286e-02 1.673487e-02 -2.018700e-01 2.381669e-02 1.114170e-01 1.048076e-02 3.166786e-02 6.494298e-03 2.040774e-01 2.252618e-02
2.552769e-02 7.995920e-01 9.841101e-02 1.014334e-01 1.345750e-02 -2.001015e-01 3.087539e-02 1.254084e-01 1.067643e-02 2.923661e-02 7.808441e-03 2.435729e-01 2.361578e-02
2.641819e-02 8.096521e-01 6.765498e-02 5.193637e-02 1.237259e-02 -2.087251e-01 4.609228e-02 1.103312e-01 9.429303e-03 2.449840e-02 1.364136e-02 2.100489e-01 6.577038e-03
2.790235e-02 8.223644e-01 9.491638e-02 5.954021e-02 2.084716e-02 -1.801602e-01 2.505558e-02 1.204563e-01 1.467086e-02 3.941356e-02 9.097075e-03 2.311103e-01 9.175392e-03
2.998019e-02 1.048600e+00 1.243905e-01 1.102106e-01 2.561592e-02 -2.310942e-01 5.340083e-02 1.357437e-01 8.176153e-03 1.076054e-02 1.673579e-02 2.492334e-01 3.545659e-02
3.265169e-02 9.428667e-01 5.992639e-02 1.420837e-01 2.864929e-02 -2.066117e-01 2.321178e-02 1.768309e-01 1.933555e-02 2.480400e-03 8.524311e-03 2.775063e-01 3.684228e-02
3.591686e-02 8.252196e-01 5.005912e-02 7.121603e-02 2.771859e-02 -2.082319e-01 2.698636e-02 1.742624e-01 3.165387e-02 8.553275e-03 1.486795e-02 2.914271e-01 2.053148e-02
3.977570e-02 9.091710e-01 1.525302e-01 1.037029e-01 3.102889e-02 -1.592473e-01 7.630833e-02 2.420435e-01 2.028070e-02 -5.572441e-03 1.357665e-02 3.972492e-01 5.214234e-02
1.454484e-02 8.072070e-01 1.147184e-01 4.255598e-02 2.215462e-02 -1.972603e-01 3.119001e-02 7.912168e-02 6.739018e-03 5.170033e-02 9.321648e-03 1.655744e-01 1.950701e-02
1.484168e-02 1.104062e+00 1.466629e-01 1.113027e-01 2.384688e-02 -2.500735e-01 2.723982e-02 7.174356e-02 3.984291e-03 1.360909e-02 5.196455e-03 1.545013e-01 7.821302e-03
1.573218e-02 1.209669e+00 1.328931e-01 5.685052e-02 1.944852e-02 -2.983395e-01 3.695317e-02 8.025832e-02 8.297469e-03 4.355773e-02 1.492111e-02 1.942682e-01 7.176176e-03
1.721635e-02 1.001783e+00 1.328999e-01 7.486631e-02 2.326948e-02 -2.784721e-01 7.331295e-02 9.623162e-02 4.878250e-03 4.218026e-02 5.819418e-03 2.077764e-01 3.735346e-02
1.929418e-02 9.975535e-01 6.519094e-02 9.005801e-02 2.006863e-02 -2.182715e-01 4.837127e-02 8.384638e-02 7.456608e-03 2.365716e-02 7.568556e-03 1.630242e-01 2.118872e-02
2.196568e-02 9.579084e-01 1.540726e-01 1.304803e-01 3.277764e-02 -2.321497e-01 5.506318e-02 1.112321e-01 9.661427e-03 2.250094e-02 8.681060e-03 2.069205e-01 3.615069e-02
2.523085e-02 1.006688e+00 1.481643e-01 6.583004e-02 2.661696e-02 -2.324019e-01 3.392010e-02 1.161830e-01 8.049629e-03 3.727583e-02 7.794081e-03 2.219714e-01 2.085830e-02
2.908969e-02 8.696423e-01 9.535617e-02 8.798975e-02 2.124803e-02 -1.614066e-01 2.815766e-02 1.313759e-01 9.600578e-03 2.799655e-02 1.258685e-02 2.180746e-01 3.332165e-02
1.484168e-02 9.161872e-01 1.122083e-01 4.679205e-02 7.575889e-03 -2.191077e-01 4.913330e-02 8.837931e-02 1.109366e-02 6.351111e-02 1.045886e-02 1.910761e-01 2.215685e-02
1.513851e-02 6.693000e-01 5.371778e-02 4.264395e-02 1.904038e-02 -1.676214e-01 1.826693e-02 6.721953e-02 5.300636e-03 4.229750e-02 1.165384e-02 1.560474e-01 1.679392e-02
1.602901e-02 7.213814e-01 1.812615e-01 5.742391e-02 1.679469e-02 -1.428380e-01 3.813473e-02 7.402079e-02 2.463555e-03 3.818635e-02 6.102358e-03 1.299854e-01 9.728145e-03
1.751318e-02 8.590766e-01 1.431196e-01 7.765931e-02 1.041649e-02 -2.025591e-01 2.650427e-02 8.208089e-02 8.376301e-03 3.379349e-02 9.080267e-03 1.865340e-01 8.367182e-03
1.959101e-02 9.747958e-01 1.427604e-01 1.133388e-01 3.206945e-02 -1.717746e-01 2.553906e-02 1.118999e-01 1.035128e-02 4.678749e-02 1.235442e-02 1.867808e-01 2.647898e-02
2.226252e-02 1.017604e+00 1.521192e-01 6.986265e-02 2.568633e-02 -2.229000e-01 5.347662e-02 9.202476e-02 6.068698e-03 2.295006e-02 6.612937e-03 1.943634e-01 5.421372e-03
2.552769e-02 9.386963e-01 9.600531e-02 6.081237e-02 1.566099e-02 -2.406853e-01 2.859314e-02 1.027535e-01 1.188620e-02 2.815379e-02 1.195302e-02 1.957562e-01 1.939931e-02
2.938652e-02 7.888790e-01 5.002016e-02 1.148032e-01 1.554249e-02 -1.587218e-01 1.954588e-02 1.300626e-01 1.046546e-02 4.034469e-03 5.892857e-03 2.120682e-01 1.091763e-02
1.573218e-02 1.130554e+00 1.939765e-01 6.177242e-02 2.682950e-02 -2.897040e-01 4.413573e-02 6.654076e-02 4.145519e-03 3.690196e-02 1.510660e-02 2.065771e-01 3.612581e-02
1.602901e-02 1.046560e+00 1.304940e-01 9.524644e-02 1.143953e-02 -2.281374e-01 5.388085e-02 7.776112e-02 7.324227e-03 3.619615e-02 8.060350e-03 1.794354e-01 1.416343e-02
1.691951e-02 8.748354e-01 8.399785e-02 8.043230e-02 2.921658e-02 -1.987992e-01 3.640351e-02 8.144988e-02 8.875802e-03 4.606292e-02 1.106457e-02 1.851660e-01 2.691318e-02
1.840368e-02 1.042979e+00 1.137219e-01 1.075170e-01 2.144491e-02 -2.008156e-01 3.920439e-02 9.149625e-02 8.643662e-03 3.713747e-02 6.160055e-03 1.584381e-01 1.074385e-02
2.048152e-02 9.240999e-01 7.410879e-02 7.084489e-02 1.134478e-02 -2.486601e-01 2.718925e-02 9.333070e-02 5.439118e-03 2.506826e-02 6.699274e-03 1.966814e-01 8.467889e-03
2.315302e-02 9.699881e-01 8.069055e-02 5.056381e-02 2.501568e-02 -2.746067e-01 3.298453e-02 9.249239e-02 7.506164e-03 3.547237e-02 1.724691e-02 2.256829e-01 2.617112e-02
2.641819e-02 9.288215e-01 6.822821e-02 8.335799e-02 2.752696e-02 -2.171640e-01 1.461886e-02 1.217997e-01 1.246241e-02 3.274287e-02 1.484802e-02 2.257509e-01 2.462415e-02
3.027702e-02 1.075544e+00 1.222526e-01 1.263615e-01 1.883934e-02 -2.106538e-01 2.235098e-02 1.499176e-01 1.579973e-02 1.738212e-02 1.543389e-02 2.460593e-01 2.760041e-02
1.721635e-02 8.783165e-01 6.904179e-02 9.162136e-02 1.856104e-02 -1.825741e-01 3.925750e-02 9.561036e-02 9.768051e-03 3.999377e-02 7.765685e-03 1.555679e-01 1.804935e-02
1.751318e-02 8.532662e-01 7.397480e-02 8.758078e-02 1.105991e-02 -1.534058e-01 3.010925e-02 8.540137e-02 4.150173e-03 3.477794e-02 8.273828e-03 1.583011e-01 1.972324e-02
1.840368e-02 8.958551e-01 8.996565e-02 8.311494e-02 1.940622e-02 -2.350493e-01 2.199758e-02 8.309699e-02 3.559080e-03 3.875751e-02 9.947292e-03 2.283118e-01 1.908013e-02
1.988785e-02 8.481264e-01 1.251932e-01 9.150871e-02 1.338909e-02 -1.656209e-01 3.087569e-02 8.919478e-02 2.465652e-03 3.374503e-02 6.458691e-03 1.488850e-01 1.052502e-02
2.196568e-02 8.898941e-01 1.198253e-01 7.684533e-02 2.580769e-02 -2.099652e-01 3.829827e-02 1.108527e-01 1.190875e-02 5.359123e-02 8.203336e-03 2.124218e-01 2.220230e-02
2.463719e-02 9.918168e-01 9.757296e-02 7.504658e-02 2.055961e-02 -2.103121e-01 2.029940e-02 1.071911e-01 1.069940e-02 2.434828e-02 5.577933e-03 1.933722e-01 8.776176e-03
2.790235e-02 9.383955e-01 7.303097e-02 1.150952e-01 1.454367e-02 -1.927846e-01 3.089255e-02 1.276386e-01 6.388050e-03 1.935530e-02 1.882493e-02 2.328365e-01 1.024825e-02
3.176119e-02 1.094935e+00 1.014056e-01 1.331270e-01 2.693662e-02 -2.236197e-01 2.974046e-02 1.757196e-01 1.510808e-02 1.794710e-02 1.077653e-02 2.539930e-01 2.382190e-02
1.929418e-02 1.018830e+00 1.390093e-01 1.031736e-01 2.319122e-02 -2.348812e-01 2.965547e-02 8.871220e-02 5.701943e-03 2.882386e-02 8.482761e-03 1.791305e-01 7.427410e-03
1.959101e-02 8.259876e-01 1.522080e-01 6.808480e-02 2.715099e-02 -2.125080e-01 6.149940e-02 9.902421e-02 1.001385e-02 4.597868e-02 1.426519e-02 2.116227e-01 3.103103e-02
2.048152e-02 1.005500e+00 1.997915e-01 6.530106e-02 2.922187e-02 -2.289771e-01 4.106512e-02 9.919830e-02 4.922731e-03 4.435428e-02 1.454001e-02 1.905856e-01 1.941838e-02
2.196568e-02 1.010220e+00 1.159280e-01 9.369639e-02 3.079788e-02 -2.319355e-01 2.747489e-02 1.081022e-01 5.661632e-03 2.501518e-02 1.584869e-02 1.910259e-01 7.952217e-03
2.404352e-02 8.855695e-01 9.972181e-02 6.270722e-02 2.655257e-02 -2.030925e-01 2.695522e-02 9.927824e-02 5.241501e-03 3.015804e-02 1.166595e-02 2.096552e-01 1.070311e-02
2.671502e-02 1.028404e+00 1.068793e-01 1.072812e-01 2.163739e-02 -2.625707e-01 4.234593e-02 1.052094e-01 1.161697e-02 1.590595e-03 1.412038e-02 2.354051e-01 1.475851e-02
2.998019e-02 1.038011e+00 7.752941e-02 1.019525e-01 3.148376e-02 -2.492001e-01 3.938311e-02 1.413600e-01 1.404725e-02 2.248831e-02 7.667573e-03 2.628502e-01 1.756779e-02
3.383903e-02 1.050388e+00 1.796092e-01 9.983413e-02 3.081568e-02 -2.305799e-01 6.907589e-02 1.794534e-01 1.504492e-02 2.035700e-02 1.501580e-02 2.639602e-01 1.080840e-02
2.196568e-02 8.791151e-01 8.943609e-02 5.174026e-02 1.101001e-02 -2.451249e-01 4.251190e-02 9.067489e-02 7.503967e-03 3.044073e-02 7.068325e-03 2.024236e-01 1.579182e-02
2.226252e-02 1.049111e+00 1.185878e-01 1.093446e-01 2.603634e-02 -2.383400e-01 6.486342e-02 1.091270e-01 9.666076e-03 2.824535e-02 1.276584e-02 2.343642e-01 3.685242e-02
2.315302e-02 8.411695e-01 1.021295e-01 7.597875e-02 1.983405e-02 -1.996622e-01 3.545602e-02 1.093894e-01 1.622922e-02 2.683427e-02 1.132445e-02 2.163300e-01 1.998354e-02
2.463719e-02 9.438684e-01 8.149931e-02 1.174745e-01 3.092165e-02 -1.372882e-01 2.697681e-02 1.165883e-01 9.660133e-03 4.736449e-02 1.198578e-02 1.905749e-01 1.851171e-02
2.671502e-02 1.080069e+00 8.026068e-02 9.797412e-02 1.809030e-02 -2.463301e-01 2.446304e-02 1.122155e-01 3.680648e-03 3.688561e-02 1.110232e-02 2.278217e-01 2.325588e-02
2.938652e-02 8.567598e-01 7.490341e-02 7.609990e-02 2.399933e-02 -2.207230e-01 1.636486e-02 1.184203e-01 1.267448e-02 1.507855e-02 8.211241e-03 2.229371e-01 2.175952e-02
3.265169e-02 9.809576e-01 1.690872e-01 8.647216e-02 3.999814e-02 -1.823289e-01 4.694462e-02 1.416952e-01 1.305116e-02 4.251382e-02 3.636206e-03 2.830198e-01 1.893383e-02
3.651053e-02 7.387058e-01 4.022032e-02 5.353390e-02 1.981458e-02 -7.070140e-02 3.098181e-02 1.682818e-01 1.396524e-02 2.689943e-02 1.578683e-02 2.667249e-01 2.366604e-02
2.523085e-02 8.376078e-01 8.465137e-02 6.468796e-02 1.408603e-02 -1.780810e-01 1.971211e-02 9.477347e-02 7.558215e-03 3.070107e-02 9.996788e-03 2.116466e-01 2.147221e-02
2.552769e-02 9.310251e-01 1.221841e-01 1.013762e-01 2.725259e-02 -2.217445e-01 3.030210e-02 1.048256e-01 7.616575e-03 1.714464e-02 1.123148e-02 2.144499e-01 1.858043e-02
2.641819e-02 8.931908e-01 8.998344e-02 7.548050e-02 2.341973e-02 -1.955953e-01 4.025524e-02 1.091717e-01 1.004548e-02 3.130511e-02 8.233791e-03 2.419825e-01 1.360186e-02
2.790235e-02 1.028044e+00 9.335545e-02 1.046692e-01 1.343704e-02 -1.964085e-01 2.659439e-02 1.175296e-01 4.633088e-03 2.954068e-02 9.669685e-03 2.233737e-01 1.391213e-02
2.998019e-02 8.364542e-01 7.565056e-02 8.592020e-02 8.901419e-03 -1.752891e-01 3.679772e-02 1.247206e-01 1.547411e-02 1.285303e-02 1.331872e-02 2.247469e-01 3.011225e-02
3.265169e-02 9.640399e-01 2.788834e-02 8.303558e-02 1.844979e-02 -2.056047e-01 5.467898e-02 1.429592e-01 1.479789e-02 1.061711e-02 1.867397e-02 2.972092e-01 2.620505e-02
3.591686e-02 8.213157e-01 3.969680e-02 1.224499e-01 3.527440e-02 -2.017828e-01 3.148102e-02 1.558467e-01 1.007106e-02 -8.018369e-03 1.472150e-02 3.526733e-01 1.696235e-02
3.977570e-02 8.823512e-01 8.828302e-02 1.001452e-01 4.283356e-02 -1.574695e-01 4.921122e-02 2.376088e-01 1.289370e-02 3.907746e-03 1.566827e-02 3.656319e-01 5.278331e-02
2.908969e-02 1.112120e+00 8.601425e-02 9.384988e-02 3.037207e-02 -2.769534e-01 4.609050e-02 1.505807e-01 2.111139e-02 2.871921e-02 1.025933e-02 2.451303e-01 3.577792e-02
2.938652e-02 9.449146e-01 1.067128e-01 9.857467e-02 2.993623e-02 -2.604823e-01 4.607537e-02 1.409768e-01 1.154119e-02 1.205983e-02 2.781010e-02 2.722593e-01 3.527264e-02
3.027702e-02 1.003628e+00 1.369947e-01 8.366557e-02 1.622626e-02 -2.498322e-01 3.955475e-02 1.312608e-01 9.273122e-03 1.326406e-02 1.043697e-02 2.827657e-01 2.047582e-02
3.176119e-02 9.705272e-01 7.093007e-02 6.453842e-02 4.233348e-02 -1.958994e-01 2.769750e-02 1.501093e-01 1.217252e-02 3.997325e-02 1.661444e-02 2.913828e-01 2.267262e-02
3.383903e-02 7.960257e-01 2.405456e-02 1.047528e-01 3.542172e-02 -1.642428e-01 3.909724e-02 1.717736e-01 7.020591e-03 1.849142e-02 1.903579e-02 3.233177e-01 3.453097e-02
3.651053e-02 9.381340e-01 8.960635e-02 8.706890e-02 3.227809e-02 -2.039845e-01 4.856069e-02 1.808686e-01 1.939187e-02 5.944745e-03 1.208268e-02 3.685424e-01 4.346187e-02
3.977570e-02 1.198456e+00 8.491780e-02 1.447862e-01 3.933123e-02 -2.131515e-01 6.017220e-02 2.277094e-01 1.561656e-02 -2.723575e-02 1.587802e-02 3.539262e-01 2.166429e-02
4.363453e-02 8.688219e-01 9.303848e-02 7.314653e-02 2.927564e-02 -2.053000e-01 2.645500e-02 2.535985e-01 1.963110e-02 -3.222047e-02 2.236802e-02 4.701419e-01 5.153119e-02
