# k^2  LiLi LiLi_error  LiCl LiCl_error  LiNa LiNa_error  ClCl ClCl_error  ClNa ClNa_error  NaNa NaNa_error
0.000000e+00 2.080000e+03 0.000000e+00 2.579922e+03 0.000000e+00 1.526303e+03 0.000000e+00 3.200000e+03 0.000000e+00 1.893146e+03 0.000000e+00 1.120000e+03 0.000000e+00
3.207228e-04 4.878994e-01 1.319428e-01 8.017838e-02 2.707005e-02 -5.261697e-01 1.594271e-01 6.432646e-02 5.839472e-03 2.506902e-04 2.844471e-02 7.173401e-01 2.008435e-01
1.282891e-03 5.561564e-01 2.093438e-01 1.373179e-01 5.264276e-02 -5.219876e-01 1.992480e-01 8.594375e-02 1.943001e-02 -4.453150e-02 4.045914e-02 6.375630e-01 2.142265e-01
2.886505e-03 5.980145e-01 1.196316e-01 1.558423e-01 1.433706e-02 -5.249957e-01 1.422174e-01 8.434057e-02 9.111620e-03 -6.791165e-02 1.939153e-02 5.975538e-01 1.582611e-01
5.131564e-03 4.826239e-01 9.510644e-02 1.400796e-01 2.805773e-02 -3.907591e-01 8.371243e-02 8.013994e-02 8.330179e-03 -5.337637e-02 2.350319e-02 4.495448e-01 8.041750e-02
8.018069e-03 5.816741e-01 1.455553e-01 1.704044e-01 3.584129e-02 -4.505513e-01 1.265181e-01 9.679792e-02 1.423990e-02 -6.890396e-02 3.076558e-02 5.150720e-01 1.094099e-01
1.154602e-02 4.744487e-01 6.801501e-02 1.117950e-01 2.461169e-02 -3.993913e-01 5.716098e-02 7.005337e-02 6.037515e-03 -4.027230e-02 2.220167e-02 5.330037e-01 4.680904e-02
1.571542e-02 5.060293e-01 1.059472e-01 1.337643e-01 2.775269e-02 -3.811784e-01 8.989045e-02 8.959328e-02 8.071672e-03 -5.189027e-02 2.438553e-02 5.169681e-01 6.563477e-02
3.207228e-04 2.859423e-01 1.024496e-01 9.326923e-02 2.977784e-02 -2.277653e-01 8.860188e-02 6.927396e-02 8.925365e-03 -8.149138e-03 2.778185e-02 2.971748e-01 8.323814e-02
6.414456e-04 3.519447e-01 5.713732e-02 9.355259e-02 2.079642e-02 -3.134058e-01 6.218559e-02 7.067237e-02 1.005912e-02 -7.017225e-03 1.224294e-02 4.123165e-01 8.588585e-02
1.603614e-03 4.323810e-01 1.070671e-01 1.069711e-01 8.437368e-03 -3.947665e-01 1.370621e-01 6.764677e-02 8.883521e-04 -2.996353e-02 1.142113e-02 4.866129e-01 1.776939e-01
3.207228e-03 5.466101e-01 9.230336e-02 1.222807e-01 3.583040e-02 -5.294284e-01 8.522913e-02 6.854238e-02 1.295749e-02 -5.079391e-02 3.088991e-02 6.489787e-01 9.581374e-02
5.452287e-03 3.312650e-01 2.839486e-02 8.271515e-02 6.381955e-03 -3.015691e-01 3.866170e-02 7.282607e-02 4.399072e-03 5.761964e-03 1.155311e-02 4.495521e-01 5.378663e-02
8.338792e-03 6.800793e-01 1.536020e-01 1.725742e-01 3.809364e-02 -6.143513e-01 1.590954e-01 8.793269e-02 8.623923e-03 -9.071246e-02 4.045843e-02 7.405912e-01 1.641722e-01
1.186674e-02 3.701103e-01 2.983052e-02 1.247354e-01 4.840421e-03 -2.576808e-01 3.878321e-02 9.469838e-02 4.570277e-03 -9.818407e-03 1.461173e-02 4.311258e-01 4.126130e-02
1.603614e-02 6.950527e-01 1.255557e-01 1.823520e-01 2.184835e-02 -5.512528e-01 1.168491e-01 1.092415e-01 2.967317e-03 -7.967131e-02 2.377600e-02 6.893527e-01 1.022790e-01
1.282891e-03 2.473022e-01 3.576854e-02 7.682365e-02 1.604723e-02 -1.944282e-01 4.377666e-02 6.887717e-02 7.186449e-03 1.416413e-02 1.649645e-02 2.866134e-01 6.388267e-02
1.603614e-03 4.976589e-01 8.133297e-02 1.163934e-01 2.259160e-02 -4.734389e-01 7.906796e-02 7.707121e-02 5.797745e-03 -2.691854e-02 2.756780e-02 6.049933e-01 8.011846e-02
2.565782e-03 3.120566e-01 5.506183e-02 9.868896e-02 1.482622e-02 -2.457557e-01 5.192412e-02 7.343287e-02 5.822734e-03 -1.207468e-02 1.181630e-02 3.156740e-01 5.855797e-02
4.169396e-03 7.554767e-01 2.779245e-01 1.828845e-01 5.412747e-02 -7.016903e-01 2.960498e-01 8.591361e-02 1.464449e-02 -1.044413e-01 5.112013e-02 7.903241e-01 3.223693e-01
6.414456e-03 3.569082e-01 7.824138e-02 9.366696e-02 1.316955e-02 -3.017596e-01 8.403329e-02 7.274591e-02 1.655300e-03 -8.592459e-03 1.881020e-02 4.183355e-01 9.059803e-02
9.300961e-03 4.577758e-01 7.281160e-02 1.228221e-01 2.578614e-02 -3.876029e-01 5.557881e-02 7.889260e-02 9.908665e-03 -4.489603e-02 1.930524e-02 4.982261e-01 4.913833e-02
1.282891e-02 4.917127e-01 5.206030e-02 1.166652e-01 1.804979e-02 -3.964027e-01 4.269013e-02 8.300246e-02 5.096842e-03 -2.637975e-02 1.462879e-02 5.404010e-01 4.591211e-02
1.699831e-02 6.147493e-01 7.868392e-02 1.351321e-01 1.867250e-02 -5.010514e-01 6.613248e-02 8.491838e-02 7.562910e-03 -6.149336e-02 1.468724e-02 6.289875e-01 6.622404e-02
2.886505e-03 3.078690e-01 3.376370e-02 7.864802e-02 8.921512e-03 -2.684221e-01 3.612265e-02 6.896336e-02 7.879105e-03 1.112517e-02 7.940369e-03 3.892766e-01 3.670302e-02
3.207228e-03 5.857125e-01 1.314637e-01 1.458402e-01 3.608892e-02 -5.328875e-01 1.235250e-01 8.285424e-02 1.204776e-02 -5.656823e-02 3.126583e-02 6.388612e-01 1.271094e-01
4.169396e-03 3.987533e-01 3.792466e-02 1.258653e-01 1.970510e-02 -3.195818e-01 1.676979e-02 8.831129e-02 1.106668e-02 -2.692424e-02 1.555483e-02 4.086289e-01 3.039131e-02
5.773010e-03 4.992664e-01 5.333059e-02 1.174526e-01 7.377509e-03 -4.807259e-01 6.961521e-02 8.065871e-02 4.504784e-03 -3.286965e-02 1.252139e-02 6.372188e-01 9.221343e-02
8.018069e-03 3.890433e-01 2.070250e-02 9.968489e-02 9.328971e-03 -3.010067e-01 2.142079e-02 7.264836e-02 4.179107e-03 -1.708468e-02 1.034436e-02 3.948418e-01 3.023946e-02
1.090457e-02 4.182584e-01 6.659676e-02 8.993480e-02 1.715405e-02 -3.727396e-01 7.095506e-02 8.029252e-02 1.003616e-02 -1.083741e-02 1.628027e-02 5.238875e-01 8.301217e-02
1.443252e-02 4.866328e-01 6.029524e-02 1.137868e-01 1.760907e-02 -3.961700e-01 7.401715e-02 8.419292e-02 7.834848e-03 -1.684167e-02 9.981816e-03 6.031819e-01 9.405099e-02
1.860192e-02 5.444109e-01 4.243185e-02 1.595579e-01 1.697386e-02 -3.927409e-01 2.707039e-02 1.094309e-01 4.444811e-03 -6.197290e-02 1.216334e-02 5.131618e-01 3.407332e-02
5.131564e-03 2.610103e-01 3.047167e-02 7.309981e-02 7.294798e-03 -1.988185e-01 4.698830e-02 6.606998e-02 6.867423e-03 1.210591e-02 7.112649e-03 3.049414e-01 5.439474e-02
5.452287e-03 4.394504e-01 7.902743e-02 1.204844e-01 1.393524e-02 -3.645738e-01 8.573117e-02 7.311305e-02 2.371082e-03 -3.452488e-02 2.000239e-02 4.591272e-01 8.356056e-02
6.414456e-03 3.865345e-01 6.055217e-02 9.439719e-02 1.283921e-02 -3.194369e-01 7.016523e-02 6.742598e-02 7.333177e-03 -1.208866e-02 1.366595e-02 4.199100e-01 6.892625e-02
8.018069e-03 4.538831e-01 5.288512e-02 1.110127e-01 9.481830e-03 -3.812340e-01 8.742990e-02 8.254274e-02 7.153085e-03 -1.701525e-02 5.056962e-03 5.081684e-01 1.288008e-01
1.026313e-02 5.342976e-01 8.178663e-02 1.250161e-01 1.953183e-02 -4.410620e-01 8.906100e-02 7.639677e-02 3.980551e-03 -4.591195e-02 2.159876e-02 5.400492e-01 9.432473e-02
1.314963e-02 5.251144e-01 3.946252e-02 1.551204e-01 2.692005e-02 -3.795609e-01 3.401661e-02 1.024805e-01 1.459394e-02 -4.662474e-02 1.648229e-02 4.969693e-01 5.890952e-02
1.667758e-02 5.703617e-01 7.401649e-02 1.411110e-01 2.398078e-02 -4.657078e-01 6.588615e-02 9.530831e-02 1.072303e-02 -4.693548e-02 2.111454e-02 6.698209e-01 7.987909e-02
2.084698e-02 6.215680e-01 5.208048e-02 1.749932e-01 1.254892e-02 -4.151343e-01 4.626597e-02 1.213354e-01 4.935039e-03 -5.235560e-02 1.107627e-02 5.522622e-01 4.461784e-02
8.018069e-03 5.148367e-01 9.914867e-02 1.289227e-01 2.515907e-02 -4.450658e-01 1.038217e-01 7.710687e-02 1.041854e-02 -4.301814e-02 2.327381e-02 5.709502e-01 1.140847e-01
8.338792e-03 5.857375e-01 7.964169e-02 1.258292e-01 1.421141e-02 -5.270860e-01 7.940902e-02 7.168660e-02 4.172630e-03 -5.222856e-02 1.398521e-02 6.308966e-01 8.671516e-02
9.300961e-03 4.132331e-01 4.501845e-02 8.691626e-02 1.186567e-02 -3.792942e-01 7.138149e-02 6.012909e-02 3.806078e-03 -2.259149e-02 1.610585e-02 5.368983e-01 1.068256e-01
1.090457e-02 4.460630e-01 3.841931e-02 1.057065e-01 1.254003e-02 -3.926247e-01 2.777361e-02 7.940831e-02 1.076037e-02 -2.256204e-02 1.569571e-02 5.489817e-01 3.771494e-02
1.314963e-02 5.435589e-01 8.151531e-02 1.671406e-01 2.792807e-02 -4.046426e-01 6.331840e-02 1.076348e-01 9.873556e-03 -5.531924e-02 2.102001e-02 5.300707e-01 5.052211e-02
1.603614e-02 4.802329e-01 2.439430e-02 1.030930e-01 8.857509e-03 -4.243513e-01 4.686902e-02 7.958602e-02 5.079563e-03 -2.872682e-02 1.488149e-02 6.193541e-01 8.204769e-02
1.956409e-02 4.880478e-01 8.243231e-02 1.425231e-01 2.149905e-02 -3.579034e-01 7.065380e-02 1.119113e-01 1.242527e-02 -3.035830e-02 1.405232e-02 5.488848e-01 5.464851e-02
2.373349e-02 5.136291e-01 6.891988e-02 1.742215e-01 1.943307e-02 -2.887063e-01 4.323667e-02 1.395159e-01 1.097491e-02 -2.758947e-02 2.301885e-02 5.291666e-01 4.528167e-02
1.154602e-02 6.321946e-01 8.908209e-02 1.494138e-01 1.749217e-02 -5.540978e-01 1.123284e-01 8.905840e-02 8.264666e-03 -6.470882e-02 2.107882e-02 6.847222e-01 1.343268e-01
1.186674e-02 5.655311e-01 6.847637e-02 1.375782e-01 1.807995e-02 -4.795631e-01 7.889575e-02 8.734665e-02 9.614566e-03 -4.767498e-02 2.347949e-02 6.215987e-01 9.050536e-02
1.282891e-02 4.868805e-01 5.078100e-02 1.229557e-01 1.964032e-02 -4.174383e-01 4.573698e-02 7.774606e-02 9.380984e-03 -5.116175e-02 9.837916e-03 5.489786e-01 4.264249e-02
1.443252e-02 5.406136e-01 5.292611e-02 1.342946e-01 2.104852e-02 -4.358074e-01 4.038857e-02 8.327263e-02 7.233520e-03 -4.716348e-02 2.055216e-02 5.812847e-01 5.583501e-02
1.667758e-02 4.872715e-01 4.204590e-02 1.138775e-01 1.804915e-02 -3.931674e-01 3.240539e-02 8.573985e-02 1.207347e-02 -2.893993e-02 1.301176e-02 5.695546e-01 2.371073e-02
1.956409e-02 5.938283e-01 4.875502e-02 1.558650e-01 1.780899e-02 -4.056835e-01 5.822791e-02 1.075738e-01 7.637683e-03 -4.561240e-02 1.593934e-02 5.240796e-01 7.706700e-02
2.309204e-02 6.051176e-01 6.022703e-02 1.435668e-01 1.481160e-02 -4.505015e-01 5.071998e-02 1.118732e-01 3.380653e-03 -4.957251e-02 1.693035e-02 6.083714e-01 7.540545e-02
2.726144e-02 6.204812e-01 1.121364e-01 1.577955e-01 3.165626e-02 -4.050963e-01 8.487669e-02 1.370405e-01 1.175956e-02 -5.273497e-02 2.446964e-02 6.439165e-01 5.587637e-02
1.571542e-02 5.562768e-01 7.819523e-02 1.517076e-01 1.608595e-02 -4.340935e-01 6.652950e-02 1.024436e-01 1.250868e-02 -5.800806e-02 1.088601e-02 5.589084e-01 6.675904e-02
1.603614e-02 6.615640e-01 8.632896e-02 1.502711e-01 2.310604e-02 -5.503597e-01 1.026301e-01 9.444620e-02 8.595545e-03 -6.350993e-02 2.292769e-02 7.154081e-01 1.066271e-01
1.699831e-02 5.016974e-01 3.956678e-02 1.205744e-01 1.696698e-02 -4.098254e-01 5.109674e-02 9.992769e-02 9.746177e-03 -2.911602e-02 1.198957e-02 5.819180e-01 7.350374e-02
1.860192e-02 4.661447e-01 5.848615e-02 1.166401e-01 1.700918e-02 -3.384147e-01 6.264503e-02 9.375456e-02 6.651337e-03 -3.439865e-02 2.586456e-02 4.938315e-01 7.929484e-02
2.084698e-02 6.134744e-01 6.956193e-02 1.562582e-01 1.202107e-02 -4.825396e-01 6.840251e-02 9.657248e-02 6.040418e-03 -7.989968e-02 1.862153e-02 6.447654e-01 5.935623e-02
2.373349e-02 5.330946e-01 3.640238e-02 1.385909e-01 7.499698e-03 -3.542382e-01 5.038651e-02 1.124334e-01 4.766226e-03 -3.678799e-02 9.597767e-03 5.771465e-01 5.426789e-02
2.726144e-02 6.019019e-01 8.323040e-02 1.584716e-01 2.229047e-02 -4.327577e-01 1.005578e-01 1.351914e-01 1.603537e-02 -5.670265e-02 2.548748e-02 6.928477e-01 1.054464e-01
3.143083e-02 5.799737e-01 3.984859e-02 1.410827e-01 2.510079e-02 -3.261414e-01 4.812298e-02 1.622435e-01 1.746063e-02 -4.213598e-02 1.193006e-02 6.360455e-01 1.109050e-01
3.207228e-04 8.243287e-01 1.827035e-01 1.317020e-01 2.029577e-02 -9.000685e-01 2.531834e-01 7.807104e-02 1.143165e-02 -4.651794e-02 3.618310e-02 1.151474e+00 3.503805e-01
6.414456e-04 6.392366e-01 1.268749e-01 1.195485e-01 1.508652e-02 -6.622436e-01 1.484568e-01 6.299139e-02 3.931973e-03 -5.415083e-02 1.645786e-02 8.127164e-01 1.784500e-01
1.603614e-03 3.362143e-01 1.274903e-01 9.355936e-02 2.286442e-02 -2.975624e-01 1.375937e-01 6.670052e-02 5.797527e-03 -1.552156e-02 2.472341e-02 3.886178e-01 1.478270e-01
3.207228e-03 5.734493e-01 1.107249e-01 1.435156e-01 3.857519e-02 -5.175785e-01 9.365128e-02 8.323361e-02 1.469994e-02 -5.797278e-02 2.853982e-02 6.019520e-01 9.237239e-02
5.452287e-03 3.920645e-01 9.111887e-02 1.114580e-01 2.418800e-02 -3.168559e-01 7.236645e-02 7.348608e-02 1.077031e-02 -3.216736e-02 1.366089e-02 3.843566e-01 6.880298e-02
8.338792e-03 4.674019e-01 6.995755e-02 1.272815e-01 2.175794e-02 -3.915069e-01 5.938345e-02 9.096926e-02 9.966041e-03 -2.316024e-02 1.904753e-02 5.343460e-01 5.363436e-02
1.186674e-02 6.025773e-01 4.232469e-02 1.724329e-01 1.811898e-02 -4.715941e-01 3.627072e-02 9.986830e-02 7.464318e-03 -7.950691e-02 1.681288e-02 5.539256e-01 4.491511e-02
1.603614e-02 7.313070e-01 2.878561e-02 2.014652e-01 1.109956e-02 -5.376645e-01 4.462353e-02 1.120110e-01 8.001085e-03 -9.209739e-02 1.352672e-02 6.211645e-01 4.298187e-02
6.414456e-04 6.314858e-01 1.904723e-01 1.292461e-01 2.621181e-02 -6.409613e-01 2.205609e-01 6.370481e-02 5.598509e-03 -6.887382e-02 3.151488e-02 7.605963e-01 2.520711e-01
9.621683e-04 2.952468e-01 6.350052e-02 1.146574e-01 7.374544e-03 -2.077516e-01 9.192813e-02 9.049501e-02 1.170169e-02 -3.089142e-03 1.228293e-02 2.850332e-01 1.216589e-01
1.924337e-03 6.346954e-01 1.416888e-01 1.484183e-01 2.577073e-02 -6.120282e-01 1.562405e-01 7.931358e-02 7.776447e-03 -6.958196e-02 3.312242e-02 7.275408e-01 1.652715e-01
3.527951e-03 2.753567e-01 6.873796e-02 9.090143e-02 2.513775e-02 -1.961911e-01 5.659651e-02 6.611482e-02 8.984472e-03 -8.256273e-03 1.897406e-02 2.625457e-01 6.603022e-02
5.773010e-03 4.198717e-01 3.501127e-02 1.075364e-01 6.390079e-03 -3.597100e-01 4.130526e-02 7.367879e-02 4.702950e-03 -2.604762e-02 1.252148e-02 4.602925e-01 4.810785e-02
8.659515e-03 5.691054e-01 1.064308e-01 1.353607e-01 3.629912e-02 -5.085452e-01 1.067807e-01 8.496048e-02 1.521497e-02 -5.007258e-02 2.938796e-02 6.335983e-01 1.226029e-01
1.218747e-02 6.595933e-01 4.116069e-02 1.519302e-01 1.228561e-02 -5.809886e-01 3.983072e-02 9.397544e-02 7.380124e-03 -6.615332e-02 8.951795e-03 7.249663e-01 4.930293e-02
1.635686e-02 6.261278e-01 5.785891e-02 1.708991e-01 9.975829e-03 -4.650100e-01 8.885534e-02 1.120714e-01 3.055783e-03 -6.061671e-02 1.676621e-02 5.734676e-01 1.093882e-01
1.603614e-03 5.319463e-01 2.029053e-01 1.434124e-01 6.064253e-02 -4.695147e-01 1.786859e-01 8.818239e-02 1.983142e-02 -4.274915e-02 5.152402e-02 5.714625e-01 1.819314e-01
1.924337e-03 2.867581e-01 9.279616e-02 6.908379e-02 1.849795e-02 -2.640020e-01 9.504659e-02 6.563596e-02 6.172170e-03 1.608448e-02 1.923513e-02 3.897652e-01 9.987422e-02
2.886505e-03 6.442300e-01 1.404272e-01 1.250325e-01 9.028457e-03 -6.569540e-01 1.894748e-01 7.086862e-02 3.763195e-03 -5.302293e-02 1.641411e-02 8.116864e-01 2.436965e-01
4.490119e-03 5.071293e-01 1.064320e-01 1.351799e-01 3.003992e-02 -4.376800e-01 9.792771e-02 7.730197e-02 7.982058e-03 -5.351285e-02 2.804463e-02 5.134001e-01 9.051030e-02
6.735178e-03 4.572672e-01 5.101600e-02 1.339143e-01 1.676200e-02 -3.493026e-01 3.585578e-02 8.422797e-02 5.859299e-03 -3.034804e-02 1.561433e-02 4.606018e-01 3.467919e-02
9.621683e-03 5.173309e-01 4.436809e-02 1.578575e-01 6.857866e-03 -3.912519e-01 4.076821e-02 1.005900e-01 4.031470e-03 -4.760444e-02 1.078989e-02 4.873655e-01 5.201218e-02
1.314963e-02 4.927114e-01 7.909393e-02 1.374776e-01 2.514007e-02 -3.442689e-01 7.390226e-02 1.035002e-01 5.777018e-03 -1.360722e-02 2.598446e-02 5.001419e-01 7.594667e-02
1.731903e-02 5.968021e-01 1.534921e-01 1.349303e-01 4.041298e-02 -4.876539e-01 1.280502e-01 9.691373e-02 1.449297e-02 -5.238451e-02 3.409751e-02 6.506405e-01 1.133960e-01
3.207228e-03 5.742930e-01 1.133747e-01 1.375769e-01 3.234027e-02 -5.156784e-01 1.212726e-01 8.082413e-02 9.677453e-03 -4.619052e-02 2.905109e-02 6.147133e-01 1.397710e-01
3.527951e-03 3.282931e-01 9.258713e-02 8.490687e-02 2.050413e-02 -2.837461e-01 8.447723e-02 6.049629e-02 3.540096e-03 -9.195738e-03 1.935910e-02 3.876997e-01 8.738477e-02
4.490119e-03 4.393443e-01 7.961419e-02 1.285657e-01 2.612149e-02 -3.483457e-01 7.133401e-02 7.970007e-02 9.510871e-03 -3.696187e-02 1.946487e-02 4.132793e-01 7.715378e-02
6.093733e-03 6.267464e-01 5.518309e-02 1.736995e-01 1.610078e-02 -5.245546e-01 7.110359e-02 8.742467e-02 5.535395e-03 -8.546858e-02 1.337599e-02 5.928427e-01 1.009700e-01
8.338792e-03 6.273356e-01 1.001820e-01 1.679082e-01 2.198965e-02 -5.179594e-01 1.055751e-01 9.031575e-02 9.790584e-03 -7.473967e-02 1.856098e-02 5.979697e-01 1.172405e-01
1.122530e-02 6.429175e-01 6.676885e-02 1.831618e-01 2.495748e-02 -4.990607e-01 5.252685e-02 1.058256e-01 7.227603e-03 -7.852853e-02 2.448664e-02 5.748837e-01 3.381245e-02
1.475325e-02 5.726224e-01 1.131438e-01 1.539567e-01 2.464059e-02 -3.873909e-01 1.067508e-01 9.736615e-02 6.814423e-03 -4.365899e-02 1.465621e-02 4.742719e-01 1.038645e-01
1.892264e-02 5.242697e-01 4.601331e-02 1.356704e-01 1.954659e-02 -3.586622e-01 3.335798e-02 1.009116e-01 8.866313e-03 -2.951349e-02 2.049561e-02 5.158900e-01 5.761627e-02
5.452287e-03 4.751462e-01 6.053437e-02 1.360961e-01 1.414086e-02 -4.088782e-01 8.006591e-02 8.799647e-02 4.469449e-03 -4.181117e-02 2.047826e-02 5.172016e-01 9.555593e-02
5.773010e-03 5.081840e-01 5.096493e-02 1.366344e-01 1.250626e-02 -4.106910e-01 5.671885e-02 8.177789e-02 4.225295e-03 -4.720716e-02 1.351841e-02 4.841221e-01 6.955824e-02
6.735178e-03 6.938467e-01 5.358183e-02 1.556158e-01 1.238166e-02 -6.474437e-01 6.273169e-02 8.285246e-02 4.361053e-03 -7.086383e-02 1.538804e-02 7.892522e-01 7.020538e-02
8.338792e-03 5.227629e-01 1.006187e-01 1.499418e-01 2.575765e-02 -3.974048e-01 9.053609e-02 9.188966e-02 8.802043e-03 -5.068988e-02 2.334024e-02 4.553089e-01 8.189045e-02
1.058385e-02 4.097013e-01 7.326998e-02 1.179155e-01 2.160695e-02 -3.158500e-01 6.828251e-02 8.200949e-02 9.858367e-03 -2.949154e-02 1.159203e-02 4.348391e-01 8.792831e-02
1.347036e-02 4.993535e-01 3.952300e-02 1.589014e-01 2.192239e-02 -3.486338e-01 4.996451e-02 9.364974e-02 1.401776e-02 -6.247746e-02 1.184047e-02 4.343045e-01 6.787242e-02
1.699831e-02 4.664767e-01 4.728041e-02 1.261474e-01 1.558097e-02 -3.385551e-01 5.469169e-02 1.044309e-01 1.083084e-02 -2.557397e-02 1.681828e-02 5.085352e-01 5.689672e-02
2.116770e-02 4.752931e-01 4.119840e-02 1.370187e-01 1.032092e-02 -3.339378e-01 4.066844e-02 1.043558e-01 4.825797e-03 -3.505335e-02 9.732212e-03 5.441798e-01 6.375005e-02
8.338792e-03 5.162814e-01 6.326054e-02 1.354449e-01 2.867034e-02 -4.590451e-01 5.718000e-02 8.669182e-02 1.329170e-02 -4.769552e-02 2.287462e-02 5.895727e-01 6.904447e-02
8.659515e-03 7.048984e-01 1.266283e-01 1.574205e-01 2.060593e-02 -6.009842e-01 1.446708e-01 8.971115e-02 9.467524e-03 -6.522936e-02 1.995472e-02 6.881246e-01 1.734911e-01
9.621683e-03 5.098141e-01 6.515870e-02 1.276218e-01 2.092930e-02 -4.278744e-01 6.618967e-02 8.410742e-02 1.119150e-02 -3.961362e-02 1.650996e-02 5.260668e-01 7.838968e-02
1.122530e-02 6.519495e-01 8.358085e-02 1.662078e-01 3.001989e-02 -5.244425e-01 5.658463e-02 9.055338e-02 1.518506e-02 -6.470937e-02 1.197160e-02 6.436282e-01 5.197587e-02
1.347036e-02 6.493512e-01 7.130904e-02 1.423997e-01 2.577207e-02 -5.273641e-01 5.620321e-02 9.280314e-02 1.189564e-02 -2.981497e-02 2.068792e-02 7.023997e-01 4.925958e-02
1.635686e-02 3.785773e-01 3.639962e-02 8.920491e-02 9.770822e-03 -3.074623e-01 4.037168e-02 7.765148e-02 5.984748e-03 -1.824662e-02 8.642817e-03 4.979277e-01 6.907320e-02
1.988481e-02 6.240550e-01 4.598314e-02 1.842471e-01 2.198475e-02 -4.520157e-01 3.862320e-02 1.170077e-01 1.041649e-02 -8.140302e-02 1.407353e-02 5.915068e-01 4.029002e-02
2.405421e-02 6.077719e-01 4.534698e-02 1.146528e-01 9.055524e-03 -5.278754e-01 6.481683e-02 1.007975e-01 5.335161e-03 -3.042218e-02 1.284186e-02 8.297498e-01 9.736498e-02
1.186674e-02 5.726615e-01 6.862096e-02 1.295888e-01 1.217337e-02 -4.950455e-01 7.558625e-02 8.603450e-02 2.813082e-03 -4.432898e-02 1.217072e-02 6.149244e-01 8.769554e-02
1.218747e-02 5.500145e-01 6.738990e-02 1.609834e-01 2.440395e-02 -4.106524e-01 5.973160e-02 9.993292e-02 7.320713e-03 -5.072814e-02 2.012657e-02 5.163927e-01 4.773464e-02
1.314963e-02 4.651785e-01 4.103403e-02 1.224375e-01 2.206544e-02 -3.670788e-01 3.121723e-02 8.420174e-02 1.135539e-02 -3.765357e-02 1.273054e-02 5.111671e-01 2.971568e-02
1.475325e-02 7.163391e-01 1.270004e-01 1.703356e-01 4.017160e-02 -6.053298e-01 1.011542e-01 9.988890e-02 1.413797e-02 -8.081169e-02 2.847365e-02 7.205166e-01 9.415563e-02
1.699831e-02 5.814110e-01 6.718100e-02 1.494355e-01 1.830873e-02 -4.770481e-01 6.400269e-02 1.076406e-01 6.616541e-03 -5.471831e-02 1.762856e-02 6.535054e-01 7.903381e-02
1.988481e-02 4.594223e-01 5.718501e-02 1.255019e-01 1.481328e-02 -3.539659e-01 6.062625e-02 1.014169e-01 7.223946e-03 -4.432232e-02 1.899925e-02 5.260922e-01 7.617567e-02
2.341276e-02 5.495963e-01 3.789015e-02 1.621460e-01 1.965713e-02 -3.669600e-01 4.909295e-02 1.412473e-01 1.883978e-02 -3.263248e-02 1.740877e-02 6.075656e-01 7.476220e-02
2.758216e-02 5.449637e-01 8.330430e-02 1.518938e-01 2.833196e-02 -3.295015e-01 7.014170e-02 1.235145e-01 1.127331e-02 -4.151271e-02 3.151705e-02 5.851963e-01 8.888605e-02
1.603614e-02 5.484184e-01 4.704066e-02 1.554498e-01 1.891068e-02 -4.597059e-01 4.300528e-02 9.646295e-02 5.245407e-03 -8.920825e-02 1.739605e-02 5.762116e-01 6.268366e-02
1.635686e-02 4.531683e-01 5.672051e-02 1.052419e-01 2.237154e-02 -3.583234e-01 4.262642e-02 7.913286e-02 8.194385e-03 -2.709841e-02 1.343737e-02 5.096416e-01 4.666591e-02
1.731903e-02 5.926608e-01 1.189907e-01 1.693844e-01 4.585834e-02 -4.359629e-01 8.522712e-02 1.130019e-01 1.260273e-02 -6.427567e-02 3.622922e-02 5.521903e-01 5.657496e-02
1.892264e-02 5.577654e-01 6.047084e-02 1.311157e-01 2.207818e-02 -4.215759e-01 8.819721e-02 9.684628e-02 1.095377e-02 -3.231725e-02 2.714168e-02 6.135005e-01 1.115280e-01
2.116770e-02 5.906123e-01 4.960167e-02 1.395176e-01 1.273284e-02 -4.688364e-01 3.815945e-02 1.088100e-01 9.501408e-03 -3.406181e-02 9.981836e-03 7.037240e-01 8.502176e-02
2.405421e-02 5.361461e-01 7.455275e-02 1.267911e-01 2.988235e-02 -4.542596e-01 7.979349e-02 1.099406e-01 1.320809e-02 -7.206471e-02 3.228621e-02 6.399283e-01 9.557017e-02
2.758216e-02 5.641787e-01 5.571823e-02 1.527167e-01 2.352661e-02 -4.142219e-01 4.361789e-02 1.474500e-01 5.632233e-03 -8.182479e-02 1.069714e-02 6.309245e-01 5.362420e-02
3.175155e-02 7.000870e-01 7.103297e-02 1.843269e-01 1.721168e-02 -4.493012e-01 6.369173e-02 1.551761e-01 1.157309e-02 -7.246481e-02 1.569321e-02 6.958165e-01 6.863325e-02
1.282891e-03 5.882535e-01 9.626017e-02 1.310689e-01 3.257525e-02 -5.731408e-01 1.044539e-01 7.754816e-02 5.068726e-03 -4.611018e-02 3.726601e-02 7.080867e-01 1.426700e-01
1.603614e-03 3.626500e-01 6.784218e-02 9.604290e-02 1.298898e-02 -3.264740e-01 7.304952e-02 6.178707e-02 6.982566e-03 -2.470572e-02 1.367577e-02 4.146360e-01 8.589098e-02
2.565782e-03 3.523555e-01 1.248940e-01 9.576178e-02 3.974433e-02 -2.978390e-01 1.087895e-01 7.141962e-02 1.550483e-02 -5.158161e-03 2.993283e-02 4.001793e-01 1.025922e-01
4.169396e-03 4.469973e-01 9.657254e-02 1.192365e-01 2.082285e-02 -3.909753e-01 9.609059e-02 7.504312e-02 5.347015e-03 -3.290054e-02 2.215362e-02 4.935969e-01 9.793334e-02
6.414456e-03 5.075678e-01 5.962671e-02 1.461309e-01 1.102728e-02 -4.006312e-01 6.260728e-02 8.741857e-02 7.847712e-03 -4.901923e-02 6.334610e-03 4.731762e-01 7.332692e-02
9.300961e-03 5.468313e-01 1.092863e-01 1.213144e-01 3.284179e-02 -4.806829e-01 9.680149e-02 8.085329e-02 9.937807e-03 -3.167341e-02 2.620393e-02 6.174942e-01 1.013711e-01
1.282891e-02 5.740201e-01 9.504034e-02 1.427591e-01 2.101688e-02 -4.751804e-01 7.759336e-02 8.826026e-02 4.691539e-03 -6.295275e-02 1.763481e-02 5.756776e-01 7.265898e-02
1.699831e-02 5.365296e-01 3.537470e-02 1.201727e-01 2.080641e-02 -4.474462e-01 1.817251e-02 8.334940e-02 1.119655e-02 -4.092011e-02 1.440335e-02 6.573163e-01 2.487370e-02
1.603614e-03 7.019306e-01 1.138433e-01 1.721801e-01 2.790220e-02 -6.454462e-01 1.136535e-01 8.755556e-02 8.430310e-03 -8.350332e-02 2.849495e-02 7.327309e-01 1.140202e-01
1.924337e-03 7.939420e-01 1.591506e-01 1.803468e-01 3.913441e-02 -7.601735e-01 1.615737e-01 8.790887e-02 1.100003e-02 -9.747776e-02 3.516804e-02 8.675185e-01 1.698172e-01
2.886505e-03 4.055569e-01 1.257568e-01 1.175548e-01 3.043296e-02 -3.360089e-01 1.166378e-01 7.623904e-02 6.940653e-03 -3.113293e-02 3.178218e-02 4.087540e-01 1.054210e-01
4.490119e-03 5.280926e-01 1.280748e-01 1.186389e-01 1.948382e-02 -5.120042e-01 1.534943e-01 7.298268e-02 8.668111e-03 -4.523294e-02 1.933100e-02 6.413813e-01 1.893855e-01
6.735178e-03 4.568070e-01 1.147210e-01 1.044981e-01 1.234313e-02 -4.319322e-01 1.463411e-01 7.067286e-02 4.535463e-03 -2.890894e-02 2.064363e-02 5.748717e-01 1.706932e-01
9.621683e-03 6.656985e-01 8.528094e-02 1.733273e-01 2.637539e-02 -5.510104e-01 8.590011e-02 8.570044e-02 7.053428e-03 -8.499008e-02 2.770908e-02 6.420885e-01 9.295962e-02
1.314963e-02 7.362528e-01 1.411192e-01 1.932834e-01 3.624418e-02 -5.852297e-01 1.382516e-01 9.777962e-02 1.161594e-02 -1.076448e-01 3.412493e-02 6.644815e-01 1.442417e-01
1.731903e-02 5.339872e-01 4.662070e-02 1.141283e-01 1.133964e-02 -4.519258e-01 5.417064e-02 9.102104e-02 8.699049e-03 -2.678286e-02 1.887314e-02 6.626744e-01 6.674049e-02
2.565782e-03 8.371512e-01 1.505570e-01 2.017238e-01 4.573155e-02 -8.075217e-01 1.363324e-01 9.885276e-02 2.005456e-02 -1.125636e-01 3.374258e-02 9.386530e-01 1.331789e-01
2.886505e-03 3.844884e-01 1.036294e-01 9.971600e-02 1.097736e-02 -3.320693e-01 1.185617e-01 6.576485e-02 1.409690e-03 -2.106078e-02 1.262239e-02 4.202046e-01 1.359129e-01
3.848673e-03 5.065786e-01 1.576531e-01 1.251696e-01 3.066921e-02 -4.618129e-01 1.690681e-01 7.321247e-02 8.407224e-03 -4.784009e-02 2.810870e-02 5.590747e-01 1.948037e-01
5.452287e-03 6.322510e-01 1.586561e-01 1.454466e-01 4.106080e-02 -6.002357e-01 1.456020e-01 8.689107e-02 1.065067e-02 -5.896600e-02 3.905233e-02 7.394682e-01 1.424105e-01
7.697347e-03 5.536595e-01 1.773624e-01 1.315636e-01 5.282261e-02 -4.885245e-01 1.659795e-01 7.528349e-02 1.529641e-02 -5.054413e-02 4.947493e-02 5.910680e-01 1.662584e-01
1.058385e-02 5.280597e-01 5.529537e-02 1.253004e-01 1.746297e-02 -4.645132e-01 7.383206e-02 8.530590e-02 7.232295e-03 -4.203042e-02 1.615185e-02 6.212555e-01 9.844126e-02
1.411180e-02 6.206078e-01 5.353260e-02 1.586918e-01 1.665537e-02 -4.738575e-01 4.143114e-02 9.390932e-02 3.942866e-03 -6.319134e-02 1.287815e-02 5.818745e-01 4.110903e-02
1.828120e-02 5.496384e-01 3.589294e-02 1.542350e-01 9.463298e-03 -3.770305e-01 5.562492e-02 1.049914e-01 2.820385e-03 -4.703205e-02 1.371132e-02 5.038260e-01 6.841050e-02
4.169396e-03 4.031274e-01 7.408803e-02 1.055010e-01 1.622548e-02 -3.512843e-01 8.678187e-02 8.393371e-02 7.114901e-03 -5.662489e-03 1.131527e-02 4.768745e-01 1.189229e-01
4.490119e-03 5.164726e-01 1.464966e-01 1.554899e-01 4.359186e-02 -4.140388e-01 1.285368e-01 9.037769e-02 1.485100e-02 -5.024803e-02 3.454260e-02 5.014279e-01 1.130960e-01
5.452287e-03 5.665158e-01 1.288016e-01 1.365025e-01 2.225270e-02 -5.315453e-01 1.430945e-01 7.819983e-02 6.150626e-03 -5.571550e-02 2.474739e-02 6.612439e-01 1.665387e-01
7.055901e-03 4.988061e-01 4.849875e-02 1.312754e-01 2.037284e-02 -4.168684e-01 3.986050e-02 7.467551e-02 7.960850e-03 -5.492273e-02 1.885736e-02 4.929312e-01 3.413111e-02
9.300961e-03 5.337139e-01 8.745457e-02 1.344518e-01 2.120065e-02 -4.586426e-01 7.936669e-02 8.540901e-02 2.574920e-03 -4.156639e-02 2.578701e-02 5.886540e-01 7.045902e-02
1.218747e-02 7.148408e-01 8.411682e-02 1.650933e-01 2.632125e-02 -6.318275e-01 9.030973e-02 8.875340e-02 7.038097e-03 -7.735921e-02 2.705816e-02 7.725798e-01 1.153225e-01
1.571542e-02 5.172686e-01 8.423388e-02 1.276295e-01 2.210937e-02 -4.034406e-01 8.820217e-02 8.622074e-02 1.041385e-02 -4.505133e-02 1.736340e-02 5.450238e-01 9.956804e-02
1.988481e-02 5.228939e-01 3.277890e-02 1.271433e-01 1.705596e-02 -4.034396e-01 2.212353e-02 1.046454e-01 4.055712e-03 -2.995843e-02 1.726464e-02 6.002565e-01 5.213042e-02
6.414456e-03 3.420068e-01 4.817549e-02 8.997704e-02 1.331785e-02 -2.728137e-01 5.157565e-02 7.000656e-02 7.806242e-03 -4.995371e-03 1.338766e-02 3.851004e-01 6.911146e-02
6.735178e-03 3.743743e-01 4.477249e-02 1.025267e-01 1.449146e-02 -2.804670e-01 3.992570e-02 6.648293e-02 5.050236e-03 -2.161801e-02 1.363126e-02 3.538724e-01 4.691105e-02
7.697347e-03 6.825106e-01 1.358893e-01 1.729890e-01 2.838496e-02 -5.934833e-01 1.336415e-01 9.194762e-02 8.951120e-03 -8.509440e-02 2.513880e-02 6.731094e-01 1.406342e-01
9.300961e-03 4.613186e-01 5.547409e-02 1.127889e-01 2.385920e-02 -3.954986e-01 5.726810e-02 7.881238e-02 1.011173e-02 -2.170650e-02 1.783585e-02 5.471968e-01 7.977200e-02
1.154602e-02 4.768662e-01 6.634119e-02 1.183313e-01 2.090241e-02 -3.665357e-01 4.613478e-02 9.545098e-02 5.168179e-03 -9.555468e-03 2.427468e-02 5.177839e-01 4.568946e-02
1.443252e-02 5.052237e-01 5.523995e-02 1.271175e-01 2.465307e-02 -3.883960e-01 6.102686e-02 8.627128e-02 1.363180e-02 -4.203368e-02 1.701558e-02 5.073746e-01 6.912611e-02
1.796048e-02 5.383710e-01 8.203745e-02 1.577567e-01 2.140287e-02 -4.012811e-01 8.329266e-02 1.037673e-01 6.684821e-03 -6.161344e-02 1.891506e-02 5.474565e-01 6.983316e-02
2.212987e-02 4.354304e-01 5.776622e-02 1.348553e-01 1.846062e-02 -2.998673e-01 5.517136e-02 1.137440e-01 8.775867e-03 -2.575772e-02 1.902748e-02 5.608916e-01 8.766291e-02
9.300961e-03 5.292861e-01 6.633924e-02 1.524328e-01 2.775834e-02 -4.192300e-01 4.899726e-02 8.829885e-02 1.443499e-02 -5.752382e-02 1.669600e-02 5.104459e-01 3.684579e-02
9.621683e-03 5.248823e-01 8.395868e-02 1.109189e-01 8.340961e-03 -4.792939e-01 1.103286e-01 7.402848e-02 3.361202e-03 -2.870574e-02 7.444654e-03 6.407510e-01 1.380625e-01
1.058385e-02 5.944078e-01 8.479762e-02 1.623050e-01 3.125594e-02 -5.127333e-01 7.166623e-02 9.382996e-02 1.387150e-02 -7.494371e-02 2.160129e-02 6.552101e-01 9.809230e-02
1.218747e-02 4.701929e-01 3.265623e-02 1.153110e-01 1.182061e-02 -4.029113e-01 1.763080e-02 7.022653e-02 7.480650e-03 -5.133811e-02 8.021800e-03 5.165039e-01 2.250047e-02
1.443252e-02 4.772962e-01 3.601081e-02 1.318387e-01 1.523111e-02 -3.611545e-01 4.604639e-02 9.449887e-02 5.842947e-03 -3.468975e-02 2.239813e-02 4.826324e-01 5.623315e-02
1.731903e-02 5.571352e-01 7.620665e-02 1.388789e-01 2.124610e-02 -4.827281e-01 7.034320e-02 9.330522e-02 1.132783e-02 -7.721227e-02 2.329879e-02 6.398977e-01 6.990017e-02
2.084698e-02 5.263384e-01 9.156451e-02 1.233401e-01 1.398343e-02 -4.222945e-01 1.059328e-01 1.015755e-01 9.120609e-03 -3.823295e-02 3.684775e-03 6.236744e-01 1.375596e-01
2.501638e-02 5.844175e-01 4.685363e-02 1.382435e-01 1.406167e-02 -4.226045e-01 5.593588e-02 1.191911e-01 8.429944e-03 -2.862181e-02 1.738321e-02 6.574240e-01 5.579770e-02
1.282891e-02 5.214931e-01 6.344329e-02 1.269532e-01 1.178612e-02 -4.323022e-01 5.749535e-02 9.141798e-02 4.416358e-03 -3.838315e-02 1.839793e-02 5.651880e-01 4.863221e-02
1.314963e-02 5.472693e-01 8.957988e-02 1.301524e-01 2.479291e-02 -4.501100e-01 8.114396e-02 7.887472e-02 7.642003e-03 -5.328736e-02 1.980716e-02 5.674874e-01 7.453402e-02
1.411180e-02 5.472976e-01 9.304112e-02 1.253381e-01 1.988226e-02 -4.314958e-01 8.893404e-02 8.072437e-02 8.184041e-03 -3.839829e-02 2.073818e-02 5.626382e-01 1.027014e-01
1.571542e-02 5.656875e-01 5.223881e-02 1.386603e-01 3.779742e-03 -4.350676e-01 5.423607e-02 8.531350e-02 7.686879e-03 -6.533347e-02 6.877957e-03 5.556859e-01 7.048995e-02
1.796048e-02 6.501834e-01 1.294485e-01 1.703408e-01 4.772596e-02 -4.625601e-01 8.749741e-02 1.089048e-01 1.616712e-02 -6.713652e-02 2.726228e-02 5.676937e-01 7.179479e-02
2.084698e-02 6.362132e-01 5.608054e-02 1.748305e-01 1.656599e-02 -5.149333e-01 2.554728e-02 1.163548e-01 1.087089e-02 -9.965072e-02 8.230164e-03 6.946111e-01 4.716693e-02
2.437493e-02 5.144050e-01 2.838447e-02 1.352604e-01 1.645963e-02 -3.304067e-01 4.237797e-02 1.286912e-01 7.856386e-03 -1.150351e-02 2.263220e-02 5.330351e-01 6.684406e-02
2.854433e-02 5.491116e-01 4.574924e-02 1.261772e-01 8.100086e-03 -4.150924e-01 3.752177e-02 1.156692e-01 9.421895e-03 -5.916844e-02 6.456118e-03 7.099564e-01 7.283144e-02
1.699831e-02 5.491176e-01 1.134701e-01 1.236848e-01 2.236294e-02 -4.838005e-01 1.266024e-01 9.632062e-02 6.412877e-03 -3.423015e-02 2.884203e-02 6.830877e-01 1.391462e-01
1.731903e-02 5.289011e-01 4.098261e-02 1.399933e-01 1.400916e-02 -3.826752e-01 3.937641e-02 1.015973e-01 4.306210e-03 -2.912034e-02 7.212243e-03 5.248544e-01 3.708301e-02
1.828120e-02 5.193887e-01 3.394601e-02 1.419185e-01 1.613425e-02 -3.817511e-01 4.437390e-02 9.870962e-02 6.419059e-03 -6.626234e-02 2.176350e-02 4.917423e-01 6.148492e-02
1.988481e-02 6.084738e-01 6.795233e-02 1.814981e-01 2.099249e-02 -4.744846e-01 6.865870e-02 1.215995e-01 1.234178e-02 -7.037122e-02 2.677919e-02 6.671561e-01 4.556174e-02
2.212987e-02 5.311266e-01 2.338824e-02 1.506270e-01 1.303316e-02 -3.455076e-01 2.413818e-02 1.259758e-01 7.544222e-03 -3.077114e-02 1.857861e-02 5.173966e-01 4.571679e-02
2.501638e-02 5.046896e-01 8.420739e-02 1.288029e-01 3.050547e-02 -3.834338e-01 7.458334e-02 1.130099e-01 1.175572e-02 -5.054143e-02 2.624255e-02 6.097755e-01 6.289287e-02
2.854433e-02 5.268730e-01 4.945622e-02 1.163094e-01 2.861314e-02 -3.870643e-01 4.956605e-02 1.207094e-01 1.201187e-02 -2.997478e-02 3.146760e-02 6.861270e-01 2.071579e-02
3.271372e-02 6.127316e-01 6.314421e-02 1.740825e-01 1.063278e-02 -3.442771e-01 7.743010e-02 1.668652e-01 6.091530e-03 -7.305236e-02 1.843637e-02 6.304170e-01 1.209268e-01
2.886505e-03 3.199179e-01 7.090179e-02 1.022477e-01 1.657230e-02 -2.574461e-01 6.758703e-02 8.215656e-02 7.148825e-03 -4.537613e-03 1.750944e-02 3.540663e-01 5.754296e-02
3.207228e-03 3.528675e-01 3.420954e-02 1.009272e-01 1.577192e-02 -2.787132e-01 5.095593e-02 7.003677e-02 1.099186e-02 -1.715871e-02 6.747228e-03 3.389141e-01 6.992430e-02
4.169396e-03 4.540870e-01 1.351714e-02 1.238755e-01 7.220453e-03 -3.960677e-01 2.318006e-02 8.445578e-02 7.074553e-03 -3.308754e-02 3.304845e-03 4.970683e-01 3.148215e-02
5.773010e-03 3.754071e-01 3.459628e-02 9.777305e-02 1.374546e-02 -3.238796e-01 2.759926e-02 7.547440e-02 5.998878e-03 -1.257356e-02 1.037029e-02 4.389189e-01 3.942809e-02
8.018069e-03 6.432441e-01 1.964195e-01 1.562231e-01 3.770938e-02 -5.816170e-01 1.948931e-01 8.215266e-02 7.599048e-03 -8.264425e-02 3.663967e-02 6.884715e-01 1.987648e-01
1.090457e-02 5.835911e-01 1.270784e-01 1.525183e-01 3.389758e-02 -4.842866e-01 1.040523e-01 8.957881e-02 9.590026e-03 -6.151959e-02 2.943500e-02 6.001008e-01 9.185649e-02
1.443252e-02 5.983680e-01 7.768592e-02 1.409204e-01 1.671569e-02 -5.124741e-01 6.981482e-02 9.169743e-02 6.230445e-03 -4.889286e-02 1.409470e-02 6.895407e-01 8.694819e-02
1.860192e-02 4.490992e-01 4.334278e-02 1.033808e-01 1.058585e-02 -3.662558e-01 5.570861e-02 8.303365e-02 7.502507e-03 -3.655318e-02 1.142712e-02 5.824923e-01 6.940701e-02
3.207228e-03 3.754623e-01 6.047417e-02 1.109040e-01 1.521306e-02 -3.096331e-01 6.460280e-02 7.207843e-02 5.730503e-03 -2.605715e-02 1.256701e-02 3.920574e-01 8.418278e-02
3.527951e-03 3.973787e-01 7.969767e-02 1.298638e-01 2.128529e-02 -2.959018e-01 7.224655e-02 8.640049e-02 6.847658e-03 -2.641004e-02 1.779890e-02 3.590842e-01 6.748244e-02
4.490119e-03 4.810727e-01 4.846069e-02 1.105003e-01 1.009500e-02 -4.391043e-01 5.398215e-02 7.680431e-02 7.184715e-03 -1.593520e-02 1.116650e-02 5.779095e-01 7.640029e-02
6.093733e-03 4.918654e-01 8.112258e-02 1.132049e-01 2.074975e-02 -4.451101e-01 1.040223e-01 8.666651e-02 1.348353e-02 -9.276000e-03 2.694100e-02 5.965507e-01 1.267033e-01
8.338792e-03 4.816020e-01 4.675055e-02 1.266242e-01 1.984508e-02 -3.950793e-01 3.707582e-02 7.789946e-02 8.335031e-03 -4.008205e-02 1.468931e-02 4.911768e-01 3.282670e-02
1.122530e-02 4.768658e-01 4.510935e-02 1.382775e-01 4.962040e-03 -3.568112e-01 5.302475e-02 9.451419e-02 5.344577e-03 -3.945998e-02 1.157733e-02 4.515294e-01 5.923945e-02
1.475325e-02 5.925836e-01 6.926600e-02 1.506684e-01 2.050965e-02 -4.878690e-01 5.679903e-02 8.689544e-02 8.081344e-03 -6.893806e-02 1.617670e-02 6.076205e-01 5.266868e-02
1.892264e-02 6.920263e-01 6.957818e-02 1.745835e-01 2.903766e-02 -5.389632e-01 6.714425e-02 1.055458e-01 1.321288e-02 -8.178048e-02 2.609175e-02 6.768383e-01 6.666593e-02
4.169396e-03 4.189137e-01 4.818104e-02 1.219356e-01 2.269988e-02 -3.450382e-01 2.429175e-02 8.045676e-02 6.048900e-03 -3.483583e-02 2.116419e-02 4.137655e-01 1.492165e-02
4.490119e-03 4.949688e-01 1.026521e-01 1.241777e-01 1.873168e-02 -4.428073e-01 1.214079e-01 7.536174e-02 4.198655e-03 -4.032047e-02 2.011853e-02 5.496190e-01 1.447915e-01
5.452287e-03 3.521524e-01 6.285922e-02 8.410188e-02 1.577181e-02 -3.139514e-01 6.260742e-02 6.263623e-02 7.537781e-03 -1.419961e-02 1.420228e-02 4.237698e-01 8.053389e-02
7.055901e-03 3.920668e-01 9.809828e-02 9.827172e-02 2.319074e-02 -3.308764e-01 9.477606e-02 6.934123e-02 9.093835e-03 -2.141874e-02 1.639862e-02 4.288861e-01 1.037756e-01
9.300961e-03 3.351273e-01 2.906204e-02 8.196697e-02 9.709480e-03 -2.629831e-01 3.021725e-02 6.768002e-02 6.674249e-03 -2.004179e-03 1.213267e-02 3.798233e-01 2.839506e-02
1.218747e-02 5.789267e-01 4.428598e-02 1.373341e-01 1.277805e-02 -5.436682e-01 4.763924e-02 8.073075e-02 5.982015e-03 -7.672369e-02 9.534629e-03 6.825526e-01 6.108851e-02
1.571542e-02 5.639077e-01 3.694702e-02 1.435462e-01 2.216396e-02 -4.011419e-01 3.421744e-02 9.745809e-02 1.510874e-02 -4.378180e-02 7.756709e-03 5.002455e-01 4.434730e-02
1.988481e-02 6.574107e-01 7.552480e-02 1.472874e-01 2.687997e-02 -5.266642e-01 6.068207e-02 1.178108e-01 1.403549e-02 -3.453796e-02 1.698217e-02 7.186146e-01 4.484943e-02
5.773010e-03 5.128808e-01 8.136224e-02 1.135450e-01 1.867542e-02 -4.869849e-01 8.542193e-02 7.143640e-02 3.944002e-03 -4.245489e-02 2.194687e-02 6.036745e-01 8.171351e-02
6.093733e-03 3.811875e-01 6.517465e-02 9.063568e-02 1.565424e-02 -3.370743e-01 6.743455e-02 6.679730e-02 6.841473e-03 -1.500380e-02 1.502641e-02 4.493512e-01 7.897804e-02
7.055901e-03 6.018717e-01 3.617300e-02 1.642065e-01 5.861983e-03 -4.992314e-01 5.724563e-02 9.440697e-02 7.253658e-03 -6.565810e-02 1.671644e-02 5.906782e-01 7.372903e-02
8.659515e-03 5.203592e-01 2.266400e-02 1.450249e-01 1.033101e-02 -3.924603e-01 3.757444e-02 8.817662e-02 6.351875e-03 -4.538997e-02 1.060853e-02 4.625381e-01 4.973374e-02
1.090457e-02 5.266839e-01 3.358177e-02 1.431031e-01 1.301919e-02 -4.149082e-01 2.981791e-02 8.725435e-02 8.231745e-03 -4.164876e-02 4.589682e-03 5.321522e-01 4.424664e-02
1.379108e-02 4.905012e-01 4.224407e-02 1.250424e-01 2.010264e-02 -3.687507e-01 3.787861e-02 8.425891e-02 6.041803e-03 -3.873957e-02 9.343844e-03 5.047994e-01 5.762246e-02
1.731903e-02 5.951393e-01 8.967001e-02 1.447796e-01 2.100246e-02 -4.923316e-01 8.548235e-02 9.295454e-02 4.478285e-03 -5.000775e-02 1.955061e-02 6.838488e-01 8.965107e-02
2.148843e-02 6.120741e-01 6.278087e-02 1.465224e-01 2.049553e-02 -4.144467e-01 4.425322e-02 1.146412e-01 5.323647e-03 -3.191563e-02 8.027201e-03 5.995835e-01 6.974478e-02
8.018069e-03 5.470382e-01 7.453139e-02 1.405558e-01 1.954253e-02 -4.538002e-01 8.068171e-02 7.845255e-02 8.330724e-03 -5.630476e-02 1.536495e-02 5.413638e-01 9.067875e-02
8.338792e-03 3.159527e-01 5.125035e-02 8.064463e-02 1.515640e-02 -2.444891e-01 6.672452e-02 7.671230e-02 7.935331e-03 1.511496e-02 8.847729e-03 3.721580e-01 9.841197e-02
9.300961e-03 5.577714e-01 7.671981e-02 1.227014e-01 8.218289e-03 -5.076114e-01 7.716101e-02 7.281447e-02 4.539449e-03 -4.567796e-02 1.430695e-02 6.477871e-01 9.123974e-02
1.090457e-02 5.857654e-01 6.550898e-02 1.378944e-01 2.352334e-02 -5.205032e-01 5.739501e-02 8.028541e-02 9.139205e-03 -6.793330e-02 1.924543e-02 6.426889e-01 5.860958e-02
1.314963e-02 5.484696e-01 5.380388e-02 1.359646e-01 9.552617e-03 -4.813778e-01 5.415202e-02 9.461843e-02 6.914209e-03 -5.131556e-02 8.049136e-03 6.399009e-01 7.073748e-02
1.603614e-02 6.145150e-01 1.119579e-01 1.382714e-01 3.042908e-02 -5.142246e-01 8.621571e-02 8.979054e-02 1.317299e-02 -6.049016e-02 2.363944e-02 6.693912e-01 5.553854e-02
1.956409e-02 6.022701e-01 7.724775e-02 1.438501e-01 2.035026e-02 -4.851310e-01 6.967415e-02 1.098489e-01 7.549535e-03 -3.589185e-02 2.370503e-02 7.381757e-01 7.002714e-02
2.373349e-02 5.538987e-01 1.061062e-01 1.604457e-01 2.413959e-02 -4.028048e-01 1.007675e-01 1.191265e-01 1.104161e-02 -5.132908e-02 3.355261e-02 6.531261e-01 1.225724e-01
1.090457e-02 7.554924e-01 1.220827e-01 1.689460e-01 2.840098e-02 -6.729576e-01 1.230860e-01 9.527335e-02 9.506328e-03 -7.767001e-02 3.317935e-02 8.035917e-01 1.060804e-01
1.122530e-02 4.837727e-01 6.082735e-02 1.318971e-01 9.946309e-03 -3.934139e-01 7.732670e-02 8.256955e-02 5.489350e-03 -4.104918e-02 1.104136e-02 5.275809e-01 9.921520e-02
1.218747e-02 6.183432e-01 9.831819e-02 1.562625e-01 1.761268e-02 -4.898589e-01 1.251527e-01 9.237895e-02 7.391391e-03 -5.444248e-02 2.759901e-02 6.002481e-01 1.446413e-01
1.379108e-02 4.689881e-01 7.856508e-02 1.239238e-01 2.584036e-02 -3.496410e-01 7.069597e-02 8.992373e-02 1.209081e-02 -2.336071e-02 2.408354e-02 4.894903e-01 4.679369e-02
1.603614e-02 5.841304e-01 1.102224e-01 1.503328e-01 2.363040e-02 -4.327792e-01 9.797749e-02 9.865633e-02 9.251135e-03 -5.315424e-02 2.275322e-02 5.359693e-01 8.480173e-02
1.892264e-02 6.502874e-01 9.479533e-02 1.486341e-01 2.368308e-02 -5.576975e-01 1.287636e-01 1.025746e-01 1.248017e-02 -5.734425e-02 1.437703e-02 7.749198e-01 1.987552e-01
2.245059e-02 4.974920e-01 5.967706e-02 1.293124e-01 1.674962e-02 -3.509148e-01 4.508887e-02 1.232067e-01 7.374666e-03 -3.399033e-02 1.583641e-02 5.641350e-01 3.557554e-02
2.661999e-02 5.343377e-01 1.954646e-02 1.331995e-01 1.338092e-02 -3.928789e-01 1.902326e-02 1.166635e-01 6.698774e-03 -5.099111e-02 9.388311e-03 7.012549e-01 5.204472e-02
1.443252e-02 5.805842e-01 6.563833e-02 1.291548e-01 1.763106e-02 -5.049190e-01 5.525962e-02 8.212896e-02 9.670955e-03 -4.633421e-02 1.654245e-02 6.762238e-01 5.149887e-02
1.475325e-02 5.710584e-01 5.830112e-02 1.266293e-01 1.476524e-02 -4.667091e-01 5.360309e-02 8.312046e-02 4.594107e-03 -5.213395e-02 1.473513e-02 5.670351e-01 5.252652e-02
1.571542e-02 4.996243e-01 4.105693e-02 1.357406e-01 1.257430e-02 -3.367814e-01 5.680811e-02 1.067113e-01 7.293762e-03 -2.232463e-02 1.250853e-02 4.995932e-01 6.679460e-02
1.731903e-02 5.656738e-01 7.079222e-02 1.578978e-01 1.971953e-02 -4.208902e-01 6.841901e-02 1.071708e-01 8.178637e-03 -5.709217e-02 2.606814e-02 5.276841e-01 6.355465e-02
1.956409e-02 5.675836e-01 3.806727e-02 1.394961e-01 1.008624e-02 -4.647312e-01 6.444884e-02 1.044882e-01 5.403818e-03 -4.394682e-02 1.716065e-02 6.674760e-01 7.670022e-02
2.245059e-02 7.203760e-01 8.408335e-02 2.105337e-01 3.976344e-02 -5.596258e-01 4.354502e-02 1.354593e-01 1.663723e-02 -9.778114e-02 2.847402e-02 7.968951e-01 6.830309e-02
2.597854e-02 5.147906e-01 4.346555e-02 1.261199e-01 8.710762e-03 -3.967318e-01 5.551416e-02 1.222602e-01 9.152070e-03 -2.698152e-02 6.892644e-03 6.988767e-01 1.074536e-01
3.014794e-02 5.983452e-01 3.571121e-02 1.641085e-01 2.591526e-02 -3.696746e-01 2.201004e-02 1.502655e-01 1.948072e-02 -5.942649e-02 2.022059e-02 6.441295e-01 6.228060e-02
1.860192e-02 5.677092e-01 3.764160e-02 1.695853e-01 2.217227e-02 -4.171449e-01 4.079868e-02 1.250317e-01 9.532213e-03 -6.105176e-02 2.544110e-02 5.404791e-01 5.187102e-02
1.892264e-02 5.029839e-01 6.956306e-02 1.356951e-01 1.389934e-02 -3.705147e-01 6.736508e-02 1.071241e-01 9.148513e-03 -3.658486e-02 1.388303e-02 5.291410e-01 5.941723e-02
1.988481e-02 6.428812e-01 3.307002e-02 1.856609e-01 1.392872e-02 -4.737207e-01 3.718829e-02 1.182161e-01 6.867422e-03 -7.618464e-02 1.724771e-02 6.431815e-01 6.082795e-02
2.148843e-02 5.278459e-01 5.371097e-02 1.564922e-01 1.817442e-02 -3.663515e-01 5.508272e-02 1.200583e-01 7.775789e-03 -4.485824e-02 2.586698e-02 5.486854e-01 1.906940e-02
2.373349e-02 6.692196e-01 1.403440e-01 1.706565e-01 4.312374e-02 -4.520637e-01 1.259409e-01 1.286432e-01 1.141624e-02 -6.847103e-02 4.464044e-02 6.439840e-01 1.009451e-01
2.661999e-02 5.883076e-01 3.930462e-02 1.565273e-01 1.622964e-02 -4.086173e-01 7.649281e-02 1.315354e-01 1.582990e-02 -4.345731e-02 2.066078e-02 6.105168e-01 7.544928e-02
3.014794e-02 4.910140e-01 5.707139e-02 1.472947e-01 3.654805e-02 -2.578411e-01 3.082996e-02 1.510926e-01 2.380436e-02 -5.669100e-02 1.485795e-02 4.768622e-01 3.908810e-02
3.431734e-02 5.346809e-01 6.160727e-02 1.360415e-01 2.022700e-02 -2.898575e-01 4.982572e-02 1.610545e-01 1.777517e-02 -4.160940e-02 1.822750e-02 6.527422e-01 4.501837e-02
5.131564e-03 7.419702e-01 1.613618e-01 1.927168e-01 3.433341e-02 -6.590118e-01 1.676606e-01 1.031194e-01 1.157169e-02 -8.663080e-02 3.452578e-02 7.731945e-01 1.749788e-01
5.452287e-03 3.613012e-01 7.499355e-02 1.059189e-01 9.884363e-03 -2.750996e-01 8.711928e-02 8.117649e-02 5.404846e-03 6.984299e-05 1.580641e-02 3.926571e-01 9.084911e-02
6.414456e-03 4.907939e-01 9.010430e-02 1.311549e-01 2.579201e-02 -4.206253e-01 9.053953e-02 8.701933e-02 9.514122e-03 -3.509984e-02 1.954246e-02 5.278557e-01 9.982954e-02
8.018069e-03 4.859219e-01 5.823209e-02 1.260654e-01 1.354661e-02 -4.025587e-01 5.176770e-02 8.627851e-02 1.004556e-02 -3.062629e-02 1.271722e-02 5.056484e-01 4.551365e-02
1.026313e-02 4.706541e-01 4.614546e-02 1.420584e-01 2.467864e-02 -3.597562e-01 2.939629e-02 9.520897e-02 1.148516e-02 -4.422632e-02 1.873577e-02 4.571639e-01 2.889901e-02
1.314963e-02 5.505017e-01 5.525325e-02 1.454017e-01 1.674004e-02 -4.386425e-01 7.037077e-02 9.288519e-02 4.814362e-03 -4.657678e-02 1.908189e-02 5.729954e-01 9.058219e-02
1.667758e-02 6.591230e-01 1.501400e-01 1.881077e-01 2.540274e-02 -5.146113e-01 1.538871e-01 1.174174e-01 1.140882e-02 -8.570009e-02 1.809186e-02 6.745099e-01 1.619892e-01
2.084698e-02 4.814612e-01 3.128939e-02 1.447072e-01 1.464037e-02 -3.140539e-01 2.410404e-02 1.137152e-01 1.173241e-02 -3.435363e-02 1.408721e-02 4.823898e-01 2.824002e-02
5.452287e-03 4.436180e-01 7.607714e-02 1.194908e-01 1.264683e-02 -3.698542e-01 9.469865e-02 7.916575e-02 9.209074e-03 -2.866338e-02 1.369959e-02 4.653431e-01 1.193497e-01
5.773010e-03 4.740384e-01 9.710956e-02 1.074697e-01 1.640404e-02 -4.476615e-01 1.183573e-01 7.153184e-02 7.975814e-03 -2.521358e-02 1.092749e-02 6.018349e-01 1.543053e-01
6.735178e-03 4.992323e-01 6.273662e-02 1.267857e-01 1.982398e-02 -4.306153e-01 6.057150e-02 7.797357e-02 6.777685e-03 -4.310226e-02 1.993678e-02 5.347256e-01 5.400273e-02
8.338792e-03 3.727330e-01 4.135863e-02 9.639112e-02 1.045539e-02 -3.074475e-01 3.901953e-02 6.613774e-02 5.034520e-03 -2.664615e-02 8.734407e-03 3.941160e-01 3.423966e-02
1.058385e-02 7.006061e-01 9.189782e-02 1.711780e-01 1.682156e-02 -6.011739e-01 1.010369e-01 9.883692e-02 8.632108e-03 -7.799805e-02 1.099302e-02 7.077025e-01 1.143220e-01
1.347036e-02 4.958229e-01 4.953103e-02 1.376626e-01 1.358930e-02 -3.759477e-01 6.608904e-02 9.286860e-02 9.430895e-03 -3.107499e-02 1.488685e-02 5.163211e-01 9.088330e-02
1.699831e-02 4.837401e-01 2.688333e-02 1.101277e-01 1.113155e-02 -3.807193e-01 2.656329e-02 8.920151e-02 8.685324e-03 -9.220228e-03 1.687444e-02 5.966682e-01 1.871079e-02
2.116770e-02 6.796697e-01 8.908656e-02 1.439350e-01 2.454631e-02 -5.691576e-01 9.259429e-02 1.076731e-01 1.130181e-02 -5.419557e-02 1.743749e-02 7.671015e-01 1.201941e-01
6.414456e-03 6.420161e-01 1.482886e-01 1.678268e-01 3.680548e-02 -5.315762e-01 1.382262e-01 9.891828e-02 1.061153e-02 -5.545297e-02 3.393779e-02 6.352620e-01 1.374747e-01
6.735178e-03 6.402308e-01 1.713269e-01 1.470090e-01 5.050734e-02 -6.258759e-01 1.613118e-01 8.762686e-02 1.921854e-02 -6.603369e-02 3.647010e-02 7.857817e-01 1.713002e-01
7.697347e-03 5.351114e-01 7.719355e-02 1.621378e-01 3.505033e-02 -3.876024e-01 4.948425e-02 9.488292e-02 1.370594e-02 -5.973375e-02 2.338822e-02 4.292988e-01 3.709146e-02
9.300961e-03 7.210079e-01 9.669399e-02 1.939755e-01 2.790704e-02 -5.863988e-01 8.646355e-02 9.453227e-02 8.567917e-03 -9.758922e-02 1.932682e-02 6.401454e-01 9.643855e-02
1.154602e-02 4.938491e-01 2.494507e-02 1.089461e-01 7.482963e-03 -4.273297e-01 5.179490e-02 7.194552e-02 6.521300e-03 -3.601479e-02 6.987157e-03 5.749462e-01 6.462333e-02
1.443252e-02 5.399709e-01 9.805868e-02 1.287053e-01 2.635716e-02 -4.367685e-01 8.637496e-02 8.356548e-02 7.197083e-03 -5.018115e-02 2.506267e-02 5.553523e-01 6.631867e-02
1.796048e-02 6.589214e-01 6.515819e-02 1.738146e-01 2.155994e-02 -5.028918e-01 7.778371e-02 1.006471e-01 8.157505e-03 -7.997655e-02 2.653700e-02 6.191306e-01 8.921044e-02
2.212987e-02 4.857552e-01 3.688066e-02 1.177750e-01 1.984068e-02 -3.713330e-01 5.301051e-02 1.022510e-01 9.493255e-03 -3.633760e-02 1.768677e-02 6.082798e-01 8.345817e-02
8.018069e-03 4.819184e-01 5.932409e-02 1.200994e-01 1.952204e-02 -4.215550e-01 5.431467e-02 7.295045e-02 4.904699e-03 -4.456952e-02 2.202576e-02 5.433382e-01 5.313771e-02
8.338792e-03 6.846875e-01 6.296418e-02 1.830198e-01 1.779541e-02 -5.724802e-01 8.605880e-02 9.472761e-02 7.180290e-03 -8.189919e-02 2.301385e-02 6.535084e-01 9.218173e-02
9.300961e-03 4.716959e-01 6.714638e-02 1.256611e-01 2.491324e-02 -3.722898e-01 5.408889e-02 8.175535e-02 1.114668e-02 -4.287925e-02 2.067470e-02 4.513321e-01 4.625272e-02
1.090457e-02 4.425493e-01 2.062188e-02 1.276588e-01 1.362859e-02 -3.535393e-01 1.611878e-02 9.901511e-02 6.413963e-03 -3.557853e-02 1.539793e-02 4.574087e-01 8.294799e-03
1.314963e-02 5.791134e-01 1.239533e-01 1.575863e-01 1.755295e-02 -4.193602e-01 1.304794e-01 9.791341e-02 7.214810e-03 -4.595760e-02 1.868696e-02 5.192444e-01 1.444078e-01
1.603614e-02 5.343485e-01 8.939028e-02 1.649676e-01 1.412971e-02 -3.818601e-01 1.125288e-01 1.180597e-01 6.175637e-03 -4.976534e-02 2.440908e-02 5.031211e-01 1.306096e-01
1.956409e-02 5.254152e-01 5.264878e-02 1.241973e-01 8.281192e-03 -3.800581e-01 6.244731e-02 1.019811e-01 1.072864e-02 -2.437307e-02 2.047211e-02 5.696712e-01 6.222081e-02
2.373349e-02 7.017661e-01 1.696026e-01 1.999250e-01 6.713384e-02 -5.175281e-01 1.058422e-01 1.409800e-01 2.322042e-02 -9.167721e-02 5.579418e-02 7.127388e-01 9.964774e-02
1.026313e-02 4.588590e-01 7.389939e-02 1.022706e-01 1.710163e-02 -3.985799e-01 6.620983e-02 6.816718e-02 7.178452e-03 -3.328101e-02 1.383212e-02 5.247741e-01 6.438652e-02
1.058385e-02 6.745387e-01 9.516182e-02 1.820751e-01 2.433965e-02 -5.789102e-01 8.143905e-02 1.012846e-01 6.641034e-03 -8.127552e-02 1.942599e-02 7.146175e-01 7.935046e-02
1.154602e-02 4.658868e-01 8.408349e-02 1.374094e-01 2.196000e-02 -3.503311e-01 8.440175e-02 9.619370e-02 1.098428e-02 -2.952586e-02 2.676828e-02 4.704690e-01 6.980412e-02
1.314963e-02 5.657383e-01 4.429265e-02 1.513866e-01 1.258276e-02 -4.276035e-01 3.919723e-02 9.919052e-02 7.963453e-03 -4.778586e-02 1.408416e-02 5.271112e-01 3.548706e-02
1.539469e-02 4.728432e-01 5.544557e-02 1.257169e-01 1.726770e-02 -3.726739e-01 7.735602e-02 8.574750e-02 9.547917e-03 -3.820265e-02 2.130825e-02 5.368241e-01 9.264212e-02
1.828120e-02 5.727463e-01 8.791367e-02 1.424036e-01 2.840780e-02 -4.515122e-01 6.987234e-02 1.088326e-01 1.228133e-02 -5.067535e-02 1.800232e-02 6.365842e-01 7.947229e-02
2.180915e-02 6.515535e-01 4.348065e-02 1.745782e-01 2.168582e-02 -4.760718e-01 6.075158e-02 1.219713e-01 9.053992e-03 -6.059851e-02 1.829750e-02 7.158680e-01 8.178898e-02
2.597854e-02 6.596016e-01 8.082970e-02 1.857710e-01 3.083464e-02 -4.177890e-01 4.540740e-02 1.295826e-01 9.669679e-03 -6.040641e-02 2.628618e-02 7.222060e-01 5.656305e-02
1.314963e-02 5.083961e-01 2.149922e-02 1.341921e-01 1.993765e-02 -4.367906e-01 2.106964e-02 8.929269e-02 7.119054e-03 -5.885025e-02 1.458446e-02 5.553453e-01 5.124007e-02
1.347036e-02 5.513916e-01 6.055843e-02 1.236294e-01 1.237273e-02 -4.740036e-01 5.291546e-02 7.776001e-02 4.356040e-03 -5.642367e-02 9.359826e-03 6.011852e-01 6.828387e-02
1.443252e-02 5.278165e-01 5.501953e-02 1.414017e-01 3.833746e-03 -3.827701e-01 6.224518e-02 9.640815e-02 5.701385e-03 -3.858138e-02 7.961177e-03 4.836755e-01 6.735232e-02
1.603614e-02 6.676000e-01 1.109018e-01 1.542293e-01 2.762335e-02 -5.736249e-01 9.510977e-02 9.771513e-02 4.529704e-03 -6.410756e-02 2.845340e-02 7.659441e-01 1.069873e-01
1.828120e-02 6.575306e-01 8.759234e-02 1.681297e-01 2.440863e-02 -5.202492e-01 7.188984e-02 1.115125e-01 9.560179e-03 -5.690079e-02 2.670525e-02 7.197516e-01 4.397760e-02
2.116770e-02 5.353987e-01 4.186929e-02 1.484882e-01 1.574086e-02 -3.930023e-01 5.112987e-02 1.108489e-01 5.727347e-03 -5.248139e-02 1.595255e-02 5.598209e-01 6.767145e-02
2.469565e-02 6.379266e-01 9.428619e-02 1.811571e-01 1.420277e-02 -4.343184e-01 8.743761e-02 1.345601e-01 1.099427e-02 -8.163303e-02 2.226156e-02 5.846628e-01 5.676087e-02
2.886505e-02 5.583118e-01 6.097904e-02 1.363580e-01 2.336516e-02 -4.123323e-01 4.902174e-02 1.389674e-01 8.968395e-03 -4.496117e-02 3.485202e-02 7.152453e-01 6.808264e-02
1.667758e-02 6.276722e-01 5.849601e-02 1.704582e-01 1.807487e-02 -4.773344e-01 6.918587e-02 1.107144e-01 8.759522e-03 -6.462656e-02 1.990388e-02 6.051793e-01 9.036104e-02
1.699831e-02 5.845983e-01 6.162941e-02 1.672864e-01 2.614296e-02 -4.453218e-01 8.593547e-02 1.135803e-01 1.527561e-02 -7.326434e-02 2.793992e-02 6.262381e-01 9.729568e-02
1.796048e-02 8.026313e-01 9.446950e-02 2.131449e-01 3.483314e-02 -6.617302e-01 5.491422e-02 1.306850e-01 1.422534e-02 -9.952158e-02 2.517137e-02 8.077987e-01 3.990640e-02
1.956409e-02 5.571782e-01 4.303490e-02 1.505434e-01 1.387073e-02 -4.118063e-01 5.569122e-02 1.050962e-01 4.037441e-03 -5.323181e-02 1.492012e-02 5.735327e-01 7.809635e-02
2.180915e-02 7.272348e-01 7.228771e-02 2.071750e-01 2.943677e-02 -5.321678e-01 8.207250e-02 1.393585e-01 1.484390e-02 -8.333950e-02 2.934108e-02 7.126234e-01 9.153345e-02
2.469565e-02 5.357737e-01 5.579408e-02 1.476099e-01 6.308543e-03 -3.803650e-01 6.561387e-02 1.273735e-01 1.014730e-02 -4.373978e-02 1.562534e-02 6.070503e-01 3.886099e-02
2.822360e-02 5.140440e-01 4.430367e-02 1.539187e-01 1.641895e-02 -3.187748e-01 3.680191e-02 1.284280e-01 1.303502e-02 -6.043229e-02 1.554958e-02 5.877095e-01 7.269095e-02
3.239300e-02 5.609116e-01 5.057132e-02 1.507749e-01 1.013690e-02 -3.227997e-01 4.601201e-02 1.693169e-01 1.561144e-02 -3.972895e-02 2.386687e-02 5.813267e-01 4.069812e-02
2.084698e-02 6.570161e-01 5.702556e-02 1.586551e-01 2.022380e-02 -5.172787e-01 7.015872e-02 1.166562e-01 7.558885e-03 -5.995343e-02 1.944900e-02 7.117669e-01 7.423416e-02
2.116770e-02 5.822853e-01 4.541788e-02 1.657108e-01 1.691029e-02 -4.041296e-01 5.889092e-02 1.178027e-01 9.884472e-03 -5.349391e-02 1.224894e-02 6.038882e-01 1.033224e-01
2.212987e-02 6.289079e-01 1.042180e-01 1.843030e-01 2.709330e-02 -3.882992e-01 7.493451e-02 1.490792e-01 1.231149e-02 -4.096767e-02 2.233184e-02 5.220716e-01 6.760671e-02
2.373349e-02 5.757668e-01 8.066880e-02 1.387361e-01 2.886796e-02 -4.397358e-01 5.934285e-02 1.176587e-01 5.808872e-03 -5.036129e-02 2.664587e-02 6.343787e-01 4.480701e-02
2.597854e-02 5.431008e-01 3.845223e-02 1.629584e-01 1.244734e-02 -4.198221e-01 1.974629e-02 1.277244e-01 7.036980e-03 -7.568255e-02 9.815827e-03 6.913220e-01 3.431623e-02
2.886505e-02 7.813781e-01 3.719637e-02 1.854263e-01 1.544403e-02 -5.499654e-01 3.733606e-02 1.336753e-01 9.515773e-03 -8.458005e-02 1.685583e-02 7.811419e-01 6.372070e-02
3.239300e-02 6.302173e-01 4.466129e-02 1.672171e-01 2.346325e-02 -4.322352e-01 5.109706e-02 1.778681e-01 8.208828e-03 -3.935868e-02 2.911108e-02 7.324645e-01 4.666722e-02
3.656240e-02 6.191032e-01 1.154835e-01 1.508114e-01 1.885831e-02 -3.688385e-01 7.377346e-02 1.704727e-01 1.199602e-02 -6.477095e-02 8.032662e-03 7.752441e-01 6.515540e-02
8.018069e-03 4.701903e-01 8.965621e-02 1.179312e-01 1.330128e-02 -3.895386e-01 1.066079e-01 8.215099e-02 5.922501e-03 -2.319882e-02 1.374229e-02 5.188892e-01 1.242206e-01
8.338792e-03 4.181285e-01 8.458032e-02 1.006455e-01 1.749927e-02 -3.483748e-01 9.676127e-02 7.009349e-02 8.382349e-03 -1.619632e-02 2.636752e-02 4.705343e-01 8.906315e-02
9.300961e-03 5.870358e-01 1.098087e-01 1.345166e-01 2.103382e-02 -5.381010e-01 1.254489e-01 7.501379e-02 6.328361e-03 -5.546587e-02 2.183638e-02 6.771280e-01 1.393437e-01
1.090457e-02 5.779229e-01 5.540960e-02 1.383078e-01 8.436792e-03 -4.855799e-01 5.521421e-02 8.709802e-02 9.521977e-03 -4.655281e-02 1.556140e-02 6.002048e-01 3.729190e-02
1.314963e-02 5.139131e-01 4.332783e-02 1.443036e-01 2.431756e-02 -3.803140e-01 5.184333e-02 9.616817e-02 1.855924e-02 -3.787348e-02 1.402421e-02 5.056533e-01 7.776086e-02
1.603614e-02 5.893333e-01 6.185685e-02 1.515032e-01 2.040242e-02 -4.439524e-01 4.518558e-02 1.034758e-01 6.611226e-03 -4.496811e-02 1.747660e-02 5.699195e-01 5.578274e-02
1.956409e-02 5.420466e-01 5.161253e-02 1.603667e-01 1.090603e-02 -3.817881e-01 9.063834e-02 1.152357e-01 6.924582e-03 -5.759773e-02 1.882985e-02 5.565128e-01 1.304404e-01
2.373349e-02 6.291796e-01 6.961719e-02 1.723422e-01 1.553494e-02 -4.060990e-01 6.814160e-02 1.285414e-01 9.972721e-03 -4.659595e-02 1.156077e-02 5.865053e-01 9.613658e-02
8.338792e-03 4.862157e-01 8.508213e-02 1.311005e-01 1.191936e-02 -4.283246e-01 9.742451e-02 7.638718e-02 2.907989e-03 -6.148193e-02 1.349390e-02 5.301157e-01 1.117121e-01
8.659515e-03 5.768378e-01 6.333915e-02 1.424464e-01 2.054391e-02 -4.727110e-01 6.327713e-02 8.198589e-02 8.324647e-03 -4.772292e-02 1.838043e-02 5.825502e-01 6.236805e-02
9.621683e-03 6.474676e-01 1.250754e-01 1.651853e-01 2.232398e-02 -5.449384e-01 1.148594e-01 9.701976e-02 8.497013e-03 -6.488304e-02 1.511649e-02 6.534286e-01 1.220982e-01
1.122530e-02 6.288378e-01 6.315619e-02 1.527540e-01 2.771424e-02 -5.571756e-01 6.162752e-02 1.033355e-01 1.439498e-02 -5.067817e-02 1.656782e-02 7.188377e-01 7.519843e-02
1.347036e-02 3.920403e-01 3.290287e-02 1.155448e-01 1.082951e-02 -2.798048e-01 3.877729e-02 9.046571e-02 7.007447e-03 -2.665186e-02 1.672819e-02 4.022082e-01 4.205684e-02
1.635686e-02 5.858196e-01 5.798624e-02 1.412999e-01 1.448448e-02 -4.117695e-01 6.117915e-02 8.881383e-02 1.046423e-02 -4.539055e-02 1.597537e-02 5.294509e-01 4.751975e-02
1.988481e-02 3.702186e-01 3.415523e-02 1.131074e-01 1.763550e-02 -2.227378e-01 3.966403e-02 1.039065e-01 1.057070e-02 4.467414e-03 2.122816e-02 4.420469e-01 5.188876e-02
2.405421e-02 5.796288e-01 1.838451e-02 1.541222e-01 1.439932e-02 -4.492563e-01 4.176362e-02 1.147782e-01 6.942297e-03 -6.512695e-02 1.731317e-02 6.909801e-01 7.922876e-02
9.300961e-03 5.026286e-01 4.370584e-02 1.356075e-01 1.903145e-02 -4.055773e-01 2.985719e-02 8.844209e-02 8.481683e-03 -3.685083e-02 1.308022e-02 5.296491e-01 3.594070e-02
9.621683e-03 4.508891e-01 5.068166e-02 1.269345e-01 8.843410e-03 -3.415741e-01 4.959372e-02 8.882019e-02 5.657047e-03 -2.562158e-02 1.533605e-02 4.346950e-01 3.794887e-02
1.058385e-02 3.176397e-01 3.429158e-02 8.506345e-02 9.204755e-03 -2.611688e-01 3.611008e-02 7.975399e-02 4.804909e-03 3.253937e-03 8.756097e-03 4.037495e-01 5.679281e-02
1.218747e-02 4.667867e-01 3.357345e-02 1.187462e-01 1.331289e-02 -3.656887e-01 6.022468e-02 8.691538e-02 8.734651e-03 -3.392351e-02 8.404217e-03 4.613307e-01 8.487142e-02
1.443252e-02 4.354616e-01 4.978893e-02 9.747048e-02 1.472953e-02 -3.766285e-01 5.672507e-02 7.719531e-02 7.283659e-03 -1.035001e-02 1.236285e-02 5.817921e-01 7.139305e-02
1.731903e-02 4.531351e-01 3.571195e-02 9.949669e-02 1.513632e-02 -3.498979e-01 4.233253e-02 8.254368e-02 1.353324e-02 -1.056218e-02 1.017358e-02 5.335728e-01 6.185543e-02
2.084698e-02 5.581166e-01 7.986068e-02 1.396909e-01 1.708881e-02 -4.299719e-01 9.837770e-02 1.099247e-01 5.713692e-03 -3.075794e-02 2.039952e-02 6.228540e-01 1.138516e-01
2.501638e-02 4.078422e-01 4.862545e-02 1.135108e-01 1.354859e-02 -2.808034e-01 3.761467e-02 1.062763e-01 8.394546e-03 -3.049057e-02 1.630925e-02 4.958841e-01 4.632879e-02
1.090457e-02 4.243063e-01 3.171765e-02 1.101948e-01 1.466312e-02 -3.166027e-01 3.528755e-02 7.644146e-02 4.042280e-03 -2.562279e-02 1.178145e-02 4.284045e-01 4.524297e-02
1.122530e-02 6.037073e-01 1.024488e-01 1.360702e-01 1.076492e-02 -5.481684e-01 1.341396e-01 8.156932e-02 7.866776e-03 -5.887043e-02 1.144192e-02 7.173987e-01 1.751752e-01
1.218747e-02 5.437320e-01 5.224368e-02 1.394166e-01 2.275445e-02 -4.497585e-01 8.210050e-02 8.317505e-02 1.011465e-02 -5.267823e-02 1.536932e-02 5.738156e-01 1.181677e-01
1.379108e-02 5.796637e-01 5.564565e-02 1.436994e-01 1.687349e-02 -4.727306e-01 6.297608e-02 8.804834e-02 1.044460e-02 -5.401172e-02 1.456338e-02 5.799636e-01 9.670535e-02
1.603614e-02 6.687651e-01 8.899592e-02 1.526463e-01 1.455299e-02 -5.274799e-01 9.985047e-02 9.043146e-02 7.726897e-03 -5.815579e-02 1.649011e-02 7.106952e-01 1.222846e-01
1.892264e-02 4.644604e-01 3.121527e-02 1.199236e-01 1.634854e-02 -3.400828e-01 2.990053e-02 9.535841e-02 9.906706e-03 -2.095216e-02 5.767560e-03 5.474868e-01 5.776565e-02
2.245059e-02 4.818311e-01 3.949411e-02 1.006272e-01 1.379072e-02 -3.619220e-01 2.878863e-02 9.280581e-02 1.492423e-02 -2.137909e-02 1.920608e-03 5.706979e-01 2.882734e-02
2.661999e-02 7.086333e-01 8.808697e-02 2.094553e-01 3.034321e-02 -5.408763e-01 7.241289e-02 1.623913e-01 1.583214e-02 -1.082618e-01 3.603529e-02 7.608779e-01 5.948153e-02
1.314963e-02 5.848202e-01 7.979884e-02 1.423158e-01 2.102329e-02 -4.872158e-01 5.380325e-02 8.719058e-02 1.136599e-02 -5.828223e-02 8.693990e-03 6.188678e-01 5.358520e-02
1.347036e-02 6.711555e-01 7.406974e-02 1.735788e-01 2.312720e-02 -5.222745e-01 4.422796e-02 1.014274e-01 9.139011e-03 -6.894286e-02 9.638739e-03 6.354230e-01 5.727217e-02
1.443252e-02 4.608700e-01 3.013355e-02 1.030925e-01 1.279843e-02 -3.681709e-01 3.852951e-02 7.999729e-02 3.838910e-03 -1.962172e-02 1.842367e-02 5.279696e-01 4.535499e-02
1.603614e-02 5.804671e-01 5.001272e-02 1.615575e-01 1.828072e-02 -4.411085e-01 4.079456e-02 1.002620e-01 1.416947e-02 -6.265471e-02 1.794522e-02 5.792217e-01 4.293619e-02
1.828120e-02 4.507948e-01 5.262095e-02 1.262150e-01 1.956258e-02 -3.231956e-01 4.511492e-02 1.020282e-01 1.079130e-02 -1.895394e-02 1.057063e-02 5.307100e-01 7.303448e-02
2.116770e-02 7.277130e-01 7.792157e-02 2.067117e-01 2.781399e-02 -5.794653e-01 6.695139e-02 1.295394e-01 9.948773e-03 -1.018226e-01 2.260542e-02 7.464345e-01 6.456359e-02
2.469565e-02 5.904562e-01 4.495512e-02 1.600556e-01 1.321918e-02 -3.956106e-01 5.467589e-02 1.278213e-01 1.342806e-02 -4.630405e-02 1.527621e-02 6.269903e-01 9.536229e-02
2.886505e-02 5.858293e-01 3.563888e-02 1.648179e-01 1.763023e-02 -3.898060e-01 5.428515e-02 1.559147e-01 1.160113e-02 -6.251975e-02 1.333583e-02 6.588362e-01 4.754429e-02
1.603614e-02 7.247144e-01 1.017778e-01 1.698498e-01 3.474050e-02 -6.172633e-01 8.690826e-02 9.905430e-02 1.707823e-02 -8.401043e-02 1.788454e-02 7.743618e-01 8.173134e-02
1.635686e-02 5.062824e-01 4.461045e-02 1.224579e-01 1.252017e-02 -4.185274e-01 4.423127e-02 9.547843e-02 4.952542e-03 -3.415690e-02 4.896855e-03 5.978331e-01 4.842824e-02
1.731903e-02 7.736527e-01 8.614863e-02 1.912304e-01 2.427215e-02 -6.347782e-01 8.257095e-02 1.112404e-01 9.908548e-03 -9.655340e-02 2.305517e-02 7.585013e-01 8.211610e-02
1.892264e-02 5.949405e-01 7.135187e-02 1.682578e-01 2.242080e-02 -4.514967e-01 5.491300e-02 1.282345e-01 5.718471e-03 -4.658398e-02 2.318371e-02 6.372817e-01 4.946519e-02
2.116770e-02 4.978427e-01 4.379022e-02 1.312944e-01 1.826603e-02 -3.999846e-01 4.174733e-02 1.070017e-01 1.297629e-02 -4.423143e-02 1.888178e-02 6.162942e-01 4.450988e-02
2.405421e-02 7.122574e-01 1.045215e-01 1.914829e-01 1.103767e-02 -5.495345e-01 1.049097e-01 1.369967e-01 6.984075e-03 -8.498186e-02 1.547512e-02 7.692163e-01 1.021453e-01
2.758216e-02 5.440834e-01 7.534782e-02 1.578001e-01 3.040697e-02 -3.631185e-01 3.964166e-02 1.304072e-01 1.054435e-02 -7.926096e-02 2.711766e-02 6.220931e-01 4.815443e-02
3.175155e-02 6.144810e-01 5.398954e-02 1.421267e-01 1.357171e-02 -4.330488e-01 5.994432e-02 1.472917e-01 6.218750e-03 -5.980326e-02 1.892456e-02 7.619812e-01 1.063890e-01
1.956409e-02 6.252140e-01 4.442721e-02 1.705903e-01 1.389683e-02 -4.880203e-01 5.532995e-02 1.153277e-01 5.586690e-03 -8.044173e-02 1.677326e-02 6.232393e-01 6.855331e-02
1.988481e-02 6.437113e-01 8.943686e-02 2.016484e-01 3.376741e-02 -4.579664e-01 8.305503e-02 1.240417e-01 2.030541e-02 -9.084265e-02 2.463857e-02 5.991596e-01 9.291033e-02
2.084698e-02 5.119760e-01 5.153419e-02 1.353783e-01 2.242587e-02 -3.492144e-01 5.966422e-02 9.514542e-02 9.666661e-03 -5.158528e-02 1.631576e-02 4.793705e-01 7.292582e-02
2.245059e-02 5.702350e-01 7.206395e-02 1.726632e-01 3.237297e-02 -3.671758e-01 5.983261e-02 1.345708e-01 1.338232e-02 -5.202852e-02 2.945518e-02 5.383013e-01 5.044995e-02
2.469565e-02 6.512775e-01 6.461456e-02 1.947798e-01 3.726303e-02 -4.504129e-01 5.478300e-02 1.366354e-01 1.679406e-02 -9.175139e-02 2.773153e-02 6.427067e-01 5.343894e-02
2.758216e-02 5.355199e-01 6.972053e-02 9.342275e-02 1.137356e-02 -3.487974e-01 4.562440e-02 1.139160e-01 1.206445e-02 2.471513e-03 1.365591e-02 6.602630e-01 5.853017e-02
3.111011e-02 5.265836e-01 9.029886e-02 1.461485e-01 3.743164e-02 -3.614341e-01 8.518877e-02 1.664734e-01 1.591598e-02 -4.540999e-02 3.359496e-02 6.330134e-01 7.304173e-02
3.527951e-02 6.092307e-01 5.968852e-02 1.638783e-01 1.825642e-02 -4.239787e-01 6.679465e-02 1.773292e-01 1.111823e-02 -7.717934e-02 2.945088e-02 7.386441e-01 5.434851e-02
2.373349e-02 5.407367e-01 6.715526e-02 1.458199e-01 2.884928e-02 -3.962721e-01 4.992985e-02 1.132680e-01 8.417343e-03 -6.302223e-02 1.956904e-02 6.109365e-01 3.980021e-02
2.405421e-02 5.845073e-01 7.286853e-02 1.656692e-01 2.825471e-02 -3.946484e-01 6.877398e-02 1.207977e-01 1.867277e-02 -6.871536e-02 1.590286e-02 5.400512e-01 7.370970e-02
2.501638e-02 6.517511e-01 3.924464e-02 1.682389e-01 2.495626e-02 -4.952123e-01 6.065372e-02 1.337816e-01 1.737838e-02 -6.257382e-02 1.588497e-02 7.184325e-01 9.209173e-02
2.661999e-02 4.644318e-01 3.823025e-02 1.055298e-01 1.154725e-02 -3.274375e-01 4.028211e-02 1.103848e-01 5.425770e-03 -4.177153e-02 8.703271e-03 5.522787e-01 5.003508e-02
2.886505e-02 5.703459e-01 5.291038e-02 1.498946e-01 2.227188e-02 -3.768381e-01 4.682178e-02 1.282855e-01 1.044678e-02 -7.265039e-02 2.173146e-02 6.137226e-01 6.074685e-02
3.175155e-02 6.288025e-01 3.795127e-02 1.458354e-01 9.197374e-03 -4.125153e-01 5.243976e-02 1.390667e-01 9.091329e-03 -5.238229e-02 1.815417e-02 7.455032e-01 6.041352e-02
3.527951e-02 5.571471e-01 3.286692e-02 1.708864e-01 2.176341e-02 -2.719259e-01 1.706106e-02 1.849505e-01 8.382507e-03 -5.807040e-02 1.957273e-02 6.006216e-01 5.927442e-02
3.944890e-02 6.023000e-01 7.646408e-02 1.406679e-01 3.000952e-02 -3.365243e-01 1.026127e-01 2.132987e-01 1.740340e-02 -5.873318e-02 3.402477e-02 8.100500e-01 7.923761e-02
1.154602e-02 6.125790e-01 1.214262e-01 1.757131e-01 3.863730e-02 -4.789304e-01 1.067969e-01 1.060590e-01 1.154381e-02 -5.848866e-02 3.470135e-02 5.952420e-01 9.931102e-02
1.186674e-02 5.465919e-01 8.342391e-02 1.369056e-01 2.938725e-02 -4.603595e-01 6.948550e-02 8.365212e-02 1.235733e-02 -5.098475e-02 2.631385e-02 5.866322e-01 4.923544e-02
1.282891e-02 5.868872e-01 3.896681e-02 1.308359e-01 1.387927e-02 -5.119301e-01 6.084953e-02 8.216070e-02 6.185066e-03 -5.590973e-02 2.024918e-02 6.341431e-01 7.780213e-02
1.443252e-02 6.136472e-01 7.832094e-02 1.394211e-01 2.234027e-02 -5.138350e-01 7.407372e-02 8.899563e-02 9.595774e-03 -4.839721e-02 1.740026e-02 6.837978e-01 7.794137e-02
1.667758e-02 4.910365e-01 5.999631e-02 1.222079e-01 1.032301e-02 -3.907093e-01 7.167452e-02 9.197221e-02 6.228569e-03 -4.851546e-02 1.442198e-02 5.399401e-01 8.676564e-02
1.956409e-02 5.058336e-01 7.896606e-02 1.206373e-01 1.830285e-02 -3.985483e-01 7.719978e-02 8.370447e-02 1.099617e-02 -4.065794e-02 1.500754e-02 6.151475e-01 8.872783e-02
2.309204e-02 4.627891e-01 4.495120e-02 1.180138e-01 1.884630e-02 -3.664628e-01 5.013409e-02 1.097865e-01 1.143449e-02 -3.173645e-02 1.741402e-02 6.235180e-01 7.046540e-02
2.726144e-02 5.777418e-01 4.152926e-02 1.551546e-01 1.698049e-02 -3.675263e-01 2.444126e-02 1.288271e-01 1.148919e-02 -5.096984e-02 1.878242e-02 6.350110e-01 7.711460e-02
1.186674e-02 4.925603e-01 4.683012e-02 1.177144e-01 1.479220e-02 -4.332968e-01 5.012651e-02 8.449148e-02 6.227431e-03 -2.788082e-02 1.251880e-02 6.100405e-01 6.725502e-02
1.218747e-02 4.316653e-01 4.146898e-02 1.002602e-01 1.371262e-02 -3.491426e-01 1.907419e-02 7.097728e-02 6.642425e-03 -2.592951e-02 9.449347e-03 4.638997e-01 1.379679e-02
1.314963e-02 5.837951e-01 1.012551e-01 1.573476e-01 2.080115e-02 -4.281385e-01 8.847569e-02 9.258726e-02 8.195836e-03 -6.025450e-02 1.350398e-02 5.045867e-01 9.050758e-02
1.475325e-02 6.157706e-01 4.739373e-02 1.556065e-01 4.719306e-03 -4.530768e-01 6.043858e-02 1.085710e-01 7.217905e-03 -4.294414e-02 1.238545e-02 6.011411e-01 8.223048e-02
1.699831e-02 5.080565e-01 5.250476e-02 1.367154e-01 9.127246e-03 -3.956856e-01 3.366994e-02 1.053427e-01 7.253171e-03 -5.026911e-02 1.303978e-02 5.626046e-01 2.964988e-02
1.988481e-02 7.213282e-01 5.741670e-02 1.785053e-01 1.927002e-02 -5.793889e-01 4.244443e-02 1.169819e-01 7.781768e-03 -9.760601e-02 1.782343e-02 7.077716e-01 2.896956e-02
2.341276e-02 5.877498e-01 6.158439e-02 1.662701e-01 1.066258e-02 -4.008597e-01 5.449656e-02 1.353077e-01 1.879111e-02 -5.827416e-02 1.856419e-02 5.528667e-01 6.724324e-02
2.758216e-02 6.188513e-01 9.004929e-02 1.668262e-01 1.666389e-02 -4.349657e-01 8.678683e-02 1.485204e-01 9.650063e-03 -6.944974e-02 2.359402e-02 6.979519e-01 8.549453e-02
1.282891e-02 5.540777e-01 6.167276e-02 1.544092e-01 2.310630e-02 -4.165905e-01 5.890975e-02 9.670849e-02 1.070489e-02 -5.970194e-02 2.105811e-02 4.939559e-01 5.917861e-02
1.314963e-02 5.112745e-01 5.811450e-02 1.219189e-01 1.772232e-02 -4.245659e-01 5.087068e-02 9.467916e-02 1.038350e-02 -1.355680e-02 2.412940e-02 5.990642e-01 1.895081e-02
1.411180e-02 4.870619e-01 6.661215e-02 1.124084e-01 1.511878e-02 -3.918669e-01 6.434891e-02 7.550148e-02 1.005979e-02 -3.096650e-02 1.521803e-02 5.301249e-01 6.936218e-02
1.571542e-02 5.160785e-01 6.191269e-02 1.321407e-01 1.565751e-02 -4.263951e-01 5.213655e-02 1.000752e-01 5.340762e-03 -5.073370e-02 1.841661e-02 5.586160e-01 3.880879e-02
1.796048e-02 6.498670e-01 8.967772e-02 1.750580e-01 3.219493e-02 -5.168906e-01 6.146083e-02 1.109780e-01 1.487576e-02 -7.721143e-02 2.071788e-02 6.809407e-01 4.313524e-02
2.084698e-02 5.841714e-01 5.740626e-02 1.712252e-01 1.318785e-02 -4.274559e-01 6.757984e-02 1.369670e-01 8.329275e-03 -6.623681e-02 1.580335e-02 5.804119e-01 9.683796e-02
2.437493e-02 4.575205e-01 4.183214e-02 1.199375e-01 2.320467e-02 -3.467613e-01 4.829470e-02 1.005327e-01 1.104859e-02 -5.414012e-02 2.251805e-02 5.441474e-01 4.444262e-02
2.854433e-02 6.343604e-01 8.152209e-02 1.702018e-01 2.537090e-02 -4.392894e-01 8.520787e-02 1.602553e-01 1.137831e-02 -5.786989e-02 3.097442e-02 6.855969e-01 6.635714e-02
1.443252e-02 4.657863e-01 5.984330e-02 1.270971e-01 2.113220e-02 -3.557328e-01 5.212902e-02 9.252850e-02 1.055080e-02 -2.608094e-02 7.963613e-03 5.043619e-01 6.181761e-02
1.475325e-02 5.277537e-01 9.509878e-02 1.289546e-01 1.732242e-02 -4.213637e-01 8.272695e-02 8.496494e-02 3.086723e-03 -5.031902e-02 1.552710e-02 5.667465e-01 7.799077e-02
1.571542e-02 5.474057e-01 1.354276e-01 1.420361e-01 2.279956e-02 -4.031840e-01 1.261687e-01 8.940412e-02 7.389457e-03 -5.707202e-02 2.287573e-02 5.204817e-01 1.145748e-01
1.731903e-02 6.043925e-01 1.099535e-01 1.423383e-01 1.985058e-02 -4.963748e-01 1.025416e-01 9.362498e-02 7.803464e-03 -4.862257e-02 2.336875e-02 7.168401e-01 9.551430e-02
1.956409e-02 7.757893e-01 6.754373e-02 1.782803e-01 1.300764e-02 -6.634946e-01 7.957940e-02 1.090287e-01 4.272374e-03 -8.384361e-02 9.808521e-03 8.591024e-01 8.707348e-02
2.245059e-02 5.667310e-01 4.929200e-02 1.375609e-01 1.703988e-02 -4.507089e-01 9.856446e-03 1.004830e-01 9.433088e-03 -7.447866e-02 1.335735e-02 6.394368e-01 3.631231e-02
2.597854e-02 5.202694e-01 9.364895e-02 1.522438e-01 4.128655e-02 -3.462990e-01 5.054320e-02 1.418307e-01 9.187154e-03 -4.129754e-02 3.364848e-02 5.887392e-01 6.013208e-02
3.014794e-02 7.013298e-01 5.666667e-02 1.969098e-01 1.471119e-02 -4.830472e-01 5.186180e-02 1.486506e-01 8.798353e-03 -9.883332e-02 1.520575e-02 7.732094e-01 7.744303e-02
1.667758e-02 5.187036e-01 3.392750e-02 1.259078e-01 2.112462e-02 -3.731018e-01 2.408749e-02 8.629633e-02 9.147795e-03 -2.125022e-02 1.391767e-02 5.202588e-01 4.165194e-02
1.699831e-02 6.248030e-01 7.174153e-02 1.599655e-01 1.532446e-02 -4.957786e-01 7.325785e-02 1.013543e-01 7.741628e-03 -7.024503e-02 2.197692e-02 6.563017e-01 6.821928e-02
1.796048e-02 5.703814e-01 5.512101e-02 1.500733e-01 2.021279e-02 -3.798113e-01 3.975222e-02 9.529679e-02 1.338400e-02 -4.745252e-02 1.286148e-02 5.094088e-01 4.948457e-02
1.956409e-02 6.806128e-01 9.173411e-02 1.754359e-01 2.599329e-02 -4.899896e-01 8.532447e-02 1.180937e-01 1.241445e-02 -6.185504e-02 1.862055e-02 6.580765e-01 9.349551e-02
2.180915e-02 5.812542e-01 3.380000e-02 1.325957e-01 1.361807e-02 -4.052454e-01 4.947476e-02 9.368649e-02 8.714330e-03 -3.323161e-02 1.246011e-02 5.825471e-01 7.140555e-02
2.469565e-02 5.807884e-01 1.062799e-01 1.439841e-01 2.909862e-02 -4.059626e-01 8.579000e-02 1.119868e-01 1.006037e-02 -6.164790e-02 1.552480e-02 5.842193e-01 8.680863e-02
2.822360e-02 5.767404e-01 8.138048e-02 1.600679e-01 2.600656e-02 -3.850089e-01 6.931139e-02 1.356145e-01 1.165807e-02 -8.158678e-02 2.008008e-02 5.380005e-01 7.719776e-02
3.239300e-02 6.278357e-01 5.787519e-02 1.640281e-01 1.395230e-02 -4.417001e-01 6.208137e-02 1.669815e-01 1.309852e-02 -8.780825e-02 1.701511e-02 7.656598e-01 8.121533e-02
1.956409e-02 5.759211e-01 1.547240e-01 1.530828e-01 5.646244e-02 -4.139158e-01 9.011068e-02 1.090890e-01 2.222414e-02 -5.160312e-02 1.813842e-02 5.736395e-01 9.275319e-02
1.988481e-02 5.698142e-01 7.677335e-02 1.429383e-01 2.202427e-02 -4.344934e-01 8.288074e-02 1.162148e-01 8.274105e-03 -3.267103e-02 1.841904e-02 6.326981e-01 9.104243e-02
2.084698e-02 4.525249e-01 2.288592e-02 9.052740e-02 1.124616e-02 -3.474872e-01 2.658981e-02 8.675046e-02 5.006984e-03 -1.992845e-02 9.546925e-03 5.298084e-01 4.029514e-02
2.245059e-02 5.615626e-01 1.007244e-01 1.478189e-01 3.689088e-02 -4.465478e-01 9.550318e-02 1.238307e-01 1.808921e-02 -6.208728e-02 2.880673e-02 6.208572e-01 9.401323e-02
2.469565e-02 4.803566e-01 2.506535e-02 1.143908e-01 2.334473e-02 -3.658845e-01 2.154489e-02 1.062876e-01 1.276266e-02 -3.228015e-02 1.927727e-02 5.619021e-01 3.417992e-02
2.758216e-02 7.269151e-01 7.636579e-02 2.206736e-01 5.539999e-02 -5.060473e-01 4.664416e-02 1.721578e-01 2.804883e-02 -9.632249e-02 3.060062e-02 7.582703e-01 4.301604e-02
3.111011e-02 5.807824e-01 6.449192e-02 1.595599e-01 2.888173e-02 -3.838149e-01 4.248161e-02 1.475320e-01 2.007420e-02 -5.476086e-02 1.072473e-02 7.358170e-01 7.729796e-02
3.527951e-02 5.508604e-01 2.978989e-02 1.085957e-01 2.171663e-02 -3.971754e-01 4.211496e-02 1.295958e-01 7.293770e-03 -5.428816e-02 2.270046e-02 7.539823e-01 5.095901e-02
2.309204e-02 6.379713e-01 5.132453e-02 1.581565e-01 8.802756e-03 -5.026209e-01 9.012977e-02 1.251266e-01 9.334822e-03 -4.694573e-02 2.463075e-02 7.746574e-01 1.352532e-01
2.341276e-02 5.008578e-01 5.774455e-02 1.347540e-01 1.861865e-02 -3.667775e-01 4.987311e-02 1.046368e-01 7.633827e-03 -4.472478e-02 1.878442e-02 5.840881e-01 6.082199e-02
2.437493e-02 4.855316e-01 6.069316e-02 1.010781e-01 1.480476e-02 -3.808458e-01 6.924461e-02 1.011437e-01 7.862715e-03 -1.246879e-02 1.086235e-02 6.779729e-01 9.287318e-02
2.597854e-02 7.037672e-01 8.679328e-02 2.041389e-01 1.335093e-02 -5.250697e-01 1.044481e-01 1.424353e-01 1.243211e-02 -8.741442e-02 2.153617e-02 7.739834e-01 1.286180e-01
2.822360e-02 5.785715e-01 4.684217e-02 1.316947e-01 2.518129e-02 -4.286032e-01 4.371620e-02 1.356079e-01 7.614075e-03 -2.653789e-02 3.480895e-02 7.456575e-01 8.478125e-02
3.111011e-02 6.765708e-01 6.208335e-02 2.092102e-01 2.067512e-02 -4.034658e-01 3.930560e-02 1.803693e-01 1.781079e-02 -7.520114e-02 2.104569e-02 6.292525e-01 4.546354e-02
3.463806e-02 5.448336e-01 3.808332e-02 1.522604e-01 1.814179e-02 -3.197374e-01 3.896079e-02 1.862805e-01 9.561009e-03 -4.430808e-02 2.027723e-02 6.976866e-01 7.758981e-02
3.880746e-02 6.683391e-01 4.596246e-02 1.498239e-01 3.580295e-02 -4.126031e-01 6.331987e-02 1.844814e-01 3.406977e-02 -7.431475e-02 3.646587e-02 8.255870e-01 8.156059e-02
2.726144e-02 5.045783e-01 7.081619e-02 1.297481e-01 2.172249e-02 -3.063659e-01 5.999300e-02 1.213205e-01 5.045865e-03 -1.872596e-02 1.367403e-02 5.448724e-01 4.845749e-02
2.758216e-02 6.353696e-01 7.793686e-02 1.776138e-01 2.430929e-02 -4.516547e-01 8.883114e-02 1.505879e-01 7.205861e-03 -6.212830e-02 3.661785e-02 7.098982e-01 8.661708e-02
2.854433e-02 5.412441e-01 4.060943e-02 1.261756e-01 2.032947e-02 -3.766738e-01 4.245983e-02 1.326046e-01 1.004342e-02 -2.553938e-02 1.518042e-02 6.181927e-01 6.062614e-02
3.014794e-02 5.561493e-01 8.392000e-02 1.541810e-01 1.736223e-02 -4.354206e-01 7.587813e-02 1.538754e-01 6.589059e-03 -6.628306e-02 1.248694e-02 7.026819e-01 5.720391e-02
3.239300e-02 6.582278e-01 5.223256e-02 1.760523e-01 3.079400e-02 -4.774237e-01 4.093147e-02 1.677328e-01 1.259956e-02 -9.549752e-02 2.758276e-02 8.717958e-01 6.596987e-02
3.527951e-02 5.820651e-01 6.961033e-02 1.354816e-01 2.865497e-02 -3.128596e-01 7.625038e-02 1.889602e-01 2.631194e-02 -2.929012e-02 3.371991e-02 7.081801e-01 9.376610e-02
3.880746e-02 6.874767e-01 1.111398e-01 1.782383e-01 3.418466e-02 -4.629791e-01 5.649382e-02 2.036429e-01 2.182151e-02 -7.898604e-02 1.688897e-02 8.818820e-01 4.525150e-02
4.297685e-02 7.384243e-01 4.728664e-02 2.065575e-01 1.207165e-02 -3.992979e-01 5.215638e-02 2.572259e-01 1.322066e-02 -1.178374e-01 1.571975e-02 8.398150e-01 6.607259e-02
1.571542e-02 5.548806e-01 5.198575e-02 1.291505e-01 2.213613e-02 -4.309176e-01 3.957953e-02 9.156636e-02 1.005081e-02 -3.137642e-02 1.446521e-02 5.912640e-01 3.282223e-02
1.603614e-02 4.932483e-01 8.002269e-02 1.204540e-01 2.273857e-02 -4.003926e-01 6.911812e-02 8.897204e-02 6.773566e-03 -3.452160e-02 1.319836e-02 5.718259e-01 8.722817e-02
1.699831e-02 5.562224e-01 8.331576e-02 1.480126e-01 2.419328e-02 -3.720697e-01 6.233281e-02 9.869999e-02 8.108933e-03 -3.977007e-02 2.453294e-02 4.891194e-01 4.106887e-02
1.860192e-02 6.087725e-01 1.139150e-01 1.476249e-01 3.271357e-02 -4.979876e-01 1.005043e-01 1.114470e-01 1.254205e-02 -3.159988e-02 1.938857e-02 7.851513e-01 1.159661e-01
2.084698e-02 5.791355e-01 4.010742e-02 1.520508e-01 2.575819e-02 -4.443635e-01 3.741354e-02 1.230153e-01 1.370968e-02 -5.435517e-02 2.602040e-02 6.140988e-01 4.145806e-02
2.373349e-02 6.115482e-01 5.101024e-02 1.627511e-01 1.989959e-02 -4.518587e-01 7.490327e-02 1.276498e-01 2.732319e-03 -5.828417e-02 3.913433e-02 7.126423e-01 8.520286e-02
2.726144e-02 6.356556e-01 4.825550e-02 1.469385e-01 1.824208e-02 -4.326334e-01 4.535477e-02 1.344744e-01 7.929738e-03 -4.635465e-02 2.080550e-02 6.679491e-01 4.471989e-02
3.143083e-02 5.341268e-01 4.525551e-02 1.172982e-01 2.648365e-02 -3.356769e-01 6.218829e-02 1.463539e-01 1.175058e-02 -2.937756e-02 2.717452e-02 6.657196e-01 6.466860e-02
1.603614e-02 5.916092e-01 6.258933e-02 1.491595e-01 2.030267e-02 -4.755977e-01 4.678250e-02 9.906625e-02 1.094566e-02 -4.862763e-02 1.659393e-02 6.253237e-01 4.387178e-02
1.635686e-02 5.167679e-01 1.147386e-01 1.188165e-01 1.934284e-02 -4.239154e-01 1.179334e-01 9.999586e-02 7.780202e-03 -2.312740e-02 2.881713e-02 5.763300e-01 9.418651e-02
1.731903e-02 6.795762e-01 4.587395e-02 1.696918e-01 1.962266e-02 -5.311114e-01 3.906214e-02 1.078169e-01 9.190638e-03 -6.207293e-02 2.465723e-02 6.818303e-01 3.946511e-02
1.892264e-02 5.932572e-01 9.057323e-02 1.597804e-01 2.388961e-02 -4.517503e-01 6.227284e-02 9.588568e-02 6.404616e-03 -6.981142e-02 2.325648e-02 6.186727e-01 4.847878e-02
2.116770e-02 6.478238e-01 5.656880e-02 1.561805e-01 9.729122e-03 -5.429713e-01 6.996868e-02 1.083795e-01 5.553975e-03 -6.078801e-02 1.491863e-02 7.416201e-01 7.186504e-02
2.405421e-02 6.101532e-01 1.073784e-01 1.532322e-01 3.013342e-02 -4.784061e-01 1.088205e-01 1.182271e-01 2.075479e-02 -5.957855e-02 2.592898e-02 7.091929e-01 1.315168e-01
2.758216e-02 4.970436e-01 2.502916e-02 1.107148e-01 1.219725e-02 -3.568924e-01 1.928934e-02 1.366012e-01 1.253366e-02 -3.977837e-02 8.575394e-03 6.769707e-01 1.189458e-02
3.175155e-02 5.871222e-01 1.025672e-01 1.410266e-01 1.592659e-02 -4.180482e-01 7.887101e-02 1.436924e-01 6.172054e-03 -5.113151e-02 1.426324e-02 8.058417e-01 8.478683e-02
1.699831e-02 5.288824e-01 4.592380e-02 1.234795e-01 7.184944e-03 -4.175984e-01 8.024644e-02 9.104197e-02 1.048925e-02 -3.118508e-02 1.439539e-02 6.276811e-01 1.045881e-01
1.731903e-02 6.681093e-01 4.264375e-02 1.681526e-01 2.251034e-02 -5.298122e-01 5.656087e-02 9.898872e-02 1.316247e-02 -7.980648e-02 1.617826e-02 6.591941e-01 6.762408e-02
1.828120e-02 6.006772e-01 8.048362e-02 1.590126e-01 2.693835e-02 -4.818016e-01 8.353015e-02 1.099598e-01 1.357935e-02 -5.609858e-02 2.794250e-02 6.717364e-01 9.133446e-02
1.988481e-02 7.127034e-01 6.242600e-02 1.912976e-01 1.599606e-02 -5.460649e-01 7.850579e-02 1.143465e-01 6.456805e-03 -8.770313e-02 1.312785e-02 6.825804e-01 9.077449e-02
2.212987e-02 4.777635e-01 3.999360e-02 1.051290e-01 1.555467e-02 -4.010735e-01 5.147812e-02 1.002414e-01 6.888120e-03 -3.742604e-02 8.653898e-03 6.255452e-01 9.715400e-02
2.501638e-02 4.943731e-01 3.255517e-02 1.377573e-01 2.802020e-02 -2.809259e-01 3.515085e-02 1.380956e-01 1.590363e-02 -2.104524e-02 9.232927e-03 5.048504e-01 7.607080e-02
2.854433e-02 5.619726e-01 2.424300e-02 1.619727e-01 1.190649e-02 -3.917929e-01 2.405959e-02 1.474009e-01 4.975901e-03 -6.999921e-02 1.358917e-02 6.224791e-01 3.082132e-02
3.271372e-02 5.908931e-01 7.369448e-02 1.807883e-01 2.216035e-02 -3.994523e-01 9.660124e-02 1.759647e-01 1.573996e-02 -1.060520e-01 2.698799e-02 7.358319e-01 1.116865e-01
1.860192e-02 5.927809e-01 5.032300e-02 1.527421e-01 1.383518e-02 -4.488049e-01 7.429462e-02 1.084856e-01 1.172996e-02 -4.030119e-02 1.459250e-02 6.112889e-01 9.679345e-02
1.892264e-02 6.080176e-01 5.465613e-02 1.555584e-01 1.903953e-02 -4.736662e-01 5.753216e-02 1.025969e-01 7.859832e-03 -6.866043e-02 1.578058e-02 6.191178e-01 6.957715e-02
1.988481e-02 5.429005e-01 1.249451e-01 1.267959e-01 2.739459e-02 -4.085332e-01 1.029836e-01 9.423668e-02 9.420015e-03 -3.806447e-02 1.899618e-02 5.872055e-01 9.522449e-02
2.148843e-02 5.259486e-01 9.941702e-02 1.408490e-01 2.773863e-02 -4.079086e-01 6.956998e-02 9.900114e-02 6.310630e-03 -5.694752e-02 1.970468e-02 5.986249e-01 4.517498e-02
2.373349e-02 3.440684e-01 3.083473e-02 8.308769e-02 1.817535e-02 -2.254168e-01 1.574043e-02 1.052133e-01 8.312866e-03 4.958030e-03 1.810603e-02 5.127981e-01 4.006383e-02
2.661999e-02 6.712015e-01 1.645186e-01 1.545811e-01 3.609908e-02 -4.999797e-01 1.422368e-01 1.211177e-01 1.001636e-02 -9.436950e-02 3.556689e-02 6.625421e-01 1.022000e-01
3.014794e-02 6.365773e-01 8.477934e-02 1.774933e-01 1.644865e-02 -4.606116e-01 6.902981e-02 1.574749e-01 1.176698e-02 -7.629729e-02 3.054951e-02 7.470208e-01 6.325225e-02
3.431734e-02 4.992292e-01 3.232630e-02 1.572523e-01 3.144591e-02 -3.216467e-01 3.758931e-02 2.051597e-01 2.827443e-02 -6.132926e-02 1.650901e-02 6.088086e-01 7.580690e-02
2.084698e-02 5.386549e-01 8.192700e-02 1.266744e-01 2.426100e-02 -3.922806e-01 8.396425e-02 1.047015e-01 1.285447e-02 -2.624777e-02 1.828354e-02 5.466513e-01 8.387060e-02
2.116770e-02 5.986761e-01 7.425906e-02 1.624736e-01 1.829925e-02 -4.755965e-01 9.610819e-02 1.175928e-01 7.113606e-03 -6.691795e-02 2.914040e-02 6.727048e-01 8.680696e-02
2.212987e-02 5.372920e-01 3.347987e-02 1.481777e-01 1.423519e-02 -4.166320e-01 2.164682e-02 1.265074e-01 7.686125e-03 -5.352457e-02 1.772095e-02 6.234593e-01 2.856995e-02
2.373349e-02 5.954228e-01 6.175879e-02 1.669807e-01 1.954972e-02 -4.266417e-01 5.048373e-02 1.213302e-01 1.027186e-02 -7.327908e-02 2.026947e-02 6.030646e-01 3.771796e-02
2.597854e-02 6.223850e-01 3.588575e-02 1.560333e-01 1.391554e-02 -4.425005e-01 3.442104e-02 1.331479e-01 5.483359e-03 -5.739549e-02 1.596661e-02 6.486980e-01 3.676016e-02
2.886505e-02 6.641760e-01 1.054524e-01 1.683341e-01 2.464782e-02 -4.408909e-01 9.057464e-02 1.385553e-01 3.005682e-03 -6.290747e-02 2.080778e-02 6.514597e-01 9.442806e-02
3.239300e-02 6.400301e-01 3.924603e-02 1.879278e-01 7.082186e-03 -4.232378e-01 4.715669e-02 1.744673e-01 1.725723e-02 -1.022251e-01 1.557997e-02 7.269353e-01 8.024449e-02
3.656240e-02 7.158988e-01 1.763551e-02 2.492190e-01 1.352589e-02 -4.841066e-01 1.287995e-02 2.241996e-01 2.625942e-02 -1.707148e-01 2.127481e-02 8.658909e-01 6.955483e-02
2.373349e-02 4.815431e-01 6.024769e-02 1.063116e-01 9.424482e-03 -4.088346e-01 5.784069e-02 1.204547e-01 9.423240e-03 -4.009968e-02 1.216164e-02 6.611522e-01 6.155007e-02
2.405421e-02 5.793393e-01 6.919705e-02 1.625732e-01 3.443243e-02 -4.116918e-01 6.860031e-02 1.237600e-01 1.863726e-02 -6.770582e-02 2.736443e-02 6.196105e-01 5.266490e-02
2.501638e-02 5.451741e-01 3.258538e-02 1.535488e-01 8.642541e-03 -3.783666e-01 4.170688e-02 1.206068e-01 7.489667e-03 -5.688199e-02 1.401262e-02 6.090907e-01 5.355414e-02
2.661999e-02 5.379796e-01 3.653408e-02 1.670973e-01 1.654060e-02 -3.744124e-01 2.314173e-02 1.405506e-01 1.471850e-02 -7.008995e-02 1.153885e-02 6.400182e-01 3.284441e-02
2.886505e-02 5.820638e-01 3.851126e-02 1.565394e-01 2.850991e-02 -3.751087e-01 2.096847e-02 1.362926e-01 1.636980e-02 -5.467390e-02 1.247886e-02 6.425434e-01 3.398474e-02
3.175155e-02 6.695014e-01 6.303471e-02 1.847885e-01 1.510287e-02 -4.228034e-01 2.356747e-02 1.785206e-01 6.221240e-03 -5.492784e-02 1.446648e-02 7.261644e-01 1.819846e-02
3.527951e-02 5.716000e-01 5.293134e-02 1.538543e-01 1.584753e-02 -3.266036e-01 6.305263e-02 1.787071e-01 1.408446e-02 -6.651827e-02 1.844448e-02 6.214583e-01 9.966141e-02
3.944890e-02 6.925116e-01 5.153843e-02 1.254293e-01 3.049216e-02 -3.706407e-01 6.372607e-02 1.804428e-01 1.564417e-02 -5.672855e-02 4.296561e-02 6.752369e-01 1.091577e-01
2.726144e-02 6.376591e-01 8.583389e-02 1.740819e-01 3.550482e-02 -4.185526e-01 6.705697e-02 1.574540e-01 1.912051e-02 -4.403277e-02 3.513245e-02 6.548030e-01 5.811358e-02
2.758216e-02 5.892587e-01 2.994233e-02 1.566315e-01 2.830781e-02 -3.712368e-01 3.694111e-02 1.273717e-01 1.753103e-02 -5.308974e-02 2.250340e-02 6.228023e-01 3.104160e-02
2.854433e-02 5.723303e-01 6.707806e-02 1.587726e-01 3.639773e-02 -3.697220e-01 3.010719e-02 1.374910e-01 1.417051e-02 -6.271079e-02 2.404866e-02 6.463039e-01 4.872768e-02
3.014794e-02 7.149557e-01 6.857544e-02 2.239285e-01 2.311932e-02 -5.384742e-01 8.686899e-02 1.763654e-01 1.211303e-02 -1.288899e-01 2.315480e-02 8.173899e-01 1.036374e-01
3.239300e-02 5.341151e-01 4.724048e-02 1.367745e-01 2.926232e-02 -3.369864e-01 5.967773e-02 1.653167e-01 1.578346e-02 -4.164222e-02 2.729849e-02 6.843148e-01 7.694196e-02
3.527951e-02 5.591448e-01 3.193198e-02 1.414871e-01 2.620901e-02 -3.151464e-01 9.865842e-03 1.780662e-01 1.592650e-02 -4.978406e-02 2.406062e-02 6.950762e-01 5.188015e-02
3.880746e-02 6.582230e-01 4.396656e-02 1.810272e-01 2.832711e-02 -3.563136e-01 5.993401e-02 2.206096e-01 2.319502e-02 -8.399879e-02 2.473158e-02 7.530607e-01 3.848698e-02
4.297685e-02 6.133049e-01 1.048938e-01 1.937270e-01 3.989865e-02 -3.144333e-01 5.822680e-02 2.569856e-01 3.942470e-02 -9.114885e-02 2.487205e-02 7.261005e-01 7.932622e-02
3.143083e-02 5.806855e-01 2.853333e-02 1.078132e-01 1.983811e-02 -4.492476e-01 3.453859e-02 1.221155e-01 9.408860e-03 -5.885424e-02 1.143926e-02 7.907342e-01 5.908404e-02
3.175155e-02 6.190300e-01 4.182766e-02 1.766024e-01 2.222730e-02 -4.191736e-01 6.212804e-02 1.572494e-01 9.399800e-03 -8.141498e-02 2.982243e-02 7.344356e-01 5.979952e-02
3.271372e-02 6.405607e-01 1.076331e-01 1.831764e-01 2.303905e-02 -4.930070e-01 8.486043e-02 1.729466e-01 1.288211e-02 -9.366855e-02 1.735189e-02 8.820444e-01 8.052655e-02
3.431734e-02 5.523418e-01 3.176419e-02 1.660323e-01 1.940808e-02 -3.711241e-01 3.672244e-02 1.771470e-01 1.057239e-02 -8.458104e-02 2.000106e-02 7.235117e-01 5.601082e-02
3.656240e-02 6.096256e-01 5.495015e-02 1.788810e-01 1.992814e-02 -3.903878e-01 3.239827e-02 2.107046e-01 2.063686e-02 -7.281131e-02 1.138083e-02 8.302495e-01 6.337392e-02
3.944890e-02 5.572315e-01 4.556377e-02 1.197294e-01 2.399317e-02 -2.794572e-01 4.323397e-02 1.995302e-01 1.159471e-02 -5.469861e-02 2.112593e-02 6.331443e-01 8.987241e-02
4.297685e-02 5.261962e-01 4.049080e-02 1.522784e-01 1.362614e-02 -2.574699e-01 3.668951e-02 2.138558e-01 1.776694e-02 -6.775826e-02 2.720442e-02 7.138916e-01 5.217578e-02
4.714625e-02 5.737854e-01 4.966735e-02 1.233312e-01 3.379447e-02 -2.176461e-01 5.208297e-02 2.655011e-01 1.738826e-02 -1.122089e-01 2.517368e-02 8.479603e-01 5.562364e-02
