# k^2  MgMg MgMg_error  MgCl MgCl_error  MgNa MgNa_error  ClCl ClCl_error  ClNa ClNa_error  NaNa NaNa_error
0.000000e+00 2.112000e+03 0.000000e+00 2.998111e+03 0.000000e+00 2.599692e+02 0.000000e+00 4.256000e+03 0.000000e+00 3.690420e+02 0.000000e+00 3.200000e+01 0.000000e+00
2.789394e-04 8.348304e-02 1.848168e-02 1.040304e-01 2.023475e-02 -1.295702e-01 7.743673e-02 1.474277e-01 2.318084e-02 3.720300e-02 7.372303e-02 2.539869e+00 5.652072e-01
1.115757e-03 1.149120e-01 1.727258e-02 1.402110e-01 2.121424e-02 -1.410570e-01 7.014329e-02 1.822078e-01 2.821506e-02 -7.472155e-02 6.083095e-02 1.372129e+00 4.209320e-01
2.510454e-03 1.135825e-01 8.987307e-03 1.432893e-01 1.428511e-02 4.211866e-02 6.461977e-02 1.931660e-01 2.297675e-02 1.138832e-01 8.933153e-02 7.846300e-01 1.640162e-01
4.463030e-03 9.324021e-02 8.893415e-03 9.972105e-02 1.021024e-02 -4.221090e-02 3.637688e-02 1.235301e-01 1.344548e-02 4.954786e-04 4.574104e-02 7.666497e-01 1.110765e-01
6.973484e-03 1.449504e-01 1.371203e-02 1.354231e-01 1.759644e-02 -4.717193e-02 7.685308e-02 1.482664e-01 2.084908e-02 4.124900e-03 6.501842e-02 9.909227e-01 1.859978e-01
1.004182e-02 3.024039e-01 4.797024e-02 2.498893e-01 4.665823e-02 -1.104318e-01 4.842929e-02 2.367445e-01 4.599252e-02 -4.314168e-02 3.720621e-02 1.074218e+00 1.468294e-01
1.366803e-02 3.342888e-01 5.815236e-02 2.331342e-01 3.749136e-02 -7.771593e-02 2.974349e-02 1.998256e-01 2.323128e-02 -2.937914e-02 1.326610e-02 9.572189e-01 1.843007e-01
2.789394e-04 8.065686e-02 8.539071e-03 1.132035e-01 1.201075e-02 1.178777e-02 1.361730e-02 1.603439e-01 1.703269e-02 2.482027e-02 1.958894e-02 1.140983e-01 1.873148e-02
5.578787e-04 9.728403e-02 1.770908e-02 1.323256e-01 2.476359e-02 -1.621948e-02 9.890896e-02 1.887353e-01 3.890707e-02 6.612852e-02 1.375189e-01 1.104779e+00 2.806321e-01
1.394697e-03 1.441064e-01 3.321338e-02 1.778893e-01 4.074620e-02 -1.175406e-01 1.097912e-01 2.377406e-01 4.968583e-02 2.638074e-02 1.413833e-01 2.245964e+00 6.929527e-01
2.789394e-03 1.339663e-01 1.698038e-02 1.537660e-01 1.624587e-02 -1.199954e-01 5.982175e-02 1.869744e-01 1.564597e-02 -9.794555e-02 6.127507e-02 7.210936e-01 1.839795e-01
4.741969e-03 1.290820e-01 1.565684e-02 1.382093e-01 1.451016e-02 -2.036320e-02 5.089146e-02 1.654160e-01 1.496901e-02 3.034228e-02 6.893865e-02 9.821501e-01 2.882145e-01
7.252423e-03 1.899637e-01 2.494645e-02 1.761807e-01 2.487646e-02 -1.558324e-02 2.558871e-02 1.874590e-01 2.504958e-02 2.978282e-02 2.910436e-02 1.021226e+00 3.951442e-01
1.032076e-02 2.346480e-01 4.243968e-02 1.950174e-01 4.073634e-02 -3.164610e-02 2.669035e-02 1.944100e-01 3.899676e-02 7.268688e-03 3.538616e-02 8.637779e-01 1.774417e-01
1.394697e-02 5.890243e-01 1.033472e-01 3.971555e-01 6.190914e-02 -2.399887e-01 1.480799e-01 3.074152e-01 3.490293e-02 -1.233834e-01 9.365091e-02 1.007461e+00 2.037623e-01
1.115757e-03 8.569702e-02 1.666338e-02 1.139501e-01 2.476265e-02 -3.847108e-03 3.260233e-02 1.596056e-01 3.623414e-02 5.456030e-02 4.897569e-02 7.589018e-01 2.313235e-01
1.394697e-03 1.123669e-01 1.725829e-02 1.489261e-01 2.622007e-02 2.403661e-02 5.438726e-02 2.121363e-01 3.788757e-02 1.603459e-01 7.665026e-02 1.573936e+00 7.005773e-01
2.231515e-03 1.323490e-01 2.235412e-02 1.554348e-01 2.716339e-02 -1.357865e-01 1.826893e-02 1.953488e-01 3.301607e-02 -8.316823e-02 2.178126e-02 1.134573e+00 2.308518e-01
3.626212e-03 1.289755e-01 2.384147e-02 1.474751e-01 2.373351e-02 -4.138260e-02 8.929744e-02 1.837339e-01 2.568366e-02 1.456066e-02 8.671076e-02 1.005648e+00 4.259976e-01
5.578787e-03 1.422901e-01 2.084010e-02 1.448575e-01 1.760211e-02 -9.586997e-02 9.998382e-02 1.676706e-01 1.698841e-02 -4.114415e-02 9.546353e-02 1.008823e+00 2.412897e-01
8.089241e-03 1.927759e-01 3.970865e-02 1.721032e-01 3.034501e-02 -5.680203e-02 5.206414e-02 1.749018e-01 2.257899e-02 -1.965263e-03 3.424785e-02 1.233041e+00 3.931545e-01
1.115757e-02 2.753419e-01 1.919078e-02 2.161101e-01 2.486693e-02 -1.350506e-02 7.171587e-02 2.040037e-01 2.644190e-02 6.055682e-02 4.995672e-02 9.004940e-01 1.463250e-01
1.478379e-02 3.726077e-01 5.417374e-02 2.444112e-01 4.401581e-02 -1.552111e-01 1.300104e-01 2.050408e-01 3.300487e-02 -7.301350e-02 8.540388e-02 1.145154e+00 3.056404e-01
2.510454e-03 1.054008e-01 2.395257e-02 1.288871e-01 2.985363e-02 1.192861e-02 3.872885e-02 1.688174e-01 3.767968e-02 7.291758e-02 5.654608e-02 8.425454e-01 2.642262e-01
2.789394e-03 1.052002e-01 1.390615e-02 1.295495e-01 1.536367e-02 4.442137e-02 4.223642e-02 1.726092e-01 1.706929e-02 1.474738e-01 6.773630e-02 1.361751e+00 3.927360e-01
3.626212e-03 1.352383e-01 1.145319e-02 1.486466e-01 1.167489e-02 -1.236290e-01 5.938368e-02 1.776847e-01 1.239315e-02 -9.736542e-02 5.953252e-02 6.308734e-01 1.665826e-01
5.020908e-03 1.397700e-01 1.210149e-02 1.518802e-01 1.137831e-02 -2.645649e-02 2.251977e-02 1.847017e-01 1.258364e-02 2.005113e-02 2.910132e-02 7.735338e-01 9.577653e-02
6.973484e-03 1.700819e-01 2.062544e-02 1.669435e-01 2.169323e-02 -5.004007e-02 5.328591e-02 1.859389e-01 2.725020e-02 -7.626301e-03 5.480876e-02 9.687971e-01 1.880588e-01
9.483938e-03 2.245851e-01 2.697296e-02 1.796642e-01 2.247682e-02 -7.906565e-02 2.895609e-02 1.688879e-01 1.800686e-02 -2.396599e-02 1.886589e-02 8.148396e-01 1.143246e-01
1.255227e-02 2.252486e-01 1.943950e-02 1.556470e-01 1.386040e-02 -9.574480e-02 3.214081e-02 1.457642e-01 1.311849e-02 -3.868211e-02 4.024366e-02 1.057464e+00 1.789053e-01
1.617848e-02 2.483028e-01 2.632713e-02 1.358144e-01 1.242322e-02 -1.723083e-02 3.607571e-02 1.121951e-01 8.628580e-03 4.640848e-03 2.664781e-02 7.478051e-01 1.027765e-01
4.463030e-03 1.204141e-01 1.337968e-02 1.289169e-01 1.602979e-02 -7.949774e-02 3.414937e-02 1.521624e-01 2.064041e-02 -4.656154e-02 3.122135e-02 7.119574e-01 1.704398e-01
4.741969e-03 1.521858e-01 2.344197e-02 1.607033e-01 2.486264e-02 -5.784619e-02 4.180035e-02 1.883425e-01 2.434677e-02 1.580281e-02 4.103349e-02 1.073144e+00 1.831604e-01
5.578787e-03 1.789720e-01 3.488848e-02 1.849845e-01 3.787214e-02 -3.286325e-02 3.417854e-02 2.067436e-01 4.183727e-02 2.021853e-02 2.890753e-02 8.842882e-01 2.059414e-01
6.973484e-03 2.555203e-01 5.318546e-02 2.360630e-01 4.746318e-02 -1.111152e-01 4.236194e-02 2.366842e-01 4.247519e-02 -7.762143e-02 4.548966e-02 8.389481e-01 1.739889e-01
8.926060e-03 2.125895e-01 2.486244e-02 1.901799e-01 2.557981e-02 4.024941e-02 7.963732e-02 1.983661e-01 2.539988e-02 8.110396e-02 7.468036e-02 1.087077e+00 1.555778e-01
1.143651e-02 3.435425e-01 2.926735e-02 2.535656e-01 1.915857e-02 -2.050428e-01 9.134780e-02 2.199632e-01 1.183305e-02 -1.113486e-01 6.843266e-02 1.120127e+00 2.095311e-01
1.450485e-02 3.305610e-01 3.920590e-02 2.128637e-01 3.006600e-02 -1.731792e-01 7.259887e-03 1.794306e-01 2.317802e-02 -8.292037e-02 1.813147e-02 1.154632e+00 1.375043e-01
1.813106e-02 4.683821e-01 8.546541e-02 2.741851e-01 4.760635e-02 -4.268713e-02 1.383221e-01 2.101670e-01 3.200088e-02 1.659656e-02 8.552486e-02 1.048112e+00 2.821850e-01
6.973484e-03 2.095132e-01 4.068367e-02 2.112941e-01 4.616507e-02 -4.269738e-02 5.778815e-02 2.381913e-01 5.273434e-02 2.411437e-02 6.241181e-02 1.067298e+00 1.939110e-01
7.252423e-03 2.027082e-01 3.031360e-02 1.927489e-01 3.387837e-02 -2.868295e-02 3.635910e-02 2.083672e-01 3.548500e-02 3.120133e-02 3.772042e-02 8.778674e-01 1.213287e-01
8.089241e-03 1.575377e-01 8.615343e-03 1.453998e-01 9.604017e-03 -5.588009e-02 3.584756e-02 1.583417e-01 1.318616e-02 5.968205e-03 4.344505e-02 9.616024e-01 2.237396e-01
9.483938e-03 2.243135e-01 2.478439e-02 1.779219e-01 2.585190e-02 -7.522945e-02 4.713617e-02 1.706450e-01 2.469439e-02 -3.094394e-02 3.962071e-02 9.042158e-01 1.459565e-01
1.143651e-02 3.041808e-01 5.460763e-02 2.304159e-01 4.531570e-02 -4.656584e-02 4.819116e-02 2.010941e-01 3.818277e-02 -1.825204e-02 4.024051e-02 1.097653e+00 1.793699e-01
1.394697e-02 3.485618e-01 4.811028e-02 2.493721e-01 4.145684e-02 -1.504185e-01 5.452316e-02 2.201848e-01 3.289644e-02 -5.519204e-02 4.863321e-02 1.198483e+00 1.038175e-01
1.701530e-02 6.510685e-01 1.050517e-01 3.970168e-01 5.909525e-02 -2.673419e-01 7.359976e-02 2.944048e-01 3.101220e-02 -1.407256e-01 5.018592e-02 9.595803e-01 9.351614e-02
2.064151e-02 5.464334e-01 7.983065e-02 3.002888e-01 5.329601e-02 -9.686815e-02 4.573356e-02 2.458237e-01 3.653750e-02 -1.736725e-02 4.152261e-02 9.664532e-01 9.855055e-02
1.004182e-02 4.638262e-01 7.944915e-02 3.733344e-01 6.253907e-02 -2.305389e-01 1.019851e-01 3.301967e-01 5.085543e-02 -1.642988e-01 7.568306e-02 1.111089e+00 2.865152e-01
1.032076e-02 2.514629e-01 3.465396e-02 1.963578e-01 2.379213e-02 -6.544065e-02 5.538081e-02 1.846820e-01 2.041690e-02 -1.775123e-02 5.256613e-02 9.858622e-01 1.303362e-01
1.115757e-02 3.224734e-01 5.795647e-02 2.455398e-01 4.839519e-02 -1.603817e-01 7.834047e-02 2.236105e-01 4.105211e-02 -8.886665e-02 5.878645e-02 1.140975e+00 8.596762e-02
1.255227e-02 2.496215e-01 2.436419e-02 1.870975e-01 1.936098e-02 -5.626655e-02 3.997189e-02 1.727632e-01 1.548533e-02 -2.581608e-02 3.007357e-02 8.150070e-01 1.250338e-01
1.450485e-02 3.237970e-01 3.806747e-02 2.152763e-01 2.740891e-02 -1.190643e-01 5.361522e-02 1.835898e-01 2.426838e-02 -5.431964e-02 4.072824e-02 9.002312e-01 8.336663e-02
1.701530e-02 4.492632e-01 5.749783e-02 2.834897e-01 3.651142e-02 -7.663117e-02 4.714939e-02 2.294677e-01 2.751918e-02 -3.155195e-02 4.590265e-02 7.814339e-01 1.041023e-01
2.008363e-02 5.249510e-01 7.038137e-02 2.753188e-01 3.924195e-02 -1.074246e-01 5.381022e-02 1.978532e-01 2.152518e-02 -4.512149e-02 2.660708e-02 1.008253e+00 1.638956e-01
2.370985e-02 6.459260e-01 1.118288e-01 2.801224e-01 6.151536e-02 -1.122279e-01 4.345528e-02 1.966140e-01 3.810418e-02 -3.851619e-02 2.358513e-02 7.471937e-01 4.313128e-02
1.366803e-02 2.098348e-01 3.298516e-02 1.470882e-01 2.256243e-02 4.069407e-02 1.613974e-02 1.430470e-01 1.521529e-02 7.564928e-02 1.647054e-02 8.643983e-01 4.302074e-02
1.394697e-02 3.871846e-01 5.421726e-02 2.519299e-01 3.654945e-02 -5.326090e-02 3.816820e-02 2.009249e-01 2.501576e-02 -9.871608e-04 3.179678e-02 8.948221e-01 1.221058e-01
1.478379e-02 4.738783e-01 1.392549e-01 3.218637e-01 1.037113e-01 -1.766443e-01 1.226735e-01 2.559534e-01 7.503413e-02 -1.063233e-01 1.007051e-01 1.241642e+00 2.664112e-01
1.617848e-02 4.359882e-01 8.470504e-02 2.734507e-01 4.833858e-02 -8.043875e-02 8.076170e-02 2.181543e-01 2.867230e-02 -3.325579e-02 6.918555e-02 1.318250e+00 1.142726e-01
1.813106e-02 5.084470e-01 1.278166e-01 2.814887e-01 7.354540e-02 -2.218500e-03 5.784894e-02 2.101128e-01 4.124599e-02 2.550134e-02 3.806053e-02 9.052555e-01 8.418549e-02
2.064151e-02 6.355134e-01 9.366654e-02 3.221460e-01 7.008537e-02 -9.098755e-02 5.811852e-02 2.280172e-01 5.304741e-02 -3.982109e-02 3.134750e-02 9.428923e-01 6.952308e-02
2.370985e-02 6.105568e-01 3.950012e-02 2.960767e-01 2.481775e-02 -1.476324e-02 9.105954e-02 2.190803e-01 1.676405e-02 1.533318e-02 3.579488e-02 8.816592e-01 1.028308e-01
2.733606e-02 7.974060e-01 1.917371e-01 3.210078e-01 1.015958e-01 -2.706976e-01 1.216369e-01 2.335192e-01 4.998986e-02 -1.013224e-01 5.119667e-02 1.047362e+00 1.610204e-01
2.789394e-04 7.269760e-02 1.048671e-02 1.011929e-01 1.407885e-02 3.044405e-03 2.663798e-02 1.440129e-01 1.902561e-02 3.170018e-02 4.422832e-02 3.325024e-01 1.134212e-01
5.578787e-04 1.136571e-01 1.588362e-02 1.523349e-01 1.874063e-02 -4.884294e-02 3.456884e-02 2.093471e-01 2.151041e-02 -2.024071e-02 4.718486e-02 5.997934e-01 4.530962e-02
1.394697e-03 9.239933e-02 1.330266e-02 1.219555e-01 1.722998e-02 2.592898e-03 1.937962e-02 1.721141e-01 2.242106e-02 9.292183e-02 4.122757e-02 1.118218e+00 2.363828e-01
2.789394e-03 1.289439e-01 1.517940e-02 1.528145e-01 1.283546e-02 -8.396304e-02 8.776917e-02 1.938892e-01 1.158219e-02 -2.833724e-02 8.541520e-02 1.103608e+00 4.279955e-01
4.741969e-03 1.205704e-01 6.284048e-03 1.271586e-01 8.190798e-03 -2.726933e-02 1.944611e-02 1.495304e-01 9.514037e-03 2.376881e-03 2.276233e-02 5.229283e-01 7.447962e-02
7.252423e-03 1.602118e-01 4.691015e-02 1.479566e-01 4.439992e-02 -8.597192e-02 3.749084e-02 1.580502e-01 4.375154e-02 -4.419708e-02 3.620278e-02 7.286756e-01 8.190931e-02
1.032076e-02 2.997219e-01 1.163450e-02 2.240455e-01 1.375957e-02 -1.601763e-01 9.468502e-02 1.969266e-01 1.527850e-02 -8.234703e-02 7.406043e-02 9.397902e-01 1.699016e-01
1.394697e-02 2.548775e-01 6.071414e-02 1.689492e-01 4.254386e-02 -1.004197e-01 2.733753e-02 1.481812e-01 2.702903e-02 -4.527142e-02 1.674369e-02 8.710731e-01 1.008825e-01
5.578787e-04 9.433218e-02 1.191752e-02 1.342777e-01 1.590537e-02 5.403497e-02 3.866552e-02 1.963942e-01 2.259104e-02 1.174173e-01 6.222608e-02 5.217473e-01 1.049834e-01
8.368181e-04 9.927748e-02 1.508384e-02 1.281471e-01 1.904916e-02 -4.825738e-02 2.808519e-02 1.713979e-01 2.392751e-02 -1.954336e-02 3.114293e-02 5.474007e-01 1.879469e-01
1.673636e-03 1.261394e-01 1.718201e-02 1.580940e-01 2.120987e-02 -5.185896e-02 1.877014e-02 2.063004e-01 2.662813e-02 -2.633720e-02 2.332551e-02 5.141063e-01 7.370646e-02
3.068333e-03 7.542194e-02 1.097823e-02 8.931689e-02 1.378741e-02 2.816685e-02 1.112621e-02 1.190101e-01 1.793894e-02 7.925121e-02 1.733911e-02 6.066200e-01 1.709304e-01
5.020908e-03 1.519495e-01 9.857436e-03 1.600783e-01 1.088929e-02 -5.065575e-02 1.669181e-02 1.900553e-01 1.433381e-02 1.622647e-02 2.759135e-02 9.024943e-01 1.295472e-01
7.531363e-03 2.045804e-01 2.350324e-02 1.817190e-01 2.431929e-02 -1.751257e-01 6.962388e-02 1.854014e-01 2.829431e-02 -1.020230e-01 5.082480e-02 1.453628e+00 4.125541e-01
1.059970e-02 2.312714e-01 2.269035e-02 1.801404e-01 1.629424e-02 -2.247051e-02 4.616884e-02 1.699137e-01 1.366789e-02 -5.106866e-04 4.068055e-02 8.818289e-01 1.940165e-01
1.422591e-02 5.397117e-01 1.259287e-01 3.607900e-01 9.195998e-02 -1.917369e-01 5.063936e-02 2.814649e-01 6.428111e-02 -1.178897e-01 3.503905e-02 9.291448e-01 6.710372e-02
1.394697e-03 1.197580e-01 1.567332e-02 1.476840e-01 1.929841e-02 -9.600093e-02 6.208438e-02 1.915185e-01 2.566055e-02 -5.633289e-02 6.877308e-02 9.034080e-01 3.101916e-01
1.673636e-03 7.634032e-02 1.650703e-02 9.781766e-02 2.224697e-02 1.002591e-02 3.702902e-02 1.369185e-01 3.102385e-02 9.392153e-02 4.954905e-02 1.045070e+00 1.876596e-01
2.510454e-03 1.069326e-01 1.234277e-02 1.317388e-01 1.598082e-02 4.111925e-02 4.459135e-02 1.741385e-01 2.254057e-02 1.119474e-01 7.020634e-02 8.160552e-01 2.782074e-01
3.905151e-03 1.408692e-01 2.195674e-02 1.564374e-01 2.713905e-02 -8.453040e-02 4.726354e-02 1.889042e-01 3.293791e-02 -3.807537e-02 4.638322e-02 8.290301e-01 1.731827e-01
5.857727e-03 1.622836e-01 3.000287e-02 1.619811e-01 3.185997e-02 -5.311695e-02 6.775591e-02 1.842500e-01 3.493932e-02 1.595159e-02 6.237386e-02 9.309685e-01 2.617891e-01
8.368181e-03 2.065735e-01 2.602245e-02 1.809707e-01 2.046199e-02 -8.736399e-02 3.398202e-02 1.833776e-01 1.830974e-02 -4.166758e-02 3.012511e-02 8.084220e-01 8.210788e-02
1.143651e-02 2.424063e-01 4.617111e-02 1.759188e-01 3.652367e-02 -1.339869e-01 4.549583e-02 1.584146e-01 2.896211e-02 -7.213320e-02 3.692635e-02 8.143422e-01 7.706064e-02
1.506273e-02 3.103522e-01 3.107751e-02 1.959069e-01 1.759445e-02 -7.958635e-02 4.793186e-02 1.670130e-01 1.688178e-02 -6.889002e-03 3.295548e-02 1.128961e+00 1.932706e-01
2.789394e-03 1.586820e-01 3.674168e-02 1.770148e-01 4.138027e-02 -1.678087e-01 9.902922e-02 2.141633e-01 4.686479e-02 -8.180225e-02 1.087144e-01 1.533332e+00 4.216916e-01
3.068333e-03 1.518230e-01 2.009025e-02 1.738194e-01 2.423146e-02 -8.260391e-02 2.946914e-02 2.143865e-01 3.082645e-02 -2.799051e-02 3.808106e-02 1.023916e+00 4.633544e-01
3.905151e-03 1.913816e-01 5.075852e-02 2.118884e-01 5.984591e-02 -9.827661e-02 6.572210e-02 2.499595e-01 7.093409e-02 -2.849906e-02 7.195173e-02 1.263138e+00 2.277334e-01
5.299848e-03 1.417554e-01 1.872386e-02 1.438286e-01 2.206007e-02 -6.005764e-02 6.338511e-02 1.637912e-01 2.463350e-02 -1.315564e-03 5.825078e-02 9.617765e-01 1.811745e-01
7.252423e-03 1.659420e-01 1.990199e-02 1.520404e-01 1.976898e-02 -9.551232e-02 5.262258e-02 1.621232e-01 1.942529e-02 -4.992574e-02 5.290031e-02 1.103267e+00 8.702678e-02
9.762878e-03 1.767311e-01 1.915014e-02 1.498576e-01 1.281170e-02 -4.754194e-02 3.682999e-02 1.506133e-01 7.406020e-03 -1.700325e-02 4.159262e-02 8.762453e-01 1.191069e-01
1.283121e-02 3.857244e-01 5.325223e-02 2.917875e-01 4.125013e-02 -1.633753e-01 7.773337e-02 2.579604e-01 3.210711e-02 -8.080207e-02 6.854424e-02 1.134722e+00 1.901862e-01
1.645742e-02 3.400646e-01 1.567564e-02 2.107508e-01 2.272009e-02 -6.427317e-02 4.647082e-02 1.830588e-01 2.267121e-02 1.439145e-02 3.184924e-02 1.081255e+00 7.605391e-02
4.741969e-03 1.671439e-01 3.165179e-02 1.782147e-01 3.237613e-02 -4.481178e-02 1.040206e-01 2.096110e-01 3.599698e-02 4.405621e-03 1.096836e-01 8.161042e-01 2.102312e-01
5.020908e-03 2.161055e-01 3.057354e-02 2.250294e-01 3.433626e-02 -1.042165e-01 2.522300e-02 2.534478e-01 3.689285e-02 -6.766633e-02 3.778948e-02 7.037751e-01 1.638539e-01
5.857727e-03 2.008634e-01 4.157848e-02 1.984680e-01 4.134758e-02 -1.149113e-01 3.960231e-02 2.138254e-01 4.203971e-02 -6.432218e-02 4.509744e-02 1.091759e+00 2.142510e-01
7.252423e-03 1.675323e-01 3.871393e-02 1.545972e-01 3.532706e-02 -2.248000e-02 2.101272e-02 1.652030e-01 3.328385e-02 2.006514e-02 1.856928e-02 8.532204e-01 6.621103e-02
9.204999e-03 2.367907e-01 5.297968e-02 1.952587e-01 5.039729e-02 -9.625939e-02 3.156229e-02 1.891804e-01 4.651603e-02 -4.298313e-02 3.493347e-02 1.038543e+00 1.655210e-01
1.171545e-02 3.065015e-01 5.534742e-02 2.226894e-01 3.530489e-02 -1.601035e-01 3.958694e-02 1.912819e-01 2.201462e-02 -1.011508e-01 3.469930e-02 1.157769e+00 2.135905e-01
1.478379e-02 3.424228e-01 6.543077e-02 2.156829e-01 4.660566e-02 -1.162289e-03 4.961118e-02 1.778151e-01 3.311860e-02 9.473675e-03 5.007489e-02 1.091978e+00 1.956012e-01
1.841000e-02 4.577184e-01 6.816931e-02 2.563833e-01 4.279334e-02 -1.416990e-01 6.724064e-02 1.919685e-01 2.249332e-02 -3.656006e-02 4.114843e-02 1.096206e+00 3.226623e-02
7.252423e-03 1.640706e-01 2.624368e-02 1.455070e-01 2.026032e-02 -3.981252e-02 2.943943e-02 1.492855e-01 1.829992e-02 -2.083385e-03 2.760625e-02 7.239655e-01 1.387353e-01
7.531363e-03 1.916274e-01 4.132095e-02 1.820424e-01 4.019786e-02 -2.800295e-02 2.920213e-02 1.979847e-01 3.718063e-02 2.259974e-02 3.787014e-02 1.040498e+00 8.552924e-02
8.368181e-03 2.981308e-01 4.463048e-02 2.697925e-01 4.281204e-02 -2.721981e-02 8.249169e-02 2.713208e-01 4.357804e-02 2.000822e-02 7.075305e-02 1.101796e+00 2.204035e-01
9.762878e-03 2.345617e-01 2.676652e-02 2.019627e-01 1.895507e-02 -3.809395e-02 3.764939e-02 2.027826e-01 1.218131e-02 8.564168e-03 4.286677e-02 1.075551e+00 1.747158e-01
1.171545e-02 1.756831e-01 4.069168e-02 1.279793e-01 2.717020e-02 -6.935433e-03 4.275834e-02 1.246977e-01 1.958620e-02 4.030690e-02 2.738814e-02 7.487998e-01 7.967313e-02
1.422591e-02 3.811117e-01 7.423739e-02 2.587626e-01 5.185355e-02 -2.106449e-01 9.948038e-02 2.174905e-01 3.836870e-02 -1.077460e-01 7.300228e-02 1.327441e+00 1.478339e-01
1.729424e-02 3.728638e-01 4.242202e-02 2.201693e-01 2.686999e-02 -1.101075e-01 7.512718e-02 1.801313e-01 2.110831e-02 -4.399842e-02 4.069420e-02 9.040456e-01 5.762571e-02
2.092045e-02 5.014113e-01 9.638779e-02 2.599812e-01 4.197323e-02 -1.675688e-01 7.285804e-02 1.941298e-01 1.597284e-02 -9.173047e-02 5.438938e-02 1.107831e+00 7.579815e-02
1.032076e-02 3.231242e-01 8.153651e-02 2.599174e-01 6.748797e-02 -2.203426e-01 1.074267e-01 2.348449e-01 5.592307e-02 -1.430958e-01 9.687962e-02 1.005791e+00 9.024400e-02
1.059970e-02 2.769056e-01 2.144859e-02 2.070443e-01 1.677041e-02 -1.578027e-01 6.095649e-02 1.905239e-01 1.226694e-02 -8.316432e-02 3.929076e-02 9.214989e-01 1.408030e-01
1.143651e-02 2.944755e-01 6.330703e-02 2.399791e-01 6.168515e-02 -6.406310e-03 7.169547e-02 2.360072e-01 5.906764e-02 2.656861e-02 6.361880e-02 9.864474e-01 8.402893e-02
1.283121e-02 2.888893e-01 5.677483e-02 1.915225e-01 4.523470e-02 -4.381475e-02 3.291836e-02 1.615347e-01 3.375911e-02 1.581170e-02 3.138779e-02 9.965846e-01 1.760192e-01
1.478379e-02 3.238169e-01 6.076727e-02 2.095653e-01 4.080058e-02 -2.987234e-02 2.817589e-02 1.742521e-01 2.709738e-02 -3.440666e-03 2.397839e-02 8.914297e-01 7.094570e-02
1.729424e-02 3.647480e-01 6.901041e-02 1.994458e-01 4.401541e-02 -1.110437e-01 5.341388e-02 1.627128e-01 2.781693e-02 -2.364645e-02 4.292759e-02 9.459569e-01 8.912363e-02
2.036257e-02 4.121521e-01 5.655412e-02 2.184364e-01 3.409993e-02 -9.932227e-02 7.034586e-02 1.730559e-01 1.782319e-02 -4.411481e-02 3.849296e-02 8.598012e-01 9.348149e-02
2.398878e-02 5.484180e-01 3.620228e-02 2.407363e-01 1.951479e-02 -5.598036e-02 5.385970e-02 1.768582e-01 1.120478e-02 9.087125e-03 1.710205e-02 1.079478e+00 1.076030e-01
1.394697e-02 3.788674e-01 9.513384e-02 2.455452e-01 6.371215e-02 -1.425036e-01 3.338610e-02 2.001736e-01 4.309466e-02 -2.905310e-02 2.214106e-02 1.259501e+00 2.468543e-01
1.422591e-02 3.930015e-01 7.073433e-02 2.683971e-01 4.956651e-02 -1.001465e-01 7.972840e-02 2.192015e-01 3.525285e-02 -5.007919e-02 5.618954e-02 9.907772e-01 1.418404e-01
1.506273e-02 3.894976e-01 6.911531e-02 2.387294e-01 5.120676e-02 1.933052e-02 2.628941e-02 1.969711e-01 4.165769e-02 4.384366e-02 7.473718e-03 8.818254e-01 8.683151e-02
1.645742e-02 4.263153e-01 6.084636e-02 2.586355e-01 3.731096e-02 -9.684129e-02 9.241610e-02 2.072392e-01 2.481936e-02 -2.963176e-02 5.586560e-02 8.941443e-01 9.761107e-02
1.841000e-02 3.944776e-01 7.886019e-02 2.039920e-01 4.321858e-02 4.582157e-02 5.066530e-02 1.713504e-01 3.246531e-02 5.397443e-02 3.125602e-02 1.244231e+00 1.444070e-01
2.092045e-02 7.063638e-01 1.142369e-01 3.406056e-01 5.669666e-02 -1.180297e-01 8.914428e-02 2.434273e-01 2.474347e-02 -3.787717e-03 6.178093e-02 9.967847e-01 5.148847e-02
2.398878e-02 6.702314e-01 1.382068e-01 2.996600e-01 5.338961e-02 5.481005e-02 5.095059e-02 2.035989e-01 1.899379e-02 5.606406e-02 3.289714e-02 9.211280e-01 7.654805e-02
2.761500e-02 6.515590e-01 8.815634e-02 2.599061e-01 2.475515e-02 -1.656378e-01 7.821917e-02 1.929816e-01 1.751997e-02 -4.662669e-02 3.898645e-02 9.175859e-01 9.071081e-02
1.115757e-03 1.061327e-01 8.718947e-03 1.402063e-01 1.483047e-02 1.898032e-02 7.212401e-02 1.943954e-01 2.562249e-02 1.039893e-01 1.048016e-01 1.030386e+00 1.873924e-01
1.394697e-03 1.003507e-01 8.129819e-03 1.312524e-01 9.849726e-03 1.124309e-02 5.982687e-02 1.824214e-01 1.540160e-02 9.603462e-02 8.590172e-02 1.063132e+00 3.340462e-01
2.231515e-03 1.748374e-01 2.084863e-02 2.017237e-01 2.847957e-02 -1.194460e-01 5.695554e-02 2.447396e-01 3.844154e-02 -7.805297e-02 5.817320e-02 8.354847e-01 1.271186e-01
3.626212e-03 1.422240e-01 2.373702e-02 1.658641e-01 3.015470e-02 -8.685577e-03 4.943968e-02 2.075636e-01 3.962973e-02 4.205273e-02 5.519336e-02 8.433285e-01 1.019926e-01
5.578787e-03 2.191725e-01 3.726337e-02 2.324209e-01 3.549554e-02 2.443255e-02 6.264632e-02 2.644939e-01 3.284750e-02 8.403996e-02 7.658164e-02 1.056406e+00 2.503922e-01
8.089241e-03 1.668713e-01 1.076485e-02 1.482068e-01 1.202280e-02 -4.853416e-03 2.997895e-02 1.600838e-01 1.386931e-02 9.353316e-02 4.504026e-02 1.477949e+00 2.241445e-01
1.115757e-02 3.302090e-01 4.637334e-02 2.553669e-01 3.665710e-02 -1.658882e-01 8.643307e-02 2.272556e-01 2.755517e-02 -1.111676e-01 8.096075e-02 8.578259e-01 1.460869e-01
1.478379e-02 4.955164e-01 9.165405e-02 3.398820e-01 6.627734e-02 -8.097988e-02 6.778911e-02 2.791668e-01 5.003547e-02 -1.189373e-03 3.179292e-02 8.595592e-01 1.210884e-01
1.394697e-03 1.452682e-01 2.459503e-02 1.859404e-01 2.875039e-02 -5.383944e-02 5.604503e-02 2.467834e-01 3.355860e-02 -2.337685e-02 6.833696e-02 4.792826e-01 9.190130e-02
1.673636e-03 8.652796e-02 1.280893e-02 1.055260e-01 1.355719e-02 -6.738822e-02 5.939021e-02 1.431734e-01 1.422474e-02 3.133559e-02 7.689344e-02 1.453096e+00 3.012609e-01
2.510454e-03 1.047109e-01 1.338775e-02 1.215197e-01 1.532320e-02 -7.666729e-02 1.508966e-02 1.511249e-01 1.765227e-02 -5.151877e-02 1.180854e-02 5.350749e-01 1.311156e-01
3.905151e-03 1.299644e-01 1.464221e-02 1.415927e-01 1.682390e-02 -3.572238e-02 5.022619e-02 1.690317e-01 2.081449e-02 2.156332e-02 5.116382e-02 8.845074e-01 1.235178e-01
5.857727e-03 2.208498e-01 5.647482e-02 2.222225e-01 5.717648e-02 -1.161237e-01 1.256093e-01 2.425438e-01 5.878061e-02 -6.443844e-02 1.218334e-01 9.714748e-01 2.040767e-01
8.368181e-03 2.738083e-01 3.247705e-02 2.327639e-01 2.873058e-02 -1.684155e-01 7.967809e-02 2.217974e-01 2.520297e-02 -9.413772e-02 6.576693e-02 1.313373e+00 2.192105e-01
1.143651e-02 2.993440e-01 4.396237e-02 2.251007e-01 3.495463e-02 -1.518320e-01 8.274466e-02 2.067450e-01 3.054342e-02 -3.979561e-02 6.425219e-02 1.618388e+00 2.152371e-01
1.506273e-02 4.366203e-01 5.353117e-02 2.590559e-01 3.218601e-02 -2.441233e-01 1.000859e-01 1.964627e-01 2.059474e-02 -9.964146e-02 5.343914e-02 1.280097e+00 1.695941e-01
2.231515e-03 9.078923e-02 8.622751e-03 1.133490e-01 7.594433e-03 7.821401e-03 8.540867e-02 1.628461e-01 1.118374e-02 2.037172e-01 1.273040e-01 2.587767e+00 4.787234e-01
2.510454e-03 1.305318e-01 2.862850e-02 1.483568e-01 3.396516e-02 -1.099769e-01 6.723830e-02 1.826012e-01 4.056978e-02 -5.506045e-02 6.756983e-02 9.861227e-01 2.264105e-01
3.347272e-03 2.229671e-01 2.895128e-02 2.464255e-01 3.533237e-02 -2.387533e-01 5.492585e-02 2.872313e-01 4.272445e-02 -1.975016e-01 5.772272e-02 1.181237e+00 1.768407e-01
4.741969e-03 1.489635e-01 1.315083e-02 1.476603e-01 1.490993e-02 -1.534765e-01 3.376599e-02 1.653851e-01 1.682772e-02 -8.412639e-02 2.979077e-02 1.011769e+00 2.043995e-01
6.694545e-03 1.522233e-01 1.022446e-02 1.444550e-01 1.187862e-02 -7.109669e-02 3.667589e-02 1.584842e-01 1.462006e-02 -1.065840e-02 3.878597e-02 8.950998e-01 1.655297e-01
9.204999e-03 2.408144e-01 5.683319e-02 2.055254e-01 4.717567e-02 -8.785336e-02 6.893842e-02 2.041954e-01 4.035834e-02 -4.466617e-02 5.408318e-02 9.716378e-01 1.649135e-01
1.227333e-02 3.324945e-01 2.483153e-02 2.258157e-01 2.298028e-02 -1.429367e-01 7.492173e-02 1.862107e-01 2.296985e-02 -6.392090e-02 5.651542e-02 1.259547e+00 2.331405e-01
1.589954e-02 4.046154e-01 4.610279e-02 2.536927e-01 2.659849e-02 -1.326259e-01 8.891439e-02 2.021183e-01 1.696562e-02 -6.169637e-02 6.690235e-02 8.251782e-01 6.650388e-02
3.626212e-03 1.240872e-01 2.434426e-02 1.398550e-01 2.597694e-02 -5.485687e-02 7.305042e-02 1.720782e-01 2.854260e-02 1.102669e-02 8.487260e-02 1.309699e+00 1.961404e-01
3.905151e-03 1.349580e-01 2.195127e-02 1.508327e-01 2.518479e-02 2.234380e-03 3.218922e-02 1.825472e-01 2.954227e-02 6.467550e-02 3.617839e-02 8.757096e-01 1.865608e-01
4.741969e-03 1.598236e-01 1.830708e-02 1.613222e-01 2.131063e-02 -1.017939e-01 3.989730e-02 1.795726e-01 2.611078e-02 -6.050209e-02 4.073206e-02 8.347660e-01 1.674858e-01
6.136666e-03 1.520347e-01 3.295212e-02 1.563996e-01 3.749641e-02 -5.635161e-03 5.083797e-02 1.807368e-01 4.267441e-02 4.323150e-02 5.596028e-02 9.579968e-01 1.664709e-01
8.089241e-03 1.871575e-01 1.610884e-02 1.614623e-01 1.716055e-02 -1.414926e-01 2.374151e-02 1.617273e-01 1.788151e-02 -9.475932e-02 2.816832e-02 8.041134e-01 8.676334e-02
1.059970e-02 2.479145e-01 3.454872e-02 1.965066e-01 3.157754e-02 -8.377688e-02 3.785851e-02 1.862465e-01 2.993240e-02 -3.256978e-02 3.888304e-02 1.027020e+00 7.059079e-02
1.366803e-02 2.751423e-01 3.364602e-02 1.823165e-01 2.445348e-02 -7.713739e-02 6.049425e-02 1.589751e-01 1.569749e-02 -5.605005e-03 5.024792e-02 1.095623e+00 7.945344e-02
1.729424e-02 5.869441e-01 5.214789e-02 3.641353e-01 3.574253e-02 1.918408e-02 4.729781e-02 2.722089e-01 2.296109e-02 3.380815e-02 2.726456e-02 8.668741e-01 1.113837e-01
5.578787e-03 1.455915e-01 2.943401e-02 1.431688e-01 2.513522e-02 -6.876171e-02 5.923565e-02 1.633608e-01 1.994262e-02 -2.232002e-02 6.527188e-02 8.349571e-01 1.374327e-01
5.857727e-03 1.383841e-01 1.572500e-02 1.307511e-01 1.794965e-02 -6.528031e-02 7.362614e-02 1.438895e-01 2.002870e-02 7.123498e-03 6.346655e-02 1.225648e+00 1.427063e-01
6.694545e-03 1.679988e-01 2.868276e-02 1.689016e-01 3.216732e-02 1.962077e-02 7.388929e-02 1.967145e-01 3.717046e-02 9.842765e-02 9.094940e-02 1.022699e+00 2.322328e-01
8.089241e-03 2.270486e-01 3.499380e-02 2.039977e-01 3.235036e-02 -3.864503e-03 5.964433e-02 2.109676e-01 3.032834e-02 4.347347e-02 6.098478e-02 7.918862e-01 1.703430e-01
1.004182e-02 2.196163e-01 4.216481e-02 1.802061e-01 3.676030e-02 -4.642148e-02 3.532149e-02 1.761079e-01 3.206968e-02 9.974671e-03 2.872370e-02 1.016295e+00 8.776784e-02
1.255227e-02 3.184273e-01 3.798353e-02 2.236443e-01 3.227426e-02 -1.522267e-01 5.386082e-02 1.931527e-01 2.780625e-02 -7.619062e-02 4.596399e-02 9.689088e-01 1.684786e-01
1.562060e-02 4.057949e-01 4.185439e-02 2.580382e-01 2.812881e-02 -5.789289e-02 3.680568e-02 2.043425e-01 1.925399e-02 -2.897490e-02 2.095061e-02 9.439828e-01 7.172902e-02
1.924682e-02 4.619289e-01 8.005034e-02 2.747357e-01 6.105719e-02 -1.540985e-01 7.882185e-02 2.236344e-01 4.383472e-02 -1.018187e-01 6.715245e-02 9.958004e-01 1.275635e-01
8.089241e-03 1.994148e-01 3.555316e-02 1.827409e-01 3.449579e-02 4.828840e-02 5.813344e-02 1.927865e-01 3.456153e-02 7.242108e-02 6.251889e-02 6.728056e-01 1.974296e-01
8.368181e-03 1.874083e-01 3.321552e-02 1.584319e-01 2.437905e-02 -1.218630e-01 1.053478e-01 1.573751e-01 1.872718e-02 -5.399518e-02 8.258315e-02 1.243134e+00 3.182573e-01
9.204999e-03 1.682657e-01 5.955418e-03 1.452596e-01 7.611683e-03 -6.526928e-02 5.170144e-02 1.527395e-01 1.013383e-02 -1.352683e-02 4.797262e-02 1.058759e+00 1.543112e-01
1.059970e-02 2.086180e-01 2.062763e-02 1.692416e-01 1.762900e-02 4.383023e-03 3.738480e-02 1.696210e-01 1.607810e-02 4.049119e-02 3.110862e-02 8.068057e-01 1.196724e-01
1.255227e-02 2.688596e-01 1.986161e-02 1.890306e-01 1.414644e-02 -5.408998e-02 3.732370e-02 1.687353e-01 8.260887e-03 8.235388e-03 2.880132e-02 7.952603e-01 9.270908e-02
1.506273e-02 4.756595e-01 5.841021e-02 3.145962e-01 3.537286e-02 -1.585515e-01 6.489005e-02 2.470297e-01 2.365896e-02 -9.388046e-02 4.047066e-02 9.187598e-01 9.944562e-02
1.813106e-02 3.879516e-01 4.489469e-02 2.209950e-01 3.324267e-02 -2.625999e-02 4.231478e-02 1.758093e-01 2.561923e-02 1.416086e-02 2.608411e-02 9.059705e-01 1.568201e-01
2.175727e-02 5.191907e-01 1.817698e-02 2.497977e-01 1.945598e-02 -1.507209e-01 4.344502e-02 1.713493e-01 1.314865e-02 -5.818156e-02 2.418211e-02 9.683032e-01 4.666396e-02
1.115757e-02 2.196909e-01 2.538477e-02 1.708565e-01 1.904499e-02 1.161149e-03 5.327192e-02 1.603111e-01 1.628537e-02 3.245408e-02 4.927795e-02 8.534665e-01 1.659348e-01
1.143651e-02 2.606509e-01 1.253020e-02 2.008884e-01 1.429244e-02 -1.868389e-01 7.658609e-02 1.865395e-01 2.017882e-02 -1.042497e-01 7.460596e-02 1.278170e+00 1.223526e-01
1.227333e-02 4.044180e-01 5.626775e-02 2.918594e-01 4.447588e-02 -1.934757e-01 1.024838e-01 2.418375e-01 3.575822e-02 -9.271646e-02 8.146709e-02 1.218737e+00 2.600556e-01
1.366803e-02 3.460949e-01 6.334775e-02 2.361395e-01 4.427230e-02 -1.359570e-01 4.881001e-02 2.026769e-01 3.221512e-02 -6.126207e-02 3.512337e-02 9.038424e-01 8.810694e-02
1.562060e-02 3.488465e-01 3.163457e-02 2.153608e-01 2.582560e-02 -1.353068e-01 4.201519e-02 1.753810e-01 1.838444e-02 -8.215237e-02 3.057244e-02 1.116882e+00 1.097265e-01
1.813106e-02 4.862381e-01 4.196792e-02 2.691065e-01 2.172044e-02 -2.008444e-01 4.536495e-02 2.023238e-01 1.381469e-02 -1.042602e-01 2.810732e-02 8.660960e-01 7.104994e-02
2.119939e-02 6.135767e-01 1.118464e-01 2.980532e-01 4.680987e-02 -1.801178e-01 1.448858e-01 2.056041e-01 1.820001e-02 -6.809871e-02 8.034548e-02 1.017350e+00 1.761397e-01
2.482560e-02 8.019100e-01 1.427622e-01 3.517295e-01 6.191440e-02 -3.460815e-01 1.206914e-01 2.266758e-01 3.111422e-02 -1.824077e-01 4.950337e-02 1.091063e+00 3.653983e-02
1.478379e-02 3.895544e-01 9.861817e-02 2.432591e-01 6.133620e-02 -2.218890e-01 1.257570e-01 1.935143e-01 3.687750e-02 -1.318755e-01 8.694616e-02 9.764342e-01 1.915598e-01
1.506273e-02 4.971512e-01 7.948677e-02 3.335619e-01 4.900714e-02 -9.254130e-02 3.873569e-02 2.687027e-01 2.989107e-02 -6.816018e-02 1.749508e-02 7.435625e-01 4.247786e-02
1.589954e-02 4.596537e-01 3.971945e-02 2.701389e-01 2.377494e-02 -1.991773e-01 8.233114e-02 2.040523e-01 1.666686e-02 -9.774049e-02 4.804539e-02 9.638374e-01 8.971714e-02
1.729424e-02 4.779886e-01 8.722936e-02 2.666349e-01 5.077894e-02 -1.249891e-01 4.633232e-02 1.877293e-01 3.043191e-02 -6.454148e-02 3.911155e-02 1.193415e+00 1.053356e-01
1.924682e-02 5.089974e-01 4.496741e-02 2.805344e-01 1.425710e-02 -3.786365e-02 8.592803e-02 2.140523e-01 3.390856e-03 1.980793e-02 3.211065e-02 1.082238e+00 1.646041e-01
2.175727e-02 6.089615e-01 2.602535e-02 3.080754e-01 1.288084e-02 -1.914649e-02 1.074927e-01 2.287462e-01 8.596220e-03 1.689886e-02 4.714075e-02 1.191738e+00 1.641313e-01
2.482560e-02 8.435247e-01 9.392416e-02 3.760893e-01 4.061401e-02 -2.270883e-01 4.604712e-02 2.422647e-01 2.690875e-02 -9.172868e-02 1.941026e-02 9.106750e-01 1.426432e-01
2.845181e-02 9.254462e-01 1.605291e-01 3.281829e-01 4.612197e-02 -1.727500e-01 1.304602e-01 2.081014e-01 1.210900e-02 -3.033426e-02 4.156059e-02 1.176744e+00 2.344833e-01
2.510454e-03 1.213744e-01 1.627851e-02 1.402821e-01 1.969481e-02 -7.032130e-02 4.489530e-02 1.739733e-01 2.535292e-02 -1.820665e-02 5.310847e-02 7.844498e-01 1.497203e-01
2.789394e-03 1.329597e-01 1.343483e-02 1.523852e-01 1.101107e-02 -4.024144e-02 5.881890e-02 1.872976e-01 7.532816e-03 1.059972e-02 6.135392e-02 7.707547e-01 1.903126e-01
3.626212e-03 1.365198e-01 3.333784e-02 1.498912e-01 3.328235e-02 -8.871571e-02 6.862644e-02 1.783992e-01 3.438907e-02 -4.475633e-02 7.197155e-02 9.242428e-01 1.793343e-01
5.020908e-03 1.650998e-01 1.100994e-02 1.751570e-01 1.293718e-02 -7.934472e-02 4.341105e-02 2.032956e-01 1.554917e-02 -8.958842e-03 5.517908e-02 1.193607e+00 3.002873e-01
6.973484e-03 2.296753e-01 4.741379e-02 2.099631e-01 4.472845e-02 -5.265629e-02 3.406873e-02 2.138581e-01 4.347118e-02 -1.994898e-02 3.894950e-02 5.547607e-01 3.179011e-02
9.483938e-03 2.242677e-01 2.666062e-02 1.884892e-01 2.466680e-02 1.320803e-03 4.279975e-02 1.862071e-01 2.302066e-02 4.434237e-02 3.817526e-02 9.033969e-01 1.320400e-01
1.255227e-02 3.750990e-01 6.124933e-02 2.581844e-01 4.294224e-02 -1.228241e-01 3.236952e-02 2.138437e-01 3.111474e-02 -5.969816e-02 2.488563e-02 7.486095e-01 8.471336e-02
1.617848e-02 3.726283e-01 5.708093e-02 2.143533e-01 3.709497e-02 -1.785305e-01 7.042275e-02 1.790099e-01 2.954421e-02 -6.859327e-02 4.311585e-02 9.055003e-01 8.533741e-02
2.789394e-03 1.310949e-01 1.831440e-02 1.540034e-01 2.203918e-02 -5.969023e-02 3.204535e-02 1.939304e-01 2.777703e-02 -1.066352e-02 3.497585e-02 8.397890e-01 7.475871e-02
3.068333e-03 1.047712e-01 1.579306e-02 1.285581e-01 2.039274e-02 2.063142e-02 5.051899e-02 1.723736e-01 2.738386e-02 9.631578e-02 7.052952e-02 1.131698e+00 2.477104e-01
3.905151e-03 1.377949e-01 2.295433e-02 1.501065e-01 2.238456e-02 -4.335596e-02 2.825271e-02 1.768375e-01 2.353966e-02 -1.860683e-02 2.421477e-02 4.624450e-01 5.392177e-02
5.299848e-03 1.377840e-01 2.214021e-02 1.433266e-01 2.170933e-02 -7.195357e-03 5.651159e-03 1.648229e-01 2.310036e-02 3.503838e-02 1.275348e-02 6.462932e-01 1.852687e-01
7.252423e-03 2.461720e-01 5.042188e-02 2.181201e-01 4.302840e-02 -1.443139e-01 6.411997e-02 2.142420e-01 3.527772e-02 -9.750858e-02 5.197113e-02 9.918303e-01 1.690212e-01
9.762878e-03 1.686370e-01 3.371387e-02 1.367912e-01 2.397346e-02 -8.483084e-02 6.709724e-02 1.393040e-01 1.730218e-02 -1.219001e-02 4.679393e-02 1.005517e+00 2.034667e-01
1.283121e-02 3.646849e-01 5.642163e-02 2.522301e-01 3.645403e-02 -2.244223e-01 7.897999e-02 2.120217e-01 2.189264e-02 -1.273468e-01 5.161223e-02 1.011671e+00 1.165091e-01
1.645742e-02 5.504405e-01 1.305496e-01 3.324398e-01 8.700758e-02 -1.694752e-01 4.807469e-02 2.436262e-01 5.741558e-02 -8.001096e-02 3.610214e-02 8.713707e-01 1.087782e-01
3.626212e-03 1.176558e-01 7.555274e-03 1.364562e-01 9.220399e-03 3.214776e-02 2.956478e-02 1.716625e-01 1.210954e-02 9.098207e-02 2.679857e-02 7.662188e-01 1.075082e-01
3.905151e-03 1.436070e-01 2.721665e-02 1.570011e-01 3.311827e-02 -6.114682e-02 4.263105e-02 1.884988e-01 4.109909e-02 -4.534676e-03 4.694418e-02 8.608539e-01 1.317881e-01
4.741969e-03 1.501052e-01 3.602120e-02 1.520019e-01 3.604960e-02 -8.200023e-02 7.173741e-02 1.712897e-01 3.466939e-02 -2.293805e-02 7.348776e-02 1.087953e+00 1.126701e-01
6.136666e-03 2.203077e-01 4.314889e-02 2.066420e-01 4.379131e-02 -1.605825e-01 8.775678e-02 2.150867e-01 4.373474e-02 -9.763226e-02 8.920394e-02 1.133217e+00 2.643950e-01
8.089241e-03 2.083995e-01 2.962740e-02 1.850853e-01 2.741704e-02 -4.301397e-02 6.197648e-02 1.859836e-01 2.633177e-02 3.671596e-03 5.520987e-02 8.778350e-01 1.398677e-01
1.059970e-02 2.188307e-01 1.806885e-02 1.789326e-01 1.863250e-02 -4.826639e-02 4.007325e-02 1.815109e-01 2.014606e-02 -3.152427e-03 4.716911e-02 9.552663e-01 1.580275e-01
1.366803e-02 4.469613e-01 5.863897e-02 3.314015e-01 4.233207e-02 -1.630580e-01 5.544489e-02 2.848460e-01 3.055349e-02 -1.059565e-01 3.988895e-02 9.190917e-01 1.100363e-01
1.729424e-02 4.489212e-01 4.019607e-02 2.658577e-01 1.864072e-02 1.722671e-02 8.030460e-02 2.036651e-01 1.229288e-02 1.351162e-02 4.815366e-02 8.703836e-01 1.281457e-01
5.020908e-03 1.309669e-01 1.707369e-02 1.314045e-01 1.703580e-02 -1.111080e-01 7.307524e-02 1.486358e-01 1.810854e-02 -5.961684e-02 6.954344e-02 1.114038e+00 2.768742e-01
5.299848e-03 1.676979e-01 4.373583e-02 1.770648e-01 4.713337e-02 -7.316148e-02 4.778755e-02 2.037253e-01 5.043968e-02 -2.290536e-02 4.570778e-02 1.030375e+00 9.347704e-02
6.136666e-03 1.324550e-01 2.417527e-02 1.274946e-01 2.413236e-02 -4.878894e-02 2.612283e-02 1.434933e-01 2.632557e-02 3.543075e-03 3.263010e-02 1.111393e+00 2.115454e-01
7.531363e-03 2.437739e-01 4.047824e-02 2.222733e-01 3.183483e-02 -1.268076e-01 6.895561e-02 2.272124e-01 2.377933e-02 -5.418352e-02 7.185081e-02 1.029445e+00 1.571525e-01
9.483938e-03 1.717822e-01 1.726255e-02 1.456101e-01 1.443340e-02 -4.868896e-02 2.261444e-02 1.545894e-01 1.274435e-02 2.935573e-02 2.711661e-02 1.109002e+00 1.312966e-01
1.199439e-02 2.367909e-01 3.529612e-02 1.684100e-01 2.342684e-02 -9.347870e-02 5.016581e-02 1.585525e-01 1.665698e-02 -1.538590e-02 4.013247e-02 1.029508e+00 1.702960e-01
1.506273e-02 5.733044e-01 1.298063e-01 3.896376e-01 8.699698e-02 -1.025908e-01 1.266856e-01 3.078656e-01 5.913346e-02 -3.321200e-02 9.844904e-02 1.092718e+00 1.554296e-01
1.868894e-02 6.601221e-01 2.114299e-01 3.727397e-01 1.196791e-01 -1.022235e-02 3.726231e-02 2.617221e-01 6.878943e-02 9.672072e-03 2.676300e-02 1.017575e+00 7.698741e-02
6.973484e-03 2.166815e-01 1.690838e-02 2.109125e-01 1.394042e-02 -4.452722e-02 7.170435e-02 2.252167e-01 1.213544e-02 1.648779e-02 7.171514e-02 9.624571e-01 9.843979e-02
7.252423e-03 2.051289e-01 4.327099e-02 1.783756e-01 4.012801e-02 -1.937900e-01 9.308101e-02 1.769503e-01 3.737647e-02 -1.198431e-01 6.732584e-02 1.161806e+00 3.426000e-01
8.089241e-03 1.602185e-01 2.131641e-02 1.425192e-01 1.872189e-02 -1.988292e-02 3.757496e-02 1.535238e-01 1.621734e-02 4.176480e-02 4.411394e-02 9.776863e-01 1.184863e-01
9.483938e-03 2.420846e-01 3.558441e-03 2.057739e-01 6.381573e-03 4.672404e-03 7.201082e-02 2.027065e-01 1.011410e-02 5.216230e-02 4.987184e-02 1.043379e+00 1.650634e-01
1.143651e-02 2.048667e-01 5.324680e-02 1.512731e-01 4.410174e-02 1.656672e-02 6.578642e-02 1.464766e-01 3.702485e-02 6.768958e-02 4.521038e-02 1.244419e+00 1.526522e-01
1.394697e-02 2.468360e-01 3.673567e-02 1.729722e-01 2.773560e-02 -2.445749e-02 3.593305e-02 1.583921e-01 1.942386e-02 5.113106e-02 1.964706e-02 1.050318e+00 1.316179e-01
1.701530e-02 3.460699e-01 6.242543e-02 1.895614e-01 3.649860e-02 -1.067969e-01 7.251189e-02 1.548027e-01 2.293577e-02 -2.788059e-02 4.135341e-02 1.037904e+00 1.552933e-01
2.064151e-02 7.046783e-01 2.034767e-01 3.539668e-01 1.086544e-01 -1.817351e-01 7.620564e-02 2.369942e-01 5.519562e-02 -6.505449e-02 3.521290e-02 7.990409e-01 3.737952e-02
9.483938e-03 2.495407e-01 4.188930e-02 2.026356e-01 3.080281e-02 -1.262928e-01 9.439572e-02 1.970631e-01 2.359329e-02 -3.953156e-02 8.338830e-02 1.289671e+00 3.205455e-01
9.762878e-03 2.467102e-01 5.812969e-02 2.022504e-01 5.005561e-02 -1.031722e-01 8.422392e-02 1.950755e-01 4.115708e-02 -3.453622e-02 7.482640e-02 9.050371e-01 1.764223e-01
1.059970e-02 2.736778e-01 5.448671e-02 2.153771e-01 3.724935e-02 -5.016302e-02 1.845694e-02 2.012240e-01 2.546414e-02 5.870938e-03 1.987721e-02 7.819089e-01 1.793466e-01
1.199439e-02 2.008420e-01 4.849913e-02 1.456573e-01 3.809732e-02 1.516303e-02 2.330088e-02 1.374637e-01 2.983727e-02 4.797761e-02 1.736799e-02 9.891574e-01 1.610668e-01
1.394697e-02 4.233210e-01 7.678699e-02 3.046028e-01 5.722840e-02 -1.660323e-01 1.217377e-01 2.644395e-01 4.509480e-02 -8.591416e-02 9.474668e-02 9.633738e-01 1.511220e-01
1.645742e-02 4.203634e-01 6.903815e-02 2.593800e-01 4.872599e-02 -5.105881e-02 9.016948e-02 2.155252e-01 3.157592e-02 -1.617069e-02 6.908916e-02 1.060274e+00 6.247572e-02
1.952576e-02 5.458056e-01 7.029925e-02 2.937671e-01 4.324093e-02 -1.212509e-02 4.938647e-02 2.174372e-01 2.817051e-02 1.616234e-02 3.470850e-02 9.367375e-01 1.349637e-01
2.315197e-02 5.744332e-01 5.991618e-02 2.797498e-01 3.145907e-02 -4.296737e-02 4.464850e-02 2.024144e-01 1.232297e-02 -1.333776e-02 1.921104e-02 1.186052e+00 1.048449e-01
1.255227e-02 2.596716e-01 2.045973e-02 1.863392e-01 1.566580e-02 -1.873836e-02 2.929165e-02 1.718533e-01 1.244301e-02 8.809026e-03 3.084441e-02 7.810385e-01 1.557252e-01
1.283121e-02 3.533593e-01 3.466545e-02 2.593946e-01 3.099223e-02 -1.507302e-01 5.598291e-02 2.250524e-01 2.921026e-02 -9.406233e-02 3.272590e-02 8.001142e-01 4.901805e-02
1.366803e-02 4.666397e-01 7.578536e-02 3.242138e-01 5.211047e-02 -1.497713e-01 3.163312e-02 2.611810e-01 3.704982e-02 -7.473209e-02 2.309329e-02 9.408198e-01 1.153189e-01
1.506273e-02 3.743170e-01 6.149794e-02 2.661937e-01 3.718352e-02 -1.052656e-01 5.264075e-02 2.270572e-01 2.212058e-02 -6.394908e-02 3.259960e-02 9.559251e-01 1.361827e-01
1.701530e-02 4.682985e-01 1.452877e-01 2.773067e-01 8.907349e-02 -8.138270e-02 5.732271e-02 2.133703e-01 5.694669e-02 -8.326659e-03 3.530000e-02 9.443106e-01 9.842320e-02
1.952576e-02 5.212783e-01 8.803652e-02 2.837446e-01 4.545884e-02 -2.038304e-03 6.742535e-02 2.164733e-01 2.330930e-02 1.110390e-03 4.619053e-02 9.362911e-01 1.351850e-01
2.259409e-02 6.733756e-01 7.738767e-02 3.481812e-01 4.316867e-02 -6.949429e-02 1.095642e-01 2.453960e-01 2.362167e-02 -3.653090e-02 6.503237e-02 1.071978e+00 1.459337e-01
2.622030e-02 5.281612e-01 5.161871e-02 2.060653e-01 3.522008e-02 -1.033228e-01 5.490425e-02 1.578034e-01 2.017562e-02 -3.279401e-02 2.502908e-02 9.537176e-01 1.613591e-01
1.617848e-02 5.057461e-01 8.559953e-02 3.141288e-01 5.423479e-02 -1.227545e-01 5.394017e-02 2.349676e-01 3.926475e-02 -4.399814e-02 2.597602e-02 9.040102e-01 1.314253e-01
1.645742e-02 5.302082e-01 1.581977e-01 3.156888e-01 9.153240e-02 -1.756148e-01 8.060359e-02 2.391539e-01 5.207675e-02 -8.662792e-02 6.540171e-02 1.014959e+00 4.544948e-02
1.729424e-02 5.423894e-01 1.580478e-01 3.191015e-01 9.226353e-02 -1.741784e-01 5.689330e-02 2.345102e-01 5.464776e-02 -8.351205e-02 4.856292e-02 9.635217e-01 9.697223e-02
1.868894e-02 4.751979e-01 4.698438e-02 2.521052e-01 2.343798e-02 -1.322804e-01 8.914243e-02 1.848830e-01 1.502053e-02 -3.179728e-02 5.086572e-02 9.252516e-01 1.142888e-01
2.064151e-02 5.634923e-01 3.473167e-02 2.978966e-01 2.210779e-02 -3.075365e-02 3.799278e-02 2.102641e-01 1.632223e-02 1.811835e-02 1.421606e-02 9.264007e-01 1.900891e-01
2.315197e-02 5.282577e-01 9.237760e-02 2.509932e-01 5.907930e-02 -1.524210e-01 8.461734e-02 1.913724e-01 3.702433e-02 -6.139995e-02 4.824689e-02 8.617793e-01 1.028454e-01
2.622030e-02 7.226601e-01 6.803462e-02 2.800187e-01 2.802357e-02 -1.207020e-01 7.059236e-02 1.918733e-01 1.301251e-02 -2.922673e-02 3.660235e-02 1.183681e+00 1.898370e-01
2.984651e-02 5.322797e-01 5.850232e-02 1.635959e-01 2.433792e-02 7.330922e-02 4.918253e-02 1.365474e-01 1.507591e-02 5.825042e-02 2.298519e-02 1.155907e+00 2.320330e-01
4.463030e-03 1.601665e-01 3.635812e-02 1.572526e-01 3.510543e-02 -1.870949e-01 2.376581e-02 1.695221e-01 3.336361e-02 -1.174773e-01 3.166732e-02 1.311705e+00 2.990351e-01
4.741969e-03 1.407317e-01 3.353609e-02 1.587720e-01 3.725609e-02 5.442919e-02 4.148036e-02 1.976491e-01 4.186635e-02 1.457872e-01 5.789272e-02 1.259861e+00 3.014076e-01
5.578787e-03 2.257463e-01 3.149810e-02 2.312376e-01 3.398750e-02 -3.523301e-02 7.702826e-02 2.556586e-01 3.632008e-02 2.750625e-02 7.490275e-02 9.872453e-01 2.136871e-01
6.973484e-03 2.130907e-01 2.760855e-02 2.015020e-01 3.036457e-02 -8.066246e-02 4.454811e-02 2.130320e-01 3.241445e-02 -3.701013e-02 4.523270e-02 8.689130e-01 4.576593e-02
8.926060e-03 2.892040e-01 6.640890e-02 2.553693e-01 6.633692e-02 3.475169e-02 6.799688e-02 2.580296e-01 6.540900e-02 8.961473e-02 6.553952e-02 8.867337e-01 9.563223e-02
1.143651e-02 3.635827e-01 3.689395e-02 2.782699e-01 3.627900e-02 1.489004e-02 1.104756e-01 2.458847e-01 3.379131e-02 3.949587e-02 8.096460e-02 1.009504e+00 2.009627e-01
1.450485e-02 3.509982e-01 4.759625e-02 2.221164e-01 3.062755e-02 -2.210792e-01 8.156651e-02 1.809657e-01 1.898097e-02 -1.179838e-01 5.161508e-02 1.213657e+00 1.455295e-01
1.813106e-02 5.749133e-01 9.597738e-02 3.215434e-01 5.363642e-02 -2.381758e-01 9.357080e-02 2.322289e-01 3.201917e-02 -1.047950e-01 5.683063e-02 1.116772e+00 1.383728e-01
4.741969e-03 1.699502e-01 2.173215e-02 1.817215e-01 2.583999e-02 -3.174477e-02 2.826937e-02 2.093903e-01 2.854144e-02 1.503925e-02 2.788542e-02 8.949164e-01 2.243015e-01
5.020908e-03 1.192561e-01 8.151823e-03 1.229062e-01 1.052930e-02 -6.284472e-02 1.092056e-02 1.442015e-01 1.399072e-02 -8.369204e-03 3.224913e-03 1.003075e+00 9.892367e-02
5.857727e-03 1.404254e-01 1.982821e-02 1.300780e-01 2.065099e-02 -1.376417e-01 2.360692e-02 1.408558e-01 2.182473e-02 -7.430326e-02 1.417618e-02 1.038691e+00 2.927027e-01
7.252423e-03 2.104670e-01 1.208036e-02 1.920407e-01 1.333287e-02 -4.958614e-02 7.406333e-02 1.948852e-01 1.402570e-02 -9.866025e-03 7.783044e-02 1.018811e+00 1.847503e-01
9.204999e-03 2.124312e-01 2.483805e-02 1.945370e-01 2.108108e-02 -5.944861e-02 4.372213e-02 2.037491e-01 1.703166e-02 -1.019288e-02 3.210418e-02 8.984307e-01 1.291196e-01
1.171545e-02 4.102470e-01 8.676441e-02 3.097427e-01 6.653972e-02 -1.011791e-01 5.877269e-02 2.669559e-01 5.039262e-02 -3.702965e-02 4.554771e-02 1.033785e+00 1.529339e-01
1.478379e-02 4.168266e-01 1.020892e-01 2.766822e-01 6.096303e-02 -9.511860e-02 9.024052e-02 2.245221e-01 3.935311e-02 -3.042929e-02 5.002688e-02 8.904279e-01 7.639372e-02
1.841000e-02 3.567225e-01 5.796940e-02 1.811072e-01 2.422990e-02 -8.628917e-02 5.619698e-02 1.487640e-01 1.601870e-02 -3.383066e-02 2.253176e-02 9.329314e-01 1.523072e-01
5.578787e-03 1.681995e-01 2.772564e-02 1.645127e-01 2.779757e-02 -1.500328e-01 5.290576e-02 1.805837e-01 2.720156e-02 -7.716311e-02 6.093536e-02 1.298609e+00 3.773263e-01
5.857727e-03 1.947013e-01 2.904024e-02 1.894228e-01 3.196562e-02 -9.649367e-02 6.052356e-02 2.020982e-01 3.368642e-02 -4.396933e-02 5.910247e-02 1.129318e+00 1.177142e-01
6.694545e-03 1.962179e-01 2.035425e-02 1.898288e-01 1.911529e-02 -4.342025e-02 2.304918e-02 2.084096e-01 1.989387e-02 6.619152e-03 2.469201e-02 8.144129e-01 1.514365e-01
8.089241e-03 2.654703e-01 5.811398e-02 2.571844e-01 5.208209e-02 9.648098e-02 3.272102e-02 2.744431e-01 4.668682e-02 1.498647e-01 4.009902e-02 1.095352e+00 1.362346e-01
1.004182e-02 3.094739e-01 3.567216e-02 2.512168e-01 3.236204e-02 -5.894996e-02 5.839822e-02 2.345359e-01 3.029167e-02 -8.313450e-03 5.281806e-02 7.832998e-01 1.259900e-01
1.255227e-02 3.147426e-01 4.826084e-02 2.191408e-01 3.319549e-02 -1.578246e-01 6.027041e-02 1.900033e-01 2.500100e-02 -5.604106e-02 4.203497e-02 1.094308e+00 1.205207e-01
1.562060e-02 3.941924e-01 2.376227e-02 2.572253e-01 3.199945e-02 1.125699e-02 1.051483e-01 2.124099e-01 3.415801e-02 5.837577e-02 7.240419e-02 1.139376e+00 6.186281e-02
1.924682e-02 4.770897e-01 1.190830e-01 2.643123e-01 7.583104e-02 -1.459502e-01 7.871761e-02 2.009858e-01 4.882421e-02 -5.367558e-02 5.265858e-02 9.454397e-01 1.511312e-01
6.973484e-03 1.781280e-01 2.068609e-02 1.657880e-01 1.676975e-02 -4.977203e-02 2.002082e-02 1.729854e-01 1.337716e-02 -2.105542e-02 2.123908e-02 6.884092e-01 6.560038e-02
7.252423e-03 2.130907e-01 3.415046e-02 1.949911e-01 3.144723e-02 -1.904470e-01 7.322176e-02 2.011540e-01 2.948642e-02 -1.330263e-01 6.256910e-02 1.090440e+00 2.423091e-01
8.089241e-03 2.037295e-01 4.015429e-02 1.799604e-01 3.393819e-02 4.782308e-02 3.006738e-02 1.893634e-01 3.123434e-02 7.987305e-02 3.600668e-02 7.645584e-01 1.692327e-01
9.483938e-03 1.562734e-01 3.349720e-02 1.244485e-01 2.962961e-02 -3.219621e-02 3.032554e-02 1.287058e-01 2.799514e-02 6.247083e-04 2.826560e-02 8.176255e-01 1.289375e-01
1.143651e-02 2.287091e-01 4.659872e-02 1.768984e-01 4.095980e-02 -5.174505e-02 4.130978e-02 1.707729e-01 3.773135e-02 1.305006e-02 3.310163e-02 1.071912e+00 2.146261e-01
1.394697e-02 2.586132e-01 5.442723e-02 1.706086e-01 3.240117e-02 -8.859570e-02 6.898510e-02 1.523306e-01 1.866732e-02 -2.992592e-02 4.957122e-02 8.637007e-01 5.440939e-02
1.701530e-02 4.121643e-01 1.045215e-01 2.338991e-01 6.521917e-02 -5.505990e-02 5.606945e-02 1.864448e-01 3.951490e-02 -4.107861e-03 3.192145e-02 7.870111e-01 1.306696e-01
2.064151e-02 4.667575e-01 1.090583e-01 2.362397e-01 5.417722e-02 2.532798e-02 1.096917e-01 1.790693e-01 3.308334e-02 3.333880e-02 5.001862e-02 8.548027e-01 1.043708e-01
8.926060e-03 2.280406e-01 3.533853e-02 1.892580e-01 2.842883e-02 -1.010908e-01 6.198301e-02 1.817333e-01 2.350535e-02 -4.034354e-02 6.148304e-02 1.044227e+00 9.259805e-02
9.204999e-03 2.089469e-01 4.068991e-02 1.671362e-01 3.593304e-02 -6.026077e-02 3.669388e-02 1.599125e-01 3.390238e-02 -1.634515e-02 2.713801e-02 8.949103e-01 7.607579e-02
1.004182e-02 1.802775e-01 3.924763e-02 1.492328e-01 3.040489e-02 -3.701920e-02 2.770915e-02 1.538433e-01 2.200849e-02 3.874902e-03 2.405104e-02 8.587887e-01 1.369556e-01
1.143651e-02 3.194021e-01 6.889537e-02 2.517366e-01 5.118279e-02 -1.447258e-01 8.112903e-02 2.293470e-01 3.955339e-02 -6.297517e-02 6.770236e-02 1.099480e+00 9.081394e-02
1.338909e-02 4.343665e-01 1.013943e-01 3.114785e-01 8.615095e-02 -7.775109e-02 5.320480e-02 2.655872e-01 7.300014e-02 -1.710093e-02 3.613457e-02 1.059012e+00 1.521175e-01
1.589954e-02 3.340576e-01 2.825791e-02 1.993987e-01 6.314075e-03 -1.789114e-01 6.293001e-02 1.651511e-01 4.205200e-03 -8.786691e-02 4.031631e-02 1.052564e+00 1.504799e-01
1.896788e-02 5.960932e-01 1.376321e-01 3.398904e-01 7.979652e-02 -8.990277e-02 1.056299e-01 2.481465e-01 4.919442e-02 -4.231725e-02 6.296719e-02 8.976028e-01 1.616993e-01
2.259409e-02 4.986565e-01 7.029250e-02 2.597530e-01 4.185518e-02 -9.386758e-03 3.418697e-02 1.982817e-01 3.107252e-02 -8.169814e-03 1.207333e-02 1.006160e+00 9.957362e-02
1.143651e-02 4.371080e-01 8.169390e-02 3.370049e-01 6.211266e-02 -5.241172e-02 7.285269e-02 2.945347e-01 5.182813e-02 3.267200e-02 4.885085e-02 9.626795e-01 1.125211e-01
1.171545e-02 3.028653e-01 6.615234e-02 2.348014e-01 5.354841e-02 -2.801524e-02 4.095213e-02 2.183500e-01 4.190928e-02 -5.816096e-03 3.532128e-02 9.197708e-01 9.456084e-02
1.255227e-02 3.038462e-01 4.890543e-02 2.218491e-01 3.971801e-02 -8.054616e-02 2.917862e-02 1.959365e-01 3.162407e-02 -3.689106e-02 3.813016e-02 1.083563e+00 8.210356e-02
1.394697e-02 3.097365e-01 5.017204e-02 2.018011e-01 2.672277e-02 -1.019080e-01 1.088783e-01 1.744955e-01 1.823340e-02 -5.156511e-03 7.171453e-02 1.293438e+00 1.041945e-01
1.589954e-02 3.967025e-01 4.839836e-02 2.577988e-01 2.922387e-02 -1.931113e-01 5.930898e-02 2.106641e-01 2.120985e-02 -1.076042e-01 3.978707e-02 1.030514e+00 1.511850e-01
1.841000e-02 3.830873e-01 5.294509e-02 2.164498e-01 2.383635e-02 -6.433805e-02 4.704140e-02 1.728398e-01 1.353943e-02 -1.917929e-02 4.253341e-02 1.066351e+00 2.855494e-02
2.147833e-02 5.577947e-01 6.378184e-02 2.733325e-01 2.620552e-02 3.582020e-02 3.930114e-02 1.962535e-01 1.543326e-02 2.998266e-02 2.722139e-02 1.070785e+00 9.513518e-02
2.510454e-02 5.053766e-01 7.644681e-02 2.247259e-01 4.465530e-02 -1.989606e-01 7.267678e-02 1.734889e-01 2.753950e-02 -5.561848e-02 2.212980e-02 1.137023e+00 1.266054e-01
1.450485e-02 3.148679e-01 6.331044e-02 1.943539e-01 3.756736e-02 -1.393028e-01 9.172538e-02 1.631070e-01 2.420424e-02 -6.358975e-02 6.524713e-02 1.233459e+00 2.423187e-01
1.478379e-02 4.461977e-01 3.145324e-02 2.894468e-01 2.528427e-02 -2.568930e-02 5.846569e-02 2.252050e-01 2.099710e-02 1.897200e-02 5.369846e-02 8.017962e-01 9.182526e-02
1.562060e-02 3.711621e-01 6.960073e-02 2.493865e-01 4.259365e-02 -1.032539e-01 4.195918e-02 2.155644e-01 2.761752e-02 -2.466527e-02 3.299150e-02 7.304450e-01 5.826616e-02
1.701530e-02 5.778841e-01 1.421959e-01 3.617766e-01 8.779890e-02 -1.074097e-01 1.408498e-01 2.723166e-01 5.901684e-02 -4.973669e-02 8.365142e-02 9.780716e-01 7.118114e-02
1.896788e-02 5.313777e-01 1.310653e-01 2.938509e-01 7.076958e-02 -9.494339e-02 9.532903e-02 2.216296e-01 4.409075e-02 -5.143071e-02 5.057968e-02 9.582342e-01 1.741898e-01
2.147833e-02 4.799948e-01 1.002515e-01 2.357876e-01 4.822490e-02 -4.587349e-02 6.533719e-02 1.755768e-01 2.512880e-02 -5.620587e-03 2.298069e-02 9.131412e-01 1.373577e-01
2.454666e-02 4.870562e-01 7.006240e-02 2.328749e-01 3.623022e-02 -1.651897e-01 7.388600e-02 1.929993e-01 2.088158e-02 -8.336388e-02 5.786815e-02 9.997720e-01 8.752023e-02
2.817288e-02 7.971757e-01 1.506282e-01 3.224909e-01 7.310925e-02 -7.442372e-02 6.729110e-02 2.277409e-01 4.266796e-02 -2.317475e-02 2.209103e-02 9.300296e-01 5.993901e-02
1.813106e-02 4.214624e-01 7.794861e-02 2.443551e-01 4.836760e-02 -6.232221e-02 5.116227e-02 1.858157e-01 3.124530e-02 -8.018442e-03 2.734669e-02 9.158088e-01 8.712951e-02
1.841000e-02 4.515746e-01 7.519914e-02 2.437545e-01 4.962154e-02 -1.385377e-01 9.690794e-02 1.807278e-01 2.969665e-02 -5.219597e-02 5.602786e-02 1.023141e+00 1.465324e-01
1.924682e-02 4.889519e-01 8.611609e-02 2.717411e-01 4.054478e-02 -1.237023e-01 8.399953e-02 1.994905e-01 2.043540e-02 -5.805648e-02 4.810489e-02 9.603058e-01 1.256855e-01
2.064151e-02 5.044032e-01 7.231854e-02 2.552630e-01 3.831679e-02 -1.020062e-01 8.981684e-02 1.830864e-01 1.936105e-02 -1.655634e-02 4.060167e-02 9.868385e-01 1.222382e-01
2.259409e-02 6.797168e-01 1.266125e-01 3.301168e-01 6.641434e-02 -8.040600e-02 4.544634e-02 2.258508e-01 3.398568e-02 -4.456597e-02 1.996012e-02 8.068458e-01 7.552098e-02
2.510454e-02 6.704409e-01 1.256007e-01 3.085372e-01 5.730866e-02 -1.756089e-01 6.170763e-02 2.260276e-01 2.547713e-02 -6.030091e-02 3.492221e-02 8.903324e-01 6.370352e-02
2.817288e-02 8.035813e-01 1.128115e-01 3.135424e-01 5.052986e-02 2.154534e-01 4.566902e-02 2.041888e-01 2.083808e-02 1.283333e-01 1.219991e-02 1.057062e+00 7.685381e-02
3.179909e-02 6.871021e-01 9.667876e-02 2.288099e-01 3.808361e-02 -8.257659e-02 8.698383e-02 1.880653e-01 2.607795e-02 -8.184275e-03 3.618144e-02 9.017010e-01 9.550544e-02
6.973484e-03 1.915308e-01 2.775565e-02 1.799396e-01 2.647386e-02 -2.526340e-02 3.034994e-02 1.901354e-01 2.542250e-02 4.723096e-03 2.688965e-02 7.626772e-01 1.364803e-01
7.252423e-03 1.906156e-01 3.803624e-02 1.784538e-01 3.708297e-02 -1.033120e-01 3.501859e-02 1.874129e-01 3.542861e-02 -7.644720e-02 4.350819e-02 7.749309e-01 1.716163e-01
8.089241e-03 1.744698e-01 1.071464e-02 1.469976e-01 7.996555e-03 -8.876324e-02 2.030876e-02 1.503227e-01 8.698195e-03 -3.527677e-02 1.917228e-02 1.215513e+00 2.877830e-01
9.483938e-03 2.188929e-01 2.324312e-02 1.846538e-01 1.833699e-02 -5.327199e-02 5.017562e-02 1.858686e-01 1.397004e-02 1.095027e-02 3.910153e-02 9.829179e-01 1.374277e-01
1.143651e-02 2.900406e-01 6.026403e-02 2.240392e-01 4.823151e-02 -1.561570e-01 1.123570e-01 2.073353e-01 3.752224e-02 -7.908473e-02 7.941536e-02 1.167608e+00 3.453323e-01
1.394697e-02 3.110795e-01 4.532228e-02 2.210371e-01 2.875072e-02 -9.091382e-02 5.711659e-02 2.006622e-01 2.093654e-02 -3.109178e-02 3.530433e-02 9.181904e-01 8.628850e-02
1.701530e-02 4.093575e-01 1.028159e-01 2.360513e-01 6.225428e-02 -4.571509e-02 2.807699e-02 1.803244e-01 4.199339e-02 -8.734918e-03 1.719336e-02 1.000608e+00 9.098218e-02
2.064151e-02 6.177583e-01 1.101428e-01 3.040049e-01 4.975321e-02 -8.621773e-02 7.201027e-02 2.033689e-01 2.285282e-02 -2.803178e-03 3.771568e-02 9.567181e-01 1.004856e-01
7.252423e-03 1.739592e-01 3.112501e-02 1.693850e-01 3.276819e-02 -4.104766e-02 9.732572e-02 1.837347e-01 3.412460e-02 6.918907e-03 8.680521e-02 1.011741e+00 1.442372e-01
7.531363e-03 1.705788e-01 3.008946e-02 1.526744e-01 2.430346e-02 -3.255176e-02 8.869991e-02 1.631711e-01 2.410361e-02 3.626973e-02 7.348280e-02 9.620590e-01 1.407973e-01
8.368181e-03 2.442674e-01 4.290753e-02 2.149253e-01 3.341226e-02 -1.087871e-01 7.849122e-02 2.109204e-01 2.797981e-02 -3.786218e-02 6.168597e-02 9.989975e-01 1.077267e-01
9.762878e-03 3.373646e-01 5.068812e-02 2.807226e-01 3.928922e-02 -1.173700e-01 8.208776e-02 2.609989e-01 3.154221e-02 -5.677056e-02 6.646299e-02 1.180910e+00 1.278388e-01
1.171545e-02 2.355542e-01 3.631218e-02 1.655936e-01 2.916651e-02 -1.200863e-01 4.602854e-02 1.497371e-01 2.235057e-02 -5.953419e-02 4.507639e-02 9.685765e-01 1.698104e-01
1.422591e-02 3.315528e-01 5.178220e-02 2.146901e-01 3.373698e-02 -1.564642e-01 6.993413e-02 1.778641e-01 2.345744e-02 -8.565614e-02 4.685576e-02 1.027831e+00 2.294818e-01
1.729424e-02 4.973934e-01 8.263141e-02 2.904155e-01 5.023392e-02 -1.490232e-01 6.356961e-02 2.187480e-01 3.228905e-02 -6.847894e-02 4.441587e-02 9.581922e-01 7.294917e-02
2.092045e-02 5.545851e-01 1.100584e-01 2.912900e-01 6.343292e-02 -1.329873e-02 9.254238e-02 2.165279e-01 3.617009e-02 1.106608e-02 4.389381e-02 1.052577e+00 1.744874e-01
8.089241e-03 2.226123e-01 4.081902e-02 1.993478e-01 3.357581e-02 -9.535017e-02 6.630507e-02 2.075783e-01 2.778080e-02 -1.866203e-02 5.845793e-02 9.749168e-01 6.664343e-02
8.368181e-03 2.622642e-01 1.602717e-02 2.310591e-01 1.232113e-02 -6.824554e-02 4.838862e-02 2.308926e-01 1.475886e-02 -1.956379e-02 4.704706e-02 7.385786e-01 6.765216e-02
9.204999e-03 2.044423e-01 3.322825e-02 1.682026e-01 3.323437e-02 -9.169122e-02 6.661108e-02 1.681898e-01 3.559733e-02 -3.176662e-02 5.033937e-02 8.289768e-01 1.368099e-01
1.059970e-02 3.746136e-01 1.066744e-01 3.028281e-01 9.214169e-02 -5.732547e-02 1.034678e-01 2.767452e-01 8.049330e-02 7.077265e-03 6.764634e-02 1.078657e+00 2.202912e-01
1.255227e-02 3.015354e-01 2.816441e-02 2.119261e-01 2.242138e-02 -1.128766e-01 7.888917e-02 1.878311e-01 1.958537e-02 -3.248857e-02 4.851148e-02 1.061712e+00 1.184151e-01
1.506273e-02 3.543407e-01 4.032863e-02 2.330542e-01 2.232859e-02 -1.862729e-01 9.165168e-02 1.979487e-01 1.221734e-02 -6.617248e-02 7.459743e-02 1.267296e+00 9.546784e-02
1.813106e-02 4.730911e-01 8.365668e-02 2.753386e-01 5.009102e-02 -1.579579e-02 5.082273e-02 2.119202e-01 3.309987e-02 1.920877e-02 2.891496e-02 9.595633e-01 1.361533e-01
2.175727e-02 6.354857e-01 9.233526e-02 3.078835e-01 4.491877e-02 -7.350922e-02 7.484859e-02 2.255883e-01 2.032413e-02 -1.956220e-02 4.324242e-02 1.009101e+00 1.081930e-01
9.483938e-03 3.020438e-01 4.654815e-02 2.463682e-01 3.908019e-02 -1.627495e-01 4.016045e-02 2.283929e-01 3.326807e-02 -7.869072e-02 3.851589e-02 9.339309e-01 7.153925e-02
9.762878e-03 2.382916e-01 2.171952e-02 1.989281e-01 1.982587e-02 -4.319571e-02 3.985227e-02 1.964096e-01 1.808214e-02 1.211006e-02 2.979705e-02 9.007294e-01 1.871174e-01
1.059970e-02 1.946130e-01 2.827927e-02 1.618025e-01 1.548104e-02 4.214611e-02 9.370186e-02 1.674540e-01 7.586038e-03 1.071288e-01 8.007504e-02 1.150106e+00 4.827079e-02
1.199439e-02 3.150268e-01 2.896872e-02 2.320361e-01 2.273806e-02 -1.005141e-01 7.864669e-02 2.068506e-01 1.939943e-02 -2.793489e-02 5.959145e-02 9.593165e-01 4.449896e-02
1.394697e-02 3.478511e-01 5.663459e-02 2.343056e-01 3.464095e-02 -8.214350e-02 3.811057e-02 2.003131e-01 2.158301e-02 -1.293165e-02 3.697458e-02 1.090535e+00 1.642246e-01
1.645742e-02 3.306344e-01 2.606115e-02 2.129910e-01 1.399374e-02 -8.320951e-02 4.380996e-02 1.869107e-01 1.144294e-02 -1.149862e-02 3.554728e-02 1.084013e+00 1.291948e-01
1.952576e-02 5.515528e-01 7.639945e-02 3.082608e-01 5.243011e-02 -1.568421e-01 7.649345e-02 2.344278e-01 3.564951e-02 -9.016234e-02 4.739741e-02 8.289250e-01 1.012322e-01
2.315197e-02 7.568143e-01 1.718239e-01 3.526876e-01 9.734006e-02 -1.454403e-01 1.081428e-01 2.507900e-01 5.231562e-02 -3.914275e-02 5.149942e-02 9.255187e-01 9.053933e-02
1.143651e-02 3.299418e-01 7.004395e-02 2.490332e-01 5.660286e-02 -5.510319e-02 4.003237e-02 2.238968e-01 4.556826e-02 8.137849e-03 3.204831e-02 8.231723e-01 1.869915e-01
1.171545e-02 4.444921e-01 1.345197e-01 3.479375e-01 1.074893e-01 -1.736931e-01 9.982085e-02 3.044091e-01 8.630688e-02 -1.151713e-01 7.845565e-02 8.769708e-01 1.256737e-01
1.255227e-02 3.065921e-01 4.332051e-02 2.247652e-01 3.064257e-02 -1.155777e-01 6.606392e-02 2.014691e-01 2.324595e-02 -1.355825e-02 5.182810e-02 1.259119e+00 1.505478e-01
1.394697e-02 3.902298e-01 5.247700e-02 2.667396e-01 3.430221e-02 -5.458609e-02 4.487225e-02 2.215828e-01 2.591292e-02 -1.670258e-02 2.825576e-02 1.044796e+00 1.008302e-01
1.589954e-02 4.457438e-01 4.209683e-02 2.826481e-01 3.566313e-02 -1.588664e-01 7.665399e-02 2.295566e-01 3.252966e-02 -1.057297e-01 4.714612e-02 9.719644e-01 1.046635e-01
1.841000e-02 4.214803e-01 6.640191e-02 2.294636e-01 3.289219e-02 -5.557226e-02 6.474593e-02 1.773635e-01 1.559954e-02 7.547237e-03 5.078848e-02 9.717307e-01 9.375194e-02
2.147833e-02 6.099630e-01 1.113635e-01 3.240767e-01 5.529005e-02 -9.040643e-02 5.996588e-02 2.354150e-01 3.237290e-02 -2.563998e-02 3.969462e-02 9.772543e-01 1.090777e-01
2.510454e-02 5.771463e-01 4.153180e-02 2.600402e-01 2.358984e-02 -6.834928e-02 9.401246e-02 2.006790e-01 1.907288e-02 1.245491e-02 4.587738e-02 8.294873e-01 1.081589e-02
1.394697e-02 3.718536e-01 9.843270e-02 2.477864e-01 6.314751e-02 -7.151618e-02 1.211071e-01 2.013320e-01 4.143515e-02 -2.843545e-02 8.550367e-02 1.180661e+00 1.174880e-01
1.422591e-02 4.250339e-01 4.590286e-02 2.918648e-01 3.583948e-02 -1.103984e-01 4.102048e-02 2.380311e-01 2.921000e-02 -6.382396e-02 3.232914e-02 9.234399e-01 1.563109e-01
1.506273e-02 3.866507e-01 5.622902e-02 2.390662e-01 3.557088e-02 -2.190866e-01 6.373220e-02 1.904301e-01 2.263250e-02 -1.117239e-01 4.250158e-02 1.062764e+00 1.459746e-01
1.645742e-02 4.975140e-01 1.374540e-01 3.089149e-01 9.324691e-02 -2.220319e-01 1.743971e-01 2.366302e-01 6.364676e-02 -1.299571e-01 1.182239e-01 1.233663e+00 2.303982e-01
1.841000e-02 3.144980e-01 3.388055e-02 1.687433e-01 2.147541e-02 -9.824943e-02 5.231157e-02 1.439413e-01 1.822382e-02 -7.144154e-02 4.474030e-02 1.264060e+00 1.224150e-01
2.092045e-02 5.657705e-01 2.646330e-02 2.961876e-01 1.836055e-02 -9.824755e-02 7.168544e-02 2.135790e-01 1.110096e-02 -5.058461e-02 4.580747e-02 1.281955e+00 8.886042e-02
2.398878e-02 1.019195e+00 3.746423e-01 4.768816e-01 1.745499e-01 -1.690872e-01 1.761189e-01 2.961222e-01 8.287349e-02 -6.193924e-02 9.633623e-02 8.592303e-01 5.268686e-02
2.761500e-02 4.536040e-01 4.340837e-02 1.755609e-01 2.153269e-02 -1.296317e-02 7.969978e-02 1.539399e-01 1.481603e-02 3.317440e-02 3.911197e-02 9.099857e-01 1.119069e-01
1.701530e-02 4.227300e-01 1.185779e-01 2.726855e-01 8.484343e-02 -1.017301e-01 9.527661e-02 2.236561e-01 6.261767e-02 -6.110885e-02 5.942924e-02 8.343551e-01 1.277856e-01
1.729424e-02 4.643263e-01 8.055066e-02 2.739855e-01 4.993290e-02 -1.012094e-01 5.937164e-02 2.205730e-01 3.031548e-02 -1.146709e-02 2.663787e-02 1.004515e+00 1.056001e-01
1.813106e-02 4.561415e-01 5.952676e-02 2.654362e-01 3.542655e-02 -2.984333e-01 8.836740e-02 1.986364e-01 2.238463e-02 -1.678626e-01 6.902829e-02 1.095908e+00 2.181133e-01
1.952576e-02 5.838889e-01 6.873560e-02 3.105765e-01 4.460712e-02 -1.423030e-01 9.503284e-02 2.250993e-01 3.464756e-02 -4.310095e-02 4.571557e-02 1.042738e+00 6.679781e-02
2.147833e-02 5.582852e-01 9.990955e-02 2.885547e-01 5.354364e-02 -6.429027e-02 6.281012e-02 2.146758e-01 2.996319e-02 -1.471298e-03 3.515986e-02 1.099331e+00 1.422899e-01
2.398878e-02 6.351073e-01 9.878706e-02 2.836496e-01 3.710314e-02 -4.444480e-02 7.572572e-02 2.016512e-01 2.324468e-02 -1.235513e-02 4.011714e-02 1.127863e+00 1.878003e-01
2.705712e-02 5.893733e-01 8.180441e-02 2.211413e-01 5.059050e-02 -9.742403e-02 5.178896e-02 1.591061e-01 3.282211e-02 -6.077565e-02 1.578951e-02 1.146397e+00 2.255330e-01
3.068333e-02 6.025976e-01 9.005721e-02 2.105479e-01 2.128373e-02 -1.457301e-03 3.681391e-02 1.736895e-01 1.356101e-02 -4.072531e-03 3.217338e-02 1.156411e+00 1.619445e-01
2.064151e-02 5.034240e-01 9.073352e-02 2.729163e-01 5.155119e-02 -9.207572e-02 7.640066e-02 2.038892e-01 3.277581e-02 -3.759200e-02 5.418081e-02 7.967419e-01 1.057756e-01
2.092045e-02 5.495129e-01 7.039794e-02 2.785557e-01 4.482752e-02 -1.505552e-01 8.174830e-02 2.029028e-01 2.811842e-02 -8.909099e-02 2.713907e-02 1.016485e+00 1.626593e-01
2.175727e-02 4.589719e-01 7.457820e-02 2.263481e-01 4.723435e-02 -1.086123e-01 9.323945e-02 1.814020e-01 2.914224e-02 -3.057231e-02 5.832624e-02 1.050467e+00 1.819445e-01
2.315197e-02 4.395938e-01 4.904515e-02 1.961780e-01 1.857513e-02 -1.630552e-01 1.160675e-01 1.689548e-01 9.172784e-03 -7.808307e-02 5.864772e-02 1.126622e+00 1.634579e-01
2.510454e-02 4.882113e-01 1.012931e-01 2.082693e-01 4.112694e-02 -1.594012e-01 9.502828e-02 1.615950e-01 1.547093e-02 -6.210015e-02 4.284663e-02 1.008935e+00 9.088428e-02
2.761500e-02 6.815611e-01 3.069378e-02 2.707845e-01 3.262614e-02 -6.443912e-02 7.043845e-02 1.858630e-01 2.344501e-02 -4.286709e-02 3.218316e-02 9.480849e-01 1.031530e-01
3.068333e-02 5.381144e-01 1.192761e-01 1.722481e-01 3.866391e-02 4.184281e-03 9.452198e-02 1.566799e-01 1.604208e-02 -5.118312e-03 2.769209e-02 1.030325e+00 5.047808e-02
3.430954e-02 7.600868e-01 1.458249e-01 2.549550e-01 4.341715e-02 6.146805e-02 9.969440e-02 2.096084e-01 1.363919e-02 3.810935e-02 3.439767e-02 9.411870e-01 5.742394e-02
1.004182e-02 2.090572e-01 1.696224e-02 1.659054e-01 1.279011e-02 -8.426417e-02 1.850082e-02 1.602295e-01 1.053134e-02 -4.309202e-02 2.170833e-02 7.827820e-01 2.184821e-01
1.032076e-02 2.018724e-01 2.982424e-02 1.583828e-01 2.257661e-02 -1.780807e-01 6.546298e-02 1.484906e-01 1.812669e-02 -1.201059e-01 5.385045e-02 1.007785e+00 1.881461e-01
1.115757e-02 2.297704e-01 2.050537e-02 1.754529e-01 1.657793e-02 -9.890959e-02 2.710724e-02 1.733657e-01 1.341369e-02 -1.287268e-02 2.352891e-02 1.238493e+00 2.367336e-01
1.255227e-02 3.383442e-01 5.111023e-02 2.572800e-01 4.053515e-02 -4.737708e-02 9.415289e-02 2.352901e-01 3.380448e-02 -2.131888e-02 9.431484e-02 1.199492e+00 1.182291e-01
1.450485e-02 4.328745e-01 6.105675e-02 2.862749e-01 5.220905e-02 -2.585212e-01 4.101039e-02 2.329138e-01 4.526134e-02 -1.476643e-01 2.156165e-02 1.008007e+00 1.432936e-01
1.701530e-02 3.592641e-01 3.340111e-02 2.223857e-01 2.776836e-02 4.482335e-03 8.788946e-02 1.986510e-01 2.837143e-02 2.741998e-02 5.446379e-02 9.007638e-01 1.098239e-01
2.008363e-02 4.556593e-01 3.163593e-02 2.188696e-01 1.940215e-02 -3.927071e-02 2.733433e-02 1.639358e-01 1.526550e-02 8.169208e-03 2.267475e-02 8.598194e-01 1.505899e-01
2.370985e-02 4.943175e-01 5.830719e-02 2.136077e-01 2.314042e-02 -9.801824e-02 4.342855e-02 1.605320e-01 1.003476e-02 -3.500251e-02 1.551222e-02 1.054234e+00 1.395260e-01
1.032076e-02 1.811597e-01 2.414929e-03 1.375421e-01 6.577122e-03 -6.790300e-02 3.147314e-02 1.350832e-01 1.134747e-02 -1.176310e-02 3.329235e-02 6.740265e-01 1.008771e-01
1.059970e-02 2.942841e-01 5.297393e-02 2.269493e-01 4.283134e-02 -3.382370e-02 3.365252e-02 2.036363e-01 3.526777e-02 -1.964574e-03 1.606961e-02 7.808554e-01 1.095425e-01
1.143651e-02 2.591739e-01 5.128751e-02 1.948486e-01 3.880309e-02 -9.651335e-02 6.890630e-02 1.756660e-01 2.998703e-02 -3.432840e-02 5.566790e-02 1.046987e+00 1.192304e-01
1.283121e-02 3.169657e-01 5.904794e-02 2.256241e-01 4.404224e-02 -2.223885e-01 7.385392e-02 1.947693e-01 3.348662e-02 -1.208882e-01 4.353539e-02 1.110587e+00 1.641360e-01
1.478379e-02 3.563048e-01 3.456751e-02 2.402017e-01 3.018364e-02 -9.049463e-02 5.617120e-02 2.061927e-01 2.913657e-02 -3.092596e-02 5.157578e-02 9.015603e-01 1.063057e-01
1.729424e-02 3.449104e-01 5.490240e-02 2.021082e-01 3.899370e-02 3.431430e-02 4.962663e-02 1.695255e-01 2.588376e-02 2.781371e-02 3.009179e-02 1.059888e+00 1.366164e-01
2.036257e-02 6.233221e-01 1.112048e-01 3.343654e-01 5.863372e-02 -4.736690e-02 6.617729e-02 2.346466e-01 3.433526e-02 1.274309e-02 4.510764e-02 1.217561e+00 1.942216e-01
2.398878e-02 7.050449e-01 1.004096e-01 3.330022e-01 7.158025e-02 -4.179098e-02 9.917844e-02 2.334203e-01 4.789406e-02 2.915768e-02 3.861919e-02 1.222887e+00 1.176508e-01
1.115757e-02 1.841618e-01 1.816226e-02 1.434254e-01 1.393636e-02 -7.437581e-02 3.778796e-02 1.506757e-01 1.206223e-02 -3.025313e-02 4.347588e-02 9.770564e-01 1.360535e-01
1.143651e-02 2.269727e-01 1.802309e-02 1.761948e-01 1.949478e-02 -5.574977e-03 5.730157e-02 1.772423e-01 2.198873e-02 5.115048e-02 4.535187e-02 9.142024e-01 1.794739e-01
1.227333e-02 3.764234e-01 1.358267e-01 2.855467e-01 1.084335e-01 -3.567742e-02 2.823979e-02 2.507248e-01 8.865459e-02 2.323565e-02 2.803657e-02 9.133352e-01 9.255078e-02
1.366803e-02 4.379144e-01 5.845909e-02 3.032750e-01 4.961678e-02 2.317511e-02 6.671296e-02 2.481414e-01 3.922807e-02 3.933518e-02 5.833126e-02 1.086915e+00 1.220469e-01
1.562060e-02 4.502178e-01 6.472265e-02 2.965064e-01 5.395415e-02 -1.312772e-01 6.477570e-02 2.512201e-01 5.395061e-02 -4.694300e-02 4.983201e-02 1.023665e+00 1.426236e-01
1.813106e-02 4.206365e-01 1.040828e-01 2.509316e-01 6.240779e-02 -2.170986e-02 1.108692e-01 1.951410e-01 3.830258e-02 1.013061e-02 6.238877e-02 1.173701e+00 1.422390e-01
2.119939e-02 4.895436e-01 6.286279e-02 2.120170e-01 3.134673e-02 -2.092439e-01 1.228724e-01 1.542840e-01 2.243747e-02 -8.424831e-02 4.826859e-02 9.806106e-01 2.147364e-01
2.482560e-02 6.623189e-01 1.211497e-01 3.211805e-01 6.072799e-02 -1.679333e-01 1.057398e-01 2.387108e-01 2.785002e-02 -5.019561e-02 5.998132e-02 1.007954e+00 1.089074e-01
1.255227e-02 3.668462e-01 9.899733e-02 2.763469e-01 8.433953e-02 9.622638e-03 8.644492e-02 2.404489e-01 7.376868e-02 3.010550e-02 7.056442e-02 8.058205e-01 1.192317e-01
1.283121e-02 2.997258e-01 3.156889e-02 2.157632e-01 2.876018e-02 2.724975e-02 5.776126e-02 1.932021e-01 2.561262e-02 5.927735e-02 3.822865e-02 9.453948e-01 1.349913e-01
1.366803e-02 3.244499e-01 4.758313e-02 2.274997e-01 3.078607e-02 -6.543406e-03 6.264464e-02 1.998024e-01 2.141451e-02 1.867518e-02 5.660547e-02 9.211603e-01 1.257035e-01
1.506273e-02 2.773601e-01 2.790096e-02 1.809187e-01 1.615682e-02 -2.343487e-02 7.458432e-02 1.592119e-01 1.518789e-02 1.425135e-02 4.438881e-02 1.027337e+00 1.173038e-01
1.701530e-02 3.690940e-01 7.705607e-02 2.316730e-01 3.290511e-02 -8.090826e-04 6.235012e-02 1.973611e-01 1.313126e-02 4.755424e-02 5.117157e-02 1.093217e+00 1.096474e-01
1.952576e-02 5.204955e-01 5.511033e-02 2.765182e-01 3.855225e-02 -5.120231e-02 3.030681e-02 2.075055e-01 2.867600e-02 1.080082e-02 2.046766e-02 9.322681e-01 1.213077e-01
2.259409e-02 5.111557e-01 6.770595e-02 2.396869e-01 3.602518e-02 -1.503862e-01 4.421923e-02 1.716454e-01 1.912875e-02 -7.220773e-02 1.011207e-02 9.033164e-01 7.590607e-02
2.622030e-02 6.210251e-01 5.778648e-02 2.616809e-01 3.198105e-02 2.813277e-02 5.345862e-02 1.945107e-01 2.435551e-02 5.934587e-02 2.417565e-02 9.149950e-01 7.465672e-02
1.450485e-02 3.108949e-01 4.291562e-02 2.052202e-01 2.871103e-02 -9.116743e-02 3.824208e-02 1.782799e-01 2.051514e-02 -1.782130e-02 2.550623e-02 8.851331e-01 7.267440e-02
1.478379e-02 3.916786e-01 7.352216e-02 2.379952e-01 4.009959e-02 -5.047380e-02 3.174550e-02 1.958262e-01 1.988161e-02 1.343759e-02 2.183100e-02 8.489207e-01 8.400688e-02
1.562060e-02 5.091527e-01 9.103902e-02 3.236038e-01 5.378786e-02 -2.721790e-01 4.750108e-02 2.418940e-01 3.408208e-02 -1.559319e-01 4.091324e-02 1.239083e+00 1.229198e-01
1.701530e-02 4.393661e-01 1.006413e-01 2.553916e-01 8.253662e-02 -1.762077e-01 8.570935e-02 2.037268e-01 5.935694e-02 -5.454995e-02 6.147442e-02 1.221167e+00 1.693072e-01
1.896788e-02 5.617290e-01 1.006266e-01 3.187080e-01 6.498704e-02 -7.892076e-02 4.029299e-02 2.462005e-01 4.833848e-02 -2.545711e-02 2.715365e-02 8.903916e-01 1.325383e-01
2.147833e-02 5.702834e-01 7.175564e-02 2.955428e-01 3.788929e-02 -1.536091e-01 5.862985e-02 2.189758e-01 2.343968e-02 -4.597519e-02 5.011659e-02 1.143613e+00 1.554064e-01
2.454666e-02 4.896288e-01 6.583101e-02 2.241656e-01 2.383452e-02 -6.917602e-02 5.751174e-02 1.701738e-01 9.550556e-03 -4.533699e-02 2.347966e-02 9.694022e-01 7.274181e-02
2.817288e-02 7.126596e-01 5.656741e-02 2.632430e-01 1.559462e-02 -1.277219e-01 7.298610e-02 1.879296e-01 1.873503e-02 -2.105865e-02 2.849994e-03 9.735104e-01 9.262123e-02
1.701530e-02 3.967163e-01 3.392548e-02 2.464597e-01 1.746217e-02 1.856482e-02 5.110520e-02 2.045498e-01 1.693720e-02 1.101844e-02 3.949370e-02 1.058447e+00 1.839740e-01
1.729424e-02 2.880498e-01 3.394663e-02 1.549931e-01 1.610194e-02 -9.603692e-02 1.037763e-01 1.281874e-01 9.846824e-03 -7.668891e-04 4.848417e-02 1.114797e+00 1.288266e-01
1.813106e-02 3.518905e-01 5.898298e-02 1.775175e-01 3.456726e-02 -8.837866e-02 4.027717e-02 1.256264e-01 2.255921e-02 -2.407124e-02 3.002432e-02 9.399501e-01 1.478856e-01
1.952576e-02 5.326830e-01 1.184024e-01 2.890616e-01 5.393971e-02 -1.134468e-01 5.125630e-02 2.196326e-01 2.410012e-02 -5.955782e-02 2.974726e-02 8.940958e-01 1.227165e-01
2.147833e-02 5.865016e-01 1.040432e-01 2.809232e-01 5.873507e-02 -1.402130e-01 7.123249e-02 2.008513e-01 3.447498e-02 -4.295927e-02 2.898043e-02 9.519963e-01 1.763994e-01
2.398878e-02 6.650728e-01 4.944560e-02 2.734567e-01 2.022173e-02 -1.178171e-01 6.598257e-02 1.888360e-01 1.542323e-02 -5.733404e-02 2.941551e-02 9.008408e-01 7.175759e-02
2.705712e-02 4.482424e-01 6.446135e-02 1.713602e-01 2.333564e-02 -4.644045e-02 1.902277e-02 1.411059e-01 8.295272e-03 -3.505805e-02 2.071773e-02 9.411271e-01 1.108328e-01
3.068333e-02 6.416376e-01 7.612409e-02 2.195052e-01 2.770647e-02 1.876685e-02 9.060548e-02 1.767682e-01 1.184730e-02 3.539762e-02 4.549549e-02 1.108952e+00 8.537615e-02
2.008363e-02 5.862985e-01 1.089931e-01 2.946653e-01 4.911453e-02 -1.541671e-01 8.660531e-02 1.947115e-01 2.414586e-02 -6.142097e-02 5.765122e-02 1.073062e+00 1.289829e-01
2.036257e-02 6.418475e-01 1.360591e-01 3.409166e-01 9.274551e-02 7.971314e-03 1.008336e-01 2.497392e-01 6.442698e-02 3.343161e-02 4.739739e-02 1.122509e+00 1.185831e-01
2.119939e-02 6.984715e-01 5.265375e-02 3.673998e-01 2.927611e-02 -6.836101e-02 5.572598e-02 2.647003e-01 2.141782e-02 -2.083416e-02 4.247543e-02 1.153666e+00 2.598391e-02
2.259409e-02 5.072167e-01 8.035564e-02 2.623566e-01 3.853856e-02 -1.692671e-01 6.798780e-02 2.025940e-01 2.064326e-02 -6.684903e-02 3.974291e-02 8.913253e-01 1.094606e-01
2.454666e-02 5.065170e-01 9.232181e-02 2.454671e-01 3.365608e-02 -7.908342e-02 5.026009e-02 1.955723e-01 1.493794e-02 -1.748436e-02 3.128272e-02 8.756628e-01 1.372735e-01
2.705712e-02 4.922378e-01 5.564870e-02 1.869346e-01 2.342124e-02 -2.914651e-02 7.896859e-02 1.521327e-01 1.141598e-02 -1.638536e-02 3.042971e-02 8.068250e-01 9.032929e-02
3.012545e-02 5.611396e-01 8.569904e-02 2.261008e-01 4.701548e-02 -5.298414e-02 4.881969e-02 2.021996e-01 2.632593e-02 -2.009324e-02 3.724141e-02 7.537692e-01 4.354908e-02
3.375166e-02 7.393207e-01 1.548849e-01 2.959446e-01 6.493216e-02 -1.230389e-01 1.381892e-01 2.322727e-01 3.144984e-02 -6.768423e-02 8.222237e-02 9.487592e-01 1.299334e-01
2.370985e-02 6.420275e-01 6.220655e-02 3.034620e-01 2.325144e-02 -1.276481e-01 9.648322e-02 2.227030e-01 1.240281e-02 -3.277785e-02 4.129544e-02 8.517292e-01 4.008269e-02
2.398878e-02 5.613478e-01 5.725611e-02 2.573892e-01 3.470321e-02 -8.648047e-02 8.485870e-02 1.995764e-01 2.496525e-02 2.463118e-03 3.839935e-02 9.874452e-01 2.023282e-01
2.482560e-02 7.158645e-01 1.335369e-01 2.934617e-01 5.411144e-02 -1.057694e-01 4.892952e-02 1.962863e-01 2.611358e-02 -3.133874e-02 2.802471e-02 1.049537e+00 1.401936e-01
2.622030e-02 7.313839e-01 2.052093e-01 3.040693e-01 9.511733e-02 -1.636695e-01 4.512235e-02 1.990509e-01 4.588488e-02 -6.985792e-02 3.296345e-02 9.462192e-01 1.167374e-01
2.817288e-02 6.700648e-01 7.733954e-02 2.610188e-01 3.406632e-02 -2.235919e-01 6.225319e-02 1.859273e-01 1.177893e-02 -8.989565e-02 2.643033e-02 9.107229e-01 8.864405e-02
3.068333e-02 7.677643e-01 1.540758e-01 2.712673e-01 5.437321e-02 5.899352e-02 2.575605e-02 1.968772e-01 2.292726e-02 4.014611e-02 1.839406e-02 9.242581e-01 7.579422e-02
3.375166e-02 5.469573e-01 6.318379e-02 1.479944e-01 4.565752e-02 -4.885386e-02 7.346226e-02 1.639126e-01 3.767541e-02 -1.110558e-02 5.132279e-02 1.032605e+00 8.733833e-02
3.737787e-02 8.172837e-01 4.140752e-02 2.698873e-01 2.054523e-02 -1.308902e-02 7.964641e-02 2.151779e-01 1.553607e-02 -1.279873e-03 3.644795e-02 1.091640e+00 4.880089e-02
1.366803e-02 2.903719e-01 4.320805e-02 1.944465e-01 3.058278e-02 -5.883207e-02 2.611785e-02 1.721903e-01 2.007050e-02 -5.400475e-03 2.511653e-02 6.624795e-01 5.218736e-02
1.394697e-02 2.618217e-01 3.725905e-02 1.946465e-01 3.551541e-02 -5.331021e-02 4.550927e-02 1.771634e-01 3.427760e-02 2.686911e-03 3.236584e-02 1.094397e+00 7.120963e-02
1.478379e-02 2.734394e-01 4.912009e-02 1.828033e-01 3.744250e-02 1.792747e-02 6.734158e-02 1.635320e-01 2.934187e-02 3.595001e-02 5.726956e-02 1.033154e+00 1.323250e-01
1.617848e-02 4.404023e-01 5.570611e-02 2.686010e-01 3.319106e-02 1.786074e-02 1.037417e-02 2.099738e-01 2.467456e-02 3.994161e-02 1.856260e-02 7.394875e-01 4.053596e-02
1.813106e-02 5.450820e-01 1.773940e-01 3.234165e-01 1.079010e-01 1.145559e-02 5.098000e-02 2.508903e-01 6.780165e-02 5.322033e-03 2.961468e-02 8.557385e-01 7.726195e-02
2.064151e-02 5.206249e-01 1.564950e-01 2.623567e-01 8.535989e-02 -1.084049e-01 9.541717e-02 1.984480e-01 4.986774e-02 -4.729338e-02 5.648268e-02 9.774273e-01 1.465148e-01
2.370985e-02 6.651499e-01 1.457140e-01 3.071819e-01 7.838326e-02 -1.949448e-01 1.233583e-01 2.088947e-01 3.938429e-02 -5.928697e-02 6.340372e-02 1.020331e+00 1.952449e-01
2.733606e-02 5.511979e-01 9.052327e-02 2.285697e-01 2.979444e-02 -2.245481e-01 8.223267e-02 1.836488e-01 1.029684e-02 -1.300437e-01 4.353359e-02 1.214813e+00 1.175288e-01
1.394697e-02 3.136148e-01 5.302403e-02 2.198713e-01 3.747708e-02 -2.452085e-02 5.332535e-02 1.920176e-01 2.440553e-02 -6.713144e-03 4.225688e-02 9.388158e-01 1.101445e-01
1.422591e-02 3.641983e-01 3.977936e-02 2.423788e-01 2.940274e-02 -5.171551e-02 2.991528e-02 1.956078e-01 2.236591e-02 -1.447103e-02 2.328884e-02 1.094625e+00 5.365807e-02
1.506273e-02 4.262523e-01 1.277695e-01 2.769262e-01 9.912285e-02 -1.127745e-01 7.113761e-02 2.246011e-01 7.762062e-02 -4.668994e-02 5.316679e-02 9.266157e-01 1.193546e-01
1.645742e-02 3.991923e-01 6.770507e-02 2.643592e-01 5.618943e-02 -7.494864e-02 3.246119e-02 2.318127e-01 4.694263e-02 -5.275966e-03 3.409055e-02 9.603434e-01 1.712095e-01
1.841000e-02 4.181113e-01 3.184709e-02 2.222898e-01 2.409105e-02 -2.479103e-02 5.899766e-02 1.700239e-01 2.391366e-02 -6.448172e-03 3.935445e-02 1.052128e+00 8.661800e-02
2.092045e-02 6.838023e-01 4.779239e-02 3.512719e-01 2.239893e-02 -2.936164e-01 7.807327e-02 2.303961e-01 1.253551e-02 -1.375190e-01 4.219095e-02 1.035006e+00 9.939192e-02
2.398878e-02 5.354928e-01 8.840298e-02 2.251489e-01 4.850294e-02 -1.458267e-01 7.252996e-02 1.743821e-01 3.063007e-02 -6.614316e-02 3.904889e-02 1.197313e+00 1.465905e-01
2.761500e-02 6.983209e-01 8.872659e-02 2.608475e-01 3.833521e-02 -3.534362e-01 9.718712e-02 1.833928e-01 1.433312e-02 -9.934735e-02 6.454297e-02 1.174382e+00 1.051031e-01
1.478379e-02 4.925106e-01 9.569869e-02 3.277513e-01 6.354704e-02 -1.458339e-01 1.116892e-01 2.608471e-01 4.225498e-02 -7.641567e-02 7.473509e-02 1.136725e+00 7.061171e-02
1.506273e-02 3.077996e-01 4.992666e-02 2.060917e-01 3.519904e-02 -1.367745e-01 2.831674e-02 1.818066e-01 2.595254e-02 -7.477671e-02 2.106538e-02 9.677146e-01 1.616037e-01
1.589954e-02 3.561739e-01 3.365003e-02 2.145569e-01 2.025098e-02 -1.771666e-01 7.726635e-02 1.746907e-01 1.368436e-02 -8.392941e-02 4.864991e-02 1.039483e+00 1.471035e-01
1.729424e-02 3.836380e-01 6.253612e-02 2.031050e-01 3.469927e-02 -1.377910e-01 4.751956e-02 1.668457e-01 2.423239e-02 -6.408226e-03 3.118387e-02 1.077850e+00 7.743680e-02
1.924682e-02 6.161224e-01 8.135622e-02 3.283502e-01 5.508462e-02 -1.756223e-01 6.071749e-02 2.327352e-01 3.857464e-02 -6.595735e-02 3.736873e-02 9.298115e-01 1.200353e-01
2.175727e-02 5.381735e-01 6.561650e-02 2.509652e-01 3.524825e-02 -1.594962e-01 7.478727e-02 1.762168e-01 1.813000e-02 -7.263679e-02 4.591398e-02 9.030555e-01 9.698993e-02
2.482560e-02 5.522528e-01 4.861293e-02 2.487039e-01 2.551603e-02 -1.745722e-01 8.535287e-02 1.890076e-01 1.479025e-02 -3.256337e-02 3.218244e-02 1.036159e+00 1.348016e-01
2.845181e-02 6.749334e-01 6.498772e-02 2.433592e-01 4.029635e-02 -3.791761e-02 7.249072e-02 1.660417e-01 2.187962e-02 -3.784862e-02 1.272984e-02 1.003078e+00 8.495528e-02
1.617848e-02 3.798026e-01 4.622044e-02 2.184107e-01 2.823515e-02 -6.645092e-02 5.873806e-02 1.702081e-01 2.314953e-02 -3.649545e-03 3.474593e-02 8.765253e-01 1.094878e-01
1.645742e-02 3.488239e-01 2.152175e-02 1.887163e-01 1.230625e-02 -5.781607e-02 5.475803e-02 1.527457e-01 6.280301e-03 -5.270358e-03 2.672304e-02 1.217286e+00 1.341422e-01
1.729424e-02 4.641937e-01 6.611428e-02 2.982207e-01 3.236560e-02 -2.693215e-02 8.015343e-02 2.394092e-01 1.480990e-02 2.576737e-02 5.381959e-02 8.656489e-01 6.920327e-02
1.868894e-02 6.893495e-01 1.583199e-01 3.892019e-01 9.619982e-02 -1.784606e-01 5.267954e-02 2.647258e-01 5.890661e-02 -1.070663e-01 4.285711e-02 1.013883e+00 8.365602e-02
2.064151e-02 4.773153e-01 4.922200e-02 2.375422e-01 2.658297e-02 -8.108018e-02 7.538948e-02 1.808547e-01 1.199723e-02 4.814530e-05 4.163725e-02 1.049196e+00 7.318065e-02
2.315197e-02 7.196163e-01 1.788093e-01 3.273451e-01 7.992306e-02 3.460003e-02 6.127393e-02 2.204743e-01 4.068334e-02 1.522729e-02 2.785286e-02 9.226057e-01 1.045795e-01
2.622030e-02 5.614928e-01 1.060981e-01 2.567160e-01 5.716697e-02 -1.329567e-01 6.980653e-02 1.910863e-01 3.545652e-02 -2.387940e-02 4.438419e-02 9.696790e-01 8.721100e-02
2.984651e-02 7.354693e-01 6.234852e-02 2.428458e-01 2.883452e-02 -6.200262e-02 1.270043e-01 1.644363e-01 1.969498e-02 5.030148e-03 3.977965e-02 1.000681e+00 2.555406e-02
1.813106e-02 4.334673e-01 6.674980e-02 2.627760e-01 4.670997e-02 -9.911632e-02 6.536553e-02 2.115784e-01 3.424233e-02 -2.802653e-02 5.217880e-02 1.110535e+00 1.279109e-01
1.841000e-02 4.275480e-01 8.652565e-02 2.450992e-01 4.404426e-02 -3.900143e-02 5.103325e-02 1.911687e-01 2.046057e-02 6.074632e-03 3.906838e-02 1.015234e+00 5.893760e-02
1.924682e-02 5.328676e-01 1.039599e-01 3.045223e-01 6.085905e-02 -6.151989e-02 5.526553e-02 2.266251e-01 4.017469e-02 -3.639260e-02 3.210956e-02 1.027764e+00 1.083420e-01
2.064151e-02 5.671361e-01 4.926124e-02 3.008830e-01 2.937235e-02 -1.139367e-01 5.948013e-02 2.218709e-01 2.645861e-02 -5.318713e-02 3.773733e-02 9.081954e-01 1.112065e-01
2.259409e-02 4.944117e-01 7.815590e-02 2.191796e-01 3.998881e-02 -3.916742e-02 3.325804e-02 1.593078e-01 2.369836e-02 -3.249725e-02 1.206335e-02 8.126938e-01 1.251927e-01
2.510454e-02 6.249938e-01 1.072049e-01 2.703016e-01 4.996094e-02 -1.494026e-01 2.260115e-02 1.859709e-01 2.692789e-02 -7.214528e-02 1.710584e-02 9.410658e-01 7.104968e-02
2.817288e-02 6.801727e-01 8.183867e-02 2.391643e-01 5.353177e-02 -2.210576e-01 5.126462e-02 1.891885e-01 3.057042e-02 -7.385912e-02 2.401071e-02 1.170792e+00 1.284311e-01
3.179909e-02 9.462890e-01 1.811683e-01 3.043502e-01 8.260768e-02 4.442117e-02 1.095189e-01 2.175293e-01 2.456871e-02 1.982169e-02 4.576922e-02 9.192681e-01 2.969740e-02
2.064151e-02 5.250977e-01 9.707683e-02 2.624208e-01 5.366321e-02 -4.219976e-02 5.423255e-02 1.964065e-01 2.971090e-02 -5.990174e-03 3.999489e-02 1.102310e+00 2.321894e-01
2.092045e-02 6.915159e-01 1.815323e-01 3.612109e-01 9.394839e-02 -8.110159e-02 8.747253e-02 2.540109e-01 4.979509e-02 -3.160261e-02 5.384773e-02 1.076068e+00 1.038019e-01
2.175727e-02 6.786888e-01 8.747403e-02 3.597611e-01 5.751429e-02 -2.274509e-01 1.405943e-01 2.421377e-01 4.280037e-02 -9.621444e-02 7.172999e-02 1.039103e+00 8.147158e-02
2.315197e-02 6.313781e-01 9.193363e-02 3.261247e-01 6.243868e-02 -7.871000e-02 8.485715e-02 2.325252e-01 3.896521e-02 -2.101395e-02 4.114383e-02 1.027355e+00 1.179456e-01
2.510454e-02 6.867164e-01 1.224014e-01 2.934244e-01 5.140966e-02 -1.304644e-01 4.852028e-02 1.939366e-01 2.690225e-02 -4.779929e-02 2.372599e-02 1.008230e+00 1.273512e-01
2.761500e-02 7.742827e-01 1.301079e-01 3.065145e-01 5.525474e-02 -4.419587e-02 1.093227e-01 2.026358e-01 3.027346e-02 9.975400e-03 5.804761e-02 1.081734e+00 2.014258e-01
3.068333e-02 8.051524e-01 2.070816e-01 2.887685e-01 9.565937e-02 -7.388496e-02 7.637605e-02 2.138937e-01 4.387204e-02 -2.203467e-02 4.477358e-02 8.083342e-01 1.033849e-01
3.430954e-02 6.508778e-01 1.093251e-01 2.246473e-01 4.194288e-02 -5.105411e-02 8.147927e-02 2.077068e-01 1.797036e-02 -3.044225e-02 2.222932e-02 9.801877e-01 7.780377e-02
2.370985e-02 6.375333e-01 1.132643e-01 2.963227e-01 5.264465e-02 -9.413317e-02 5.957549e-02 2.244644e-01 3.157024e-02 4.750510e-03 2.770061e-02 1.097186e+00 1.345478e-01
2.398878e-02 6.230894e-01 1.109569e-01 3.078833e-01 7.847101e-02 -1.324921e-02 9.322322e-02 2.217705e-01 5.286273e-02 9.908787e-03 3.750725e-02 1.022661e+00 1.950451e-01
2.482560e-02 5.817449e-01 1.165569e-01 2.905532e-01 7.166254e-02 -1.556807e-01 9.055421e-02 2.216347e-01 4.876466e-02 -6.070550e-02 4.220528e-02 8.873526e-01 1.007537e-01
2.622030e-02 5.076356e-01 4.822925e-02 2.106289e-01 2.404471e-02 -4.759036e-02 6.778446e-02 1.621261e-01 1.606865e-02 -7.667591e-03 2.498954e-02 9.718187e-01 6.235700e-02
2.817288e-02 5.860217e-01 9.276317e-02 2.420510e-01 4.524590e-02 -3.613391e-02 6.032192e-02 1.910335e-01 3.160628e-02 -3.661125e-02 3.972523e-02 9.754038e-01 2.348711e-01
3.068333e-02 7.100597e-01 5.037327e-02 2.487739e-01 1.821852e-02 -1.588290e-01 9.319508e-02 2.028308e-01 2.081076e-02 -2.464743e-02 3.785678e-02 1.068126e+00 1.123727e-01
3.375166e-02 6.954524e-01 8.881646e-02 2.351230e-01 2.797259e-02 6.779285e-03 7.696735e-02 1.838454e-01 1.767503e-02 -1.266906e-02 1.767757e-02 1.034982e+00 9.029777e-02
3.737787e-02 6.929720e-01 1.018525e-01 1.405033e-01 2.109550e-02 -2.768281e-02 5.522340e-02 1.834353e-01 2.037364e-02 -4.267622e-02 3.611752e-02 1.210773e+00 1.460169e-01
2.733606e-02 5.454186e-01 9.758995e-02 2.101008e-01 3.626956e-02 -7.434769e-02 6.120517e-02 1.655405e-01 2.305604e-02 -4.331322e-02 4.086184e-02 9.919992e-01 5.483838e-02
2.761500e-02 6.694558e-01 1.608194e-01 2.152699e-01 5.510451e-02 -2.789687e-02 8.807847e-02 1.510473e-01 1.946720e-02 6.757073e-03 4.284390e-02 9.126774e-01 8.374268e-02
2.845181e-02 1.033680e+00 1.970980e-01 3.894308e-01 7.392925e-02 -1.906142e-01 5.783920e-02 2.383408e-01 2.683061e-02 -1.174101e-01 3.694816e-02 9.345810e-01 1.025482e-01
2.984651e-02 5.892325e-01 5.107766e-02 2.286595e-01 2.576085e-02 -3.520620e-02 2.243540e-02 1.860424e-01 5.979289e-03 -3.171244e-02 2.511683e-02 1.036507e+00 1.206479e-01
3.179909e-02 7.666239e-01 5.127728e-02 2.740380e-01 4.791870e-02 9.235749e-02 5.922374e-02 2.079542e-01 3.266960e-02 2.379511e-02 3.994565e-02 9.454119e-01 9.813804e-02
3.430954e-02 8.313050e-01 1.150422e-01 2.821868e-01 5.037933e-02 -8.788312e-02 6.491675e-02 2.367881e-01 2.823448e-02 -4.596799e-02 5.698745e-02 9.857867e-01 1.468716e-01
3.737787e-02 8.597333e-01 2.094025e-01 2.397870e-01 9.242846e-02 -8.414790e-02 1.108639e-01 2.090146e-01 3.663252e-02 -2.199314e-02 3.847528e-02 1.010754e+00 1.528061e-01
4.100409e-02 6.391840e-01 3.685338e-02 1.495190e-01 1.843259e-02 -5.781529e-02 8.540728e-03 1.847344e-01 2.348987e-02 -6.858604e-02 3.464231e-02 1.000976e+00 9.906092e-02
