# k^2  MgMg MgMg_error  MgCl MgCl_error  MgNa MgNa_error  ClCl ClCl_error  ClNa ClNa_error  NaNa NaNa_error
0.000000e+00 2.112000e+03 0.000000e+00 2.998111e+03 0.000000e+00 2.599692e+02 0.000000e+00 4.256000e+03 0.000000e+00 3.690420e+02 0.000000e+00 3.200000e+01 0.000000e+00
2.789568e-04 7.584524e-02 2.081460e-02 1.033980e-01 2.743730e-02 -1.997344e-02 1.907744e-02 1.456879e-01 3.565688e-02 2.040421e-02 3.755165e-02 5.847937e-01 1.698516e-01
1.115827e-03 1.165719e-01 2.016086e-02 1.501852e-01 2.428720e-02 -6.016305e-02 5.205835e-02 2.025207e-01 2.973568e-02 -6.122029e-03 6.710600e-02 9.020717e-01 1.529342e-01
2.510611e-03 1.054376e-01 1.465244e-02 1.200375e-01 1.362146e-02 -1.039510e-01 4.736120e-02 1.496310e-01 1.216545e-02 -5.132027e-02 4.554549e-02 1.065933e+00 2.542871e-01
4.463308e-03 1.497379e-01 2.156414e-02 1.547999e-01 2.789609e-02 -9.989291e-02 8.145868e-02 1.784953e-01 3.491721e-02 -3.710665e-02 6.883197e-02 1.027521e+00 3.096654e-01
6.973919e-03 2.511438e-01 6.152197e-02 2.278980e-01 5.334116e-02 -2.023946e-01 1.074756e-01 2.306196e-01 4.607658e-02 -1.335034e-01 9.590120e-02 1.121344e+00 2.353536e-01
1.004244e-02 2.423354e-01 3.305668e-02 1.985540e-01 2.930847e-02 -1.349375e-01 4.173232e-02 1.934243e-01 2.655939e-02 -7.476267e-02 3.197319e-02 9.797792e-01 9.172898e-02
1.366888e-02 3.271075e-01 4.742445e-02 2.324112e-01 3.457643e-02 -8.065100e-02 5.559076e-02 2.065095e-01 2.618024e-02 7.168782e-03 3.882747e-02 9.628957e-01 1.040779e-01
2.789568e-04 7.872109e-02 7.770892e-03 1.064364e-01 1.067030e-02 -3.281584e-02 2.958248e-02 1.463833e-01 1.596503e-02 -2.598918e-02 4.013285e-02 2.320477e-01 2.960561e-02
5.579135e-04 9.272462e-02 1.068209e-02 1.294658e-01 1.418289e-02 5.014043e-02 1.512276e-02 1.847995e-01 1.889244e-02 9.429384e-02 2.675777e-02 3.099546e-01 7.640065e-02
1.394784e-03 9.776834e-02 1.304214e-02 1.221020e-01 1.768291e-02 -4.762433e-02 1.095487e-02 1.613980e-01 2.442597e-02 -8.183021e-03 7.222702e-03 6.362245e-01 2.103220e-01
2.789568e-03 9.880814e-02 1.210818e-02 1.166077e-01 1.722931e-02 -5.950432e-02 4.061873e-02 1.511484e-01 2.338024e-02 2.067595e-02 5.112027e-02 1.314945e+00 2.593549e-01
4.742265e-03 1.265548e-01 1.377436e-02 1.430107e-01 1.657831e-02 5.785306e-02 6.909717e-02 1.799730e-01 1.962544e-02 1.460321e-01 7.901625e-02 1.422789e+00 2.825121e-01
7.252876e-03 1.514880e-01 1.522489e-02 1.448406e-01 1.131472e-02 -7.377183e-02 6.592269e-02 1.639855e-01 8.668139e-03 -2.754079e-02 6.877267e-02 7.749761e-01 1.548968e-01
1.032140e-02 2.748892e-01 5.951145e-02 2.238504e-01 5.139419e-02 -8.227071e-02 4.549997e-02 2.130232e-01 4.462896e-02 -2.650584e-02 4.274575e-02 9.791039e-01 1.129158e-01
1.394784e-02 2.630224e-01 3.376847e-02 1.790765e-01 2.050868e-02 -5.935351e-02 2.648522e-02 1.628967e-01 1.330579e-02 -3.777847e-02 2.232207e-02 1.037311e+00 1.467850e-01
1.115827e-03 1.070806e-01 2.613112e-02 1.345291e-01 3.112443e-02 -7.183723e-02 4.863088e-02 1.756823e-01 3.705486e-02 -5.453601e-02 6.293101e-02 5.376200e-01 6.645783e-02
1.394784e-03 1.395690e-01 2.637671e-02 1.785892e-01 3.317642e-02 -3.697166e-03 5.623317e-02 2.368075e-01 4.277537e-02 3.822890e-02 7.091610e-02 5.486290e-01 5.317497e-02
2.231654e-03 1.021231e-01 2.019560e-02 1.250137e-01 2.079800e-02 -3.327476e-02 7.297876e-02 1.658709e-01 2.211512e-02 5.231021e-02 8.393675e-02 1.225891e+00 2.186955e-01
3.626438e-03 1.299042e-01 2.157960e-02 1.470575e-01 2.161312e-02 -2.369538e-02 5.017665e-02 1.801425e-01 2.085233e-02 3.312951e-02 7.657821e-02 9.637292e-01 2.230688e-01
5.579135e-03 1.725752e-01 1.916240e-02 1.795032e-01 1.809369e-02 -1.426462e-03 5.211728e-02 2.088221e-01 1.921068e-02 8.480906e-02 4.395760e-02 1.214858e+00 2.441306e-01
8.089746e-03 2.045909e-01 3.318164e-02 1.855740e-01 3.061474e-02 -8.963377e-02 4.783130e-02 1.934641e-01 2.995980e-02 -2.891516e-02 4.383481e-02 1.024042e+00 1.271093e-01
1.115827e-02 2.720215e-01 5.481734e-02 1.922501e-01 4.190170e-02 -6.590061e-02 1.116638e-01 1.650629e-01 3.334155e-02 -1.933782e-02 8.812084e-02 9.827073e-01 2.056108e-01
1.478471e-02 4.647335e-01 5.946633e-02 2.977511e-01 5.001696e-02 -9.255635e-02 8.947097e-02 2.368698e-01 3.968406e-02 -1.021174e-02 3.430525e-02 8.212218e-01 1.661412e-01
2.510611e-03 1.149337e-01 2.045466e-02 1.422195e-01 2.869135e-02 2.152307e-02 4.269092e-02 1.893055e-01 3.913745e-02 1.050696e-01 5.461020e-02 9.124626e-01 2.803514e-01
2.789568e-03 8.438243e-02 2.014979e-02 9.771369e-02 2.056727e-02 -4.842161e-02 5.751787e-02 1.228761e-01 2.123757e-02 -1.898841e-02 6.275298e-02 5.967221e-01 1.824751e-01
3.626438e-03 1.224233e-01 3.075178e-02 1.437835e-01 3.619394e-02 3.764994e-02 6.671574e-02 1.818787e-01 4.268320e-02 9.653863e-02 7.666860e-02 8.566558e-01 1.158922e-01
5.021222e-03 2.342092e-01 4.335660e-02 2.386523e-01 4.117129e-02 -2.015144e-01 1.190017e-01 2.647146e-01 4.071162e-02 -1.390043e-01 1.090913e-01 1.114015e+00 2.457048e-01
6.973919e-03 1.632593e-01 3.341232e-02 1.644495e-01 3.666528e-02 -1.408996e-02 3.489383e-02 1.904460e-01 4.187454e-02 4.170881e-02 5.893928e-02 7.765480e-01 2.184591e-01
9.484530e-03 2.252832e-01 2.905966e-02 1.830585e-01 2.026683e-02 -1.088251e-01 5.614033e-02 1.711467e-01 1.339187e-02 -7.770099e-02 4.344637e-02 8.111754e-01 9.490177e-02
1.255305e-02 3.936418e-01 4.959455e-02 2.669475e-01 3.963498e-02 -1.192127e-01 3.927553e-02 2.194769e-01 2.993528e-02 -2.048452e-02 2.615799e-02 1.134156e+00 1.747303e-01
1.617949e-02 6.253328e-01 1.910819e-01 4.026588e-01 1.258743e-01 -2.636182e-01 1.496821e-01 3.041934e-01 8.174219e-02 -1.154266e-01 1.009906e-01 1.328317e+00 6.751499e-02
4.463308e-03 1.105682e-01 7.337687e-03 1.146757e-01 9.101441e-03 -7.931137e-02 3.214866e-02 1.379124e-01 1.079756e-02 -6.512237e-03 3.339615e-02 1.180451e+00 2.057965e-01
4.742265e-03 1.399057e-01 4.666328e-02 1.430060e-01 5.152269e-02 -7.978832e-02 8.061252e-02 1.661481e-01 5.639940e-02 2.797255e-03 8.032915e-02 1.323515e+00 2.788309e-01
5.579135e-03 1.726383e-01 4.221908e-02 1.696382e-01 4.068822e-02 -5.985468e-02 4.151666e-02 1.847704e-01 3.874878e-02 1.305346e-02 4.241099e-02 1.003489e+00 3.360727e-01
6.973919e-03 1.879942e-01 1.407500e-02 1.867213e-01 1.209565e-02 -1.804127e-02 5.304104e-02 2.039362e-01 1.363989e-02 2.791916e-02 6.417934e-02 8.700949e-01 1.273148e-01
8.926617e-03 1.751797e-01 1.644584e-02 1.461798e-01 1.428298e-02 -9.696081e-02 2.241921e-02 1.474284e-01 1.184951e-02 -4.039936e-02 1.085939e-02 9.380573e-01 1.880674e-01
1.143723e-02 2.671165e-01 7.942695e-02 2.034747e-01 6.519293e-02 -7.699862e-02 5.101342e-02 1.865600e-01 5.076159e-02 -4.785168e-02 4.777762e-02 8.890269e-01 6.472645e-02
1.450575e-02 3.151038e-01 2.442546e-02 1.955947e-01 1.868565e-02 -8.451492e-02 7.418001e-02 1.572850e-01 2.074979e-02 -1.541914e-02 4.023587e-02 9.572335e-01 7.058151e-02
1.813219e-02 4.865260e-01 1.127739e-01 2.547892e-01 6.874489e-02 -5.983551e-02 1.116456e-01 1.950715e-01 4.051813e-02 7.675356e-03 6.589995e-02 1.251541e+00 2.088121e-01
6.973919e-03 1.440838e-01 2.062827e-02 1.338595e-01 1.901804e-02 -8.698481e-02 2.167408e-02 1.458201e-01 1.880234e-02 -4.243737e-02 2.440682e-02 8.281765e-01 4.843077e-02
7.252876e-03 2.273823e-01 4.197768e-02 2.162914e-01 4.230887e-02 -1.276139e-01 9.314829e-02 2.315461e-01 4.394378e-02 -5.324129e-02 1.090938e-01 1.137161e+00 1.647800e-01
8.089746e-03 2.423408e-01 2.109034e-02 2.198847e-01 1.751229e-02 -8.633122e-02 4.065254e-02 2.247997e-01 1.482533e-02 -5.045358e-02 3.989110e-02 5.735841e-01 1.119781e-01
9.484530e-03 2.791826e-01 6.838918e-02 2.196656e-01 5.818192e-02 -1.907701e-01 6.600588e-02 2.068705e-01 4.822881e-02 -1.074039e-01 6.151026e-02 1.397719e+00 1.954442e-01
1.143723e-02 3.027578e-01 4.048190e-02 2.203816e-01 2.886402e-02 -9.727573e-02 4.473485e-02 1.984559e-01 2.077383e-02 -1.077667e-02 2.936576e-02 1.095440e+00 6.755470e-02
1.394784e-02 4.267937e-01 7.566593e-02 2.944365e-01 6.044465e-02 -1.359211e-01 1.273495e-01 2.461568e-01 4.957063e-02 -7.905246e-02 1.014355e-01 1.067729e+00 1.275890e-01
1.701636e-02 3.973786e-01 5.776608e-02 2.369073e-01 2.895518e-02 -2.287718e-01 7.395806e-02 1.885276e-01 1.288668e-02 -1.012919e-01 5.188440e-02 1.144454e+00 1.423318e-01
2.064280e-02 4.574875e-01 5.549803e-02 2.178895e-01 2.638060e-02 -8.520395e-02 8.038991e-02 1.583040e-01 1.654680e-02 8.217412e-04 3.489991e-02 8.354878e-01 8.059764e-02
1.004244e-02 3.041700e-01 4.389294e-02 2.443674e-01 4.242282e-02 -1.337553e-01 7.678919e-02 2.311758e-01 4.119495e-02 -4.348142e-02 6.831700e-02 1.159316e+00 2.072423e-01
1.032140e-02 2.646287e-01 2.828164e-02 2.171266e-01 2.505289e-02 -5.609411e-02 6.790284e-02 2.094280e-01 2.301771e-02 1.140244e-02 5.240939e-02 1.006731e+00 9.903736e-02
1.115827e-02 2.971013e-01 4.395401e-02 2.365328e-01 3.584396e-02 -1.623081e-01 7.063846e-02 2.201051e-01 2.966599e-02 -8.874567e-02 4.897671e-02 1.142902e+00 1.418000e-01
1.255305e-02 3.017938e-01 3.894549e-02 2.219426e-01 3.363024e-02 -1.020538e-01 8.411466e-02 1.969043e-01 2.672473e-02 -3.775290e-02 7.035909e-02 1.140972e+00 1.329566e-01
1.450575e-02 3.822569e-01 2.811515e-02 2.446972e-01 1.359406e-02 -2.024808e-01 4.260710e-02 1.977583e-01 1.305023e-02 -1.047072e-01 2.993098e-02 1.204305e+00 7.787932e-02
1.701636e-02 2.876315e-01 1.676725e-02 1.591764e-01 1.107829e-02 -6.129059e-02 4.492451e-02 1.364686e-01 1.374023e-02 -7.098446e-03 2.248894e-02 9.451335e-01 9.827735e-02
2.008489e-02 4.743326e-01 5.868892e-02 2.474168e-01 3.187250e-02 -1.036896e-01 5.573240e-02 1.847333e-01 2.312617e-02 -2.325327e-02 3.456312e-02 9.867782e-01 4.287440e-02
2.371133e-02 7.111903e-01 1.066582e-01 3.395744e-01 5.638696e-02 -1.707449e-01 6.780518e-02 2.338709e-01 3.003494e-02 -8.069159e-02 4.213277e-02 1.172840e+00 1.140683e-01
1.366888e-02 2.823598e-01 3.002555e-02 1.927977e-01 2.292232e-02 -5.266279e-02 5.790453e-02 1.706784e-01 1.673280e-02 8.562644e-03 3.728088e-02 9.186577e-01 1.250050e-01
1.394784e-02 3.838060e-01 5.788185e-02 2.565928e-01 4.422178e-02 -3.839757e-02 6.524324e-02 2.112600e-01 3.345264e-02 8.430387e-03 4.627424e-02 7.566590e-01 4.678141e-02
1.478471e-02 3.763954e-01 6.447540e-02 2.581009e-01 4.457410e-02 -1.625320e-01 7.248778e-02 2.213520e-01 3.136454e-02 -9.840672e-02 4.812777e-02 8.703769e-01 6.337098e-02
1.617949e-02 4.720356e-01 7.115369e-02 2.883727e-01 4.350581e-02 -1.488026e-02 5.689029e-02 2.291768e-01 2.883228e-02 3.085941e-03 3.869358e-02 8.894346e-01 1.212628e-01
1.813219e-02 4.688970e-01 2.359263e-02 2.670237e-01 5.818232e-03 9.223751e-02 6.112221e-02 2.142683e-01 1.233026e-02 1.010682e-01 3.423682e-02 8.959219e-01 4.679793e-02
2.064280e-02 6.185677e-01 7.744155e-02 3.401640e-01 5.474116e-02 -1.271374e-01 1.295604e-01 2.430859e-01 3.807750e-02 -4.857677e-02 8.200399e-02 1.114715e+00 9.094405e-02
2.371133e-02 6.397718e-01 8.246448e-02 3.317629e-01 5.111400e-02 -8.842872e-02 5.510767e-02 2.364968e-01 3.039400e-02 -3.590544e-02 3.180598e-02 8.176606e-01 8.416356e-02
2.733776e-02 6.057206e-01 1.261026e-01 2.269153e-01 5.262276e-02 -4.336159e-02 5.681799e-02 1.672701e-01 2.063596e-02 1.000807e-02 3.028080e-02 1.179607e+00 1.692110e-01
2.789568e-04 5.589173e-02 6.408335e-03 8.116324e-02 9.499778e-03 4.759711e-02 2.726527e-02 1.235943e-01 1.521282e-02 1.308195e-01 5.514654e-02 8.164673e-01 2.231654e-01
5.579135e-04 6.895023e-02 6.211280e-03 8.985358e-02 1.001736e-02 -5.602134e-02 3.779864e-02 1.287071e-01 1.658927e-02 4.799440e-02 4.472508e-02 1.500772e+00 2.419200e-01
1.394784e-03 7.940074e-02 1.650448e-02 9.811906e-02 2.016023e-02 -6.952823e-02 2.934483e-02 1.326348e-01 2.480320e-02 8.304303e-03 4.022987e-02 1.257441e+00 1.309290e-01
2.789568e-03 9.583055e-02 9.505149e-03 1.138872e-01 1.302621e-02 -4.451605e-02 4.867203e-02 1.495224e-01 1.653078e-02 2.895278e-02 3.807949e-02 1.135673e+00 4.714868e-01
4.742265e-03 1.341827e-01 2.298816e-02 1.397916e-01 2.774550e-02 -1.042953e-02 1.657419e-02 1.645361e-01 3.353718e-02 4.285155e-02 2.928544e-02 6.035958e-01 1.645460e-01
7.252876e-03 1.858251e-01 3.263572e-02 1.678549e-01 2.924501e-02 -4.672908e-02 9.453577e-03 1.761223e-01 2.647442e-02 2.842275e-02 3.687039e-02 1.297227e+00 5.529357e-01
1.032140e-02 3.264146e-01 2.697167e-02 2.635808e-01 2.371713e-02 -1.244215e-01 5.041142e-02 2.436908e-01 2.220311e-02 -5.808521e-02 3.386051e-02 1.123525e+00 1.612054e-01
1.394784e-02 3.656212e-01 4.153304e-02 2.532749e-01 2.513449e-02 -2.813929e-02 1.020583e-01 2.164008e-01 1.443888e-02 1.967520e-02 7.928100e-02 8.960780e-01 8.790062e-02
5.579135e-04 9.246951e-02 1.743825e-02 1.244184e-01 2.375778e-02 -6.552426e-03 5.775236e-02 1.731327e-01 3.355971e-02 3.670533e-02 8.186240e-02 5.230584e-01 9.374945e-02
8.368703e-04 1.384993e-01 1.787142e-02 1.876633e-01 2.416461e-02 3.249044e-02 2.183029e-02 2.615570e-01 3.323794e-02 9.483364e-02 3.327950e-02 5.900583e-01 1.143969e-01
1.673741e-03 9.070331e-02 8.144023e-03 1.090825e-01 8.463411e-03 -7.781670e-02 2.977170e-02 1.402601e-01 9.371881e-03 -4.288114e-02 3.727917e-02 7.022499e-01 1.929375e-01
3.068524e-03 1.874108e-01 2.489197e-02 2.145001e-01 2.559571e-02 -7.447507e-02 7.967892e-02 2.622522e-01 2.646075e-02 1.788045e-02 6.811111e-02 1.561465e+00 4.623273e-01
5.021222e-03 1.473461e-01 2.672442e-02 1.553106e-01 2.623930e-02 -4.018755e-02 5.882497e-02 1.818773e-01 2.417111e-02 3.562954e-02 7.355559e-02 1.305687e+00 2.293776e-01
7.531833e-03 2.348832e-01 3.752894e-02 2.127392e-01 3.073669e-02 -1.894150e-01 8.133923e-02 2.147023e-01 2.666909e-02 -1.334745e-01 6.323531e-02 8.145744e-01 1.496697e-01
1.060036e-02 2.797562e-01 5.688179e-02 2.192287e-01 4.734523e-02 -4.772467e-02 5.561759e-02 2.047793e-01 4.260778e-02 1.075219e-02 5.968341e-02 8.986206e-01 1.163745e-01
1.422680e-02 3.167367e-01 6.844981e-02 2.233217e-01 4.503558e-02 -1.405068e-01 5.410752e-02 1.985903e-01 3.273641e-02 -5.757791e-02 4.809816e-02 1.144983e+00 1.944808e-01
1.394784e-03 8.701627e-02 1.479751e-02 1.125138e-01 1.747158e-02 2.393040e-03 2.103714e-02 1.539291e-01 2.122537e-02 6.040582e-02 2.214182e-02 6.806793e-01 2.033565e-01
1.673741e-03 1.615312e-01 3.776893e-02 1.956667e-01 4.010980e-02 -1.572140e-01 1.414247e-01 2.503540e-01 4.144876e-02 -9.167491e-02 1.745301e-01 1.382607e+00 3.946474e-01
2.510611e-03 9.605256e-02 9.605812e-03 1.100040e-01 1.087950e-02 -7.826412e-02 5.261630e-02 1.434660e-01 1.318171e-02 6.037641e-02 6.006960e-02 2.234358e+00 5.230550e-01
3.905395e-03 1.123415e-01 1.042132e-02 1.257497e-01 1.096496e-02 -7.555917e-02 3.921254e-02 1.557278e-01 1.391831e-02 -4.755667e-02 3.980301e-02 6.339126e-01 1.322507e-01
5.858092e-03 1.432821e-01 1.848798e-02 1.445382e-01 1.917052e-02 -4.902565e-02 7.146720e-02 1.639502e-01 1.971065e-02 -8.220408e-03 8.216614e-02 1.002992e+00 9.134302e-02
8.368703e-03 1.737284e-01 2.234216e-02 1.533647e-01 2.046390e-02 -4.717723e-02 6.978386e-02 1.625712e-01 1.976652e-02 2.928247e-03 6.215247e-02 9.288222e-01 2.042483e-01
1.143723e-02 2.635966e-01 6.290961e-02 2.016196e-01 5.455111e-02 -1.009179e-01 1.358884e-02 1.845930e-01 4.606244e-02 -2.885445e-02 1.686295e-02 1.024985e+00 1.272547e-01
1.506367e-02 4.914302e-01 1.272109e-01 3.080969e-01 7.852457e-02 -1.324778e-01 1.728841e-01 2.350494e-01 4.729824e-02 -5.661384e-02 1.191064e-01 1.010625e+00 1.286762e-01
2.789568e-03 1.159991e-01 1.761808e-02 1.350861e-01 1.820692e-02 -7.553014e-02 6.300691e-02 1.697700e-01 1.976590e-02 -2.247530e-02 6.237628e-02 9.939783e-01 3.070869e-01
3.068524e-03 1.378014e-01 2.166977e-02 1.555664e-01 2.409267e-02 -1.010990e-01 8.196414e-02 1.887378e-01 2.754036e-02 -2.849689e-02 8.401850e-02 1.322639e+00 5.418391e-01
3.905395e-03 1.387776e-01 2.468909e-02 1.567798e-01 2.809891e-02 -8.083498e-02 6.567048e-02 1.927020e-01 3.281775e-02 -2.008250e-02 6.405063e-02 1.167514e+00 1.875470e-01
5.300179e-03 1.827986e-01 4.063295e-02 1.832933e-01 3.841110e-02 -8.809310e-02 7.541091e-02 2.053512e-01 3.640120e-02 -1.699350e-02 7.447597e-02 1.037198e+00 8.201914e-02
7.252876e-03 1.800024e-01 2.397025e-02 1.724438e-01 2.794127e-02 -4.017829e-02 5.350540e-02 1.901090e-01 3.216023e-02 1.040030e-02 5.516288e-02 8.599073e-01 1.128355e-01
9.763487e-03 2.508983e-01 9.457663e-02 2.092483e-01 7.555098e-02 -2.548156e-02 3.694200e-02 2.017636e-01 5.995917e-02 2.812883e-02 3.128832e-02 8.780097e-01 1.061404e-01
1.283201e-02 4.038478e-01 8.793794e-02 2.906470e-01 6.357613e-02 -3.294964e-02 5.096145e-02 2.504927e-01 4.549174e-02 1.106318e-02 4.012494e-02 8.727995e-01 9.000961e-02
1.645845e-02 4.780848e-01 1.180387e-01 3.093055e-01 7.202327e-02 -1.530941e-01 4.715460e-02 2.479525e-01 4.540120e-02 -1.103179e-01 3.824065e-02 8.149418e-01 1.142072e-01
4.742265e-03 1.413012e-01 3.791032e-02 1.505251e-01 4.017815e-02 -6.188659e-02 3.034115e-02 1.775097e-01 4.229607e-02 -2.851624e-02 3.529043e-02 7.002681e-01 9.515208e-02
5.021222e-03 1.316405e-01 1.377566e-02 1.362563e-01 1.282776e-02 -7.247783e-02 5.989467e-02 1.588762e-01 1.284148e-02 1.692466e-02 5.601701e-02 1.439472e+00 2.622126e-01
5.858092e-03 1.518470e-01 2.842703e-02 1.497139e-01 2.802896e-02 -6.721146e-02 1.369634e-02 1.695095e-01 2.913940e-02 -1.575273e-02 2.555042e-02 9.784294e-01 1.627153e-01
7.252876e-03 1.666577e-01 3.041925e-02 1.545100e-01 2.457057e-02 -7.115192e-02 5.410400e-02 1.648325e-01 2.156349e-02 -2.145508e-02 4.531560e-02 9.132936e-01 1.667797e-01
9.205573e-03 3.142052e-01 6.317117e-02 2.721293e-01 5.759232e-02 -8.294701e-02 5.052894e-02 2.608430e-01 5.175516e-02 -4.564950e-02 3.936549e-02 9.832653e-01 1.821598e-01
1.171618e-02 3.155851e-01 2.144665e-02 2.466732e-01 1.976028e-02 -1.766869e-01 1.033219e-02 2.258076e-01 2.074050e-02 -9.790987e-02 1.153444e-02 1.148794e+00 1.529380e-01
1.478471e-02 2.859145e-01 2.744686e-02 1.808168e-01 1.992821e-02 -1.631547e-01 5.276303e-02 1.559388e-01 1.809229e-02 -5.782687e-02 3.533167e-02 1.254678e+00 1.961493e-01
1.841115e-02 3.672788e-01 2.237547e-02 2.133164e-01 2.290229e-02 -8.390547e-02 4.894155e-02 1.849542e-01 2.261812e-02 -1.039689e-02 2.360042e-02 1.263771e+00 2.638499e-01
7.252876e-03 1.689637e-01 3.880098e-02 1.569189e-01 4.068563e-02 -8.976366e-02 6.221125e-02 1.700358e-01 4.320433e-02 -1.485178e-02 3.495227e-02 1.150352e+00 3.133583e-01
7.531833e-03 2.591968e-01 7.333619e-02 2.433623e-01 6.880891e-02 2.207150e-02 4.171796e-02 2.502149e-01 6.538843e-02 6.809313e-02 4.300330e-02 1.049982e+00 1.261987e-01
8.368703e-03 1.936534e-01 6.499468e-03 1.733961e-01 8.621767e-03 -9.465556e-02 6.600779e-02 1.806415e-01 1.375566e-02 -3.613257e-02 6.178932e-02 9.708425e-01 8.361864e-02
9.763487e-03 2.548303e-01 7.123127e-02 2.066884e-01 5.644954e-02 -6.628264e-02 8.534465e-02 1.965931e-01 4.490968e-02 -5.812422e-03 6.495216e-02 9.684977e-01 1.296409e-01
1.171618e-02 2.340956e-01 1.582067e-02 1.754342e-01 1.035250e-02 -5.484256e-03 7.111333e-02 1.662461e-01 1.146238e-02 1.767630e-02 4.562450e-02 9.130028e-01 1.271522e-01
1.422680e-02 4.021231e-01 7.495907e-02 2.848430e-01 5.207039e-02 -1.922179e-02 5.141326e-02 2.418118e-01 3.883311e-02 8.037640e-03 4.646943e-02 8.327414e-01 1.139285e-01
1.729532e-02 4.854523e-01 8.170360e-02 2.926555e-01 5.618412e-02 -2.066393e-01 6.857964e-02 2.352730e-01 3.693192e-02 -6.730728e-02 4.004624e-02 1.169758e+00 1.999178e-01
2.092176e-02 4.306655e-01 5.662900e-02 2.381961e-01 4.471032e-02 -1.041914e-01 3.151243e-02 1.848895e-01 3.370478e-02 -4.716093e-02 2.010182e-02 8.699072e-01 3.952730e-02
1.032140e-02 2.128254e-01 2.685319e-02 1.701105e-01 2.068853e-02 -9.742938e-02 4.784203e-02 1.652403e-01 1.527877e-02 -3.315244e-02 5.036120e-02 8.055026e-01 8.737593e-02
1.060036e-02 3.164048e-01 7.348332e-02 2.528563e-01 6.813450e-02 -8.172723e-02 6.914301e-02 2.276419e-01 6.077335e-02 -3.708462e-02 5.472822e-02 9.337903e-01 7.189883e-02
1.143723e-02 2.672590e-01 3.591772e-02 1.886380e-01 2.633746e-02 -1.408643e-01 5.869087e-02 1.685903e-01 2.070916e-02 -4.739890e-02 3.744279e-02 1.077614e+00 1.540967e-01
1.283201e-02 2.940242e-01 3.742148e-02 2.105444e-01 2.943069e-02 -1.334593e-01 7.335133e-02 1.860865e-01 2.386608e-02 -6.684224e-02 6.956493e-02 1.134214e+00 1.127744e-01
1.478471e-02 4.057584e-01 7.853718e-02 2.547698e-01 4.956607e-02 -1.641399e-01 1.004058e-01 2.054644e-01 2.878481e-02 -5.958504e-02 7.072642e-02 8.602477e-01 1.673959e-01
1.729532e-02 3.768846e-01 6.836364e-02 2.287983e-01 4.454754e-02 -8.253927e-02 5.163403e-02 1.949923e-01 3.249076e-02 -1.569468e-02 3.760469e-02 7.996480e-01 1.034178e-01
2.036384e-02 3.712944e-01 4.894359e-02 2.173215e-01 2.863629e-02 -5.356741e-02 7.478123e-02 1.888899e-01 1.830277e-02 -2.794585e-02 4.854195e-02 1.186184e+00 8.249230e-02
2.399028e-02 6.995685e-01 2.471566e-01 3.332306e-01 1.138669e-01 -1.846491e-01 1.909208e-01 2.347308e-01 4.964234e-02 -4.639330e-02 1.030512e-01 1.023288e+00 1.035610e-01
1.394784e-02 3.816448e-01 5.265274e-02 2.563488e-01 3.390911e-02 -1.034885e-01 1.225664e-01 2.070864e-01 2.380854e-02 -2.537727e-02 7.854139e-02 1.000635e+00 3.595664e-02
1.422680e-02 3.605067e-01 4.595778e-02 2.475169e-01 2.565032e-02 -7.421169e-02 1.001080e-01 2.134960e-01 1.662059e-02 -3.617954e-02 6.740435e-02 1.015370e+00 1.312266e-01
1.506367e-02 3.053192e-01 2.839096e-02 1.982048e-01 2.600778e-02 -3.111704e-02 2.382864e-02 1.729340e-01 2.172992e-02 3.889425e-03 2.097835e-02 6.461976e-01 5.000193e-02
1.645845e-02 3.947432e-01 1.182627e-01 2.356330e-01 7.931616e-02 -2.445195e-01 1.367253e-01 1.896120e-01 5.200469e-02 -1.326435e-01 8.673918e-02 1.029881e+00 1.929869e-01
1.841115e-02 3.910529e-01 4.600499e-02 2.133656e-01 2.788723e-02 -1.985780e-01 7.333898e-02 1.797791e-01 2.078035e-02 -8.766764e-02 3.120292e-02 1.011722e+00 1.121710e-01
2.092176e-02 6.391248e-01 6.359721e-02 3.614686e-01 3.656052e-02 -1.637503e-01 1.037114e-01 2.627278e-01 2.338083e-02 -5.970863e-02 6.437067e-02 1.126957e+00 8.459143e-02
2.399028e-02 6.447066e-01 4.364761e-02 2.742924e-01 2.968622e-02 -6.636043e-02 8.363454e-02 1.967242e-01 1.987514e-02 1.393736e-02 6.020151e-02 1.109349e+00 1.447809e-01
2.761672e-02 6.685263e-01 1.756246e-01 2.666400e-01 7.488179e-02 -2.455048e-01 5.666788e-02 1.911406e-01 3.737835e-02 -1.134401e-01 3.279745e-02 1.140141e+00 8.053703e-02
1.115827e-03 1.078707e-01 8.288634e-03 1.370528e-01 1.070329e-02 -6.358044e-02 5.741850e-02 1.833717e-01 1.479526e-02 -9.223339e-03 5.869439e-02 9.027526e-01 3.641374e-01
1.394784e-03 1.241112e-01 1.860621e-02 1.450767e-01 1.928593e-02 -1.842993e-01 8.861356e-02 1.822471e-01 1.920275e-02 -1.042661e-01 1.128411e-01 1.800464e+00 3.971015e-01
2.231654e-03 1.645475e-01 1.984058e-02 1.893097e-01 2.215317e-02 -2.247464e-01 7.976460e-02 2.275401e-01 2.518607e-02 -1.968249e-01 8.772053e-02 1.131345e+00 2.907983e-01
3.626438e-03 1.836155e-01 4.098083e-02 2.040852e-01 4.995220e-02 -7.848980e-02 4.130021e-02 2.420876e-01 6.009173e-02 -3.352143e-02 4.005519e-02 8.674828e-01 2.255752e-01
5.579135e-03 2.070810e-01 5.115101e-02 2.115130e-01 5.387416e-02 -8.451454e-02 6.191156e-02 2.358987e-01 5.527708e-02 -2.948651e-02 7.216516e-02 9.965079e-01 2.597545e-01
8.089746e-03 1.848065e-01 3.212637e-02 1.650051e-01 3.000944e-02 -1.824007e-02 4.282485e-02 1.774036e-01 2.812743e-02 2.972057e-02 4.217910e-02 9.426171e-01 1.834989e-01
1.115827e-02 3.149062e-01 6.548391e-02 2.336958e-01 4.493705e-02 -1.319473e-01 1.208891e-01 2.072322e-01 3.134990e-02 -3.523692e-02 8.977006e-02 1.003311e+00 1.515613e-01
1.478471e-02 2.802423e-01 5.639137e-02 1.849110e-01 3.538314e-02 -1.241302e-01 8.541841e-02 1.649254e-01 2.493489e-02 -4.629088e-02 5.298199e-02 1.042631e+00 1.599115e-01
1.394784e-03 1.097060e-01 1.917530e-02 1.420430e-01 2.486620e-02 -3.197899e-02 7.783635e-02 1.960879e-01 3.592455e-02 4.710982e-02 9.816664e-02 1.083728e+00 1.808675e-01
1.673741e-03 1.210305e-01 3.092624e-02 1.464757e-01 3.506750e-02 -5.706520e-02 4.141459e-02 1.868112e-01 3.991078e-02 -1.052644e-02 5.972330e-02 7.961156e-01 1.130273e-01
2.510611e-03 9.476797e-02 9.880173e-03 1.170734e-01 1.536139e-02 1.763709e-02 3.704241e-02 1.552475e-01 2.243013e-02 6.397101e-02 4.082589e-02 6.324272e-01 1.741447e-01
3.905395e-03 1.453007e-01 2.773371e-02 1.623930e-01 2.926086e-02 -5.526774e-03 4.483238e-02 1.945786e-01 3.138779e-02 3.292115e-02 4.626266e-02 6.764339e-01 1.973047e-01
5.858092e-03 1.654418e-01 2.372201e-02 1.637320e-01 2.456772e-02 -5.598792e-02 4.079062e-02 1.807734e-01 2.532820e-02 -2.394333e-02 3.730870e-02 6.827942e-01 1.092907e-01
8.368703e-03 1.654742e-01 4.091636e-02 1.325829e-01 2.871180e-02 -1.204245e-01 7.823141e-02 1.347662e-01 1.839416e-02 -3.904435e-02 6.934148e-02 1.047205e+00 1.778626e-01
1.143723e-02 3.606951e-01 5.679448e-02 2.858220e-01 5.131044e-02 -1.312675e-01 9.239087e-02 2.577199e-01 4.655951e-02 -7.880198e-02 7.347182e-02 1.034117e+00 1.809484e-01
1.506367e-02 4.044704e-01 7.437950e-02 2.511202e-01 3.579528e-02 -1.545067e-01 2.644040e-02 1.910038e-01 1.663397e-02 -8.189214e-02 2.488286e-02 1.109247e+00 1.185761e-01
2.231654e-03 8.599267e-02 9.986905e-03 1.009028e-01 1.259802e-02 -5.266389e-02 4.526693e-02 1.277587e-01 1.667147e-02 -5.968311e-03 5.316276e-02 7.866427e-01 1.878028e-01
2.510611e-03 1.340212e-01 1.164840e-02 1.531492e-01 1.360424e-02 -1.456758e-01 5.183442e-02 1.908747e-01 1.676681e-02 -7.413075e-02 6.103287e-02 1.362812e+00 2.196220e-01
3.347481e-03 9.802755e-02 1.955127e-02 1.106408e-01 2.132375e-02 -5.628896e-03 2.957397e-02 1.413096e-01 2.498310e-02 1.089875e-01 2.487370e-02 1.590333e+00 3.360398e-01
4.742265e-03 1.701102e-01 2.623519e-02 1.870017e-01 2.639155e-02 -3.360036e-02 2.691516e-02 2.232805e-01 2.696162e-02 1.063165e-02 2.801881e-02 8.667300e-01 9.697694e-02
6.694963e-03 1.900822e-01 3.617269e-02 1.797665e-01 3.601417e-02 -9.214107e-02 4.471868e-02 1.885554e-01 3.612049e-02 -3.734894e-02 4.286614e-02 1.194145e+00 9.348093e-02
9.205573e-03 1.861442e-01 3.705046e-02 1.543688e-01 3.134513e-02 -5.346083e-02 3.532432e-02 1.535488e-01 2.853897e-02 6.971475e-03 2.705514e-02 1.018607e+00 2.214399e-01
1.227410e-02 2.404427e-01 3.280311e-02 1.804923e-01 2.647692e-02 -1.965385e-02 4.329930e-02 1.715840e-01 1.952326e-02 3.904453e-02 2.847878e-02 9.318386e-01 1.101375e-01
1.590054e-02 3.757099e-01 4.763222e-02 2.212431e-01 3.257432e-02 -8.189708e-02 6.246425e-02 1.702892e-01 2.274088e-02 -2.111229e-02 3.418974e-02 7.860348e-01 1.016658e-01
3.626438e-03 1.391055e-01 2.404944e-02 1.532915e-01 2.672818e-02 -4.872681e-02 3.523839e-02 1.829297e-01 3.028722e-02 -2.550123e-04 3.864477e-02 8.385887e-01 1.080950e-01
3.905395e-03 1.197013e-01 2.634141e-02 1.290645e-01 2.922740e-02 -6.966744e-02 2.230872e-02 1.571460e-01 3.100432e-02 1.406345e-02 6.197600e-02 1.110305e+00 4.701830e-01
4.742265e-03 1.389189e-01 2.973001e-02 1.507527e-01 3.240997e-02 -4.255196e-02 2.772177e-02 1.810428e-01 3.574176e-02 1.335009e-02 3.603494e-02 7.028773e-01 1.272338e-01
6.137049e-03 1.426417e-01 2.822455e-02 1.407411e-01 3.098507e-02 -7.936656e-02 3.242063e-02 1.579104e-01 3.441509e-02 -3.103950e-02 2.915121e-02 7.538224e-01 1.510711e-01
8.089746e-03 1.535487e-01 2.029152e-02 1.444899e-01 1.938012e-02 1.599317e-02 3.628148e-02 1.621830e-01 1.878605e-02 5.491917e-02 2.972249e-02 8.457906e-01 9.996240e-02
1.060036e-02 2.677756e-01 4.289597e-02 2.029007e-01 3.397506e-02 -1.377359e-01 7.007379e-02 1.865287e-01 2.822992e-02 -5.407139e-02 5.265151e-02 9.400783e-01 2.266960e-01
1.366888e-02 3.517009e-01 7.610950e-02 2.289871e-01 4.341386e-02 -1.603227e-01 1.736953e-01 1.901178e-01 2.714393e-02 -8.094497e-02 9.997303e-02 1.084725e+00 2.845879e-01
1.729532e-02 6.265557e-01 1.449784e-01 3.920409e-01 8.907634e-02 -2.797559e-01 1.060606e-01 2.949780e-01 5.575879e-02 -1.566103e-01 6.138080e-02 1.160063e+00 1.511419e-01
5.579135e-03 1.935066e-01 3.404893e-02 1.965354e-01 3.138865e-02 -7.861379e-02 4.104202e-02 2.161978e-01 2.841786e-02 -3.126992e-02 4.766706e-02 9.824876e-01 2.291616e-01
5.858092e-03 1.360639e-01 3.963332e-02 1.318072e-01 3.724793e-02 -9.529248e-02 5.142727e-02 1.436043e-01 3.620834e-02 -4.443766e-02 3.531473e-02 1.038776e+00 2.434349e-01
6.694963e-03 1.759168e-01 1.578620e-02 1.711856e-01 1.456754e-02 -2.858119e-02 3.255821e-02 1.879926e-01 1.584674e-02 2.111601e-02 3.357156e-02 8.284751e-01 1.368969e-01
8.089746e-03 2.889623e-01 4.580793e-02 2.546569e-01 4.110473e-02 -1.489254e-01 4.886417e-02 2.480160e-01 3.674686e-02 -7.016100e-02 4.020979e-02 1.253898e+00 1.411415e-01
1.004244e-02 2.473756e-01 5.355979e-02 1.880989e-01 4.028480e-02 -1.165980e-01 2.474548e-02 1.738670e-01 3.036277e-02 -3.511237e-02 1.431061e-02 9.462820e-01 6.498533e-02
1.255305e-02 2.479340e-01 4.440476e-02 1.732067e-01 3.064565e-02 -6.702329e-02 5.938039e-02 1.508170e-01 2.426716e-02 -3.750416e-02 3.652757e-02 9.532755e-01 1.481910e-01
1.562158e-02 3.301230e-01 4.625864e-02 2.056936e-01 2.759931e-02 -5.222793e-02 3.550875e-02 1.700631e-01 1.636325e-02 -1.470854e-02 2.546467e-02 7.472236e-01 1.081411e-01
1.924802e-02 3.823290e-01 5.281001e-02 2.152409e-01 3.227631e-02 -7.486990e-02 6.537878e-02 1.695371e-01 1.762404e-02 -3.359471e-02 3.386418e-02 1.097754e+00 1.408910e-01
8.089746e-03 1.964821e-01 3.554840e-02 1.776423e-01 3.009291e-02 -1.146437e-01 6.608156e-02 1.865898e-01 2.932337e-02 -6.466804e-02 4.987951e-02 9.238224e-01 1.287686e-01
8.368703e-03 1.974500e-01 2.488373e-02 1.620922e-01 1.984918e-02 -1.777545e-01 3.690448e-02 1.595965e-01 1.610153e-02 -1.022475e-01 3.849364e-02 1.049500e+00 9.193217e-02
9.205573e-03 2.455446e-01 5.535949e-02 1.972779e-01 3.953203e-02 -1.986525e-01 1.421838e-01 1.884941e-01 2.815349e-02 -9.517012e-02 1.114328e-01 1.532065e+00 3.483316e-01
1.060036e-02 2.111502e-01 5.455480e-02 1.681595e-01 4.134733e-02 -3.508749e-02 6.335616e-02 1.680004e-01 3.055140e-02 3.450869e-02 5.800790e-02 8.575932e-01 3.921889e-02
1.255305e-02 3.442592e-01 3.451076e-02 2.563311e-01 2.548916e-02 -1.541431e-01 8.714174e-02 2.265058e-01 2.181746e-02 -9.332004e-02 6.664607e-02 9.557574e-01 1.753047e-01
1.506367e-02 3.345930e-01 4.572641e-02 2.151477e-01 3.245748e-02 -5.326448e-02 5.750074e-02 1.792871e-01 2.172661e-02 -4.183584e-03 4.839439e-02 9.655420e-01 2.254909e-01
1.813219e-02 5.513194e-01 1.106963e-01 3.400778e-01 7.692343e-02 7.025718e-02 1.011102e-01 2.575998e-01 5.263195e-02 6.747968e-02 6.631871e-02 1.026707e+00 1.644129e-01
2.175863e-02 7.158231e-01 1.398951e-01 3.610563e-01 7.081596e-02 -7.203516e-02 5.149989e-02 2.496559e-01 3.650484e-02 -1.391965e-02 2.484855e-02 8.497481e-01 1.239193e-01
1.115827e-02 2.936229e-01 4.922380e-02 2.378220e-01 4.524127e-02 -8.823465e-02 5.605389e-02 2.257326e-01 4.263135e-02 -6.159447e-02 4.549035e-02 7.188630e-01 1.155012e-01
1.143723e-02 2.607174e-01 4.981958e-02 1.976412e-01 4.019656e-02 -4.788202e-02 5.658549e-02 1.756308e-01 3.388693e-02 -2.798888e-02 5.013716e-02 7.830237e-01 7.332190e-02
1.227410e-02 3.203799e-01 2.640739e-02 2.240145e-01 2.271596e-02 -9.739069e-02 6.290657e-02 1.902372e-01 1.793073e-02 -5.482497e-02 5.533592e-02 9.016600e-01 1.097292e-01
1.366888e-02 4.106773e-01 5.454021e-02 2.901165e-01 4.353386e-02 -4.215077e-02 1.479320e-01 2.417383e-01 3.485260e-02 8.709867e-03 1.050233e-01 1.247549e+00 1.401056e-01
1.562158e-02 4.135228e-01 8.695486e-02 2.619424e-01 6.011014e-02 -1.383469e-01 8.151064e-02 2.042284e-01 4.242386e-02 -5.100150e-02 4.081990e-02 9.632475e-01 8.952243e-02
1.813219e-02 3.758929e-01 5.790493e-02 2.184821e-01 3.494738e-02 -1.423753e-01 9.141349e-02 1.715387e-01 1.834013e-02 -7.942744e-02 4.144398e-02 1.077056e+00 2.259383e-01
2.120071e-02 5.820780e-01 6.681486e-02 2.933735e-01 4.358564e-02 -7.077078e-02 7.458637e-02 2.169364e-01 2.673511e-02 -5.816679e-02 4.718415e-02 1.016031e+00 1.489701e-01
2.482715e-02 6.796326e-01 6.558867e-02 3.137445e-01 3.104345e-02 -1.742458e-01 8.238142e-02 2.265094e-01 1.959170e-02 -5.983753e-02 3.902334e-02 1.048320e+00 1.847390e-01
1.478471e-02 4.286178e-01 7.232494e-02 2.737587e-01 4.720430e-02 -1.987276e-01 8.424391e-02 2.157845e-01 3.036501e-02 -1.037983e-01 5.833068e-02 8.272417e-01 1.026702e-01
1.506367e-02 4.776991e-01 7.446324e-02 3.258503e-01 5.244396e-02 -1.657045e-01 8.728265e-02 2.661295e-01 4.002810e-02 -5.908591e-02 7.211121e-02 9.441667e-01 7.536442e-02
1.590054e-02 3.694500e-01 4.334564e-02 2.204313e-01 2.129248e-02 -2.212022e-01 8.356143e-02 1.766094e-01 1.257152e-02 -1.314683e-01 5.609516e-02 1.218879e+00 1.600234e-01
1.729532e-02 4.491609e-01 5.550524e-02 2.705616e-01 3.560982e-02 -8.162647e-02 8.939722e-02 2.149346e-01 2.469654e-02 -1.063513e-02 5.305214e-02 9.579707e-01 1.137443e-01
1.924802e-02 5.202428e-01 1.269894e-01 2.718872e-01 7.084158e-02 -1.439794e-01 8.092798e-02 2.056648e-01 3.980624e-02 -5.278702e-02 6.454194e-02 1.270799e+00 2.212792e-01
2.175863e-02 7.157574e-01 1.700161e-01 3.424601e-01 8.412013e-02 -6.198947e-02 5.973808e-02 2.293824e-01 4.043469e-02 7.227060e-03 2.498057e-02 9.874260e-01 7.178056e-02
2.482715e-02 6.579771e-01 9.597047e-02 3.137996e-01 5.189020e-02 -9.693573e-02 4.850907e-02 2.192455e-01 2.845819e-02 -3.689767e-02 4.822982e-02 9.589469e-01 8.415957e-02
2.845359e-02 7.432273e-01 1.085121e-01 3.026199e-01 5.729637e-02 -8.892036e-02 5.560006e-02 2.056580e-01 2.804386e-02 -2.658511e-02 1.797646e-02 8.750334e-01 7.568622e-02
2.510611e-03 1.293215e-01 3.743120e-02 1.582094e-01 4.751703e-02 -1.057064e-02 3.451371e-02 2.076806e-01 5.955636e-02 6.532254e-02 3.928232e-02 1.002612e+00 3.362147e-01
2.789568e-03 1.030094e-01 1.050136e-02 1.084901e-01 1.008617e-02 -1.477729e-01 6.464677e-02 1.306957e-01 1.236808e-02 -3.022446e-02 6.200310e-02 2.090734e+00 5.529782e-01
3.626438e-03 1.262532e-01 1.784518e-02 1.419165e-01 2.087419e-02 -8.619001e-02 3.830897e-02 1.710089e-01 2.521498e-02 -5.377376e-02 4.214262e-02 7.687181e-01 2.201289e-01
5.021222e-03 1.174899e-01 1.857159e-02 1.167476e-01 1.667107e-02 -1.044403e-01 9.047318e-02 1.333838e-01 1.755209e-02 -3.993346e-02 6.658039e-02 1.114277e+00 4.394922e-01
6.973919e-03 1.609967e-01 2.286182e-02 1.476712e-01 2.047091e-02 -9.946224e-02 4.817750e-02 1.590548e-01 1.948358e-02 -5.029777e-02 4.620411e-02 7.971418e-01 1.237220e-01
9.484530e-03 1.776949e-01 2.906824e-02 1.489089e-01 2.488986e-02 -1.032152e-01 5.623088e-02 1.529092e-01 2.169699e-02 -6.867809e-02 5.381930e-02 7.823932e-01 1.279462e-01
1.255305e-02 2.880639e-01 1.168928e-02 2.079371e-01 9.809059e-03 -1.101760e-01 3.873122e-02 1.890769e-01 9.888620e-03 -4.532448e-02 3.174934e-02 9.373095e-01 1.038857e-01
1.617949e-02 4.308988e-01 9.069133e-02 2.457391e-01 5.465410e-02 -1.457254e-01 5.578275e-02 1.902543e-01 3.162116e-02 -5.641731e-02 3.414815e-02 1.001599e+00 1.394916e-01
2.789568e-03 1.335194e-01 1.209497e-02 1.482259e-01 8.800962e-03 -1.404970e-01 9.230479e-02 1.786187e-01 9.380115e-03 -9.137866e-02 7.608033e-02 1.046612e+00 3.926463e-01
3.068524e-03 1.176143e-01 3.680286e-02 1.304435e-01 3.854079e-02 -1.175877e-01 7.654607e-02 1.572468e-01 3.949284e-02 -8.640375e-02 8.153621e-02 7.748696e-01 1.740639e-01
3.905395e-03 1.412277e-01 2.083555e-02 1.511447e-01 2.110099e-02 -1.489334e-01 4.844300e-02 1.778980e-01 2.169037e-02 -7.654180e-02 6.150138e-02 1.227976e+00 2.542770e-01
5.300179e-03 1.850260e-01 3.061406e-02 1.958055e-01 3.687691e-02 -1.930750e-02 6.758914e-02 2.256557e-01 4.338940e-02 3.500995e-02 5.666038e-02 9.001216e-01 1.899377e-01
7.252876e-03 1.668138e-01 1.456963e-02 1.526085e-01 1.464892e-02 -1.401990e-01 5.139919e-02 1.642753e-01 1.421509e-02 -7.524979e-02 5.361010e-02 9.396914e-01 9.008758e-02
9.763487e-03 1.855073e-01 2.916430e-02 1.401833e-01 2.387473e-02 -1.086738e-01 7.245742e-02 1.362843e-01 2.113159e-02 -2.992014e-02 5.803127e-02 1.139553e+00 2.356403e-01
1.283201e-02 2.505579e-01 3.532944e-02 1.731143e-01 2.633440e-02 -3.314320e-02 5.580753e-02 1.631373e-01 2.258233e-02 2.796322e-02 6.032001e-02 9.855980e-01 8.974571e-02
1.645845e-02 4.781705e-01 6.657211e-02 2.975283e-01 3.678001e-02 -1.013357e-01 8.266077e-02 2.302497e-01 2.237018e-02 -3.171134e-02 4.460124e-02 1.029695e+00 1.293231e-01
3.626438e-03 1.715454e-01 3.121464e-02 1.951263e-01 3.685882e-02 -9.383272e-02 9.216365e-02 2.386685e-01 4.608688e-02 -2.902730e-02 1.137088e-01 1.058678e+00 1.820947e-01
3.905395e-03 1.314820e-01 1.859859e-02 1.445487e-01 2.215527e-02 -8.230750e-02 2.248628e-02 1.719818e-01 2.706441e-02 -5.502127e-02 2.874067e-02 7.890093e-01 1.993934e-01
4.742265e-03 1.412453e-01 1.690550e-02 1.417311e-01 1.447665e-02 -5.084285e-02 3.898921e-02 1.566454e-01 1.220181e-02 -1.070768e-02 3.618694e-02 6.288767e-01 7.647790e-02
6.137049e-03 2.253347e-01 5.628286e-02 2.295863e-01 6.080563e-02 -3.421539e-02 8.349213e-02 2.593618e-01 6.817838e-02 1.872155e-02 8.393522e-02 7.848757e-01 9.681698e-02
8.089746e-03 2.184485e-01 2.249380e-02 2.056219e-01 2.379166e-02 -5.025670e-02 3.883591e-02 2.162339e-01 2.529991e-02 -1.810967e-02 4.245001e-02 7.061619e-01 1.007058e-01
1.060036e-02 2.241062e-01 3.840561e-02 1.762143e-01 2.550001e-02 5.517186e-02 3.445923e-02 1.737160e-01 1.788741e-02 9.719282e-02 2.060979e-02 1.028962e+00 1.454659e-01
1.366888e-02 3.783710e-01 6.060387e-02 2.642147e-01 3.879462e-02 -6.339832e-02 1.087346e-01 2.251297e-01 2.789309e-02 6.036484e-03 7.852719e-02 1.198527e+00 1.954355e-01
1.729532e-02 5.041705e-01 6.248171e-02 2.967682e-01 4.092601e-02 -2.258145e-01 5.978850e-02 2.228730e-01 2.543329e-02 -1.272480e-01 3.107871e-02 9.584523e-01 8.758769e-02
5.021222e-03 1.613970e-01 4.114681e-02 1.662036e-01 3.953851e-02 -6.071512e-02 1.043606e-01 1.886627e-01 3.928456e-02 -8.983926e-03 1.064283e-01 8.911711e-01 1.103487e-01
5.300179e-03 1.636124e-01 2.679237e-02 1.656731e-01 2.496212e-02 -8.243911e-02 4.257939e-02 1.867301e-01 2.295298e-02 -3.855843e-02 4.316242e-02 6.576183e-01 1.196116e-01
6.137049e-03 1.377830e-01 2.814883e-02 1.362079e-01 2.651073e-02 9.857835e-03 5.787994e-02 1.575565e-01 2.449706e-02 7.814810e-02 7.999432e-02 1.299272e+00 4.532143e-01
7.531833e-03 1.610284e-01 3.351122e-02 1.469070e-01 3.427206e-02 -3.998104e-02 2.950229e-02 1.592892e-01 3.549352e-02 8.969614e-03 2.251515e-02 8.540374e-01 1.448968e-01
9.484530e-03 2.541433e-01 4.288744e-02 2.057989e-01 3.111990e-02 -8.176098e-02 8.001117e-02 1.959926e-01 2.306574e-02 -1.291410e-02 7.751417e-02 1.193460e+00 2.273804e-01
1.199514e-02 3.907985e-01 6.773704e-02 2.916354e-01 5.046271e-02 -1.290064e-01 6.580124e-02 2.535272e-01 4.025614e-02 -5.956570e-02 5.246594e-02 1.194537e+00 2.308587e-01
1.506367e-02 3.259974e-01 2.918793e-02 2.121122e-01 1.873429e-02 4.866647e-03 4.995553e-02 1.780972e-01 1.390818e-02 2.762676e-02 3.185106e-02 9.185004e-01 1.340446e-01
1.869010e-02 6.951405e-01 2.147130e-01 3.831454e-01 1.239659e-01 -1.606604e-01 2.735074e-01 2.613240e-01 7.053643e-02 -8.336028e-02 1.529875e-01 1.225898e+00 1.887406e-01
6.973919e-03 1.777776e-01 3.317421e-02 1.700967e-01 3.303380e-02 8.015336e-03 2.966640e-02 1.858282e-01 3.329284e-02 5.784027e-02 2.109183e-02 9.323400e-01 2.140671e-01
7.252876e-03 2.063282e-01 3.414003e-02 1.933238e-01 3.324536e-02 2.256546e-02 4.617190e-02 2.044188e-01 3.132091e-02 7.475474e-02 4.443151e-02 1.077499e+00 1.884652e-01
8.089746e-03 1.739999e-01 1.311495e-02 1.610795e-01 1.176419e-02 -1.254738e-02 7.909756e-02 1.747541e-01 1.173519e-02 4.006760e-02 6.968702e-02 8.857236e-01 1.079191e-01
9.484530e-03 2.318704e-01 1.426208e-02 2.009651e-01 1.528491e-02 1.569331e-02 2.148939e-02 1.989953e-01 1.681562e-02 3.903386e-02 1.945343e-02 7.254213e-01 1.105783e-01
1.143723e-02 2.403477e-01 5.654132e-02 1.752497e-01 4.295928e-02 -1.009239e-01 4.336430e-02 1.642340e-01 2.923423e-02 -2.562056e-02 3.800703e-02 1.107772e+00 2.009245e-01
1.394784e-02 3.734919e-01 4.745494e-02 2.601022e-01 3.289972e-02 -5.527420e-02 6.072307e-02 2.235521e-01 2.180728e-02 7.042988e-03 4.238034e-02 8.159838e-01 1.328924e-01
1.701636e-02 5.140272e-01 1.227035e-01 2.989367e-01 7.803256e-02 -1.093039e-01 5.490366e-02 2.240249e-01 4.943206e-02 -5.107485e-02 3.503624e-02 9.891466e-01 1.352053e-01
2.064280e-02 6.799436e-01 7.749878e-02 3.471735e-01 3.536863e-02 -3.342801e-01 4.941173e-02 2.391129e-01 2.368697e-02 -1.264426e-01 1.691757e-02 1.198507e+00 7.788193e-02
9.484530e-03 2.659165e-01 3.506367e-02 2.211365e-01 3.150151e-02 -1.424073e-01 2.937679e-02 2.084320e-01 2.945521e-02 -8.768911e-02 2.939901e-02 8.628177e-01 9.875082e-02
9.763487e-03 2.262729e-01 3.473645e-02 1.750119e-01 2.918054e-02 -1.035964e-01 6.666183e-02 1.629582e-01 2.292674e-02 -4.974028e-02 4.798890e-02 9.069845e-01 8.067395e-02
1.060036e-02 2.175651e-01 1.926590e-02 1.841646e-01 1.877507e-02 9.179217e-03 1.852726e-02 1.910081e-01 1.794614e-02 4.977575e-02 3.292425e-02 7.474516e-01 1.213297e-01
1.199514e-02 3.260650e-01 4.794060e-02 2.519664e-01 3.873432e-02 -1.495175e-02 3.565714e-02 2.361708e-01 3.062747e-02 1.847715e-02 2.886406e-02 9.494774e-01 1.173669e-01
1.394784e-02 5.052583e-01 1.524937e-01 3.557470e-01 1.058343e-01 -1.012863e-01 4.212006e-02 2.854315e-01 7.480806e-02 -4.009897e-02 1.774494e-02 8.016435e-01 8.802934e-02
1.645845e-02 3.805186e-01 5.619068e-02 2.173128e-01 2.366918e-02 -1.450874e-01 1.077904e-01 1.695484e-01 9.746154e-03 -4.815838e-02 5.976485e-02 8.890389e-01 1.357273e-01
1.952697e-02 6.170321e-01 8.746549e-02 3.648719e-01 5.251732e-02 5.635699e-02 5.749353e-02 2.743996e-01 3.576646e-02 6.814803e-02 3.037358e-02 1.101788e+00 7.875155e-02
2.315341e-02 6.052680e-01 7.292683e-02 2.855832e-01 2.794533e-02 -1.289176e-01 1.022500e-01 1.965272e-01 1.659398e-02 -2.562222e-02 6.835396e-02 1.148356e+00 1.485043e-01
1.255305e-02 3.616295e-01 4.205042e-02 2.608112e-01 3.099434e-02 3.187421e-02 9.291110e-02 2.222141e-01 2.520423e-02 5.334558e-02 7.331864e-02 7.874715e-01 1.485697e-01
1.283201e-02 3.683198e-01 3.684812e-02 2.693044e-01 2.571989e-02 -7.994780e-02 5.341541e-02 2.358199e-01 2.112605e-02 -3.735729e-02 5.187359e-02 9.249727e-01 9.946199e-02
1.366888e-02 3.967503e-01 8.070249e-02 2.780598e-01 5.437255e-02 -1.569481e-01 4.543619e-02 2.288703e-01 3.947665e-02 -7.802000e-02 1.494390e-02 1.110858e+00 1.782813e-01
1.506367e-02 4.723072e-01 8.110555e-02 3.304083e-01 6.127500e-02 -1.402533e-01 1.064398e-01 2.792948e-01 4.586975e-02 -8.054344e-02 7.250087e-02 1.005843e+00 1.514810e-01
1.701636e-02 4.930151e-01 8.927700e-02 2.971451e-01 6.109528e-02 -9.764750e-02 9.669390e-02 2.231502e-01 3.701756e-02 -5.368750e-02 5.878293e-02 8.941033e-01 4.225948e-02
1.952697e-02 5.727557e-01 7.174344e-02 3.227449e-01 4.455602e-02 -1.412951e-01 6.234797e-02 2.373227e-01 3.152138e-02 -6.890363e-02 2.970639e-02 8.745946e-01 1.017459e-01
2.259550e-02 5.233228e-01 5.735576e-02 2.520848e-01 2.812194e-02 -3.268462e-02 8.295404e-02 1.770330e-01 1.683002e-02 -1.598297e-02 3.872497e-02 7.863691e-01 8.755699e-02
2.622194e-02 7.460612e-01 1.500284e-01 3.012668e-01 6.289037e-02 -1.394803e-01 5.679019e-02 1.954164e-01 2.890306e-02 -5.348175e-02 3.290995e-02 7.267031e-01 7.411109e-02
1.617949e-02 5.064469e-01 9.380868e-02 3.190342e-01 6.281668e-02 -1.296498e-01 5.867745e-02 2.580018e-01 4.057120e-02 -4.193248e-02 3.757033e-02 1.041768e+00 1.087181e-01
1.645845e-02 4.365489e-01 5.685145e-02 2.610908e-01 2.668628e-02 -2.494175e-02 5.937026e-02 1.966153e-01 1.208808e-02 -2.474638e-03 3.923573e-02 8.725236e-01 1.089395e-01
1.729532e-02 3.870841e-01 7.429813e-02 2.417709e-01 5.588073e-02 -7.052052e-02 5.371991e-02 1.973057e-01 4.149042e-02 -4.119121e-02 3.256951e-02 9.783375e-01 8.777956e-02
1.869010e-02 5.748957e-01 1.232672e-01 3.238118e-01 6.540322e-02 -1.271290e-01 1.181096e-01 2.389995e-01 3.143659e-02 -5.511963e-02 7.002096e-02 9.543660e-01 7.146781e-02
2.064280e-02 5.480173e-01 1.377848e-01 2.717827e-01 6.832591e-02 -9.117496e-03 4.781731e-02 1.936804e-01 3.706230e-02 2.330614e-02 3.774630e-02 9.361077e-01 1.232758e-01
2.315341e-02 7.108440e-01 9.321357e-02 3.423725e-01 6.112407e-02 2.036836e-02 4.317934e-02 2.401047e-01 4.030958e-02 -1.281055e-02 2.821706e-02 9.779502e-01 1.227380e-01
2.622194e-02 5.880842e-01 1.281663e-01 2.349487e-01 5.920566e-02 -4.189934e-02 6.580986e-02 1.806790e-01 2.215864e-02 -4.328054e-03 2.981931e-02 1.053485e+00 6.442394e-02
2.984837e-02 8.304674e-01 1.422632e-01 3.145743e-01 8.649631e-02 -1.014600e-01 9.372697e-02 2.124431e-01 4.641306e-02 -8.227389e-02 4.095872e-02 9.867091e-01 1.120231e-01
4.463308e-03 1.104280e-01 2.130570e-02 1.175251e-01 1.951718e-02 -4.643544e-02 4.785724e-02 1.415392e-01 1.697937e-02 -1.671440e-02 4.981428e-02 5.503029e-01 1.253533e-01
4.742265e-03 1.834708e-01 3.488179e-02 1.966225e-01 3.807267e-02 -1.136080e-01 5.379538e-02 2.268445e-01 4.249126e-02 -7.289314e-02 6.605670e-02 7.581413e-01 1.433226e-01
5.579135e-03 1.407906e-01 3.157433e-02 1.446305e-01 3.473581e-02 -3.157600e-02 5.228692e-02 1.675521e-01 3.818469e-02 -1.010188e-03 4.691728e-02 5.319272e-01 9.277917e-02
6.973919e-03 1.304055e-01 2.831923e-02 1.272305e-01 2.467104e-02 -2.143999e-02 4.101037e-02 1.478435e-01 2.315151e-02 2.963668e-02 4.603634e-02 9.211843e-01 1.120818e-01
8.926617e-03 2.039390e-01 3.943357e-02 1.656839e-01 3.332862e-02 -1.009791e-01 6.011341e-02 1.582757e-01 2.796215e-02 -3.173203e-02 4.795134e-02 8.091428e-01 7.473249e-02
1.143723e-02 3.719679e-01 7.452880e-02 2.861526e-01 6.254680e-02 -1.781186e-01 1.302510e-01 2.518288e-01 5.375159e-02 -1.103452e-01 1.140223e-01 1.046436e+00 1.697369e-01
1.450575e-02 2.265200e-01 2.456924e-02 1.428786e-01 1.840511e-02 -9.480419e-02 2.415492e-02 1.313811e-01 1.292932e-02 -4.035046e-02 1.312572e-02 8.117792e-01 9.715453e-02
1.813219e-02 4.882700e-01 7.736977e-02 2.771919e-01 5.248301e-02 -2.111213e-01 6.821085e-02 2.198240e-01 3.183928e-02 -8.167715e-02 3.867932e-02 8.277946e-01 1.348606e-01
4.742265e-03 1.709154e-01 4.183949e-02 1.770205e-01 4.721390e-02 -8.875510e-02 2.636635e-02 2.020739e-01 5.324859e-02 -3.386413e-02 3.338849e-02 8.138534e-01 6.557860e-02
5.021222e-03 1.688524e-01 2.658574e-02 1.638941e-01 2.376852e-02 -1.347046e-01 5.387374e-02 1.723639e-01 2.115958e-02 -9.109656e-02 5.596880e-02 9.235089e-01 1.075705e-01
5.858092e-03 1.537239e-01 2.286984e-02 1.427245e-01 1.971801e-02 -1.315693e-01 6.128990e-02 1.526888e-01 1.824235e-02 -6.283403e-02 5.938217e-02 1.142897e+00 1.993415e-01
7.252876e-03 1.759539e-01 1.731749e-02 1.691878e-01 1.585322e-02 3.122287e-02 3.066744e-02 1.826465e-01 1.577497e-02 7.061189e-02 3.716167e-02 9.727490e-01 1.780123e-01
9.205573e-03 1.736593e-01 1.408436e-02 1.471486e-01 1.170791e-02 -9.436060e-03 1.986166e-02 1.457370e-01 9.532600e-03 9.657565e-03 2.481491e-02 5.891383e-01 7.696146e-02
1.171618e-02 3.296140e-01 5.614614e-02 2.368928e-01 4.007502e-02 -1.167596e-01 7.192906e-02 1.979580e-01 3.005593e-02 -4.300578e-02 5.896792e-02 1.157876e+00 1.132119e-01
1.478471e-02 3.638284e-01 4.114342e-02 2.321662e-01 2.672954e-02 -3.714196e-02 9.422413e-02 1.926991e-01 2.103050e-02 -9.666149e-03 6.620478e-02 8.519615e-01 1.433864e-01
1.841115e-02 6.646001e-01 1.016121e-01 4.039883e-01 5.735554e-02 -2.571523e-02 3.399001e-02 3.002201e-01 3.131253e-02 -9.127326e-03 2.937124e-02 1.119691e+00 1.047919e-01
5.579135e-03 1.140387e-01 1.323898e-02 1.159287e-01 1.251428e-02 -5.456546e-02 3.742985e-02 1.389324e-01 1.327192e-02 1.668176e-02 5.890182e-02 9.652650e-01 2.077447e-01
5.858092e-03 1.216208e-01 1.481933e-02 1.184381e-01 1.878513e-02 -9.331706e-02 2.064796e-02 1.372123e-01 2.345856e-02 -4.053539e-02 1.188530e-02 8.294697e-01 2.042156e-01
6.694963e-03 1.623154e-01 2.207360e-02 1.539868e-01 1.973132e-02 -7.074336e-02 6.899656e-02 1.683622e-01 1.798265e-02 -6.155738e-03 5.772001e-02 1.192707e+00 3.874370e-01
8.089746e-03 2.559420e-01 2.790388e-02 2.249961e-01 2.322150e-02 -3.024458e-02 1.070426e-01 2.225827e-01 2.114453e-02 3.603012e-02 8.722106e-02 1.127712e+00 1.631251e-01
1.004244e-02 2.552090e-01 2.728234e-02 2.113142e-01 2.351770e-02 -3.916688e-02 7.686234e-02 2.039271e-01 1.943037e-02 1.686503e-02 6.918105e-02 9.500696e-01 7.848568e-02
1.255305e-02 2.871418e-01 4.187041e-02 2.049018e-01 3.662376e-02 -1.350548e-01 4.718730e-02 1.774851e-01 3.065786e-02 -4.893941e-02 3.102661e-02 8.304022e-01 1.665145e-01
1.562158e-02 2.969307e-01 3.177033e-02 1.817370e-01 2.115861e-02 -2.680717e-02 5.243062e-02 1.519104e-01 1.602848e-02 -3.448479e-03 3.342015e-02 9.349933e-01 1.084274e-01
1.924802e-02 4.492369e-01 7.905743e-02 2.416455e-01 4.607395e-02 -1.110772e-01 2.895246e-02 1.853771e-01 2.734394e-02 -3.940029e-02 1.116118e-02 8.977887e-01 5.046001e-02
6.973919e-03 1.696549e-01 3.404225e-02 1.615785e-01 3.546261e-02 -5.767789e-02 5.211600e-02 1.797435e-01 3.772913e-02 3.605890e-03 5.555324e-02 8.940136e-01 1.644713e-01
7.252876e-03 1.747992e-01 3.905397e-02 1.602365e-01 3.687353e-02 -1.632333e-01 4.745794e-02 1.671958e-01 3.526343e-02 -1.175199e-01 4.043825e-02 8.837245e-01 1.478689e-01
8.089746e-03 2.500815e-01 6.283404e-02 2.145156e-01 5.447717e-02 -1.537825e-01 4.193939e-02 2.076854e-01 4.773365e-02 -7.029174e-02 4.083593e-02 1.274477e+00 1.317678e-01
9.484530e-03 2.525826e-01 4.050973e-02 2.040836e-01 3.008992e-02 -8.060815e-02 4.512861e-02 1.979868e-01 2.665472e-02 6.621373e-03 3.914767e-02 1.168305e+00 1.179236e-01
1.143723e-02 2.319002e-01 3.576704e-02 1.752797e-01 3.052500e-02 1.745502e-02 7.671749e-02 1.589644e-01 2.624690e-02 4.148474e-02 6.139440e-02 1.024806e+00 1.027978e-01
1.394784e-02 2.858531e-01 5.280213e-02 1.983988e-01 4.045914e-02 -3.592873e-02 3.762240e-02 1.761173e-01 3.259739e-02 2.388723e-03 2.782710e-02 8.942522e-01 4.234316e-02
1.701636e-02 3.848457e-01 8.566738e-02 2.146018e-01 5.391755e-02 -3.791784e-02 3.688388e-02 1.682908e-01 3.337701e-02 3.728122e-03 2.844181e-02 7.257363e-01 9.302112e-02
2.064280e-02 7.710198e-01 2.207442e-01 3.831538e-01 1.199026e-01 -3.461704e-01 1.494976e-01 2.593037e-01 6.157176e-02 -1.629614e-01 7.983219e-02 1.072393e+00 1.864135e-01
8.926617e-03 2.421882e-01 4.862802e-02 2.053057e-01 4.759172e-02 -1.684232e-01 6.861910e-02 2.012162e-01 4.532332e-02 -6.660198e-02 6.815099e-02 1.364771e+00 1.983326e-01
9.205573e-03 1.932034e-01 3.006955e-02 1.635954e-01 2.387920e-02 -7.012575e-03 4.647623e-02 1.596688e-01 2.011597e-02 4.463878e-02 3.964247e-02 1.003040e+00 1.318090e-01
1.004244e-02 2.541553e-01 2.003958e-02 2.076704e-01 1.284322e-02 5.012846e-02 2.617168e-02 1.984971e-01 7.815892e-03 6.002670e-02 2.401466e-02 8.750384e-01 1.750821e-01
1.143723e-02 2.518054e-01 1.148006e-02 1.956768e-01 1.190462e-02 1.427019e-02 2.699503e-02 1.847304e-01 1.564279e-02 5.511756e-02 2.186218e-02 8.834812e-01 1.384205e-01
1.338993e-02 4.229523e-01 1.006516e-01 2.980344e-01 7.182612e-02 -1.541585e-01 1.408013e-01 2.508230e-01 5.294182e-02 -6.636572e-02 9.279507e-02 1.064987e+00 1.214715e-01
1.590054e-02 4.404890e-01 5.158456e-02 2.757831e-01 4.308152e-02 -1.624042e-01 8.098303e-02 2.191623e-01 3.614266e-02 -7.994562e-02 5.018388e-02 1.068197e+00 9.198966e-02
1.896906e-02 5.045006e-01 9.467890e-02 2.982953e-01 5.779451e-02 -8.387759e-02 6.036513e-02 2.333084e-01 3.968745e-02 -1.779603e-02 3.421172e-02 1.073870e+00 1.419012e-01
2.259550e-02 5.472383e-01 9.425121e-02 2.676105e-01 5.026410e-02 -1.407357e-01 7.595391e-02 2.021927e-01 3.563335e-02 -3.718943e-02 4.433491e-02 1.022724e+00 1.457733e-01
1.143723e-02 2.368443e-01 2.393401e-02 1.789410e-01 1.279020e-02 -3.145968e-02 4.475998e-02 1.654186e-01 6.672683e-03 -2.949101e-03 3.524631e-02 8.534864e-01 4.691831e-02
1.171618e-02 2.799420e-01 2.297883e-02 2.099081e-01 1.626759e-02 -9.853821e-02 5.471802e-02 1.911427e-01 1.148295e-02 -1.963379e-02 3.603079e-02 1.285640e+00 3.004077e-01
1.255305e-02 2.708983e-01 3.376768e-02 1.953533e-01 2.646622e-02 -8.461619e-02 7.234674e-02 1.846051e-01 2.487985e-02 -2.500151e-02 4.880655e-02 9.712610e-01 7.160869e-02
1.394784e-02 2.921047e-01 2.334049e-02 2.053378e-01 1.541555e-02 -1.020450e-01 4.929774e-02 1.781067e-01 1.365450e-02 -5.975269e-02 2.853096e-02 9.115096e-01 8.877603e-02
1.590054e-02 3.848567e-01 4.467566e-02 2.502457e-01 2.670439e-02 7.103347e-03 8.140745e-02 2.088109e-01 1.867117e-02 1.634320e-02 5.975635e-02 9.357114e-01 1.022980e-01
1.841115e-02 6.065989e-01 5.702233e-02 3.427266e-01 3.424064e-02 -1.858479e-01 6.184345e-02 2.451551e-01 2.843969e-02 -6.643412e-02 3.823292e-02 9.347105e-01 5.285054e-02
2.147967e-02 5.465736e-01 1.237435e-01 2.495589e-01 6.680072e-02 -1.622596e-01 4.306408e-02 1.729394e-01 3.264670e-02 -7.340214e-02 2.164200e-02 8.500891e-01 9.567165e-02
2.510611e-02 7.260081e-01 1.390936e-01 3.208726e-01 5.891829e-02 -1.228947e-01 5.429726e-02 2.189586e-01 2.436254e-02 -1.968518e-02 1.848784e-02 8.663324e-01 3.767408e-02
1.450575e-02 3.654835e-01 2.216160e-02 2.406548e-01 1.487933e-02 -1.106134e-01 4.491302e-02 1.957615e-01 1.000180e-02 -6.678640e-02 2.438536e-02 9.706417e-01 9.803242e-02
1.478471e-02 4.191505e-01 4.825980e-02 2.871994e-01 4.107804e-02 -1.247399e-01 8.435742e-02 2.409798e-01 3.559804e-02 -5.615247e-02 5.407362e-02 1.002847e+00 9.002506e-02
1.562158e-02 4.012164e-01 7.623972e-02 2.681914e-01 5.501054e-02 -1.268934e-01 8.235265e-02 2.250131e-01 4.103007e-02 -4.723006e-02 6.478977e-02 1.039367e+00 4.201245e-02
1.701636e-02 5.873848e-01 7.265030e-02 3.428414e-01 4.758938e-02 -1.085403e-01 8.475929e-02 2.426426e-01 3.292127e-02 -1.771231e-02 5.123889e-02 1.081185e+00 1.824404e-01
1.896906e-02 4.840174e-01 8.403554e-02 2.533401e-01 4.307126e-02 -5.435647e-02 1.137026e-01 1.910387e-01 2.573393e-02 1.656132e-02 7.403046e-02 1.028724e+00 1.611625e-01
2.147967e-02 5.115172e-01 7.934883e-02 2.327573e-01 4.312463e-02 -9.962614e-02 4.827258e-02 1.671881e-01 2.771345e-02 -3.178543e-02 1.807691e-02 9.256667e-01 9.475685e-02
2.454820e-02 6.987885e-01 6.453202e-02 3.150147e-01 3.322702e-02 -1.446896e-01 5.951040e-02 2.094134e-01 1.996226e-02 -1.448588e-02 2.938883e-02 1.159171e+00 9.639765e-02
2.817463e-02 7.278984e-01 1.176726e-01 2.663234e-01 5.336671e-02 -5.362924e-02 7.472760e-02 1.911954e-01 2.006132e-02 3.589072e-02 1.832481e-02 1.187887e+00 1.008016e-01
1.813219e-02 5.303573e-01 1.394613e-01 3.180352e-01 8.511497e-02 1.645345e-02 5.647882e-02 2.473500e-01 5.814604e-02 3.713970e-02 3.509226e-02 1.101254e+00 1.356890e-01
1.841115e-02 4.020838e-01 5.193342e-02 2.308743e-01 4.264372e-02 -1.358935e-01 5.917322e-02 1.914101e-01 3.718531e-02 -7.860470e-02 2.759342e-02 1.079150e+00 1.214274e-01
1.924802e-02 5.191632e-01 8.670914e-02 2.648262e-01 4.971348e-02 -7.705813e-02 7.266085e-02 1.898646e-01 2.886580e-02 -1.349705e-02 5.231298e-02 1.076077e+00 7.793877e-02
2.064280e-02 3.790756e-01 6.364114e-02 1.949800e-01 3.647795e-02 -7.427269e-02 3.302779e-02 1.463141e-01 2.044291e-02 -2.453083e-02 2.158128e-02 8.212963e-01 1.129423e-01
2.259550e-02 7.260344e-01 1.611695e-01 3.724541e-01 8.201547e-02 2.556103e-02 8.872450e-02 2.578226e-01 3.796566e-02 3.251922e-02 4.493556e-02 9.245805e-01 1.046514e-01
2.510611e-02 6.944714e-01 1.073630e-01 3.137372e-01 4.854690e-02 -9.582495e-02 1.016250e-01 2.118799e-01 2.826588e-02 -3.696940e-02 2.869744e-02 8.449850e-01 6.840287e-02
2.817463e-02 6.304591e-01 5.307636e-02 2.654866e-01 1.359772e-02 -1.893500e-01 4.435168e-02 2.080539e-01 6.966320e-03 -7.988763e-02 2.597880e-02 9.477447e-01 1.161138e-01
3.180107e-02 7.229022e-01 4.956783e-02 2.468171e-01 2.818726e-02 -1.319300e-01 3.006606e-02 1.791885e-01 1.727955e-02 -3.496331e-02 1.638284e-02 9.348967e-01 9.401321e-02
6.973919e-03 1.555804e-01 1.929446e-02 1.424260e-01 2.029454e-02 6.398281e-04 3.526298e-02 1.529489e-01 2.169428e-02 4.525237e-02 3.650464e-02 8.644618e-01 1.324121e-01
7.252876e-03 1.474217e-01 1.039186e-02 1.393413e-01 1.326476e-02 -3.266061e-02 2.416226e-02 1.555362e-01 1.808794e-02 1.459165e-02 2.862149e-02 7.827859e-01 1.093667e-01
8.089746e-03 1.746676e-01 2.639959e-02 1.496758e-01 2.454851e-02 -6.017366e-03 2.841189e-02 1.541209e-01 2.141350e-02 3.072801e-02 2.690918e-02 8.118325e-01 1.680525e-01
9.484530e-03 2.288649e-01 3.195697e-02 1.870398e-01 1.958589e-02 -2.217294e-02 3.839109e-02 1.817812e-01 1.463045e-02 3.391302e-02 3.093279e-02 9.605951e-01 1.781262e-01
1.143723e-02 2.541605e-01 4.009857e-02 2.006629e-01 3.339760e-02 -7.600256e-03 1.577010e-02 1.893113e-01 2.649283e-02 2.972494e-02 2.165719e-02 9.270503e-01 1.606630e-01
1.394784e-02 4.857331e-01 7.550581e-02 3.132737e-01 5.591876e-02 -1.329709e-01 4.357905e-02 2.413986e-01 4.212893e-02 -8.089746e-02 3.389502e-02 9.604469e-01 1.911485e-01
1.701636e-02 4.244396e-01 5.566668e-02 2.522679e-01 3.170457e-02 -1.006138e-01 1.220869e-01 1.909646e-01 1.674876e-02 -3.804393e-02 7.981957e-02 1.064809e+00 1.794461e-01
2.064280e-02 3.459769e-01 3.158905e-02 1.739112e-01 2.491684e-02 -1.140900e-01 3.975759e-02 1.517642e-01 2.232754e-02 -4.684719e-02 1.984318e-02 9.028356e-01 4.703684e-02
7.252876e-03 1.420016e-01 9.316002e-03 1.310148e-01 9.500050e-03 -6.101212e-02 5.817715e-02 1.432274e-01 1.149220e-02 2.494054e-02 6.342206e-02 1.413422e+00 2.002748e-01
7.531833e-03 2.632223e-01 3.756257e-02 2.358542e-01 3.196118e-02 -1.320184e-01 7.274526e-02 2.372209e-01 2.741003e-02 -4.805442e-02 9.197138e-02 1.335563e+00 4.036701e-01
8.368703e-03 1.865730e-01 1.575310e-02 1.655343e-01 1.495076e-02 -9.816530e-02 4.490216e-02 1.722150e-01 1.379097e-02 -4.297903e-02 4.929955e-02 8.752173e-01 9.531407e-02
9.763487e-03 2.323548e-01 4.630130e-02 1.895552e-01 4.039337e-02 -1.345396e-01 6.563161e-02 1.886641e-01 3.473957e-02 -5.983042e-02 4.410221e-02 1.111594e+00 2.124304e-01
1.171618e-02 3.362334e-01 6.696484e-02 2.586703e-01 5.002209e-02 -1.710809e-01 5.398049e-02 2.275602e-01 3.828072e-02 -1.026881e-01 3.933513e-02 8.916918e-01 1.369178e-01
1.422680e-02 3.217864e-01 7.045677e-02 2.193068e-01 5.357632e-02 -1.407398e-01 4.092231e-02 1.874891e-01 4.048790e-02 -8.691176e-02 2.609793e-02 9.592090e-01 6.114912e-02
1.729532e-02 6.136456e-01 8.473675e-02 3.790230e-01 5.653164e-02 -2.184090e-01 7.749582e-02 2.814520e-01 4.094950e-02 -1.195007e-01 5.400829e-02 1.120718e+00 8.930642e-02
2.092176e-02 5.083917e-01 9.318792e-02 2.577252e-01 6.157363e-02 -1.291828e-01 7.918913e-02 1.962889e-01 3.921671e-02 -5.881775e-02 4.295644e-02 9.392998e-01 1.065036e-01
8.089746e-03 1.968002e-01 2.120403e-02 1.691375e-01 1.870885e-02 -4.562053e-02 8.704457e-02 1.695332e-01 2.094414e-02 2.562054e-02 8.087095e-02 1.254925e+00 1.326627e-01
8.368703e-03 1.713201e-01 1.622175e-02 1.513410e-01 1.471703e-02 -4.259279e-02 6.219314e-02 1.588963e-01 1.901590e-02 -1.055508e-03 6.991567e-02 9.402047e-01 1.633693e-01
9.205573e-03 2.286211e-01 3.846061e-02 2.024729e-01 3.736543e-02 3.687508e-02 7.645028e-02 2.037272e-01 3.686636e-02 5.822640e-02 7.128955e-02 1.021190e+00 2.190913e-01
1.060036e-02 2.223018e-01 6.506615e-02 1.768595e-01 5.143904e-02 -1.352722e-01 2.656497e-02 1.747519e-01 4.118394e-02 -5.932337e-02 2.480964e-02 1.063507e+00 1.422819e-01
1.255305e-02 4.406273e-01 5.849224e-02 3.289183e-01 4.265479e-02 -3.550226e-02 5.636606e-02 2.818116e-01 3.065556e-02 7.918759e-03 4.434424e-02 8.330711e-01 1.513475e-01
1.506367e-02 3.794993e-01 6.782723e-02 2.490893e-01 5.270344e-02 -5.180086e-02 6.644574e-02 2.062673e-01 4.018267e-02 -6.594604e-03 4.965840e-02 1.156144e+00 1.479261e-01
1.813219e-02 7.120289e-01 1.530713e-01 4.349213e-01 1.011164e-01 -1.392839e-01 4.939499e-02 3.179965e-01 6.748998e-02 -8.281357e-02 3.924098e-02 1.063478e+00 1.670510e-01
2.175863e-02 6.129113e-01 1.055849e-01 2.969818e-01 5.182291e-02 -1.523470e-01 6.907174e-02 2.025680e-01 2.706408e-02 -6.154650e-02 3.737379e-02 1.006689e+00 1.649701e-01
9.484530e-03 2.440364e-01 2.681186e-02 2.058815e-01 1.912257e-02 -1.326450e-01 8.271198e-02 2.056105e-01 1.679964e-02 -6.777131e-02 7.710890e-02 9.961037e-01 1.210702e-01
9.763487e-03 2.178833e-01 3.312698e-02 1.802562e-01 2.549910e-02 -5.766681e-02 6.604233e-02 1.799237e-01 1.758626e-02 -5.446043e-03 5.789894e-02 8.516450e-01 8.454360e-02
1.060036e-02 2.869200e-01 5.275757e-02 2.182983e-01 4.147633e-02 -8.371201e-02 4.215912e-02 1.977628e-01 3.378556e-02 -2.308528e-02 3.132383e-02 7.450643e-01 8.871881e-02
1.199514e-02 3.468060e-01 3.998571e-02 2.565052e-01 3.585079e-02 -1.100965e-01 3.655807e-02 2.280417e-01 2.939959e-02 -4.761313e-02 2.091963e-02 1.097386e+00 2.645110e-01
1.394784e-02 3.002839e-01 5.417557e-02 2.084569e-01 3.541745e-02 -3.317990e-02 4.148824e-02 1.855830e-01 2.157474e-02 2.411811e-02 4.262819e-02 1.148304e+00 1.280926e-01
1.645845e-02 3.853915e-01 7.708661e-02 2.293647e-01 4.617827e-02 -1.260744e-01 1.330749e-01 1.833335e-01 2.859437e-02 -5.819858e-02 8.496101e-02 1.122553e+00 2.002312e-01
1.952697e-02 4.245158e-01 7.418440e-02 2.359372e-01 5.560831e-02 -5.151466e-02 6.855652e-02 1.860539e-01 4.075766e-02 -1.829489e-02 3.403974e-02 1.080079e+00 1.424500e-01
2.315341e-02 4.606785e-01 4.697289e-02 2.201447e-01 4.645130e-02 -5.907950e-02 5.183455e-02 1.846027e-01 3.429490e-02 1.045657e-02 4.266123e-02 9.924254e-01 1.290709e-01
1.143723e-02 2.550932e-01 2.380884e-02 2.112217e-01 1.802490e-02 5.893793e-02 7.568454e-02 2.106945e-01 1.845774e-02 1.029386e-01 5.506766e-02 8.702796e-01 9.944922e-02
1.171618e-02 2.507598e-01 2.082536e-02 1.922712e-01 1.560884e-02 -1.177309e-01 7.329170e-02 1.821983e-01 1.236899e-02 -4.763587e-02 6.582864e-02 1.217582e+00 1.216222e-01
1.255305e-02 2.453626e-01 2.121024e-02 1.796444e-01 2.245478e-02 -4.122274e-02 5.253762e-02 1.686578e-01 2.095533e-02 -7.454565e-03 4.071373e-02 1.098841e+00 2.037328e-01
1.394784e-02 2.934599e-01 2.526122e-02 2.071132e-01 1.365408e-02 -7.777136e-02 3.960438e-02 1.829524e-01 5.508513e-03 -3.982128e-02 2.942765e-02 8.088437e-01 1.332989e-01
1.590054e-02 4.078486e-01 7.355889e-02 2.407930e-01 5.101302e-02 -2.585685e-02 4.186185e-02 1.862254e-01 3.358868e-02 -9.300943e-04 1.391992e-02 9.100789e-01 1.471133e-01
1.841115e-02 7.103422e-01 8.405097e-02 4.419585e-01 5.265154e-02 -1.911712e-01 8.084994e-02 3.363501e-01 3.343561e-02 -9.483711e-02 5.173538e-02 9.735787e-01 1.282381e-01
2.147967e-02 6.610546e-01 1.329674e-01 3.405016e-01 6.469253e-02 -7.114363e-02 6.787744e-02 2.374516e-01 3.252675e-02 -5.039320e-02 3.956526e-02 7.411571e-01 4.788195e-02
2.510611e-02 5.706014e-01 1.292616e-01 2.548051e-01 6.364967e-02 -1.151387e-01 3.149255e-02 1.914940e-01 3.450807e-02 -2.474125e-02 1.745437e-02 9.132982e-01 1.173157e-01
1.394784e-02 2.441684e-01 4.631848e-02 1.654118e-01 3.931567e-02 -5.298586e-02 1.117564e-02 1.520636e-01 2.966861e-02 6.799631e-04 1.266022e-02 9.411994e-01 1.017326e-01
1.422680e-02 3.233390e-01 4.366388e-02 2.161333e-01 3.564829e-02 -2.008946e-02 4.339383e-02 1.830119e-01 2.868296e-02 3.801064e-02 4.123380e-02 8.703911e-01 1.406321e-01
1.506367e-02 4.742336e-01 1.031980e-01 3.138577e-01 7.125747e-02 -1.299730e-01 9.411232e-02 2.527048e-01 5.167930e-02 -5.912281e-02 7.458036e-02 9.840126e-01 1.304296e-01
1.645845e-02 4.278731e-01 8.346755e-02 2.561871e-01 5.341041e-02 -2.254351e-02 9.103346e-02 2.086904e-01 3.669443e-02 -1.871584e-03 5.091321e-02 1.095715e+00 1.750615e-01
1.841115e-02 5.233172e-01 8.365553e-02 2.993244e-01 4.494614e-02 -1.629319e-01 8.770990e-02 2.247587e-01 2.529063e-02 -6.032514e-02 4.913980e-02 8.763205e-01 1.160537e-01
2.092176e-02 7.894236e-01 3.333947e-01 4.083275e-01 1.733572e-01 -3.158363e-01 1.828159e-01 2.723025e-01 8.632114e-02 -1.477518e-01 9.313712e-02 1.245440e+00 1.088043e-01
2.399028e-02 5.961877e-01 1.306044e-01 2.813357e-01 6.142847e-02 -1.176843e-01 3.395318e-02 2.098310e-01 2.520902e-02 -3.939845e-02 1.573743e-02 1.190543e+00 1.272807e-01
2.761672e-02 7.722170e-01 1.001075e-01 3.132631e-01 5.726301e-02 -7.533189e-02 3.664733e-02 2.069325e-01 3.992970e-02 -1.745084e-02 2.683808e-02 9.731799e-01 7.017548e-02
1.701636e-02 4.165369e-01 8.145959e-02 2.390601e-01 5.207105e-02 -2.358705e-02 5.457019e-02 1.829208e-01 3.294269e-02 7.440099e-03 3.194347e-02 8.745811e-01 7.781462e-02
1.729532e-02 4.938170e-01 7.158639e-02 2.980527e-01 5.056802e-02 -1.877240e-01 4.816303e-02 2.312568e-01 3.526842e-02 -1.144655e-01 3.670728e-02 9.003704e-01 8.974613e-02
1.813219e-02 7.468164e-01 7.244755e-02 4.325141e-01 3.659768e-02 -8.064945e-02 1.666230e-02 3.008242e-01 1.739249e-02 -2.736821e-02 1.966600e-02 9.506291e-01 9.613439e-02
1.952697e-02 4.945828e-01 7.232111e-02 2.732854e-01 3.919329e-02 4.223128e-02 4.098037e-02 2.011340e-01 2.385698e-02 4.161209e-02 3.124561e-02 8.471984e-01 2.719047e-02
2.147967e-02 5.205205e-01 3.634483e-02 2.582362e-01 1.804537e-02 -3.055533e-02 3.120748e-02 1.893687e-01 1.227450e-02 -2.719631e-02 1.711316e-02 1.220113e+00 5.288359e-02
2.399028e-02 7.633052e-01 1.379081e-01 3.635435e-01 7.310836e-02 -2.011737e-01 9.850724e-02 2.322811e-01 4.210963e-02 -9.435267e-02 4.868868e-02 1.115902e+00 1.624544e-01
2.705881e-02 7.469190e-01 1.714364e-01 3.015015e-01 6.330483e-02 -1.424258e-01 7.732849e-02 1.990838e-01 2.311995e-02 -3.316593e-02 4.344530e-02 1.036463e+00 1.610102e-01
3.068524e-02 7.141165e-01 1.284268e-01 2.445021e-01 5.556429e-02 -2.215976e-01 3.728539e-02 1.843087e-01 1.699734e-02 -7.760399e-02 1.090338e-02 1.134251e+00 8.611677e-02
2.064280e-02 5.442447e-01 1.013150e-01 2.838704e-01 6.547710e-02 -1.213506e-01 5.745636e-02 2.100895e-01 3.823166e-02 -4.428170e-02 3.680208e-02 1.042832e+00 1.553763e-01
2.092176e-02 5.906635e-01 5.129218e-02 3.125789e-01 4.984897e-02 -4.618908e-02 7.837607e-02 2.285882e-01 4.076285e-02 1.339536e-02 4.818288e-02 9.145601e-01 1.021300e-01
2.175863e-02 7.545038e-01 1.325914e-01 3.587067e-01 5.978633e-02 5.179207e-02 1.156202e-01 2.315353e-01 2.886520e-02 4.626869e-02 5.317226e-02 1.244156e+00 1.435664e-01
2.315341e-02 5.909817e-01 1.443431e-01 2.452274e-01 7.101542e-02 5.979177e-03 5.917502e-02 1.642449e-01 4.102425e-02 3.722877e-02 1.033860e-02 9.808666e-01 1.817120e-01
2.510611e-02 6.138769e-01 1.317244e-01 2.788745e-01 6.144698e-02 2.491337e-02 5.572651e-02 2.029941e-01 2.713778e-02 -1.837185e-02 2.433291e-02 1.011980e+00 1.447773e-01
2.761672e-02 6.330841e-01 1.061636e-01 2.561450e-01 4.900550e-02 -6.069075e-02 1.022194e-01 1.925548e-01 2.829662e-02 -5.093179e-02 2.596908e-02 1.033436e+00 1.921715e-01
3.068524e-02 5.888487e-01 6.584694e-02 1.918976e-01 2.513747e-02 -7.651328e-02 3.478935e-02 1.519536e-01 1.439428e-02 -5.273263e-02 3.955000e-02 9.583152e-01 7.053953e-02
3.431168e-02 6.558516e-01 7.995360e-02 1.969960e-01 3.018934e-02 -2.371266e-02 4.156330e-02 1.767930e-01 1.389812e-02 5.258019e-03 1.910419e-02 9.309683e-01 1.095334e-01
1.004244e-02 3.445845e-01 9.842484e-02 2.795781e-01 7.899437e-02 -1.541446e-01 4.878621e-02 2.551619e-01 6.623018e-02 -7.455707e-02 4.222609e-02 1.219492e+00 1.273110e-01
1.032140e-02 4.253868e-01 2.931789e-02 3.223975e-01 2.633589e-02 -1.848928e-01 9.776980e-02 2.757166e-01 2.231299e-02 -1.026576e-01 7.799026e-02 1.245161e+00 1.209328e-01
1.115827e-02 3.031450e-01 3.750928e-02 2.352211e-01 2.378506e-02 -1.410775e-01 4.553953e-02 2.179244e-01 1.248900e-02 -8.236496e-02 3.184339e-02 8.641183e-01 2.244959e-01
1.255305e-02 2.580419e-01 5.661835e-02 2.044224e-01 5.104373e-02 2.611116e-02 5.705849e-02 2.056213e-01 4.773318e-02 6.243666e-02 5.706289e-02 1.075163e+00 7.722458e-02
1.450575e-02 4.330768e-01 9.531263e-02 2.803971e-01 5.945231e-02 -2.098636e-01 8.600709e-02 2.218299e-01 3.648970e-02 -1.015491e-01 6.392380e-02 1.217315e+00 1.661646e-01
1.701636e-02 4.722246e-01 5.673316e-02 2.683872e-01 3.730463e-02 -1.337639e-01 3.276908e-02 2.012738e-01 2.607630e-02 -6.628412e-02 2.096695e-02 1.253920e+00 1.164782e-01
2.008489e-02 3.928337e-01 5.713332e-02 2.104198e-01 3.096536e-02 -2.501957e-02 6.376304e-02 1.666778e-01 1.644108e-02 1.516813e-02 2.989458e-02 7.946335e-01 4.925936e-02
2.371133e-02 6.016948e-01 1.323303e-01 2.723545e-01 7.113581e-02 -1.202546e-01 9.436551e-02 1.955524e-01 4.276277e-02 -5.153593e-02 6.437125e-02 8.076140e-01 1.014742e-01
1.032140e-02 2.421916e-01 1.895444e-02 2.037576e-01 1.839424e-02 -3.037600e-02 6.438604e-02 1.962228e-01 1.777722e-02 -7.108421e-03 5.035162e-02 9.053604e-01 1.200491e-01
1.060036e-02 3.364629e-01 8.939730e-02 2.673905e-01 7.669686e-02 -3.312661e-02 6.271323e-02 2.401126e-01 6.498807e-02 2.915874e-02 5.707950e-02 8.794925e-01 1.301366e-01
1.143723e-02 2.848697e-01 3.096403e-02 2.216849e-01 2.853805e-02 1.177796e-02 6.291912e-02 2.039704e-01 2.602674e-02 2.789464e-02 5.038210e-02 9.318708e-01 1.378673e-01
1.283201e-02 2.288843e-01 4.470929e-02 1.572043e-01 3.871759e-02 -1.289098e-01 8.265446e-02 1.377928e-01 3.328797e-02 -3.919543e-02 5.120098e-02 1.297190e+00 2.420066e-01
1.478471e-02 4.038618e-01 4.604248e-02 2.613058e-01 2.991678e-02 -1.998003e-01 1.267512e-01 2.099963e-01 1.897200e-02 -8.074855e-02 8.488471e-02 1.099442e+00 2.041412e-01
1.729532e-02 5.509039e-01 1.433995e-01 3.610731e-01 9.932187e-02 -1.088196e-01 8.382768e-02 2.880966e-01 6.819449e-02 -6.673891e-02 5.581480e-02 1.024909e+00 1.354162e-01
2.036384e-02 7.240673e-01 2.470489e-01 3.638466e-01 1.269325e-01 -3.507498e-01 9.367060e-02 2.452418e-01 6.092154e-02 -1.376928e-01 3.637248e-02 1.409704e+00 1.694929e-01
2.399028e-02 6.168705e-01 1.159322e-01 2.873049e-01 5.804062e-02 -1.708237e-01 6.804822e-02 2.255196e-01 3.497535e-02 -1.180595e-01 2.687445e-02 8.490310e-01 8.139285e-02
1.115827e-02 2.348248e-01 3.814991e-02 1.861912e-01 2.674298e-02 5.635678e-02 5.089995e-02 1.824312e-01 2.025320e-02 8.617309e-02 3.709097e-02 8.710714e-01 1.209260e-01
1.143723e-02 2.151793e-01 2.661817e-02 1.679073e-01 2.124622e-02 -7.490960e-02 3.639407e-02 1.682037e-01 1.536069e-02 -3.033352e-02 2.172795e-02 9.027287e-01 1.873102e-01
1.227410e-02 2.972766e-01 3.914616e-02 2.075350e-01 2.909530e-02 -1.497568e-01 6.320470e-02 1.838950e-01 2.425146e-02 -7.451390e-02 6.107275e-02 1.029635e+00 2.326406e-01
1.366888e-02 3.246079e-01 2.551170e-02 2.354696e-01 2.279490e-02 -7.444098e-02 2.866671e-02 2.153624e-01 2.015292e-02 3.128249e-03 1.930544e-02 9.233004e-01 1.996122e-01
1.562158e-02 4.708761e-01 8.690095e-02 3.096128e-01 6.206721e-02 -9.867153e-02 7.087483e-02 2.501294e-01 4.313350e-02 -5.837535e-02 4.528390e-02 9.218517e-01 9.591141e-02
1.813219e-02 5.453561e-01 6.184630e-02 3.167638e-01 4.527919e-02 -1.195125e-01 8.890398e-02 2.402632e-01 3.747718e-02 -4.827779e-02 5.532266e-02 1.128288e+00 5.163907e-02
2.120071e-02 6.688908e-01 5.966778e-02 3.495876e-01 2.993629e-02 -1.212338e-01 2.653801e-02 2.474134e-01 1.300433e-02 -3.152219e-02 3.904940e-02 1.033160e+00 1.655436e-01
2.482715e-02 8.202555e-01 2.362555e-01 3.630930e-01 1.106994e-01 -1.512078e-01 9.845954e-02 2.421899e-01 5.239088e-02 -6.274164e-02 5.259763e-02 9.202072e-01 1.409545e-01
1.255305e-02 3.922970e-01 6.697214e-02 2.866638e-01 4.503749e-02 -6.786908e-02 5.642436e-02 2.396291e-01 2.912860e-02 -3.983414e-02 5.299294e-02 7.599836e-01 5.009043e-02
1.283201e-02 3.546551e-01 4.855978e-02 2.568611e-01 4.218153e-02 -2.219734e-01 5.529356e-02 2.199954e-01 3.801927e-02 -1.341484e-01 3.230501e-02 1.138171e+00 2.989055e-01
1.366888e-02 4.486722e-01 7.683841e-02 3.115073e-01 5.473025e-02 -1.008515e-01 9.926422e-02 2.535097e-01 4.095395e-02 -3.149434e-02 6.464764e-02 1.030020e+00 1.185323e-01
1.506367e-02 4.142641e-01 2.779053e-02 2.653549e-01 1.695744e-02 5.434183e-03 6.060070e-02 2.094743e-01 1.317345e-02 1.903509e-02 3.197876e-02 7.644215e-01 8.068546e-02
1.701636e-02 3.727364e-01 1.220203e-02 2.301111e-01 2.000747e-02 -2.167030e-01 3.447364e-02 1.857154e-01 2.197888e-02 -1.258579e-01 2.595566e-02 9.726766e-01 1.348822e-01
1.952697e-02 6.414316e-01 8.376407e-02 3.537587e-01 4.798683e-02 -1.219944e-01 5.128734e-02 2.475327e-01 2.926508e-02 -7.017845e-02 2.696071e-02 9.529001e-01 9.757001e-02
2.259550e-02 5.537887e-01 5.156665e-02 2.844843e-01 3.508679e-02 -5.824099e-02 3.767492e-02 2.177005e-01 2.524939e-02 -1.622900e-02 2.178533e-02 9.384310e-01 8.379884e-02
2.622194e-02 7.999050e-01 9.321327e-02 3.241828e-01 3.758952e-02 -1.159418e-01 6.786729e-02 2.055704e-01 1.621113e-02 -3.371649e-02 4.378459e-02 9.787460e-01 1.234629e-01
1.450575e-02 4.825662e-01 1.155066e-01 3.239910e-01 8.392249e-02 -1.098929e-01 1.094320e-01 2.549469e-01 5.944353e-02 -4.793012e-02 7.132846e-02 9.337798e-01 1.722643e-01
1.478471e-02 2.933368e-01 4.524674e-02 1.969638e-01 3.703044e-02 -5.304777e-02 4.995627e-02 1.769057e-01 2.722765e-02 5.184292e-03 3.278662e-02 1.080038e+00 1.694375e-01
1.562158e-02 3.523047e-01 5.066102e-02 2.266830e-01 3.300303e-02 1.964355e-02 9.697460e-02 1.901031e-01 1.955244e-02 4.053361e-02 6.252793e-02 1.004900e+00 1.498341e-01
1.701636e-02 4.701917e-01 4.893368e-02 2.734676e-01 2.343554e-02 -2.992397e-01 8.949716e-02 2.048809e-01 1.557685e-02 -1.345024e-01 5.911856e-02 1.283820e+00 2.636284e-01
1.896906e-02 4.637032e-01 9.237394e-02 2.668233e-01 6.561280e-02 -3.020535e-03 1.112150e-01 2.082052e-01 4.490128e-02 3.874694e-02 6.736672e-02 1.107845e+00 1.008185e-01
2.147967e-02 6.749215e-01 1.220892e-01 3.552724e-01 6.536800e-02 -1.133108e-01 3.695327e-02 2.472077e-01 3.387258e-02 -2.786953e-02 2.671703e-02 7.964195e-01 1.241835e-01
2.454820e-02 5.897688e-01 7.957404e-02 2.553443e-01 3.816892e-02 -2.979045e-02 6.113738e-02 1.895692e-01 2.046385e-02 -9.463829e-03 2.941400e-02 7.314645e-01 9.154469e-02
2.817463e-02 8.406339e-01 8.917148e-02 3.368991e-01 5.060312e-02 -5.269364e-02 7.168851e-02 2.247423e-01 2.416829e-02 -1.710667e-02 3.930286e-02 9.102309e-01 1.124810e-01
1.701636e-02 4.601340e-01 1.075108e-01 2.953713e-01 7.980314e-02 -1.568662e-02 7.279052e-02 2.396419e-01 5.846354e-02 6.828409e-03 5.908849e-02 9.579398e-01 1.306829e-01
1.729532e-02 8.098182e-01 1.999660e-01 4.897834e-01 1.159362e-01 -2.621835e-01 6.312349e-02 3.497434e-01 7.005888e-02 -1.700801e-01 5.140056e-02 1.114014e+00 7.133780e-02
1.813219e-02 3.796223e-01 6.406084e-02 2.017195e-01 3.471748e-02 -1.349949e-01 7.704765e-02 1.639124e-01 2.100173e-02 -4.879700e-02 3.828110e-02 9.112013e-01 9.380255e-02
1.952697e-02 3.592279e-01 6.505442e-02 2.010848e-01 4.455511e-02 -5.381398e-02 2.757474e-02 1.674673e-01 3.130214e-02 -2.046568e-02 1.048499e-02 6.683424e-01 1.197064e-01
2.147967e-02 5.494348e-01 3.590538e-02 2.804810e-01 2.286493e-02 -1.338705e-01 5.931301e-02 1.989478e-01 1.554687e-02 -3.726703e-02 1.829461e-02 8.967450e-01 7.425781e-02
2.399028e-02 6.723242e-01 7.460762e-02 3.256614e-01 4.808834e-02 -1.345420e-01 9.493828e-02 2.236102e-01 2.633177e-02 -5.655645e-02 4.923583e-02 9.324230e-01 9.174519e-02
2.705881e-02 5.026948e-01 1.087432e-01 1.984384e-01 5.362570e-02 -2.153205e-02 5.531388e-02 1.631196e-01 3.195914e-02 3.629546e-02 2.142851e-02 9.232076e-01 1.200649e-01
3.068524e-02 7.138359e-01 1.184528e-01 2.786521e-01 4.747855e-02 -2.070773e-01 8.969739e-02 2.071805e-01 1.715275e-02 -7.477993e-02 4.043910e-02 9.084129e-01 8.782896e-02
2.008489e-02 3.920451e-01 3.831261e-02 1.988934e-01 1.386850e-02 -6.222292e-02 8.360589e-02 1.544051e-01 9.406926e-03 -4.590533e-02 4.564318e-02 9.979521e-01 2.164033e-01
2.036384e-02 6.415054e-01 1.240498e-01 3.419750e-01 7.832261e-02 -7.922196e-02 6.295028e-02 2.398480e-01 5.146482e-02 -5.234627e-04 3.901634e-02 8.660367e-01 8.766465e-02
2.120071e-02 6.318294e-01 1.019662e-01 3.656889e-01 6.935780e-02 -1.129023e-01 9.111811e-02 2.892099e-01 5.417887e-02 -5.427143e-02 6.319032e-02 1.175471e+00 1.529926e-01
2.259550e-02 7.041068e-01 1.224813e-01 3.496775e-01 5.466831e-02 -1.985715e-01 1.365143e-01 2.392468e-01 2.435143e-02 -7.054024e-02 7.203354e-02 1.127239e+00 1.139756e-01
2.454820e-02 6.372947e-01 9.290091e-02 2.834558e-01 3.664911e-02 -1.766070e-01 3.215386e-02 1.951414e-01 1.225992e-02 -7.005269e-02 3.016286e-02 9.195754e-01 9.658687e-02
2.705881e-02 8.058898e-01 1.536252e-01 3.451337e-01 8.119127e-02 -9.519055e-02 4.332048e-02 2.312529e-01 3.713306e-02 -3.108844e-02 1.481713e-02 8.752986e-01 1.355423e-01
3.012733e-02 6.364282e-01 5.496126e-02 2.014256e-01 1.949554e-02 2.111054e-02 1.224699e-01 1.567174e-01 7.937358e-03 8.911939e-03 3.721274e-02 1.130074e+00 1.308102e-01
3.375377e-02 7.307934e-01 8.835890e-02 2.395544e-01 4.624093e-02 7.646016e-03 6.728688e-02 2.254496e-01 1.241089e-02 3.264001e-02 2.166670e-02 8.940112e-01 7.356730e-02
2.371133e-02 5.436459e-01 5.550030e-02 2.341821e-01 2.860014e-02 -4.296875e-02 3.435906e-02 1.709077e-01 2.006118e-02 1.162947e-02 1.273962e-02 8.746682e-01 5.731065e-02
2.399028e-02 5.926214e-01 1.398796e-01 2.394912e-01 5.631256e-02 -6.900481e-02 6.140855e-02 1.678537e-01 2.454843e-02 -2.086027e-03 1.783223e-02 9.212657e-01 2.030874e-01
2.482715e-02 5.054424e-01 7.369307e-02 2.267777e-01 3.921252e-02 -1.605302e-01 5.128855e-02 1.740432e-01 2.926059e-02 -5.052388e-02 2.721251e-02 9.972875e-01 1.297870e-01
2.622194e-02 6.492284e-01 9.406276e-02 2.809693e-01 6.980385e-02 -1.514340e-01 6.509437e-02 1.977340e-01 4.652717e-02 -7.226693e-02 2.761747e-02 9.508676e-01 1.982747e-01
2.817463e-02 7.246277e-01 8.787748e-02 2.898903e-01 5.128876e-02 4.702044e-02 4.645033e-02 2.215540e-01 3.574455e-02 4.441808e-02 2.603716e-02 9.829827e-01 8.183370e-02
3.068524e-02 7.595177e-01 1.212961e-01 2.645511e-01 5.359014e-02 -6.749730e-02 6.143363e-02 1.841902e-01 2.044277e-02 -5.143223e-02 3.471472e-02 9.668868e-01 8.988989e-02
3.375377e-02 7.866877e-01 4.804286e-02 2.646779e-01 3.005399e-02 -7.627937e-03 4.352533e-02 1.849242e-01 1.595816e-02 1.640346e-03 2.609734e-02 1.106359e+00 8.565094e-02
3.738021e-02 8.555877e-01 1.172806e-01 2.431034e-01 3.757028e-02 -1.188061e-01 6.574705e-02 1.847195e-01 2.245204e-02 -5.675657e-02 5.275949e-02 1.027628e+00 8.898627e-02
1.366888e-02 4.558673e-01 1.775792e-01 3.017289e-01 1.200248e-01 -7.776955e-02 2.488517e-02 2.376253e-01 7.895960e-02 -3.165118e-02 1.939155e-02 7.096842e-01 6.905795e-02
1.394784e-02 3.780866e-01 8.341823e-02 2.530161e-01 5.631691e-02 -1.330136e-02 8.635204e-02 2.087605e-01 3.880336e-02 4.881467e-03 4.516549e-02 6.897915e-01 5.702323e-02
1.478471e-02 3.517720e-01 4.880788e-02 2.186919e-01 4.047785e-02 -1.015998e-01 2.729767e-02 1.741660e-01 2.967566e-02 -1.391794e-02 2.641686e-02 8.707219e-01 5.198245e-02
1.617949e-02 4.800571e-01 2.675837e-02 3.154444e-01 1.708542e-02 -6.694972e-02 3.638045e-02 2.497825e-01 1.721863e-02 -1.326538e-02 2.682379e-02 8.953341e-01 1.190119e-01
1.813219e-02 5.042840e-01 8.602841e-02 2.885414e-01 4.472563e-02 -9.460664e-02 6.056739e-02 2.180920e-01 2.283450e-02 -4.456524e-02 4.776861e-02 8.946697e-01 8.368682e-02
2.064280e-02 7.305502e-01 1.756849e-01 3.712097e-01 9.996630e-02 -1.524450e-01 1.481354e-01 2.514828e-01 5.595080e-02 -9.517004e-02 6.087685e-02 9.444416e-01 1.202381e-01
2.371133e-02 3.984560e-01 5.712369e-02 2.019651e-01 2.744036e-02 -1.614246e-03 5.857419e-02 1.740516e-01 1.825748e-02 1.115412e-02 4.426380e-02 9.589510e-01 8.947031e-02
2.733776e-02 5.626835e-01 8.490290e-02 2.295280e-01 2.583937e-02 -1.423514e-01 9.055256e-02 1.747238e-01 1.091363e-02 -9.683686e-03 5.393283e-02 1.098638e+00 9.709306e-02
1.394784e-02 2.744543e-01 4.468208e-02 1.964063e-01 2.593350e-02 -5.934111e-02 3.561537e-02 1.751516e-01 1.336951e-02 1.114188e-03 2.501343e-02 8.344926e-01 1.338986e-01
1.422680e-02 4.697974e-01 1.447882e-01 3.103665e-01 1.028631e-01 -1.601390e-01 5.313006e-02 2.456677e-01 7.398314e-02 -6.436490e-02 4.490521e-02 1.151209e+00 1.877714e-01
1.506367e-02 4.099715e-01 1.043659e-01 2.785164e-01 7.299686e-02 -6.805765e-02 5.883363e-02 2.295853e-01 5.254013e-02 -1.484685e-02 4.350068e-02 1.045702e+00 4.233418e-02
1.645845e-02 5.986108e-01 8.104368e-02 3.651008e-01 4.873586e-02 -2.521973e-01 8.164428e-02 2.667033e-01 2.983054e-02 -1.481009e-01 6.046731e-02 8.239304e-01 8.252783e-02
1.841115e-02 3.943269e-01 4.275755e-02 2.269352e-01 3.057807e-02 -1.224223e-01 3.412886e-02 1.842128e-01 1.921150e-02 -5.067203e-02 2.686936e-02 9.569215e-01 1.030931e-01
2.092176e-02 6.236161e-01 1.829932e-01 3.041376e-01 8.850776e-02 -2.151900e-01 1.240519e-01 2.145862e-01 4.681158e-02 -6.468970e-02 5.012041e-02 9.847425e-01 1.630731e-01
2.399028e-02 4.483049e-01 6.166873e-02 2.146115e-01 3.693225e-02 -6.796474e-02 6.516262e-02 1.604475e-01 2.318131e-02 -8.797619e-03 4.149920e-02 1.016392e+00 9.871669e-02
2.761672e-02 6.680830e-01 1.269524e-01 2.857224e-01 6.356363e-02 -4.302809e-03 4.360650e-02 2.068941e-01 3.712454e-02 1.432065e-02 4.615443e-02 8.619452e-01 7.309339e-02
1.478471e-02 3.648910e-01 5.172199e-02 2.239247e-01 3.303116e-02 -3.303632e-02 8.921713e-02 1.730546e-01 2.063485e-02 1.093844e-02 5.474308e-02 1.018644e+00 6.784207e-02
1.506367e-02 3.432059e-01 5.970673e-02 2.221172e-01 3.140040e-02 -2.153576e-01 2.237084e-02 1.835878e-01 1.987745e-02 -1.261465e-01 9.802756e-03 1.083363e+00 1.443205e-01
1.590054e-02 4.450431e-01 8.301206e-02 2.867411e-01 5.955916e-02 -1.119700e-01 1.055575e-01 2.336291e-01 4.215760e-02 -3.003201e-02 7.120633e-02 7.807673e-01 1.114872e-01
1.729532e-02 4.634488e-01 6.632721e-02 2.771903e-01 3.507019e-02 -1.153548e-01 8.173118e-02 2.139475e-01 2.037549e-02 -7.336309e-02 4.944377e-02 7.988179e-01 6.412640e-02
1.924802e-02 4.651036e-01 4.417237e-02 2.602144e-01 2.686448e-02 -2.337000e-01 2.016459e-02 1.929876e-01 1.942527e-02 -1.004654e-01 1.225800e-02 1.023035e+00 9.714922e-02
2.175863e-02 5.730506e-01 9.561523e-02 2.993907e-01 6.158348e-02 2.180289e-02 5.011510e-02 2.096890e-01 3.775522e-02 2.943125e-02 2.966185e-02 9.864886e-01 6.598006e-02
2.482715e-02 7.209406e-01 1.702893e-01 3.218447e-01 1.018465e-01 -1.201460e-02 5.298060e-02 2.074352e-01 6.007178e-02 2.538729e-03 2.744027e-02 8.483888e-01 8.906227e-02
2.845359e-02 4.941109e-01 6.029947e-02 1.928784e-01 3.431953e-02 -7.240684e-02 5.657999e-02 1.611611e-01 2.353267e-02 -3.581783e-02 2.918131e-02 9.911593e-01 8.154088e-02
1.617949e-02 4.119965e-01 7.261779e-02 2.448677e-01 4.730347e-02 -7.386580e-02 9.568848e-02 1.869237e-01 2.955289e-02 -1.233091e-02 6.112589e-02 8.848169e-01 1.143610e-01
1.645845e-02 4.562986e-01 7.185989e-02 2.832345e-01 4.539792e-02 -1.145988e-01 8.477273e-02 2.196957e-01 3.201909e-02 -5.244549e-02 4.910490e-02 8.790704e-01 1.474999e-01
1.729532e-02 3.907253e-01 6.512391e-02 2.340931e-01 4.013018e-02 -1.356483e-01 6.589650e-02 1.878102e-01 2.721544e-02 -8.176403e-02 3.891201e-02 9.516367e-01 1.012947e-01
1.869010e-02 5.290592e-01 1.156777e-01 3.049441e-01 8.091911e-02 -5.872868e-02 1.464475e-01 2.263455e-01 5.726502e-02 -7.231947e-03 8.460710e-02 9.455147e-01 6.862056e-02
2.064280e-02 6.217418e-01 2.566597e-02 3.055155e-01 1.615751e-02 -1.097315e-01 6.781295e-02 2.070336e-01 1.692088e-02 -1.070982e-02 4.412303e-02 9.704426e-01 5.912020e-02
2.315341e-02 5.364895e-01 6.491212e-02 2.538672e-01 3.398234e-02 -1.312072e-01 1.078884e-01 1.810203e-01 2.278173e-02 -5.003000e-02 5.488477e-02 8.683586e-01 1.273218e-01
2.622194e-02 5.237580e-01 1.330492e-01 2.199209e-01 3.977892e-02 3.624962e-02 5.288809e-02 1.832894e-01 1.290948e-02 -2.185066e-02 1.891886e-02 8.776077e-01 7.175799e-02
2.984837e-02 6.041848e-01 7.002392e-02 1.959328e-01 3.253139e-02 -1.247518e-01 9.440432e-02 1.685232e-01 1.127877e-02 -7.985908e-02 2.423952e-02 9.460378e-01 1.193975e-01
1.813219e-02 4.977702e-01 9.754906e-02 2.671468e-01 4.509126e-02 -1.060214e-01 1.128156e-01 2.043848e-01 2.218480e-02 -1.961133e-02 5.686459e-02 1.079967e+00 1.333992e-01
1.841115e-02 5.477323e-01 6.316066e-02 3.184310e-01 4.014141e-02 -8.011187e-02 6.368397e-02 2.417817e-01 3.108653e-02 -3.607122e-02 4.227279e-02 1.001835e+00 2.651725e-02
1.924802e-02 4.807137e-01 1.124144e-01 2.574160e-01 6.130958e-02 -1.467233e-01 9.615005e-02 1.930162e-01 3.303822e-02 -5.673551e-02 4.156268e-02 1.022274e+00 1.652107e-01
2.064280e-02 7.327794e-01 1.460804e-01 3.798281e-01 6.789253e-02 1.875666e-02 5.451264e-02 2.538195e-01 3.467324e-02 5.944010e-02 3.604648e-02 8.363812e-01 5.636770e-02
2.259550e-02 6.569761e-01 5.754903e-02 3.025458e-01 3.174966e-02 -1.337515e-01 7.812085e-02 1.962484e-01 2.076738e-02 -4.633708e-02 5.117705e-02 1.249699e+00 1.376986e-01
2.510611e-02 6.880447e-01 1.155434e-01 2.657269e-01 4.031368e-02 -3.617709e-02 7.853863e-02 1.691649e-01 1.286834e-02 1.122204e-02 2.681649e-02 8.878921e-01 4.567474e-02
2.817463e-02 7.312281e-01 1.292678e-01 2.971921e-01 5.676338e-02 2.350617e-02 4.797577e-02 1.909589e-01 2.279801e-02 3.857598e-02 3.182875e-02 9.676856e-01 5.473082e-02
3.180107e-02 8.416006e-01 1.131551e-01 2.833348e-01 4.300148e-02 3.676677e-02 9.192112e-02 2.119534e-01 2.627928e-02 4.852343e-02 3.640285e-02 1.123137e+00 1.464889e-01
2.064280e-02 9.134360e-01 1.598017e-01 5.153232e-01 8.679479e-02 -2.357650e-01 1.052036e-01 3.439415e-01 5.338580e-02 -1.043756e-01 6.378140e-02 1.151092e+00 1.054035e-01
2.092176e-02 4.940055e-01 1.029844e-01 2.535934e-01 5.839415e-02 -3.683265e-02 5.210643e-02 1.908133e-01 3.138706e-02 5.353112e-03 2.983489e-02 1.079611e+00 4.430736e-02
2.175863e-02 6.107004e-01 1.129745e-01 2.770701e-01 4.915488e-02 -8.394090e-02 6.858698e-02 1.892916e-01 2.644824e-02 -1.507217e-02 2.060276e-02 9.693542e-01 1.544092e-01
2.315341e-02 6.453006e-01 6.207640e-02 2.877016e-01 3.745042e-02 -9.660532e-02 7.814030e-02 2.014332e-01 3.027416e-02 -4.217001e-02 3.986957e-02 9.009337e-01 1.828446e-02
2.510611e-02 6.533437e-01 8.676640e-02 3.030024e-01 5.121275e-02 -1.605890e-01 6.548575e-02 2.088974e-01 2.975239e-02 -9.484136e-02 2.382854e-02 1.039477e+00 1.355185e-01
2.761672e-02 6.259022e-01 7.057367e-02 2.582084e-01 3.259309e-02 -1.533188e-01 7.426042e-02 1.952379e-01 1.728791e-02 -2.967400e-02 3.472447e-02 9.459708e-01 1.092764e-01
3.068524e-02 7.965478e-01 8.307019e-02 2.630228e-01 4.289932e-02 -1.866200e-01 2.395504e-02 1.896598e-01 2.656831e-02 -1.011668e-01 3.426680e-02 9.598021e-01 9.233924e-02
3.431168e-02 8.023918e-01 6.633759e-02 2.342775e-01 2.036142e-02 -1.637475e-01 8.546896e-02 1.901224e-01 1.690541e-02 -5.320002e-02 3.478562e-02 1.126318e+00 1.555161e-01
2.371133e-02 5.752338e-01 6.829758e-02 2.484630e-01 3.464493e-02 -3.162435e-02 6.495364e-02 1.717836e-01 2.172750e-02 1.161411e-02 3.426464e-02 8.673049e-01 3.761730e-02
2.399028e-02 7.751112e-01 1.475253e-01 3.477084e-01 8.215686e-02 -2.774440e-01 7.398774e-02 2.247897e-01 5.236046e-02 -1.004881e-01 3.165974e-02 1.021177e+00 7.160507e-02
2.482715e-02 5.879698e-01 6.364793e-02 2.716898e-01 3.356106e-02 -1.124632e-01 6.856779e-02 2.097230e-01 1.618348e-02 -2.637234e-02 2.469565e-02 1.041129e+00 4.892806e-02
2.622194e-02 5.604365e-01 1.391372e-01 2.575245e-01 5.993094e-02 -8.210284e-02 4.243549e-02 1.984726e-01 2.823141e-02 -2.748462e-02 3.435327e-02 9.604156e-01 6.404046e-02
2.817463e-02 7.097681e-01 1.226491e-01 3.048816e-01 5.906736e-02 4.782602e-02 7.762859e-02 2.165371e-01 2.593722e-02 1.108130e-02 3.901961e-02 1.100909e+00 1.043144e-01
3.068524e-02 1.053604e+00 2.395629e-01 3.645680e-01 8.216264e-02 -1.978096e-01 6.775672e-02 2.281018e-01 3.658746e-02 -6.597539e-02 2.215130e-02 9.650507e-01 1.032740e-01
3.375377e-02 7.792021e-01 5.086355e-02 2.370285e-01 2.239841e-02 1.103227e-02 6.085389e-02 1.873512e-01 2.313338e-02 1.513198e-02 3.870691e-02 9.539195e-01 1.207280e-01
3.738021e-02 7.725796e-01 1.360761e-01 1.877288e-01 3.458344e-02 1.662200e-01 1.047576e-01 1.684524e-01 2.015452e-02 1.855924e-02 3.062467e-02 1.151498e+00 1.605009e-01
2.733776e-02 7.719397e-01 1.320451e-01 3.223929e-01 5.321909e-02 -9.931670e-02 1.098147e-01 2.169566e-01 2.846769e-02 -6.145904e-02 4.386671e-02 9.711044e-01 8.123318e-02
2.761672e-02 5.468240e-01 3.798553e-02 2.144596e-01 2.331667e-02 -1.302848e-01 6.097070e-02 1.632900e-01 1.575849e-02 -3.640342e-02 3.258210e-02 9.218100e-01 7.249092e-02
2.845359e-02 6.404919e-01 5.990169e-02 2.311251e-01 3.271394e-02 -1.581754e-01 9.962678e-02 1.640155e-01 1.827010e-02 -1.491673e-02 2.939445e-02 1.157814e+00 1.685669e-01
2.984837e-02 5.699569e-01 2.922520e-02 1.998488e-01 2.798901e-02 -5.704033e-02 9.853441e-02 1.620537e-01 1.502340e-02 -4.090801e-02 5.584453e-02 9.860386e-01 1.392040e-01
3.180107e-02 7.551921e-01 1.183297e-01 2.823277e-01 5.406425e-02 -1.369363e-02 5.932835e-02 2.048590e-01 2.609178e-02 -4.426874e-03 3.684023e-02 1.103567e+00 1.105620e-01
3.431168e-02 7.436790e-01 1.146848e-01 1.947566e-01 4.790597e-02 -7.692754e-02 4.171328e-02 1.912848e-01 2.394740e-02 -3.648989e-02 1.224946e-02 7.226347e-01 4.922522e-02
3.738021e-02 7.347045e-01 1.659062e-01 1.844874e-01 4.237483e-02 5.444296e-02 8.478318e-02 1.875955e-01 1.641181e-02 -2.183520e-02 2.955234e-02 9.600274e-01 4.225912e-02
4.100665e-02 8.675271e-01 2.021869e-01 1.789100e-01 5.787531e-02 -1.751262e-01 8.247746e-02 2.164450e-01 2.380182e-02 -5.432543e-02 6.169982e-02 9.288827e-01 3.413355e-02
