# k^2  MgMg MgMg_error  MgCl MgCl_error  MgNa MgNa_error  ClCl ClCl_error  ClNa ClNa_error  NaNa NaNa_error
0.000000e+00 1.344000e+03 0.000000e+00 2.281221e+03 0.000000e+00 1.261466e+03 0.000000e+00 3.872000e+03 0.000000e+00 2.141132e+03 0.000000e+00 1.184000e+03 0.000000e+00
2.905705e-04 1.752533e-01 4.492948e-02 1.079569e-01 2.112365e-02 -1.748426e-01 6.517392e-02 1.331579e-01 1.932094e-02 1.456343e-02 1.700439e-02 4.018440e-01 1.332525e-01
1.162282e-03 1.886147e-01 5.160796e-02 1.083350e-01 2.961712e-02 -1.952729e-01 6.803855e-02 1.212792e-01 2.154606e-02 -4.894392e-03 3.666408e-02 4.080309e-01 8.513405e-02
2.615134e-03 1.087365e-01 1.503108e-02 6.737907e-02 1.402286e-02 -9.267721e-02 1.261398e-02 8.467422e-02 1.175249e-02 2.119058e-02 1.226418e-02 2.521731e-01 4.038792e-02
4.649127e-03 1.882020e-01 3.541168e-02 1.052983e-01 2.068713e-02 -1.517817e-01 2.953823e-02 9.393341e-02 1.488847e-02 -2.722043e-02 1.568484e-02 2.665522e-01 2.448133e-02
7.264262e-03 1.955340e-01 4.429707e-02 9.722723e-02 1.345887e-02 -1.694773e-01 5.969679e-02 9.849256e-02 8.833818e-03 7.120751e-03 1.297445e-02 3.985196e-01 9.202086e-02
1.046054e-02 3.837268e-01 3.516759e-02 1.724071e-01 2.104555e-02 -3.282348e-01 2.864271e-02 1.307876e-01 1.722506e-02 -6.336779e-02 1.103206e-02 5.771116e-01 3.097270e-02
1.423795e-02 5.757180e-01 7.925575e-02 2.368988e-01 2.662236e-02 -3.673123e-01 7.161332e-02 1.593087e-01 5.316259e-03 -7.358748e-02 3.157632e-02 5.502419e-01 7.435488e-02
2.905705e-04 8.066348e-02 1.193829e-02 8.361425e-02 1.017773e-02 -1.937400e-02 9.071160e-03 1.288170e-01 1.072330e-02 5.579910e-02 5.676248e-03 1.444494e-01 2.226547e-02
5.811409e-04 7.850813e-02 1.502422e-02 5.811985e-02 1.074449e-02 -5.902225e-02 3.064990e-02 9.707307e-02 1.193419e-02 5.384148e-02 8.669781e-03 2.262213e-01 5.538489e-02
1.452852e-03 1.744099e-01 2.761150e-02 1.132207e-01 1.645399e-02 -1.539447e-01 4.696159e-02 1.159818e-01 1.785617e-02 -2.372541e-02 1.521262e-02 2.849240e-01 6.816448e-02
2.905705e-03 1.346693e-01 2.024361e-02 8.852934e-02 1.646680e-02 -9.891877e-02 1.795418e-02 1.119829e-01 1.347494e-02 3.390388e-02 1.567787e-02 2.860194e-01 6.094059e-02
4.939698e-03 1.612387e-01 1.899031e-02 1.088845e-01 5.240732e-03 -9.096987e-02 3.306122e-02 1.214599e-01 6.749049e-03 2.405357e-02 1.295520e-02 2.654028e-01 6.132188e-02
7.554832e-03 3.031970e-01 4.751018e-02 1.459359e-01 1.322205e-02 -2.485436e-01 7.021477e-02 1.257827e-01 8.862081e-03 -2.495490e-02 2.097138e-02 4.656420e-01 1.060909e-01
1.075111e-02 3.907512e-01 8.353871e-02 2.024403e-01 4.095504e-02 -2.533700e-01 7.059144e-02 1.534845e-01 2.285824e-02 -5.343542e-02 2.838051e-02 4.047597e-01 6.498601e-02
1.452852e-02 4.489014e-01 4.870855e-02 1.993991e-01 1.674972e-02 -3.076753e-01 5.716364e-02 1.441085e-01 5.071459e-03 -7.251854e-02 2.252393e-02 5.007889e-01 7.680721e-02
1.162282e-03 1.418062e-01 3.479730e-02 7.542758e-02 1.034454e-02 -1.536012e-01 5.976854e-02 9.631189e-02 6.580932e-03 1.876990e-02 2.118898e-02 3.592343e-01 1.164618e-01
1.452852e-03 9.162886e-02 8.842502e-03 5.644286e-02 9.136833e-03 -8.147497e-02 2.020465e-02 7.971593e-02 1.012291e-02 3.179451e-02 9.514295e-03 2.362856e-01 4.578352e-02
2.324564e-03 1.598823e-01 2.661574e-02 8.748695e-02 5.909216e-03 -1.642616e-01 4.679639e-02 9.265972e-02 7.619785e-03 -1.072196e-02 1.662764e-02 3.390017e-01 7.098599e-02
3.777416e-03 2.436034e-01 3.558330e-02 1.506547e-01 2.352853e-02 -1.808736e-01 2.810918e-02 1.278945e-01 2.019226e-02 -5.352761e-02 1.514053e-02 2.730272e-01 3.013554e-02
5.811409e-03 1.862883e-01 3.173380e-02 1.044455e-01 1.754300e-02 -1.313784e-01 3.320891e-02 1.093059e-01 7.610862e-03 9.596676e-03 2.654852e-02 3.009225e-01 3.446620e-02
8.426544e-03 3.029576e-01 3.199959e-02 1.309069e-01 2.373054e-02 -2.648814e-01 2.627020e-02 1.122700e-01 1.273350e-02 -2.924628e-02 1.978436e-02 4.809062e-01 5.681476e-02
1.162282e-02 4.837602e-01 7.714659e-02 2.181839e-01 3.425242e-02 -3.577682e-01 6.553053e-02 1.402084e-01 1.669251e-02 -1.103621e-01 2.821323e-02 4.974314e-01 5.178423e-02
1.540023e-02 4.759298e-01 7.123923e-02 2.023464e-01 3.738163e-02 -3.095043e-01 5.427750e-02 1.431302e-01 1.993822e-02 -6.781623e-02 1.913503e-02 5.048103e-01 5.331159e-02
2.615134e-03 1.463229e-01 9.018648e-03 8.212724e-02 1.388282e-02 -1.291685e-01 3.804969e-02 1.011959e-01 1.241241e-02 2.382388e-02 7.944751e-03 3.110128e-01 8.369063e-02
2.905705e-03 1.655069e-01 2.545928e-02 1.086766e-01 1.982345e-02 -1.305386e-01 1.951361e-02 1.098533e-01 1.664901e-02 -2.519425e-02 1.205104e-02 2.250372e-01 3.002160e-02
3.777416e-03 2.553763e-01 4.389818e-02 1.371990e-01 8.359117e-03 -2.335477e-01 7.163337e-02 1.144634e-01 9.826717e-03 -5.884822e-02 2.674337e-02 3.647308e-01 9.147935e-02
5.230268e-03 1.961266e-01 2.709616e-02 1.298573e-01 1.339581e-02 -1.074537e-01 3.713562e-02 1.322564e-01 6.499893e-03 4.176320e-03 1.848052e-02 2.473542e-01 4.779507e-02
7.264262e-03 2.917999e-01 4.049410e-02 1.420708e-01 2.426097e-02 -2.428006e-01 2.621664e-02 1.180186e-01 1.620358e-02 -3.971346e-02 1.769115e-02 4.135068e-01 1.430587e-02
9.879396e-03 3.377695e-01 3.347371e-02 1.502825e-01 2.148073e-02 -2.487662e-01 2.155892e-02 1.142437e-01 1.468326e-02 -4.611182e-02 7.804081e-03 4.132513e-01 5.188394e-02
1.307567e-02 4.819150e-01 9.072516e-02 2.179527e-01 3.000919e-02 -3.372439e-01 9.576126e-02 1.547757e-01 8.772975e-03 -7.940967e-02 3.848057e-02 5.454634e-01 1.004224e-01
1.685309e-02 4.426133e-01 8.596816e-02 1.575480e-01 2.191143e-02 -2.733505e-01 7.339241e-02 1.143077e-01 1.159640e-02 -3.768925e-02 2.212563e-02 4.729480e-01 7.039654e-02
4.649127e-03 1.727576e-01 2.555320e-02 1.005495e-01 1.566168e-02 -1.478564e-01 2.697519e-02 1.065607e-01 1.124840e-02 -1.954097e-04 1.203739e-02 3.331224e-01 5.056410e-02
4.939698e-03 2.295826e-01 2.555988e-02 1.319669e-01 1.513250e-02 -1.849882e-01 3.262070e-02 1.244279e-01 1.506478e-02 -2.151603e-02 1.744440e-02 3.557219e-01 3.035485e-02
5.811409e-03 1.987535e-01 2.865908e-02 1.016062e-01 1.187654e-02 -1.596722e-01 3.540377e-02 1.009720e-01 7.302186e-03 -3.859668e-03 1.191433e-02 3.230184e-01 4.963533e-02
7.264262e-03 2.816480e-01 4.289636e-02 1.510303e-01 1.674667e-02 -2.127222e-01 5.678205e-02 1.334897e-01 6.582226e-03 -1.792998e-02 3.026975e-02 4.380147e-01 5.565063e-02
9.298255e-03 3.274851e-01 5.900394e-02 1.617958e-01 2.704071e-02 -2.429906e-01 5.409258e-02 1.323164e-01 1.510890e-02 -4.262155e-02 2.785405e-02 4.109227e-01 5.005559e-02
1.191339e-02 3.921783e-01 5.524832e-02 1.879358e-01 2.070447e-02 -2.394254e-01 5.297491e-02 1.372734e-01 1.335858e-02 -4.273534e-02 2.174607e-02 4.139968e-01 4.100305e-02
1.510966e-02 6.934758e-01 1.439311e-01 2.552388e-01 4.506534e-02 -5.184281e-01 1.240692e-01 1.500986e-01 2.016506e-02 -1.268286e-01 3.979000e-02 6.888871e-01 1.027948e-01
1.888708e-02 7.012473e-01 1.486626e-01 2.919004e-01 6.083471e-02 -4.047249e-01 1.103334e-01 1.782733e-01 2.774230e-02 -1.191257e-01 4.557663e-02 6.174633e-01 7.503297e-02
7.264262e-03 2.494547e-01 4.969022e-02 1.178199e-01 1.868181e-02 -2.212175e-01 6.341494e-02 1.072576e-01 1.102162e-02 -1.578089e-02 3.589286e-02 4.342066e-01 5.325025e-02
7.554832e-03 2.847399e-01 6.220038e-02 1.248739e-01 2.787788e-02 -2.500882e-01 6.199483e-02 1.207992e-01 1.660445e-02 1.138393e-03 2.190078e-02 5.097560e-01 7.985435e-02
8.426544e-03 1.684265e-01 1.214105e-02 8.713545e-02 5.230879e-03 -1.254369e-01 2.625378e-02 9.774820e-02 6.415902e-03 3.038049e-02 1.737624e-02 3.794324e-01 2.906341e-02
9.879396e-03 3.367884e-01 3.413585e-02 1.766951e-01 1.184971e-02 -2.256351e-01 3.789210e-02 1.422332e-01 7.540794e-03 -4.083371e-02 2.049413e-02 4.059746e-01 1.848114e-02
1.191339e-02 4.622104e-01 4.951322e-02 1.929068e-01 2.470619e-02 -3.608995e-01 3.130996e-02 1.323196e-01 1.599073e-02 -7.381963e-02 1.592905e-02 5.946873e-01 4.156118e-02
1.452852e-02 5.153411e-01 1.106422e-01 2.334054e-01 5.282991e-02 -2.912713e-01 7.402852e-02 1.738670e-01 2.519998e-02 -5.131973e-02 3.584091e-02 4.710646e-01 6.172588e-02
1.772480e-02 8.062345e-01 1.541848e-01 3.354951e-01 6.940542e-02 -4.805276e-01 9.364252e-02 2.014006e-01 3.301185e-02 -1.365017e-01 3.860284e-02 6.186768e-01 5.816260e-02
2.150221e-02 5.735020e-01 1.471600e-02 2.053415e-01 9.791373e-03 -3.305164e-01 2.724932e-02 1.378369e-01 5.393770e-03 -8.475960e-02 1.456944e-02 5.602209e-01 3.259363e-02
1.046054e-02 4.345605e-01 1.048405e-01 2.320891e-01 5.441983e-02 -2.503362e-01 8.490529e-02 1.692449e-01 2.506438e-02 -6.763423e-02 4.542762e-02 3.728915e-01 6.076225e-02
1.075111e-02 3.612165e-01 2.503273e-02 1.685272e-01 2.572439e-02 -2.790548e-01 2.126380e-02 1.399723e-01 1.752096e-02 -3.662899e-02 1.597867e-02 5.235671e-01 2.884562e-02
1.162282e-02 3.080250e-01 3.545193e-02 1.346323e-01 5.817706e-03 -2.414070e-01 4.371344e-02 1.117811e-01 3.315761e-03 -3.597535e-02 7.642383e-03 4.422214e-01 7.035205e-02
1.307567e-02 4.676193e-01 9.050789e-02 2.093994e-01 3.895176e-02 -3.422580e-01 7.384588e-02 1.557232e-01 1.993977e-02 -7.440865e-02 3.133333e-02 5.599284e-01 8.081753e-02
1.510966e-02 5.746009e-01 6.726856e-02 2.420616e-01 3.561894e-02 -3.761853e-01 9.647893e-02 1.490559e-01 2.716744e-02 -9.964130e-02 2.389752e-02 5.381481e-01 1.351910e-01
1.772480e-02 6.899519e-01 8.976428e-02 2.546064e-01 2.712754e-02 -3.931192e-01 7.215922e-02 1.622605e-01 1.203803e-02 -6.908421e-02 3.235609e-02 6.010951e-01 5.957699e-02
2.092107e-02 9.566511e-01 1.874586e-01 3.593246e-01 7.119900e-02 -5.444814e-01 1.209623e-01 1.990236e-01 3.071284e-02 -1.434685e-01 4.152277e-02 6.568072e-01 8.772229e-02
2.469849e-02 6.655123e-01 9.260822e-02 2.400991e-01 2.563826e-02 -3.281531e-01 6.066575e-02 1.662904e-01 1.675282e-02 -6.738795e-02 1.392217e-02 5.781575e-01 6.881783e-02
1.423795e-02 5.952223e-01 1.885015e-01 2.693284e-01 9.529882e-02 -3.628619e-01 7.855200e-02 1.812734e-01 4.856278e-02 -8.470086e-02 3.689887e-02 5.767494e-01 6.877697e-02
1.452852e-02 6.176067e-01 1.260884e-01 2.767161e-01 4.723984e-02 -4.155827e-01 9.140591e-02 1.816130e-01 2.430315e-02 -1.137384e-01 2.956220e-02 5.969570e-01 9.665022e-02
1.540023e-02 4.528927e-01 5.828628e-02 1.879582e-01 2.040645e-02 -2.542688e-01 4.258609e-02 1.341843e-01 1.751222e-02 -3.228766e-02 1.464355e-02 4.218689e-01 5.418914e-02
1.685309e-02 6.358243e-01 1.365962e-01 2.544677e-01 3.942405e-02 -3.889401e-01 1.596279e-01 1.623029e-01 1.240705e-02 -9.588897e-02 5.340609e-02 5.691075e-01 1.598176e-01
1.888708e-02 9.380606e-01 2.647847e-01 3.416787e-01 9.339895e-02 -6.125406e-01 1.699336e-01 1.913661e-01 2.688303e-02 -1.480810e-01 7.380256e-02 7.806765e-01 7.475913e-02
2.150221e-02 1.143324e+00 1.210514e-01 4.023819e-01 4.436870e-02 -6.408483e-01 1.468964e-01 2.114402e-01 1.772857e-02 -1.619551e-01 3.427903e-02 8.030789e-01 1.792335e-01
2.469849e-02 8.998352e-01 2.247452e-01 3.113084e-01 6.365840e-02 -4.598799e-01 1.238307e-01 1.846693e-01 1.811623e-02 -1.071287e-01 3.804202e-02 7.230143e-01 7.935219e-02
2.847591e-02 9.803793e-01 1.279342e-01 3.177384e-01 7.452228e-02 -5.668947e-01 3.683283e-02 2.006985e-01 3.608435e-02 -1.528589e-01 2.951754e-02 8.794145e-01 7.415888e-02
2.905705e-04 8.426021e-02 2.150823e-02 6.914993e-02 1.727737e-02 -5.184316e-02 2.845887e-02 8.715248e-02 1.827227e-02 1.193420e-02 9.323724e-03 1.327790e-01 5.365482e-02
5.811409e-04 1.214318e-01 4.250580e-02 7.136044e-02 1.829682e-02 -1.212284e-01 5.443453e-02 9.419023e-02 1.351380e-02 2.278647e-02 1.425952e-02 2.960279e-01 8.968596e-02
1.452852e-03 1.009698e-01 2.529926e-02 6.897622e-02 8.446901e-03 -8.287753e-02 3.711834e-02 9.381750e-02 6.409244e-03 2.662519e-02 8.632394e-03 2.330012e-01 6.745767e-02
2.905705e-03 1.116975e-01 2.598707e-02 7.364055e-02 1.496121e-02 -7.476817e-02 2.909500e-02 8.814911e-02 1.269011e-02 1.946447e-02 1.433733e-02 2.037067e-01 3.156288e-02
4.939698e-03 1.850250e-01 2.470870e-02 1.163440e-01 1.750382e-02 -1.206674e-01 2.385074e-02 1.184969e-01 1.520742e-02 -1.145520e-03 2.234220e-02 2.671317e-01 2.165515e-02
7.554832e-03 2.490685e-01 3.982433e-02 1.178002e-01 2.559936e-02 -2.092174e-01 2.403666e-02 1.053873e-01 1.872017e-02 -2.058520e-02 2.274779e-02 3.980912e-01 3.170023e-02
1.075111e-02 4.903307e-01 8.167473e-02 2.474763e-01 4.220162e-02 -3.557895e-01 5.658525e-02 1.765668e-01 1.943413e-02 -1.125624e-01 3.173731e-02 4.965952e-01 3.678185e-02
1.452852e-02 5.727410e-01 9.089859e-02 2.493603e-01 4.887137e-02 -4.050564e-01 6.325964e-02 1.631074e-01 2.604652e-02 -1.143325e-01 3.582863e-02 5.594786e-01 6.434715e-02
5.811409e-04 8.833022e-02 5.677883e-03 6.702307e-02 6.799431e-03 -6.141320e-02 2.296236e-02 1.103979e-01 1.517327e-02 6.176748e-02 1.828291e-02 2.475335e-01 4.884457e-02
8.717114e-04 2.404637e-01 5.996270e-02 1.418572e-01 2.273816e-02 -2.410944e-01 9.186056e-02 1.363525e-01 1.528541e-02 -4.796012e-02 3.802577e-02 4.203579e-01 1.381849e-01
1.743423e-03 1.305413e-01 1.894894e-02 8.116662e-02 1.516863e-02 -1.146072e-01 1.751359e-02 9.566271e-02 7.204534e-03 1.223330e-02 1.903479e-02 2.737821e-01 4.243742e-02
3.196275e-03 1.861553e-01 3.841962e-02 1.213812e-01 2.172847e-02 -1.384876e-01 3.976705e-02 1.211228e-01 1.158113e-02 -1.983379e-02 2.340203e-02 2.520506e-01 4.219067e-02
5.230268e-03 2.532159e-01 5.829248e-02 1.385486e-01 2.729727e-02 -1.982788e-01 8.000441e-02 1.297667e-01 1.844749e-02 -1.146822e-02 2.118287e-02 3.868561e-01 1.258670e-01
7.845403e-03 2.206316e-01 2.815534e-02 1.146715e-01 1.602736e-02 -1.562090e-01 2.724009e-02 1.090286e-01 1.451787e-02 1.487313e-04 1.492696e-02 3.687684e-01 4.015684e-02
1.104168e-02 4.433303e-01 5.021580e-02 2.022174e-01 2.862247e-02 -3.030494e-01 2.769335e-02 1.382772e-01 1.616825e-02 -7.625327e-02 8.704358e-03 4.648532e-01 4.030489e-02
1.481909e-02 6.073546e-01 1.678347e-01 2.552141e-01 6.244456e-02 -4.556751e-01 1.613382e-01 1.580762e-01 2.609026e-02 -1.378981e-01 5.477143e-02 6.344168e-01 1.519099e-01
1.452852e-03 1.709161e-01 5.161230e-02 9.346341e-02 2.430314e-02 -1.818211e-01 6.741743e-02 1.002200e-01 1.233288e-02 -8.954861e-03 3.447115e-02 3.759421e-01 8.376578e-02
1.743423e-03 1.296521e-01 2.808846e-02 8.347577e-02 1.920100e-02 -1.069505e-01 2.682352e-02 9.711006e-02 1.603932e-02 1.116756e-02 1.173481e-02 2.527201e-01 3.391923e-02
2.615134e-03 1.416702e-01 2.921607e-02 8.856661e-02 1.349210e-02 -1.180228e-01 3.336800e-02 9.861309e-02 6.670190e-03 -1.399232e-03 1.748641e-02 2.510614e-01 5.944777e-02
4.067987e-03 1.856694e-01 4.356190e-02 1.168228e-01 2.877622e-02 -1.428531e-01 3.534976e-02 1.188474e-01 2.224168e-02 -1.268686e-02 1.561985e-02 2.948529e-01 5.656899e-02
6.101980e-03 1.946857e-01 2.550794e-02 1.116319e-01 1.058918e-02 -1.498464e-01 3.066519e-02 9.995709e-02 5.344688e-03 -3.753875e-02 1.724273e-02 2.483977e-01 3.041902e-02
8.717114e-03 2.357573e-01 2.979567e-02 1.146346e-01 1.732737e-02 -1.859918e-01 3.127335e-02 1.007260e-01 9.009433e-03 -1.778782e-02 2.135968e-02 3.977910e-01 3.060168e-02
1.191339e-02 5.923607e-01 1.463171e-01 2.520658e-01 5.939272e-02 -3.984403e-01 1.072135e-01 1.583533e-01 2.725278e-02 -1.015563e-01 3.424155e-02 5.157843e-01 1.089921e-01
1.569081e-02 5.325293e-01 1.063644e-01 1.835320e-01 4.014957e-02 -4.106028e-01 7.890662e-02 1.266246e-01 1.515345e-02 -6.233703e-02 2.963749e-02 6.465106e-01 6.681885e-02
2.905705e-03 1.756699e-01 3.621280e-02 9.592092e-02 1.437260e-02 -1.789722e-01 5.341110e-02 9.588620e-02 1.141890e-02 -2.179154e-02 3.031746e-02 3.421219e-01 7.290839e-02
3.196275e-03 1.291926e-01 2.142927e-02 9.694312e-02 1.292035e-02 -7.271648e-02 2.156878e-02 1.115702e-01 9.061159e-03 1.388852e-02 1.545014e-02 2.021285e-01 2.157678e-02
4.067987e-03 1.573739e-01 1.369266e-02 1.028605e-01 1.902624e-02 -9.544581e-02 2.905084e-02 1.157768e-01 2.342717e-02 2.499843e-02 1.839483e-02 2.687372e-01 6.350925e-02
5.520839e-03 1.887660e-01 2.192699e-02 1.103042e-01 1.605128e-02 -1.420471e-01 1.798847e-02 1.106369e-01 1.817793e-02 -1.228936e-02 5.381197e-03 2.744073e-01 2.678921e-02
7.554832e-03 2.393187e-01 4.955242e-02 1.224797e-01 2.421549e-02 -1.809149e-01 4.873059e-02 1.126844e-01 1.777673e-02 -8.036832e-03 1.813201e-02 3.796050e-01 6.214761e-02
1.016997e-02 4.647209e-01 9.893546e-02 2.164706e-01 5.863064e-02 -3.494978e-01 5.014384e-02 1.525269e-01 3.978417e-02 -8.146939e-02 2.438745e-02 5.240803e-01 4.013831e-02
1.336624e-02 6.767223e-01 1.058437e-01 2.889953e-01 4.816072e-02 -5.085464e-01 9.203757e-02 1.828013e-01 2.624388e-02 -1.349500e-01 3.636708e-02 6.818656e-01 9.224865e-02
1.714366e-02 6.924652e-01 1.040797e-01 2.464219e-01 2.427951e-02 -4.410048e-01 7.961672e-02 1.428655e-01 8.013565e-03 -1.055521e-01 2.381243e-02 6.174926e-01 8.808558e-02
4.939698e-03 1.621142e-01 2.188711e-02 1.023306e-01 7.823171e-03 -1.047436e-01 3.426375e-02 1.093901e-01 8.276145e-03 1.724926e-02 1.327645e-02 2.778335e-01 5.674017e-02
5.230268e-03 1.748064e-01 2.984270e-02 9.925537e-02 1.257738e-02 -1.419073e-01 3.103757e-02 9.113437e-02 6.096620e-03 -2.250443e-02 1.087711e-02 2.772018e-01 4.568008e-02
6.101980e-03 2.272476e-01 3.898748e-02 1.300759e-01 2.159037e-02 -1.544006e-01 3.551543e-02 1.175624e-01 1.096059e-02 -1.982720e-02 1.793525e-02 2.826349e-01 5.230970e-02
7.554832e-03 3.059777e-01 4.741051e-02 1.485772e-01 2.199177e-02 -2.688809e-01 4.726059e-02 1.202878e-01 1.110778e-02 -5.728284e-02 2.498966e-02 4.539350e-01 5.902598e-02
9.588825e-03 2.685722e-01 5.141593e-02 1.411522e-01 2.125615e-02 -1.701590e-01 4.443123e-02 1.193589e-01 1.067278e-02 -2.869666e-02 2.010187e-02 3.275365e-01 4.710841e-02
1.220396e-02 4.372394e-01 4.381489e-02 1.907402e-01 1.949822e-02 -3.374228e-01 3.840993e-02 1.286082e-01 1.101605e-02 -8.964903e-02 1.273287e-02 4.856777e-01 7.672536e-02
1.540023e-02 4.933295e-01 8.464168e-02 1.946007e-01 2.941058e-02 -3.363117e-01 9.770177e-02 1.216653e-01 1.480267e-02 -7.802612e-02 2.966725e-02 5.475462e-01 1.065484e-01
1.917765e-02 6.155915e-01 1.016698e-01 2.199190e-01 2.127403e-02 -3.167840e-01 7.272574e-02 1.382327e-01 9.263657e-03 -4.877261e-02 1.156820e-02 5.577552e-01 5.466177e-02
7.554832e-03 1.856239e-01 2.307710e-02 1.018866e-01 1.017400e-02 -1.241459e-01 2.658032e-02 1.018876e-01 8.796872e-03 2.173226e-03 1.760651e-02 2.920127e-01 2.296068e-02
7.845403e-03 3.156934e-01 3.249341e-02 1.805854e-01 1.745501e-02 -2.002455e-01 3.666991e-02 1.501439e-01 1.482957e-02 -4.645871e-02 1.573265e-02 3.216044e-01 3.803286e-02
8.717114e-03 3.311307e-01 5.615628e-02 1.684757e-01 2.907630e-02 -2.258946e-01 5.200319e-02 1.398433e-01 1.888938e-02 -4.057141e-02 2.707109e-02 3.691481e-01 4.341836e-02
1.016997e-02 2.873894e-01 6.572550e-02 1.410233e-01 2.044174e-02 -1.719288e-01 8.255843e-02 1.179709e-01 8.702224e-03 -1.369923e-02 2.450753e-02 3.664840e-01 8.818511e-02
1.220396e-02 7.868853e-01 1.940539e-01 3.757777e-01 8.426295e-02 -5.484173e-01 1.438788e-01 2.256637e-01 3.868925e-02 -2.013036e-01 5.995498e-02 6.256549e-01 1.160202e-01
1.481909e-02 6.714696e-01 1.839006e-01 2.769300e-01 7.102162e-02 -4.303713e-01 1.277284e-01 1.761805e-01 3.156672e-02 -9.231726e-02 4.740249e-02 6.270866e-01 8.696320e-02
1.801537e-02 8.723846e-01 1.371912e-01 3.479299e-01 5.467205e-02 -5.492058e-01 1.073064e-01 1.966150e-01 2.133473e-02 -1.625766e-01 5.094622e-02 6.457335e-01 7.702412e-02
2.179279e-02 7.302195e-01 1.502124e-01 2.542618e-01 5.205606e-02 -4.194104e-01 8.932577e-02 1.687404e-01 2.407823e-02 -8.796463e-02 3.036933e-02 6.310916e-01 6.422769e-02
1.075111e-02 4.728861e-01 5.366431e-02 1.937735e-01 2.589503e-02 -3.848020e-01 7.220802e-02 1.337446e-01 1.431290e-02 -7.509768e-02 2.399266e-02 5.849743e-01 1.050490e-01
1.104168e-02 3.990568e-01 3.023595e-02 2.027891e-01 2.585150e-02 -2.761191e-01 4.720873e-02 1.669878e-01 2.341901e-02 -4.550040e-02 2.148722e-02 4.893311e-01 5.324961e-02
1.191339e-02 3.615762e-01 1.417448e-02 1.719159e-01 1.861777e-02 -2.676539e-01 3.586836e-02 1.326554e-01 1.480894e-02 -6.406614e-02 1.514451e-02 4.689738e-01 5.045833e-02
1.336624e-02 4.347080e-01 5.355373e-02 1.909606e-01 1.244325e-02 -3.299142e-01 6.850562e-02 1.418411e-01 1.170495e-02 -7.286012e-02 3.089423e-02 5.321705e-01 6.970738e-02
1.540023e-02 4.834381e-01 8.031686e-02 2.155214e-01 3.698998e-02 -2.683766e-01 4.550493e-02 1.619546e-01 1.608710e-02 -3.360888e-02 2.106633e-02 4.915801e-01 6.950998e-02
1.801537e-02 7.655340e-01 4.894752e-02 3.134383e-01 3.175508e-02 -4.687179e-01 3.062144e-02 1.814672e-01 2.495001e-02 -1.430683e-01 2.637578e-02 5.969462e-01 3.242261e-02
2.121164e-02 1.136026e+00 1.941681e-01 4.057691e-01 8.674006e-02 -6.850128e-01 1.363731e-01 2.213171e-01 4.855631e-02 -1.879661e-01 4.064738e-02 7.731082e-01 1.279088e-01
2.498906e-02 5.577779e-01 1.111987e-01 1.917469e-01 2.423016e-02 -3.761970e-01 7.362818e-02 1.455736e-01 8.545505e-03 -6.624258e-02 2.828084e-02 7.483731e-01 6.007915e-02
1.452852e-02 5.507611e-01 9.009559e-02 2.180053e-01 3.945826e-02 -3.714400e-01 6.684698e-02 1.430683e-01 2.154350e-02 -7.398969e-02 2.890984e-02 5.780975e-01 6.255320e-02
1.481909e-02 5.776555e-01 1.326352e-01 2.514461e-01 6.647424e-02 -3.571222e-01 8.464936e-02 1.628712e-01 4.053201e-02 -8.240300e-02 3.369509e-02 5.295720e-01 5.955677e-02
1.569081e-02 8.280990e-01 9.082572e-02 3.253004e-01 3.395229e-02 -5.428840e-01 1.064085e-01 1.800579e-01 1.723820e-02 -1.508142e-01 3.504311e-02 6.357545e-01 1.134166e-01
1.714366e-02 6.708930e-01 7.439403e-02 3.068268e-01 3.820006e-02 -3.456752e-01 6.893574e-02 1.982620e-01 2.659039e-02 -9.312067e-02 2.355979e-02 5.121168e-01 8.620033e-02
1.917765e-02 6.781234e-01 1.299455e-01 2.592286e-01 4.666862e-02 -4.069128e-01 1.071428e-01 1.745576e-01 1.359372e-02 -8.245583e-02 4.083057e-02 6.316690e-01 1.010195e-01
2.179279e-02 8.362434e-01 2.060639e-01 3.271407e-01 1.030402e-01 -4.719269e-01 8.388979e-02 2.152910e-01 4.973292e-02 -1.208698e-01 3.798866e-02 6.502413e-01 2.275089e-02
2.498906e-02 8.839504e-01 1.241748e-01 3.067421e-01 3.777685e-02 -5.903045e-01 7.353661e-02 1.809979e-01 1.082015e-02 -1.770207e-01 3.064670e-02 8.078301e-01 4.699135e-02
2.876648e-02 7.993727e-01 1.456953e-01 2.555469e-01 5.465961e-02 -3.836333e-01 1.234874e-01 1.820831e-01 2.753650e-02 -8.901637e-02 4.592334e-02 7.583226e-01 1.338309e-01
1.162282e-03 1.123404e-01 3.955520e-02 6.752600e-02 7.606339e-03 -1.087014e-01 8.007157e-02 8.791691e-02 1.166741e-02 2.107505e-02 1.968487e-02 2.754834e-01 1.413074e-01
1.452852e-03 7.198115e-02 1.239639e-02 5.713105e-02 7.032666e-03 -3.751266e-02 1.249129e-02 8.434417e-02 5.345353e-03 3.925302e-02 1.306667e-02 1.559295e-01 1.642737e-02
2.324564e-03 1.691604e-01 2.886061e-02 1.085192e-01 9.577103e-03 -1.407471e-01 5.810633e-02 1.280256e-01 1.627401e-02 1.613058e-02 2.044808e-02 3.406437e-01 9.552569e-02
3.777416e-03 1.662981e-01 3.492719e-02 9.683688e-02 1.617148e-02 -1.389665e-01 4.092773e-02 1.012159e-01 9.585312e-03 -2.188812e-03 1.839460e-02 2.898249e-01 4.904524e-02
5.811409e-03 1.860802e-01 3.434388e-02 1.069762e-01 1.267587e-02 -1.385403e-01 3.321892e-02 1.101832e-01 7.795665e-03 -9.624486e-03 8.178053e-03 2.700547e-01 4.540365e-02
8.426544e-03 3.455679e-01 6.076477e-02 1.793477e-01 4.055972e-02 -2.683591e-01 2.064334e-02 1.351572e-01 2.655996e-02 -7.123318e-02 2.348345e-02 4.351811e-01 2.826255e-02
1.162282e-02 2.873708e-01 3.583469e-02 1.308718e-01 1.611062e-02 -1.962494e-01 4.336248e-02 1.048889e-01 8.561250e-03 -2.219081e-02 1.909470e-02 4.128143e-01 5.187649e-02
1.540023e-02 5.395714e-01 5.682477e-02 2.248143e-01 1.183049e-02 -3.822553e-01 7.567831e-02 1.592928e-01 1.379163e-02 -9.669043e-02 3.576458e-02 5.955637e-01 7.167841e-02
1.452852e-03 2.065138e-01 3.865964e-02 1.215623e-01 2.304221e-02 -1.953796e-01 5.005820e-02 1.185437e-01 2.173268e-02 -2.909836e-02 1.488264e-02 3.579144e-01 8.614600e-02
1.743423e-03 1.483614e-01 2.272038e-02 7.479902e-02 8.734684e-03 -1.638183e-01 4.143897e-02 9.226544e-02 9.176091e-03 1.277662e-02 1.515200e-02 3.660103e-01 9.801460e-02
2.615134e-03 1.953637e-01 2.511492e-02 1.041620e-01 8.852228e-03 -2.018006e-01 3.575231e-02 9.720994e-02 4.989908e-03 -3.224720e-02 1.455922e-02 3.726988e-01 5.494747e-02
4.067987e-03 1.879035e-01 3.489103e-02 1.275130e-01 2.933483e-02 -1.102112e-01 2.173437e-02 1.209952e-01 2.420114e-02 -1.943114e-02 1.694835e-02 1.949866e-01 2.573933e-02
6.101980e-03 1.752788e-01 2.556348e-02 9.803094e-02 6.568803e-03 -1.325983e-01 4.553455e-02 1.008506e-01 5.731129e-03 7.542570e-03 1.859916e-02 3.208591e-01 5.859131e-02
8.717114e-03 4.285400e-01 5.462437e-02 2.098451e-01 2.939289e-02 -3.288073e-01 4.721512e-02 1.588742e-01 1.664751e-02 -7.831505e-02 2.327823e-02 4.889167e-01 5.893173e-02
1.191339e-02 3.798268e-01 8.653155e-02 1.903124e-01 4.394998e-02 -2.197065e-01 5.265455e-02 1.454408e-01 2.713773e-02 -4.690285e-02 2.342078e-02 3.652232e-01 3.972073e-02
1.569081e-02 7.165083e-01 1.296724e-01 3.348455e-01 6.150739e-02 -3.990308e-01 6.057259e-02 2.133810e-01 3.443204e-02 -1.215095e-01 2.770429e-02 5.195586e-01 4.125105e-02
2.324564e-03 1.727242e-01 4.648031e-02 1.103598e-01 2.082681e-02 -1.350183e-01 5.536131e-02 1.172751e-01 1.031700e-02 -2.095353e-03 3.304247e-02 2.798483e-01 4.997344e-02
2.615134e-03 1.432016e-01 2.824721e-02 7.599478e-02 8.697903e-03 -1.405045e-01 6.064876e-02 9.166428e-02 1.243463e-02 1.616327e-02 1.172749e-02 3.272209e-01 1.017016e-01
3.486846e-03 1.908182e-01 4.787020e-02 1.072754e-01 1.777406e-02 -1.754937e-01 6.921630e-02 1.159991e-01 1.170662e-02 -2.706065e-03 1.725682e-02 3.660684e-01 1.218088e-01
4.939698e-03 2.063446e-01 2.772686e-02 1.283859e-01 1.549517e-02 -1.275901e-01 1.996782e-02 1.265204e-01 1.089389e-02 5.724450e-03 1.410221e-02 2.852738e-01 1.410262e-02
6.973691e-03 2.544807e-01 2.007434e-02 1.209070e-01 2.231804e-02 -2.006911e-01 3.609377e-02 1.011295e-01 2.119498e-02 -3.586349e-02 1.071820e-02 3.216163e-01 5.001517e-02
9.588825e-03 2.506823e-01 1.683695e-02 1.232825e-01 7.227667e-03 -1.846034e-01 2.617327e-02 1.103791e-01 5.721439e-03 -2.280100e-02 1.511604e-02 3.583923e-01 3.006119e-02
1.278510e-02 3.732520e-01 4.757036e-02 1.551143e-01 1.842587e-02 -2.526266e-01 2.945868e-02 1.168768e-01 8.748439e-03 -4.714079e-02 9.433562e-03 4.382404e-01 3.752929e-02
1.656252e-02 6.987372e-01 1.283080e-01 3.132717e-01 6.188086e-02 -3.827501e-01 6.575298e-02 1.909289e-01 3.025495e-02 -1.177173e-01 3.860278e-02 5.099004e-01 4.157129e-02
3.777416e-03 1.371939e-01 2.574591e-02 8.553744e-02 1.523665e-02 -1.083805e-01 2.851649e-02 1.006771e-01 7.815650e-03 2.023759e-02 1.707334e-02 2.958729e-01 6.304577e-02
4.067987e-03 2.085966e-01 5.645939e-02 1.041688e-01 2.798221e-02 -2.060426e-01 6.039999e-02 9.645142e-02 1.265020e-02 -2.811861e-02 3.205859e-02 3.694144e-01 6.382979e-02
4.939698e-03 1.759307e-01 2.362725e-02 9.799876e-02 1.471965e-02 -1.370618e-01 2.674294e-02 1.064236e-01 1.375579e-02 1.847021e-02 1.382089e-02 3.348417e-01 3.806348e-02
6.392550e-03 2.707197e-01 2.518824e-02 1.480534e-01 1.362048e-02 -2.052354e-01 3.154623e-02 1.190763e-01 1.051123e-02 -5.455658e-02 1.348999e-02 3.171062e-01 5.095148e-02
8.426544e-03 3.248909e-01 2.207403e-02 1.724273e-01 1.163231e-02 -2.358651e-01 4.559157e-02 1.430010e-01 1.237390e-02 -4.579583e-02 1.322480e-02 4.102737e-01 6.280370e-02
1.104168e-02 4.966152e-01 1.201336e-01 2.273948e-01 4.459850e-02 -3.816249e-01 1.219618e-01 1.556458e-01 2.191893e-02 -1.197064e-01 4.220817e-02 5.069904e-01 1.374528e-01
1.423795e-02 4.593304e-01 9.702494e-02 1.842127e-01 4.217549e-02 -2.942431e-01 7.309934e-02 1.390378e-01 1.843531e-02 -3.949225e-02 3.307331e-02 5.173432e-01 5.370576e-02
1.801537e-02 8.309643e-01 8.334554e-02 3.248750e-01 3.469848e-02 -5.194832e-01 7.217834e-02 1.988640e-01 1.898015e-02 -1.146374e-01 2.959632e-02 7.572693e-01 8.453940e-02
5.811409e-03 2.108020e-01 4.620750e-02 1.064061e-01 2.307820e-02 -1.792823e-01 4.729050e-02 1.034196e-01 1.326939e-02 -3.724829e-03 2.536406e-02 3.583232e-01 5.410854e-02
6.101980e-03 2.185241e-01 2.533956e-02 1.069667e-01 1.599756e-02 -2.054972e-01 4.106830e-02 9.954270e-02 1.146233e-02 -1.749771e-02 9.023756e-03 4.041741e-01 8.066976e-02
6.973691e-03 2.929274e-01 5.460484e-02 1.470548e-01 2.852587e-02 -2.423205e-01 5.857073e-02 1.226066e-01 1.754454e-02 -5.296503e-02 2.577277e-02 3.981838e-01 7.494013e-02
8.426544e-03 2.675812e-01 3.896273e-02 1.409793e-01 1.630488e-02 -1.629838e-01 4.187400e-02 1.258684e-01 1.160392e-02 -1.967683e-02 1.426667e-02 2.807366e-01 5.103542e-02
1.046054e-02 4.361797e-01 6.071862e-02 2.023317e-01 2.552443e-02 -3.323140e-01 7.010861e-02 1.403395e-01 1.597096e-02 -8.224000e-02 1.791595e-02 5.215604e-01 1.076625e-01
1.307567e-02 4.306354e-01 4.235655e-02 2.005676e-01 1.943463e-02 -2.796310e-01 4.793750e-02 1.503921e-01 1.280712e-02 -6.807881e-02 2.046068e-02 4.441433e-01 6.416743e-02
1.627195e-02 7.320275e-01 1.851108e-01 2.650974e-01 5.389256e-02 -6.101248e-01 1.736487e-01 1.518192e-01 2.065325e-02 -1.574574e-01 4.602134e-02 8.247818e-01 1.645260e-01
2.004936e-02 6.968302e-01 9.683103e-02 2.762768e-01 4.504891e-02 -3.974249e-01 5.791227e-02 1.758458e-01 1.891570e-02 -7.663778e-02 3.250199e-02 5.923139e-01 2.319602e-02
8.426544e-03 3.893084e-01 5.311804e-02 1.903725e-01 2.597661e-02 -3.213903e-01 4.973318e-02 1.421751e-01 1.137838e-02 -9.032037e-02 2.856667e-02 4.661654e-01 5.819929e-02
8.717114e-03 3.665308e-01 7.257115e-02 1.614051e-01 2.366001e-02 -3.348704e-01 8.803417e-02 1.250462e-01 1.231607e-02 -5.698518e-02 2.154906e-02 5.792630e-01 1.254828e-01
9.588825e-03 2.910895e-01 1.545612e-02 1.296442e-01 1.158315e-02 -2.269957e-01 3.341962e-02 1.095271e-01 1.763025e-02 -1.865308e-02 2.849955e-02 4.695144e-01 3.800992e-02
1.104168e-02 5.641912e-01 5.584135e-02 2.478486e-01 2.359269e-02 -4.637710e-01 7.058358e-02 1.606057e-01 1.393414e-02 -1.205164e-01 2.844825e-02 6.476125e-01 8.785602e-02
1.307567e-02 4.537024e-01 1.089204e-01 2.087936e-01 5.110008e-02 -3.140501e-01 8.027771e-02 1.488474e-01 2.575031e-02 -7.611233e-02 3.503876e-02 4.524939e-01 7.888750e-02
1.569081e-02 5.858276e-01 1.333567e-01 2.221418e-01 5.160193e-02 -4.193437e-01 1.039921e-01 1.424085e-01 1.882070e-02 -9.155605e-02 4.709595e-02 6.430830e-01 7.065590e-02
1.888708e-02 9.536558e-01 1.264863e-01 3.056243e-01 3.667409e-02 -7.363410e-01 1.566834e-01 1.638620e-01 1.605429e-02 -1.396726e-01 4.688658e-02 1.006825e+00 1.774251e-01
2.266450e-02 9.307924e-01 2.262073e-01 2.990064e-01 7.680884e-02 -5.066932e-01 1.555428e-01 1.835372e-01 3.710510e-02 -9.585124e-02 5.794091e-02 7.393955e-01 1.521774e-01
1.162282e-02 3.215594e-01 4.897861e-02 1.439656e-01 1.391655e-02 -2.567193e-01 6.629861e-02 1.231462e-01 9.541948e-03 -3.245996e-02 1.830881e-02 5.050732e-01 8.653748e-02
1.191339e-02 2.869277e-01 3.676374e-02 1.389134e-01 1.915582e-02 -2.071622e-01 4.501478e-02 1.181707e-01 1.142699e-02 -2.654903e-02 2.154474e-02 4.323944e-01 7.562207e-02
1.278510e-02 3.717668e-01 3.920014e-02 1.582920e-01 2.347031e-02 -2.498698e-01 3.091469e-02 1.211876e-01 1.404803e-02 -3.837873e-02 1.293577e-02 4.485434e-01 4.122392e-02
1.423795e-02 5.055879e-01 5.111410e-02 2.403943e-01 2.328528e-02 -2.577067e-01 4.180646e-02 1.661312e-01 1.009962e-02 -6.241919e-02 2.728698e-02 3.920181e-01 3.502986e-02
1.627195e-02 5.195783e-01 7.402139e-02 2.266607e-01 3.350525e-02 -3.262079e-01 5.278213e-02 1.716004e-01 1.832992e-02 -6.444935e-02 1.261678e-02 5.317970e-01 5.870899e-02
1.888708e-02 1.006192e+00 5.189412e-02 3.933579e-01 1.648331e-02 -6.435110e-01 5.351413e-02 2.193531e-01 9.072770e-03 -1.999315e-01 2.392949e-02 7.453807e-01 5.190889e-02
2.208336e-02 8.510351e-01 2.055378e-01 2.859204e-01 5.282952e-02 -5.205526e-01 2.003423e-01 1.701703e-01 1.481595e-02 -9.763729e-02 5.607758e-02 7.951912e-01 1.891077e-01
2.586077e-02 1.091410e+00 1.634044e-01 3.612802e-01 6.000570e-02 -5.833058e-01 1.313383e-01 2.139138e-01 2.040577e-02 -1.473864e-01 5.079834e-02 7.673072e-01 8.619721e-02
1.540023e-02 6.925522e-01 1.521742e-01 2.991597e-01 8.053450e-02 -4.234931e-01 1.016168e-01 1.869676e-01 3.921055e-02 -1.225387e-01 5.610954e-02 5.464927e-01 5.777050e-02
1.569081e-02 7.013263e-01 1.166334e-01 2.989803e-01 5.293731e-02 -4.347803e-01 7.663474e-02 1.892020e-01 2.158226e-02 -1.171357e-01 3.402583e-02 5.915713e-01 6.666292e-02
1.656252e-02 7.413708e-01 1.740444e-01 3.105437e-01 7.308499e-02 -4.514907e-01 1.317695e-01 1.838667e-01 3.231324e-02 -1.269292e-01 4.934405e-02 5.464850e-01 1.188584e-01
1.801537e-02 6.611728e-01 1.559019e-01 2.646025e-01 5.519784e-02 -4.703464e-01 1.437705e-01 1.649835e-01 2.169577e-02 -1.437063e-01 6.417224e-02 6.253878e-01 1.169385e-01
2.004936e-02 6.740902e-01 6.749131e-02 2.498885e-01 3.088579e-02 -4.023501e-01 7.464320e-02 1.591370e-01 1.217152e-02 -1.073459e-01 2.492950e-02 5.841122e-01 8.699280e-02
2.266450e-02 8.422662e-01 2.262002e-01 3.034516e-01 9.583178e-02 -3.891364e-01 6.893431e-02 1.815164e-01 4.477349e-02 -8.719688e-02 4.103040e-02 6.102248e-01 4.310578e-02
2.586077e-02 7.875640e-01 1.486125e-01 2.615905e-01 7.195478e-02 -4.195755e-01 9.994229e-02 1.740439e-01 3.044962e-02 -1.138367e-01 4.931366e-02 6.571478e-01 5.281611e-02
2.963819e-02 9.161945e-01 1.518963e-01 2.625973e-01 4.265150e-02 -5.011336e-01 9.916225e-02 1.704553e-01 1.663929e-02 -1.274694e-01 2.975731e-02 7.585714e-01 1.208481e-01
2.615134e-03 1.665277e-01 2.681166e-02 1.001974e-01 1.435956e-02 -1.506289e-01 4.265594e-02 1.110258e-01 7.420267e-03 1.267202e-03 1.689033e-02 3.286445e-01 8.911165e-02
2.905705e-03 1.604349e-01 3.037494e-02 1.005928e-01 1.655786e-02 -1.337660e-01 3.600773e-02 1.130612e-01 1.635322e-02 6.024932e-03 1.003983e-02 3.107060e-01 7.257113e-02
3.777416e-03 1.538497e-01 3.794925e-02 9.023524e-02 1.403859e-02 -1.229249e-01 4.746911e-02 9.147957e-02 3.669300e-03 -1.874790e-03 2.325432e-02 2.640673e-01 5.337713e-02
5.230268e-03 2.078637e-01 1.981238e-02 1.301032e-01 1.198917e-02 -1.315536e-01 3.309279e-02 1.216120e-01 1.194564e-02 -1.563076e-02 1.774778e-02 2.604786e-01 4.314313e-02
7.264262e-03 2.841039e-01 4.946569e-02 1.842399e-01 3.525975e-02 -1.523535e-01 2.874560e-02 1.747644e-01 2.327904e-02 -8.242143e-03 2.497920e-02 3.212909e-01 2.825589e-02
9.879396e-03 4.923458e-01 1.498711e-01 2.242936e-01 6.617872e-02 -3.725123e-01 1.306176e-01 1.495740e-01 3.042582e-02 -1.030001e-01 5.089034e-02 5.056116e-01 1.390774e-01
1.307567e-02 6.763047e-01 1.637148e-01 2.831934e-01 7.495639e-02 -5.099206e-01 1.278446e-01 1.708073e-01 3.519997e-02 -1.489775e-01 5.523218e-02 6.454308e-01 1.359443e-01
1.685309e-02 7.828093e-01 1.317346e-01 3.090051e-01 5.120783e-02 -4.864626e-01 1.018270e-01 1.873072e-01 2.159958e-02 -1.083604e-01 4.744089e-02 6.607280e-01 7.982220e-02
2.905705e-03 1.087954e-01 1.940365e-02 6.581314e-02 9.583311e-03 -8.681922e-02 2.394805e-02 8.154538e-02 9.218636e-03 2.397155e-02 1.629546e-02 2.433097e-01 2.773125e-02
3.196275e-03 1.142113e-01 3.281719e-02 7.356233e-02 1.986185e-02 -8.135946e-02 2.614351e-02 9.058943e-02 1.436904e-02 2.076099e-02 1.584596e-02 2.188198e-01 2.040904e-02
4.067987e-03 2.093579e-01 3.875885e-02 1.240147e-01 2.045246e-02 -1.585121e-01 3.945891e-02 1.203477e-01 1.512340e-02 -1.938833e-02 2.333710e-02 2.839180e-01 3.417832e-02
5.520839e-03 3.308486e-01 5.549052e-02 1.869507e-01 3.202543e-02 -2.576894e-01 5.123003e-02 1.583633e-01 1.705429e-02 -5.550101e-02 3.234505e-02 4.133820e-01 5.776167e-02
7.554832e-03 2.978432e-01 5.608796e-02 1.410097e-01 2.062697e-02 -2.687338e-01 6.915717e-02 1.199692e-01 1.079488e-02 -4.299360e-02 2.601572e-02 4.824294e-01 8.550701e-02
1.016997e-02 2.719839e-01 5.996029e-02 1.394782e-01 3.627981e-02 -1.476107e-01 2.184467e-02 1.223015e-01 2.072595e-02 -3.342676e-03 1.788050e-02 3.254002e-01 1.681889e-02
1.336624e-02 3.937102e-01 7.019399e-02 1.474570e-01 2.568942e-02 -3.510017e-01 8.322573e-02 1.145657e-01 1.670877e-02 -4.456459e-02 2.881616e-02 6.289818e-01 7.885026e-02
1.714366e-02 8.527685e-01 1.831015e-01 3.039204e-01 6.000562e-02 -5.969694e-01 1.452902e-01 1.633588e-01 1.843418e-02 -1.432249e-01 5.721554e-02 7.737545e-01 1.183887e-01
3.777416e-03 1.246524e-01 1.310025e-02 7.812200e-02 9.743951e-03 -8.380612e-02 1.501835e-02 9.399434e-02 1.032400e-02 3.180521e-02 1.126346e-02 2.482437e-01 2.107859e-02
4.067987e-03 2.492348e-01 4.364497e-02 1.248043e-01 1.734517e-02 -2.426756e-01 6.044583e-02 1.132049e-01 1.106102e-02 -3.001575e-02 2.562724e-02 4.486517e-01 7.930501e-02
4.939698e-03 1.800525e-01 3.491343e-02 9.781122e-02 1.886676e-02 -1.570678e-01 4.003335e-02 1.001393e-01 1.182741e-02 -4.700299e-03 1.752707e-02 3.233110e-01 5.272068e-02
6.392550e-03 2.711087e-01 4.633454e-02 1.408673e-01 1.552225e-02 -2.249729e-01 6.987719e-02 1.186516e-01 9.302887e-03 -4.448887e-02 2.232605e-02 3.862419e-01 9.245927e-02
8.426544e-03 2.932173e-01 5.906665e-02 1.426659e-01 2.463064e-02 -2.168912e-01 5.594737e-02 1.125527e-01 1.294159e-02 -4.097630e-02 2.204026e-02 3.497516e-01 5.249900e-02
1.104168e-02 4.182394e-01 4.121345e-02 2.016891e-01 2.083645e-02 -2.845952e-01 2.522477e-02 1.536993e-01 1.064092e-02 -6.503793e-02 1.673947e-02 4.523779e-01 4.264812e-02
1.423795e-02 3.334521e-01 4.750684e-02 1.454944e-01 2.271772e-02 -2.248905e-01 4.831624e-02 1.187002e-01 1.541399e-02 -2.742931e-02 2.541160e-02 4.793487e-01 5.182629e-02
1.801537e-02 5.375703e-01 7.575833e-02 2.120841e-01 3.711438e-02 -3.398809e-01 7.067970e-02 1.544662e-01 1.344297e-02 -6.932106e-02 4.118883e-02 5.829025e-01 5.391760e-02
5.230268e-03 3.468691e-01 3.513530e-02 1.872782e-01 2.014929e-02 -2.966256e-01 4.659300e-02 1.445000e-01 1.640873e-02 -9.060855e-02 1.527336e-02 4.297847e-01 6.105824e-02
5.520839e-03 1.898939e-01 3.116127e-02 1.070187e-01 2.085065e-02 -1.361029e-01 4.739513e-02 1.167273e-01 1.605362e-02 1.637547e-02 3.077292e-02 3.043023e-01 6.568049e-02
6.392550e-03 2.264892e-01 3.816571e-02 1.247893e-01 2.245394e-02 -1.765805e-01 4.165825e-02 1.180187e-01 1.779099e-02 -2.263699e-02 1.693608e-02 3.391347e-01 5.546403e-02
7.845403e-03 3.224768e-01 6.178982e-02 1.660517e-01 2.646111e-02 -2.563299e-01 7.439156e-02 1.266138e-01 1.335235e-02 -7.715029e-02 3.334729e-02 3.748318e-01 8.813148e-02
9.879396e-03 3.544378e-01 5.673476e-02 1.679375e-01 2.034402e-02 -2.441878e-01 7.292259e-02 1.349928e-01 9.461232e-03 -2.617427e-02 2.216298e-02 4.464395e-01 1.002510e-01
1.249453e-02 5.920556e-01 1.478335e-01 2.728140e-01 7.900136e-02 -4.182012e-01 8.108772e-02 1.799934e-01 4.693974e-02 -1.104569e-01 3.324019e-02 5.773607e-01 7.739479e-02
1.569081e-02 4.733959e-01 9.741455e-02 2.240261e-01 3.950639e-02 -3.095821e-01 7.304017e-02 1.737724e-01 1.825145e-02 -6.092839e-02 3.966401e-02 5.251870e-01 6.240613e-02
1.946822e-02 1.231913e+00 2.908446e-01 4.546614e-01 9.171254e-02 -7.717302e-01 2.239904e-01 2.450028e-01 2.972662e-02 -2.320391e-01 7.231582e-02 9.074088e-01 1.727495e-01
7.264262e-03 2.296406e-01 2.441300e-02 1.244314e-01 1.405156e-02 -1.748466e-01 3.464304e-02 1.207470e-01 1.202557e-02 -3.150137e-03 1.654639e-02 3.747887e-01 4.416994e-02
7.554832e-03 2.699971e-01 2.549024e-02 1.408494e-01 1.441933e-02 -1.920153e-01 2.004167e-02 1.146355e-01 6.277177e-03 -3.294830e-02 1.854298e-02 3.349030e-01 1.706757e-02
8.426544e-03 3.316296e-01 5.503242e-02 1.739553e-01 2.394534e-02 -2.011646e-01 5.509105e-02 1.397817e-01 7.721698e-03 -2.535710e-02 2.880784e-02 3.827450e-01 7.228098e-02
9.879396e-03 3.126884e-01 4.103249e-02 1.485342e-01 1.274040e-02 -2.191228e-01 4.858260e-02 1.297600e-01 6.928461e-03 -1.190925e-02 8.753802e-03 4.351506e-01 7.095563e-02
1.191339e-02 4.836172e-01 4.732248e-02 2.379792e-01 2.634975e-02 -3.438839e-01 5.080193e-02 1.749799e-01 1.927180e-02 -8.725942e-02 2.203985e-02 5.238952e-01 5.134299e-02
1.452852e-02 5.100795e-01 8.636980e-02 2.302298e-01 3.612639e-02 -2.623331e-01 3.903511e-02 1.588326e-01 1.393394e-02 -5.829238e-02 2.062506e-02 4.387183e-01 3.126860e-02
1.772480e-02 6.864266e-01 2.147569e-01 2.449429e-01 8.640176e-02 -4.662268e-01 1.061767e-01 1.449716e-01 3.816294e-02 -1.031464e-01 4.070287e-02 6.785283e-01 4.784513e-02
2.150221e-02 1.050635e+00 1.450527e-01 3.834214e-01 6.509216e-02 -5.981424e-01 9.165903e-02 2.048006e-01 2.787736e-02 -1.662420e-01 3.153472e-02 7.420647e-01 8.933357e-02
9.879396e-03 3.370618e-01 5.222885e-02 1.676946e-01 2.537208e-02 -2.294797e-01 3.301948e-02 1.384425e-01 1.576989e-02 -3.271461e-02 1.498561e-02 3.986443e-01 4.636123e-02
1.016997e-02 3.536688e-01 7.677322e-02 1.671230e-01 4.378483e-02 -2.435201e-01 4.910347e-02 1.239589e-01 2.438915e-02 -5.002871e-02 2.716958e-02 3.915927e-01 5.563441e-02
1.104168e-02 4.443560e-01 5.091578e-02 2.036238e-01 2.923322e-02 -3.265596e-01 3.623475e-02 1.489237e-01 2.000122e-02 -7.034954e-02 1.732029e-02 5.016791e-01 4.046348e-02
1.249453e-02 3.905016e-01 4.085108e-02 1.796038e-01 1.660537e-02 -2.625565e-01 6.252276e-02 1.435357e-01 1.498943e-02 -3.641323e-02 1.875341e-02 4.829335e-01 1.111033e-01
1.452852e-02 5.941026e-01 9.347169e-02 2.666977e-01 3.051968e-02 -3.439312e-01 7.962773e-02 1.831158e-01 9.010085e-03 -6.657153e-02 4.252934e-02 5.380374e-01 5.551640e-02
1.714366e-02 6.177775e-01 4.490282e-02 2.520067e-01 2.135040e-02 -3.895164e-01 6.706067e-02 1.503144e-01 1.191360e-02 -1.007197e-01 2.591544e-02 5.795294e-01 8.455227e-02
2.033993e-02 7.628580e-01 1.159695e-01 2.759844e-01 5.055293e-02 -4.419696e-01 7.751627e-02 1.773179e-01 2.684143e-02 -9.401814e-02 3.122951e-02 5.947857e-01 2.967008e-02
2.411735e-02 8.963520e-01 1.932117e-01 3.440278e-01 7.988171e-02 -3.651330e-01 7.514752e-02 2.095204e-01 3.848312e-02 -7.800851e-02 2.783590e-02 5.642692e-01 3.629925e-02
1.307567e-02 3.602040e-01 7.742482e-02 1.485939e-01 3.039084e-02 -2.421898e-01 6.839490e-02 1.059843e-01 1.466830e-02 -3.460969e-02 2.551517e-02 4.457796e-01 6.412892e-02
1.336624e-02 3.816424e-01 6.223499e-02 1.591847e-01 2.913880e-02 -2.825443e-01 5.964895e-02 1.310502e-01 1.837880e-02 -2.225898e-02 2.447423e-02 5.128442e-01 7.119555e-02
1.423795e-02 5.035144e-01 9.425841e-02 2.096661e-01 4.690545e-02 -3.367589e-01 7.937509e-02 1.454648e-01 2.687984e-02 -7.283800e-02 4.979996e-02 5.093064e-01 4.481493e-02
1.569081e-02 4.534513e-01 6.398661e-02 2.030624e-01 3.159804e-02 -2.587447e-01 3.468231e-02 1.395285e-01 1.858680e-02 -5.554553e-02 1.700435e-02 4.800675e-01 4.912017e-02
1.772480e-02 5.884012e-01 6.442407e-02 2.117268e-01 2.997118e-02 -4.292864e-01 5.976058e-02 1.486851e-01 1.616043e-02 -7.845143e-02 3.037585e-02 6.680526e-01 6.779916e-02
2.033993e-02 8.183547e-01 8.155104e-02 2.835635e-01 4.072423e-02 -4.747234e-01 2.664351e-02 1.569716e-01 2.289024e-02 -1.092136e-01 1.285540e-02 6.688504e-01 4.928570e-02
2.353621e-02 1.404323e+00 1.597309e-01 5.013363e-01 9.496410e-02 -8.109371e-01 9.377222e-02 2.519618e-01 4.895669e-02 -2.525629e-01 5.436071e-02 8.863408e-01 6.574048e-02
2.731362e-02 1.220480e+00 2.052393e-01 4.351831e-01 8.401456e-02 -6.888922e-01 1.807790e-01 2.479059e-01 3.499006e-02 -2.088170e-01 4.887434e-02 8.813724e-01 2.214540e-01
1.685309e-02 8.289358e-01 1.143205e-01 3.336167e-01 6.606718e-02 -5.293134e-01 4.710497e-02 1.919767e-01 3.765306e-02 -1.381221e-01 2.982386e-02 6.630736e-01 3.885322e-02
1.714366e-02 6.880983e-01 5.615156e-02 2.553788e-01 2.245939e-02 -4.770333e-01 4.322843e-02 1.613150e-01 1.725162e-02 -9.475409e-02 1.353014e-02 7.119239e-01 6.164911e-02
1.801537e-02 5.631772e-01 6.604165e-02 2.409990e-01 2.851647e-02 -3.401562e-01 5.756401e-02 1.605994e-01 1.398324e-02 -8.839644e-02 2.249378e-02 4.884646e-01 5.781752e-02
1.946822e-02 8.004699e-01 8.287001e-02 3.371203e-01 4.184681e-02 -4.421199e-01 5.793609e-02 2.058648e-01 2.510539e-02 -1.175866e-01 2.375919e-02 5.887099e-01 7.204991e-02
2.150221e-02 7.772618e-01 1.377230e-01 2.912587e-01 6.332252e-02 -4.474480e-01 7.244071e-02 1.776004e-01 2.964404e-02 -1.244540e-01 2.600772e-02 5.630289e-01 5.759124e-02
2.411735e-02 9.987739e-01 7.714079e-02 3.131081e-01 3.738491e-02 -6.219828e-01 5.553802e-02 1.702462e-01 1.874110e-02 -1.673382e-01 2.121363e-02 8.193770e-01 8.464815e-02
2.731362e-02 9.210701e-01 1.421341e-01 3.093471e-01 5.548040e-02 -4.645416e-01 1.359392e-01 2.030995e-01 1.957762e-02 -1.325205e-01 5.552085e-02 7.166061e-01 1.344541e-01
3.109104e-02 1.081200e+00 2.668553e-01 3.663389e-01 1.068058e-01 -6.316129e-01 1.660054e-01 2.314801e-01 4.059542e-02 -1.822032e-01 7.294005e-02 9.207626e-01 1.377069e-01
4.649127e-03 1.280594e-01 2.062014e-02 6.672157e-02 1.175401e-02 -1.187822e-01 3.300592e-02 8.406913e-02 1.773017e-02 2.605479e-02 9.694015e-03 3.175468e-01 5.032391e-02
4.939698e-03 2.273986e-01 2.868376e-02 1.306861e-01 2.266243e-02 -1.639341e-01 3.033635e-02 1.133451e-01 2.004344e-02 -2.410082e-02 1.081898e-02 3.157470e-01 3.777639e-02
5.811409e-03 1.699018e-01 3.317639e-02 9.066948e-02 1.729362e-02 -1.415411e-01 3.462401e-02 9.417066e-02 9.461894e-03 2.159228e-03 1.530767e-02 3.151821e-01 5.941133e-02
7.264262e-03 2.723591e-01 4.224958e-02 1.473694e-01 2.576921e-02 -2.012636e-01 3.497848e-02 1.260903e-01 1.635035e-02 -3.847516e-02 1.681634e-02 3.339564e-01 4.932456e-02
9.298255e-03 2.834186e-01 2.841327e-02 1.290086e-01 1.074055e-02 -2.346408e-01 6.486400e-02 1.114842e-01 1.293545e-02 -3.098340e-02 1.889509e-02 4.177907e-01 1.040502e-01
1.191339e-02 4.285619e-01 6.293914e-02 1.956722e-01 2.529644e-02 -2.804731e-01 3.305909e-02 1.376932e-01 1.107590e-02 -6.432442e-02 2.079872e-02 4.191217e-01 3.243671e-02
1.510966e-02 6.346637e-01 5.002475e-02 2.633129e-01 1.871403e-02 -4.953640e-01 8.432229e-02 1.624398e-01 1.161214e-02 -1.589435e-01 2.390449e-02 6.569928e-01 1.135936e-01
1.888708e-02 7.659897e-01 1.222132e-01 2.770671e-01 3.812833e-02 -5.041643e-01 1.181097e-01 1.594732e-01 1.520439e-02 -1.290020e-01 3.544260e-02 7.219048e-01 1.058068e-01
4.939698e-03 2.027527e-01 2.444736e-02 1.180173e-01 1.511327e-02 -1.612421e-01 3.161291e-02 1.155599e-01 1.202454e-02 -1.369795e-02 2.003271e-02 3.212357e-01 5.074063e-02
5.230268e-03 2.030220e-01 1.085941e-02 1.204231e-01 8.805338e-03 -1.497135e-01 2.220614e-02 1.240259e-01 8.517508e-03 -2.193555e-03 6.865319e-03 3.115247e-01 4.604782e-02
6.101980e-03 1.739286e-01 9.902777e-03 9.659742e-02 8.680011e-03 -1.156228e-01 2.984607e-02 1.017278e-01 7.106052e-03 1.678004e-02 1.558676e-02 2.911387e-01 4.889071e-02
7.554832e-03 2.916319e-01 5.351949e-02 1.501869e-01 3.244289e-02 -2.216321e-01 4.219521e-02 1.284158e-01 2.476032e-02 -2.654955e-02 1.758058e-02 4.180993e-01 5.828324e-02
9.588825e-03 3.349934e-01 9.180200e-02 1.561302e-01 3.899008e-02 -2.507971e-01 7.497031e-02 1.196807e-01 1.800903e-02 -3.709574e-02 3.302254e-02 4.299793e-01 5.322517e-02
1.220396e-02 5.187072e-01 7.061858e-02 2.386256e-01 2.985690e-02 -3.833663e-01 8.013744e-02 1.657563e-01 2.078960e-02 -9.760393e-02 3.901771e-02 5.537669e-01 6.394984e-02
1.540023e-02 4.685076e-01 7.881557e-02 2.112886e-01 4.400097e-02 -2.728911e-01 3.718290e-02 1.572107e-01 2.117892e-02 -5.643867e-02 2.759887e-02 4.630498e-01 3.146972e-02
1.917765e-02 6.027270e-01 1.141917e-01 2.366653e-01 5.016564e-02 -3.636540e-01 1.119411e-01 1.644859e-01 2.602713e-02 -4.887914e-02 4.482921e-02 6.812156e-01 9.436197e-02
5.811409e-03 1.760890e-01 2.099430e-02 1.037541e-01 1.542651e-02 -1.231002e-01 2.325135e-02 1.141169e-01 1.487141e-02 2.220291e-02 1.618761e-02 3.140631e-01 1.311806e-02
6.101980e-03 2.107078e-01 2.321972e-02 1.033221e-01 9.042728e-03 -1.744447e-01 2.914962e-02 9.483436e-02 6.829484e-03 -9.455240e-03 9.465650e-03 3.539870e-01 4.764230e-02
6.973691e-03 2.819730e-01 3.751937e-02 1.429418e-01 1.524627e-02 -2.179507e-01 4.303127e-02 1.110774e-01 6.325390e-03 -5.087493e-02 2.513478e-02 3.485766e-01 3.802385e-02
8.426544e-03 3.524969e-01 7.173454e-02 1.785955e-01 4.405454e-02 -2.584626e-01 4.795984e-02 1.405469e-01 2.521139e-02 -6.129543e-02 3.292741e-02 4.006683e-01 3.858442e-02
1.046054e-02 4.164560e-01 4.359812e-02 2.120181e-01 2.637299e-02 -2.604110e-01 4.220117e-02 1.587075e-01 1.840726e-02 -6.173302e-02 2.759186e-02 3.945361e-01 4.062963e-02
1.307567e-02 3.688317e-01 8.826503e-02 1.664675e-01 4.301238e-02 -2.214167e-01 4.048454e-02 1.204246e-01 2.573753e-02 -4.982566e-02 1.944381e-02 3.589946e-01 3.210181e-02
1.627195e-02 4.706129e-01 4.125432e-02 1.792823e-01 2.265073e-02 -3.146143e-01 4.586090e-02 1.257059e-01 1.184701e-02 -4.182662e-02 1.586153e-02 5.732773e-01 5.687699e-02
2.004936e-02 1.132507e+00 2.176625e-01 4.712930e-01 1.039354e-01 -5.158965e-01 1.177075e-01 2.591332e-01 4.831319e-02 -1.684243e-01 5.290257e-02 5.885182e-01 6.447947e-02
7.264262e-03 2.277229e-01 2.108545e-02 1.170220e-01 1.693358e-02 -1.822687e-01 1.894351e-02 1.126154e-01 1.369692e-02 -8.027526e-03 3.919260e-03 3.738014e-01 4.073094e-02
7.554832e-03 2.534742e-01 5.534577e-02 1.284229e-01 2.301145e-02 -1.953687e-01 6.020143e-02 1.103446e-01 1.259943e-02 -2.945687e-02 2.117910e-02 3.561139e-01 6.043839e-02
8.426544e-03 3.463774e-01 7.528937e-02 1.521165e-01 2.916921e-02 -3.257302e-01 8.659912e-02 1.130053e-01 1.179562e-02 -7.034748e-02 3.205585e-02 5.317289e-01 9.279672e-02
9.879396e-03 3.150941e-01 4.685507e-02 1.537783e-01 2.428374e-02 -2.082063e-01 3.736784e-02 1.239599e-01 1.380385e-02 -2.775423e-02 2.674245e-02 3.691609e-01 3.338547e-02
1.191339e-02 5.413642e-01 1.350550e-01 2.457093e-01 5.700013e-02 -3.684806e-01 1.277573e-01 1.623449e-01 2.870960e-02 -9.988876e-02 4.567492e-02 5.450597e-01 1.457061e-01
1.452852e-02 4.553832e-01 1.331216e-01 1.757164e-01 5.754504e-02 -3.135403e-01 1.209458e-01 1.292546e-01 2.739826e-02 -4.452066e-02 4.443339e-02 5.376033e-01 1.238979e-01
1.772480e-02 6.848546e-01 8.330739e-02 2.709577e-01 3.812835e-02 -4.570934e-01 7.938675e-02 1.652397e-01 1.781846e-02 -1.305691e-01 3.488061e-02 6.250894e-01 9.518835e-02
2.150221e-02 8.552096e-01 1.231640e-01 3.177535e-01 4.458746e-02 -4.699118e-01 1.201738e-01 1.879049e-01 1.775261e-02 -1.220915e-01 4.699997e-02 5.967314e-01 8.418132e-02
9.298255e-03 4.705964e-01 8.468267e-02 2.152806e-01 3.467274e-02 -4.075388e-01 9.664380e-02 1.434504e-01 1.525120e-02 -1.136203e-01 4.175698e-02 5.932361e-01 1.114498e-01
9.588825e-03 3.200163e-01 8.590862e-02 1.696621e-01 3.736389e-02 -1.918182e-01 7.644165e-02 1.471587e-01 1.627376e-02 -9.745247e-03 3.250722e-02 3.994969e-01 7.203844e-02
1.046054e-02 4.851392e-01 5.559999e-02 2.310587e-01 3.350758e-02 -3.551615e-01 5.163606e-02 1.585931e-01 2.074108e-02 -1.030261e-01 2.738066e-02 5.181180e-01 5.377835e-02
1.191339e-02 4.849875e-01 6.055918e-02 2.240780e-01 4.139869e-02 -3.172779e-01 5.276099e-02 1.520441e-01 3.178825e-02 -8.218156e-02 2.424490e-02 4.508473e-01 4.134656e-02
1.394738e-02 5.937325e-01 1.105841e-01 2.515175e-01 4.305009e-02 -3.514852e-01 1.025984e-01 1.665387e-01 1.969667e-02 -7.514867e-02 3.994432e-02 5.115789e-01 8.626705e-02
1.656252e-02 6.587796e-01 2.024343e-01 2.761333e-01 9.680335e-02 -4.316003e-01 9.554567e-02 1.781270e-01 4.541353e-02 -1.133878e-01 4.128315e-02 6.101256e-01 4.816992e-02
1.975879e-02 7.191404e-01 1.278699e-01 2.478463e-01 4.120335e-02 -4.925157e-01 8.987393e-02 1.587858e-01 1.236582e-02 -1.081108e-01 2.979128e-02 6.768929e-01 7.273453e-02
2.353621e-02 9.363684e-01 1.244324e-01 3.342390e-01 5.524884e-02 -5.579325e-01 1.268151e-01 1.901731e-01 2.532946e-02 -1.555740e-01 5.651434e-02 7.507690e-01 1.087808e-01
1.191339e-02 4.153186e-01 7.628538e-02 1.960248e-01 3.615001e-02 -2.081642e-01 5.322131e-02 1.417382e-01 1.842974e-02 -3.795987e-02 2.817632e-02 3.193112e-01 3.140666e-02
1.220396e-02 3.442855e-01 2.972236e-02 1.679507e-01 1.876066e-02 -2.201625e-01 4.023463e-02 1.320876e-01 1.973043e-02 -4.825351e-02 1.656822e-02 3.707681e-01 5.885138e-02
1.307567e-02 4.239209e-01 6.935057e-02 1.616761e-01 2.822456e-02 -3.134928e-01 5.925343e-02 1.261966e-01 5.452731e-03 -3.428447e-02 3.459297e-02 5.106993e-01 5.044760e-02
1.452852e-02 6.094457e-01 1.488804e-01 2.627617e-01 6.379251e-02 -4.497207e-01 9.806657e-02 1.686388e-01 2.966625e-02 -1.434646e-01 4.442984e-02 5.714953e-01 5.333621e-02
1.656252e-02 3.860777e-01 4.044706e-02 1.753711e-01 2.093639e-02 -2.052963e-01 3.197238e-02 1.357731e-01 1.080342e-02 -3.367011e-02 8.218065e-03 4.133060e-01 3.224558e-02
1.917765e-02 8.459952e-01 1.557747e-01 3.375084e-01 6.656177e-02 -4.268374e-01 8.000259e-02 1.987004e-01 2.870218e-02 -1.118847e-01 2.843006e-02 5.760582e-01 6.191241e-02
2.237393e-02 8.348635e-01 2.441689e-01 3.230071e-01 1.049040e-01 -4.647843e-01 1.402496e-01 2.051860e-01 4.365541e-02 -1.393002e-01 6.353163e-02 6.190056e-01 9.558377e-02
2.615134e-02 8.227254e-01 1.575427e-01 2.638766e-01 6.578253e-02 -4.800319e-01 6.688815e-02 1.612961e-01 2.949875e-02 -1.205693e-01 2.657541e-02 7.591114e-01 4.094640e-02
1.510966e-02 5.981585e-01 1.279153e-01 2.665575e-01 5.133243e-02 -2.794773e-01 9.986703e-02 1.873142e-01 1.904326e-02 -3.553375e-02 4.190635e-02 4.957597e-01 8.469613e-02
1.540023e-02 6.113556e-01 6.745569e-02 2.280048e-01 1.934256e-02 -3.891245e-01 6.623556e-02 1.442693e-01 1.125981e-02 -8.261952e-02 1.883666e-02 5.551997e-01 6.141782e-02
1.627195e-02 7.330074e-01 1.681543e-01 2.979832e-01 6.520055e-02 -4.171192e-01 1.049242e-01 1.780533e-01 2.690215e-02 -1.017952e-01 3.720028e-02 5.543634e-01 7.775913e-02
1.772480e-02 7.721991e-01 1.835051e-01 2.997434e-01 7.873963e-02 -4.984628e-01 5.377782e-02 1.723187e-01 3.001781e-02 -1.371864e-01 2.562421e-02 7.289240e-01 4.200632e-02
1.975879e-02 8.485835e-01 1.635260e-01 3.304473e-01 7.197403e-02 -5.207583e-01 1.318656e-01 1.962813e-01 3.342133e-02 -1.408654e-01 5.854691e-02 6.453719e-01 9.695822e-02
2.237393e-02 7.788788e-01 1.401499e-01 3.072887e-01 7.418566e-02 -4.734719e-01 7.151793e-02 1.837553e-01 3.818897e-02 -1.473094e-01 4.197493e-02 6.448393e-01 2.090822e-02
2.557020e-02 9.380303e-01 2.030408e-01 3.407922e-01 7.101653e-02 -4.933732e-01 1.812982e-01 2.031727e-01 2.419240e-02 -1.559368e-01 6.176153e-02 7.604236e-01 1.375866e-01
2.934762e-02 1.369380e+00 1.646508e-01 4.404124e-01 4.609981e-02 -6.060184e-01 9.872991e-02 2.636674e-01 1.975673e-02 -1.291156e-01 3.043547e-02 8.874281e-01 7.053174e-02
1.888708e-02 6.304478e-01 1.053810e-01 2.316247e-01 4.686810e-02 -4.579921e-01 8.758181e-02 1.583569e-01 2.130567e-02 -1.289390e-01 2.756787e-02 6.834820e-01 1.153102e-01
1.917765e-02 8.032244e-01 1.416741e-01 3.222243e-01 5.427372e-02 -4.693333e-01 9.314409e-02 2.015395e-01 2.318611e-02 -1.282884e-01 3.393785e-02 6.117714e-01 1.062461e-01
2.004936e-02 1.060332e+00 2.200058e-01 4.083985e-01 1.019860e-01 -6.796928e-01 1.264431e-01 2.336225e-01 4.852118e-02 -1.929710e-01 6.593642e-02 8.227707e-01 9.647427e-02
2.150221e-02 9.134694e-01 7.254750e-02 3.151912e-01 1.851260e-02 -6.152819e-01 8.796922e-02 1.730740e-01 1.032501e-02 -1.712382e-01 2.439153e-02 8.278952e-01 1.138280e-01
2.353621e-02 9.407931e-01 1.412290e-01 3.106433e-01 5.241329e-02 -6.446141e-01 1.078577e-01 1.729955e-01 2.653185e-02 -1.695427e-01 3.143170e-02 8.538976e-01 9.245787e-02
2.615134e-02 8.880346e-01 1.227093e-01 2.665218e-01 4.085324e-02 -5.327281e-01 1.067971e-01 1.749159e-01 1.136408e-02 -1.016533e-01 4.062372e-02 8.019961e-01 8.821113e-02
2.934762e-02 1.000398e+00 1.460062e-01 3.136706e-01 7.216917e-02 -6.450813e-01 7.775999e-02 2.033576e-01 3.097342e-02 -1.750700e-01 4.888606e-02 1.038952e+00 6.196074e-02
3.312503e-02 9.008883e-01 1.291524e-01 2.725877e-01 4.701727e-02 -4.600086e-01 1.042539e-01 2.168663e-01 2.455244e-02 -1.171424e-01 2.991881e-02 8.772245e-01 1.422886e-01
7.264262e-03 3.264739e-01 5.920967e-02 1.656062e-01 3.467752e-02 -2.456220e-01 6.604402e-02 1.289811e-01 2.811579e-02 -5.187516e-02 2.580322e-02 3.938560e-01 7.886479e-02
7.554832e-03 3.640655e-01 3.807267e-02 1.951863e-01 2.332294e-02 -2.571404e-01 3.371737e-02 1.578514e-01 1.452070e-02 -5.310523e-02 2.095964e-02 4.189310e-01 6.427438e-02
8.426544e-03 2.303273e-01 3.699238e-02 1.192609e-01 2.328765e-02 -1.530263e-01 5.750255e-02 1.094839e-01 1.790019e-02 -2.253516e-03 2.409884e-02 3.308828e-01 6.298755e-02
9.879396e-03 3.603849e-01 5.951901e-02 1.740134e-01 2.426655e-02 -2.659303e-01 7.039693e-02 1.343132e-01 1.785039e-02 -6.355019e-02 3.326118e-02 3.985565e-01 7.165008e-02
1.191339e-02 3.149772e-01 3.233520e-02 1.301021e-01 1.979517e-02 -2.382505e-01 3.137017e-02 1.051313e-01 9.274484e-03 -3.421023e-02 2.654125e-02 4.135793e-01 3.052584e-02
1.452852e-02 5.453403e-01 6.767468e-02 2.210207e-01 1.750737e-02 -3.413845e-01 6.045807e-02 1.464129e-01 8.832826e-03 -7.409276e-02 1.242423e-02 5.033251e-01 7.870271e-02
1.772480e-02 7.552454e-01 2.970487e-02 3.018240e-01 2.621322e-02 -4.531422e-01 8.477346e-03 1.859543e-01 1.850277e-02 -9.404842e-02 1.014888e-02 6.438368e-01 2.362015e-02
2.150221e-02 9.678591e-01 1.470435e-01 3.958524e-01 6.391283e-02 -4.629247e-01 6.690061e-02 2.354811e-01 2.341962e-02 -1.373044e-01 3.977607e-02 6.712030e-01 3.764548e-02
7.554832e-03 2.171128e-01 2.895984e-02 1.194923e-01 1.301071e-02 -1.476232e-01 3.389566e-02 1.181702e-01 9.065514e-03 -2.101996e-03 1.953083e-02 3.127406e-01 5.327283e-02
7.845403e-03 3.356104e-01 3.868248e-02 1.800999e-01 2.763045e-02 -2.334972e-01 3.292686e-02 1.460960e-01 2.125066e-02 -5.521120e-02 2.428108e-02 3.578742e-01 2.002298e-02
8.717114e-03 3.861956e-01 8.378149e-02 1.931947e-01 4.996515e-02 -2.858066e-01 5.099951e-02 1.466643e-01 3.145071e-02 -6.290313e-02 3.317928e-02 4.601922e-01 5.402268e-02
1.016997e-02 4.163068e-01 1.014031e-01 1.973588e-01 3.970415e-02 -3.013015e-01 9.104782e-02 1.465860e-01 1.946754e-02 -6.267139e-02 4.133359e-02 4.870957e-01 8.092519e-02
1.220396e-02 3.930275e-01 4.480642e-02 1.805840e-01 2.242069e-02 -2.649432e-01 4.024082e-02 1.296977e-01 1.789058e-02 -6.136799e-02 1.184271e-02 4.084028e-01 4.914602e-02
1.481909e-02 7.002487e-01 7.145625e-02 2.664440e-01 2.861421e-02 -5.064505e-01 7.764748e-02 1.603366e-01 1.087092e-02 -1.288528e-01 3.757350e-02 6.202732e-01 4.501966e-02
1.801537e-02 7.919007e-01 1.426915e-01 3.123094e-01 5.634490e-02 -4.983279e-01 1.129072e-01 1.926784e-01 3.159840e-02 -1.114003e-01 3.482469e-02 7.662063e-01 1.295017e-01
2.179279e-02 7.352664e-01 1.165554e-01 2.490586e-01 4.501402e-02 -4.894829e-01 9.868575e-02 1.650244e-01 1.517994e-02 -1.203390e-01 4.654485e-02 7.522385e-01 7.480853e-02
8.426544e-03 2.269659e-01 1.494888e-02 1.115842e-01 1.396840e-02 -1.762379e-01 2.174513e-02 1.065921e-01 1.223142e-02 -3.974041e-03 1.309421e-02 3.794890e-01 5.095315e-02
8.717114e-03 2.874180e-01 5.598299e-02 1.308530e-01 2.247594e-02 -2.284518e-01 6.290560e-02 1.042800e-01 1.183402e-02 -3.261729e-02 2.991742e-02 4.070367e-01 6.637903e-02
9.588825e-03 3.644427e-01 8.128620e-02 1.655604e-01 3.622870e-02 -2.956455e-01 8.267510e-02 1.229040e-01 1.963175e-02 -6.999831e-02 3.443171e-02 4.601519e-01 7.959652e-02
1.104168e-02 3.713294e-01 4.257776e-02 1.690637e-01 1.933262e-02 -2.642873e-01 4.043702e-02 1.241642e-01 9.308096e-03 -6.012360e-02 1.817044e-02 4.033746e-01 3.985071e-02
1.307567e-02 6.960561e-01 1.471506e-01 3.217037e-01 6.934010e-02 -4.653004e-01 1.076995e-01 2.010969e-01 3.259951e-02 -1.467021e-01 4.742418e-02 5.798871e-01 9.889347e-02
1.569081e-02 7.586573e-01 1.606335e-01 3.036515e-01 6.438055e-02 -5.043815e-01 1.226574e-01 1.854793e-01 2.826757e-02 -1.137130e-01 5.713771e-02 6.850486e-01 6.467072e-02
1.888708e-02 6.944948e-01 5.543536e-02 2.711039e-01 2.792080e-02 -4.792640e-01 3.319780e-02 1.635826e-01 1.705233e-02 -1.373858e-01 1.993745e-02 6.852868e-01 3.531804e-02
2.266450e-02 1.010914e+00 1.986292e-01 3.712032e-01 8.322817e-02 -6.127212e-01 1.331456e-01 2.176442e-01 3.101827e-02 -1.583582e-01 4.423973e-02 8.131697e-01 1.330317e-01
9.879396e-03 3.355803e-01 4.609770e-02 1.546177e-01 2.045536e-02 -2.478272e-01 6.283482e-02 1.298734e-01 1.967885e-02 -3.143539e-02 1.407005e-02 4.385236e-01 8.322986e-02
1.016997e-02 2.558725e-01 3.808921e-02 1.187633e-01 1.824143e-02 -1.710312e-01 4.073776e-02 1.098991e-01 1.294871e-02 -2.253590e-03 2.161362e-02 3.646374e-01 4.332433e-02
1.104168e-02 3.216616e-01 7.574354e-02 1.652250e-01 3.642330e-02 -1.850203e-01 6.589123e-02 1.437267e-01 1.993878e-02 -2.157227e-02 3.366724e-02 3.320272e-01 4.667010e-02
1.249453e-02 5.024382e-01 5.669056e-02 2.386985e-01 2.690560e-02 -3.123147e-01 4.364800e-02 1.643376e-01 1.559907e-02 -8.666021e-02 1.662625e-02 4.640182e-01 5.442766e-02
1.452852e-02 3.947929e-01 2.155224e-02 1.692257e-01 1.074249e-02 -2.362307e-01 4.024113e-02 1.319305e-01 1.080124e-02 -3.728781e-02 8.586217e-03 4.138794e-01 6.498322e-02
1.714366e-02 7.894399e-01 1.348223e-01 3.378892e-01 3.937672e-02 -4.232913e-01 1.029598e-01 2.008207e-01 1.469429e-02 -1.150884e-01 3.691016e-02 6.206005e-01 5.822048e-02
2.033993e-02 8.647923e-01 1.243270e-01 3.265595e-01 4.467667e-02 -5.164014e-01 1.063916e-01 1.848685e-01 1.798151e-02 -1.439627e-01 4.469056e-02 6.906911e-01 7.300580e-02
2.411735e-02 7.195030e-01 5.739960e-02 3.176986e-01 3.091575e-02 -3.213029e-01 3.463163e-02 2.152736e-01 2.570162e-02 -8.243580e-02 1.016758e-02 5.830964e-01 7.070809e-02
1.191339e-02 3.759018e-01 7.617287e-02 1.932700e-01 3.775985e-02 -1.945316e-01 7.007326e-02 1.601677e-01 2.025773e-02 -2.192048e-02 2.946429e-02 3.582620e-01 6.330691e-02
1.220396e-02 6.254649e-01 1.075628e-01 2.666982e-01 4.058243e-02 -4.916813e-01 1.106522e-01 1.703215e-01 1.770080e-02 -1.322329e-01 4.495339e-02 6.913256e-01 9.619277e-02
1.307567e-02 4.295776e-01 7.041693e-02 1.873307e-01 3.769649e-02 -3.116683e-01 4.681891e-02 1.379410e-01 1.998311e-02 -5.346466e-02 2.683861e-02 5.232486e-01 4.669011e-02
1.452852e-02 6.616626e-01 1.573212e-01 2.669811e-01 7.317023e-02 -4.797816e-01 1.190338e-01 1.640535e-01 4.195056e-02 -1.242343e-01 4.083280e-02 6.230848e-01 1.068142e-01
1.656252e-02 5.399956e-01 7.225820e-02 2.403847e-01 3.896657e-02 -2.884036e-01 5.824645e-02 1.710942e-01 2.399360e-02 -6.136420e-02 1.986259e-02 4.531012e-01 6.214647e-02
1.917765e-02 8.638203e-01 1.303837e-01 3.286088e-01 5.065926e-02 -4.901672e-01 8.487504e-02 1.862897e-01 2.235150e-02 -1.442831e-01 3.968428e-02 6.291012e-01 5.170189e-02
2.237393e-02 7.909333e-01 1.078258e-01 2.735923e-01 3.378938e-02 -4.685962e-01 8.240358e-02 1.676089e-01 1.125036e-02 -1.224507e-01 1.782247e-02 7.165144e-01 7.366157e-02
2.615134e-02 8.412859e-01 1.328452e-01 3.057244e-01 4.263503e-02 -4.782836e-01 6.533982e-02 1.907534e-01 2.312206e-02 -1.391866e-01 1.722465e-02 7.733993e-01 6.937079e-02
1.452852e-02 4.874085e-01 6.558774e-02 1.861883e-01 2.342443e-02 -3.394725e-01 8.252531e-02 1.215591e-01 1.082928e-02 -7.590471e-02 3.336684e-02 5.154232e-01 7.877036e-02
1.481909e-02 7.838013e-01 1.612927e-01 3.296140e-01 7.387168e-02 -5.048032e-01 1.161764e-01 2.005109e-01 3.452026e-02 -1.497195e-01 5.791738e-02 6.177050e-01 9.162260e-02
1.569081e-02 5.115932e-01 6.790877e-02 1.887148e-01 1.703159e-02 -3.844685e-01 8.113095e-02 1.272523e-01 8.004205e-03 -6.377550e-02 1.671031e-02 6.639454e-01 9.858185e-02
1.714366e-02 7.344600e-01 1.269735e-01 2.904859e-01 6.161320e-02 -4.797244e-01 6.593113e-02 1.667833e-01 3.073685e-02 -1.419931e-01 3.390118e-02 6.072511e-01 4.575641e-02
1.917765e-02 9.582027e-01 1.067179e-01 3.602837e-01 3.793238e-02 -6.450996e-01 7.233003e-02 2.061539e-01 1.842341e-02 -1.722137e-01 1.913749e-02 8.415617e-01 7.800533e-02
2.179279e-02 9.091292e-01 1.300073e-01 3.032261e-01 2.763592e-02 -6.945748e-01 1.494433e-01 1.744192e-01 1.149771e-02 -1.588975e-01 2.770085e-02 1.028637e+00 2.077485e-01
2.498906e-02 9.783047e-01 2.173387e-01 3.405592e-01 8.494301e-02 -5.177783e-01 1.075512e-01 1.954045e-01 3.328687e-02 -1.185976e-01 4.290141e-02 7.223495e-01 8.288077e-02
2.876648e-02 8.102501e-01 1.202174e-01 2.377562e-01 3.450756e-02 -4.205121e-01 4.264836e-02 1.551043e-01 1.547950e-02 -7.058381e-02 2.204351e-02 6.522582e-01 5.314439e-02
1.772480e-02 8.131192e-01 1.103047e-01 3.147690e-01 5.049646e-02 -5.501217e-01 1.029790e-01 1.830283e-01 2.307842e-02 -1.505388e-01 4.946259e-02 7.266317e-01 6.383515e-02
1.801537e-02 7.854823e-01 8.942628e-02 2.797321e-01 3.375956e-02 -5.534591e-01 9.064535e-02 1.551092e-01 1.225110e-02 -1.436138e-01 3.536538e-02 7.510435e-01 9.882197e-02
1.888708e-02 9.069167e-01 2.008151e-01 3.498359e-01 6.961836e-02 -5.864297e-01 1.710621e-01 2.005793e-01 2.371891e-02 -1.646835e-01 6.956872e-02 6.942244e-01 1.290449e-01
2.033993e-02 6.246235e-01 1.034383e-01 2.571510e-01 4.581036e-02 -3.633349e-01 9.030439e-02 1.688838e-01 2.681542e-02 -9.042745e-02 3.819473e-02 6.268714e-01 8.771168e-02
2.237393e-02 8.583412e-01 2.643068e-01 2.763635e-01 8.961142e-02 -5.277743e-01 1.425893e-01 1.556930e-01 2.640893e-02 -1.293956e-01 5.910517e-02 6.999184e-01 6.375322e-02
2.498906e-02 8.994111e-01 1.300123e-01 3.368715e-01 3.789017e-02 -5.258849e-01 1.150716e-01 2.132225e-01 1.177841e-02 -1.416784e-01 2.357050e-02 7.302339e-01 1.356374e-01
2.818534e-02 8.376941e-01 8.508821e-02 2.691501e-01 3.599199e-02 -4.061188e-01 5.060359e-02 1.787233e-01 1.651652e-02 -9.807671e-02 2.037954e-02 6.984319e-01 5.913449e-02
3.196275e-02 8.929627e-01 1.456912e-01 2.335677e-01 5.100882e-02 -3.307242e-01 9.086910e-02 1.658818e-01 9.798142e-03 -3.980335e-02 3.569462e-02 6.472735e-01 7.810317e-02
2.150221e-02 8.868114e-01 1.624726e-01 3.122158e-01 6.428227e-02 -5.682825e-01 9.356658e-02 1.847396e-01 2.657715e-02 -1.537956e-01 3.303072e-02 7.572358e-01 8.568044e-02
2.179279e-02 9.571125e-01 2.151557e-01 3.563297e-01 7.793768e-02 -6.056407e-01 1.362376e-01 2.154855e-01 3.309854e-02 -1.487015e-01 4.738914e-02 7.620039e-01 1.038848e-01
2.266450e-02 8.139760e-01 1.497747e-01 2.975123e-01 6.530184e-02 -5.523269e-01 1.105388e-01 1.809686e-01 2.959097e-02 -1.257261e-01 3.876843e-02 7.962083e-01 9.322135e-02
2.411735e-02 7.830169e-01 1.014910e-01 2.832990e-01 4.539817e-02 -4.113429e-01 3.753230e-02 1.930486e-01 2.495373e-02 -7.276656e-02 8.660239e-03 7.799736e-01 7.124227e-02
2.615134e-02 6.636232e-01 1.542459e-01 2.105079e-01 5.838351e-02 -2.711583e-01 7.393023e-02 1.442422e-01 2.594117e-02 -2.448945e-02 3.273151e-02 6.100253e-01 7.081182e-02
2.876648e-02 8.605666e-01 1.630953e-01 2.851606e-01 5.386448e-02 -4.456339e-01 1.130636e-01 1.736008e-01 1.734115e-02 -1.463491e-01 4.217617e-02 6.379820e-01 6.735232e-02
3.196275e-02 1.247651e+00 2.469691e-01 4.139332e-01 1.037364e-01 -5.222181e-01 1.434216e-01 2.520938e-01 3.568283e-02 -1.604620e-01 5.632589e-02 7.799374e-01 8.968524e-02
3.574017e-02 8.282022e-01 6.435409e-02 1.885075e-01 1.199775e-02 -3.653814e-01 1.071922e-01 1.625280e-01 1.174008e-02 -8.683799e-02 4.063785e-02 7.735683e-01 8.652518e-02
1.046054e-02 4.214596e-01 5.983617e-02 2.098103e-01 3.242971e-02 -2.913905e-01 5.975837e-02 1.440706e-01 2.112633e-02 -8.656408e-02 2.902576e-02 4.058219e-01 4.628875e-02
1.075111e-02 3.667499e-01 4.729557e-02 1.764149e-01 1.959322e-02 -2.665155e-01 5.803118e-02 1.298140e-01 1.268664e-02 -6.422615e-02 2.981355e-02 4.222825e-01 5.041037e-02
1.162282e-02 5.235469e-01 1.131585e-01 2.523749e-01 5.855352e-02 -3.736609e-01 9.153536e-02 1.824747e-01 3.316970e-02 -1.014402e-01 4.347353e-02 5.402016e-01 7.952210e-02
1.307567e-02 5.246779e-01 8.657853e-02 2.066757e-01 2.412985e-02 -4.216887e-01 1.103910e-01 1.364552e-01 7.856258e-03 -9.589188e-02 4.054869e-02 6.292088e-01 1.004733e-01
1.510966e-02 6.223246e-01 5.926790e-02 2.638628e-01 2.851961e-02 -3.328193e-01 3.939475e-02 1.720555e-01 1.218095e-02 -6.769571e-02 1.930478e-02 4.710999e-01 1.736087e-02
1.772480e-02 5.122756e-01 8.365728e-02 1.980012e-01 3.092253e-02 -3.539123e-01 7.416016e-02 1.335718e-01 1.707172e-02 -8.043515e-02 2.096512e-02 5.592271e-01 7.454458e-02
2.092107e-02 8.455782e-01 1.684106e-01 3.361287e-01 6.543124e-02 -4.815198e-01 1.102836e-01 2.013041e-01 2.500569e-02 -1.341962e-01 4.125341e-02 6.118611e-01 8.786773e-02
2.469849e-02 6.326551e-01 7.983231e-02 2.272183e-01 2.900118e-02 -4.021766e-01 8.007291e-02 1.607042e-01 1.393055e-02 -9.511356e-02 1.984236e-02 7.026711e-01 1.199798e-01
1.075111e-02 4.097505e-01 7.547442e-02 2.060580e-01 3.775416e-02 -2.560243e-01 5.065595e-02 1.561637e-01 1.776298e-02 -5.276602e-02 2.582254e-02 4.076948e-01 4.589930e-02
1.104168e-02 4.282575e-01 4.881632e-02 1.953143e-01 2.335050e-02 -3.086539e-01 2.850391e-02 1.414922e-01 9.338811e-03 -5.977559e-02 1.730906e-02 4.802417e-01 7.120539e-03
1.191339e-02 3.969552e-01 8.992924e-02 2.029811e-01 4.131322e-02 -2.168789e-01 7.396752e-02 1.620339e-01 1.663545e-02 -3.954115e-02 4.077128e-02 3.757084e-01 4.556308e-02
1.336624e-02 4.625686e-01 6.096064e-02 2.125433e-01 2.784295e-02 -3.063565e-01 7.085222e-02 1.600925e-01 1.621668e-02 -4.300609e-02 2.041432e-02 5.764147e-01 1.129591e-01
1.540023e-02 5.290741e-01 6.280829e-02 2.341853e-01 3.320093e-02 -2.845746e-01 6.756024e-02 1.565035e-01 2.021999e-02 -5.604357e-02 2.799384e-02 4.823811e-01 6.161387e-02
1.801537e-02 7.904649e-01 1.505762e-01 3.232038e-01 7.271163e-02 -3.869755e-01 5.305640e-02 1.902247e-01 2.843731e-02 -9.254860e-02 3.424400e-02 5.082713e-01 3.379522e-02
2.121164e-02 1.045184e+00 2.198135e-01 3.736570e-01 8.639507e-02 -6.509792e-01 1.312738e-01 1.988025e-01 3.860723e-02 -1.824838e-01 4.458618e-02 8.259068e-01 8.807049e-02
2.498906e-02 8.335582e-01 1.468856e-01 3.221304e-01 5.236453e-02 -4.613767e-01 1.055508e-01 2.104920e-01 2.533628e-02 -1.492510e-01 4.664458e-02 6.943570e-01 5.895728e-02
1.162282e-02 4.821925e-01 7.191933e-02 2.345594e-01 3.059533e-02 -2.934134e-01 6.864991e-02 1.698707e-01 1.635416e-02 -6.283542e-02 3.914399e-02 4.700172e-01 6.915691e-02
1.191339e-02 4.240649e-01 2.564243e-02 2.019075e-01 1.389878e-02 -2.581936e-01 3.225149e-02 1.471678e-01 6.461446e-03 -4.407304e-02 1.688213e-02 4.531727e-01 2.927516e-02
1.278510e-02 4.520155e-01 8.970053e-02 1.844324e-01 4.087767e-02 -3.343814e-01 8.029712e-02 1.369915e-01 1.600915e-02 -4.770250e-02 4.478243e-02 5.606909e-01 9.268725e-02
1.423795e-02 5.625553e-01 8.737745e-02 2.378017e-01 4.548344e-02 -3.650409e-01 7.544401e-02 1.625146e-01 2.288968e-02 -8.437990e-02 4.115411e-02 5.231977e-01 5.687577e-02
1.627195e-02 7.519516e-01 1.468307e-01 2.844176e-01 6.366907e-02 -5.128932e-01 1.062458e-01 1.674875e-01 3.733232e-02 -1.118258e-01 3.270788e-02 7.246141e-01 1.043094e-01
1.888708e-02 5.499469e-01 5.837128e-02 2.035667e-01 2.105255e-02 -3.827120e-01 6.051896e-02 1.267455e-01 1.156332e-02 -9.914724e-02 2.225248e-02 5.558205e-01 4.122737e-02
2.208336e-02 7.908973e-01 1.542656e-01 2.886317e-01 5.484605e-02 -4.380399e-01 1.043548e-01 1.793154e-01 2.423525e-02 -1.069219e-01 3.642361e-02 6.273107e-01 7.649440e-02
2.586077e-02 1.018660e+00 1.168315e-01 3.150648e-01 3.448119e-02 -6.679700e-01 6.421205e-02 1.901091e-01 1.538262e-02 -1.480894e-01 2.428425e-02 8.950935e-01 5.234906e-02
1.307567e-02 6.473729e-01 1.545608e-01 2.954901e-01 7.118764e-02 -3.812248e-01 1.147975e-01 1.892008e-01 3.538872e-02 -9.713713e-02 5.320965e-02 5.561034e-01 8.656961e-02
1.336624e-02 4.734371e-01 4.425054e-02 1.961049e-01 2.520667e-02 -2.963420e-01 4.898765e-02 1.344408e-01 2.025000e-02 -5.230870e-02 1.479465e-02 4.955954e-01 8.540338e-02
1.423795e-02 5.775542e-01 9.387433e-02 2.574419e-01 5.036480e-02 -4.147024e-01 7.768612e-02 1.639881e-01 2.761304e-02 -1.321232e-01 4.054062e-02 5.531184e-01 6.885563e-02
1.569081e-02 4.344218e-01 1.028668e-01 1.985187e-01 4.775013e-02 -3.048022e-01 6.838334e-02 1.457760e-01 2.312674e-02 -8.132015e-02 2.935962e-02 5.380530e-01 5.401934e-02
1.772480e-02 7.863008e-01 9.739358e-02 3.127837e-01 3.469490e-02 -4.092395e-01 8.747340e-02 1.837717e-01 1.164892e-02 -1.047637e-01 3.236838e-02 5.045720e-01 7.722850e-02
2.033993e-02 6.091739e-01 8.910655e-02 2.303264e-01 2.676005e-02 -3.476861e-01 7.463912e-02 1.483689e-01 1.014955e-02 -7.017000e-02 2.156009e-02 6.107058e-01 7.369913e-02
2.353621e-02 7.353656e-01 1.029817e-01 2.575387e-01 4.764454e-02 -3.687162e-01 2.871457e-02 1.670978e-01 2.010249e-02 -5.983014e-02 3.084912e-02 5.883179e-01 5.151693e-02
2.731362e-02 9.990376e-01 2.902545e-01 3.215431e-01 8.736808e-02 -5.007718e-01 1.261942e-01 1.971111e-01 2.594809e-02 -1.403667e-01 4.831590e-02 7.631551e-01 8.601493e-02
1.510966e-02 4.720540e-01 1.060526e-01 2.073088e-01 4.669118e-02 -2.675647e-01 9.035561e-02 1.454056e-01 1.813978e-02 -4.656509e-02 3.986255e-02 4.457118e-01 8.261569e-02
1.540023e-02 5.084441e-01 1.242496e-01 2.213878e-01 7.456044e-02 -2.957929e-01 4.358664e-02 1.696046e-01 3.972133e-02 -3.587191e-02 3.359319e-02 5.633103e-01 2.991968e-02
1.627195e-02 7.675625e-01 5.393223e-02 3.386873e-01 2.650937e-02 -4.212854e-01 7.840971e-02 2.090520e-01 1.584277e-02 -1.250697e-01 3.630838e-02 4.943819e-01 7.484485e-02
1.772480e-02 7.242355e-01 1.242305e-01 2.725139e-01 4.811728e-02 -5.157392e-01 1.290319e-01 1.730032e-01 1.694551e-02 -1.178246e-01 5.503610e-02 7.298577e-01 1.011175e-01
1.975879e-02 7.158188e-01 1.284957e-01 2.612855e-01 4.286836e-02 -4.160932e-01 1.142255e-01 1.589455e-01 1.532871e-02 -9.890040e-02 4.252688e-02 5.837765e-01 1.141319e-01
2.237393e-02 7.244034e-01 9.006335e-02 2.284535e-01 1.904096e-02 -4.443090e-01 9.266520e-02 1.452292e-01 1.406226e-02 -8.880490e-02 1.472639e-02 7.130398e-01 7.102087e-02
2.557020e-02 9.561435e-01 3.344923e-01 3.391982e-01 1.024024e-01 -4.888054e-01 2.361327e-01 2.108721e-01 2.671331e-02 -1.442311e-01 7.695555e-02 6.347023e-01 1.455912e-01
2.934762e-02 1.115059e+00 1.703028e-01 3.437353e-01 2.341276e-02 -5.388458e-01 1.058721e-01 2.044080e-01 1.342935e-02 -1.332781e-01 2.426271e-02 7.305731e-01 1.006003e-01
1.772480e-02 6.978517e-01 1.013720e-01 2.827027e-01 5.151353e-02 -3.576094e-01 6.000035e-02 1.940114e-01 2.360567e-02 -6.196602e-02 2.877091e-02 5.545866e-01 2.132058e-02
1.801537e-02 4.939272e-01 4.938284e-02 1.802998e-01 1.454236e-02 -2.937824e-01 4.694054e-02 1.316816e-01 1.055437e-02 -4.794084e-02 2.001465e-02 4.894186e-01 4.798081e-02
1.888708e-02 7.166377e-01 2.139026e-01 2.687679e-01 7.408000e-02 -4.330919e-01 1.825898e-01 1.728285e-01 2.670190e-02 -9.484170e-02 7.787473e-02 5.862144e-01 1.324036e-01
2.033993e-02 7.443991e-01 1.844927e-01 2.591346e-01 3.951811e-02 -4.579654e-01 1.547335e-01 1.533362e-01 8.452230e-03 -9.973014e-02 4.784101e-02 6.488833e-01 8.683070e-02
2.237393e-02 5.046650e-01 7.326272e-02 1.847267e-01 3.077648e-02 -2.921524e-01 4.678239e-02 1.417043e-01 1.472649e-02 -4.815007e-02 1.881511e-02 5.519026e-01 4.947016e-02
2.498906e-02 8.395729e-01 9.224638e-02 3.133908e-01 3.603174e-02 -4.383354e-01 1.091050e-01 2.019324e-01 1.853051e-02 -1.294628e-01 4.329724e-02 6.652435e-01 8.850928e-02
2.818534e-02 7.044383e-01 3.185737e-02 2.349127e-01 1.163872e-02 -4.235859e-01 5.574287e-02 1.645770e-01 9.492072e-03 -1.082251e-01 2.146409e-02 7.233987e-01 9.290013e-02
3.196275e-02 8.063068e-01 6.449763e-02 2.132653e-01 1.507857e-02 -3.149073e-01 8.824480e-02 1.637880e-01 1.561912e-02 -5.918324e-02 1.929992e-02 7.310363e-01 1.087071e-01
2.092107e-02 1.137809e+00 2.124738e-01 4.299177e-01 7.272821e-02 -6.082314e-01 1.566348e-01 2.164092e-01 2.867168e-02 -1.750274e-01 5.375798e-02 6.471723e-01 1.198653e-01
2.121164e-02 9.136877e-01 1.386196e-01 3.249083e-01 5.453733e-02 -5.437305e-01 1.103755e-01 1.773833e-01 2.147057e-02 -1.409241e-01 4.948591e-02 7.408295e-01 6.846669e-02
2.208336e-02 9.196925e-01 2.530049e-01 3.254680e-01 8.127664e-02 -5.532375e-01 2.087680e-01 1.897072e-01 2.586628e-02 -1.231245e-01 7.684923e-02 8.513674e-01 1.389788e-01
2.353621e-02 7.105183e-01 2.315056e-02 2.748779e-01 1.243297e-02 -3.840198e-01 4.918338e-02 1.823706e-01 1.062442e-02 -9.751833e-02 1.705935e-02 6.512116e-01 8.536033e-02
2.557020e-02 9.385216e-01 1.178393e-01 3.118206e-01 4.534597e-02 -5.100044e-01 5.970007e-02 1.864253e-01 2.352993e-02 -1.254252e-01 2.655961e-02 6.709836e-01 5.090713e-02
2.818534e-02 7.746474e-01 8.245519e-02 2.494905e-01 2.935909e-02 -4.053331e-01 8.614856e-02 1.713901e-01 1.228592e-02 -9.450890e-02 3.427854e-02 6.743799e-01 8.723810e-02
3.138161e-02 8.066865e-01 1.129214e-01 2.624687e-01 3.951702e-02 -2.865651e-01 3.341273e-02 2.045220e-01 2.026351e-02 -3.408192e-02 2.908214e-02 6.757910e-01 2.830649e-02
3.515903e-02 8.752306e-01 1.200095e-01 2.126526e-01 5.655252e-02 -3.077656e-01 5.085827e-02 1.868908e-01 1.807118e-02 -5.583059e-02 2.401506e-02 6.820511e-01 7.239009e-02
2.469849e-02 9.004461e-01 1.096243e-01 2.935952e-01 5.907001e-02 -5.132421e-01 9.377606e-02 1.852875e-01 3.030719e-02 -8.795349e-02 5.289309e-02 8.311928e-01 8.223665e-02
2.498906e-02 7.211718e-01 4.077414e-02 2.523472e-01 3.421373e-02 -4.055456e-01 1.001776e-02 1.619392e-01 2.030699e-02 -8.762332e-02 2.864074e-02 6.691346e-01 2.472757e-02
2.586077e-02 8.859918e-01 8.404074e-02 3.021414e-01 3.838722e-02 -4.438507e-01 7.581296e-02 1.894135e-01 1.721735e-02 -9.633002e-02 3.376256e-02 6.979519e-01 9.197556e-02
2.731362e-02 8.466216e-01 1.369054e-01 3.050817e-01 4.287078e-02 -3.762259e-01 7.232703e-02 2.096250e-01 1.582430e-02 -1.086719e-01 2.697110e-02 6.202765e-01 2.302799e-02
2.934762e-02 9.744715e-01 9.857293e-02 2.963666e-01 1.440287e-02 -5.498261e-01 9.899131e-02 1.797184e-01 9.505949e-03 -1.372644e-01 2.714405e-02 8.669158e-01 1.040787e-01
3.196275e-02 1.130473e+00 1.963134e-01 3.141841e-01 5.735274e-02 -5.571228e-01 9.928396e-02 1.785097e-01 2.083738e-02 -1.092679e-01 3.023297e-02 9.693287e-01 9.303211e-02
3.515903e-02 6.548385e-01 1.048225e-01 1.873706e-01 5.212849e-02 -2.503654e-01 2.551748e-02 1.722471e-01 1.869738e-02 -5.638997e-02 1.522167e-02 7.391682e-01 6.269675e-02
3.893644e-02 6.668719e-01 8.930259e-02 1.642623e-01 3.669015e-02 -2.608343e-01 5.243945e-02 2.194294e-01 2.858598e-02 -1.111435e-01 1.797387e-02 8.477980e-01 6.379481e-02
1.423795e-02 6.131520e-01 1.030447e-01 2.507496e-01 4.681177e-02 -4.338005e-01 7.995035e-02 1.568486e-01 2.527524e-02 -1.037861e-01 3.378680e-02 6.046088e-01 8.335824e-02
1.452852e-02 6.176887e-01 1.554052e-01 2.564104e-01 3.422350e-02 -4.467043e-01 1.755999e-01 1.633560e-01 1.310841e-02 -1.145596e-01 5.664622e-02 6.123391e-01 1.578457e-01
1.540023e-02 4.399181e-01 5.255753e-02 2.064636e-01 3.066500e-02 -2.298305e-01 6.010498e-02 1.492671e-01 2.081648e-02 -3.739583e-02 2.242228e-02 4.374491e-01 4.366059e-02
1.685309e-02 8.547699e-01 2.576344e-01 3.257518e-01 9.305797e-02 -5.422081e-01 1.826777e-01 1.939376e-01 3.055186e-02 -1.153303e-01 6.864221e-02 7.144007e-01 1.280795e-01
1.888708e-02 4.610842e-01 8.105399e-02 1.913603e-01 4.292247e-02 -2.598305e-01 3.365329e-02 1.512198e-01 2.145600e-02 -5.220946e-02 2.886687e-02 4.809546e-01 9.245643e-03
2.150221e-02 1.205938e+00 2.550436e-01 4.304453e-01 9.679440e-02 -6.863334e-01 1.527160e-01 2.271672e-01 3.662306e-02 -1.947993e-01 6.624269e-02 7.691016e-01 9.205748e-02
2.469849e-02 1.022395e+00 1.006972e-01 3.520248e-01 4.639752e-02 -5.565610e-01 5.497911e-02 1.980088e-01 2.074285e-02 -1.508639e-01 2.785400e-02 6.708628e-01 2.329750e-02
2.847591e-02 1.091286e+00 1.175932e-01 3.680484e-01 3.345195e-02 -4.534792e-01 8.096535e-02 2.075217e-01 1.244964e-02 -1.326270e-01 2.107698e-02 7.300392e-01 7.896272e-02
1.452852e-02 4.940024e-01 7.471126e-02 2.016127e-01 4.874209e-02 -3.123747e-01 3.306633e-02 1.380149e-01 3.254507e-02 -5.370531e-02 1.950336e-02 4.945552e-01 3.088211e-02
1.481909e-02 4.831956e-01 4.971295e-02 1.962491e-01 1.741054e-02 -3.135170e-01 6.227109e-02 1.441854e-01 1.383360e-02 -4.774916e-02 2.215295e-02 5.392594e-01 8.642109e-02
1.569081e-02 6.331549e-01 1.254280e-01 2.689305e-01 4.931039e-02 -3.439328e-01 1.182016e-01 1.672567e-01 2.159061e-02 -9.637118e-02 4.556679e-02 4.872957e-01 9.425589e-02
1.714366e-02 5.905910e-01 3.157771e-02 2.562953e-01 2.771659e-02 -3.343817e-01 5.145184e-02 1.756782e-01 2.123818e-02 -6.968298e-02 1.076385e-02 5.356207e-01 8.261986e-02
1.917765e-02 5.708765e-01 8.170910e-02 2.325125e-01 3.824023e-02 -2.929127e-01 6.483267e-02 1.749252e-01 2.371940e-02 -5.044166e-02 2.848912e-02 5.205404e-01 6.633007e-02
2.179279e-02 8.349612e-01 1.749969e-01 3.229806e-01 8.869793e-02 -5.421641e-01 1.172189e-01 1.943054e-01 4.576539e-02 -1.396461e-01 5.456954e-02 7.781598e-01 1.038079e-01
2.498906e-02 6.279696e-01 1.341995e-01 2.232452e-01 5.943977e-02 -3.077822e-01 8.741292e-02 1.579968e-01 2.621206e-02 -6.791939e-02 3.545802e-02 5.735071e-01 4.959747e-02
2.876648e-02 8.128853e-01 9.030381e-02 2.641826e-01 3.640742e-02 -4.215081e-01 3.714328e-02 1.867274e-01 1.299191e-02 -1.255550e-01 2.487445e-02 8.201821e-01 2.853090e-02
1.540023e-02 7.099584e-01 6.212079e-02 3.057660e-01 1.797955e-02 -4.212601e-01 6.345179e-02 1.873130e-01 1.061018e-02 -1.227162e-01 1.751299e-02 5.343948e-01 6.468159e-02
1.569081e-02 6.252537e-01 8.264897e-02 2.399890e-01 2.998185e-02 -3.895717e-01 8.221465e-02 1.503520e-01 1.025168e-02 -7.302199e-02 3.178612e-02 6.166219e-01 8.513078e-02
1.656252e-02 5.272373e-01 9.898623e-02 1.969880e-01 5.033277e-02 -3.473428e-01 5.338867e-02 1.303793e-01 2.223484e-02 -6.986676e-02 2.512710e-02 5.352129e-01 6.664801e-02
1.801537e-02 7.762524e-01 1.306795e-01 2.930222e-01 5.078338e-02 -5.145120e-01 9.853200e-02 1.717035e-01 2.255456e-02 -1.449596e-01 4.239148e-02 6.771769e-01 6.330937e-02
2.004936e-02 6.761622e-01 1.507696e-01 2.256387e-01 5.213886e-02 -4.663094e-01 1.134276e-01 1.402534e-01 2.353610e-02 -1.038189e-01 3.827631e-02 6.250618e-01 6.642502e-02
2.266450e-02 8.541881e-01 1.394494e-01 3.295849e-01 6.951021e-02 -4.597654e-01 4.798207e-02 1.935984e-01 3.156633e-02 -1.114791e-01 2.198594e-02 6.890649e-01 4.594298e-02
2.586077e-02 7.273133e-01 7.708901e-02 2.282370e-01 2.713343e-02 -5.008036e-01 5.572903e-02 1.504380e-01 1.497933e-02 -8.879027e-02 2.288109e-02 8.594429e-01 8.399596e-02
2.963819e-02 1.117444e+00 6.237738e-02 3.395019e-01 2.954078e-02 -6.192870e-01 8.334967e-02 1.983782e-01 1.848849e-02 -1.622664e-01 1.118333e-02 8.274259e-01 1.275410e-01
1.685309e-02 7.444021e-01 1.269988e-01 2.946196e-01 5.430711e-02 -4.715029e-01 7.886744e-02 1.756403e-01 2.098558e-02 -1.239447e-01 3.704829e-02 6.450851e-01 4.429308e-02
1.714366e-02 7.040229e-01 1.708064e-01 2.719289e-01 7.395717e-02 -4.178245e-01 8.767194e-02 1.639014e-01 3.142870e-02 -9.688136e-02 3.961232e-02 5.924323e-01 3.970897e-02
1.801537e-02 5.678972e-01 5.903931e-02 2.123356e-01 2.415989e-02 -3.338312e-01 3.256029e-02 1.326933e-01 1.727172e-02 -7.176297e-02 9.766916e-03 5.251331e-01 4.703946e-02
1.946822e-02 6.738655e-01 1.036109e-01 2.555689e-01 3.596600e-02 -4.087915e-01 8.441088e-02 1.616667e-01 1.411941e-02 -9.506363e-02 3.599904e-02 6.098693e-01 5.023712e-02
2.150221e-02 6.826224e-01 7.769124e-02 2.680488e-01 3.413547e-02 -3.157040e-01 5.354139e-02 1.749741e-01 1.889387e-02 -7.885423e-02 1.227876e-02 5.124682e-01 9.063784e-02
2.411735e-02 1.007841e+00 2.911233e-01 3.550129e-01 9.941476e-02 -6.143780e-01 1.991357e-01 1.987714e-01 3.434352e-02 -1.612778e-01 6.935178e-02 8.218074e-01 1.473624e-01
2.731362e-02 9.610759e-01 2.001156e-01 3.440055e-01 8.044563e-02 -5.987945e-01 1.020185e-01 2.078624e-01 3.144321e-02 -1.793267e-01 4.941968e-02 8.488929e-01 1.157094e-01
3.109104e-02 7.067249e-01 1.173264e-01 1.853120e-01 4.107676e-02 -3.417373e-01 6.599405e-02 1.600788e-01 1.829939e-02 -8.064980e-02 1.867679e-02 8.083383e-01 9.463032e-02
1.888708e-02 7.735480e-01 1.865661e-01 2.908985e-01 6.380997e-02 -4.816704e-01 1.470091e-01 1.642446e-01 2.046718e-02 -1.335127e-01 5.833253e-02 6.170720e-01 9.049889e-02
1.917765e-02 5.894943e-01 8.124306e-02 2.048952e-01 3.337615e-02 -3.422050e-01 1.338381e-02 1.461055e-01 1.646286e-02 -3.969977e-02 9.469649e-03 5.978104e-01 3.591963e-02
2.004936e-02 5.919258e-01 9.875908e-02 2.430982e-01 4.046494e-02 -3.426753e-01 6.474237e-02 1.724255e-01 2.561048e-02 -7.679709e-02 2.758332e-02 5.643696e-01 5.831782e-02
2.150221e-02 1.147643e+00 5.240928e-01 4.460259e-01 1.746838e-01 -5.666592e-01 3.080163e-01 2.358700e-01 5.543945e-02 -1.835563e-01 1.081709e-01 6.172479e-01 1.489242e-01
2.353621e-02 6.996744e-01 7.273885e-02 2.488474e-01 3.699440e-02 -3.791897e-01 5.685779e-02 1.710412e-01 1.628870e-02 -9.677577e-02 2.667016e-02 6.567872e-01 8.850083e-02
2.615134e-02 6.255485e-01 9.453674e-02 1.815271e-01 2.604281e-02 -3.722464e-01 8.216807e-02 1.342520e-01 9.196374e-03 -6.753905e-02 1.451495e-02 6.101152e-01 9.159617e-02
2.934762e-02 9.525563e-01 1.646198e-01 3.164918e-01 6.473973e-02 -4.856940e-01 9.783643e-02 1.966478e-01 2.388945e-02 -1.246509e-01 4.587019e-02 7.465556e-01 4.776062e-02
3.312503e-02 1.073291e+00 1.664125e-01 2.961662e-01 5.593036e-02 -4.769199e-01 1.276429e-01 2.004368e-01 2.272723e-02 -1.320533e-01 3.813410e-02 9.347046e-01 1.268231e-01
2.150221e-02 8.785415e-01 1.717783e-01 3.317091e-01 6.343952e-02 -4.556264e-01 8.869870e-02 1.824217e-01 2.630527e-02 -1.350314e-01 3.468133e-02 6.103561e-01 5.881934e-02
2.179279e-02 6.775390e-01 1.269233e-01 2.366285e-01 4.240358e-02 -4.648609e-01 1.263533e-01 1.555735e-01 1.443210e-02 -1.072042e-01 3.655405e-02 6.957311e-01 1.245887e-01
2.266450e-02 7.219260e-01 1.626678e-01 2.468130e-01 5.713844e-02 -3.764778e-01 1.424213e-01 1.710453e-01 1.948383e-02 -7.760322e-02 5.040329e-02 6.061369e-01 9.942775e-02
2.411735e-02 9.376719e-01 1.138989e-01 3.347105e-01 6.258310e-02 -4.663729e-01 7.259123e-02 1.988536e-01 3.757567e-02 -1.239484e-01 3.573890e-02 6.448238e-01 5.074216e-02
2.615134e-02 9.983743e-01 1.280289e-01 3.404400e-01 5.551067e-02 -5.503420e-01 1.500562e-01 1.953747e-01 2.962478e-02 -1.400094e-01 4.186832e-02 9.477085e-01 1.562551e-01
2.876648e-02 8.826860e-01 8.391938e-02 3.141507e-01 4.350597e-02 -4.307456e-01 5.418037e-02 2.134337e-01 1.867862e-02 -1.232399e-01 3.173244e-02 6.703706e-01 3.561772e-02
3.196275e-02 9.990335e-01 1.751759e-01 3.193091e-01 7.546333e-02 -3.853059e-01 6.824509e-02 1.979185e-01 2.750333e-02 -1.226585e-01 3.966830e-02 7.235930e-01 7.049553e-02
3.574017e-02 9.679682e-01 2.195259e-01 2.647044e-01 6.563249e-02 -5.045712e-01 1.525285e-01 1.957149e-01 2.860941e-02 -1.630501e-01 4.623524e-02 8.837069e-01 8.478020e-02
2.469849e-02 1.442950e+00 2.758423e-01 4.869389e-01 6.964108e-02 -8.376646e-01 2.282699e-01 2.506938e-01 2.036054e-02 -2.409527e-01 6.952030e-02 9.129060e-01 1.792870e-01
2.498906e-02 8.440860e-01 1.089674e-01 3.004810e-01 3.772821e-02 -4.826060e-01 6.736603e-02 1.844347e-01 1.253439e-02 -1.208891e-01 2.505903e-02 7.233242e-01 7.134246e-02
2.586077e-02 6.765777e-01 8.806681e-02 2.454354e-01 2.007283e-02 -3.476522e-01 5.775654e-02 1.729946e-01 1.016202e-02 -1.023221e-01 2.386100e-02 6.844936e-01 6.517077e-02
2.731362e-02 9.222637e-01 1.016339e-01 3.149617e-01 3.814226e-02 -5.411353e-01 5.012421e-02 1.941246e-01 1.855972e-02 -1.476995e-01 2.084361e-02 9.255860e-01 9.655087e-02
2.934762e-02 9.068457e-01 1.494113e-01 2.961095e-01 6.517921e-02 -5.201673e-01 9.761987e-02 2.192881e-01 1.660897e-02 -1.396038e-01 5.445023e-02 8.265972e-01 4.345890e-02
3.196275e-02 9.152971e-01 1.425990e-01 2.856611e-01 4.262618e-02 -3.684157e-01 6.232199e-02 1.917232e-01 1.248868e-02 -9.626494e-02 1.871592e-02 7.256980e-01 7.105831e-02
3.515903e-02 1.334900e+00 2.602881e-01 3.401551e-01 5.468544e-02 -5.610873e-01 1.968946e-01 2.290750e-01 2.679518e-02 -1.461369e-01 6.174495e-02 8.014911e-01 9.469251e-02
3.893644e-02 7.720929e-01 8.504260e-02 2.301104e-01 2.613315e-02 -3.244816e-01 1.004360e-01 2.100234e-01 1.748523e-02 -1.242145e-01 3.002259e-02 7.823618e-01 7.836493e-02
2.847591e-02 8.847956e-01 5.371283e-02 2.936809e-01 3.487265e-02 -3.606339e-01 7.724486e-02 1.906387e-01 2.344173e-02 -8.504052e-02 4.155935e-02 7.599467e-01 1.174978e-01
2.876648e-02 9.870653e-01 9.896784e-02 3.176742e-01 3.695789e-02 -4.101901e-01 4.449109e-02 1.857115e-01 1.875463e-02 -8.700483e-02 2.556007e-02 7.144070e-01 7.740634e-02
2.963819e-02 9.758910e-01 9.961786e-02 3.045971e-01 2.907217e-02 -5.186129e-01 1.029443e-01 1.909021e-01 1.028029e-02 -1.085976e-01 2.563176e-02 8.069143e-01 1.166429e-01
3.109104e-02 8.952303e-01 1.370525e-01 2.695447e-01 4.158383e-02 -3.857143e-01 9.127075e-02 1.842259e-01 8.234571e-03 -7.323950e-02 3.371290e-02 7.704788e-01 3.773979e-02
3.312503e-02 8.029806e-01 8.339438e-02 2.336701e-01 2.942278e-02 -3.378502e-01 8.781014e-02 1.840001e-01 6.001213e-03 -7.973244e-02 2.837881e-02 8.223465e-01 1.321886e-01
3.574017e-02 9.279351e-01 9.835633e-02 2.738438e-01 2.339324e-02 -2.913524e-01 7.902665e-02 2.179705e-01 1.998504e-02 -7.075319e-02 2.792041e-02 7.631644e-01 8.455329e-02
3.893644e-02 6.953560e-01 1.009649e-01 2.271829e-01 3.891896e-02 -2.436271e-01 2.327327e-02 2.207111e-01 1.044070e-02 -1.242731e-01 3.147481e-02 8.350458e-01 4.420301e-02
4.271386e-02 6.417965e-01 1.136626e-01 1.335375e-01 2.701807e-02 -1.392167e-01 4.293366e-02 2.098341e-01 1.047376e-02 -9.787654e-02 4.939654e-02 7.559086e-01 3.878684e-02
