# k^2  MgMg MgMg_error  MgCl MgCl_error  MgNa MgNa_error  ClCl ClCl_error  ClNa ClNa_error  NaNa NaNa_error
0.000000e+00 1.216000e+03 0.000000e+00 2.151866e+03 0.000000e+00 1.293529e+03 0.000000e+00 3.808000e+03 0.000000e+00 2.289063e+03 0.000000e+00 1.376000e+03 0.000000e+00
2.912551e-04 1.592315e-01 3.010979e-02 8.776104e-02 1.160510e-02 -1.518582e-01 3.857322e-02 1.022773e-01 3.892251e-03 6.557237e-03 1.817301e-02 2.986630e-01 4.663607e-02
1.165020e-03 1.217059e-01 1.991559e-02 7.282199e-02 3.655358e-03 -1.002724e-01 3.129814e-02 8.944363e-02 3.731364e-03 1.559252e-02 1.124002e-02 2.186601e-01 3.812217e-02
2.621296e-03 1.697104e-01 2.303255e-02 1.005811e-01 6.321124e-03 -1.287259e-01 3.147566e-02 1.075976e-01 3.505785e-03 3.665604e-03 1.303285e-02 2.551362e-01 3.887034e-02
4.660081e-03 2.250084e-01 2.499513e-02 1.087284e-01 1.092394e-02 -1.876525e-01 2.532601e-02 1.004755e-01 5.605452e-03 -1.334204e-02 1.469367e-02 3.270747e-01 2.102804e-02
7.281376e-03 2.141291e-01 1.702718e-02 1.088801e-01 1.093039e-02 -1.352225e-01 1.118122e-02 1.059724e-01 6.524983e-03 7.578548e-03 1.080390e-02 2.803548e-01 1.442857e-02
1.048518e-02 4.301120e-01 2.415600e-02 1.893537e-01 1.183717e-02 -2.904178e-01 2.682715e-02 1.399016e-01 5.168637e-03 -4.978053e-02 1.586077e-02 4.345373e-01 3.327201e-02
1.427150e-02 5.362681e-01 3.967911e-02 2.207396e-01 2.260809e-02 -3.336991e-01 2.885386e-02 1.465409e-01 1.061927e-02 -7.550437e-02 1.641619e-02 4.466400e-01 3.140281e-02
2.912551e-04 1.125422e-01 1.498164e-02 6.678685e-02 6.080253e-03 -9.946219e-02 2.283613e-02 8.767406e-02 8.495378e-03 2.123169e-02 8.850448e-03 2.246986e-01 4.843179e-02
5.825101e-04 1.370709e-01 2.951653e-02 8.071647e-02 5.487293e-03 -1.196581e-01 4.814241e-02 9.871129e-02 3.791982e-03 1.451784e-02 1.077146e-02 2.506440e-01 7.275875e-02
1.456275e-03 1.349095e-01 1.529815e-02 7.976575e-02 1.022019e-02 -1.085613e-01 2.038386e-02 1.001522e-01 9.867114e-03 2.324710e-02 9.559135e-03 2.452503e-01 2.272252e-02
2.912551e-03 2.001802e-01 1.265178e-02 1.078493e-01 6.328173e-03 -1.671218e-01 1.500382e-02 1.057161e-01 2.823750e-03 -9.954466e-03 7.594874e-03 3.025069e-01 1.900877e-02
4.951336e-03 2.202822e-01 1.358202e-02 1.164492e-01 8.845752e-03 -1.629461e-01 1.487554e-02 1.109258e-01 8.000783e-03 -8.255198e-03 1.033478e-02 2.922239e-01 1.050522e-02
7.572631e-03 2.809088e-01 3.812852e-02 1.248131e-01 1.337204e-02 -2.275075e-01 3.785569e-02 1.057872e-01 5.623954e-03 -2.900586e-02 1.350534e-02 3.677120e-01 3.971750e-02
1.077644e-02 3.834612e-01 3.666174e-02 1.548837e-01 1.108991e-02 -2.782410e-01 3.740725e-02 1.188564e-01 3.736595e-03 -3.687250e-02 1.439438e-02 4.326571e-01 2.471233e-02
1.456275e-02 4.982818e-01 4.533068e-02 1.939369e-01 1.467342e-02 -3.246068e-01 4.204664e-02 1.366422e-01 2.728863e-03 -5.500161e-02 1.975633e-02 4.694013e-01 3.359455e-02
1.165020e-03 1.659822e-01 2.069971e-02 8.243555e-02 4.375628e-03 -1.658018e-01 4.040844e-02 1.021142e-01 8.345935e-03 1.911537e-02 1.277161e-02 3.451129e-01 5.755054e-02
1.456275e-03 1.803162e-01 3.836007e-02 9.830776e-02 1.484697e-02 -1.646224e-01 4.544964e-02 1.058393e-01 4.519881e-03 -2.566852e-03 1.984814e-02 3.083785e-01 5.417184e-02
2.330040e-03 1.648454e-01 8.944443e-03 8.907024e-02 1.020153e-02 -1.379606e-01 1.535508e-02 1.010328e-01 7.980791e-03 1.286014e-02 9.957014e-03 2.807515e-01 3.389860e-02
3.786316e-03 2.029722e-01 2.372629e-02 1.001105e-01 1.268517e-02 -1.824421e-01 2.116127e-02 9.857760e-02 6.304674e-03 -1.151140e-02 1.023569e-02 3.271892e-01 3.362707e-02
5.825101e-03 2.533479e-01 1.885661e-02 1.287929e-01 7.091773e-03 -1.888619e-01 3.041662e-02 1.162075e-01 7.029822e-03 -1.452936e-02 7.653080e-03 3.384514e-01 4.245578e-02
8.446397e-03 2.954023e-01 3.179522e-02 1.484041e-01 4.961523e-03 -1.801527e-01 3.850353e-02 1.269202e-01 4.672461e-03 -1.607996e-02 1.329368e-02 3.122590e-01 3.593180e-02
1.165020e-02 3.883026e-01 6.284659e-02 1.655514e-01 2.181979e-02 -2.539287e-01 6.269644e-02 1.234193e-01 8.214766e-03 -3.679320e-02 2.203221e-02 4.040763e-01 6.049817e-02
1.543652e-02 5.711705e-01 7.234270e-02 2.317844e-01 2.688543e-02 -3.318395e-01 5.015901e-02 1.551169e-01 9.622623e-03 -6.685359e-02 1.624019e-02 4.655194e-01 3.752748e-02
2.621296e-03 1.688631e-01 1.019585e-02 8.689769e-02 7.060740e-03 -1.472368e-01 8.023324e-03 9.287555e-02 5.786802e-03 4.014488e-03 6.811288e-03 2.841244e-01 1.458241e-02
2.912551e-03 1.476301e-01 6.932235e-03 9.466802e-02 2.984323e-03 -9.360528e-02 1.374430e-02 1.058823e-01 4.427897e-03 1.278379e-02 4.344864e-03 2.042794e-01 2.002912e-02
3.786316e-03 1.539957e-01 1.766777e-02 9.317552e-02 9.710088e-03 -9.946687e-02 1.618753e-02 1.015536e-01 7.853664e-03 1.217424e-02 8.155693e-03 2.155497e-01 2.081438e-02
5.242591e-03 2.461270e-01 2.978260e-02 1.291829e-01 1.269561e-02 -1.850198e-01 3.014083e-02 1.144916e-01 6.974558e-03 -2.467117e-02 1.071056e-02 3.062982e-01 3.313226e-02
7.281376e-03 2.424452e-01 1.147540e-02 1.219853e-01 9.168692e-03 -1.754902e-01 1.448872e-02 1.169498e-01 7.637571e-03 -4.965878e-04 7.244813e-03 3.450321e-01 1.751061e-02
9.902672e-03 3.946746e-01 3.646941e-02 1.793561e-01 2.089179e-02 -2.707471e-01 2.220275e-02 1.354498e-01 1.289967e-02 -4.626492e-02 1.257142e-02 4.030901e-01 2.980824e-02
1.310648e-02 5.237506e-01 3.373108e-02 2.205841e-01 1.377474e-02 -3.376207e-01 2.624237e-02 1.445967e-01 8.030067e-03 -8.023095e-02 5.618535e-03 4.611187e-01 2.461179e-02
1.689279e-02 5.927197e-01 3.598777e-02 2.201435e-01 1.590018e-02 -3.574392e-01 1.664100e-02 1.410969e-01 7.168255e-03 -6.950387e-02 1.035028e-02 5.257046e-01 1.423781e-02
4.660081e-03 2.262187e-01 3.226596e-02 1.195873e-01 1.679688e-02 -1.678395e-01 2.611993e-02 1.162680e-01 8.800609e-03 -4.448056e-03 1.696497e-02 3.037157e-01 1.571764e-02
4.951336e-03 2.181164e-01 1.036366e-02 1.226889e-01 7.598841e-03 -1.476878e-01 8.995474e-03 1.181476e-01 4.922384e-03 -7.969443e-03 3.711005e-03 2.619196e-01 1.436010e-02
5.825101e-03 1.815019e-01 1.956695e-02 9.560656e-02 9.113757e-03 -1.308542e-01 1.899847e-02 1.011636e-01 5.584351e-03 1.030151e-02 1.137981e-02 2.759973e-01 2.620658e-02
7.281376e-03 2.890468e-01 1.907438e-02 1.419648e-01 3.211771e-03 -2.016188e-01 2.490497e-02 1.234190e-01 3.295873e-03 -1.765904e-02 6.169032e-03 3.370293e-01 2.949352e-02
9.320162e-03 3.977522e-01 3.158596e-02 1.859874e-01 1.492308e-02 -2.522804e-01 2.040726e-02 1.384573e-01 8.328327e-03 -4.603514e-02 1.019699e-02 3.581089e-01 1.790063e-02
1.194146e-02 3.915132e-01 2.465615e-02 1.652996e-01 1.011605e-02 -2.548719e-01 1.742229e-02 1.268902e-01 6.327473e-03 -3.301169e-02 6.046577e-03 4.058850e-01 2.080774e-02
1.514526e-02 5.947650e-01 2.273934e-02 2.354145e-01 1.138677e-02 -3.589685e-01 2.468664e-02 1.527844e-01 6.098145e-03 -7.067417e-02 4.017181e-03 4.970752e-01 2.548180e-02
1.893158e-02 6.990233e-01 5.188895e-02 2.530125e-01 2.119688e-02 -4.082534e-01 2.490713e-02 1.550392e-01 9.460517e-03 -9.144269e-02 1.242498e-02 5.400386e-01 9.806792e-03
7.281376e-03 2.525187e-01 1.370148e-02 1.215932e-01 7.306975e-03 -1.800498e-01 1.630200e-02 1.085833e-01 7.059923e-03 -1.064311e-02 4.871059e-03 3.237543e-01 2.136190e-02
7.572631e-03 2.726098e-01 3.399388e-02 1.269172e-01 1.104009e-02 -1.997291e-01 3.552959e-02 1.104363e-01 5.622644e-03 -1.559908e-02 1.217232e-02 3.430910e-01 3.615147e-02
8.446397e-03 3.156309e-01 2.268595e-02 1.372848e-01 6.601117e-03 -2.498264e-01 3.458753e-02 1.061151e-01 5.384986e-03 -4.317852e-02 9.548405e-03 3.821479e-01 4.185296e-02
9.902672e-03 3.847728e-01 4.682162e-02 1.764816e-01 2.014493e-02 -2.582631e-01 4.150932e-02 1.347940e-01 6.940919e-03 -4.407497e-02 2.207163e-02 3.955914e-01 3.064703e-02
1.194146e-02 4.519491e-01 4.357815e-02 1.955736e-01 1.882604e-02 -2.926190e-01 3.331629e-02 1.383438e-01 8.293653e-03 -5.592542e-02 1.230061e-02 4.282616e-01 3.767885e-02
1.456275e-02 5.199275e-01 3.782099e-02 2.113026e-01 1.105736e-02 -3.060491e-01 4.040620e-02 1.442256e-01 4.995285e-03 -5.546299e-02 1.140126e-02 4.633460e-01 4.943879e-02
1.776656e-02 7.082134e-01 8.022532e-02 2.762854e-01 3.654240e-02 -4.364174e-01 4.391711e-02 1.725379e-01 1.729083e-02 -1.031096e-01 2.260893e-02 5.847732e-01 2.140730e-02
2.155287e-02 7.663529e-01 9.484435e-02 2.704446e-01 3.725796e-02 -4.252568e-01 3.936589e-02 1.680160e-01 1.518462e-02 -9.646278e-02 1.744487e-02 5.873572e-01 2.632738e-02
1.048518e-02 3.993743e-01 3.171288e-02 1.747688e-01 1.592155e-02 -2.858743e-01 3.873033e-02 1.327143e-01 1.087552e-02 -4.657784e-02 8.850833e-03 4.386493e-01 4.911727e-02
1.077644e-02 3.471108e-01 2.588213e-02 1.585454e-01 1.169780e-02 -2.111931e-01 2.117356e-02 1.272431e-01 7.537474e-03 -2.579659e-02 8.260913e-03 3.297852e-01 1.468079e-02
1.165020e-02 4.582009e-01 4.086869e-02 2.058319e-01 1.637721e-02 -2.963417e-01 4.292993e-02 1.448267e-01 7.246770e-03 -6.632780e-02 1.485557e-02 4.249367e-01 4.844032e-02
1.310648e-02 5.768069e-01 6.684554e-02 2.444650e-01 2.863322e-02 -3.572271e-01 5.724201e-02 1.633505e-01 1.693646e-02 -7.152406e-02 1.998908e-02 4.969406e-01 5.207956e-02
1.514526e-02 5.055081e-01 5.854461e-02 1.951018e-01 1.929718e-02 -3.091195e-01 5.074711e-02 1.346380e-01 9.139149e-03 -4.794772e-02 1.705636e-02 4.740169e-01 4.200379e-02
1.776656e-02 6.110749e-01 3.650277e-02 2.324509e-01 1.542929e-02 -3.495691e-01 2.652746e-02 1.582333e-01 1.036048e-02 -6.609687e-02 1.207521e-02 4.939025e-01 1.972017e-02
2.097036e-02 8.110677e-01 7.964336e-02 2.837105e-01 3.235583e-02 -4.377082e-01 5.511711e-02 1.713527e-01 1.317523e-02 -9.826767e-02 1.897494e-02 5.824991e-01 4.236316e-02
2.475668e-02 7.932071e-01 5.571354e-02 2.501348e-01 1.862141e-02 -4.518130e-01 3.460584e-02 1.534391e-01 7.503124e-03 -1.012116e-01 1.291521e-02 6.536652e-01 2.285689e-02
1.427150e-02 4.076209e-01 2.415423e-02 1.660572e-01 1.233566e-02 -2.366348e-01 1.127894e-02 1.208671e-01 9.525145e-03 -3.603050e-02 7.169292e-03 3.936858e-01 2.184194e-02
1.456275e-02 5.894710e-01 4.797119e-02 2.441569e-01 1.896997e-02 -3.585921e-01 2.948715e-02 1.613472e-01 8.425305e-03 -8.286240e-02 1.208322e-02 4.928871e-01 2.883673e-02
1.543652e-02 5.364959e-01 3.503061e-02 2.168455e-01 1.341927e-02 -3.190418e-01 3.203409e-02 1.508959e-01 5.840463e-03 -6.186660e-02 1.312340e-02 4.505930e-01 2.686098e-02
1.689279e-02 5.261005e-01 4.177573e-02 1.982432e-01 1.735693e-02 -3.179980e-01 3.608476e-02 1.309294e-01 8.834678e-03 -5.951214e-02 1.738052e-02 4.606324e-01 2.995549e-02
1.893158e-02 6.389672e-01 8.531623e-02 2.226014e-01 2.763486e-02 -3.779149e-01 7.043584e-02 1.409114e-01 9.246507e-03 -8.116602e-02 2.180854e-02 5.205014e-01 6.846922e-02
2.155287e-02 9.144053e-01 6.905540e-02 3.053258e-01 2.170016e-02 -5.773503e-01 5.698877e-02 1.746788e-01 9.593224e-03 -1.407382e-01 1.448533e-02 7.105440e-01 4.531776e-02
2.475668e-02 9.737491e-01 7.326397e-02 3.315987e-01 2.878787e-02 -5.226118e-01 5.202461e-02 1.909573e-01 1.163439e-02 -1.361901e-01 1.913171e-02 6.710614e-01 3.759660e-02
2.854300e-02 9.486561e-01 1.027367e-01 2.787249e-01 3.031863e-02 -4.436487e-01 7.156612e-02 1.686989e-01 1.062372e-02 -9.393790e-02 2.678055e-02 6.804304e-01 4.968039e-02
2.912551e-04 1.187852e-01 2.559948e-02 6.758499e-02 1.039927e-02 -1.089195e-01 3.222184e-02 8.894645e-02 5.246894e-03 2.246874e-02 1.210010e-02 2.438113e-01 4.318624e-02
5.825101e-04 1.752125e-01 3.950514e-02 8.409713e-02 7.521604e-03 -1.835045e-01 6.414508e-02 9.381766e-02 4.976761e-03 1.235826e-03 1.687849e-02 3.468806e-01 9.440279e-02
1.456275e-03 1.580236e-01 2.184018e-02 9.642410e-02 1.032718e-02 -1.228110e-01 2.321566e-02 1.093372e-01 5.105884e-03 8.100855e-03 1.209776e-02 2.448216e-01 2.442541e-02
2.912551e-03 1.466594e-01 1.714509e-02 8.078144e-02 8.589471e-03 -1.187590e-01 1.849231e-02 9.399927e-02 2.986742e-03 1.339376e-02 1.181009e-02 2.470948e-01 1.842484e-02
4.951336e-03 2.307105e-01 3.134902e-02 1.364889e-01 1.657044e-02 -1.386063e-01 2.294229e-02 1.264633e-01 1.131189e-02 -1.168327e-02 9.763283e-03 2.378469e-01 2.010224e-02
7.572631e-03 2.882864e-01 3.282801e-02 1.380786e-01 1.613528e-02 -2.091384e-01 2.683958e-02 1.194086e-01 9.714725e-03 -1.777211e-02 1.211905e-02 3.594453e-01 2.828162e-02
1.077644e-02 4.245946e-01 1.874761e-02 1.900134e-01 6.687941e-03 -2.806352e-01 1.444655e-02 1.365365e-01 3.159218e-03 -5.960686e-02 6.116603e-03 3.811799e-01 1.005776e-02
1.456275e-02 4.706428e-01 1.645816e-02 1.975591e-01 6.210260e-03 -2.679871e-01 1.735320e-02 1.394454e-01 4.840969e-03 -5.319913e-02 7.319242e-03 3.864137e-01 1.573021e-02
5.825101e-04 1.963451e-01 2.971574e-02 9.170987e-02 8.450049e-03 -2.144983e-01 4.657877e-02 9.725304e-02 7.432979e-03 -9.056614e-03 7.253278e-03 3.922756e-01 7.719036e-02
8.737652e-04 1.147976e-01 1.903791e-02 6.871532e-02 6.048249e-03 -9.519020e-02 2.590290e-02 8.619443e-02 6.380438e-04 1.712660e-02 1.115866e-02 2.082737e-01 3.380782e-02
1.747530e-03 1.503877e-01 3.318154e-02 8.895368e-02 1.154083e-02 -1.179990e-01 4.576626e-02 1.015765e-01 6.740176e-03 1.227707e-02 1.260707e-02 2.459448e-01 6.579315e-02
3.203806e-03 1.841382e-01 1.975972e-02 1.048215e-01 9.688466e-03 -1.393622e-01 2.075475e-02 1.085511e-01 4.724782e-03 -1.154659e-03 1.041297e-02 2.603221e-01 2.356743e-02
5.242591e-03 2.212427e-01 1.835893e-02 1.219563e-01 1.111332e-02 -1.573848e-01 2.009405e-02 1.176036e-01 8.081609e-03 -4.928827e-03 1.063676e-02 3.023565e-01 1.860692e-02
7.863887e-03 2.912910e-01 2.183275e-02 1.450394e-01 9.354493e-03 -1.938144e-01 2.308441e-02 1.210048e-01 3.012528e-03 -2.741662e-02 1.411962e-02 3.098723e-01 1.614510e-02
1.106769e-02 4.070569e-01 2.354153e-02 1.806422e-01 1.480132e-02 -2.692251e-01 1.694825e-02 1.311995e-01 9.280556e-03 -4.764878e-02 9.242389e-03 4.068568e-01 1.752942e-02
1.485401e-02 5.038770e-01 2.356064e-02 2.031730e-01 7.699701e-03 -3.194999e-01 2.726065e-02 1.393511e-01 6.423848e-03 -7.174122e-02 1.286691e-02 4.495189e-01 2.497197e-02
1.456275e-03 1.293906e-01 7.474745e-03 8.079084e-02 4.415949e-03 -1.002282e-01 1.157878e-02 9.850490e-02 6.711409e-03 1.624711e-02 9.973503e-03 2.198871e-01 1.072559e-02
1.747530e-03 1.570187e-01 1.506060e-02 8.439171e-02 5.461844e-03 -1.390555e-01 2.482537e-02 9.501539e-02 4.932824e-03 6.705169e-03 5.553788e-03 2.714506e-01 3.514707e-02
2.621296e-03 2.376572e-01 3.138922e-02 1.206747e-01 9.013247e-03 -2.186765e-01 4.667229e-02 1.097670e-01 5.664543e-03 -3.344763e-02 1.545696e-02 3.501393e-01 6.405452e-02
4.077571e-03 2.067515e-01 2.311640e-02 1.047905e-01 1.020264e-02 -1.678932e-01 2.522181e-02 1.042947e-01 8.864638e-03 -1.399886e-03 6.140080e-03 3.113596e-01 3.299057e-02
6.116356e-03 1.896261e-01 2.080803e-02 9.808346e-02 1.161707e-02 -1.364331e-01 1.250864e-02 9.991435e-02 6.675948e-03 4.197759e-03 6.430108e-03 2.778734e-01 7.994992e-03
8.737652e-03 3.812733e-01 3.160246e-02 1.761453e-01 1.402323e-02 -2.734682e-01 3.414235e-02 1.308635e-01 8.173793e-03 -5.955524e-02 1.337992e-02 3.868172e-01 3.170598e-02
1.194146e-02 4.606435e-01 5.783697e-02 2.062725e-01 2.918731e-02 -2.787361e-01 3.444971e-02 1.444029e-01 1.226396e-02 -6.106206e-02 2.343431e-02 4.012519e-01 1.451011e-02
1.572777e-02 6.817415e-01 5.623517e-02 2.718402e-01 2.593131e-02 -4.058459e-01 4.467753e-02 1.688333e-01 1.312721e-02 -9.578777e-02 2.010646e-02 5.098699e-01 3.097459e-02
2.912551e-03 1.769953e-01 2.184945e-02 9.318684e-02 7.779567e-03 -1.508219e-01 2.807193e-02 9.986312e-02 4.566689e-03 2.871221e-03 1.485666e-02 2.901927e-01 3.227588e-02
3.203806e-03 1.853391e-01 1.695164e-02 1.011596e-01 9.504493e-03 -1.474954e-01 1.518030e-02 1.044838e-01 7.009423e-03 -1.422957e-03 7.381725e-03 2.747240e-01 1.540649e-02
4.077571e-03 1.662838e-01 1.757959e-02 1.013683e-01 1.103894e-02 -1.052560e-01 1.009187e-02 1.048187e-01 6.395160e-03 5.633926e-03 8.535202e-03 2.183082e-01 8.447697e-03
5.533846e-03 2.272369e-01 2.862687e-02 1.254952e-01 1.436366e-02 -1.489834e-01 1.898085e-02 1.180779e-01 6.439190e-03 -6.855929e-03 1.068377e-02 2.699219e-01 1.288482e-02
7.572631e-03 2.860374e-01 2.270467e-02 1.365861e-01 1.542160e-02 -1.970304e-01 1.402660e-02 1.141268e-01 9.750217e-03 -2.363007e-02 6.068010e-03 3.254087e-01 2.130175e-02
1.019393e-02 3.946463e-01 4.013447e-02 1.795026e-01 1.291472e-02 -2.613959e-01 3.916539e-02 1.324433e-01 6.635203e-03 -4.918552e-02 1.255741e-02 3.849232e-01 3.418604e-02
1.339773e-02 5.274983e-01 5.453263e-02 2.238092e-01 2.319969e-02 -3.327415e-01 3.550628e-02 1.542698e-01 1.007178e-02 -6.891282e-02 1.502618e-02 4.695110e-01 2.740491e-02
1.718405e-02 7.368797e-01 1.346809e-01 2.834065e-01 4.847525e-02 -4.244475e-01 8.271717e-02 1.706261e-01 1.865457e-02 -1.026054e-01 3.243565e-02 5.307737e-01 5.253207e-02
4.951336e-03 2.138582e-01 2.708540e-02 1.088568e-01 1.111924e-02 -1.658546e-01 2.846379e-02 1.094196e-01 6.308029e-03 2.032593e-03 7.589865e-03 3.195104e-01 3.608526e-02
5.242591e-03 2.299894e-01 1.301592e-02 1.225601e-01 6.940000e-03 -1.626112e-01 1.273812e-02 1.134470e-01 4.662450e-03 -9.568370e-03 2.314311e-03 2.911629e-01 2.003445e-02
6.116356e-03 1.973100e-01 6.983245e-03 9.889602e-02 7.778549e-03 -1.484696e-01 1.305825e-02 9.859615e-02 6.520436e-03 3.512313e-03 7.593648e-03 3.020880e-01 2.149961e-02
7.572631e-03 2.526118e-01 2.112303e-02 1.245234e-01 1.333811e-02 -1.832264e-01 2.875508e-02 1.106638e-01 9.949814e-03 -1.398312e-02 8.354641e-03 3.360466e-01 4.773389e-02
9.611417e-03 4.060290e-01 4.861945e-02 1.900478e-01 2.149885e-02 -2.721596e-01 4.223080e-02 1.393050e-01 9.063121e-03 -5.609110e-02 2.035339e-02 3.870211e-01 3.278050e-02
1.223271e-02 4.498929e-01 3.953911e-02 1.964165e-01 1.634210e-02 -2.890872e-01 2.779132e-02 1.381781e-01 6.196676e-03 -5.830367e-02 1.339043e-02 4.170747e-01 2.090925e-02
1.543652e-02 6.208391e-01 6.867565e-02 2.511132e-01 2.873151e-02 -3.516630e-01 3.910617e-02 1.606192e-01 1.167112e-02 -7.435053e-02 1.611945e-02 4.699656e-01 2.635395e-02
1.922283e-02 7.639692e-01 4.486321e-02 2.830119e-01 2.465537e-02 -4.285378e-01 2.089820e-02 1.722359e-01 1.059711e-02 -9.733474e-02 1.540214e-02 5.628851e-01 1.936294e-02
7.572631e-03 2.751428e-01 1.162905e-02 1.304477e-01 6.829517e-03 -1.987874e-01 1.215389e-02 1.107062e-01 4.536652e-03 -1.868224e-02 4.599567e-03 3.409943e-01 1.270475e-02
7.863887e-03 3.195457e-01 4.056703e-02 1.467219e-01 1.934001e-02 -2.393961e-01 3.095364e-02 1.172716e-01 9.067843e-03 -3.926380e-02 1.452250e-02 3.641676e-01 2.357135e-02
8.737652e-03 3.098809e-01 6.531117e-03 1.469615e-01 5.456449e-03 -2.126575e-01 1.293435e-02 1.188065e-01 7.672663e-03 -3.436604e-02 5.486508e-03 3.349323e-01 2.381264e-02
1.019393e-02 2.941078e-01 1.480292e-02 1.427899e-01 5.820592e-03 -1.777655e-01 1.640088e-02 1.254030e-01 3.790418e-03 -9.522186e-03 4.557621e-03 3.337039e-01 2.090124e-02
1.223271e-02 4.679981e-01 3.886487e-02 1.982423e-01 2.138679e-02 -3.110774e-01 2.134900e-02 1.424458e-01 1.156937e-02 -5.802386e-02 1.173855e-02 4.548139e-01 2.693197e-02
1.485401e-02 5.442217e-01 7.454610e-02 2.207372e-01 3.230808e-02 -3.381506e-01 4.744718e-02 1.495533e-01 1.329575e-02 -7.155857e-02 2.330329e-02 4.898238e-01 2.973325e-02
1.805781e-02 8.344888e-01 9.011897e-02 2.967915e-01 4.003086e-02 -5.166559e-01 5.628709e-02 1.706744e-01 2.009915e-02 -1.178559e-01 1.641213e-02 6.454311e-01 5.588464e-02
2.184413e-02 8.987446e-01 1.069856e-01 3.308423e-01 4.189900e-02 -4.538501e-01 5.309754e-02 1.991025e-01 1.627202e-02 -1.130525e-01 2.767787e-02 5.634684e-01 2.751655e-02
1.077644e-02 3.708316e-01 1.677874e-02 1.633335e-01 6.767696e-03 -2.483850e-01 1.718995e-02 1.274465e-01 3.415180e-03 -3.389931e-02 7.175152e-03 3.936527e-01 2.130949e-02
1.106769e-02 3.503086e-01 3.424990e-02 1.581076e-01 1.355208e-02 -2.197937e-01 3.462597e-02 1.199619e-01 6.443272e-03 -3.403807e-02 1.432491e-02 3.594562e-01 3.192798e-02
1.194146e-02 4.898895e-01 2.499747e-02 2.082923e-01 1.460515e-02 -3.211892e-01 3.003555e-02 1.479919e-01 1.038297e-02 -5.682819e-02 1.093679e-02 4.635163e-01 3.834156e-02
1.339773e-02 5.040617e-01 5.347486e-02 2.106447e-01 2.480025e-02 -3.396117e-01 4.953313e-02 1.437747e-01 1.339021e-02 -7.289848e-02 1.792984e-02 4.648340e-01 5.377426e-02
1.543652e-02 4.179305e-01 2.368951e-02 1.709079e-01 6.442927e-03 -2.180983e-01 2.434248e-02 1.265981e-01 5.862598e-03 -2.981780e-02 1.267079e-02 3.573985e-01 2.869308e-02
1.805781e-02 7.012041e-01 8.497311e-02 2.655373e-01 3.675443e-02 -4.233970e-01 6.435784e-02 1.649160e-01 1.213783e-02 -9.658361e-02 3.081687e-02 5.700638e-01 5.858838e-02
2.126162e-02 9.321135e-01 8.930558e-02 3.350973e-01 4.055567e-02 -4.905676e-01 4.867704e-02 1.945497e-01 2.050234e-02 -1.272920e-01 2.160947e-02 5.639912e-01 3.236093e-02
2.504793e-02 1.044359e+00 4.527562e-02 3.499837e-01 1.266238e-02 -5.505030e-01 4.549498e-02 1.977190e-01 5.411212e-03 -1.367483e-01 1.339396e-02 6.964091e-01 3.994154e-02
1.456275e-02 5.711671e-01 7.087080e-02 2.296221e-01 3.661180e-02 -3.484311e-01 3.207620e-02 1.516454e-01 1.590598e-02 -7.222513e-02 2.514336e-02 4.671513e-01 1.234156e-02
1.485401e-02 6.225163e-01 4.000697e-02 2.437923e-01 1.833346e-02 -3.899544e-01 3.281060e-02 1.558215e-01 7.466464e-03 -7.746486e-02 2.033471e-02 5.313790e-01 5.201037e-02
1.572777e-02 5.628225e-01 4.541540e-02 2.272611e-01 2.295175e-02 -3.491263e-01 2.181472e-02 1.543874e-01 1.552674e-02 -7.060554e-02 7.037889e-03 4.849106e-01 1.760400e-02
1.718405e-02 6.971539e-01 6.967466e-02 2.557689e-01 2.922466e-02 -4.325620e-01 4.515526e-02 1.594502e-01 1.439023e-02 -9.190223e-02 2.070135e-02 5.762938e-01 3.736095e-02
1.922283e-02 6.498586e-01 4.973333e-02 2.318728e-01 1.872692e-02 -3.890571e-01 3.472018e-02 1.518944e-01 6.599239e-03 -7.673565e-02 1.444109e-02 5.599119e-01 3.094317e-02
2.184413e-02 8.214220e-01 6.358904e-02 2.946780e-01 2.923490e-02 -4.328881e-01 1.764558e-02 1.860969e-01 1.339107e-02 -8.888278e-02 1.124447e-02 5.728457e-01 2.257267e-02
2.504793e-02 9.462721e-01 9.234299e-02 3.081587e-01 3.492052e-02 -5.357699e-01 6.405048e-02 1.851013e-01 1.480068e-02 -1.231114e-01 1.725356e-02 6.902924e-01 5.469794e-02
2.883425e-02 8.516349e-01 6.111627e-02 2.602575e-01 1.849690e-02 -4.611739e-01 4.016108e-02 1.855039e-01 1.139698e-02 -1.102823e-01 1.652535e-02 6.687217e-01 2.893228e-02
1.165020e-03 1.447722e-01 2.384463e-02 8.713319e-02 1.361404e-02 -1.196076e-01 2.556896e-02 1.005608e-01 9.463475e-03 6.553497e-03 1.075825e-02 2.367586e-01 3.640526e-02
1.456275e-03 1.259980e-01 1.345947e-02 7.852756e-02 4.466676e-03 -9.606995e-02 2.222420e-02 1.008701e-01 2.774024e-03 2.638530e-02 6.729510e-03 2.301760e-01 3.188819e-02
2.330040e-03 1.374695e-01 1.813051e-02 7.421799e-02 7.364973e-03 -1.157990e-01 2.133530e-02 9.029694e-02 6.028292e-03 2.067585e-02 7.329070e-03 2.577713e-01 3.277836e-02
3.786316e-03 1.872253e-01 2.327175e-02 9.446558e-02 9.431137e-03 -1.566451e-01 2.413406e-02 1.048801e-01 7.724996e-03 1.628944e-02 1.152183e-02 3.274989e-01 2.586617e-02
5.825101e-03 2.585733e-01 1.235692e-02 1.351686e-01 7.189260e-03 -1.847514e-01 2.603246e-02 1.258262e-01 9.960448e-03 -9.776649e-03 1.219511e-02 3.254939e-01 2.871966e-02
8.446397e-03 2.852277e-01 3.460666e-02 1.314375e-01 1.449171e-02 -1.956361e-01 3.361520e-02 1.143020e-01 8.373313e-03 -7.729729e-03 9.071140e-03 3.538308e-01 4.149533e-02
1.165020e-02 4.300523e-01 3.729514e-02 1.968470e-01 1.252340e-02 -2.521651e-01 3.614506e-02 1.493273e-01 7.350094e-03 -3.660779e-02 1.036898e-02 3.840173e-01 4.289784e-02
1.543652e-02 6.812839e-01 8.150906e-02 2.762789e-01 3.295662e-02 -4.174656e-01 4.832892e-02 1.671921e-01 1.498833e-02 -1.168969e-01 1.986625e-02 5.154174e-01 3.377670e-02
1.456275e-03 1.461752e-01 2.566094e-02 8.865111e-02 8.919619e-03 -1.150379e-01 3.545501e-02 1.035678e-01 7.207980e-03 1.425123e-02 1.630276e-02 2.458517e-01 4.128913e-02
1.747530e-03 1.266415e-01 1.779252e-02 7.105303e-02 9.675318e-03 -1.050282e-01 2.047473e-02 9.381176e-02 8.178164e-03 3.097720e-02 7.575653e-03 2.528925e-01 2.966571e-02
2.621296e-03 2.136107e-01 2.809750e-02 1.066633e-01 1.328642e-02 -1.940294e-01 3.471263e-02 1.072936e-01 8.176102e-03 -7.309950e-03 1.265212e-02 3.486864e-01 4.515781e-02
4.077571e-03 1.957326e-01 2.242894e-02 1.041850e-01 8.303112e-03 -1.569224e-01 2.657658e-02 1.033077e-01 5.399326e-03 -7.690208e-03 9.502917e-03 2.847770e-01 3.431251e-02
6.116356e-03 2.428922e-01 2.673860e-02 1.245849e-01 1.128084e-02 -1.819428e-01 2.459456e-02 1.110278e-01 6.691895e-03 -2.107915e-02 5.392702e-03 3.103766e-01 3.348949e-02
8.737652e-03 2.540631e-01 1.447434e-02 1.167788e-01 4.807032e-03 -1.778948e-01 1.397217e-02 1.039293e-01 3.664499e-03 -9.349605e-03 6.525695e-03 3.303596e-01 2.358693e-02
1.194146e-02 4.412032e-01 5.969115e-02 1.932561e-01 2.945007e-02 -2.927464e-01 2.879072e-02 1.393449e-01 1.445064e-02 -5.184909e-02 1.403518e-02 4.429189e-01 1.474859e-02
1.572777e-02 6.271255e-01 4.952232e-02 2.292111e-01 1.463227e-02 -3.989990e-01 4.299240e-02 1.444525e-01 2.843864e-03 -7.706505e-02 1.750233e-02 5.472015e-01 3.121062e-02
2.330040e-03 1.542336e-01 1.720764e-02 8.072448e-02 4.674661e-03 -1.348798e-01 2.680412e-02 9.220876e-02 4.389771e-03 1.231047e-02 7.393081e-03 2.771293e-01 3.978188e-02
2.621296e-03 1.470017e-01 2.060621e-02 8.400446e-02 9.833014e-03 -1.111696e-01 2.011368e-02 9.181359e-02 6.263375e-03 5.950976e-03 6.844870e-03 2.182750e-01 2.585485e-02
3.495061e-03 1.873670e-01 2.570087e-02 9.539698e-02 6.299594e-03 -1.617292e-01 3.520324e-02 9.772102e-02 2.911640e-03 -1.534562e-03 1.587891e-02 3.066235e-01 3.406934e-02
4.951336e-03 1.747966e-01 1.167815e-02 1.082181e-01 6.471924e-03 -9.935751e-02 1.084046e-02 1.178377e-01 5.272656e-03 1.971022e-02 7.259145e-03 2.374757e-01 1.396840e-02
6.990121e-03 2.270833e-01 2.075000e-02 1.097142e-01 1.183612e-02 -1.688006e-01 1.665822e-02 1.027879e-01 6.285191e-03 -6.779687e-03 1.005702e-02 3.097249e-01 1.717215e-02
9.611417e-03 3.214845e-01 2.874922e-02 1.494637e-01 1.048149e-02 -2.095107e-01 2.739950e-02 1.211693e-01 5.318572e-03 -2.446856e-02 8.919808e-03 3.572865e-01 3.624333e-02
1.281522e-02 4.227093e-01 4.436845e-02 1.815337e-01 1.998835e-02 -2.710351e-01 2.420566e-02 1.292471e-01 1.028441e-02 -5.200507e-02 1.084909e-02 4.098538e-01 2.824533e-02
1.660154e-02 6.453555e-01 4.816702e-02 2.445159e-01 2.129318e-02 -3.952853e-01 4.883163e-02 1.552198e-01 1.014467e-02 -8.342908e-02 1.723129e-02 5.401427e-01 5.364469e-02
3.786316e-03 1.943016e-01 2.020235e-02 1.036902e-01 6.440662e-03 -1.572099e-01 3.002099e-02 1.074001e-01 5.597944e-03 1.567149e-03 1.014815e-02 3.032821e-01 3.986616e-02
4.077571e-03 1.673311e-01 2.253612e-02 8.492063e-02 1.049166e-02 -1.377121e-01 2.454709e-02 9.342920e-02 7.927268e-03 9.622291e-03 7.730369e-03 2.782502e-01 3.061847e-02
4.951336e-03 2.459938e-01 1.055358e-02 1.269720e-01 7.558699e-03 -1.876294e-01 7.496004e-03 1.184356e-01 6.210539e-03 -1.342737e-02 4.901175e-03 3.231735e-01 1.550365e-02
6.407611e-03 2.457698e-01 1.606151e-02 1.121637e-01 9.346559e-03 -1.862081e-01 1.319749e-02 1.006710e-01 5.785022e-03 -1.349169e-02 4.315930e-03 3.107164e-01 1.940069e-02
8.446397e-03 3.502805e-01 2.279797e-02 1.635032e-01 1.436794e-02 -2.268008e-01 2.623187e-02 1.317349e-01 7.094512e-03 -2.459306e-02 1.092632e-02 3.582876e-01 3.411477e-02
1.106769e-02 4.892846e-01 5.524491e-02 2.007633e-01 2.593720e-02 -3.606610e-01 3.813305e-02 1.374412e-01 1.508386e-02 -7.755659e-02 1.812159e-02 4.846027e-01 2.953146e-02
1.427150e-02 5.505474e-01 2.189331e-02 2.219643e-01 1.594525e-02 -3.321439e-01 1.461570e-02 1.491435e-01 1.031524e-02 -6.110351e-02 6.413464e-03 4.811677e-01 2.260208e-02
1.805781e-02 8.017688e-01 7.861844e-02 3.017504e-01 2.305964e-02 -4.448484e-01 5.942156e-02 1.790991e-01 8.803041e-03 -1.055449e-01 1.530864e-02 5.546158e-01 5.694876e-02
5.825101e-03 2.253431e-01 4.078949e-02 1.143933e-01 1.944734e-02 -1.661423e-01 3.400688e-02 1.128440e-01 9.625896e-03 1.482333e-03 1.661353e-02 3.131202e-01 2.545005e-02
6.116356e-03 2.520150e-01 4.064658e-02 1.313335e-01 2.276947e-02 -1.807863e-01 2.853612e-02 1.169203e-01 1.495482e-02 -2.078659e-02 1.315224e-02 3.041292e-01 2.994026e-02
6.990121e-03 2.658690e-01 2.659675e-02 1.335210e-01 1.084697e-02 -1.775113e-01 2.547192e-02 1.152504e-01 5.335910e-03 -1.477677e-02 1.180610e-02 3.132127e-01 2.154404e-02
8.446397e-03 3.120742e-01 3.968897e-02 1.505852e-01 1.903262e-02 -2.083824e-01 2.711520e-02 1.244741e-01 1.237436e-02 -2.426766e-02 1.447866e-02 3.488327e-01 1.558505e-02
1.048518e-02 3.859773e-01 2.675412e-02 1.801331e-01 9.162751e-03 -2.405683e-01 2.649751e-02 1.418998e-01 3.429672e-03 -3.479131e-02 1.193021e-02 3.851648e-01 2.108560e-02
1.310648e-02 4.351129e-01 4.364031e-02 1.831817e-01 2.317954e-02 -2.727298e-01 2.668372e-02 1.286084e-01 1.261806e-02 -5.452961e-02 1.067063e-02 4.005987e-01 3.042502e-02
1.631028e-02 7.992695e-01 7.323857e-02 3.172516e-01 3.357814e-02 -4.877813e-01 3.152012e-02 1.863612e-01 1.835998e-02 -1.302455e-01 1.001696e-02 5.907678e-01 2.421954e-02
2.009660e-02 7.989696e-01 4.690602e-02 2.837774e-01 1.438512e-02 -4.690452e-01 4.551378e-02 1.690448e-01 2.991785e-03 -1.071310e-01 1.578886e-02 5.987032e-01 3.907027e-02
8.446397e-03 3.697711e-01 2.536669e-02 1.711288e-01 1.444027e-02 -2.597505e-01 1.871719e-02 1.283677e-01 7.977832e-03 -4.551636e-02 1.283448e-02 3.911942e-01 1.848232e-02
8.737652e-03 3.442886e-01 1.662598e-02 1.553204e-01 6.701904e-03 -2.385059e-01 2.151044e-02 1.226919e-01 3.339633e-03 -3.360580e-02 1.101251e-02 3.619964e-01 2.955534e-02
9.611417e-03 3.580676e-01 3.310422e-02 1.621378e-01 1.451306e-02 -2.430875e-01 2.261265e-02 1.262266e-01 8.780315e-03 -3.661918e-02 8.355024e-03 3.839890e-01 1.888184e-02
1.106769e-02 4.120355e-01 2.502908e-02 1.760986e-01 8.079295e-03 -2.739538e-01 3.038665e-02 1.314629e-01 6.545846e-03 -4.349707e-02 6.110870e-03 4.101117e-01 4.395738e-02
1.310648e-02 4.765089e-01 3.322756e-02 2.021036e-01 1.465977e-02 -2.900866e-01 2.615245e-02 1.392755e-01 5.743269e-03 -5.729697e-02 1.217023e-02 4.051456e-01 1.875816e-02
1.572777e-02 6.013197e-01 5.931059e-02 2.402149e-01 2.306783e-02 -3.733037e-01 4.592758e-02 1.555924e-01 1.145939e-02 -8.377781e-02 1.707200e-02 5.143109e-01 3.588231e-02
1.893158e-02 8.422416e-01 8.117052e-02 3.026227e-01 2.842424e-02 -4.469563e-01 4.817615e-02 1.743861e-01 9.749761e-03 -1.067308e-01 1.944547e-02 5.539695e-01 2.836566e-02
2.271789e-02 1.034010e+00 6.737364e-02 3.532987e-01 2.734112e-02 -5.583472e-01 3.747443e-02 1.978640e-01 1.105093e-02 -1.305035e-01 1.370667e-02 6.770980e-01 4.870802e-02
1.165020e-02 3.955119e-01 2.624110e-02 1.741395e-01 1.590296e-02 -2.511547e-01 1.926640e-02 1.295630e-01 1.047074e-02 -3.805861e-02 7.686388e-03 4.001315e-01 3.028766e-02
1.194146e-02 4.106395e-01 4.169396e-02 1.726882e-01 2.361642e-02 -2.499349e-01 2.054944e-02 1.282370e-01 1.178831e-02 -3.318798e-02 1.316147e-02 3.888620e-01 1.947256e-02
1.281522e-02 4.861884e-01 4.572329e-02 2.017219e-01 2.059030e-02 -3.133960e-01 2.768898e-02 1.395826e-01 1.090607e-02 -5.563680e-02 7.327814e-03 4.546983e-01 3.433001e-02
1.427150e-02 5.608885e-01 5.991222e-02 2.331702e-01 2.906519e-02 -3.423409e-01 3.585002e-02 1.551043e-01 1.254999e-02 -7.511138e-02 1.956700e-02 4.533610e-01 2.528852e-02
1.631028e-02 5.586575e-01 7.045627e-02 2.129203e-01 2.007521e-02 -3.291571e-01 4.979188e-02 1.400234e-01 8.017939e-03 -6.455136e-02 1.578594e-02 4.709046e-01 3.203912e-02
1.893158e-02 7.683740e-01 7.880286e-02 2.667009e-01 3.026819e-02 -4.528828e-01 5.767730e-02 1.559457e-01 1.441051e-02 -9.627359e-02 2.340514e-02 5.736705e-01 3.121463e-02
2.213538e-02 8.253946e-01 5.868039e-02 2.890628e-01 2.219685e-02 -4.547866e-01 4.077356e-02 1.765896e-01 1.001794e-02 -9.941929e-02 1.519297e-02 6.088946e-01 3.730426e-02
2.592170e-02 1.069461e+00 1.233034e-01 3.547318e-01 5.082607e-02 -5.729644e-01 6.352320e-02 2.122464e-01 2.350889e-02 -1.326272e-01 2.118378e-02 7.244262e-01 4.642747e-02
1.543652e-02 5.105149e-01 6.830596e-02 2.107290e-01 3.418445e-02 -2.728082e-01 3.935674e-02 1.457628e-01 1.684351e-02 -4.764528e-02 1.968753e-02 4.148479e-01 2.207667e-02
1.572777e-02 5.346744e-01 6.073813e-02 2.135775e-01 2.166762e-02 -3.314389e-01 4.905054e-02 1.428505e-01 8.819200e-03 -7.444520e-02 1.774156e-02 4.670615e-01 3.863555e-02
1.660154e-02 6.973241e-01 4.249881e-02 2.625507e-01 1.205605e-02 -4.467994e-01 4.477974e-02 1.562272e-01 8.272914e-03 -1.111840e-01 1.670166e-02 5.578506e-01 3.672326e-02
1.805781e-02 8.805168e-01 1.172945e-01 3.085231e-01 3.225858e-02 -5.627045e-01 9.823638e-02 1.705952e-01 7.919581e-03 -1.386830e-01 3.082428e-02 6.313554e-01 8.238149e-02
2.009660e-02 6.624695e-01 2.468312e-02 2.372903e-01 1.174647e-02 -3.620786e-01 3.331483e-02 1.534520e-01 6.962575e-03 -7.664147e-02 9.068852e-03 5.181650e-01 3.655579e-02
2.271789e-02 1.031791e+00 8.687059e-02 3.487188e-01 3.264434e-02 -5.647435e-01 4.326964e-02 1.917663e-01 1.595173e-02 -1.352850e-01 1.367446e-02 6.776487e-01 2.400794e-02
2.592170e-02 9.859328e-01 1.357253e-01 3.191549e-01 3.974383e-02 -5.198741e-01 7.909170e-02 1.906372e-01 8.749825e-03 -1.299835e-01 2.694908e-02 6.706448e-01 5.232097e-02
2.970802e-02 1.142007e+00 1.277918e-01 3.560553e-01 3.833751e-02 -5.707988e-01 5.819738e-02 2.195479e-01 1.203804e-02 -1.388533e-01 2.112732e-02 7.367634e-01 2.132870e-02
2.621296e-03 1.549389e-01 1.339256e-02 9.197897e-02 5.802699e-03 -1.176046e-01 1.826492e-02 1.057828e-01 2.388992e-03 1.208969e-02 1.178500e-02 2.450201e-01 2.019845e-02
2.912551e-03 1.486215e-01 9.574499e-03 8.421016e-02 7.071644e-03 -1.198188e-01 2.300657e-02 9.839883e-02 6.585069e-03 1.389127e-02 7.537499e-03 2.564722e-01 3.903507e-02
3.786316e-03 1.642849e-01 1.856118e-02 9.492125e-02 6.628455e-03 -1.147629e-01 2.690045e-02 1.028068e-01 3.017274e-03 1.201246e-02 6.688642e-03 2.444611e-01 4.300969e-02
5.242591e-03 1.875380e-01 2.321688e-02 9.575150e-02 7.869633e-03 -1.359937e-01 2.688715e-02 9.847649e-02 4.753365e-03 8.706796e-03 1.033598e-02 2.784545e-01 3.294473e-02
7.281376e-03 2.906079e-01 3.307221e-02 1.487752e-01 1.702197e-02 -1.888517e-01 2.698667e-02 1.239234e-01 8.998451e-03 -2.594033e-02 1.290917e-02 3.071745e-01 2.308808e-02
9.902672e-03 4.093515e-01 2.496942e-02 1.973955e-01 1.370713e-02 -2.610800e-01 1.820731e-02 1.426872e-01 7.601291e-03 -5.906599e-02 8.981254e-03 3.738089e-01 2.161497e-02
1.310648e-02 4.866469e-01 3.797424e-02 1.960583e-01 1.885776e-02 -3.242675e-01 1.984420e-02 1.390381e-01 1.278018e-02 -6.127831e-02 4.842060e-03 4.450737e-01 2.448418e-02
1.689279e-02 7.043619e-01 9.403660e-02 2.681013e-01 2.940745e-02 -4.110032e-01 6.566485e-02 1.633041e-01 8.974948e-03 -9.534985e-02 1.993666e-02 5.172920e-01 6.166995e-02
2.912551e-03 1.935272e-01 2.739162e-02 1.039000e-01 1.036394e-02 -1.586454e-01 3.128552e-02 1.055785e-01 6.805106e-03 -4.312744e-03 8.681667e-03 2.893153e-01 4.451691e-02
3.203806e-03 1.779509e-01 3.323726e-02 1.046223e-01 1.237689e-02 -1.245207e-01 3.762940e-02 1.068683e-01 4.964571e-03 -6.646540e-04 1.702734e-02 2.335075e-01 3.785756e-02
4.077571e-03 1.973584e-01 1.354093e-02 1.088334e-01 6.974176e-03 -1.481399e-01 1.370786e-02 1.099783e-01 4.101578e-03 8.903435e-04 5.337999e-03 2.865005e-01 2.403107e-02
5.533846e-03 2.530761e-01 1.789560e-02 1.355608e-01 1.188740e-02 -1.797109e-01 5.797754e-03 1.221770e-01 8.339905e-03 -1.552162e-02 5.136289e-03 3.186054e-01 5.479554e-03
7.572631e-03 2.897925e-01 2.836886e-02 1.370559e-01 1.430578e-02 -2.117880e-01 2.293027e-02 1.154853e-01 6.517954e-03 -2.381560e-02 1.487203e-02 3.484558e-01 1.618690e-02
1.019393e-02 3.799889e-01 4.529421e-02 1.717576e-01 1.877677e-02 -2.494073e-01 3.029507e-02 1.246138e-01 7.209752e-03 -4.554611e-02 1.404762e-02 3.735503e-01 2.084447e-02
1.339773e-02 5.055809e-01 2.955342e-02 2.098056e-01 1.542527e-02 -3.193172e-01 2.095945e-02 1.402809e-01 7.509097e-03 -6.454791e-02 1.288294e-02 4.492182e-01 1.636566e-02
1.718405e-02 7.971087e-01 9.936489e-02 3.023715e-01 4.179446e-02 -4.846153e-01 6.169039e-02 1.691372e-01 1.776437e-02 -1.248167e-01 2.635956e-02 5.849731e-01 4.970326e-02
3.786316e-03 1.883872e-01 1.417641e-02 1.113000e-01 5.972822e-03 -1.279739e-01 2.056867e-02 1.136572e-01 4.648616e-03 1.784991e-03 1.045756e-02 2.487736e-01 3.004098e-02
4.077571e-03 2.028385e-01 1.262501e-02 1.060811e-01 5.724418e-03 -1.658689e-01 1.759987e-02 1.018252e-01 3.040704e-03 -1.241955e-02 8.452838e-03 2.931344e-01 2.051656e-02
4.951336e-03 1.783126e-01 1.101669e-02 9.034142e-02 5.652713e-03 -1.354848e-01 1.482691e-02 9.566962e-02 4.537562e-03 9.006234e-03 4.917588e-03 2.721106e-01 2.579620e-02
6.407611e-03 2.484094e-01 4.200649e-02 1.213348e-01 2.166942e-02 -1.868044e-01 3.141839e-02 1.129581e-01 1.181344e-02 -7.278859e-03 1.356403e-02 3.379800e-01 3.223967e-02
8.446397e-03 3.109159e-01 2.063360e-02 1.488674e-01 1.332642e-02 -2.160817e-01 1.868011e-02 1.209334e-01 1.202319e-02 -3.142751e-02 6.383478e-03 3.531426e-01 2.400084e-02
1.106769e-02 4.105764e-01 1.766419e-02 1.811461e-01 9.094713e-03 -2.673082e-01 1.895066e-02 1.292314e-01 7.470367e-03 -5.404278e-02 9.375771e-03 3.804981e-01 1.753617e-02
1.427150e-02 5.457012e-01 4.827536e-02 2.115669e-01 1.778796e-02 -3.593981e-01 3.001808e-02 1.398785e-01 5.978633e-03 -7.280661e-02 1.619413e-02 4.963919e-01 1.332006e-02
1.805781e-02 7.188882e-01 6.738262e-02 2.549852e-01 2.790543e-02 -4.808563e-01 4.751845e-02 1.584473e-01 1.353856e-02 -1.039206e-01 1.702771e-02 6.443643e-01 3.739420e-02
5.242591e-03 2.369436e-01 2.816357e-02 1.224427e-01 9.029792e-03 -1.751299e-01 3.394878e-02 1.138124e-01 6.177953e-03 -1.515348e-02 1.224428e-02 2.994288e-01 3.490794e-02
5.533846e-03 2.672849e-01 2.662653e-02 1.263766e-01 7.765881e-03 -2.203610e-01 3.599829e-02 1.091104e-01 6.399104e-03 -2.304208e-02 1.001888e-02 3.739983e-01 4.487068e-02
6.407611e-03 2.326856e-01 3.782476e-02 1.237578e-01 1.507025e-02 -1.511987e-01 3.328473e-02 1.153961e-01 5.298393e-03 -3.970114e-03 1.780176e-02 2.803022e-01 2.585299e-02
7.863887e-03 2.388296e-01 1.026096e-02 1.214808e-01 6.311247e-03 -1.551428e-01 1.210104e-02 1.122541e-01 7.413580e-03 -2.293307e-03 8.741335e-03 3.056529e-01 1.766414e-02
9.902672e-03 3.991719e-01 4.633258e-02 1.746957e-01 2.211050e-02 -2.783666e-01 3.292449e-02 1.279691e-01 9.934333e-03 -4.993851e-02 1.796799e-02 4.064888e-01 2.811544e-02
1.252397e-02 4.932009e-01 5.793895e-02 2.016400e-01 2.606255e-02 -3.281296e-01 3.818021e-02 1.361352e-01 1.175661e-02 -6.668810e-02 1.637867e-02 4.658217e-01 3.565585e-02
1.572777e-02 6.875637e-01 3.375782e-02 2.642539e-01 7.459725e-03 -4.215259e-01 3.880949e-02 1.620039e-01 4.883585e-03 -1.017710e-01 9.355585e-03 5.305217e-01 4.228219e-02
1.951409e-02 8.363185e-01 7.969548e-02 3.021498e-01 3.074067e-02 -4.595613e-01 4.542833e-02 1.805794e-01 1.148666e-02 -1.031049e-01 2.247425e-02 5.823994e-01 2.989962e-02
7.281376e-03 2.620721e-01 1.645661e-02 1.267520e-01 9.118037e-03 -1.931442e-01 1.484057e-02 1.139190e-01 5.147130e-03 -1.411621e-02 9.088551e-03 3.424050e-01 1.805305e-02
7.572631e-03 2.848888e-01 2.332206e-02 1.330737e-01 1.242281e-02 -2.070878e-01 1.636253e-02 1.104053e-01 7.724295e-03 -2.509093e-02 7.922462e-03 3.415645e-01 1.321948e-02
8.446397e-03 3.280976e-01 4.079234e-02 1.634943e-01 1.918452e-02 -2.144367e-01 3.062721e-02 1.307483e-01 9.157876e-03 -3.848837e-02 1.624877e-02 3.324020e-01 2.341893e-02
9.902672e-03 3.630045e-01 3.006455e-02 1.531959e-01 1.413305e-02 -2.657743e-01 2.506435e-02 1.181701e-01 7.773268e-03 -3.898322e-02 9.233512e-03 4.060037e-01 2.767035e-02
1.194146e-02 3.610047e-01 2.058336e-02 1.496238e-01 1.252068e-02 -2.346727e-01 1.280303e-02 1.175324e-01 6.175633e-03 -2.243917e-02 8.675426e-03 3.989073e-01 1.793915e-02
1.456275e-02 5.850188e-01 5.699382e-02 2.292835e-01 2.302110e-02 -3.729167e-01 3.528258e-02 1.475914e-01 8.571671e-03 -7.901128e-02 1.483333e-02 5.011494e-01 2.158459e-02
1.776656e-02 6.297720e-01 2.347552e-02 2.344748e-01 4.099705e-03 -3.713955e-01 3.081164e-02 1.507100e-01 2.114220e-03 -8.110850e-02 1.137450e-02 4.985988e-01 2.911039e-02
2.155287e-02 1.075139e+00 9.528459e-02 3.698267e-01 4.425221e-02 -6.177576e-01 5.435771e-02 1.986126e-01 2.373276e-02 -1.580827e-01 1.880549e-02 6.876379e-01 4.031587e-02
9.902672e-03 3.611312e-01 3.025463e-02 1.676262e-01 1.072329e-02 -2.333469e-01 2.868680e-02 1.272649e-01 5.554544e-03 -3.870638e-02 1.397710e-02 3.702635e-01 2.008494e-02
1.019393e-02 3.868955e-01 5.387382e-02 1.619564e-01 2.791508e-02 -2.811347e-01 3.150496e-02 1.223994e-01 1.503575e-02 -4.119781e-02 1.563133e-02 4.299623e-01 2.915414e-02
1.106769e-02 3.744450e-01 4.309537e-02 1.625810e-01 1.512650e-02 -2.633115e-01 4.401634e-02 1.188120e-01 7.771774e-03 -4.943005e-02 1.071566e-02 4.028176e-01 4.981008e-02
1.252397e-02 4.565486e-01 4.612835e-02 1.871204e-01 1.312911e-02 -2.991285e-01 4.016720e-02 1.319586e-01 3.882503e-03 -5.947525e-02 1.357481e-02 4.159953e-01 3.256793e-02
1.456275e-02 4.902032e-01 3.598376e-02 2.062612e-01 1.950101e-02 -2.777837e-01 2.353881e-02 1.446457e-01 9.525429e-03 -5.034295e-02 1.055538e-02 4.075717e-01 2.711052e-02
1.718405e-02 6.441718e-01 3.390138e-02 2.379733e-01 1.060906e-02 -3.879152e-01 2.987203e-02 1.517378e-01 3.171677e-03 -7.925958e-02 9.644746e-03 5.272405e-01 2.556738e-02
2.038785e-02 7.091900e-01 4.308011e-02 2.464854e-01 2.108826e-02 -4.230150e-01 2.704037e-02 1.493774e-01 1.066878e-02 -1.018938e-01 1.105826e-02 5.568350e-01 3.415542e-02
2.417417e-02 8.517376e-01 1.122763e-01 2.795039e-01 3.616377e-02 -4.977896e-01 6.523613e-02 1.734524e-01 1.416990e-02 -1.148456e-01 1.976128e-02 6.849110e-01 3.466034e-02
1.310648e-02 5.223153e-01 5.770127e-02 2.261605e-01 2.505847e-02 -3.034372e-01 4.643498e-02 1.522323e-01 8.739108e-03 -6.202671e-02 2.331277e-02 4.328224e-01 3.067402e-02
1.339773e-02 4.612727e-01 4.434725e-02 1.933091e-01 1.887224e-02 -2.734420e-01 4.147852e-02 1.402293e-01 9.341417e-03 -4.914934e-02 1.603799e-02 3.892391e-01 3.830011e-02
1.427150e-02 5.400508e-01 3.239212e-02 2.203734e-01 1.710789e-02 -3.249203e-01 1.766337e-02 1.505244e-01 8.098319e-03 -5.946229e-02 7.267827e-03 4.631971e-01 2.215770e-02
1.572777e-02 6.886982e-01 9.445677e-02 2.714577e-01 3.848997e-02 -4.353240e-01 5.680035e-02 1.719075e-01 1.741400e-02 -9.644827e-02 2.415960e-02 5.592641e-01 4.006200e-02
1.776656e-02 6.126688e-01 6.681074e-02 2.401951e-01 2.501304e-02 -3.346757e-01 3.926497e-02 1.549162e-01 1.172032e-02 -7.514559e-02 9.197632e-03 4.583546e-01 2.676045e-02
2.038785e-02 8.052158e-01 7.384777e-02 2.997914e-01 3.108809e-02 -4.578971e-01 3.974312e-02 1.810255e-01 1.103616e-02 -1.169292e-01 1.981910e-02 5.873194e-01 2.903547e-02
2.359166e-02 8.634148e-01 6.144229e-02 2.893187e-01 2.481150e-02 -4.583366e-01 4.600535e-02 1.745801e-01 1.299289e-02 -1.138979e-01 1.523848e-02 6.042115e-01 2.906431e-02
2.737798e-02 8.912801e-01 9.855593e-02 2.851149e-01 3.631035e-02 -3.988299e-01 3.834532e-02 1.942402e-01 1.315044e-02 -9.310925e-02 1.359558e-02 6.236707e-01 5.131402e-02
1.689279e-02 7.113075e-01 5.546256e-02 2.652477e-01 2.682169e-02 -4.285956e-01 4.210333e-02 1.653306e-01 1.145587e-02 -8.800227e-02 1.223504e-02 5.671608e-01 4.884009e-02
1.718405e-02 7.510774e-01 5.813198e-02 2.956306e-01 2.601292e-02 -4.230143e-01 4.595799e-02 1.793824e-01 1.163028e-02 -1.071977e-01 2.258087e-02 5.289111e-01 3.587369e-02
1.805781e-02 8.114729e-01 8.256115e-02 3.016481e-01 3.907439e-02 -4.856195e-01 3.648892e-02 1.759328e-01 1.770546e-02 -1.182525e-01 1.771497e-02 5.868957e-01 3.999073e-02
1.951409e-02 8.579091e-01 5.392254e-02 3.204461e-01 1.635122e-02 -4.961791e-01 4.362835e-02 1.878364e-01 6.314246e-03 -1.333302e-01 8.748964e-03 5.994597e-01 4.020480e-02
2.155287e-02 7.751425e-01 7.364026e-02 2.875689e-01 3.223234e-02 -4.195217e-01 4.072381e-02 1.801853e-01 1.547478e-02 -1.042861e-01 1.657857e-02 5.512028e-01 2.260079e-02
2.417417e-02 1.056874e+00 1.102966e-01 3.583925e-01 3.074335e-02 -5.547278e-01 4.911837e-02 1.998940e-01 9.251324e-03 -1.329077e-01 1.276027e-02 7.075134e-01 4.292906e-02
2.737798e-02 1.031110e+00 1.299782e-01 3.132984e-01 4.172250e-02 -4.971169e-01 8.867705e-02 1.853453e-01 1.486389e-02 -1.124393e-01 2.284705e-02 6.506126e-01 6.933084e-02
3.116429e-02 1.146249e+00 8.520138e-02 3.609706e-01 3.394522e-02 -5.238738e-01 2.103538e-02 2.282148e-01 1.195081e-02 -1.369361e-01 5.925576e-03 7.961923e-01 4.125737e-02
4.660081e-03 1.808203e-01 1.221798e-02 9.748677e-02 3.394563e-03 -1.225327e-01 1.382506e-02 9.914625e-02 1.917356e-03 7.456068e-03 7.369909e-03 2.450359e-01 1.175877e-02
4.951336e-03 2.116110e-01 1.103620e-02 1.073154e-01 7.256096e-03 -1.647207e-01 2.072284e-02 1.100544e-01 8.372384e-03 4.909924e-03 9.556838e-03 3.207391e-01 2.363689e-02
5.825101e-03 1.983040e-01 8.547317e-03 1.068577e-01 2.689103e-03 -1.313402e-01 1.232770e-02 1.075444e-01 3.350347e-03 3.156540e-03 3.090740e-03 2.616057e-01 2.302966e-02
7.281376e-03 2.793487e-01 3.600943e-02 1.340622e-01 1.215639e-02 -1.990506e-01 4.222594e-02 1.159300e-01 4.168446e-03 -1.754446e-02 1.430194e-02 3.405843e-01 4.408739e-02
9.320162e-03 3.394003e-01 4.033223e-02 1.570434e-01 2.222047e-02 -2.273689e-01 2.901321e-02 1.238981e-01 1.132201e-02 -2.757373e-02 1.547820e-02 3.841678e-01 3.880117e-02
1.194146e-02 3.925953e-01 3.786105e-02 1.711052e-01 1.480841e-02 -2.563086e-01 3.135836e-02 1.327028e-01 7.222760e-03 -3.371462e-02 1.160460e-02 4.124448e-01 2.674642e-02
1.514526e-02 5.114406e-01 4.247362e-02 2.049959e-01 1.453592e-02 -3.132588e-01 3.334076e-02 1.398198e-01 8.693687e-03 -6.072288e-02 1.048804e-02 4.591930e-01 2.506736e-02
1.893158e-02 7.565916e-01 7.305789e-02 2.716598e-01 2.406371e-02 -4.319922e-01 5.579542e-02 1.668362e-01 8.025889e-03 -1.016603e-01 1.867018e-02 5.578254e-01 5.245574e-02
4.951336e-03 2.053351e-01 2.378161e-02 1.098109e-01 1.165646e-02 -1.538518e-01 2.357136e-02 1.124895e-01 8.137359e-03 1.029908e-03 9.468555e-03 2.919507e-01 3.771321e-02
5.242591e-03 1.996458e-01 2.756931e-02 9.697194e-02 1.177169e-02 -1.625065e-01 2.893945e-02 9.543416e-02 7.558722e-03 -2.940114e-03 6.452584e-03 3.078787e-01 4.345890e-02
6.116356e-03 2.563980e-01 2.886680e-02 1.347000e-01 1.314807e-02 -1.812030e-01 2.531500e-02 1.221049e-01 9.353680e-03 -1.350622e-02 6.637513e-03 3.205817e-01 3.249868e-02
7.572631e-03 2.995643e-01 1.506976e-02 1.431265e-01 5.925178e-03 -2.235623e-01 2.073716e-02 1.234326e-01 6.843503e-03 -2.906063e-02 5.635554e-03 3.615299e-01 2.639892e-02
9.611417e-03 3.399936e-01 2.206552e-02 1.550225e-01 1.353894e-02 -2.313148e-01 1.290131e-02 1.245764e-01 4.681634e-03 -2.973970e-02 9.928597e-03 3.737047e-01 3.224664e-02
1.223271e-02 3.938809e-01 2.762651e-02 1.781502e-01 1.338029e-02 -2.288422e-01 1.217904e-02 1.371369e-01 6.114609e-03 -2.801301e-02 9.050733e-03 3.835507e-01 7.790390e-03
1.543652e-02 6.339590e-01 8.034650e-02 2.423086e-01 2.685934e-02 -3.915626e-01 6.223452e-02 1.510066e-01 9.159510e-03 -8.460163e-02 2.332750e-02 5.123702e-01 4.472766e-02
1.922283e-02 7.169473e-01 8.091758e-02 2.741013e-01 3.332979e-02 -3.785154e-01 4.245939e-02 1.698095e-01 1.529823e-02 -8.355953e-02 1.456316e-02 4.983343e-01 2.886865e-02
5.825101e-03 2.275210e-01 2.403700e-02 1.071353e-01 1.032747e-02 -1.866804e-01 3.350715e-02 1.010396e-01 6.158515e-03 -4.571987e-03 7.650011e-03 3.490548e-01 5.881545e-02
6.116356e-03 2.144940e-01 1.736366e-02 1.072574e-01 1.113056e-02 -1.548658e-01 1.180411e-02 1.033085e-01 9.213936e-03 -1.049926e-03 5.100441e-03 2.954730e-01 1.172480e-02
6.990121e-03 2.889000e-01 3.003218e-02 1.393228e-01 1.649089e-02 -2.159278e-01 1.948713e-02 1.161983e-01 1.227374e-02 -3.189723e-02 5.570723e-03 3.496303e-01 3.064071e-02
8.446397e-03 2.588446e-01 1.686246e-02 1.290449e-01 6.530387e-03 -1.656021e-01 2.181074e-02 1.141139e-01 3.954005e-03 -9.622771e-03 8.183980e-03 3.087855e-01 2.363051e-02
1.048518e-02 3.440283e-01 2.032074e-02 1.508610e-01 1.187088e-02 -2.324486e-01 2.500509e-02 1.213003e-01 1.066375e-02 -2.672685e-02 1.082414e-02 3.799069e-01 2.291790e-02
1.310648e-02 4.537293e-01 3.137509e-02 1.874847e-01 9.560561e-03 -2.901912e-01 3.272640e-02 1.324080e-01 3.228550e-03 -5.134661e-02 1.326094e-02 4.437891e-01 3.599463e-02
1.631028e-02 5.668975e-01 4.100679e-02 2.145499e-01 1.689736e-02 -3.454338e-01 3.841585e-02 1.432193e-01 6.354215e-03 -6.503498e-02 1.080108e-02 5.099973e-01 5.663466e-02
2.009660e-02 8.054904e-01 3.567038e-02 2.914910e-01 1.214745e-02 -4.693870e-01 2.656677e-02 1.754677e-01 6.810295e-03 -1.184091e-01 4.791731e-03 5.825153e-01 3.352754e-02
7.281376e-03 2.518966e-01 1.090513e-02 1.237871e-01 7.459833e-03 -1.747272e-01 1.640654e-02 1.120177e-01 5.919608e-03 -5.931597e-03 3.101617e-03 3.260837e-01 2.693369e-02
7.572631e-03 3.204430e-01 2.015236e-02 1.530519e-01 1.549283e-02 -2.289866e-01 1.610781e-02 1.259568e-01 1.087612e-02 -3.361607e-02 1.867011e-03 3.507819e-01 3.162363e-02
8.446397e-03 2.870929e-01 4.064387e-02 1.476908e-01 2.079188e-02 -1.865315e-01 2.483858e-02 1.252027e-01 9.673192e-03 -2.828703e-02 1.503464e-02 3.070206e-01 1.516507e-02
9.902672e-03 3.615814e-01 2.993368e-02 1.655765e-01 1.233843e-02 -2.393166e-01 2.046585e-02 1.262745e-01 6.822380e-03 -3.916834e-02 7.994537e-03 3.712028e-01 2.044013e-02
1.194146e-02 4.358640e-01 5.451522e-02 1.848617e-01 2.203976e-02 -2.914449e-01 4.336776e-02 1.287654e-01 9.821630e-03 -5.957279e-02 1.481633e-02 4.268106e-01 4.791946e-02
1.456275e-02 4.999843e-01 2.350970e-02 1.872730e-01 4.182444e-03 -3.413582e-01 3.436353e-02 1.301813e-01 4.767922e-03 -5.514342e-02 1.307911e-02 5.097620e-01 3.510408e-02
1.776656e-02 6.704914e-01 7.471772e-02 2.634204e-01 3.168011e-02 -3.625200e-01 3.765067e-02 1.710283e-01 1.650296e-02 -7.693432e-02 1.380082e-02 4.951604e-01 2.837888e-02
2.155287e-02 9.211101e-01 1.106894e-01 3.187140e-01 4.039730e-02 -5.040751e-01 7.912561e-02 1.829845e-01 1.733443e-02 -1.182455e-01 2.475874e-02 6.210388e-01 5.432907e-02
9.320162e-03 3.227230e-01 2.044975e-02 1.398134e-01 8.457067e-03 -2.375086e-01 2.552146e-02 1.120419e-01 3.634102e-03 -3.020989e-02 1.126745e-02 3.843814e-01 2.917448e-02
9.611417e-03 3.222601e-01 1.972863e-02 1.426347e-01 7.499001e-03 -2.234648e-01 2.407287e-02 1.124817e-01 4.251966e-03 -3.569399e-02 7.553279e-03 3.416448e-01 3.047214e-02
1.048518e-02 3.728530e-01 2.697165e-02 1.755172e-01 1.356788e-02 -2.193049e-01 2.549569e-02 1.338998e-01 9.318914e-03 -3.868992e-02 1.082845e-02 3.387506e-01 2.411729e-02
1.194146e-02 4.515940e-01 8.000579e-02 2.038625e-01 3.164715e-02 -2.746570e-01 5.753802e-02 1.419153e-01 1.507485e-02 -6.331077e-02 2.047446e-02 3.873901e-01 5.053387e-02
1.398024e-02 4.903792e-01 6.075089e-02 1.943951e-01 1.959496e-02 -3.060824e-01 5.269372e-02 1.349552e-01 9.116085e-03 -5.606641e-02 1.823050e-02 4.381059e-01 3.687681e-02
1.660154e-02 6.753470e-01 3.759950e-02 2.509214e-01 1.494377e-02 -4.146385e-01 3.068285e-02 1.527944e-01 5.431578e-03 -9.460501e-02 1.559152e-02 5.357467e-01 3.279906e-02
1.980534e-02 8.474143e-01 4.827577e-02 3.011687e-01 2.049687e-02 -4.802477e-01 3.316659e-02 1.688176e-01 8.850470e-03 -1.131917e-01 1.371316e-02 5.712985e-01 1.524518e-02
2.359166e-02 9.101368e-01 6.075508e-02 3.181747e-01 2.556831e-02 -4.876492e-01 4.882138e-02 1.831190e-01 9.076600e-03 -1.279027e-01 2.113309e-02 6.275879e-01 3.677419e-02
1.194146e-02 4.078604e-01 3.159242e-02 1.701691e-01 1.301523e-02 -2.456999e-01 2.071419e-02 1.229926e-01 6.657267e-03 -2.663011e-02 6.050442e-03 4.021619e-01 2.662599e-02
1.223271e-02 5.510314e-01 4.925192e-02 2.265902e-01 2.316266e-02 -3.567625e-01 4.154148e-02 1.487186e-01 1.226636e-02 -7.216943e-02 1.733204e-02 4.743627e-01 4.120204e-02
1.310648e-02 4.633235e-01 3.893640e-02 1.913838e-01 2.380799e-02 -2.987953e-01 3.162772e-02 1.318103e-01 1.644482e-02 -5.984583e-02 9.879579e-03 4.347530e-01 3.329265e-02
1.456275e-02 6.076106e-01 9.156761e-02 2.493317e-01 3.515232e-02 -3.557735e-01 6.911068e-02 1.578969e-01 1.360547e-02 -8.609537e-02 2.861233e-02 4.617536e-01 4.812736e-02
1.660154e-02 7.310063e-01 5.826762e-02 2.804468e-01 2.066787e-02 -4.419394e-01 4.612637e-02 1.641837e-01 1.067352e-02 -1.096806e-01 1.477736e-02 5.326198e-01 4.139156e-02
1.922283e-02 7.294046e-01 7.310477e-02 2.536967e-01 2.753872e-02 -4.404853e-01 4.881409e-02 1.588807e-01 1.088453e-02 -8.273375e-02 1.618357e-02 5.969798e-01 4.272298e-02
2.242664e-02 9.311531e-01 7.161938e-02 3.231386e-01 3.382362e-02 -5.079206e-01 4.887659e-02 1.901945e-01 1.473615e-02 -1.095838e-01 1.796803e-02 6.598543e-01 4.051628e-02
2.621296e-02 1.023665e+00 6.248838e-02 3.379820e-01 2.060061e-02 -5.162798e-01 1.179564e-02 2.000772e-01 1.153934e-02 -1.184205e-01 7.477557e-03 7.177230e-01 7.853322e-03
1.514526e-02 5.142932e-01 3.812607e-02 1.940307e-01 2.038160e-02 -3.195401e-01 2.069603e-02 1.321818e-01 9.534667e-03 -5.665945e-02 1.326117e-02 4.560761e-01 2.476076e-02
1.543652e-02 6.381188e-01 3.967163e-02 2.410736e-01 2.033629e-02 -4.076448e-01 2.801415e-02 1.521261e-01 8.775052e-03 -8.185494e-02 1.561985e-02 5.369333e-01 3.849447e-02
1.631028e-02 6.416110e-01 5.950499e-02 2.449862e-01 2.364495e-02 -4.086425e-01 3.988068e-02 1.564075e-01 1.223006e-02 -9.061135e-02 1.042605e-02 5.511399e-01 3.713449e-02
1.776656e-02 6.224121e-01 5.896939e-02 2.408002e-01 2.642763e-02 -3.603230e-01 4.889426e-02 1.580892e-01 1.279872e-02 -7.564513e-02 2.116938e-02 5.088035e-01 3.618542e-02
1.980534e-02 6.860022e-01 7.130177e-02 2.472668e-01 2.460590e-02 -3.998256e-01 5.866362e-02 1.639485e-01 9.111410e-03 -8.070930e-02 2.106784e-02 5.813685e-01 4.415591e-02
2.242664e-02 8.700742e-01 5.272203e-02 3.112124e-01 1.764317e-02 -4.610067e-01 4.808934e-02 1.855321e-01 9.101949e-03 -1.091645e-01 9.121582e-03 6.028312e-01 4.006522e-02
2.563045e-02 1.268528e+00 1.082227e-01 4.119022e-01 4.718064e-02 -6.480215e-01 8.311654e-02 2.173596e-01 1.618030e-02 -1.660430e-01 2.669860e-02 7.503730e-01 6.204988e-02
2.941676e-02 8.732222e-01 8.793912e-02 2.851893e-01 3.540954e-02 -4.030658e-01 2.407391e-02 1.931844e-01 1.670900e-02 -1.045025e-01 8.975365e-03 6.770236e-01 2.856187e-02
1.893158e-02 7.408939e-01 7.468564e-02 2.724049e-01 2.825450e-02 -4.610782e-01 5.152374e-02 1.643379e-01 1.097126e-02 -1.029437e-01 2.028421e-02 6.015038e-01 3.310231e-02
1.922283e-02 7.104780e-01 3.513388e-02 2.570851e-01 1.065214e-02 -3.888772e-01 2.059180e-02 1.634256e-01 6.870231e-03 -8.232640e-02 9.896426e-03 5.247075e-01 3.293881e-02
2.009660e-02 7.418848e-01 9.974956e-02 2.740270e-01 3.863206e-02 -4.112435e-01 6.060569e-02 1.654127e-01 1.628951e-02 -9.763782e-02 2.374041e-02 5.776360e-01 4.319188e-02
2.155287e-02 1.020794e+00 6.729438e-02 3.688871e-01 2.689296e-02 -5.546258e-01 2.981660e-02 2.045216e-01 1.306954e-02 -1.453256e-01 1.220429e-02 6.453607e-01 2.309059e-02
2.359166e-02 8.570175e-01 9.998857e-02 2.791818e-01 2.819905e-02 -4.590393e-01 7.220546e-02 1.716597e-01 8.441902e-03 -9.329904e-02 2.550007e-02 6.425277e-01 3.628290e-02
2.621296e-02 9.261853e-01 9.492264e-02 3.050980e-01 3.598219e-02 -4.922676e-01 4.253843e-02 1.819692e-01 1.309638e-02 -1.055340e-01 2.537786e-02 7.350817e-01 2.068746e-02
2.941676e-02 1.099767e+00 9.354893e-02 3.263873e-01 2.807873e-02 -5.572208e-01 4.334861e-02 1.937956e-01 9.473330e-03 -1.445902e-01 1.287149e-02 7.809813e-01 5.210940e-02
3.320308e-02 9.660135e-01 5.284600e-02 2.817962e-01 1.412502e-02 -4.068442e-01 1.537049e-02 1.965374e-01 6.562309e-03 -1.049155e-01 6.052034e-03 7.461777e-01 3.394922e-02
7.281376e-03 2.722101e-01 2.862611e-02 1.346466e-01 1.040228e-02 -1.890146e-01 3.232533e-02 1.118043e-01 4.992731e-03 -2.752853e-02 1.046763e-02 3.073889e-01 3.523433e-02
7.572631e-03 3.088931e-01 2.841098e-02 1.480913e-01 1.318587e-02 -2.337010e-01 2.875463e-02 1.226770e-01 5.877266e-03 -3.848054e-02 1.578916e-02 3.653756e-01 2.533206e-02
8.446397e-03 3.436969e-01 4.690552e-02 1.565683e-01 1.957429e-02 -2.534074e-01 4.331357e-02 1.226555e-01 1.126415e-02 -3.688413e-02 1.176298e-02 3.998709e-01 5.797820e-02
9.902672e-03 3.608008e-01 4.109044e-02 1.662772e-01 1.586614e-02 -2.286732e-01 3.684153e-02 1.281955e-01 8.999649e-03 -3.498483e-02 1.463576e-02 3.640061e-01 2.501024e-02
1.194146e-02 4.227633e-01 4.961751e-02 1.799057e-01 2.174676e-02 -2.774152e-01 4.445978e-02 1.356302e-01 1.021431e-02 -4.555342e-02 1.981756e-02 4.112250e-01 3.809639e-02
1.456275e-02 5.306502e-01 3.933290e-02 2.106553e-01 1.623225e-02 -3.316592e-01 3.602878e-02 1.405333e-01 4.716359e-03 -6.789929e-02 2.001921e-02 4.664482e-01 2.843837e-02
1.776656e-02 6.236042e-01 5.059686e-02 2.255194e-01 1.988097e-02 -3.769718e-01 5.262508e-02 1.442468e-01 1.007384e-02 -7.511558e-02 1.604684e-02 5.058044e-01 5.604473e-02
2.155287e-02 8.560017e-01 3.437922e-02 2.946745e-01 1.645394e-02 -4.562595e-01 2.067459e-02 1.716530e-01 6.091043e-03 -1.078784e-01 8.968121e-03 5.701329e-01 1.863286e-02
7.572631e-03 2.940255e-01 3.598908e-02 1.322355e-01 1.221225e-02 -2.306246e-01 3.782640e-02 1.106159e-01 3.501717e-03 -2.211292e-02 1.465559e-02 3.971699e-01 3.874627e-02
7.863887e-03 3.447962e-01 2.873392e-02 1.505664e-01 1.284612e-02 -2.719844e-01 2.654477e-02 1.169380e-01 9.067133e-03 -3.940719e-02 6.090399e-03 4.269272e-01 3.689102e-02
8.737652e-03 3.021737e-01 3.415175e-02 1.366245e-01 1.249841e-02 -2.077464e-01 3.649951e-02 1.096909e-01 4.172316e-03 -2.282628e-02 1.425461e-02 3.477000e-01 3.535925e-02
1.019393e-02 3.399376e-01 4.055774e-02 1.676123e-01 2.177261e-02 -2.031626e-01 2.907908e-02 1.364079e-01 9.846570e-03 -2.086703e-02 2.091761e-02 3.476563e-01 9.382890e-03
1.223271e-02 4.603447e-01 4.765152e-02 1.904033e-01 1.353941e-02 -2.979164e-01 4.011548e-02 1.329967e-01 6.340335e-03 -5.857326e-02 1.254173e-02 4.104847e-01 2.406044e-02
1.485401e-02 4.879593e-01 5.352044e-02 2.026536e-01 2.315897e-02 -2.825973e-01 2.642709e-02 1.365646e-01 1.029990e-02 -5.859585e-02 1.273685e-02 4.212740e-01 1.439487e-02
1.805781e-02 7.985520e-01 4.284529e-02 3.095823e-01 1.551150e-02 -4.529848e-01 4.189372e-02 1.793062e-01 5.081497e-03 -1.220272e-01 1.321187e-02 5.581721e-01 3.692819e-02
2.184413e-02 1.020678e+00 1.049309e-01 3.611855e-01 3.331271e-02 -5.720812e-01 3.546740e-02 2.025585e-01 1.110205e-02 -1.495570e-01 1.111422e-02 6.812135e-01 4.835042e-02
8.446397e-03 3.157771e-01 1.025565e-02 1.466749e-01 4.170878e-03 -2.269378e-01 1.535044e-02 1.205441e-01 5.248254e-03 -2.739591e-02 4.276070e-03 3.778735e-01 2.465801e-02
8.737652e-03 3.394422e-01 3.396025e-02 1.513505e-01 1.345551e-02 -2.311726e-01 2.896332e-02 1.224788e-01 6.230245e-03 -2.609794e-02 1.162904e-02 3.626984e-01 2.786894e-02
9.611417e-03 3.491217e-01 2.190136e-02 1.568972e-01 1.065654e-02 -2.386176e-01 2.559330e-02 1.221929e-01 6.874904e-03 -3.703469e-02 1.095999e-02 3.732639e-01 3.315910e-02
1.106769e-02 4.648856e-01 4.702303e-02 2.001081e-01 1.780970e-02 -3.049073e-01 4.471735e-02 1.395028e-01 6.094160e-03 -6.304560e-02 1.720610e-02 4.132633e-01 3.871351e-02
1.310648e-02 4.905510e-01 6.761108e-02 2.165169e-01 3.432427e-02 -2.745540e-01 2.950297e-02 1.560841e-01 1.816708e-02 -4.898082e-02 1.495159e-02 4.001046e-01 1.408806e-02
1.572777e-02 6.569243e-01 6.695613e-02 2.586047e-01 2.115559e-02 -3.940384e-01 4.333745e-02 1.628112e-01 8.436718e-03 -8.579657e-02 1.202168e-02 5.278081e-01 3.903782e-02
1.893158e-02 7.003575e-01 5.025515e-02 2.536283e-01 1.832097e-02 -3.955092e-01 2.145379e-02 1.569037e-01 9.989662e-03 -8.349970e-02 5.395260e-03 5.462195e-01 1.838896e-02
2.271789e-02 7.629392e-01 4.095889e-02 2.821007e-01 2.060572e-02 -3.967261e-01 3.488106e-02 1.813372e-01 1.486274e-02 -9.379940e-02 1.415545e-02 5.558770e-01 3.057095e-02
9.902672e-03 4.328522e-01 3.772142e-02 1.948947e-01 1.576769e-02 -2.964909e-01 3.469824e-02 1.350339e-01 8.271571e-03 -7.033168e-02 1.509634e-02 3.904824e-01 2.824785e-02
1.019393e-02 4.330368e-01 2.281229e-02 1.867998e-01 8.703521e-03 -3.103603e-01 2.418155e-02 1.299285e-01 5.320062e-03 -7.102132e-02 6.584177e-03 4.226636e-01 2.819115e-02
1.106769e-02 4.446903e-01 6.360380e-02 2.069609e-01 2.971901e-02 -2.832772e-01 4.390009e-02 1.508107e-01 1.629077e-02 -5.802257e-02 1.663180e-02 4.197179e-01 3.247947e-02
1.252397e-02 4.931038e-01 4.007123e-02 2.151288e-01 1.579228e-02 -2.997742e-01 2.815262e-02 1.501842e-01 8.164489e-03 -5.649005e-02 9.059022e-03 4.356178e-01 2.904767e-02
1.456275e-02 5.240612e-01 3.776900e-02 2.187850e-01 1.217113e-02 -3.129158e-01 2.916121e-02 1.476366e-01 4.545341e-03 -6.553004e-02 1.605409e-02 4.347302e-01 1.880878e-02
1.718405e-02 6.159142e-01 7.184192e-02 2.380278e-01 2.521614e-02 -3.549072e-01 6.714658e-02 1.507843e-01 8.297005e-03 -7.243803e-02 2.654166e-02 5.145583e-01 5.503342e-02
2.038785e-02 8.508094e-01 8.626651e-02 3.083778e-01 2.998889e-02 -5.048551e-01 4.777094e-02 1.834190e-01 1.456060e-02 -1.282679e-01 1.367811e-02 6.331866e-01 3.881530e-02
2.417417e-02 9.591745e-01 8.343782e-02 3.238395e-01 3.954064e-02 -4.780902e-01 3.053401e-02 1.875812e-01 1.607813e-02 -1.135311e-01 1.869911e-02 6.188076e-01 1.908093e-02
1.194146e-02 4.861301e-01 5.271195e-02 1.972447e-01 1.740623e-02 -3.427089e-01 3.453004e-02 1.347760e-01 7.881136e-03 -7.175052e-02 8.390560e-03 4.581002e-01 3.258141e-02
1.223271e-02 4.731292e-01 5.699575e-02 2.029421e-01 2.684088e-02 -2.948824e-01 2.805886e-02 1.431664e-01 1.335826e-02 -5.250728e-02 9.307976e-03 4.253178e-01 3.174545e-02
1.310648e-02 4.804460e-01 2.410258e-02 2.031041e-01 1.217676e-02 -3.035874e-01 1.258522e-02 1.402627e-01 8.971056e-03 -6.322460e-02 4.614764e-03 4.496124e-01 2.282240e-02
1.456275e-02 5.828707e-01 6.525020e-02 2.243758e-01 2.494200e-02 -3.795871e-01 4.870255e-02 1.427511e-01 1.018104e-02 -8.776813e-02 1.917886e-02 4.830357e-01 4.534487e-02
1.660154e-02 6.473390e-01 7.787565e-02 2.428293e-01 3.014286e-02 -4.007222e-01 7.119646e-02 1.527631e-01 1.475419e-02 -8.887502e-02 2.614399e-02 5.240804e-01 7.536760e-02
1.922283e-02 6.964840e-01 5.279007e-02 2.704370e-01 1.693266e-02 -3.761380e-01 5.112928e-02 1.718928e-01 6.413722e-03 -8.469087e-02 1.664985e-02 5.132801e-01 4.281217e-02
2.242664e-02 9.240247e-01 4.387055e-02 3.255309e-01 1.840716e-02 -4.933063e-01 4.148618e-02 1.883041e-01 1.183060e-02 -1.228629e-01 1.530298e-02 6.290310e-01 4.441025e-02
2.621296e-02 1.210117e+00 1.160102e-01 3.769578e-01 3.221864e-02 -5.899414e-01 5.876497e-02 2.003635e-01 1.055039e-02 -1.471923e-01 1.357295e-02 7.069770e-01 6.195437e-02
1.456275e-02 5.935556e-01 3.006537e-02 2.275159e-01 1.384318e-02 -3.672438e-01 2.353604e-02 1.466798e-01 6.688033e-03 -7.314637e-02 8.750260e-03 4.859562e-01 2.943391e-02
1.485401e-02 5.331361e-01 2.998316e-02 2.128902e-01 9.412715e-03 -3.096941e-01 2.221170e-02 1.364521e-01 5.194383e-03 -6.250462e-02 8.883805e-03 4.211896e-01 1.899864e-02
1.572777e-02 6.164311e-01 4.280759e-02 2.429167e-01 1.989250e-02 -3.495744e-01 2.891305e-02 1.513567e-01 1.109097e-02 -7.564560e-02 1.059199e-02 4.716249e-01 2.579006e-02
1.718405e-02 5.984642e-01 3.518416e-02 2.295984e-01 2.055846e-02 -3.370512e-01 2.383039e-02 1.504140e-01 1.081935e-02 -6.623586e-02 1.446190e-02 4.665687e-01 2.918856e-03
1.922283e-02 6.177219e-01 2.709532e-02 2.217404e-01 1.385406e-02 -3.628045e-01 2.595303e-02 1.489529e-01 8.973260e-03 -7.162849e-02 1.232274e-02 5.339494e-01 1.860460e-02
2.184413e-02 7.927183e-01 6.184005e-02 2.720796e-01 1.954393e-02 -4.446984e-01 4.419283e-02 1.676330e-01 6.728281e-03 -9.447904e-02 1.630594e-02 6.389118e-01 3.437369e-02
2.504793e-02 8.887838e-01 7.979138e-02 3.060600e-01 2.818171e-02 -4.323624e-01 5.140183e-02 1.916949e-01 1.338201e-02 -1.016234e-01 2.096607e-02 6.046509e-01 4.721976e-02
2.883425e-02 9.126566e-01 6.003389e-02 2.768693e-01 2.134442e-02 -4.238137e-01 2.637518e-02 1.758429e-01 7.954504e-03 -1.018859e-01 7.583885e-03 6.627578e-01 3.598189e-02
1.776656e-02 6.996633e-01 5.386078e-02 2.710097e-01 2.744439e-02 -4.040352e-01 3.273210e-02 1.736579e-01 1.317168e-02 -9.127622e-02 1.253795e-02 5.440906e-01 4.724905e-02
1.805781e-02 7.279007e-01 4.998158e-02 2.779275e-01 2.707862e-02 -3.955352e-01 1.595216e-02 1.687198e-01 1.355975e-02 -9.484751e-02 1.132397e-02 5.011491e-01 2.487974e-02
1.893158e-02 7.187913e-01 5.509207e-02 2.590388e-01 1.585194e-02 -4.412146e-01 5.033273e-02 1.574479e-01 7.845822e-03 -1.037331e-01 1.295355e-02 5.548988e-01 4.823763e-02
2.038785e-02 7.887941e-01 7.652748e-02 2.913482e-01 2.787316e-02 -4.025840e-01 5.924955e-02 1.758718e-01 1.071669e-02 -8.588020e-02 2.166969e-02 5.436835e-01 3.675346e-02
2.242664e-02 9.563573e-01 9.607936e-02 3.267620e-01 3.917159e-02 -5.232341e-01 4.255085e-02 1.839054e-01 1.713139e-02 -1.262198e-01 1.773781e-02 6.349027e-01 3.389394e-02
2.504793e-02 1.077519e+00 6.067319e-02 3.627172e-01 2.878553e-02 -5.804930e-01 2.842636e-02 2.082152e-01 1.375194e-02 -1.540293e-01 9.861151e-03 7.196793e-01 2.376315e-02
2.825174e-02 1.039333e+00 5.454257e-02 3.265828e-01 1.657686e-02 -4.754670e-01 4.678200e-02 1.933554e-01 6.407302e-03 -1.214725e-01 1.247447e-02 6.727164e-01 5.901743e-02
3.203806e-02 9.380575e-01 1.008536e-01 2.800431e-01 3.110383e-02 -4.446439e-01 5.760732e-02 1.938298e-01 1.105291e-02 -9.940488e-02 1.063725e-02 7.676716e-01 4.225972e-02
2.155287e-02 7.588247e-01 3.155966e-02 2.550583e-01 7.420605e-03 -4.461465e-01 4.652404e-02 1.573134e-01 7.078515e-03 -9.685428e-02 1.362273e-02 6.116046e-01 3.120399e-02
2.184413e-02 8.012794e-01 7.265599e-02 2.857758e-01 2.931069e-02 -4.291978e-01 4.233617e-02 1.743262e-01 1.369532e-02 -1.007390e-01 1.994602e-02 5.888932e-01 2.794386e-02
2.271789e-02 8.856349e-01 1.058375e-01 2.986796e-01 3.018893e-02 -5.066625e-01 6.202806e-02 1.760115e-01 1.067885e-02 -1.109176e-01 1.722360e-02 6.644706e-01 5.358221e-02
2.417417e-02 1.008942e+00 1.209540e-01 3.390517e-01 4.900658e-02 -4.964074e-01 6.074910e-02 1.918374e-01 2.121932e-02 -1.256854e-01 2.897540e-02 6.479748e-01 2.584092e-02
2.621296e-02 8.911342e-01 4.831113e-02 2.858985e-01 2.157710e-02 -4.389779e-01 4.738260e-02 1.790524e-01 6.075633e-03 -9.071409e-02 1.954408e-02 6.646667e-01 4.925344e-02
2.883425e-02 9.703716e-01 1.044144e-01 3.211961e-01 4.544925e-02 -4.702728e-01 7.535242e-02 2.029945e-01 1.966797e-02 -1.212891e-01 2.732468e-02 6.778170e-01 6.512873e-02
3.203806e-02 9.256251e-01 5.655283e-02 2.791216e-01 1.875487e-02 -4.178451e-01 2.807912e-02 1.979991e-01 1.044098e-02 -9.605229e-02 1.050435e-02 7.112973e-01 2.026868e-02
3.582437e-02 1.025053e+00 6.525349e-02 2.870913e-01 1.613268e-02 -4.986697e-01 5.609703e-02 2.228231e-01 9.480942e-03 -1.363259e-01 1.706355e-02 8.695925e-01 4.567185e-02
1.048518e-02 3.847081e-01 4.601745e-02 1.793087e-01 2.369617e-02 -2.431020e-01 3.862610e-02 1.350174e-01 1.357036e-02 -3.996607e-02 1.684369e-02 3.764580e-01 3.658229e-02
1.077644e-02 3.533386e-01 1.849378e-02 1.610499e-01 7.747796e-03 -2.303668e-01 1.659235e-02 1.261301e-01 5.546870e-03 -3.338524e-02 5.497981e-03 3.813565e-01 2.377572e-02
1.165020e-02 3.811781e-01 3.972912e-02 1.644490e-01 1.489254e-02 -2.627198e-01 2.789179e-02 1.245733e-01 5.566615e-03 -4.336579e-02 1.322381e-02 4.015348e-01 1.959943e-02
1.310648e-02 4.621959e-01 3.122957e-02 1.878727e-01 1.242674e-02 -2.952664e-01 2.401791e-02 1.318150e-01 7.754934e-03 -4.958864e-02 7.810058e-03 4.375289e-01 2.416170e-02
1.514526e-02 5.701867e-01 7.975922e-02 2.284978e-01 3.028622e-02 -3.626538e-01 6.093448e-02 1.506453e-01 1.138131e-02 -7.996914e-02 2.495549e-02 4.902217e-01 5.604136e-02
1.776656e-02 6.832910e-01 2.437260e-02 2.461829e-01 1.239846e-02 -4.301320e-01 1.298246e-02 1.515561e-01 7.402654e-03 -9.107410e-02 4.104060e-03 5.671331e-01 1.757214e-02
2.097036e-02 8.723256e-01 7.395075e-02 3.062167e-01 2.824723e-02 -4.762145e-01 4.886279e-02 1.735740e-01 1.198598e-02 -1.186703e-01 1.658264e-02 5.730085e-01 5.042348e-02
2.475668e-02 9.492556e-01 1.220704e-01 3.138234e-01 3.971455e-02 -4.761420e-01 6.417533e-02 1.894834e-01 1.617166e-02 -1.104649e-01 1.891421e-02 6.438177e-01 3.694300e-02
1.077644e-02 3.796524e-01 3.601437e-02 1.683410e-01 1.688912e-02 -2.381417e-01 2.705891e-02 1.293020e-01 1.107296e-02 -3.526231e-02 7.479785e-03 3.657887e-01 3.008790e-02
1.106769e-02 3.642759e-01 2.335592e-02 1.566231e-01 6.504113e-03 -2.364043e-01 2.704092e-02 1.210924e-01 1.994653e-03 -3.345910e-02 1.345838e-02 3.786226e-01 2.024222e-02
1.194146e-02 4.844657e-01 4.422324e-02 2.102373e-01 2.580617e-02 -3.095235e-01 2.105121e-02 1.488066e-01 1.696472e-02 -5.975841e-02 1.099364e-02 4.459573e-01 1.575199e-02
1.339773e-02 5.191931e-01 7.805955e-02 2.001090e-01 3.190634e-02 -3.600889e-01 5.847613e-02 1.270791e-01 1.258557e-02 -8.599944e-02 2.682068e-02 4.793490e-01 3.680971e-02
1.543652e-02 6.061167e-01 5.834713e-02 2.431011e-01 2.380352e-02 -3.691457e-01 4.715602e-02 1.555010e-01 1.115291e-02 -8.794291e-02 2.007738e-02 4.993991e-01 2.483292e-02
1.805781e-02 6.835638e-01 4.892366e-02 2.500228e-01 1.393113e-02 -4.262784e-01 4.782855e-02 1.589046e-01 7.403777e-03 -8.367302e-02 1.714060e-02 5.838853e-01 2.960431e-02
2.126162e-02 8.874574e-01 8.602530e-02 3.210324e-01 3.738260e-02 -4.689823e-01 3.429436e-02 1.898989e-01 1.655861e-02 -1.153368e-01 2.213663e-02 5.812802e-01 1.919663e-02
2.504793e-02 9.138119e-01 3.499387e-02 3.034100e-01 1.520784e-02 -4.873852e-01 2.692050e-02 1.836306e-01 9.036382e-03 -1.130842e-01 1.047151e-02 6.533252e-01 1.562314e-02
1.165020e-02 4.123795e-01 2.310530e-02 1.795076e-01 1.297864e-02 -2.831427e-01 2.402089e-02 1.325869e-01 6.024188e-03 -5.753382e-02 1.422771e-02 4.027601e-01 1.393745e-02
1.194146e-02 4.396710e-01 2.978627e-02 1.836048e-01 1.158657e-02 -2.791641e-01 2.925071e-02 1.318847e-01 9.182072e-03 -4.260879e-02 9.044128e-03 4.220659e-01 3.082058e-02
1.281522e-02 3.997296e-01 3.806995e-02 1.739596e-01 1.560272e-02 -2.399572e-01 3.039524e-02 1.327348e-01 6.486600e-03 -3.379232e-02 1.381669e-02 3.997040e-01 1.958999e-02
1.427150e-02 5.036578e-01 7.255716e-02 2.195587e-01 3.327090e-02 -2.826780e-01 3.995525e-02 1.556359e-01 1.468586e-02 -5.424512e-02 1.934282e-02 4.172895e-01 2.546668e-02
1.631028e-02 6.160174e-01 2.947473e-02 2.259007e-01 1.614922e-02 -3.800296e-01 1.686383e-02 1.454265e-01 9.793546e-03 -6.900779e-02 8.447036e-03 5.248795e-01 1.335633e-02
1.893158e-02 9.175510e-01 1.154652e-01 3.292186e-01 3.230205e-02 -5.337836e-01 8.101850e-02 1.846988e-01 1.037277e-02 -1.326001e-01 2.246555e-02 6.221011e-01 6.634665e-02
2.213538e-02 8.700029e-01 7.822880e-02 2.991154e-01 2.881846e-02 -4.532084e-01 3.789774e-02 1.793412e-01 1.360887e-02 -9.070376e-02 1.700431e-02 6.125244e-01 1.684698e-02
2.592170e-02 8.209047e-01 8.508713e-02 2.721349e-01 2.676094e-02 -4.169803e-01 4.454440e-02 1.846040e-01 1.278265e-02 -8.537816e-02 1.470827e-02 6.506128e-01 3.073636e-02
1.310648e-02 5.252211e-01 5.779492e-02 2.140633e-01 2.178208e-02 -3.263408e-01 4.113888e-02 1.453950e-01 6.950084e-03 -5.416310e-02 2.132933e-02 4.773747e-01 2.357031e-02
1.339773e-02 5.937525e-01 6.770257e-02 2.283426e-01 2.487792e-02 -4.252173e-01 6.246312e-02 1.453309e-01 1.055101e-02 -8.818012e-02 2.453269e-02 5.759278e-01 6.244358e-02
1.427150e-02 6.121416e-01 7.810076e-02 2.538512e-01 3.619453e-02 -3.625138e-01 4.386386e-02 1.613240e-01 1.556028e-02 -8.524720e-02 2.332312e-02 4.589648e-01 1.024985e-02
1.572777e-02 5.871168e-01 4.027840e-02 2.287434e-01 8.857793e-03 -3.577474e-01 3.206973e-02 1.510115e-01 4.262917e-03 -7.018446e-02 7.862759e-03 4.989842e-01 3.809384e-02
1.776656e-02 7.002245e-01 5.479026e-02 2.547920e-01 2.030759e-02 -4.230225e-01 3.592456e-02 1.604589e-01 7.652801e-03 -8.985679e-02 1.412156e-02 5.634390e-01 2.430588e-02
2.038785e-02 7.440024e-01 7.543566e-02 2.628432e-01 2.276251e-02 -4.258440e-01 5.123913e-02 1.649116e-01 5.757244e-03 -8.399613e-02 1.692868e-02 5.765936e-01 4.256914e-02
2.359166e-02 8.969927e-01 7.871432e-02 2.992702e-01 2.922585e-02 -4.694691e-01 4.042401e-02 1.819929e-01 1.277330e-02 -9.844859e-02 1.367940e-02 6.534250e-01 3.653878e-02
2.737798e-02 1.036724e+00 1.043691e-01 3.279331e-01 4.334586e-02 -4.866161e-01 4.116079e-02 1.987641e-01 1.744140e-02 -1.111908e-01 1.899989e-02 6.606789e-01 2.979459e-02
1.514526e-02 4.885646e-01 4.134762e-02 1.921087e-01 1.579509e-02 -3.026651e-01 3.749566e-02 1.350991e-01 6.665359e-03 -5.236210e-02 9.786885e-03 4.650613e-01 4.418009e-02
1.543652e-02 6.381423e-01 5.564432e-02 2.445243e-01 2.518859e-02 -4.006689e-01 3.203062e-02 1.538293e-01 1.159097e-02 -9.180102e-02 1.355665e-02 5.089593e-01 2.981585e-02
1.631028e-02 6.813220e-01 4.425550e-02 2.489242e-01 1.475733e-02 -4.401534e-01 3.677145e-02 1.566498e-01 3.946703e-03 -9.250406e-02 1.381362e-02 5.801364e-01 3.194046e-02
1.776656e-02 6.283801e-01 6.472857e-02 2.362463e-01 2.649895e-02 -3.606587e-01 4.143948e-02 1.525026e-01 1.252596e-02 -7.155156e-02 1.805059e-02 5.018895e-01 2.978263e-02
1.980534e-02 6.442919e-01 8.591989e-02 2.308923e-01 3.099261e-02 -3.548076e-01 4.315462e-02 1.436933e-01 1.184308e-02 -7.397564e-02 1.432640e-02 4.831369e-01 3.660051e-02
2.242664e-02 9.765027e-01 8.375686e-02 3.271087e-01 2.862621e-02 -5.221865e-01 5.543957e-02 1.807984e-01 1.007768e-02 -1.243446e-01 1.424254e-02 6.303004e-01 4.185537e-02
2.563045e-02 1.097570e+00 8.290900e-02 3.640907e-01 2.464456e-02 -5.473281e-01 6.063023e-02 2.086629e-01 6.892736e-03 -1.333503e-01 1.923407e-02 6.784427e-01 4.278904e-02
2.941676e-02 1.031635e+00 8.608503e-02 3.146678e-01 3.189088e-02 -5.150223e-01 6.509739e-02 2.003885e-01 1.283004e-02 -1.221156e-01 2.094398e-02 7.578083e-01 4.715562e-02
1.776656e-02 8.045330e-01 8.853600e-02 2.875190e-01 2.778877e-02 -5.043221e-01 6.097466e-02 1.680956e-01 9.073045e-03 -1.211909e-01 2.025071e-02 5.902301e-01 2.726070e-02
1.805781e-02 6.909859e-01 5.217526e-02 2.579770e-01 1.309194e-02 -4.077523e-01 4.106453e-02 1.606981e-01 3.142349e-03 -9.233211e-02 1.307007e-02 5.161481e-01 4.371377e-02
1.893158e-02 8.667231e-01 1.250872e-01 3.305824e-01 4.880850e-02 -4.675623e-01 7.311976e-02 1.910252e-01 2.162041e-02 -1.178138e-01 2.760353e-02 5.562938e-01 4.139490e-02
2.038785e-02 8.468165e-01 7.746846e-02 3.112431e-01 2.682521e-02 -4.661350e-01 4.219305e-02 1.840285e-01 9.447242e-03 -1.154786e-01 1.243584e-02 5.888767e-01 3.080139e-02
2.242664e-02 9.852537e-01 8.874518e-02 3.363712e-01 3.759297e-02 -5.716334e-01 4.772477e-02 1.942714e-01 1.579619e-02 -1.375420e-01 1.765343e-02 6.548410e-01 2.962881e-02
2.504793e-02 9.294950e-01 1.008227e-01 3.183404e-01 3.880068e-02 -4.550533e-01 3.458191e-02 1.932161e-01 1.662063e-02 -1.096957e-01 1.455378e-02 6.141660e-01 2.206767e-02
2.825174e-02 9.773864e-01 6.327251e-02 3.091471e-01 2.249444e-02 -4.973685e-01 4.099114e-02 1.981600e-01 1.019484e-02 -1.273031e-01 1.220998e-02 7.008039e-01 4.960035e-02
3.203806e-02 1.073098e+00 1.237832e-01 3.160757e-01 3.844260e-02 -4.611245e-01 5.843364e-02 2.016683e-01 1.410212e-02 -1.152668e-01 1.940069e-02 6.860515e-01 5.771689e-02
2.097036e-02 8.977634e-01 9.036181e-02 3.154625e-01 3.558000e-02 -5.345131e-01 5.904903e-02 1.845930e-01 1.267369e-02 -1.224100e-01 2.396931e-02 6.722406e-01 3.826382e-02
2.126162e-02 8.718390e-01 3.488673e-02 3.138922e-01 1.616759e-02 -5.104988e-01 2.083496e-02 1.801046e-01 8.679019e-03 -1.336692e-01 1.143140e-02 6.121082e-01 2.155650e-02
2.213538e-02 8.489853e-01 5.716755e-02 2.993642e-01 2.277727e-02 -4.386006e-01 2.945833e-02 1.845768e-01 1.134792e-02 -9.444151e-02 8.662135e-03 5.752440e-01 2.878021e-02
2.359166e-02 1.001713e+00 8.442739e-02 3.407028e-01 2.009400e-02 -5.387840e-01 7.178767e-02 2.022925e-01 5.093728e-03 -1.296618e-01 2.053007e-02 6.615361e-01 6.270918e-02
2.563045e-02 9.979794e-01 6.380464e-02 3.256791e-01 2.341424e-02 -5.228986e-01 3.504184e-02 1.870280e-01 1.255234e-02 -1.230390e-01 1.426491e-02 6.645868e-01 4.285235e-02
2.825174e-02 1.026716e+00 2.956231e-02 2.953260e-01 1.767290e-02 -5.188409e-01 3.419378e-02 1.804229e-01 1.215493e-02 -1.107897e-01 1.076846e-02 7.466940e-01 3.560666e-02
3.145555e-02 9.617453e-01 3.333813e-02 2.865784e-01 5.792591e-03 -4.557391e-01 3.046246e-02 1.939576e-01 5.372201e-03 -1.160344e-01 1.101455e-02 7.046508e-01 2.418725e-02
3.524186e-02 9.251343e-01 5.068136e-02 2.590208e-01 2.319904e-02 -4.192039e-01 3.075310e-02 2.039231e-01 1.538651e-02 -1.118746e-01 1.683639e-02 7.984269e-01 2.588836e-02
2.475668e-02 1.056556e+00 1.384428e-01 3.578843e-01 4.668826e-02 -5.788459e-01 9.706458e-02 2.068990e-01 1.684763e-02 -1.416750e-01 3.497651e-02 7.022108e-01 6.373777e-02
2.504793e-02 9.652893e-01 7.479998e-02 2.946490e-01 2.579792e-02 -4.746312e-01 5.255210e-02 1.768585e-01 1.224494e-02 -1.042237e-01 1.672982e-02 6.150258e-01 4.011560e-02
2.592170e-02 9.596624e-01 5.190238e-02 3.053813e-01 2.409116e-02 -5.185913e-01 2.363022e-02 1.885786e-01 1.326703e-02 -1.151696e-01 1.024967e-02 7.033314e-01 2.802601e-02
2.737798e-02 9.941709e-01 9.570709e-02 3.154464e-01 3.679254e-02 -5.171072e-01 5.467267e-02 1.919049e-01 1.506333e-02 -1.173995e-01 2.150280e-02 7.022922e-01 5.053443e-02
2.941676e-02 9.438591e-01 1.028132e-01 2.889866e-01 3.486407e-02 -4.456247e-01 4.011724e-02 1.902987e-01 1.073757e-02 -1.095315e-01 7.442756e-03 6.737155e-01 3.808571e-02
3.203806e-02 9.695369e-01 4.758611e-02 2.782402e-01 1.466621e-02 -4.422777e-01 3.677202e-02 1.977174e-01 9.876062e-03 -1.199379e-01 4.842706e-03 7.279912e-01 5.327468e-02
3.524186e-02 9.172036e-01 4.821409e-02 2.700762e-01 2.300425e-02 -3.860109e-01 4.079456e-02 2.130892e-01 1.144925e-02 -1.045316e-01 1.753106e-02 7.330589e-01 4.950374e-02
3.902818e-02 8.315720e-01 2.070560e-02 2.179982e-01 1.832803e-02 -3.269855e-01 1.701714e-02 2.091813e-01 5.987887e-03 -9.473081e-02 1.121537e-02 7.574762e-01 2.158330e-02
1.427150e-02 5.520486e-01 5.327564e-02 2.203843e-01 1.813641e-02 -3.532333e-01 3.307937e-02 1.450800e-01 8.446884e-03 -8.011987e-02 1.261482e-02 4.643113e-01 2.046002e-02
1.456275e-02 4.752072e-01 2.061803e-02 2.021959e-01 8.123940e-03 -2.473443e-01 2.198927e-02 1.429638e-01 4.546327e-03 -4.236028e-02 1.003889e-02 3.754230e-01 1.159358e-02
1.543652e-02 5.695542e-01 5.492394e-02 2.145432e-01 2.269524e-02 -3.599863e-01 2.900481e-02 1.373315e-01 1.259754e-02 -7.149267e-02 8.269859e-03 5.014504e-01 3.462004e-02
1.689279e-02 6.284438e-01 4.086761e-02 2.400797e-01 1.685274e-02 -3.642431e-01 3.196689e-02 1.599823e-01 9.389105e-03 -7.201745e-02 1.014857e-02 4.907808e-01 3.009423e-02
1.893158e-02 7.515502e-01 6.083579e-02 2.739767e-01 2.000255e-02 -4.134701e-01 4.612212e-02 1.659727e-01 4.217063e-03 -8.872266e-02 2.215270e-02 5.499074e-01 2.219338e-02
2.155287e-02 9.548536e-01 3.007483e-02 3.395227e-01 1.150961e-02 -4.839154e-01 2.696063e-02 1.891021e-01 4.329408e-03 -1.190848e-01 8.426961e-03 6.075356e-01 2.870976e-02
2.475668e-02 9.198909e-01 1.205825e-01 3.104426e-01 3.821348e-02 -5.025823e-01 6.763872e-02 1.792879e-01 1.181469e-02 -1.138295e-01 2.143881e-02 6.525869e-01 5.105430e-02
2.854300e-02 9.781919e-01 6.901284e-02 3.039690e-01 2.052355e-02 -5.360075e-01 4.345091e-02 1.916039e-01 1.348263e-02 -1.181614e-01 1.635079e-02 7.456329e-01 3.529985e-02
1.456275e-02 5.972813e-01 4.968523e-02 2.439007e-01 1.771073e-02 -3.626711e-01 3.252158e-02 1.533003e-01 7.611756e-03 -8.596851e-02 8.369804e-03 4.850461e-01 3.548630e-02
1.485401e-02 5.835119e-01 4.543797e-02 2.288667e-01 1.685865e-02 -3.473678e-01 4.452101e-02 1.524740e-01 7.176482e-03 -6.436970e-02 1.659299e-02 5.042990e-01 4.228924e-02
1.572777e-02 5.858568e-01 5.985881e-02 2.392739e-01 2.642443e-02 -3.334477e-01 2.844815e-02 1.553190e-01 1.331971e-02 -8.572529e-02 9.737067e-03 4.441767e-01 1.765375e-02
1.718405e-02 6.966199e-01 5.265320e-02 2.767815e-01 3.110679e-02 -3.774066e-01 3.336447e-02 1.765120e-01 1.549128e-02 -7.957197e-02 1.972702e-02 5.013499e-01 2.220320e-02
1.922283e-02 6.193437e-01 2.953232e-02 2.131895e-01 1.460019e-02 -3.726296e-01 2.844343e-02 1.372569e-01 8.029806e-03 -7.389466e-02 1.271556e-02 5.389619e-01 2.607954e-02
2.184413e-02 8.425994e-01 7.767912e-02 2.940649e-01 2.926663e-02 -4.400499e-01 4.047005e-02 1.737183e-01 1.016075e-02 -1.043408e-01 1.519573e-02 5.687553e-01 2.533757e-02
2.504793e-02 1.012747e+00 1.243255e-01 3.535391e-01 4.136394e-02 -5.461772e-01 6.766457e-02 2.112307e-01 1.539976e-02 -1.421268e-01 2.046067e-02 6.878259e-01 4.881735e-02
2.883425e-02 9.914158e-01 6.214071e-02 2.938053e-01 1.940646e-02 -5.297917e-01 2.508864e-02 1.813995e-01 7.254149e-03 -1.274365e-01 1.057607e-02 7.381395e-01 1.146364e-02
1.543652e-02 6.225784e-01 5.641020e-02 2.388410e-01 2.592301e-02 -3.732007e-01 3.362596e-02 1.457827e-01 1.175139e-02 -8.436634e-02 1.443394e-02 4.771788e-01 3.411761e-02
1.572777e-02 5.953977e-01 7.148907e-02 2.404369e-01 2.386051e-02 -3.207179e-01 4.744008e-02 1.577657e-01 1.006539e-02 -6.325145e-02 1.637631e-02 4.534192e-01 3.668779e-02
1.660154e-02 5.762389e-01 4.869981e-02 2.353931e-01 1.931748e-02 -3.258219e-01 4.606791e-02 1.642699e-01 8.970626e-03 -5.801230e-02 9.689471e-03 4.844417e-01 4.476427e-02
1.805781e-02 8.139583e-01 6.861742e-02 3.125697e-01 2.793576e-02 -4.906666e-01 3.317628e-02 1.778255e-01 1.335327e-02 -1.369917e-01 1.048415e-02 5.805272e-01 2.006752e-02
2.009660e-02 7.312247e-01 9.742606e-02 2.652666e-01 3.939786e-02 -4.118507e-01 4.759274e-02 1.663675e-01 1.365375e-02 -8.928693e-02 2.176545e-02 5.726250e-01 1.348253e-02
2.271789e-02 9.983042e-01 9.661971e-02 3.431006e-01 3.379943e-02 -5.067738e-01 4.596085e-02 1.889757e-01 1.320216e-02 -1.237864e-01 1.950883e-02 6.335195e-01 1.855989e-02
2.592170e-02 8.559376e-01 4.614633e-02 2.599333e-01 1.589080e-02 -4.927995e-01 2.814962e-02 1.585242e-01 6.078142e-03 -1.066134e-01 1.026704e-02 6.770330e-01 2.266105e-02
2.970802e-02 9.960577e-01 8.260849e-02 3.155995e-01 2.420953e-02 -4.282358e-01 5.379076e-02 2.016007e-01 4.859811e-03 -1.071321e-01 1.908880e-02 6.612992e-01 2.597581e-02
1.689279e-02 7.867799e-01 5.595502e-02 3.034397e-01 2.375741e-02 -4.734872e-01 2.644436e-02 1.787130e-01 1.139105e-02 -1.236304e-01 1.111914e-02 5.447180e-01 1.990898e-02
1.718405e-02 7.460016e-01 6.468721e-02 2.969387e-01 2.578106e-02 -4.079432e-01 2.887036e-02 1.810698e-01 1.212776e-02 -9.280453e-02 1.116042e-02 5.193224e-01 2.188980e-02
1.805781e-02 6.567876e-01 4.260562e-02 2.534966e-01 1.668606e-02 -3.832561e-01 3.012340e-02 1.618293e-01 7.894468e-03 -8.894934e-02 1.413982e-02 5.127660e-01 1.795504e-02
1.951409e-02 8.981668e-01 3.850524e-02 3.228901e-01 1.869813e-02 -5.463358e-01 1.477322e-02 1.812182e-01 1.119131e-02 -1.409147e-01 1.394439e-02 6.702578e-01 1.369505e-02
2.155287e-02 7.411862e-01 7.423127e-02 2.487708e-01 2.555357e-02 -3.958311e-01 4.362646e-02 1.561436e-01 7.944086e-03 -8.542522e-02 1.689050e-02 5.223155e-01 2.593783e-02
2.417417e-02 1.012794e+00 1.300434e-01 3.326856e-01 5.250039e-02 -5.897160e-01 6.991113e-02 1.897962e-01 2.164217e-02 -1.345162e-01 2.629493e-02 7.562530e-01 3.661910e-02
2.737798e-02 1.169579e+00 5.165733e-02 3.734811e-01 2.660760e-02 -5.933235e-01 2.381286e-02 2.094441e-01 1.195041e-02 -1.461344e-01 1.574009e-02 7.228508e-01 3.059466e-02
3.116429e-02 1.057642e+00 9.505743e-02 3.316940e-01 4.461500e-02 -5.144259e-01 4.286233e-02 2.132383e-01 2.109972e-02 -1.424338e-01 2.189090e-02 7.086602e-01 3.267022e-02
1.893158e-02 8.767017e-01 6.983382e-02 3.430004e-01 2.784622e-02 -5.117952e-01 6.099810e-02 1.989619e-01 1.176781e-02 -1.483281e-01 2.410521e-02 5.822427e-01 5.328310e-02
1.922283e-02 7.591013e-01 6.049110e-02 2.812210e-01 2.467642e-02 -4.316170e-01 4.777163e-02 1.727972e-01 9.509743e-03 -1.004937e-01 1.962749e-02 5.698413e-01 4.296659e-02
2.009660e-02 8.065833e-01 1.035299e-01 3.021813e-01 3.935839e-02 -4.106933e-01 5.626581e-02 1.892053e-01 1.217625e-02 -9.564040e-02 2.430765e-02 5.250184e-01 2.254503e-02
2.155287e-02 1.064683e+00 1.229479e-01 3.829484e-01 4.104054e-02 -5.724915e-01 7.355592e-02 2.088802e-01 1.365187e-02 -1.456673e-01 2.440904e-02 6.423605e-01 5.632250e-02
2.359166e-02 8.913177e-01 4.918397e-02 2.927619e-01 1.911643e-02 -5.196148e-01 3.272674e-02 1.793443e-01 6.941199e-03 -1.227833e-01 1.588989e-02 6.915802e-01 2.535734e-02
2.621296e-02 1.097106e+00 5.692570e-02 3.581657e-01 2.535612e-02 -5.450048e-01 1.454439e-02 1.965785e-01 1.453186e-02 -1.434873e-01 6.740355e-03 7.010322e-01 2.255723e-02
2.941676e-02 1.253643e+00 1.262897e-01 3.846731e-01 3.861549e-02 -5.931236e-01 6.515089e-02 2.143113e-01 1.712669e-02 -1.448751e-01 1.723252e-02 7.658182e-01 4.497370e-02
3.320308e-02 9.375312e-01 7.760651e-02 2.642192e-01 3.167536e-02 -4.368635e-01 8.260532e-02 1.990786e-01 1.390363e-02 -1.126325e-01 3.434347e-02 7.974522e-01 7.747553e-02
2.155287e-02 8.624675e-01 1.389130e-01 3.010729e-01 5.184868e-02 -4.867892e-01 8.730143e-02 1.758416e-01 2.040965e-02 -1.151798e-01 2.759479e-02 6.303759e-01 8.623363e-02
2.184413e-02 8.349620e-01 9.463668e-02 3.019205e-01 2.811966e-02 -4.506838e-01 5.378383e-02 1.814035e-01 9.272598e-03 -1.180179e-01 1.980538e-02 5.818641e-01 2.804829e-02
2.271789e-02 8.932143e-01 8.995345e-02 2.973973e-01 2.903246e-02 -5.163336e-01 6.273061e-02 1.715860e-01 8.375488e-03 -1.242818e-01 1.939034e-02 6.512998e-01 6.280942e-02
2.417417e-02 1.049116e+00 8.863627e-02 3.449532e-01 3.162218e-02 -5.873951e-01 4.073035e-02 1.960841e-01 1.277210e-02 -1.416792e-01 1.346301e-02 7.335775e-01 2.650430e-02
2.621296e-02 1.000155e+00 7.653934e-02 3.281753e-01 3.223054e-02 -5.071299e-01 3.072102e-02 1.972197e-01 1.633010e-02 -1.138298e-01 6.384798e-03 7.202682e-01 1.999533e-02
2.883425e-02 9.848672e-01 9.698154e-02 2.962531e-01 3.232984e-02 -5.144301e-01 6.172719e-02 1.798536e-01 1.210932e-02 -1.145267e-01 1.489973e-02 7.502813e-01 5.709609e-02
3.203806e-02 9.485345e-01 4.580514e-02 2.804005e-01 3.177035e-02 -4.921376e-01 2.685268e-02 1.949710e-01 1.336312e-02 -1.213004e-01 1.458483e-02 7.609241e-01 4.031769e-02
3.582437e-02 9.691902e-01 8.792964e-02 2.534874e-01 2.661093e-02 -4.541037e-01 1.244634e-02 2.065600e-01 6.898796e-03 -1.149224e-01 1.173389e-02 7.105730e-01 1.509635e-02
2.475668e-02 1.105320e+00 8.584928e-02 3.604122e-01 3.066903e-02 -6.194978e-01 4.382121e-02 2.015373e-01 1.184434e-02 -1.558749e-01 1.226125e-02 7.438354e-01 2.843594e-02
2.504793e-02 1.115196e+00 6.134030e-02 3.724005e-01 2.162928e-02 -5.591691e-01 3.159853e-02 2.070036e-01 9.312239e-03 -1.469032e-01 1.862168e-02 7.088294e-01 2.988572e-02
2.592170e-02 8.276511e-01 4.182123e-02 2.811489e-01 1.771764e-02 -4.419837e-01 1.681088e-02 1.906172e-01 6.313515e-03 -1.011372e-01 9.913945e-03 6.785820e-01 1.661429e-02
2.737798e-02 9.416126e-01 8.387358e-02 2.846432e-01 2.975088e-02 -4.509793e-01 2.648660e-02 1.789124e-01 8.193520e-03 -1.006730e-01 8.160288e-03 6.291341e-01 2.581451e-02
2.941676e-02 9.536312e-01 3.847618e-02 2.791610e-01 1.539105e-02 -5.033360e-01 3.846875e-02 1.871430e-01 6.026280e-03 -1.210842e-01 1.112057e-02 7.608180e-01 4.356748e-02
3.203806e-02 9.304368e-01 1.042452e-01 2.898567e-01 2.913570e-02 -4.355731e-01 8.719183e-02 2.003581e-01 6.580447e-03 -1.304415e-01 2.910071e-02 7.072510e-01 8.903298e-02
3.524186e-02 1.130745e+00 7.200270e-02 3.080563e-01 1.453121e-02 -4.989283e-01 5.388174e-02 2.229317e-01 9.420208e-03 -1.360242e-01 1.872089e-02 7.925937e-01 3.540067e-02
3.902818e-02 9.116965e-01 1.016494e-01 2.449083e-01 3.784006e-02 -3.518925e-01 3.376982e-02 2.232657e-01 1.105666e-02 -1.339550e-01 1.427478e-02 7.889538e-01 3.436073e-02
2.854300e-02 9.357875e-01 7.545923e-02 3.029529e-01 1.950626e-02 -4.827154e-01 7.042089e-02 1.965161e-01 5.026715e-03 -1.034137e-01 2.417535e-02 7.285119e-01 5.993000e-02
2.883425e-02 9.130990e-01 6.755557e-02 2.852363e-01 3.089426e-02 -4.437458e-01 2.077514e-02 1.861295e-01 9.379214e-03 -1.019451e-01 7.865095e-03 6.567953e-01 1.107814e-02
2.970802e-02 1.105939e+00 7.974284e-02 3.285379e-01 2.884147e-02 -5.602195e-01 5.449782e-02 1.968566e-01 1.755913e-02 -1.504928e-01 2.101842e-02 7.471267e-01 3.556992e-02
3.116429e-02 1.092228e+00 7.097029e-02 3.197768e-01 2.922225e-02 -5.554292e-01 3.248274e-02 2.077619e-01 1.877501e-02 -1.311266e-01 1.269526e-02 7.990664e-01 1.667342e-02
3.320308e-02 8.708937e-01 4.285086e-02 2.401872e-01 9.304920e-03 -4.054847e-01 3.691376e-02 1.856040e-01 5.093450e-03 -9.397187e-02 8.755086e-03 7.303945e-01 5.137432e-02
3.582437e-02 1.031961e+00 6.116886e-02 2.846748e-01 2.251377e-02 -4.576675e-01 3.474289e-02 2.183554e-01 8.238632e-03 -1.233073e-01 4.809681e-03 8.099712e-01 5.906242e-02
3.902818e-02 9.330577e-01 4.488516e-02 2.626148e-01 2.178153e-02 -3.602831e-01 2.800571e-02 2.486573e-01 1.001580e-02 -1.035178e-01 1.613345e-02 8.338332e-01 5.042640e-02
4.281449e-02 8.915758e-01 5.419301e-02 1.973848e-01 1.739335e-02 -3.535348e-01 2.981621e-02 2.281580e-01 1.071821e-02 -1.217110e-01 1.576537e-02 9.303782e-01 1.597041e-02
