# k^2  MgMg MgMg_error  MgCl MgCl_error  MgNa MgNa_error  ClCl ClCl_error  ClNa ClNa_error  NaNa NaNa_error
0.000000e+00 1.216000e+03 0.000000e+00 2.151866e+03 0.000000e+00 1.293529e+03 0.000000e+00 3.808000e+03 0.000000e+00 2.289063e+03 0.000000e+00 1.376000e+03 0.000000e+00
2.914358e-04 1.249128e-01 2.390701e-02 7.443444e-02 1.146841e-02 -1.087687e-01 2.688952e-02 8.721612e-02 7.618182e-03 7.648300e-03 1.191721e-02 2.202266e-01 4.278391e-02
1.165743e-03 1.795067e-01 4.046528e-02 8.444566e-02 7.942413e-03 -1.883855e-01 6.704100e-02 8.649445e-02 8.024437e-03 -1.383045e-02 2.417831e-02 3.290408e-01 9.722825e-02
2.622922e-03 1.810664e-01 5.942664e-02 1.093341e-01 2.197917e-02 -1.289095e-01 7.000695e-02 1.073464e-01 8.619141e-03 -9.563075e-03 2.826132e-02 2.320890e-01 7.718751e-02
4.662972e-03 2.258259e-01 4.315944e-02 1.059579e-01 1.880069e-02 -1.934643e-01 5.399732e-02 9.463280e-02 1.095889e-02 -1.581627e-02 2.650434e-02 3.321124e-01 6.448499e-02
7.285894e-03 2.421967e-01 6.038925e-02 1.280731e-01 3.441152e-02 -1.499969e-01 3.846654e-02 1.095341e-01 2.184407e-02 -1.876236e-02 1.937167e-02 2.500410e-01 3.650950e-02
1.049169e-02 3.845381e-01 4.476366e-02 1.694841e-01 1.161855e-02 -2.324052e-01 5.879574e-02 1.386460e-01 7.368305e-03 -1.161887e-02 2.187166e-02 3.998913e-01 4.306607e-02
1.428035e-02 4.836239e-01 6.357929e-02 1.926995e-01 4.030757e-02 -3.052181e-01 1.895105e-02 1.433954e-01 2.097724e-02 -4.961779e-02 2.473292e-02 4.565145e-01 2.314919e-02
2.914358e-04 9.467480e-02 1.562841e-02 5.593479e-02 6.425961e-03 -8.428503e-02 2.610886e-02 6.659534e-02 6.178679e-03 5.977551e-03 1.054442e-02 1.706537e-01 3.628666e-02
5.828715e-04 8.711240e-02 2.013045e-02 8.161335e-02 2.077619e-02 -2.443079e-02 9.391531e-03 1.063162e-01 2.035869e-02 2.492727e-02 9.375842e-03 8.889285e-02 6.841886e-03
1.457179e-03 1.342335e-01 2.509415e-02 7.000049e-02 1.420409e-02 -1.238111e-01 2.639770e-02 7.820963e-02 1.385571e-02 5.522974e-03 4.522101e-03 2.464385e-01 4.488674e-02
2.914358e-03 1.722777e-01 3.542774e-02 1.001995e-01 1.409287e-02 -1.326344e-01 5.381509e-02 1.039397e-01 1.568868e-02 2.204432e-04 2.470205e-02 2.587569e-01 6.477085e-02
4.954408e-03 2.339118e-01 3.574728e-02 1.223300e-01 1.593964e-02 -1.813504e-01 3.251386e-02 1.104627e-01 7.229947e-03 -3.010797e-02 1.543645e-02 2.749553e-01 3.107224e-02
7.577330e-03 3.650275e-01 5.699459e-02 1.509506e-01 1.609286e-02 -3.175777e-01 7.715970e-02 1.139927e-01 7.555063e-03 -5.966677e-02 2.432632e-02 4.538363e-01 9.884318e-02
1.078312e-02 4.464160e-01 7.520150e-02 1.727084e-01 2.797056e-02 -3.419467e-01 6.554903e-02 1.239488e-01 8.984989e-03 -6.221931e-02 2.976650e-02 4.735212e-01 4.907288e-02
1.457179e-02 6.327075e-01 4.485202e-02 2.435148e-01 3.464107e-02 -4.307459e-01 3.438590e-02 1.468298e-01 2.347750e-02 -1.078496e-01 2.221785e-02 5.342482e-01 4.659487e-02
1.165743e-03 1.221139e-01 3.444127e-02 7.132241e-02 1.207636e-02 -1.007952e-01 4.380332e-02 1.022597e-01 1.437308e-02 4.335764e-02 2.904215e-02 2.670952e-01 5.671884e-02
1.457179e-03 1.337006e-01 2.459608e-02 7.181025e-02 9.447148e-03 -1.230998e-01 2.878721e-02 1.026898e-01 9.905986e-03 4.167207e-02 2.108902e-02 3.076997e-01 5.767344e-02
2.331486e-03 1.924277e-01 3.649182e-02 8.150555e-02 1.815602e-02 -1.972214e-01 3.736814e-02 9.595555e-02 7.410456e-03 2.088639e-02 2.622067e-02 4.015686e-01 4.303399e-02
3.788665e-03 2.171867e-01 7.704011e-02 1.154673e-01 3.153024e-02 -1.824778e-01 7.838738e-02 1.147560e-01 1.605214e-02 -7.528786e-03 2.518802e-02 3.471928e-01 9.366149e-02
5.828715e-03 2.755358e-01 3.391171e-02 1.360114e-01 1.684501e-02 -2.226537e-01 4.338628e-02 1.278142e-01 7.723491e-03 -1.302987e-02 1.486966e-02 3.999315e-01 6.196882e-02
8.451637e-03 3.531891e-01 4.077091e-02 1.598942e-01 1.936858e-02 -2.413586e-01 3.440119e-02 1.251435e-01 8.040392e-03 -3.264949e-02 1.000936e-02 3.721343e-01 4.932773e-02
1.165743e-02 5.431661e-01 1.908217e-01 2.244162e-01 7.854768e-02 -3.611386e-01 1.562326e-01 1.474511e-01 3.336961e-02 -7.154554e-02 6.168719e-02 4.856829e-01 1.296269e-01
1.544610e-02 5.420088e-01 8.852548e-02 2.363035e-01 4.284662e-02 -2.961478e-01 6.752216e-02 1.666362e-01 2.462874e-02 -5.307856e-02 3.552867e-02 4.585465e-01 5.424387e-02
2.622922e-03 1.548529e-01 4.221054e-02 7.983119e-02 1.656519e-02 -1.355881e-01 5.185403e-02 8.960107e-02 8.731234e-03 9.898124e-03 2.175193e-02 2.730285e-01 7.252627e-02
2.914358e-03 1.734134e-01 2.942460e-02 1.020236e-01 1.562992e-02 -1.275240e-01 3.136433e-02 1.031265e-01 7.364300e-03 -6.082689e-03 1.663666e-02 2.315447e-01 3.975811e-02
3.788665e-03 1.569316e-01 2.227699e-02 9.320567e-02 2.099027e-02 -1.122441e-01 2.508033e-02 1.022397e-01 1.997961e-02 1.046989e-02 7.860248e-03 2.416687e-01 4.374833e-02
5.245844e-03 2.734197e-01 7.112852e-02 1.478806e-01 4.245063e-02 -1.949367e-01 4.999000e-02 1.245696e-01 2.539609e-02 -3.266250e-02 2.879521e-02 3.141528e-01 3.702723e-02
7.285894e-03 2.600673e-01 2.958509e-02 1.290392e-01 6.900607e-03 -1.861220e-01 4.278619e-02 1.116782e-01 4.908182e-03 -1.849914e-02 1.908261e-02 3.153549e-01 5.312490e-02
9.908816e-03 4.752476e-01 1.693979e-01 2.183282e-01 6.692048e-02 -3.250525e-01 1.577340e-01 1.622884e-01 3.014162e-02 -5.516229e-02 6.104486e-02 4.747338e-01 1.421549e-01
1.311461e-02 4.832367e-01 4.222276e-02 2.076805e-01 1.727035e-02 -3.159533e-01 3.056840e-02 1.384379e-01 1.220820e-02 -8.123310e-02 1.093994e-02 4.277891e-01 3.916150e-02
1.690327e-02 5.421828e-01 9.372551e-02 2.006958e-01 3.834932e-02 -3.471719e-01 8.712855e-02 1.285191e-01 2.238046e-02 -7.295440e-02 2.452666e-02 5.022613e-01 7.063510e-02
4.662972e-03 2.282471e-01 6.162527e-02 1.276881e-01 3.607573e-02 -1.579680e-01 4.242776e-02 1.260532e-01 2.131000e-02 5.356039e-04 3.145143e-02 2.964389e-01 2.571062e-02
4.954408e-03 2.347166e-01 5.068366e-02 1.232895e-01 3.155726e-02 -1.815780e-01 3.539898e-02 1.147341e-01 2.004340e-02 -1.701924e-02 2.325474e-02 3.068607e-01 3.139732e-02
5.828715e-03 2.092807e-01 3.050932e-02 1.016077e-01 1.701863e-02 -1.730995e-01 5.427604e-02 1.080868e-01 1.829977e-02 1.308188e-02 8.730479e-03 3.499326e-01 8.588094e-02
7.285894e-03 3.134118e-01 3.838520e-02 1.500350e-01 3.240908e-02 -2.220452e-01 4.972834e-02 1.255248e-01 2.800344e-02 -2.160454e-02 4.357927e-03 3.657278e-01 6.680538e-02
9.325944e-03 3.875578e-01 6.750592e-02 1.807141e-01 2.787596e-02 -2.341175e-01 5.948523e-02 1.369430e-01 1.227502e-02 -3.133286e-02 2.392746e-02 3.567529e-01 6.611207e-02
1.194887e-02 3.804871e-01 3.529267e-02 1.607555e-01 8.922144e-03 -2.359745e-01 4.275847e-02 1.262182e-01 8.508144e-03 -2.346079e-02 9.352195e-03 3.980692e-01 5.934281e-02
1.515466e-02 5.628003e-01 1.545489e-01 2.016759e-01 6.341067e-02 -3.758061e-01 9.895597e-02 1.347783e-01 2.527758e-02 -6.005854e-02 4.369217e-02 5.386051e-01 5.721115e-02
1.894332e-02 6.279917e-01 9.043155e-02 2.187366e-01 3.774361e-02 -3.946578e-01 4.511854e-02 1.398017e-01 1.481492e-02 -7.016144e-02 2.439609e-02 5.607605e-01 4.572701e-02
7.285894e-03 2.258915e-01 3.439563e-02 1.052287e-01 1.346563e-02 -1.810222e-01 5.429479e-02 9.573132e-02 1.206578e-02 -2.486047e-03 1.930361e-02 3.557726e-01 6.181017e-02
7.577330e-03 2.820214e-01 5.691214e-02 1.384770e-01 2.285015e-02 -1.832265e-01 4.645319e-02 1.259611e-01 8.690307e-03 -7.031212e-03 2.790955e-02 3.251399e-01 3.437568e-02
8.451637e-03 3.182017e-01 7.430878e-02 1.383775e-01 2.051984e-02 -2.470480e-01 8.580197e-02 1.112138e-01 9.805169e-03 -3.034230e-02 2.351197e-02 3.909622e-01 9.670802e-02
9.908816e-03 4.657331e-01 8.107894e-02 2.251829e-01 3.661636e-02 -3.432976e-01 7.524360e-02 1.534846e-01 1.870338e-02 -1.031438e-01 3.471408e-02 4.497937e-01 6.271662e-02
1.194887e-02 4.531319e-01 4.881001e-02 2.167892e-01 2.102433e-02 -2.379875e-01 3.913853e-02 1.560502e-01 8.481271e-03 -4.893034e-02 1.911828e-02 3.330886e-01 4.767820e-02
1.457179e-02 5.104567e-01 1.058268e-01 2.092715e-01 3.761108e-02 -2.979673e-01 9.093179e-02 1.439747e-01 1.560252e-02 -4.064861e-02 3.237822e-02 5.231606e-01 7.401434e-02
1.777758e-02 5.976110e-01 5.812678e-02 2.385349e-01 2.691656e-02 -3.268054e-01 1.051229e-02 1.583439e-01 1.787772e-02 -8.097389e-02 1.045630e-02 4.612937e-01 3.324351e-02
2.156625e-02 4.769944e-01 6.040142e-02 1.709555e-01 2.172612e-02 -2.527024e-01 6.454501e-02 1.384356e-01 9.124598e-03 -3.612098e-02 2.734702e-02 5.008907e-01 4.488324e-02
1.049169e-02 4.183706e-01 9.844515e-02 2.259956e-01 4.593253e-02 -2.066012e-01 5.537890e-02 1.721345e-01 2.489369e-02 -4.376870e-02 2.139891e-02 3.100452e-01 4.442667e-02
1.078312e-02 3.625203e-01 6.112372e-02 1.569443e-01 1.948268e-02 -2.391857e-01 5.610750e-02 1.254776e-01 7.664533e-03 -3.091404e-02 1.650119e-02 3.565418e-01 6.510362e-02
1.165743e-02 3.557411e-01 5.325746e-02 1.666375e-01 2.556111e-02 -1.861633e-01 2.912097e-02 1.267238e-01 1.297744e-02 -2.956333e-02 7.028678e-03 3.037131e-01 2.285993e-02
1.311461e-02 6.891388e-01 8.928333e-02 2.642589e-01 3.685486e-02 -4.894719e-01 7.872564e-02 1.639880e-01 1.929063e-02 -9.673670e-02 2.617414e-02 6.405967e-01 9.300037e-02
1.515466e-02 6.228078e-01 1.455033e-01 2.313891e-01 6.930133e-02 -4.187847e-01 8.970768e-02 1.426057e-01 3.599010e-02 -9.595340e-02 3.152831e-02 5.587643e-01 6.406652e-02
1.777758e-02 5.668248e-01 1.069294e-01 1.981472e-01 4.152612e-02 -3.436711e-01 7.931737e-02 1.396018e-01 2.115650e-02 -4.973143e-02 2.277201e-02 5.281259e-01 8.071409e-02
2.098337e-02 8.639229e-01 6.389706e-02 3.054738e-01 1.773172e-02 -4.619003e-01 5.572128e-02 1.812286e-01 1.254397e-02 -1.051460e-01 4.640835e-03 6.112908e-01 4.080991e-02
2.477204e-02 7.575035e-01 4.124291e-02 2.350005e-01 2.181067e-02 -4.274858e-01 4.952867e-02 1.567164e-01 8.350866e-03 -7.271856e-02 2.977252e-02 6.047873e-01 5.691380e-02
1.428035e-02 3.929061e-01 5.823769e-02 1.534615e-01 2.028293e-02 -2.396314e-01 5.226328e-02 1.089882e-01 8.189105e-03 -4.320544e-02 2.217182e-02 3.829597e-01 3.324288e-02
1.457179e-02 6.349157e-01 2.298136e-01 2.533996e-01 8.376556e-02 -3.870890e-01 1.648302e-01 1.659137e-01 2.745060e-02 -7.997073e-02 6.703760e-02 5.253991e-01 1.209717e-01
1.544610e-02 5.579114e-01 5.667779e-02 2.299686e-01 2.260666e-02 -3.063038e-01 4.838836e-02 1.548340e-01 1.323295e-02 -5.460170e-02 1.655123e-02 4.428894e-01 3.950094e-02
1.690327e-02 3.745726e-01 3.806284e-02 1.243617e-01 1.383595e-02 -2.413159e-01 4.541690e-02 9.826944e-02 6.330162e-03 -1.173301e-02 1.934682e-02 4.621395e-01 3.364916e-02
1.894332e-02 9.214424e-01 1.497402e-01 3.079366e-01 4.354841e-02 -6.351958e-01 1.167578e-01 1.563899e-01 1.959649e-02 -1.734261e-01 3.227793e-02 7.553809e-01 8.899322e-02
2.156625e-02 9.086515e-01 1.266312e-01 3.280201e-01 6.137030e-02 -6.079355e-01 8.659994e-02 1.895388e-01 3.409385e-02 -1.529830e-01 3.316930e-02 7.763833e-01 8.449555e-02
2.477204e-02 9.793398e-01 1.582376e-01 3.353963e-01 5.050532e-02 -4.837444e-01 6.664810e-02 1.910693e-01 1.795155e-02 -1.326575e-01 1.516513e-02 5.937231e-01 4.638066e-02
2.856070e-02 1.154376e+00 2.563878e-01 3.619405e-01 8.721965e-02 -5.852770e-01 1.770010e-01 1.989492e-01 3.334512e-02 -1.478570e-01 5.252551e-02 7.678661e-01 1.321103e-01
2.914358e-04 6.074350e-02 1.272706e-02 5.202771e-02 7.011352e-03 -2.579575e-02 2.688927e-02 8.390950e-02 1.548716e-02 4.298532e-02 1.544503e-02 1.213218e-01 3.397762e-02
5.828715e-04 9.398974e-02 1.672570e-02 5.647060e-02 1.307537e-02 -7.862892e-02 2.116811e-02 8.047794e-02 9.455830e-03 3.123206e-02 2.046236e-02 2.031740e-01 2.642404e-02
1.457179e-03 1.143658e-01 2.393779e-02 8.815036e-02 1.510268e-02 -5.746677e-02 2.195930e-02 1.062724e-01 9.496046e-03 1.723769e-02 1.540036e-02 1.405015e-01 2.678203e-02
2.914358e-03 1.401220e-01 4.108640e-02 8.520751e-02 1.807101e-02 -1.025276e-01 4.650667e-02 9.619046e-02 9.093258e-03 9.188863e-03 2.128658e-02 2.179193e-01 5.179671e-02
4.954408e-03 3.629364e-01 8.807854e-02 2.083108e-01 6.117363e-02 -2.177392e-01 3.940371e-02 1.731648e-01 4.392249e-02 -4.244551e-02 2.591124e-02 3.049109e-01 1.999830e-02
7.577330e-03 3.081476e-01 8.839334e-02 1.324279e-01 3.048111e-02 -2.462011e-01 8.147585e-02 1.059207e-01 1.307773e-02 -2.777993e-02 2.228112e-02 3.974638e-01 9.086898e-02
1.078312e-02 3.571226e-01 5.071389e-02 1.602489e-01 2.770305e-02 -2.341523e-01 3.596721e-02 1.214323e-01 1.666227e-02 -4.028331e-02 1.860371e-02 3.600986e-01 2.309499e-02
1.457179e-02 4.297805e-01 7.561876e-02 1.818416e-01 3.188345e-02 -2.515579e-01 4.909152e-02 1.341295e-01 1.065954e-02 -4.459496e-02 2.328874e-02 3.713451e-01 4.407912e-02
5.828715e-04 1.930810e-01 5.353377e-02 9.793667e-02 3.040282e-02 -1.955518e-01 5.367902e-02 1.027670e-01 1.829451e-02 -9.138604e-03 2.791042e-02 3.564350e-01 6.439905e-02
8.743073e-04 1.265077e-01 4.187854e-02 7.750465e-02 1.795275e-02 -1.019952e-01 4.958391e-02 8.901071e-02 1.159066e-02 3.856943e-03 2.709481e-02 1.948576e-01 5.003299e-02
1.748615e-03 1.624562e-01 3.953892e-02 8.674319e-02 1.580620e-02 -1.437352e-01 6.395330e-02 1.050412e-01 7.337370e-03 2.372807e-02 2.235945e-02 3.152042e-01 1.281235e-01
3.205793e-03 1.961848e-01 5.537204e-02 1.112786e-01 2.881053e-02 -1.493041e-01 4.521247e-02 1.165337e-01 1.904811e-02 6.685579e-04 3.361710e-02 2.752580e-01 4.488870e-02
5.245844e-03 1.910058e-01 3.133936e-02 1.013471e-01 1.760330e-02 -1.461137e-01 3.035309e-02 9.905349e-02 1.268768e-02 -5.955481e-03 1.204321e-02 2.762643e-01 4.117989e-02
7.868765e-03 2.664757e-01 6.274277e-02 1.368697e-01 3.184061e-02 -1.580218e-01 4.409901e-02 1.217814e-01 1.875907e-02 -3.564822e-03 2.349394e-02 2.857916e-01 4.401668e-02
1.107456e-02 3.871111e-01 3.827234e-02 1.522047e-01 6.547114e-03 -3.049154e-01 4.171935e-02 1.128131e-01 5.046657e-03 -4.794193e-02 1.553607e-02 4.673632e-01 4.506298e-02
1.486322e-02 4.924798e-01 4.516598e-02 1.910530e-01 1.587999e-02 -3.224209e-01 5.252037e-02 1.368244e-01 1.340225e-02 -5.647870e-02 1.941510e-02 4.717406e-01 5.507272e-02
1.457179e-03 1.181847e-01 2.575370e-02 8.279865e-02 1.049844e-02 -7.590808e-02 3.371362e-02 9.766357e-02 1.109798e-02 1.030508e-02 2.796136e-03 1.608266e-01 6.034805e-02
1.748615e-03 1.452243e-01 2.648619e-02 7.215171e-02 1.265943e-02 -1.397546e-01 4.074529e-02 8.533831e-02 8.667213e-03 1.111858e-02 1.105898e-02 2.805237e-01 6.692392e-02
2.622922e-03 2.886931e-01 4.376625e-02 1.273530e-01 1.827536e-02 -2.926267e-01 5.350519e-02 1.008439e-01 9.844444e-03 -5.755078e-02 1.722180e-02 4.361902e-01 7.380684e-02
4.080101e-03 2.322877e-01 3.601421e-02 1.117777e-01 2.138118e-02 -1.913188e-01 3.833503e-02 9.744156e-02 1.434247e-02 -2.140393e-02 1.915921e-02 3.068914e-01 4.721309e-02
6.120151e-03 2.007297e-01 5.172033e-02 1.147291e-01 2.783523e-02 -1.278719e-01 3.395669e-02 1.105666e-01 1.691456e-02 -3.130996e-03 2.320716e-02 2.487797e-01 2.912758e-02
8.743073e-03 3.003764e-01 5.859235e-02 1.449196e-01 2.111320e-02 -2.067306e-01 5.531610e-02 1.155058e-01 7.942878e-03 -3.777118e-02 1.940945e-02 3.270862e-01 5.424704e-02
1.194887e-02 5.863016e-01 1.431648e-01 2.582358e-01 7.084181e-02 -3.805436e-01 7.620597e-02 1.640284e-01 3.284760e-02 -1.033441e-01 4.310236e-02 4.536105e-01 3.810112e-02
1.573753e-02 7.951529e-01 9.370303e-02 3.082720e-01 4.204799e-02 -5.421345e-01 6.042410e-02 1.843161e-01 2.005134e-02 -1.406525e-01 2.299326e-02 6.492853e-01 3.817823e-02
2.914358e-03 1.909393e-01 4.192846e-02 1.008058e-01 2.707412e-02 -1.610489e-01 4.497384e-02 9.370280e-02 1.930944e-02 -2.164298e-02 2.323424e-02 2.614992e-01 4.835070e-02
3.205793e-03 1.888240e-01 2.841591e-02 1.149793e-01 7.615798e-03 -1.313551e-01 4.398376e-02 1.120259e-01 7.922258e-03 -1.191140e-02 1.638184e-02 2.327919e-01 5.010762e-02
4.080101e-03 1.933031e-01 3.531017e-02 1.097507e-01 1.787947e-02 -1.330572e-01 3.285218e-02 1.058663e-01 1.211314e-02 -2.154658e-03 1.589723e-02 2.462779e-01 3.140971e-02
5.537279e-03 1.943412e-01 4.648942e-02 9.991123e-02 2.757255e-02 -1.326145e-01 3.382894e-02 1.040812e-01 1.117928e-02 1.704272e-02 2.818934e-02 2.794493e-01 2.269387e-02
7.577330e-03 2.630033e-01 7.936058e-03 1.432826e-01 1.362591e-02 -1.246249e-01 2.879735e-02 1.216138e-01 1.505593e-02 -3.323283e-03 9.159646e-03 2.345666e-01 2.002324e-02
1.020025e-02 3.390621e-01 5.413387e-02 1.667614e-01 2.023458e-02 -1.986696e-01 5.207852e-02 1.290129e-01 1.680219e-02 -3.812755e-02 1.777719e-02 3.240681e-01 5.381958e-02
1.340604e-02 5.085462e-01 5.359966e-02 2.123893e-01 3.190231e-02 -3.407875e-01 4.861179e-02 1.494657e-01 2.164922e-02 -6.711794e-02 1.790190e-02 4.957722e-01 6.048749e-02
1.719471e-02 1.011419e+00 2.156017e-01 3.929388e-01 8.331299e-02 -5.511610e-01 1.022219e-01 2.196673e-01 3.013354e-02 -1.429707e-01 5.115372e-02 6.059925e-01 5.136465e-02
4.954408e-03 2.173672e-01 3.841169e-02 1.016988e-01 1.315250e-02 -1.808909e-01 4.543137e-02 1.061585e-01 1.484828e-02 9.326716e-03 1.654331e-02 3.600840e-01 6.427316e-02
5.245844e-03 2.954166e-01 6.033948e-02 1.524145e-01 2.988924e-02 -2.189176e-01 5.969202e-02 1.335564e-01 1.712968e-02 -2.086281e-02 2.633502e-02 3.736594e-01 5.837163e-02
6.120151e-03 2.111501e-01 4.512019e-02 1.243217e-01 2.427697e-02 -1.305714e-01 3.833395e-02 1.184268e-01 1.718843e-02 -4.218874e-03 2.201114e-02 2.634375e-01 2.798467e-02
7.577330e-03 3.089303e-01 4.553290e-02 1.181230e-01 2.078354e-02 -2.815201e-01 6.109534e-02 9.692100e-02 7.652473e-03 -2.389273e-02 2.703081e-02 4.813989e-01 8.304708e-02
9.617380e-03 3.881184e-01 5.200052e-02 1.735701e-01 2.687850e-02 -2.686356e-01 4.498816e-02 1.279062e-01 1.561548e-02 -4.620376e-02 2.686116e-02 4.031484e-01 4.796134e-02
1.224030e-02 4.645166e-01 6.356470e-02 1.923163e-01 2.758771e-02 -3.176863e-01 5.678946e-02 1.312776e-01 1.256436e-02 -5.597817e-02 2.003904e-02 4.593212e-01 5.105725e-02
1.544610e-02 5.462901e-01 1.312429e-01 2.188254e-01 5.701993e-02 -3.233794e-01 6.695129e-02 1.385522e-01 2.502490e-02 -6.980908e-02 2.583484e-02 4.342086e-01 5.139027e-02
1.923476e-02 7.256714e-01 1.485465e-01 2.605695e-01 4.507607e-02 -4.273294e-01 1.351490e-01 1.619934e-01 1.596434e-02 -1.035434e-01 4.588265e-02 5.794386e-01 1.055173e-01
7.577330e-03 2.752816e-01 5.547751e-02 1.249614e-01 2.930424e-02 -2.126564e-01 4.944986e-02 1.107200e-01 1.297448e-02 -1.277060e-02 2.828240e-02 3.708505e-01 4.977207e-02
7.868765e-03 3.548218e-01 4.681854e-02 1.577911e-01 2.423114e-02 -2.683617e-01 3.372248e-02 1.178470e-01 9.798331e-03 -4.800113e-02 2.196165e-02 3.846040e-01 3.235091e-02
8.743073e-03 2.455728e-01 4.853400e-02 1.141645e-01 2.240472e-02 -1.758704e-01 4.725283e-02 1.073669e-01 1.526738e-02 1.729731e-04 2.008891e-02 3.542307e-01 4.560815e-02
1.020025e-02 3.086313e-01 4.255358e-02 1.505025e-01 2.606882e-02 -1.961359e-01 2.580329e-02 1.232336e-01 1.685348e-02 -3.130462e-02 1.263895e-02 3.186291e-01 2.525194e-02
1.224030e-02 5.798327e-01 9.541766e-02 2.727364e-01 4.285730e-02 -3.298144e-01 7.001451e-02 1.817717e-01 2.201141e-02 -8.554362e-02 3.250732e-02 4.198382e-01 4.345234e-02
1.486322e-02 5.626056e-01 9.309371e-02 2.298575e-01 4.356965e-02 -3.594089e-01 5.587071e-02 1.457874e-01 1.904327e-02 -9.989290e-02 2.781758e-02 4.494436e-01 3.655962e-02
1.806902e-02 8.199773e-01 1.513602e-01 3.278723e-01 6.329954e-02 -4.661988e-01 9.030091e-02 1.961707e-01 3.186620e-02 -1.111346e-01 2.809593e-02 6.007095e-01 8.651422e-02
2.185768e-02 1.069887e+00 1.708533e-01 4.404050e-01 7.855699e-02 -5.249055e-01 1.118808e-01 2.564541e-01 3.896349e-02 -1.661266e-01 5.501779e-02 6.018907e-01 8.148105e-02
1.078312e-02 4.239190e-01 7.062759e-02 1.931515e-01 3.744091e-02 -2.595183e-01 5.214115e-02 1.401815e-01 2.006758e-02 -5.165839e-02 2.623425e-02 3.878634e-01 4.407970e-02
1.107456e-02 3.293294e-01 4.302865e-02 1.335264e-01 1.980496e-02 -2.350788e-01 4.320105e-02 1.100066e-01 1.131052e-02 -2.042946e-02 1.933535e-02 4.138360e-01 5.235970e-02
1.194887e-02 5.758337e-01 1.280576e-01 2.381976e-01 6.089320e-02 -3.449254e-01 6.062650e-02 1.541969e-01 3.342343e-02 -7.033770e-02 2.750602e-02 4.497188e-01 4.266700e-02
1.340604e-02 6.848267e-01 1.521998e-01 3.198465e-01 5.867384e-02 -4.335327e-01 1.309750e-01 2.100061e-01 2.197551e-02 -1.308746e-01 5.411980e-02 4.848983e-01 1.049767e-01
1.544610e-02 3.679558e-01 2.815478e-02 1.471815e-01 1.606091e-02 -1.649225e-01 1.238413e-02 1.143435e-01 1.149163e-02 -6.858312e-03 1.441862e-02 3.212738e-01 4.034949e-02
1.806902e-02 6.448514e-01 9.131389e-02 2.656950e-01 3.693110e-02 -3.399320e-01 7.399819e-02 1.708501e-01 2.221613e-02 -7.523158e-02 1.905258e-02 4.891018e-01 9.269086e-02
2.127481e-02 8.156826e-01 2.142954e-01 3.249368e-01 8.236966e-02 -4.030245e-01 1.300206e-01 2.064737e-01 3.751136e-02 -1.074039e-01 5.098676e-02 4.960236e-01 5.697372e-02
2.506348e-02 9.238330e-01 1.534546e-01 3.347284e-01 5.140351e-02 -5.019998e-01 9.517212e-02 2.063877e-01 2.934797e-02 -1.282636e-01 2.666538e-02 6.382789e-01 6.122025e-02
1.457179e-02 4.485191e-01 3.704563e-02 1.781302e-01 9.372622e-03 -2.783432e-01 3.447921e-02 1.289240e-01 4.651061e-03 -4.080567e-02 1.669079e-02 4.415303e-01 4.985771e-02
1.486322e-02 7.030726e-01 8.933016e-02 2.829302e-01 4.078111e-02 -4.442798e-01 7.097646e-02 1.653709e-01 2.103966e-02 -1.364430e-01 2.626053e-02 4.938750e-01 7.288912e-02
1.573753e-02 3.843752e-01 3.045438e-02 1.515865e-01 1.365508e-02 -2.426539e-01 2.674705e-02 1.145410e-01 1.119475e-02 -3.959531e-02 8.796399e-03 3.735127e-01 3.602980e-02
1.719471e-02 5.932079e-01 8.489683e-02 1.906304e-01 2.003296e-02 -4.024967e-01 6.287156e-02 1.310994e-01 1.310619e-02 -5.367420e-02 1.414060e-02 6.100125e-01 6.129028e-02
1.923476e-02 7.422019e-01 8.024284e-02 2.717610e-01 3.395310e-02 -4.348860e-01 6.744075e-02 1.685624e-01 1.556234e-02 -9.002419e-02 2.297163e-02 5.948763e-01 6.150774e-02
2.185768e-02 6.702862e-01 1.037193e-01 2.317972e-01 3.575094e-02 -3.461690e-01 6.697889e-02 1.567120e-01 1.210978e-02 -4.661875e-02 2.066520e-02 5.360254e-01 5.216656e-02
2.506348e-02 9.034246e-01 1.555182e-01 2.917929e-01 4.950825e-02 -5.062055e-01 1.164250e-01 1.763757e-01 1.236051e-02 -1.042879e-01 2.777970e-02 6.960190e-01 1.464003e-01
2.885214e-02 1.072127e+00 1.822544e-01 3.003588e-01 5.322518e-02 -5.749554e-01 7.766680e-02 1.725675e-01 2.112170e-02 -1.423954e-01 2.755415e-02 7.765912e-01 2.251333e-02
1.165743e-03 2.441991e-01 5.290038e-02 1.363187e-01 1.923079e-02 -2.189467e-01 6.999428e-02 1.304589e-01 1.345590e-02 -3.436114e-02 4.063019e-02 3.481611e-01 8.248383e-02
1.457179e-03 1.076166e-01 3.166631e-02 6.043623e-02 8.793125e-03 -9.792101e-02 5.585643e-02 9.304872e-02 6.918583e-03 4.421509e-02 1.409698e-02 2.688185e-01 8.930124e-02
2.331486e-03 1.257666e-01 3.086733e-02 6.499297e-02 1.664303e-02 -1.172842e-01 2.902150e-02 7.527955e-02 1.098490e-02 5.403077e-03 1.402937e-02 2.359769e-01 4.055264e-02
3.788665e-03 2.762480e-01 2.676129e-02 1.292947e-01 1.983347e-02 -2.539127e-01 4.542323e-02 1.190313e-01 1.444228e-02 -1.809712e-02 2.036564e-02 4.417963e-01 8.724288e-02
5.828715e-03 2.675271e-01 5.403021e-02 1.245278e-01 3.562388e-02 -2.288219e-01 3.669298e-02 1.169781e-01 2.884794e-02 -1.344228e-02 1.813366e-02 3.982933e-01 4.688873e-02
8.451637e-03 3.085735e-01 2.719018e-02 1.169698e-01 9.901676e-03 -2.528412e-01 4.865706e-02 9.330160e-02 6.992846e-03 -2.158975e-02 3.395050e-03 4.108162e-01 8.648814e-02
1.165743e-02 4.163384e-01 1.055141e-01 1.930384e-01 5.980074e-02 -2.323369e-01 4.401242e-02 1.421659e-01 2.817470e-02 -4.104943e-02 3.374168e-02 3.308885e-01 3.745210e-02
1.544610e-02 7.448024e-01 1.305715e-01 2.947609e-01 5.590171e-02 -4.690015e-01 5.408871e-02 1.717078e-01 2.635085e-02 -1.360676e-01 2.620294e-02 5.455702e-01 2.717516e-02
1.457179e-03 2.005908e-01 6.925103e-02 1.170274e-01 3.342229e-02 -1.617241e-01 7.102653e-02 1.086643e-01 1.573978e-02 -2.650585e-02 4.000859e-02 2.595254e-01 6.163226e-02
1.748615e-03 1.554374e-01 4.911779e-02 8.747346e-02 2.230139e-02 -1.332860e-01 5.695373e-02 1.058443e-01 1.327370e-02 2.254062e-02 2.853062e-02 2.976918e-01 6.129133e-02
2.622922e-03 1.334538e-01 1.565366e-02 6.971137e-02 6.674522e-03 -1.105036e-01 2.135603e-02 9.057795e-02 6.004619e-03 3.120768e-02 1.044840e-02 2.592569e-01 3.741045e-02
4.080101e-03 2.217849e-01 3.697449e-02 1.057834e-01 1.869965e-02 -2.063361e-01 3.916887e-02 1.002182e-01 9.003714e-03 -1.925894e-02 1.723613e-02 3.569386e-01 6.070150e-02
6.120151e-03 2.220182e-01 3.921692e-02 1.116363e-01 1.609434e-02 -1.778249e-01 3.400703e-02 1.014200e-01 8.264164e-03 -2.841935e-02 1.234017e-02 2.847760e-01 3.300126e-02
8.743073e-03 2.497584e-01 3.742647e-02 1.026128e-01 1.650910e-02 -2.001150e-01 4.301729e-02 9.799557e-02 1.040563e-02 1.756598e-03 1.034605e-02 3.923771e-01 6.831421e-02
1.194887e-02 4.326915e-01 3.953005e-02 1.798660e-01 1.329732e-02 -3.074135e-01 4.542925e-02 1.339355e-01 6.655167e-03 -4.764999e-02 1.803002e-02 4.576618e-01 6.162097e-02
1.573753e-02 6.058365e-01 1.632132e-01 2.111928e-01 4.827651e-02 -3.805912e-01 1.188199e-01 1.258991e-01 1.400941e-02 -6.360987e-02 4.071397e-02 5.395924e-01 7.130309e-02
2.331486e-03 1.141516e-01 1.340161e-02 6.851764e-02 6.773470e-03 -8.815597e-02 1.813239e-02 8.944292e-02 9.295055e-03 2.819479e-02 5.930910e-03 2.249472e-01 3.176061e-02
2.622922e-03 1.630397e-01 5.802435e-02 9.481184e-02 2.716324e-02 -1.245777e-01 5.402376e-02 9.829442e-02 1.391618e-02 -6.472423e-03 2.663095e-02 2.171474e-01 4.838673e-02
3.497229e-03 1.352465e-01 1.316691e-02 7.769737e-02 4.635671e-03 -1.026971e-01 2.232204e-02 1.007194e-01 4.565999e-03 3.722081e-02 8.781103e-03 2.762697e-01 4.433477e-02
4.954408e-03 1.556572e-01 1.953852e-02 9.331514e-02 5.062497e-03 -9.629874e-02 2.384716e-02 9.888037e-02 5.199474e-03 1.207106e-02 8.091998e-03 2.253354e-01 3.957203e-02
6.994458e-03 1.542840e-01 9.090594e-03 6.262414e-02 6.008082e-03 -1.234511e-01 1.633037e-02 8.276933e-02 1.585507e-02 3.617730e-02 1.893882e-02 2.940144e-01 2.766178e-02
9.617380e-03 2.519108e-01 3.880805e-02 1.279256e-01 1.594758e-02 -1.483764e-01 4.446124e-02 1.192133e-01 7.514931e-03 -6.818566e-04 1.907070e-02 3.009495e-01 4.330747e-02
1.282317e-02 5.932626e-01 1.750172e-01 2.516060e-01 6.892086e-02 -3.486471e-01 1.268274e-01 1.569671e-01 2.521098e-02 -9.023270e-02 4.331386e-02 4.113641e-01 1.168775e-01
1.661184e-02 5.870688e-01 6.324745e-02 2.216511e-01 2.130893e-02 -4.066613e-01 6.919037e-02 1.452329e-01 1.571589e-02 -7.858475e-02 2.818440e-02 5.802177e-01 7.269980e-02
3.788665e-03 1.324141e-01 1.152877e-02 8.176190e-02 9.745268e-03 -8.476023e-02 2.159527e-02 1.001183e-01 1.747983e-02 3.306450e-02 1.870665e-02 2.352785e-01 2.396152e-02
4.080101e-03 1.810175e-01 3.685947e-02 8.674145e-02 9.725994e-03 -1.622029e-01 4.747854e-02 9.255068e-02 4.857248e-03 2.588476e-03 1.479424e-02 3.083733e-01 5.473672e-02
4.954408e-03 2.304830e-01 5.461936e-02 1.217533e-01 2.518671e-02 -1.634006e-01 6.015729e-02 1.177816e-01 1.674441e-02 1.998006e-03 3.152883e-02 3.130403e-01 4.880659e-02
6.411587e-03 2.889742e-01 2.873778e-02 1.132019e-01 1.935458e-02 -2.474497e-01 3.136711e-02 9.485128e-02 1.080939e-02 -2.363504e-02 1.304292e-02 3.781120e-01 5.822261e-02
8.451637e-03 3.485181e-01 6.618627e-02 1.377902e-01 3.396679e-02 -2.684743e-01 5.695309e-02 1.166251e-01 1.635422e-02 -1.748306e-02 2.826039e-02 4.262333e-01 6.906412e-02
1.107456e-02 4.586879e-01 1.100842e-01 1.897764e-01 5.825291e-02 -3.215226e-01 6.885862e-02 1.352158e-01 3.655672e-02 -5.454873e-02 2.664445e-02 4.413118e-01 7.186331e-02
1.428035e-02 5.535691e-01 5.521655e-02 2.376498e-01 2.181570e-02 -3.109162e-01 7.139743e-02 1.626366e-01 1.566718e-02 -5.581240e-02 3.343116e-02 4.792146e-01 7.132471e-02
1.806902e-02 5.878154e-01 9.880973e-02 2.266918e-01 3.825703e-02 -2.880349e-01 6.315095e-02 1.513017e-01 1.986407e-02 -4.211006e-02 2.120930e-02 4.413123e-01 4.384209e-02
5.828715e-03 2.100134e-01 4.091464e-02 1.102740e-01 1.352907e-02 -1.529339e-01 4.830566e-02 1.147068e-01 5.985996e-03 2.787410e-03 1.406224e-02 2.903692e-01 6.563118e-02
6.120151e-03 2.124586e-01 2.551788e-02 1.057256e-01 1.803317e-02 -1.624039e-01 2.739692e-02 1.039255e-01 1.194218e-02 1.433581e-04 1.326838e-02 3.222659e-01 4.595857e-02
6.994458e-03 2.576173e-01 2.033240e-02 1.171310e-01 1.478779e-02 -1.949952e-01 2.393944e-02 9.366399e-02 7.740837e-03 -2.260286e-02 1.570075e-02 3.510486e-01 5.515488e-02
8.451637e-03 3.568703e-01 8.010097e-02 1.654205e-01 4.020607e-02 -2.604136e-01 5.841933e-02 1.286706e-01 2.270435e-02 -5.134962e-02 2.631762e-02 3.759369e-01 4.758927e-02
1.049169e-02 4.207196e-01 6.037027e-02 1.952686e-01 3.059168e-02 -2.709744e-01 5.794580e-02 1.559287e-01 2.263786e-02 -3.967299e-02 2.143434e-02 4.355151e-01 6.226084e-02
1.311461e-02 3.488963e-01 6.450967e-02 1.481013e-01 1.899497e-02 -2.343701e-01 7.631560e-02 1.083805e-01 6.175616e-03 -4.057902e-02 2.346754e-02 3.822671e-01 9.243816e-02
1.632040e-02 8.977458e-01 9.414026e-02 3.341977e-01 3.954059e-02 -5.405714e-01 7.139278e-02 1.846031e-01 2.127047e-02 -1.455524e-01 1.867692e-02 6.101243e-01 7.333308e-02
2.010907e-02 8.033418e-01 1.058582e-01 2.754987e-01 4.061587e-02 -4.881271e-01 1.097952e-01 1.656198e-01 1.359075e-02 -1.095942e-01 3.446038e-02 6.668872e-01 8.398383e-02
8.451637e-03 4.262213e-01 9.108784e-02 1.947250e-01 3.812856e-02 -3.012389e-01 6.775649e-02 1.429739e-01 1.781344e-02 -5.611230e-02 3.058208e-02 4.274263e-01 5.030103e-02
8.743073e-03 3.222630e-01 8.201585e-02 1.497624e-01 3.364907e-02 -2.266369e-01 6.785695e-02 1.184225e-01 1.379732e-02 -3.982819e-02 2.643758e-02 3.392895e-01 6.215334e-02
9.617380e-03 3.776801e-01 7.435941e-02 1.516801e-01 2.753511e-02 -3.046685e-01 6.540738e-02 1.045280e-01 1.077832e-02 -6.526110e-02 2.356274e-02 4.359057e-01 6.211012e-02
1.107456e-02 4.819976e-01 3.218926e-02 1.885382e-01 1.496231e-02 -3.514831e-01 6.385157e-02 1.419104e-01 1.302489e-02 -2.790543e-02 1.610811e-02 5.551293e-01 9.491673e-02
1.311461e-02 4.330419e-01 5.923007e-02 1.848688e-01 2.506136e-02 -2.308293e-01 4.237228e-02 1.366267e-01 1.171121e-02 -2.929467e-02 2.140012e-02 3.523556e-01 4.039631e-02
1.573753e-02 5.978897e-01 7.312283e-02 2.178749e-01 1.907957e-02 -4.057097e-01 7.494061e-02 1.445720e-01 9.965824e-03 -8.007354e-02 2.419204e-02 5.530028e-01 4.896007e-02
1.894332e-02 1.037374e+00 1.814202e-01 3.645771e-01 5.909969e-02 -5.415578e-01 1.109513e-01 1.930601e-01 1.654601e-02 -1.561713e-01 4.601828e-02 5.524204e-01 9.665015e-02
2.273199e-02 9.624603e-01 1.484661e-01 3.102958e-01 4.944206e-02 -6.016802e-01 1.071509e-01 1.811943e-01 1.442878e-02 -1.273755e-01 2.876779e-02 7.554611e-01 9.595254e-02
1.165743e-02 4.463360e-01 8.201128e-02 1.911215e-01 3.974067e-02 -2.852391e-01 6.732224e-02 1.336491e-01 1.895667e-02 -6.040071e-02 2.933963e-02 3.793344e-01 7.159729e-02
1.194887e-02 4.805785e-01 8.642740e-02 1.950729e-01 3.684956e-02 -2.742237e-01 4.992252e-02 1.265698e-01 1.766237e-02 -5.192163e-02 2.507814e-02 3.649456e-01 2.064309e-02
1.282317e-02 3.937494e-01 5.897483e-02 1.649451e-01 2.125339e-02 -2.615200e-01 5.144529e-02 1.192792e-01 1.050705e-02 -5.522061e-02 1.850202e-02 3.768676e-01 5.994583e-02
1.428035e-02 5.990540e-01 1.523071e-01 2.692774e-01 6.613326e-02 -3.337745e-01 9.618572e-02 1.729213e-01 2.941811e-02 -9.420125e-02 3.560646e-02 4.328720e-01 6.847652e-02
1.632040e-02 4.345947e-01 1.973794e-02 1.503484e-01 1.083677e-02 -2.820879e-01 2.869043e-02 1.090385e-01 8.404152e-03 -4.187236e-02 1.366607e-02 4.433537e-01 4.334772e-02
1.894332e-02 7.885050e-01 1.529028e-01 2.707807e-01 5.868688e-02 -4.422719e-01 1.149841e-01 1.523551e-01 2.443729e-02 -8.315557e-02 4.466685e-02 5.487237e-01 8.901114e-02
2.214912e-02 7.640839e-01 1.434684e-01 2.672136e-01 5.319929e-02 -3.708214e-01 1.044882e-01 1.623314e-01 2.332864e-02 -7.707652e-02 2.948397e-02 5.079856e-01 1.047936e-01
2.593778e-02 8.973064e-01 1.082495e-01 3.160893e-01 5.277568e-02 -4.545796e-01 6.001416e-02 2.048525e-01 3.049753e-02 -1.285206e-01 2.185522e-02 5.883862e-01 5.742010e-02
1.544610e-02 5.090345e-01 1.515321e-01 2.041327e-01 5.655449e-02 -2.916664e-01 9.656774e-02 1.346852e-01 2.087029e-02 -6.171844e-02 4.359417e-02 4.260561e-01 5.621232e-02
1.573753e-02 6.280035e-01 1.113251e-01 2.337786e-01 5.129817e-02 -4.099141e-01 5.036491e-02 1.470491e-01 2.435722e-02 -9.827097e-02 2.349018e-02 5.169201e-01 3.845301e-02
1.661184e-02 7.016758e-01 7.423426e-02 2.713322e-01 3.864844e-02 -4.257651e-01 3.064684e-02 1.644891e-01 2.135050e-02 -9.739523e-02 1.719960e-02 5.637310e-01 3.868857e-02
1.806902e-02 1.073792e+00 1.829624e-01 3.639851e-01 6.897502e-02 -7.298798e-01 1.411024e-01 1.750722e-01 2.458869e-02 -1.949508e-01 5.708790e-02 7.641939e-01 1.054036e-01
2.010907e-02 6.087917e-01 4.838967e-02 2.186317e-01 2.277555e-02 -3.723747e-01 3.067680e-02 1.501808e-01 1.413564e-02 -7.789437e-02 9.273730e-03 5.159672e-01 5.036644e-02
2.273199e-02 1.011863e+00 1.158385e-01 3.078052e-01 5.369198e-02 -6.154483e-01 6.088570e-02 1.546209e-01 2.418396e-02 -1.431725e-01 2.356916e-02 7.317124e-01 7.507112e-02
2.593778e-02 1.423155e+00 2.250141e-01 4.257608e-01 7.066698e-02 -7.993084e-01 1.239033e-01 2.073638e-01 2.024130e-02 -2.135187e-01 4.651640e-02 8.031193e-01 6.838798e-02
2.972645e-02 1.109073e+00 2.120033e-01 3.680269e-01 7.032079e-02 -5.593631e-01 7.396091e-02 2.370636e-01 3.350621e-02 -1.257233e-01 2.239483e-02 7.076525e-01 6.541281e-02
2.622922e-03 1.825879e-01 4.244565e-02 1.084823e-01 2.061704e-02 -1.308336e-01 3.989094e-02 1.090902e-01 1.272669e-02 -9.279837e-03 1.737886e-02 2.254292e-01 3.937765e-02
2.914358e-03 1.663089e-01 2.654287e-02 7.652434e-02 1.038123e-02 -1.675485e-01 3.234507e-02 8.911713e-02 4.887183e-03 9.832753e-03 2.066874e-02 3.326244e-01 4.172517e-02
3.788665e-03 1.134955e-01 2.479947e-02 7.410511e-02 1.670892e-02 -6.218989e-02 1.316160e-02 9.520128e-02 1.142987e-02 3.213379e-02 1.504854e-02 1.823565e-01 1.961587e-02
5.245844e-03 2.278173e-01 3.716021e-02 1.055985e-01 1.896702e-02 -2.042549e-01 3.018641e-02 9.793899e-02 8.586942e-03 -1.219430e-02 1.549784e-02 3.744768e-01 3.756002e-02
7.285894e-03 2.166529e-01 3.151212e-02 1.198245e-01 1.363630e-02 -1.105474e-01 1.770859e-02 1.102061e-01 8.779345e-03 4.023208e-03 7.191560e-03 2.394151e-01 2.034373e-02
9.908816e-03 4.370348e-01 1.352924e-01 1.861370e-01 5.964540e-02 -3.323551e-01 9.687904e-02 1.269460e-01 2.776570e-02 -6.989210e-02 3.875204e-02 4.749242e-01 9.261017e-02
1.311461e-02 5.784085e-01 7.460456e-02 2.338886e-01 3.404035e-02 -3.745404e-01 7.064108e-02 1.623351e-01 1.324737e-02 -6.677217e-02 3.191324e-02 5.200513e-01 8.903897e-02
1.690327e-02 5.171327e-01 4.757488e-02 2.254716e-01 2.848264e-02 -2.524058e-01 2.393468e-02 1.613657e-01 1.806503e-02 -4.412202e-02 1.116156e-02 3.753449e-01 2.993494e-02
2.914358e-03 1.371687e-01 2.227301e-02 9.163513e-02 1.481855e-02 -7.987540e-02 1.981003e-02 9.542542e-02 1.464999e-02 -2.044331e-03 1.039806e-02 1.519608e-01 2.545090e-02
3.205793e-03 1.001912e-01 1.263484e-02 6.886036e-02 7.184283e-03 -5.179233e-02 1.566403e-02 8.480979e-02 1.129606e-02 2.323373e-02 1.577630e-02 1.467366e-01 2.100834e-02
4.080101e-03 2.183032e-01 2.674297e-02 1.176835e-01 1.463997e-02 -1.648116e-01 2.079000e-02 1.115123e-01 1.435760e-02 -1.203462e-02 1.242036e-02 2.860582e-01 4.481231e-02
5.537279e-03 3.138795e-01 3.808651e-02 1.741377e-01 1.930252e-02 -2.037014e-01 4.510605e-02 1.534109e-01 1.241332e-02 -1.986330e-02 1.787012e-02 3.461339e-01 7.309619e-02
7.577330e-03 2.417003e-01 4.285817e-02 1.132280e-01 1.694452e-02 -1.929803e-01 5.570346e-02 1.114227e-01 5.675352e-03 1.105355e-03 2.345801e-02 3.805598e-01 6.719650e-02
1.020025e-02 3.919565e-01 4.708127e-02 1.652165e-01 1.516185e-02 -2.618209e-01 4.549710e-02 1.167032e-01 3.780822e-03 -4.493969e-02 1.874437e-02 3.786970e-01 5.046336e-02
1.340604e-02 5.431217e-01 5.654952e-02 2.245348e-01 2.755996e-02 -3.419870e-01 2.854165e-02 1.436633e-01 1.371816e-02 -7.032164e-02 2.061067e-02 4.696079e-01 2.595444e-02
1.719471e-02 7.875710e-01 1.487647e-01 2.980691e-01 7.093007e-02 -5.062001e-01 9.041347e-02 1.634153e-01 3.110344e-02 -1.466195e-01 5.423671e-02 5.730316e-01 4.292443e-02
3.788665e-03 1.692120e-01 2.639587e-02 1.098325e-01 2.101007e-02 -9.376851e-02 1.057787e-02 1.105509e-01 1.622314e-02 2.978851e-03 1.188506e-02 1.907768e-01 1.450621e-02
4.080101e-03 2.097875e-01 5.885920e-02 1.074359e-01 1.763581e-02 -1.788781e-01 7.709768e-02 1.082739e-01 3.149931e-03 -3.984191e-03 3.187491e-02 3.337243e-01 8.336807e-02
4.954408e-03 1.470926e-01 2.707956e-02 7.360661e-02 1.531008e-02 -1.092538e-01 2.684414e-02 7.476256e-02 1.029463e-02 2.535162e-03 1.320775e-02 2.189244e-01 2.504519e-02
6.411587e-03 2.557414e-01 5.709468e-02 1.269857e-01 2.157583e-02 -1.875707e-01 5.619724e-02 1.132651e-01 7.709234e-03 -2.270558e-03 3.232038e-02 3.641713e-01 4.660832e-02
8.451637e-03 3.447358e-01 6.473947e-02 1.651385e-01 3.150687e-02 -2.604224e-01 6.699336e-02 1.270354e-01 2.108782e-02 -5.015209e-02 2.456122e-02 4.028978e-01 8.528896e-02
1.107456e-02 3.907518e-01 3.455089e-02 1.661057e-01 1.515891e-02 -2.715190e-01 2.750782e-02 1.213050e-01 5.467660e-03 -4.906724e-02 1.648500e-02 4.003142e-01 2.550938e-02
1.428035e-02 6.613810e-01 8.075425e-02 2.588612e-01 3.314109e-02 -4.121861e-01 5.726936e-02 1.602072e-01 1.139833e-02 -1.040511e-01 2.544988e-02 4.755931e-01 5.427887e-02
1.806902e-02 8.573846e-01 1.301972e-01 3.099654e-01 3.075596e-02 -5.939469e-01 1.490124e-01 1.741229e-01 1.329091e-02 -1.529360e-01 3.445448e-02 7.309867e-01 1.433541e-01
5.245844e-03 1.944526e-01 2.143817e-02 1.044252e-01 1.294215e-02 -1.426431e-01 3.298449e-02 1.080104e-01 1.526742e-02 2.221475e-03 1.866344e-02 2.799483e-01 3.504510e-02
5.537279e-03 2.581272e-01 4.577722e-02 1.203191e-01 1.851197e-02 -2.199449e-01 5.747692e-02 1.062904e-01 1.187519e-02 -2.214110e-02 9.034349e-03 3.724845e-01 9.539851e-02
6.411587e-03 2.420904e-01 3.362168e-02 1.275894e-01 7.424526e-03 -1.541978e-01 4.152834e-02 1.122990e-01 4.778867e-03 -1.538450e-02 1.284896e-02 2.487348e-01 5.175502e-02
7.868765e-03 2.060488e-01 2.899994e-02 1.126376e-01 2.102653e-02 -1.172243e-01 2.325887e-02 1.242827e-01 2.097639e-02 3.499392e-02 2.181854e-02 3.078202e-01 2.229343e-02
9.908816e-03 4.150046e-01 1.151208e-01 1.714014e-01 4.301594e-02 -3.216761e-01 1.036015e-01 1.251236e-01 1.704021e-02 -5.274113e-02 4.022555e-02 4.856015e-01 9.418206e-02
1.253174e-02 5.353546e-01 8.087901e-02 2.088749e-01 3.125293e-02 -4.061540e-01 6.649247e-02 1.362889e-01 9.961679e-03 -8.501759e-02 3.392889e-02 5.740012e-01 6.868494e-02
1.573753e-02 7.711449e-01 6.446490e-02 2.854534e-01 1.444956e-02 -4.886015e-01 6.825164e-02 1.659887e-01 1.115185e-02 -1.099541e-01 1.512314e-02 6.079706e-01 9.703045e-02
1.952620e-02 7.698274e-01 1.395888e-01 2.584083e-01 5.270220e-02 -4.806949e-01 8.308116e-02 1.610336e-01 2.462138e-02 -9.309627e-02 2.252584e-02 6.226561e-01 8.809998e-02
7.285894e-03 2.133994e-01 3.161763e-02 1.093124e-01 2.171248e-02 -1.496920e-01 4.488690e-02 1.076146e-01 1.961370e-02 1.404015e-03 9.229454e-03 3.019517e-01 8.808189e-02
7.577330e-03 2.560721e-01 5.033996e-02 1.130578e-01 2.683589e-02 -1.983140e-01 3.393173e-02 1.004165e-01 1.564357e-02 -8.504155e-03 1.768163e-02 3.691829e-01 3.307178e-02
8.451637e-03 2.947145e-01 3.954418e-02 1.248141e-01 1.620090e-02 -2.194803e-01 4.786022e-02 1.055090e-01 1.359791e-02 -1.426775e-02 7.119011e-03 3.909117e-01 8.086254e-02
9.908816e-03 3.577937e-01 8.418973e-02 1.544880e-01 3.840335e-02 -2.641190e-01 5.565310e-02 1.169460e-01 2.290773e-02 -4.395612e-02 1.996971e-02 3.928579e-01 4.546092e-02
1.194887e-02 3.716408e-01 3.402417e-02 1.441128e-01 1.942291e-02 -2.362321e-01 3.119030e-02 1.190143e-01 1.360340e-02 -1.107312e-02 1.355893e-02 3.803689e-01 4.307238e-02
1.457179e-02 6.623807e-01 1.438248e-01 2.715136e-01 5.352095e-02 -4.154898e-01 1.066806e-01 1.684781e-01 1.995257e-02 -9.691807e-02 3.810318e-02 5.437267e-01 8.992592e-02
1.777758e-02 5.967630e-01 7.968620e-02 2.530895e-01 3.259983e-02 -3.303961e-01 5.526077e-02 1.730158e-01 1.677511e-02 -6.642085e-02 1.848010e-02 4.895162e-01 5.677058e-02
2.156625e-02 1.188470e+00 1.686077e-01 4.255443e-01 5.286635e-02 -7.157530e-01 1.237872e-01 2.224873e-01 2.057650e-02 -2.095218e-01 3.319145e-02 7.091759e-01 1.078478e-01
9.908816e-03 3.314938e-01 5.554285e-02 1.572146e-01 2.336125e-02 -2.152171e-01 4.229748e-02 1.247426e-01 1.195575e-02 -3.371567e-02 1.253583e-02 3.490895e-01 5.572831e-02
1.020025e-02 4.473505e-01 8.059131e-02 1.883260e-01 4.234144e-02 -3.376159e-01 5.087007e-02 1.367531e-01 2.649740e-02 -7.203769e-02 2.102579e-02 4.629387e-01 4.751811e-02
1.107456e-02 2.833812e-01 4.224593e-02 1.308332e-01 1.590131e-02 -1.768938e-01 5.268397e-02 1.032588e-01 1.087111e-02 -2.866496e-02 1.485365e-02 3.204121e-01 6.592950e-02
1.253174e-02 4.908850e-01 7.400147e-02 2.149559e-01 2.993475e-02 -2.798475e-01 5.367474e-02 1.492120e-01 1.316426e-02 -6.654661e-02 1.164044e-02 3.836831e-01 5.299002e-02
1.457179e-02 4.875562e-01 2.685532e-02 1.936748e-01 1.753348e-02 -2.984821e-01 2.846895e-02 1.365875e-01 1.273255e-02 -4.429895e-02 1.846136e-02 4.784544e-01 4.416908e-02
1.719471e-02 6.886187e-01 6.391645e-02 2.493329e-01 2.968174e-02 -4.232047e-01 3.680862e-02 1.555140e-01 1.485905e-02 -8.377640e-02 1.839023e-02 5.548632e-01 2.982728e-02
2.040050e-02 6.279348e-01 4.579865e-02 2.261574e-01 2.364488e-02 -3.657202e-01 4.450965e-02 1.369196e-01 1.418283e-02 -9.042548e-02 2.009244e-02 5.562332e-01 5.351300e-02
2.418917e-02 1.009431e+00 2.308755e-01 3.148251e-01 6.380704e-02 -5.764848e-01 1.420383e-01 1.668489e-01 2.329589e-02 -1.477028e-01 3.737281e-02 6.878275e-01 9.935847e-02
1.311461e-02 5.019977e-01 8.189403e-02 2.199076e-01 3.488315e-02 -2.876281e-01 7.081435e-02 1.511379e-01 1.762789e-02 -5.745364e-02 2.460114e-02 4.231342e-01 6.590878e-02
1.340604e-02 4.518773e-01 6.691126e-02 1.679875e-01 2.659244e-02 -2.731089e-01 8.287484e-02 1.251322e-01 1.470643e-02 -2.261549e-02 1.774624e-02 4.294907e-01 9.683520e-02
1.428035e-02 5.637279e-01 9.199186e-02 2.446312e-01 5.902367e-02 -2.825594e-01 2.174209e-02 1.658722e-01 3.778362e-02 -5.235865e-02 1.148763e-02 3.894564e-01 1.574651e-02
1.573753e-02 1.015652e+00 1.704325e-01 3.916479e-01 7.501081e-02 -6.552195e-01 7.811456e-02 2.161385e-01 3.459188e-02 -1.757312e-01 3.802716e-02 7.185800e-01 4.723480e-02
1.777758e-02 6.567047e-01 2.230135e-01 2.585098e-01 9.153152e-02 -3.858841e-01 1.135413e-01 1.689425e-01 3.593994e-02 -8.698664e-02 5.365649e-02 4.957333e-01 4.761918e-02
2.040050e-02 1.066863e+00 2.437930e-01 3.844526e-01 9.198018e-02 -5.735502e-01 1.310834e-01 2.078120e-01 3.697644e-02 -1.588216e-01 5.840327e-02 6.451798e-01 8.537652e-02
2.360630e-02 9.248587e-01 1.796634e-01 3.073949e-01 6.609165e-02 -5.561661e-01 1.104022e-01 1.796318e-01 2.348046e-02 -1.467890e-01 3.972565e-02 6.936897e-01 8.804983e-02
2.739496e-02 8.067935e-01 1.049755e-01 2.373475e-01 3.751965e-02 -3.364701e-01 3.709685e-02 1.627375e-01 1.686016e-02 -6.545691e-02 1.677739e-02 5.229955e-01 2.926584e-02
1.690327e-02 7.944401e-01 8.964543e-02 3.317662e-01 4.084297e-02 -3.881376e-01 5.623755e-02 1.953415e-01 2.213122e-02 -9.833106e-02 2.343293e-02 4.972710e-01 3.807845e-02
1.719471e-02 5.472226e-01 7.045294e-02 2.012795e-01 3.644789e-02 -3.016120e-01 4.024851e-02 1.351500e-01 1.996909e-02 -5.554124e-02 1.966668e-02 4.702796e-01 7.956482e-02
1.806902e-02 6.840314e-01 1.320718e-01 2.674073e-01 5.915262e-02 -4.056745e-01 6.776451e-02 1.691616e-01 2.517160e-02 -9.599537e-02 3.024745e-02 4.926190e-01 5.322830e-02
1.952620e-02 7.141872e-01 7.342840e-02 2.576961e-01 4.173253e-02 -4.544105e-01 5.451208e-02 1.595537e-01 1.887543e-02 -1.114932e-01 2.608976e-02 5.533539e-01 4.925190e-02
2.156625e-02 5.626228e-01 1.383227e-01 2.141762e-01 6.412976e-02 -2.419086e-01 2.913130e-02 1.583961e-01 3.506130e-02 -2.729480e-02 9.320442e-03 4.640680e-01 3.189436e-02
2.418917e-02 1.229840e+00 2.861803e-01 4.053942e-01 8.519170e-02 -6.185582e-01 1.475838e-01 2.172124e-01 2.748797e-02 -1.434002e-01 4.372690e-02 7.230871e-01 9.700691e-02
2.739496e-02 1.045052e+00 9.537492e-02 3.220612e-01 3.615625e-02 -5.223944e-01 3.275167e-02 1.864354e-01 1.700120e-02 -1.343293e-01 1.352895e-02 6.373221e-01 4.434498e-02
3.118363e-02 1.056955e+00 1.584110e-01 3.265248e-01 4.311367e-02 -5.059629e-01 1.070214e-01 2.140339e-01 1.465593e-02 -1.423782e-01 3.685813e-02 7.144164e-01 1.050829e-01
4.662972e-03 1.970433e-01 2.729601e-02 1.029196e-01 1.407166e-02 -1.379666e-01 3.092475e-02 1.038536e-01 9.626686e-03 4.362288e-03 1.084845e-02 2.631268e-01 4.445970e-02
4.954408e-03 2.106424e-01 3.068056e-02 1.066423e-01 1.560464e-02 -1.670919e-01 3.801685e-02 1.260455e-01 1.942607e-02 2.964205e-02 2.094353e-02 3.700044e-01 4.677418e-02
5.828715e-03 2.117790e-01 2.630459e-02 1.160364e-01 1.710848e-02 -1.353618e-01 2.321642e-02 1.190653e-01 1.137947e-02 1.469497e-02 1.764913e-02 3.009437e-01 2.187039e-02
7.285894e-03 3.438267e-01 5.550908e-02 1.576177e-01 2.627843e-02 -2.674068e-01 5.735604e-02 1.237031e-01 1.614782e-02 -4.299649e-02 2.066196e-02 4.082733e-01 7.562231e-02
9.325944e-03 3.049013e-01 3.175503e-02 1.307026e-01 2.304822e-02 -2.263054e-01 1.613861e-02 1.030353e-01 1.557405e-02 -2.914933e-02 9.557055e-03 3.680146e-01 2.546843e-02
1.194887e-02 4.108041e-01 6.505715e-02 1.758359e-01 2.664439e-02 -2.834931e-01 4.617913e-02 1.333980e-01 1.262818e-02 -4.597050e-02 1.609613e-02 4.397219e-01 3.586429e-02
1.515466e-02 4.373368e-01 1.106670e-01 1.837843e-01 4.532704e-02 -2.333782e-01 4.968231e-02 1.248906e-01 2.095864e-02 -4.539999e-02 1.914486e-02 3.658874e-01 2.670882e-02
1.894332e-02 5.328953e-01 5.869370e-02 2.009479e-01 1.725592e-02 -2.886060e-01 5.165333e-02 1.468110e-01 1.275883e-02 -5.532466e-02 1.365574e-02 4.406974e-01 4.813371e-02
4.954408e-03 1.275612e-01 6.626348e-03 7.637219e-02 8.786512e-03 -8.057466e-02 1.143709e-02 8.442942e-02 8.436813e-03 1.062069e-02 6.968348e-03 1.814977e-01 2.508807e-02
5.245844e-03 1.367106e-01 1.097754e-02 6.801653e-02 6.542821e-03 -1.041928e-01 1.102838e-02 7.645468e-02 6.079775e-03 1.802212e-02 3.891878e-03 2.488844e-01 1.923746e-02
6.120151e-03 3.073817e-01 7.724671e-02 1.560620e-01 4.316931e-02 -2.278537e-01 5.391556e-02 1.270666e-01 2.521238e-02 -4.252088e-02 2.377756e-02 3.441661e-01 6.802557e-02
7.577330e-03 2.355864e-01 5.975950e-02 1.177543e-01 2.307281e-02 -1.526768e-01 5.665115e-02 1.118086e-01 8.439532e-03 -2.793908e-03 2.450094e-02 2.912971e-01 4.604712e-02
9.617380e-03 4.126471e-01 3.113933e-02 2.016787e-01 1.204412e-02 -2.406570e-01 1.902590e-02 1.416018e-01 6.177998e-03 -5.999660e-02 1.792073e-02 3.227886e-01 3.617013e-02
1.224030e-02 3.103807e-01 3.309977e-02 1.368940e-01 2.345530e-02 -1.848164e-01 8.402179e-03 1.243736e-01 1.884966e-02 8.821971e-03 6.762784e-03 3.903707e-01 2.757918e-02
1.544610e-02 5.354713e-01 1.140064e-01 2.086409e-01 3.746575e-02 -3.070807e-01 8.069024e-02 1.387588e-01 1.139295e-02 -5.475740e-02 3.207107e-02 4.575165e-01 6.601292e-02
1.923476e-02 8.199555e-01 8.848645e-02 3.045080e-01 3.863409e-02 -4.746916e-01 5.682627e-02 1.719720e-01 2.097051e-02 -1.110207e-01 2.276067e-02 5.776342e-01 6.325245e-02
5.828715e-03 2.035618e-01 2.587922e-02 1.108948e-01 8.606474e-03 -1.294938e-01 2.503085e-02 1.047968e-01 4.547116e-03 -3.664646e-03 1.074359e-02 2.352807e-01 2.721333e-02
6.120151e-03 2.496879e-01 2.141401e-02 1.161642e-01 9.994632e-03 -1.940049e-01 2.591218e-02 1.053942e-01 9.103466e-03 -1.167311e-02 2.002450e-02 3.320451e-01 2.943919e-02
6.994458e-03 2.923221e-01 5.470557e-02 1.246980e-01 2.739426e-02 -2.593802e-01 4.554178e-02 1.058188e-01 1.787369e-02 -3.318038e-02 2.446775e-02 4.323354e-01 5.193372e-02
8.451637e-03 2.807490e-01 4.774789e-02 1.311055e-01 2.136605e-02 -2.005567e-01 4.717085e-02 1.131352e-01 1.108655e-02 -1.408728e-02 1.934832e-02 3.585497e-01 5.267919e-02
1.049169e-02 4.018668e-01 3.025393e-02 1.495047e-01 2.107084e-02 -3.062918e-01 4.218701e-02 1.093841e-01 1.295805e-02 -4.462389e-02 7.321478e-03 4.383099e-01 5.904091e-02
1.311461e-02 5.830543e-01 9.893827e-02 2.376217e-01 3.296287e-02 -3.997444e-01 9.407963e-02 1.464149e-01 1.052050e-02 -1.045029e-01 3.595792e-02 5.105563e-01 9.829167e-02
1.632040e-02 4.865428e-01 7.783976e-02 1.716902e-01 2.531610e-02 -2.724724e-01 7.464049e-02 1.215772e-01 1.106598e-02 -4.001903e-02 1.686037e-02 4.338800e-01 8.415442e-02
2.010907e-02 7.048465e-01 2.011635e-01 2.505515e-01 7.055673e-02 -4.600325e-01 1.026051e-01 1.450172e-01 2.246553e-02 -1.233988e-01 3.533931e-02 5.982274e-01 5.000963e-02
7.285894e-03 2.801888e-01 5.548912e-02 1.295827e-01 3.676596e-02 -1.959102e-01 1.478699e-02 1.059503e-01 2.763459e-02 -1.733560e-02 6.646140e-03 3.287844e-01 1.150700e-02
7.577330e-03 3.196282e-01 2.674596e-02 1.426750e-01 2.091390e-02 -2.561584e-01 3.966210e-02 1.226114e-01 1.385008e-02 -2.726367e-02 7.039384e-03 4.148597e-01 7.321806e-02
8.451637e-03 3.093073e-01 5.799125e-02 1.507665e-01 2.382645e-02 -2.223561e-01 5.118884e-02 1.287758e-01 9.041247e-03 -3.249674e-02 2.464955e-02 3.662532e-01 4.860774e-02
9.908816e-03 3.252624e-01 3.544689e-02 1.606462e-01 1.272741e-02 -2.024984e-01 2.890249e-02 1.382940e-01 9.315621e-03 -1.552572e-02 8.693316e-03 3.623516e-01 3.459650e-02
1.194887e-02 3.458260e-01 6.430757e-02 1.535904e-01 2.495019e-02 -2.062743e-01 6.296112e-02 1.179435e-01 1.084079e-02 -1.957359e-02 1.992609e-02 3.716418e-01 8.748127e-02
1.457179e-02 4.363532e-01 5.014738e-02 1.643496e-01 2.404838e-02 -2.600799e-01 1.939897e-02 1.099521e-01 1.092268e-02 -3.800927e-02 9.425859e-03 4.115951e-01 1.382258e-02
1.777758e-02 8.026140e-01 1.619050e-01 3.212978e-01 5.245007e-02 -4.029828e-01 1.088300e-01 1.933586e-01 2.190399e-02 -8.339113e-02 2.753954e-02 5.508172e-01 1.081686e-01
2.156625e-02 8.755451e-01 8.670043e-02 2.940056e-01 3.197717e-02 -5.031999e-01 3.908370e-02 1.720055e-01 1.175260e-02 -8.995385e-02 1.683718e-02 6.710513e-01 5.729573e-02
9.325944e-03 3.085866e-01 4.893260e-02 1.357530e-01 2.195377e-02 -2.052113e-01 3.934578e-02 1.036339e-01 9.692211e-03 -2.686529e-02 2.268783e-02 3.320887e-01 2.410435e-02
9.617380e-03 3.554569e-01 7.169769e-02 1.452074e-01 2.331088e-02 -2.839382e-01 7.640216e-02 1.084478e-01 1.177106e-02 -5.259620e-02 1.995339e-02 4.088923e-01 8.873371e-02
1.049169e-02 3.697673e-01 3.902540e-02 1.584031e-01 1.423294e-02 -2.508949e-01 5.193193e-02 1.185471e-01 9.430438e-03 -5.274741e-02 9.475747e-03 3.467989e-01 7.020630e-02
1.194887e-02 7.464485e-01 1.346012e-01 3.263830e-01 6.065881e-02 -4.706376e-01 1.016814e-01 2.017759e-01 3.042461e-02 -1.364796e-01 4.566305e-02 5.380488e-01 8.520783e-02
1.398892e-02 4.378390e-01 7.397631e-02 1.500608e-01 2.070594e-02 -3.043486e-01 8.451456e-02 1.116450e-01 1.187924e-02 -2.394753e-02 2.288252e-02 4.947784e-01 7.302899e-02
1.661184e-02 6.678519e-01 1.704440e-01 2.341197e-01 5.731817e-02 -4.062350e-01 1.080693e-01 1.367266e-01 2.612993e-02 -7.454520e-02 3.165714e-02 5.341664e-01 9.497032e-02
1.981763e-02 9.131279e-01 1.363369e-01 3.403679e-01 4.731146e-02 -5.147674e-01 7.664762e-02 1.872408e-01 1.587376e-02 -1.464552e-01 2.700865e-02 5.837518e-01 5.810216e-02
2.360630e-02 8.711930e-01 1.177175e-01 2.910830e-01 1.600517e-02 -4.025438e-01 8.458734e-02 1.654248e-01 4.577475e-03 -9.527526e-02 2.061097e-02 5.344290e-01 5.530967e-02
1.194887e-02 3.872794e-01 4.645668e-02 1.523037e-01 1.647351e-02 -2.784602e-01 5.085682e-02 1.120116e-01 7.953288e-03 -2.377699e-02 1.996153e-02 4.943787e-01 4.988752e-02
1.224030e-02 6.124553e-01 9.166066e-02 2.622374e-01 4.856905e-02 -4.149487e-01 4.877604e-02 1.686090e-01 2.546012e-02 -9.825335e-02 2.055886e-02 5.434861e-01 6.166522e-02
1.311461e-02 3.405950e-01 2.970573e-02 1.422987e-01 1.238193e-02 -2.167930e-01 3.082811e-02 1.149391e-01 8.915670e-03 -3.319292e-02 1.526080e-02 3.698565e-01 3.252255e-02
1.457179e-02 6.277736e-01 2.848436e-02 2.603547e-01 3.038086e-02 -3.478735e-01 2.301682e-02 1.700757e-01 2.130916e-02 -7.843035e-02 5.435334e-03 4.250368e-01 2.987009e-02
1.661184e-02 6.679000e-01 1.206652e-01 2.652930e-01 6.391170e-02 -4.240479e-01 8.315069e-02 1.643273e-01 3.111350e-02 -1.002012e-01 4.542699e-02 5.534050e-01 8.792161e-02
1.923476e-02 6.985207e-01 1.378387e-01 2.556981e-01 4.460850e-02 -4.033711e-01 8.130222e-02 1.658619e-01 1.907340e-02 -7.863044e-02 2.500560e-02 5.285431e-01 7.782033e-02
2.244055e-02 9.477647e-01 1.465972e-01 3.169159e-01 5.739898e-02 -5.463484e-01 1.346467e-01 1.765967e-01 2.538361e-02 -1.213160e-01 3.656951e-02 7.178552e-01 1.110173e-01
2.622922e-02 9.945583e-01 9.584577e-02 3.310146e-01 4.401787e-02 -5.383330e-01 8.189488e-02 1.853439e-01 2.840404e-02 -1.313947e-01 2.691467e-02 7.373945e-01 6.462074e-02
1.515466e-02 6.459548e-01 2.062356e-01 2.402077e-01 7.762049e-02 -4.217546e-01 1.543753e-01 1.536763e-01 3.228978e-02 -8.572633e-02 6.460734e-02 5.282489e-01 1.032637e-01
1.544610e-02 7.672455e-01 1.303299e-01 2.970029e-01 4.603470e-02 -4.788114e-01 8.318911e-02 1.771728e-01 1.228501e-02 -1.309617e-01 3.029326e-02 5.452878e-01 6.130128e-02
1.632040e-02 5.442237e-01 1.143797e-01 2.110354e-01 5.108036e-02 -3.300325e-01 5.812333e-02 1.463939e-01 2.202194e-02 -7.433265e-02 2.298751e-02 4.449183e-01 4.629693e-02
1.777758e-02 5.564184e-01 9.154944e-02 2.089821e-01 3.867813e-02 -3.071552e-01 8.295291e-02 1.438967e-01 1.240015e-02 -5.731065e-02 4.055391e-02 4.653097e-01 6.985511e-02
1.981763e-02 5.699592e-01 6.061904e-02 2.120075e-01 2.016682e-02 -3.447678e-01 5.476651e-02 1.542484e-01 8.626174e-03 -5.871749e-02 1.837564e-02 5.604290e-01 5.034871e-02
2.244055e-02 7.326634e-01 9.613852e-02 2.742744e-01 2.419164e-02 -3.425453e-01 5.636379e-02 1.829271e-01 1.585093e-02 -8.316714e-02 7.738657e-03 5.178151e-01 6.030378e-02
2.564635e-02 1.512657e+00 2.825031e-01 5.273347e-01 8.342772e-02 -8.772696e-01 1.548314e-01 2.578019e-01 2.862416e-02 -2.579994e-01 5.540570e-02 9.598764e-01 8.601906e-02
2.943501e-02 8.878313e-01 2.163079e-01 2.715316e-01 7.233369e-02 -4.279039e-01 1.166458e-01 1.785943e-01 3.237381e-02 -1.015040e-01 5.052347e-02 6.265349e-01 5.685949e-02
1.894332e-02 5.873599e-01 9.382657e-02 2.149367e-01 3.219615e-02 -3.648203e-01 9.056023e-02 1.433863e-01 1.357580e-02 -6.877832e-02 2.654853e-02 5.225331e-01 8.895277e-02
1.923476e-02 7.000496e-01 1.101897e-01 2.493173e-01 3.933553e-02 -3.566922e-01 9.673312e-02 1.643199e-01 9.418052e-03 -7.036758e-02 2.943510e-02 5.001973e-01 9.934093e-02
2.010907e-02 1.010829e+00 2.251313e-01 3.526832e-01 8.229813e-02 -5.996481e-01 1.347068e-01 1.827394e-01 3.270626e-02 -1.642628e-01 4.585434e-02 6.667953e-01 8.066116e-02
2.156625e-02 1.329738e+00 3.450008e-01 4.453278e-01 1.078375e-01 -7.454445e-01 1.899777e-01 2.228146e-01 2.655010e-02 -2.053520e-01 7.214012e-02 7.521913e-01 1.219156e-01
2.360630e-02 1.027687e+00 1.299999e-01 3.011069e-01 3.237007e-02 -5.948535e-01 8.476947e-02 1.711323e-01 1.463966e-02 -1.148156e-01 1.954313e-02 7.597422e-01 8.756877e-02
2.622922e-02 9.971420e-01 1.759628e-01 3.359946e-01 6.113111e-02 -5.140710e-01 8.675357e-02 1.976096e-01 2.069676e-02 -1.284768e-01 3.193036e-02 6.991623e-01 4.999127e-02
2.943501e-02 7.739070e-01 1.518360e-01 2.236027e-01 7.101588e-02 -3.432389e-01 9.285005e-02 1.620932e-01 4.020021e-02 -6.609191e-02 2.703978e-02 6.539090e-01 5.735876e-02
3.322368e-02 1.053670e+00 8.790423e-02 3.103668e-01 5.322894e-02 -4.733840e-01 6.541686e-02 1.944124e-01 2.415687e-02 -1.130096e-01 1.077127e-02 7.792380e-01 8.530946e-02
7.285894e-03 3.167340e-01 6.173776e-02 1.488244e-01 1.544323e-02 -2.419055e-01 9.172253e-02 1.169959e-01 9.487079e-03 -3.845187e-02 2.615798e-02 3.879366e-01 1.105712e-01
7.577330e-03 3.025901e-01 2.799319e-02 1.325965e-01 1.362484e-02 -2.592173e-01 2.802312e-02 1.091409e-01 8.687991e-03 -4.331594e-02 1.284054e-02 4.115364e-01 4.496975e-02
8.451637e-03 3.928917e-01 1.137955e-01 1.813758e-01 4.527578e-02 -3.022271e-01 1.123514e-01 1.350528e-01 2.035339e-02 -5.649323e-02 4.124774e-02 4.637637e-01 1.165830e-01
9.908816e-03 3.973257e-01 4.824583e-02 1.846464e-01 2.190595e-02 -2.634994e-01 5.097862e-02 1.358667e-01 1.372265e-02 -4.994045e-02 1.772170e-02 4.014707e-01 4.035922e-02
1.194887e-02 5.367745e-01 9.680485e-02 2.424415e-01 3.557103e-02 -3.339768e-01 1.001043e-01 1.699464e-01 1.482774e-02 -8.268882e-02 4.208956e-02 4.294790e-01 7.556074e-02
1.457179e-02 5.386143e-01 9.951060e-02 2.317511e-01 3.707689e-02 -2.615623e-01 6.668527e-02 1.596314e-01 1.400814e-02 -3.980068e-02 2.884321e-02 4.017648e-01 6.125790e-02
1.777758e-02 7.422628e-01 1.346555e-01 2.797966e-01 5.502925e-02 -4.817742e-01 8.628483e-02 1.692968e-01 2.203636e-02 -1.145569e-01 4.052521e-02 6.097500e-01 7.976476e-02
2.156625e-02 9.946411e-01 7.699731e-02 3.401562e-01 2.728285e-02 -5.861638e-01 5.526429e-02 1.954052e-01 1.456932e-02 -1.516093e-01 2.762225e-02 6.403097e-01 3.692109e-02
7.577330e-03 2.914915e-01 6.881229e-02 1.107413e-01 2.533286e-02 -2.605471e-01 7.638545e-02 9.503885e-02 1.406799e-02 -1.095687e-02 2.703239e-02 4.609121e-01 8.862713e-02
7.868765e-03 3.588946e-01 5.787859e-02 1.455900e-01 2.096839e-02 -3.000688e-01 6.102343e-02 1.097669e-01 3.951382e-03 -4.189333e-02 3.739091e-02 4.610487e-01 5.157072e-02
8.743073e-03 3.176639e-01 6.473804e-02 1.360395e-01 2.191335e-02 -2.416538e-01 6.645717e-02 1.109292e-01 1.098509e-02 -2.734158e-02 2.762474e-02 3.988263e-01 6.135991e-02
1.020025e-02 3.844390e-01 2.679050e-02 1.902624e-01 1.975308e-02 -2.508494e-01 1.781832e-02 1.414620e-01 1.296922e-02 -5.595820e-02 7.412452e-03 3.538196e-01 2.880122e-02
1.224030e-02 3.757462e-01 7.670716e-02 1.404846e-01 2.903446e-02 -2.750593e-01 7.227773e-02 1.080132e-01 1.576573e-02 -4.005835e-02 2.208752e-02 4.078405e-01 6.635248e-02
1.486322e-02 3.747979e-01 4.052108e-02 1.473198e-01 2.035310e-02 -2.396070e-01 4.000261e-02 1.085798e-01 9.655200e-03 -2.986229e-02 1.475235e-02 4.184782e-01 4.759014e-02
1.806902e-02 6.924946e-01 2.477164e-01 2.690874e-01 7.877872e-02 -3.689074e-01 1.605684e-01 1.594988e-01 2.630567e-02 -9.331646e-02 4.666906e-02 5.171129e-01 1.069923e-01
2.185768e-02 9.704538e-01 1.785387e-01 3.136452e-01 6.803837e-02 -4.770132e-01 8.770407e-02 1.830995e-01 2.980784e-02 -1.061853e-01 3.414939e-02 5.986441e-01 5.121490e-02
8.451637e-03 2.786793e-01 2.543805e-02 1.271503e-01 1.270275e-02 -1.949665e-01 3.163078e-02 1.062271e-01 1.138211e-02 -1.625528e-02 1.589718e-02 3.423422e-01 2.421916e-02
8.743073e-03 3.677206e-01 6.102407e-02 1.740523e-01 2.917930e-02 -2.365539e-01 4.499425e-02 1.399445e-01 1.631352e-02 -3.069705e-02 1.632704e-02 3.717074e-01 5.070290e-02
9.617380e-03 3.074477e-01 2.731258e-02 1.617008e-01 2.523109e-02 -1.602483e-01 2.090616e-02 1.357591e-01 2.082236e-02 -2.325816e-02 1.731854e-03 2.626446e-01 4.690416e-02
1.107456e-02 4.545888e-01 1.168315e-01 1.856845e-01 3.648579e-02 -2.815489e-01 1.125947e-01 1.358857e-01 1.027939e-02 -3.629825e-02 4.158323e-02 4.076317e-01 8.567976e-02
1.311461e-02 5.272785e-01 1.173473e-01 2.420861e-01 5.013475e-02 -2.286341e-01 7.566986e-02 1.729237e-01 2.502519e-02 -3.443777e-02 2.897270e-02 3.493140e-01 5.688637e-02
1.573753e-02 7.017068e-01 9.990193e-02 2.767227e-01 4.761671e-02 -4.357524e-01 5.927653e-02 1.680424e-01 2.632696e-02 -1.085762e-01 2.753569e-02 5.292273e-01 5.513671e-02
1.894332e-02 6.985929e-01 7.130418e-02 2.525286e-01 2.795499e-02 -4.730847e-01 6.757002e-02 1.506178e-01 1.646304e-02 -1.173465e-01 2.042686e-02 6.655770e-01 6.716698e-02
2.273199e-02 9.008684e-01 1.599201e-01 3.345995e-01 5.881742e-02 -4.899121e-01 8.413822e-02 2.063971e-01 2.336929e-02 -1.189177e-01 2.892422e-02 6.442315e-01 6.501387e-02
9.908816e-03 4.738499e-01 1.155251e-01 2.235958e-01 4.995539e-02 -3.026463e-01 9.351158e-02 1.591030e-01 2.034964e-02 -7.701302e-02 4.620893e-02 3.648439e-01 6.066121e-02
1.020025e-02 3.938997e-01 5.834874e-02 1.995089e-01 1.946325e-02 -2.345464e-01 5.924637e-02 1.500528e-01 1.252387e-02 -5.889130e-02 2.509879e-02 3.252478e-01 4.718482e-02
1.107456e-02 5.947730e-01 1.505298e-01 2.706923e-01 7.417519e-02 -3.947543e-01 9.379428e-02 1.747613e-01 3.414145e-02 -1.097923e-01 5.141876e-02 4.987775e-01 6.251546e-02
1.253174e-02 5.148527e-01 6.488251e-02 2.407909e-01 4.057753e-02 -2.745273e-01 3.085678e-02 1.632646e-01 2.246566e-02 -5.827259e-02 1.703480e-02 3.882856e-01 3.023237e-02
1.457179e-02 3.843114e-01 6.544164e-02 1.813664e-01 3.899127e-02 -1.997239e-01 2.367961e-02 1.471904e-01 2.483712e-02 -2.921291e-02 1.385926e-02 3.363919e-01 2.558251e-02
1.719471e-02 6.687558e-01 1.438298e-01 2.661146e-01 6.382894e-02 -4.229611e-01 1.099042e-01 1.580398e-01 3.017310e-02 -1.100625e-01 4.551881e-02 6.042874e-01 9.914686e-02
2.040050e-02 6.550821e-01 1.248915e-01 2.463332e-01 5.092029e-02 -3.787358e-01 9.010075e-02 1.534807e-01 2.300091e-02 -8.951737e-02 2.577125e-02 5.561747e-01 7.705493e-02
2.418917e-02 1.145068e+00 1.249036e-01 3.897512e-01 4.763906e-02 -5.801471e-01 1.950110e-02 2.104283e-01 2.183672e-02 -1.457827e-01 1.222371e-02 6.309576e-01 4.507913e-02
1.194887e-02 4.268583e-01 1.176197e-01 1.830583e-01 5.352299e-02 -2.969772e-01 7.312689e-02 1.355443e-01 2.730563e-02 -5.615111e-02 2.966821e-02 4.164129e-01 6.041218e-02
1.224030e-02 3.904554e-01 6.684506e-02 1.570470e-01 2.899917e-02 -2.898404e-01 6.763132e-02 1.225172e-01 1.831778e-02 -3.614989e-02 1.921045e-02 4.647788e-01 6.955430e-02
1.311461e-02 3.817375e-01 1.447742e-02 1.605555e-01 5.873234e-03 -2.439043e-01 2.773197e-02 1.205385e-01 1.147975e-02 -3.756549e-02 1.444585e-02 4.019163e-01 3.596269e-02
1.457179e-02 5.972797e-01 1.476649e-01 2.318310e-01 5.292489e-02 -3.911397e-01 1.101532e-01 1.371656e-01 2.286515e-02 -9.792828e-02 3.476097e-02 4.978248e-01 1.185432e-01
1.661184e-02 9.207393e-01 1.628373e-01 3.329783e-01 5.268265e-02 -6.153215e-01 1.422757e-01 1.862685e-01 2.522786e-02 -1.562755e-01 3.781596e-02 6.702254e-01 1.455888e-01
1.923476e-02 7.559170e-01 8.417128e-02 2.932197e-01 3.835115e-02 -4.513843e-01 7.592391e-02 1.777500e-01 1.814359e-02 -1.216355e-01 3.235574e-02 5.490799e-01 7.385644e-02
2.244055e-02 8.428516e-01 1.538272e-01 2.915987e-01 6.944891e-02 -4.658417e-01 7.597489e-02 1.770674e-01 3.215797e-02 -9.839999e-02 2.668302e-02 6.425005e-01 8.923644e-02
2.622922e-02 1.337069e+00 3.209446e-01 4.077363e-01 1.490483e-01 -6.480340e-01 1.292324e-01 2.152808e-01 7.050238e-02 -1.676521e-01 5.947113e-02 7.358972e-01 9.364873e-02
1.457179e-02 5.853077e-01 1.170263e-01 2.181691e-01 3.406985e-02 -3.535600e-01 8.754002e-02 1.460637e-01 1.541859e-02 -4.889463e-02 1.129106e-02 4.980453e-01 1.043407e-01
1.486322e-02 6.232924e-01 1.354221e-01 2.395353e-01 5.119806e-02 -3.922307e-01 7.366323e-02 1.331771e-01 2.248895e-02 -1.065610e-01 2.457219e-02 4.424089e-01 3.876606e-02
1.573753e-02 5.109514e-01 6.447577e-02 2.109699e-01 3.680288e-02 -2.671489e-01 4.134087e-02 1.482525e-01 2.371876e-02 -5.050824e-02 1.623700e-02 4.117463e-01 5.637090e-02
1.719471e-02 5.803459e-01 4.668300e-02 2.167600e-01 2.269872e-02 -3.230927e-01 5.618676e-02 1.391632e-01 8.933953e-03 -6.838598e-02 2.489379e-02 4.436050e-01 4.357388e-02
1.923476e-02 5.367367e-01 7.476029e-02 1.941304e-01 3.352132e-02 -2.855296e-01 4.850804e-02 1.398960e-01 2.213503e-02 -4.450491e-02 2.097278e-02 4.942982e-01 6.840489e-02
2.185768e-02 8.846320e-01 1.109123e-01 3.288149e-01 5.489907e-02 -4.704789e-01 7.972161e-02 1.919884e-01 2.382347e-02 -1.125168e-01 4.034389e-02 6.523376e-01 7.180975e-02
2.506348e-02 8.339141e-01 6.902994e-02 3.056960e-01 3.724782e-02 -4.104019e-01 5.187127e-02 2.046730e-01 2.896591e-02 -1.013903e-01 8.870195e-03 6.009004e-01 9.518298e-02
2.885214e-02 9.184732e-01 1.106224e-01 2.834724e-01 2.999190e-02 -4.263716e-01 5.556876e-02 1.827575e-01 1.466088e-02 -1.116519e-01 1.978701e-02 6.916765e-01 4.665950e-02
1.777758e-02 7.934713e-01 1.363863e-01 3.304961e-01 5.110189e-02 -4.423894e-01 1.128943e-01 2.052188e-01 1.891005e-02 -1.298079e-01 4.190249e-02 4.862636e-01 1.104665e-01
1.806902e-02 6.240307e-01 8.179727e-02 2.473248e-01 3.036373e-02 -2.978379e-01 5.167154e-02 1.609145e-01 1.237061e-02 -7.019017e-02 2.271383e-02 4.095212e-01 5.115484e-02
1.894332e-02 6.940321e-01 4.020517e-02 2.425827e-01 2.111598e-02 -4.188876e-01 3.741028e-02 1.430126e-01 1.433286e-02 -9.423436e-02 9.937152e-03 5.096744e-01 4.180792e-02
2.040050e-02 9.951048e-01 1.544192e-01 3.454557e-01 5.872222e-02 -5.699464e-01 1.099764e-01 1.864127e-01 2.614988e-02 -1.310147e-01 4.319790e-02 6.439589e-01 6.337832e-02
2.244055e-02 6.879772e-01 7.582035e-02 1.997024e-01 2.204983e-02 -4.154550e-01 6.844503e-02 1.273330e-01 1.357846e-02 -7.302043e-02 1.107812e-02 5.842382e-01 8.374243e-02
2.506348e-02 1.013868e+00 1.184616e-01 3.359286e-01 3.596065e-02 -5.846546e-01 8.553014e-02 1.931937e-01 1.426569e-02 -1.681214e-01 3.356801e-02 7.704298e-01 7.420349e-02
2.826927e-02 1.163792e+00 2.540675e-01 3.703318e-01 7.845631e-02 -5.473640e-01 1.208679e-01 2.192823e-01 2.805788e-02 -1.294845e-01 4.058032e-02 7.154520e-01 9.424508e-02
3.205793e-02 9.696065e-01 1.516409e-01 2.647004e-01 4.083171e-02 -5.295798e-01 6.776941e-02 1.904834e-01 1.966352e-02 -9.672829e-02 1.713037e-02 7.552709e-01 6.595372e-02
2.156625e-02 6.970207e-01 1.127928e-01 2.418964e-01 4.154328e-02 -3.566969e-01 9.079458e-02 1.650974e-01 2.614473e-02 -6.494180e-02 3.006360e-02 5.287496e-01 9.226697e-02
2.185768e-02 8.650453e-01 9.331655e-02 3.055602e-01 2.838555e-02 -4.693271e-01 9.306352e-02 1.794619e-01 9.631974e-03 -1.202181e-01 3.496261e-02 5.831114e-01 6.309826e-02
2.273199e-02 7.039673e-01 1.319143e-01 2.619049e-01 5.032081e-02 -3.838352e-01 6.945317e-02 1.640810e-01 1.620081e-02 -9.837208e-02 3.720730e-02 5.563503e-01 2.542042e-02
2.418917e-02 1.178989e+00 2.485454e-01 4.143783e-01 8.957914e-02 -5.348114e-01 9.658808e-02 2.161821e-01 3.271988e-02 -1.252678e-01 3.991688e-02 6.811350e-01 5.583561e-02
2.622922e-02 9.425365e-01 1.523043e-01 3.131876e-01 6.917042e-02 -4.131528e-01 1.217434e-01 1.855909e-01 3.376563e-02 -7.256007e-02 4.144752e-02 6.277711e-01 1.231625e-01
2.885214e-02 1.264992e+00 2.230767e-01 4.498312e-01 8.917670e-02 -7.143576e-01 1.335996e-01 2.541862e-01 4.041163e-02 -2.039509e-01 5.125369e-02 8.927430e-01 8.640983e-02
3.205793e-02 8.179821e-01 1.093772e-01 2.598248e-01 3.455054e-02 -3.990401e-01 5.624104e-02 1.809680e-01 1.502170e-02 -8.578032e-02 1.782741e-02 7.312739e-01 5.783077e-02
3.584660e-02 1.298233e+00 1.016025e-01 3.450824e-01 5.289831e-02 -5.960347e-01 9.657663e-02 2.297683e-01 1.807763e-02 -1.585830e-01 5.245896e-02 9.137695e-01 7.707053e-02
1.049169e-02 4.850155e-01 6.085058e-02 2.050156e-01 3.180926e-02 -3.677550e-01 5.240126e-02 1.420151e-01 1.774725e-02 -7.830433e-02 2.659115e-02 5.081529e-01 4.472500e-02
1.078312e-02 3.239918e-01 4.794930e-02 1.487081e-01 1.661943e-02 -2.002616e-01 6.019336e-02 1.146557e-01 8.526190e-03 -2.421118e-02 1.660606e-02 3.654108e-01 6.908154e-02
1.165743e-02 3.843279e-01 9.005000e-02 1.660529e-01 2.752346e-02 -2.499470e-01 8.833453e-02 1.239861e-01 1.318048e-02 -3.529539e-02 3.471764e-02 3.805174e-01 6.108213e-02
1.311461e-02 4.866323e-01 8.869924e-02 2.085152e-01 4.072775e-02 -2.854183e-01 5.373568e-02 1.478238e-01 1.872964e-02 -4.605444e-02 2.103439e-02 4.294586e-01 6.086023e-02
1.515466e-02 5.947415e-01 8.812257e-02 2.417890e-01 2.528468e-02 -3.707643e-01 9.064008e-02 1.627361e-01 1.689952e-02 -8.916642e-02 3.329493e-02 5.094438e-01 9.294065e-02
1.777758e-02 6.805006e-01 7.344387e-02 2.202436e-01 2.876578e-02 -4.681160e-01 7.457313e-02 1.386158e-01 1.712991e-02 -7.756560e-02 3.629186e-02 6.210704e-01 3.594116e-02
2.098337e-02 8.624574e-01 1.451735e-01 2.701148e-01 4.913434e-02 -5.364661e-01 1.075618e-01 1.449421e-01 1.818691e-02 -1.168418e-01 3.616486e-02 6.539143e-01 1.041385e-01
2.477204e-02 1.053382e+00 1.980446e-01 3.580395e-01 7.563947e-02 -5.304948e-01 1.337856e-01 2.220403e-01 3.312878e-02 -1.211224e-01 5.658459e-02 7.009094e-01 9.005620e-02
1.078312e-02 4.182213e-01 3.301693e-02 1.828585e-01 1.727171e-02 -2.557800e-01 2.587680e-02 1.369116e-01 9.611432e-03 -4.029436e-02 1.131601e-02 3.706165e-01 3.716321e-02
1.107456e-02 4.476032e-01 5.839130e-02 1.764510e-01 1.697991e-02 -3.408852e-01 6.940553e-02 1.288966e-01 9.115858e-03 -5.688733e-02 2.085716e-02 4.710129e-01 8.069904e-02
1.194887e-02 4.092030e-01 5.993552e-02 1.932505e-01 2.380105e-02 -2.205827e-01 5.183643e-02 1.470213e-01 1.350183e-02 -2.584905e-02 1.934838e-02 3.783008e-01 5.315498e-02
1.340604e-02 7.464060e-01 1.559487e-01 2.846741e-01 6.235394e-02 -5.555375e-01 1.194051e-01 1.520347e-01 2.699486e-02 -1.733256e-01 4.574756e-02 6.036719e-01 8.371136e-02
1.544610e-02 8.038016e-01 1.239484e-01 3.084398e-01 6.490328e-02 -5.162741e-01 5.786189e-02 1.826995e-01 3.110646e-02 -1.346453e-01 3.145564e-02 5.824808e-01 5.496386e-02
1.806902e-02 8.115128e-01 1.982512e-01 2.877313e-01 7.040084e-02 -5.460565e-01 1.066519e-01 1.662560e-01 2.618873e-02 -1.314899e-01 3.797812e-02 6.790700e-01 5.406340e-02
2.127481e-02 7.551801e-01 1.591932e-01 2.765685e-01 7.344537e-02 -4.073908e-01 4.655341e-02 1.726200e-01 3.070880e-02 -8.921928e-02 2.755752e-02 5.575503e-01 5.478465e-02
2.506348e-02 1.215114e+00 1.031707e-01 4.078204e-01 4.215938e-02 -6.369347e-01 5.797080e-02 2.178338e-01 2.233348e-02 -1.636933e-01 2.610388e-02 7.322350e-01 9.126870e-02
1.165743e-02 4.708877e-01 6.743773e-02 2.207017e-01 2.909846e-02 -3.215693e-01 5.711150e-02 1.588381e-01 1.438587e-02 -9.553882e-02 2.823464e-02 3.945469e-01 4.585611e-02
1.194887e-02 5.473697e-01 1.367989e-01 2.295410e-01 5.693994e-02 -3.577666e-01 1.026355e-01 1.578304e-01 2.511541e-02 -7.091608e-02 4.265813e-02 4.845834e-01 8.767284e-02
1.282317e-02 3.995785e-01 8.323646e-02 1.775398e-01 3.658909e-02 -2.059506e-01 4.908282e-02 1.366134e-01 2.288997e-02 -1.327577e-02 1.834333e-02 3.791468e-01 3.453350e-02
1.428035e-02 7.804383e-01 9.460331e-02 3.531279e-01 3.446456e-02 -4.260586e-01 5.852371e-02 2.195037e-01 1.300741e-02 -1.255211e-01 3.018287e-02 4.868746e-01 3.827007e-02
1.632040e-02 6.161200e-01 5.996741e-02 2.299748e-01 3.334603e-02 -3.783798e-01 4.762282e-02 1.476359e-01 1.405054e-02 -6.109957e-02 1.998122e-02 5.517025e-01 4.850156e-02
1.894332e-02 6.467159e-01 1.107753e-01 2.461822e-01 4.964337e-02 -3.847789e-01 5.783944e-02 1.650069e-01 2.035127e-02 -7.632668e-02 3.131978e-02 5.768125e-01 7.552383e-02
2.214912e-02 8.850463e-01 2.628919e-01 3.046022e-01 9.513180e-02 -4.551527e-01 9.972047e-02 1.845564e-01 3.750935e-02 -8.173103e-02 4.055755e-02 6.470341e-01 7.925409e-02
2.593778e-02 8.812075e-01 9.189852e-02 2.847034e-01 4.474753e-02 -4.074900e-01 7.785209e-02 1.875324e-01 2.792177e-02 -6.076243e-02 3.333891e-02 6.694862e-01 7.115868e-02
1.311461e-02 4.760184e-01 5.877635e-02 1.853421e-01 2.975760e-02 -3.262944e-01 6.583447e-02 1.300764e-01 1.697605e-02 -5.571122e-02 3.055487e-02 4.645373e-01 8.008539e-02
1.340604e-02 5.908423e-01 1.221408e-01 2.372841e-01 4.923947e-02 -4.097841e-01 1.035333e-01 1.575551e-01 2.611858e-02 -8.608956e-02 4.121856e-02 5.500304e-01 7.995288e-02
1.428035e-02 4.261881e-01 1.152023e-01 1.712097e-01 3.341504e-02 -2.557735e-01 8.656705e-02 1.206816e-01 9.098825e-03 -4.230945e-02 2.928180e-02 3.749259e-01 6.723006e-02
1.573753e-02 5.771100e-01 1.280015e-01 2.192372e-01 4.319682e-02 -3.378423e-01 1.071465e-01 1.445910e-01 1.724848e-02 -6.119565e-02 3.995063e-02 4.790820e-01 7.689992e-02
1.777758e-02 7.328515e-01 1.029365e-01 2.690579e-01 4.049780e-02 -4.075731e-01 8.140920e-02 1.716306e-01 1.938316e-02 -8.080914e-02 3.041656e-02 5.220072e-01 8.842852e-02
2.040050e-02 6.847603e-01 1.712664e-01 2.630682e-01 6.012304e-02 -3.635074e-01 1.075167e-01 1.752219e-01 2.242421e-02 -7.195958e-02 4.413583e-02 5.082912e-01 5.320029e-02
2.360630e-02 9.884310e-01 2.545073e-01 3.666373e-01 8.751097e-02 -4.697427e-01 1.281841e-01 2.208858e-01 2.833002e-02 -1.063816e-01 4.936962e-02 6.332858e-01 7.621708e-02
2.739496e-02 8.405006e-01 7.940861e-02 2.443369e-01 2.856018e-02 -4.007502e-01 6.637511e-02 1.618080e-01 1.851603e-02 -7.396690e-02 2.586845e-02 6.002097e-01 5.665859e-02
1.515466e-02 4.627207e-01 7.960188e-02 1.787540e-01 2.382481e-02 -3.020922e-01 7.195582e-02 1.282034e-01 7.686524e-03 -5.072631e-02 2.575361e-02 4.748874e-01 7.047935e-02
1.544610e-02 8.846874e-01 6.684078e-02 3.549525e-01 2.077100e-02 -5.636806e-01 4.161436e-02 2.061986e-01 1.143659e-02 -1.460734e-01 1.320978e-02 6.514857e-01 5.544750e-02
1.632040e-02 6.199934e-01 5.773537e-02 2.305008e-01 2.345282e-02 -4.172649e-01 5.858810e-02 1.450749e-01 8.622625e-03 -9.065060e-02 2.718267e-02 5.940899e-01 5.958202e-02
1.777758e-02 6.875812e-01 1.190703e-01 2.509711e-01 3.918624e-02 -3.686579e-01 6.603693e-02 1.542334e-01 1.580374e-02 -6.492257e-02 2.801994e-02 5.004070e-01 3.785556e-02
1.981763e-02 6.814076e-01 9.259605e-02 2.465328e-01 3.210154e-02 -4.218821e-01 5.948109e-02 1.451348e-01 1.689990e-02 -1.088542e-01 2.234849e-02 5.627412e-01 5.371239e-02
2.244055e-02 8.352547e-01 2.367523e-01 3.051217e-01 8.015581e-02 -4.310142e-01 1.574010e-01 1.813249e-01 2.852492e-02 -1.065495e-01 5.314341e-02 5.984483e-01 1.212937e-01
2.564635e-02 1.186453e+00 1.822584e-01 3.789275e-01 5.412575e-02 -6.408485e-01 1.179351e-01 1.998454e-01 2.105702e-02 -1.692215e-01 4.000050e-02 7.545683e-01 7.575597e-02
2.943501e-02 9.433668e-01 1.271929e-01 2.749472e-01 6.463965e-02 -4.704734e-01 5.117774e-02 1.869857e-01 2.386181e-02 -9.018786e-02 2.890264e-02 6.452137e-01 2.724967e-02
1.777758e-02 8.395201e-01 1.142626e-01 2.867497e-01 4.651005e-02 -5.478790e-01 8.582394e-02 1.615721e-01 1.816938e-02 -1.240897e-01 3.790757e-02 6.381706e-01 6.775531e-02
1.806902e-02 6.317828e-01 1.444747e-01 2.342342e-01 5.170494e-02 -4.059351e-01 1.442837e-01 1.538513e-01 1.978217e-02 -8.991151e-02 4.900280e-02 5.196280e-01 1.263766e-01
1.894332e-02 6.548912e-01 8.872162e-02 2.571432e-01 4.081321e-02 -3.775135e-01 4.591488e-02 1.676240e-01 1.493244e-02 -7.961947e-02 3.208518e-02 5.287543e-01 2.949432e-02
2.040050e-02 8.376695e-01 1.418711e-01 2.888281e-01 6.102655e-02 -4.866309e-01 9.986290e-02 1.685195e-01 3.027722e-02 -1.090013e-01 3.289486e-02 6.367243e-01 8.643500e-02
2.244055e-02 8.609909e-01 1.507762e-01 2.885619e-01 4.850387e-02 -5.249217e-01 1.001477e-01 1.807066e-01 1.960044e-02 -1.151083e-01 3.161916e-02 6.214929e-01 7.478872e-02
2.506348e-02 6.419952e-01 4.417367e-02 2.097748e-01 1.668532e-02 -3.057191e-01 3.599398e-02 1.492032e-01 9.922477e-03 -4.525919e-02 2.100848e-02 5.345153e-01 3.937374e-02
2.826927e-02 1.059049e+00 1.041203e-01 3.272046e-01 4.240630e-02 -5.098144e-01 5.568757e-02 2.054323e-01 2.026159e-02 -1.097305e-01 2.574636e-02 6.380255e-01 7.504741e-02
3.205793e-02 8.848240e-01 1.244396e-01 2.809701e-01 4.665718e-02 -4.310994e-01 8.263144e-02 1.859582e-01 2.292137e-02 -1.294157e-01 1.245784e-02 6.729794e-01 9.093223e-02
2.098337e-02 9.949893e-01 2.402179e-01 3.376678e-01 8.277326e-02 -6.420456e-01 1.803437e-01 1.793165e-01 2.987618e-02 -1.564109e-01 6.100969e-02 7.124624e-01 1.614504e-01
2.127481e-02 8.445959e-01 6.130218e-02 3.351263e-01 3.568074e-02 -5.198923e-01 5.294525e-02 2.060062e-01 2.025188e-02 -1.599489e-01 3.231325e-02 6.155168e-01 4.147857e-02
2.214912e-02 7.159461e-01 6.744432e-02 2.635857e-01 4.308636e-02 -3.089028e-01 2.158027e-02 1.865452e-01 2.986904e-02 -4.200995e-02 1.081070e-02 4.998551e-01 7.130806e-02
2.360630e-02 9.992926e-01 1.186148e-01 3.351160e-01 3.475496e-02 -5.713666e-01 1.256710e-01 1.970647e-01 9.240204e-03 -1.346710e-01 3.735339e-02 6.950638e-01 1.239524e-01
2.564635e-02 1.076688e+00 2.237476e-01 3.128895e-01 7.098033e-02 -5.234252e-01 1.252688e-01 1.777304e-01 2.983503e-02 -8.349386e-02 4.179790e-02 6.967477e-01 1.054216e-01
2.826927e-02 9.469781e-01 1.361795e-01 2.938785e-01 5.159474e-02 -5.061991e-01 8.132060e-02 1.812829e-01 2.009896e-02 -1.294790e-01 3.089410e-02 6.262412e-01 6.874174e-02
3.147506e-02 9.450045e-01 1.360888e-01 2.384423e-01 4.296779e-02 -4.935510e-01 8.133635e-02 1.703431e-01 5.753712e-03 -1.250688e-01 3.654174e-02 7.426541e-01 7.234912e-02
3.526373e-02 8.673558e-01 1.250857e-01 2.575600e-01 4.308530e-02 -4.000244e-01 4.034249e-02 2.094685e-01 1.896539e-02 -1.373544e-01 2.931992e-02 7.139320e-01 7.712623e-02
2.477204e-02 6.819962e-01 9.807890e-02 2.298055e-01 4.012405e-02 -3.488572e-01 5.618689e-02 1.688528e-01 1.451298e-02 -5.941667e-02 2.146998e-02 5.664101e-01 7.143311e-02
2.506348e-02 9.178552e-01 1.101565e-01 2.751724e-01 2.998928e-02 -5.324185e-01 7.514357e-02 1.733451e-01 1.753950e-02 -1.286339e-01 3.249686e-02 6.555805e-01 6.143874e-02
2.593778e-02 9.371134e-01 1.063157e-01 2.954385e-01 4.035519e-02 -5.016459e-01 4.901004e-02 1.692364e-01 2.092210e-02 -1.084931e-01 1.222042e-02 6.401818e-01 6.180556e-02
2.739496e-02 1.040752e+00 1.453912e-01 3.840090e-01 5.714516e-02 -5.551569e-01 7.667870e-02 2.284000e-01 2.339278e-02 -1.689936e-01 2.164744e-02 7.397150e-01 5.172870e-02
2.943501e-02 1.003934e+00 2.429418e-01 2.944307e-01 6.821557e-02 -4.624718e-01 1.234738e-01 1.912970e-01 1.718657e-02 -9.059218e-02 3.937228e-02 6.227802e-01 9.686820e-02
3.205793e-02 8.525815e-01 7.178580e-02 2.699121e-01 2.990091e-02 -3.219850e-01 6.908720e-02 2.050463e-01 2.368968e-02 -1.062558e-01 2.381671e-02 6.111103e-01 4.999762e-02
3.526373e-02 9.772768e-01 8.207768e-02 3.265861e-01 4.712740e-02 -4.584059e-01 7.958065e-02 2.279115e-01 3.217630e-02 -1.498407e-01 3.059055e-02 7.999182e-01 1.363101e-01
3.905239e-02 8.404079e-01 1.138924e-01 1.801943e-01 3.809308e-02 -3.230270e-01 5.829136e-02 2.070472e-01 1.982038e-02 -7.482895e-02 1.659282e-02 7.408673e-01 7.409131e-02
1.428035e-02 6.396718e-01 7.033820e-02 2.581821e-01 3.233699e-02 -4.145179e-01 5.202487e-02 1.647301e-01 1.883510e-02 -1.068671e-01 1.860554e-02 5.145803e-01 6.030799e-02
1.457179e-02 5.371052e-01 6.246965e-02 1.969429e-01 1.232153e-02 -3.352372e-01 6.425975e-02 1.303274e-01 4.255631e-03 -6.588806e-02 1.485093e-02 4.344967e-01 6.951652e-02
1.544610e-02 6.670057e-01 8.906796e-02 2.363273e-01 4.574600e-02 -4.499524e-01 3.165063e-02 1.412217e-01 2.614150e-02 -8.796326e-02 1.532864e-02 6.345422e-01 3.823362e-02
1.690327e-02 5.859990e-01 6.861473e-02 2.182595e-01 2.940760e-02 -3.708793e-01 4.665046e-02 1.431477e-01 2.246872e-02 -8.690439e-02 1.479135e-02 4.745468e-01 3.267205e-02
1.894332e-02 6.431456e-01 9.605603e-02 2.549238e-01 4.089164e-02 -3.712067e-01 4.976583e-02 1.726638e-01 2.188170e-02 -8.614405e-02 2.169857e-02 5.111605e-01 2.392455e-02
2.156625e-02 9.618473e-01 8.677649e-02 3.304745e-01 4.715352e-02 -4.989907e-01 4.963918e-02 1.889586e-01 2.508936e-02 -1.121678e-01 2.274552e-02 6.076462e-01 5.370088e-02
2.477204e-02 7.429080e-01 1.055767e-01 2.704806e-01 5.025417e-02 -3.984570e-01 6.207148e-02 1.830479e-01 3.097453e-02 -7.821533e-02 2.721411e-02 5.658599e-01 7.398871e-02
2.856070e-02 1.107095e+00 1.152007e-01 3.469623e-01 4.530088e-02 -5.505072e-01 7.936698e-02 2.010769e-01 2.314904e-02 -1.285718e-01 2.868572e-02 7.011676e-01 7.593561e-02
1.457179e-02 9.146164e-01 2.334377e-01 3.574651e-01 8.828813e-02 -5.682598e-01 1.656808e-01 1.972006e-01 3.059949e-02 -1.506701e-01 6.330249e-02 6.615415e-01 1.397498e-01
1.486322e-02 6.709395e-01 1.184701e-01 2.756750e-01 5.796633e-02 -3.688487e-01 3.887438e-02 1.827442e-01 2.666779e-02 -6.860827e-02 2.649502e-02 5.262170e-01 2.477458e-02
1.573753e-02 4.682222e-01 6.480682e-02 1.882690e-01 3.135392e-02 -2.594881e-01 3.107388e-02 1.367935e-01 1.825874e-02 -5.645113e-02 5.167542e-03 3.847695e-01 3.634973e-02
1.719471e-02 7.202109e-01 6.835026e-02 3.105308e-01 4.299527e-02 -3.176383e-01 4.255266e-02 2.022458e-01 2.820849e-02 -7.087194e-02 2.860181e-02 4.473015e-01 2.821687e-02
1.923476e-02 6.511974e-01 1.448914e-01 2.473870e-01 5.440032e-02 -3.636540e-01 1.012610e-01 1.598708e-01 2.286061e-02 -1.015704e-01 3.937306e-02 4.730288e-01 7.980508e-02
2.185768e-02 6.442416e-01 6.619103e-02 2.375108e-01 3.512434e-02 -3.146258e-01 2.817124e-02 1.558387e-01 1.545782e-02 -7.471435e-02 1.799568e-02 5.144670e-01 2.450269e-02
2.506348e-02 1.024521e+00 2.363355e-01 3.845154e-01 8.963480e-02 -5.600536e-01 1.717677e-01 2.333327e-01 3.821952e-02 -1.588958e-01 5.811103e-02 6.787646e-01 1.490865e-01
2.885214e-02 1.144815e+00 7.618453e-02 3.542149e-01 3.116037e-02 -5.167088e-01 4.460416e-02 1.987850e-01 2.277238e-02 -1.267000e-01 4.829962e-03 6.671586e-01 4.223718e-02
1.544610e-02 5.702388e-01 1.220099e-01 2.242872e-01 5.701108e-02 -3.219229e-01 5.435722e-02 1.405928e-01 3.026333e-02 -7.464189e-02 1.996661e-02 4.195913e-01 3.868697e-02
1.573753e-02 4.329005e-01 9.586531e-02 1.870745e-01 4.972393e-02 -2.439496e-01 4.056187e-02 1.374805e-01 2.407368e-02 -3.967071e-02 2.275574e-02 4.280344e-01 3.885197e-02
1.661184e-02 6.229857e-01 1.000552e-01 2.580311e-01 4.344462e-02 -3.629171e-01 7.176530e-02 1.659388e-01 2.134193e-02 -8.005486e-02 3.294934e-02 5.106741e-01 6.624597e-02
1.806902e-02 7.787868e-01 7.830954e-02 2.975816e-01 4.504459e-02 -4.497254e-01 3.574482e-02 1.737495e-01 2.427023e-02 -1.259105e-01 2.423534e-02 5.459080e-01 1.754003e-02
2.010907e-02 6.194726e-01 5.895087e-02 2.068698e-01 2.167791e-02 -3.924527e-01 6.444485e-02 1.410732e-01 8.379751e-03 -7.925348e-02 1.235478e-02 5.810642e-01 7.380814e-02
2.273199e-02 1.061085e+00 2.206535e-01 3.849414e-01 9.421661e-02 -4.723645e-01 9.871236e-02 2.085950e-01 3.803794e-02 -1.186108e-01 4.599789e-02 5.618385e-01 7.141458e-02
2.593778e-02 8.624487e-01 9.280149e-02 3.058492e-01 4.672097e-02 -4.159368e-01 7.082225e-02 1.857663e-01 2.325942e-02 -9.598518e-02 3.074551e-02 5.716354e-01 4.722984e-02
2.972645e-02 1.339540e+00 2.520483e-01 4.411287e-01 9.750257e-02 -5.728792e-01 1.244896e-01 2.406079e-01 3.694700e-02 -1.553875e-01 3.818363e-02 6.787738e-01 8.946626e-02
1.690327e-02 6.673313e-01 1.935644e-01 2.426040e-01 7.173153e-02 -3.811387e-01 1.139791e-01 1.454075e-01 2.737244e-02 -7.529043e-02 3.571508e-02 4.667857e-01 9.757434e-02
1.719471e-02 7.812674e-01 1.560227e-01 3.122973e-01 5.194812e-02 -4.395455e-01 6.478557e-02 1.796265e-01 2.162243e-02 -1.023020e-01 1.561771e-02 5.446805e-01 6.055742e-02
1.806902e-02 5.654838e-01 7.532841e-02 2.075955e-01 4.385141e-02 -3.363668e-01 3.692918e-02 1.407515e-01 2.589838e-02 -5.096848e-02 2.528363e-02 5.176892e-01 4.525128e-02
1.952620e-02 8.150248e-01 1.660515e-01 2.618401e-01 5.896989e-02 -5.560782e-01 1.004820e-01 1.499572e-01 2.121159e-02 -1.168004e-01 3.160338e-02 7.202537e-01 9.541635e-02
2.156625e-02 7.233898e-01 1.370974e-01 2.292141e-01 4.717360e-02 -3.732696e-01 8.017522e-02 1.532780e-01 1.035840e-02 -5.739155e-02 3.352999e-02 5.222076e-01 3.165916e-02
2.418917e-02 9.261689e-01 2.030393e-01 2.928194e-01 7.189818e-02 -5.681225e-01 1.381125e-01 1.583949e-01 2.517914e-02 -1.578588e-01 4.761923e-02 7.083005e-01 1.257795e-01
2.739496e-02 1.199488e+00 1.847405e-01 3.868392e-01 5.707104e-02 -5.850236e-01 9.095394e-02 2.034472e-01 2.154981e-02 -1.554575e-01 3.097125e-02 6.508012e-01 5.507704e-02
3.118363e-02 8.607921e-01 1.018865e-01 2.807560e-01 4.308859e-02 -3.715300e-01 6.477022e-02 2.042099e-01 1.625475e-02 -9.891377e-02 2.827855e-02 5.803547e-01 6.372722e-02
1.894332e-02 1.108937e+00 3.051234e-01 4.307043e-01 1.085471e-01 -6.855907e-01 2.354891e-01 2.290798e-01 4.153725e-02 -2.181695e-01 8.376739e-02 6.835841e-01 1.697187e-01
1.923476e-02 7.980128e-01 8.046145e-02 2.951341e-01 3.606526e-02 -3.995632e-01 6.748969e-02 1.703034e-01 2.432617e-02 -9.542226e-02 1.825253e-02 4.740784e-01 4.393668e-02
2.010907e-02 5.925650e-01 9.071499e-02 1.987562e-01 3.538616e-02 -3.265527e-01 8.605641e-02 1.414534e-01 1.575638e-02 -4.831907e-02 2.459857e-02 5.356020e-01 8.494428e-02
2.156625e-02 1.072952e+00 1.354656e-01 3.903504e-01 3.998997e-02 -5.966389e-01 1.155723e-01 2.136402e-01 1.820870e-02 -1.600922e-01 3.958484e-02 6.369734e-01 9.017926e-02
2.360630e-02 1.010680e+00 2.274768e-01 3.355118e-01 7.182992e-02 -6.507849e-01 1.597122e-01 1.877604e-01 2.717480e-02 -1.680256e-01 4.690537e-02 8.242845e-01 1.099881e-01
2.622922e-02 1.161915e+00 8.169415e-02 3.887758e-01 3.640628e-02 -5.231123e-01 8.015190e-02 2.013941e-01 2.694750e-02 -1.462779e-01 1.790010e-02 6.851732e-01 8.974322e-02
2.943501e-02 1.225844e+00 1.031413e-01 3.864857e-01 4.490095e-02 -5.428832e-01 3.541214e-02 2.355961e-01 3.332400e-02 -1.331925e-01 1.208151e-02 7.353238e-01 2.023925e-02
3.322368e-02 1.228657e+00 8.997431e-02 3.554115e-01 4.149942e-02 -6.817446e-01 9.502319e-02 2.247224e-01 1.571927e-02 -2.000636e-01 4.245290e-02 9.936175e-01 1.281036e-01
2.156625e-02 6.441500e-01 5.201598e-02 2.257041e-01 1.641134e-02 -3.146202e-01 3.914687e-02 1.488851e-01 1.593744e-02 -6.929629e-02 8.409514e-03 4.167621e-01 4.317213e-02
2.185768e-02 7.318019e-01 1.041545e-01 2.562237e-01 3.105379e-02 -3.834891e-01 4.921553e-02 1.520277e-01 7.985526e-03 -9.484329e-02 1.903630e-02 5.486769e-01 4.000770e-02
2.273199e-02 9.137531e-01 8.809437e-02 2.700653e-01 2.943448e-02 -5.417812e-01 6.757501e-02 1.624861e-01 1.494413e-02 -9.653410e-02 2.106665e-02 6.872804e-01 1.019943e-01
2.418917e-02 9.416733e-01 1.273360e-01 3.060409e-01 5.046642e-02 -5.833184e-01 7.068768e-02 1.935741e-01 1.880120e-02 -1.343600e-01 2.713233e-02 8.154433e-01 1.006635e-01
2.622922e-02 1.060893e+00 2.286740e-01 3.355369e-01 6.618413e-02 -5.575556e-01 1.595689e-01 1.972903e-01 2.212854e-02 -1.328607e-01 4.500793e-02 7.501785e-01 1.218375e-01
2.885214e-02 1.040183e+00 1.005697e-01 3.345787e-01 3.971057e-02 -4.805029e-01 8.869084e-02 1.907162e-01 1.544998e-02 -1.105209e-01 3.068496e-02 7.246977e-01 5.490466e-02
3.205793e-02 8.838336e-01 7.868864e-02 2.961671e-01 2.972116e-02 -3.956979e-01 6.142131e-02 2.090411e-01 1.500441e-02 -9.114525e-02 2.863797e-02 7.006089e-01 5.089536e-02
3.584660e-02 9.484126e-01 1.522251e-01 2.447848e-01 5.102801e-02 -3.974061e-01 6.725865e-02 2.112306e-01 1.770780e-02 -1.223763e-01 4.726175e-02 7.516062e-01 3.638806e-02
2.477204e-02 1.143426e+00 2.198089e-01 3.633089e-01 7.592458e-02 -6.135523e-01 1.798974e-01 1.884324e-01 2.574038e-02 -1.497877e-01 5.563633e-02 6.967004e-01 1.515079e-01
2.506348e-02 1.062259e+00 1.342207e-01 3.518114e-01 5.902564e-02 -5.443274e-01 7.244336e-02 2.012372e-01 2.817730e-02 -1.302527e-01 3.219653e-02 7.238124e-01 5.630180e-02
2.593778e-02 9.307317e-01 2.245639e-01 3.214339e-01 9.185501e-02 -4.842853e-01 1.160678e-01 2.041286e-01 3.244055e-02 -1.196971e-01 5.503651e-02 6.457343e-01 5.093457e-02
2.739496e-02 9.442859e-01 1.287827e-01 3.002660e-01 5.084711e-02 -3.936408e-01 6.051906e-02 1.787734e-01 2.120802e-02 -8.577517e-02 2.508513e-02 5.696300e-01 6.313396e-02
2.943501e-02 9.807245e-01 1.027241e-01 2.864059e-01 3.346459e-02 -5.404652e-01 7.914253e-02 1.830387e-01 1.277596e-02 -1.582954e-01 2.916167e-02 7.314918e-01 7.244333e-02
3.205793e-02 9.652264e-01 9.261790e-02 3.166498e-01 3.197151e-02 -4.497044e-01 5.005943e-02 2.193656e-01 2.142793e-02 -1.665756e-01 3.035504e-02 6.502311e-01 6.552654e-02
3.526373e-02 1.214792e+00 2.411377e-01 3.219141e-01 6.744701e-02 -5.057740e-01 9.165187e-02 2.288262e-01 2.368162e-02 -1.088047e-01 3.871007e-02 7.578892e-01 6.186280e-02
3.905239e-02 8.782597e-01 8.337257e-02 2.233908e-01 3.894185e-02 -3.193176e-01 4.759082e-02 2.133705e-01 1.483995e-02 -1.107640e-01 8.888810e-03 6.758251e-01 7.938468e-02
2.856070e-02 8.299864e-01 7.766297e-02 2.686177e-01 3.582041e-02 -4.693733e-01 6.411828e-02 1.881296e-01 2.227965e-02 -9.535699e-02 3.488824e-02 7.714399e-01 6.227197e-02
2.885214e-02 1.068291e+00 2.052674e-01 3.488518e-01 7.920903e-02 -4.708696e-01 1.107169e-01 2.130518e-01 3.200871e-02 -1.200814e-01 3.802520e-02 6.553393e-01 8.368257e-02
2.972645e-02 9.742749e-01 1.255470e-01 2.929000e-01 4.476204e-02 -4.608452e-01 5.767783e-02 1.963013e-01 1.934799e-02 -1.286919e-01 2.350266e-02 6.433139e-01 4.963802e-02
3.118363e-02 1.224413e+00 1.290621e-01 3.691346e-01 7.487335e-02 -5.866110e-01 7.088313e-02 2.348934e-01 4.187853e-02 -1.444494e-01 4.151504e-02 7.646131e-01 1.079180e-01
3.322368e-02 9.518614e-01 1.188262e-01 2.712925e-01 5.433598e-02 -4.847598e-01 1.126218e-01 1.946256e-01 2.977610e-02 -9.806258e-02 3.672862e-02 7.605215e-01 1.071872e-01
3.584660e-02 7.974397e-01 1.281326e-01 2.113172e-01 4.025983e-02 -4.534127e-01 6.411546e-02 1.939702e-01 1.126486e-02 -1.253989e-01 3.934984e-02 9.523409e-01 1.084036e-01
3.905239e-02 8.459563e-01 1.079260e-01 2.193685e-01 3.627773e-02 -3.542599e-01 9.060864e-02 2.540027e-01 1.753271e-02 -8.756973e-02 1.846436e-02 8.933183e-01 8.945972e-02
4.284106e-02 8.733538e-01 1.050618e-01 1.751689e-01 2.212951e-02 -2.790913e-01 6.581719e-02 2.142987e-01 8.494960e-03 -1.209822e-01 4.873663e-02 9.472633e-01 7.485866e-02
