# k^2  LiLi LiLi_error  LiCl LiCl_error  LiNa LiNa_error  ClCl ClCl_error  ClNa ClNa_error  NaNa NaNa_error
0.000000e+00 1.440000e+03 0.000000e+00 2.146625e+03 0.000000e+00 1.591980e+03 0.000000e+00 3.200000e+03 0.000000e+00 2.373184e+03 0.000000e+00 1.760000e+03 0.000000e+00
3.115540e-04 4.309721e-01 1.185029e-01 6.468003e-02 3.756102e-02 -3.019832e-01 6.842477e-02 7.347114e-02 5.230337e-03 4.159809e-02 3.042424e-02 3.318372e-01 5.275048e-02
1.246216e-03 6.460350e-01 8.289090e-02 9.683002e-02 1.195073e-02 -4.537914e-01 6.855527e-02 5.845556e-02 4.895725e-03 -1.083889e-02 8.350365e-03 3.998648e-01 6.430828e-02
2.803986e-03 6.475784e-01 1.219537e-01 1.151243e-01 2.865804e-02 -4.250507e-01 8.098512e-02 7.156888e-02 5.861892e-03 -8.660420e-03 2.085359e-02 3.835273e-01 5.497046e-02
4.984865e-03 5.189312e-01 1.332996e-01 1.007011e-01 3.318565e-02 -3.169909e-01 7.863346e-02 6.671205e-02 7.159862e-03 -4.500211e-04 1.937675e-02 3.045073e-01 5.438014e-02
7.788851e-03 5.289902e-01 9.845119e-02 9.443265e-02 1.094991e-02 -3.385028e-01 8.347961e-02 7.248522e-02 6.666883e-03 -4.658294e-04 8.311885e-03 3.325672e-01 6.771642e-02
1.121595e-02 1.129099e+00 1.703823e-01 1.977550e-01 1.794805e-02 -7.023392e-01 1.355531e-01 9.460330e-02 9.632235e-03 -5.982977e-02 1.598216e-02 5.831819e-01 1.101745e-01
1.526615e-02 6.323559e-01 4.266642e-02 1.034322e-01 3.936839e-03 -3.988559e-01 2.059256e-02 7.305875e-02 4.959225e-03 -1.249118e-02 7.618802e-03 4.012769e-01 1.427417e-02
3.115540e-04 2.937211e-01 1.137324e-01 7.403656e-02 1.470414e-02 -1.657501e-01 8.389246e-02 6.844435e-02 6.813820e-03 2.495968e-02 1.592990e-02 1.849987e-01 5.746356e-02
6.231081e-04 8.116958e-01 1.415535e-01 1.376490e-01 3.487018e-02 -5.387546e-01 1.064229e-01 6.760778e-02 1.314869e-02 -3.301848e-02 2.520999e-02 4.378276e-01 7.672143e-02
1.557770e-03 3.583290e-01 8.246876e-02 8.650779e-02 2.285392e-02 -1.996149e-01 4.699504e-02 6.649318e-02 7.353965e-03 1.419324e-02 1.166566e-02 2.060891e-01 3.144398e-02
3.115540e-03 1.044819e+00 3.089955e-01 1.729966e-01 3.206325e-02 -6.845136e-01 2.321673e-01 8.056409e-02 6.649494e-03 -4.853006e-02 2.407461e-02 5.454267e-01 1.770532e-01
5.296419e-03 1.437214e+00 3.550884e-01 2.134559e-01 4.172609e-02 -9.800204e-01 2.683004e-01 8.536634e-02 7.135807e-03 -7.594771e-02 3.233974e-02 7.879740e-01 2.013343e-01
8.100405e-03 5.179372e-01 6.520613e-02 9.049070e-02 1.771143e-02 -3.288194e-01 5.543813e-02 6.300384e-02 5.719468e-03 -1.948132e-03 9.058940e-03 3.237373e-01 4.762454e-02
1.152750e-02 7.330167e-01 1.312852e-01 1.348534e-01 1.848730e-02 -4.267538e-01 1.002596e-01 8.074277e-02 5.155523e-03 -2.555257e-02 1.327856e-02 3.866475e-01 7.421094e-02
1.557770e-02 7.523043e-01 1.377315e-01 1.368633e-01 3.951942e-02 -4.239293e-01 7.266971e-02 8.836273e-02 1.314447e-02 -2.515434e-02 2.349991e-02 4.048375e-01 4.286288e-02
1.246216e-03 5.346425e-01 2.046786e-01 8.591167e-02 2.703598e-02 -3.701049e-01 1.616991e-01 5.683289e-02 4.985229e-03 -2.172459e-03 1.923399e-02 3.403305e-01 1.307708e-01
1.557770e-03 6.309347e-01 1.198101e-01 1.280868e-01 2.244402e-02 -3.907813e-01 8.256846e-02 6.940865e-02 4.899230e-03 -2.288939e-02 1.583419e-02 3.243474e-01 6.133802e-02
2.492432e-03 5.380461e-01 1.163159e-01 1.067655e-01 2.238329e-02 -3.379470e-01 8.124602e-02 6.086570e-02 5.054658e-03 -1.754785e-02 1.859457e-02 2.880184e-01 5.346666e-02
4.050203e-03 7.098366e-01 1.905217e-01 1.316400e-01 2.978440e-02 -4.461334e-01 1.393112e-01 6.838669e-02 4.513050e-03 -3.062149e-02 1.868918e-02 3.654292e-01 1.072357e-01
6.231081e-03 7.926888e-01 1.800358e-01 1.594214e-01 3.450431e-02 -4.665486e-01 1.216916e-01 8.075797e-02 8.066084e-03 -3.737628e-02 2.431478e-02 3.790036e-01 7.996114e-02
9.035067e-03 6.500138e-01 7.230162e-02 1.542961e-01 1.406849e-02 -3.489209e-01 4.159608e-02 8.599071e-02 5.495434e-03 -2.403104e-02 1.116550e-02 3.268660e-01 2.161689e-02
1.246216e-02 6.812201e-01 8.706243e-02 1.159314e-01 1.879478e-02 -4.199401e-01 5.888823e-02 8.258827e-02 8.964898e-03 -9.908097e-03 6.450180e-03 4.186452e-01 5.417503e-02
1.651236e-02 7.305669e-01 1.436498e-01 1.597348e-01 3.826913e-02 -3.956321e-01 7.125695e-02 9.434287e-02 1.445739e-02 -3.787262e-02 1.824992e-02 3.940688e-01 3.610719e-02
2.803986e-03 4.063050e-01 9.005038e-02 7.873619e-02 1.289860e-02 -2.455829e-01 6.315087e-02 5.851545e-02 3.627978e-03 1.027331e-02 1.026026e-02 2.425857e-01 4.251103e-02
3.115540e-03 7.219057e-01 1.937990e-01 1.498077e-01 2.991086e-02 -4.413506e-01 1.328954e-01 7.896462e-02 3.770402e-03 -2.668656e-02 2.153724e-02 3.763967e-01 8.980909e-02
4.050203e-03 7.841039e-01 2.253412e-01 1.113766e-01 1.954335e-02 -5.613298e-01 1.841158e-01 6.078206e-02 3.745671e-03 -2.012636e-02 1.913280e-02 5.041386e-01 1.482082e-01
5.607973e-03 9.077220e-01 2.388059e-01 1.490550e-01 4.336976e-02 -5.865158e-01 1.520370e-01 7.267168e-02 9.604380e-03 -3.502882e-02 2.594429e-02 4.936335e-01 1.011729e-01
7.788851e-03 6.254759e-01 1.529485e-01 1.266397e-01 2.039529e-02 -3.537448e-01 1.102168e-01 7.317626e-02 2.395223e-03 -1.612718e-02 2.121289e-02 3.106807e-01 7.375780e-02
1.059284e-02 5.156574e-01 7.536706e-02 9.235038e-02 1.320656e-02 -3.204243e-01 5.273434e-02 7.210861e-02 5.419528e-03 6.380577e-05 6.963583e-03 3.329442e-01 4.007186e-02
1.401993e-02 7.716948e-01 6.633715e-02 1.707787e-01 1.093088e-02 -4.405503e-01 6.068997e-02 9.614163e-02 7.275456e-03 -4.352523e-02 1.277914e-02 4.085139e-01 5.591039e-02
1.807013e-02 6.176178e-01 4.362850e-02 1.258573e-01 1.697176e-02 -3.605548e-01 2.079067e-02 9.524647e-02 8.193313e-03 -2.708726e-02 1.357873e-02 3.780521e-01 2.846082e-02
4.984865e-03 4.838259e-01 5.725276e-02 1.100946e-01 2.045534e-02 -2.791724e-01 3.972835e-02 8.170739e-02 8.007512e-03 9.347814e-03 8.374569e-03 2.840296e-01 3.278500e-02
5.296419e-03 5.844397e-01 1.391428e-01 1.381190e-01 2.577186e-02 -3.157250e-01 9.908216e-02 8.456836e-02 7.147992e-03 -1.061717e-02 1.549342e-02 2.810535e-01 7.454050e-02
6.231081e-03 6.088601e-01 1.061680e-01 1.235525e-01 1.020858e-02 -3.534898e-01 8.086405e-02 6.493130e-02 3.697294e-03 -2.887326e-02 7.024641e-03 2.849612e-01 6.879761e-02
7.788851e-03 6.654312e-01 4.829108e-02 1.426364e-01 1.474333e-02 -3.817168e-01 3.831329e-02 7.987046e-02 7.265130e-03 -2.979645e-02 8.784089e-03 3.206543e-01 2.954627e-02
9.969729e-03 7.108030e-01 1.555081e-01 1.595717e-01 2.561221e-02 -4.163354e-01 1.120141e-01 8.566967e-02 7.942510e-03 -4.344612e-02 2.085647e-02 3.528961e-01 7.440197e-02
1.277372e-02 6.228255e-01 1.500929e-02 1.226897e-01 1.168513e-02 -3.451188e-01 2.613180e-02 8.814076e-02 5.584927e-03 -6.599185e-04 5.433898e-03 3.678026e-01 3.398045e-02
1.620081e-02 8.638167e-01 1.121542e-01 1.626508e-01 2.057987e-02 -5.109873e-01 9.042206e-02 9.879043e-02 1.081892e-02 -3.547959e-02 1.065980e-02 4.901180e-01 7.748543e-02
2.025101e-02 8.716286e-01 1.067344e-01 1.888622e-01 2.060968e-02 -4.746951e-01 6.608491e-02 1.094016e-01 3.581098e-03 -5.423599e-02 1.357799e-02 4.664859e-01 4.896967e-02
7.788851e-03 1.167774e+00 1.844889e-01 1.819408e-01 4.952785e-02 -8.238578e-01 1.162431e-01 8.187210e-02 1.161412e-02 -6.711513e-02 3.419041e-02 7.002322e-01 7.139489e-02
8.100405e-03 6.062930e-01 7.570857e-02 1.201066e-01 3.258434e-03 -3.530946e-01 7.792506e-02 8.066575e-02 6.427151e-03 -1.462077e-03 1.155730e-02 3.388474e-01 6.886922e-02
9.035067e-03 7.014877e-01 5.987620e-02 1.572950e-01 1.714815e-02 -3.977081e-01 3.696263e-02 8.138923e-02 5.297842e-03 -4.763171e-02 1.329701e-02 3.347037e-01 1.441997e-02
1.059284e-02 6.247228e-01 1.098775e-01 1.291518e-01 1.534973e-02 -3.386091e-01 6.351315e-02 8.831438e-02 4.388087e-03 -6.653884e-03 1.140523e-02 3.100051e-01 4.030401e-02
1.277372e-02 6.591470e-01 6.377510e-02 1.301009e-01 2.145904e-02 -3.463744e-01 2.851930e-02 8.549300e-02 9.597135e-03 -7.559562e-03 9.118135e-03 3.331749e-01 3.284562e-02
1.557770e-02 8.310034e-01 1.758635e-01 1.882753e-01 4.811678e-02 -4.535241e-01 9.966094e-02 1.174638e-01 1.969042e-02 -2.624484e-02 2.621990e-02 4.448232e-01 5.454993e-02
1.900480e-02 8.148999e-01 1.604600e-01 1.468082e-01 2.828148e-02 -4.775450e-01 1.155396e-01 1.038263e-01 9.280559e-03 -1.702520e-02 2.052390e-02 4.986703e-01 9.701350e-02
2.305500e-02 5.965027e-01 3.752030e-02 1.096917e-01 1.775707e-02 -3.530320e-01 5.428073e-02 1.008351e-01 7.920472e-03 -1.381418e-02 1.743376e-02 4.185081e-01 7.217984e-02
1.121595e-02 6.067863e-01 8.782141e-02 1.215190e-01 1.182446e-02 -3.550322e-01 5.808618e-02 7.582927e-02 6.153772e-03 -1.431907e-02 1.590429e-02 3.398073e-01 3.579303e-02
1.152750e-02 7.787138e-01 1.556821e-01 1.523969e-01 4.057805e-02 -4.527108e-01 8.927073e-02 8.413438e-02 1.181951e-02 -3.096908e-02 2.494091e-02 4.061013e-01 6.242056e-02
1.246216e-02 8.688120e-01 1.636655e-01 1.903295e-01 3.297348e-02 -5.099812e-01 1.084159e-01 9.579495e-02 6.626740e-03 -4.882719e-02 2.420908e-02 4.578350e-01 8.449186e-02
1.401993e-02 7.932782e-01 6.473792e-02 1.501406e-01 9.995298e-03 -4.994982e-01 6.358313e-02 8.528978e-02 8.821412e-03 -4.369538e-02 8.765497e-03 4.424653e-01 7.319697e-02
1.620081e-02 5.721382e-01 8.541193e-02 1.103300e-01 1.439593e-02 -3.094327e-01 4.270689e-02 9.032027e-02 1.028961e-02 2.353200e-03 1.095380e-02 3.644099e-01 1.779575e-02
1.900480e-02 7.345794e-01 7.053279e-02 1.370500e-01 2.496493e-02 -3.944529e-01 5.810572e-02 9.249968e-02 7.409587e-03 -1.935547e-02 1.163534e-02 4.090790e-01 4.790681e-02
2.243189e-02 8.713435e-01 5.367736e-02 1.927235e-01 2.496420e-02 -4.644565e-01 4.703795e-02 1.293376e-01 1.101707e-02 -3.304202e-02 9.605308e-03 4.646933e-01 6.079318e-02
2.648209e-02 7.992175e-01 9.110519e-02 2.030019e-01 2.763062e-02 -4.110997e-01 6.447961e-02 1.283021e-01 1.210443e-02 -6.729583e-02 1.330884e-02 4.471676e-01 5.457554e-02
1.526615e-02 7.369719e-01 1.070715e-01 1.452793e-01 2.903546e-02 -4.421002e-01 6.774726e-02 8.329271e-02 3.788936e-03 -3.201092e-02 2.030592e-02 4.475777e-01 6.063520e-02
1.557770e-02 6.349620e-01 1.040812e-01 1.380273e-01 2.246813e-02 -3.647422e-01 7.866000e-02 9.511875e-02 1.121606e-02 -2.242763e-02 7.559049e-03 3.808202e-01 6.168897e-02
1.651236e-02 7.254336e-01 3.400242e-02 1.609089e-01 1.700321e-02 -3.592881e-01 2.961090e-02 1.047068e-01 9.081830e-03 -6.922834e-03 9.684591e-03 3.691258e-01 2.861462e-02
1.807013e-02 7.887420e-01 7.876310e-02 1.787872e-01 1.448616e-02 -4.289852e-01 4.904659e-02 1.060036e-01 9.489078e-03 -3.479286e-02 9.205305e-03 4.358132e-01 4.573400e-02
2.025101e-02 7.847678e-01 9.360102e-02 1.559640e-01 2.156905e-02 -4.804671e-01 6.257830e-02 1.067096e-01 7.760754e-03 -3.937649e-02 1.552336e-02 4.895257e-01 4.032371e-02
2.305500e-02 7.157777e-01 6.050933e-02 1.505034e-01 2.759987e-02 -3.488283e-01 1.781561e-02 1.109841e-01 1.533367e-02 -2.757021e-02 1.256227e-02 3.849601e-01 2.171664e-02
2.648209e-02 7.028820e-01 8.224952e-02 1.442595e-01 2.461120e-02 -3.139827e-01 3.095962e-02 1.222912e-01 1.331175e-02 -9.917827e-03 1.219787e-02 4.027739e-01 4.025876e-02
3.053230e-02 8.002985e-01 9.592241e-02 1.928200e-01 3.772565e-02 -4.211224e-01 5.721847e-02 1.707322e-01 2.713750e-02 -5.593968e-02 2.076321e-02 4.883370e-01 5.416481e-02
3.115540e-04 6.482928e-01 7.322268e-02 1.457742e-01 1.436260e-02 -3.908777e-01 5.911083e-02 7.845003e-02 8.967144e-03 -2.676132e-02 8.153425e-03 3.191377e-01 5.462055e-02
6.231081e-04 4.124114e-01 7.445007e-02 7.894229e-02 1.932528e-02 -2.650300e-01 5.283957e-02 5.831274e-02 6.043326e-03 6.334256e-03 1.303422e-02 2.490605e-01 5.055469e-02
1.557770e-03 4.806145e-01 1.464895e-01 9.674137e-02 1.290006e-02 -3.012308e-01 1.131784e-01 6.941318e-02 4.055335e-03 6.096646e-03 1.466499e-02 2.869431e-01 8.276285e-02
3.115540e-03 9.310550e-01 2.245849e-01 2.001362e-01 4.117437e-02 -5.502167e-01 1.544473e-01 9.447120e-02 1.064720e-02 -5.037658e-02 2.736044e-02 4.346257e-01 1.024564e-01
5.296419e-03 7.509137e-01 7.853421e-02 1.768752e-01 2.410698e-02 -4.110188e-01 3.840935e-02 9.161022e-02 4.066723e-03 -3.435035e-02 1.955300e-02 3.312859e-01 1.385002e-02
8.100405e-03 9.962226e-01 2.267634e-01 1.735910e-01 4.057221e-02 -6.136305e-01 1.457002e-01 8.106574e-02 8.654941e-03 -4.837420e-02 2.494121e-02 5.064468e-01 9.027382e-02
1.152750e-02 7.672620e-01 8.652083e-02 1.615134e-01 2.382304e-02 -4.366277e-01 5.550990e-02 8.816857e-02 8.577020e-03 -3.872008e-02 1.386316e-02 3.872225e-01 3.429736e-02
1.557770e-02 5.832685e-01 8.604592e-02 9.776415e-02 1.439474e-02 -3.432527e-01 7.245353e-02 8.101763e-02 3.516635e-03 7.659179e-03 1.353780e-02 3.640999e-01 5.930711e-02
6.231081e-04 7.938667e-01 2.021687e-01 1.340039e-01 2.910922e-02 -5.345275e-01 1.528616e-01 7.090346e-02 1.306091e-02 -2.650931e-02 2.578855e-02 4.484478e-01 1.052721e-01
9.346621e-04 3.579510e-01 1.422432e-01 9.583833e-02 2.049407e-02 -1.918193e-01 1.011335e-01 6.739827e-02 4.958546e-03 4.242715e-03 1.531341e-02 1.820224e-01 7.141286e-02
1.869324e-03 3.787498e-01 9.817889e-02 5.331843e-02 8.792850e-03 -2.592626e-01 8.723210e-02 5.479671e-02 7.748692e-03 2.363496e-02 3.277210e-03 2.644544e-01 7.492606e-02
3.427094e-03 7.075530e-01 1.948294e-01 1.569040e-01 4.194779e-02 -4.247511e-01 1.371438e-01 8.412016e-02 1.071131e-02 -2.949271e-02 3.008263e-02 3.621986e-01 9.537096e-02
5.607973e-03 8.808840e-01 8.716324e-02 1.881910e-01 2.077447e-02 -5.250729e-01 4.810360e-02 9.387226e-02 7.318415e-03 -4.645765e-02 9.098809e-03 4.308692e-01 3.319414e-02
8.411959e-03 7.467802e-01 1.256764e-01 1.590143e-01 3.297032e-02 -4.300096e-01 8.688122e-02 8.031310e-02 1.326711e-02 -3.361736e-02 1.944013e-02 3.726961e-01 5.958295e-02
1.183905e-02 8.767055e-01 1.257709e-01 1.611212e-01 2.838027e-02 -5.374341e-01 9.031496e-02 8.814906e-02 9.662913e-03 -3.800393e-02 1.406917e-02 4.791932e-01 7.788317e-02
1.588926e-02 6.739268e-01 1.182676e-01 1.601490e-01 2.302201e-02 -3.491934e-01 6.640218e-02 1.018063e-01 1.390103e-02 -2.418365e-02 1.426672e-02 3.518601e-01 4.436665e-02
1.557770e-03 5.225508e-01 1.223500e-01 1.006794e-01 3.114875e-02 -3.315794e-01 7.098580e-02 6.910458e-02 7.669670e-03 4.569324e-03 1.989346e-02 3.132954e-01 4.265761e-02
1.869324e-03 6.107060e-01 2.505204e-01 9.534117e-02 2.903050e-02 -4.169118e-01 1.962782e-01 6.100829e-02 4.294595e-03 -4.915665e-03 2.706580e-02 3.737256e-01 1.460680e-01
2.803986e-03 4.414363e-01 9.167621e-02 8.888921e-02 1.818246e-02 -2.830987e-01 6.816989e-02 6.494692e-02 3.278066e-03 5.299434e-03 1.638054e-02 2.820738e-01 5.145771e-02
4.361757e-03 4.510298e-01 5.086675e-02 8.806751e-02 9.994155e-03 -2.781291e-01 2.868347e-02 7.017433e-02 6.791033e-03 1.624378e-02 1.295168e-02 2.917152e-01 1.530607e-02
6.542635e-03 6.347434e-01 4.222303e-02 1.321036e-01 1.687072e-02 -3.729159e-01 2.635747e-02 7.374103e-02 6.539999e-03 -2.343788e-02 9.283634e-03 3.201425e-01 3.073307e-02
9.346621e-03 5.602306e-01 5.746153e-02 1.094863e-01 1.078107e-02 -3.330386e-01 4.128553e-02 7.450740e-02 7.578330e-03 -1.145819e-02 1.020065e-02 3.164053e-01 3.291655e-02
1.277372e-02 8.112453e-01 1.205332e-01 1.594279e-01 3.916932e-02 -4.825464e-01 6.343099e-02 9.672333e-02 1.016638e-02 -2.948501e-02 2.342614e-02 4.383060e-01 5.668540e-02
1.682392e-02 7.696233e-01 1.053786e-01 1.554614e-01 1.991980e-02 -4.195967e-01 6.877836e-02 1.004089e-01 4.898565e-03 -2.423624e-02 1.139713e-02 4.110242e-01 6.301543e-02
3.115540e-03 7.901046e-01 2.553745e-01 1.564385e-01 3.446997e-02 -4.835192e-01 1.822584e-01 7.321345e-02 7.757925e-03 -4.147289e-02 2.153213e-02 3.862772e-01 1.361216e-01
3.427094e-03 5.298576e-01 9.831020e-02 8.616163e-02 1.065300e-02 -3.583949e-01 8.274227e-02 6.204927e-02 2.689704e-03 1.002353e-04 7.843405e-03 3.340176e-01 7.520651e-02
4.361757e-03 4.281662e-01 5.052997e-02 9.383349e-02 1.166645e-02 -2.403418e-01 2.245842e-02 6.560875e-02 3.339704e-03 4.681236e-03 9.927370e-03 2.350345e-01 8.761309e-03
5.919527e-03 6.730166e-01 1.653786e-01 1.346125e-01 3.186516e-02 -4.033823e-01 1.173609e-01 7.867175e-02 5.996939e-03 -1.897878e-02 2.066859e-02 3.509532e-01 8.591605e-02
8.100405e-03 5.978667e-01 3.601580e-02 1.140201e-01 6.867288e-03 -3.469899e-01 2.742715e-02 7.148968e-02 3.331671e-03 -1.188077e-02 4.969777e-03 3.168780e-01 2.209964e-02
1.090439e-02 5.034139e-01 5.265063e-02 9.033269e-02 1.334436e-02 -3.228835e-01 4.295991e-02 7.191951e-02 1.936231e-03 3.710271e-04 1.113825e-02 3.397276e-01 3.295425e-02
1.433149e-02 8.329713e-01 7.317738e-02 1.557227e-01 2.191306e-02 -4.797033e-01 7.726019e-02 9.804381e-02 4.102334e-03 -3.080874e-02 1.729986e-02 4.457497e-01 7.969296e-02
1.838169e-02 6.626046e-01 9.549877e-02 1.168786e-01 3.418035e-02 -3.723529e-01 7.261404e-02 9.621786e-02 1.158070e-02 -1.156436e-02 1.840361e-02 4.202581e-01 4.917952e-02
5.296419e-03 4.204179e-01 9.987633e-02 1.080459e-01 3.592107e-02 -2.075963e-01 3.722990e-02 7.465947e-02 1.539891e-02 4.612323e-03 1.330175e-02 2.038316e-01 1.853499e-02
5.607973e-03 5.330315e-01 1.283800e-01 1.073049e-01 2.304642e-02 -3.269211e-01 9.359080e-02 7.004565e-02 4.711251e-03 -3.051363e-03 1.581729e-02 3.182666e-01 7.350212e-02
6.542635e-03 6.498206e-01 1.230716e-01 1.242442e-01 2.319201e-02 -4.018730e-01 8.483798e-02 6.991562e-02 7.162102e-03 -1.915872e-02 7.870112e-03 3.648180e-01 7.410638e-02
8.100405e-03 7.819387e-01 2.230916e-01 1.401387e-01 2.908242e-02 -4.794148e-01 1.555283e-01 7.345081e-02 3.064359e-03 -2.898440e-02 2.400250e-02 4.160928e-01 1.009685e-01
1.028128e-02 7.644165e-01 1.173856e-01 1.266499e-01 2.469554e-02 -4.902149e-01 7.029932e-02 6.753046e-02 5.692603e-03 -3.015687e-02 1.397512e-02 4.398636e-01 5.579287e-02
1.308527e-02 8.036367e-01 1.951043e-01 1.738407e-01 4.529349e-02 -4.486241e-01 1.160201e-01 1.048198e-01 9.212235e-03 -2.409150e-02 2.406236e-02 4.248491e-01 7.844599e-02
1.651236e-02 7.620973e-01 1.090073e-01 1.563975e-01 2.426528e-02 -4.338576e-01 7.952946e-02 9.068466e-02 9.688819e-03 -4.042209e-02 1.352039e-02 4.142774e-01 7.092788e-02
2.056257e-02 8.698872e-01 8.209234e-02 1.913084e-01 2.925262e-02 -4.945819e-01 4.332407e-02 1.220549e-01 1.120895e-02 -4.922667e-02 1.663325e-02 4.878341e-01 2.905094e-02
8.100405e-03 5.995136e-01 6.866582e-02 1.108287e-01 9.599066e-03 -3.683879e-01 5.501532e-02 6.616749e-02 7.427133e-03 -2.017233e-02 9.679264e-03 3.288642e-01 3.999749e-02
8.411959e-03 7.444730e-01 1.338644e-01 1.474468e-01 3.120424e-02 -4.565066e-01 7.989857e-02 8.271669e-02 4.358881e-03 -2.928144e-02 2.346948e-02 4.079430e-01 5.117679e-02
9.346621e-03 7.591536e-01 8.924226e-02 1.414625e-01 2.909720e-02 -4.369376e-01 6.622995e-02 8.075393e-02 1.002601e-02 -1.713719e-02 1.217422e-02 3.891262e-01 5.462589e-02
1.090439e-02 7.112098e-01 8.261078e-02 1.387578e-01 1.614213e-02 -4.231534e-01 5.669466e-02 7.677698e-02 2.221403e-03 -2.274311e-02 1.487183e-02 4.058213e-01 3.079450e-02
1.308527e-02 7.983116e-01 9.830531e-02 1.451905e-01 2.627413e-02 -4.695966e-01 7.034268e-02 8.676227e-02 7.592672e-03 -2.218442e-02 1.741628e-02 4.325496e-01 5.649851e-02
1.588926e-02 6.028172e-01 4.629580e-02 1.186004e-01 1.285253e-02 -3.235705e-01 3.954858e-02 8.438254e-02 4.325055e-03 -8.752058e-03 1.207919e-02 3.335257e-01 3.714192e-02
1.931635e-02 7.465162e-01 7.036888e-02 1.406872e-01 1.906103e-02 -4.259698e-01 5.699803e-02 1.034038e-01 1.027316e-02 -1.619611e-02 1.184035e-02 4.562612e-01 6.636210e-02
2.336655e-02 7.194643e-01 8.696866e-02 1.556001e-01 2.100690e-02 -4.094326e-01 5.526907e-02 1.296263e-01 1.089294e-02 -2.477799e-02 8.582447e-03 5.003999e-01 3.982823e-02
1.152750e-02 7.009806e-01 3.975042e-02 1.459980e-01 1.138405e-02 -3.953232e-01 2.578797e-02 9.319147e-02 3.366383e-03 -1.542311e-02 9.224057e-03 3.742488e-01 2.182562e-02
1.183905e-02 8.683111e-01 2.912634e-01 1.298575e-01 3.233215e-02 -5.913237e-01 2.305078e-01 7.730230e-02 5.962345e-03 -3.328932e-02 2.809681e-02 5.296140e-01 1.755425e-01
1.277372e-02 6.617849e-01 4.809139e-02 8.774063e-02 1.422866e-02 -4.465258e-01 3.645894e-02 8.034858e-02 4.026612e-03 1.456875e-02 9.629092e-03 4.637738e-01 4.768468e-02
1.433149e-02 7.452901e-01 1.543313e-01 1.546742e-01 3.002874e-02 -4.456902e-01 9.762387e-02 8.860973e-02 7.247301e-03 -3.844397e-02 2.250688e-02 4.199699e-01 5.715861e-02
1.651236e-02 9.101656e-01 9.536390e-02 1.438327e-01 2.325563e-02 -5.422312e-01 7.115018e-02 9.117095e-02 1.083512e-02 -1.309803e-02 2.064813e-02 5.307171e-01 4.319338e-02
1.931635e-02 7.448207e-01 1.237134e-01 1.667884e-01 2.717371e-02 -4.265950e-01 6.623542e-02 1.003492e-01 1.158457e-02 -5.371232e-02 1.304779e-02 4.408857e-01 3.506141e-02
2.274344e-02 8.022840e-01 6.868682e-02 1.844018e-01 1.635665e-02 -4.842508e-01 8.097038e-02 1.301573e-01 1.073052e-02 -5.216043e-02 6.035185e-03 5.296750e-01 9.695169e-02
2.679365e-02 1.016691e+00 1.446570e-01 2.498025e-01 4.005020e-02 -4.844094e-01 5.944026e-02 1.572915e-01 1.298080e-02 -7.426849e-02 1.251107e-02 5.037702e-01 5.492626e-02
1.557770e-02 6.383165e-01 6.221596e-02 1.264457e-01 2.352200e-02 -3.889973e-01 6.461973e-02 7.889390e-02 9.648060e-03 -3.791946e-02 1.566296e-02 3.801222e-01 6.054080e-02
1.588926e-02 6.180294e-01 7.028043e-02 1.419659e-01 1.887814e-02 -3.250631e-01 5.203890e-02 9.310470e-02 7.860918e-03 -2.880077e-02 9.166261e-03 3.165299e-01 5.622227e-02
1.682392e-02 7.859789e-01 1.107009e-01 1.370138e-01 3.081958e-02 -4.377921e-01 6.283963e-02 9.878002e-02 1.097226e-02 -1.968185e-02 1.568001e-02 4.181069e-01 4.104455e-02
1.838169e-02 8.459197e-01 1.605267e-01 1.776269e-01 3.880107e-02 -4.411367e-01 9.206547e-02 1.089269e-01 1.522815e-02 -3.991868e-02 2.494126e-02 4.062715e-01 5.167431e-02
2.056257e-02 7.357803e-01 5.687817e-02 1.223031e-01 1.256258e-02 -4.494045e-01 4.895331e-02 9.746011e-02 7.296617e-03 -2.924367e-02 1.081534e-02 4.737356e-01 4.258934e-02
2.336655e-02 8.805759e-01 4.911774e-02 1.713232e-01 2.199314e-02 -4.968461e-01 4.409697e-02 1.306633e-01 1.641182e-02 -2.554828e-02 9.077331e-03 5.100591e-01 5.424987e-02
2.679365e-02 6.579329e-01 8.277088e-02 1.367674e-01 2.855078e-02 -3.697270e-01 4.025463e-02 1.226532e-01 1.614967e-02 -2.311507e-02 2.288823e-02 4.767905e-01 1.059132e-02
3.084385e-02 7.986070e-01 3.096630e-02 1.633553e-01 2.260176e-02 -4.299149e-01 4.868456e-02 1.744079e-01 1.895276e-02 -2.278193e-02 1.825444e-02 5.387938e-01 3.478083e-02
1.246216e-03 5.120079e-01 2.277057e-01 1.156177e-01 5.540065e-02 -3.070235e-01 1.331717e-01 7.760491e-02 1.385182e-02 -1.755876e-03 3.250566e-02 2.813968e-01 7.922152e-02
1.557770e-03 5.952803e-01 2.628873e-02 1.373724e-01 1.646197e-02 -3.473632e-01 2.573393e-02 8.141854e-02 1.196020e-02 -1.415411e-02 3.946268e-03 2.997335e-01 2.474632e-02
2.492432e-03 5.634669e-01 1.540208e-01 9.680519e-02 2.010354e-02 -3.690553e-01 1.191123e-01 6.654559e-02 5.413364e-03 1.984971e-03 1.731699e-02 3.409288e-01 8.854304e-02
4.050203e-03 5.514789e-01 1.450557e-01 8.817718e-02 1.303851e-02 -3.711528e-01 1.181757e-01 6.466739e-02 2.234572e-03 8.018473e-03 1.449070e-02 3.628699e-01 9.034833e-02
6.231081e-03 5.741074e-01 7.898254e-02 1.054403e-01 1.708149e-02 -3.401981e-01 6.466050e-02 6.758410e-02 5.035576e-03 6.423533e-04 9.618292e-03 3.242507e-01 6.086143e-02
9.035067e-03 4.921556e-01 4.050773e-02 1.003446e-01 1.412082e-02 -2.750619e-01 3.071939e-02 7.129003e-02 4.003851e-03 4.725250e-03 1.183678e-02 2.848129e-01 3.986626e-02
1.246216e-02 7.046712e-01 5.032846e-02 1.479326e-01 9.918453e-03 -4.185256e-01 4.914790e-02 9.255599e-02 6.273543e-03 -2.900491e-02 9.428898e-03 3.950647e-01 4.681978e-02
1.651236e-02 6.602296e-01 6.738697e-02 1.500216e-01 2.738249e-02 -3.529064e-01 4.375447e-02 9.887526e-02 1.017039e-02 -1.662243e-02 1.489076e-02 3.864856e-01 4.061179e-02
1.557770e-03 4.627650e-01 1.909826e-01 1.273419e-01 3.636963e-02 -2.374004e-01 1.208846e-01 8.194868e-02 8.072506e-03 -5.267605e-03 2.291609e-02 2.089095e-01 7.816487e-02
1.869324e-03 8.058985e-01 1.834172e-01 1.248391e-01 2.760084e-02 -5.550601e-01 1.384255e-01 6.676625e-02 4.722162e-03 -2.423294e-02 2.023629e-02 4.763182e-01 1.109183e-01
2.803986e-03 6.827204e-01 1.544931e-01 1.547927e-01 3.455510e-02 -3.948243e-01 1.117000e-01 8.492132e-02 1.058872e-02 -2.679584e-02 2.036742e-02 3.240994e-01 8.667060e-02
4.361757e-03 4.618663e-01 1.323688e-01 9.991046e-02 2.464051e-02 -2.675296e-01 8.730982e-02 7.167753e-02 3.423195e-03 4.468430e-03 2.006261e-02 2.582286e-01 5.235519e-02
6.542635e-03 4.870912e-01 2.493093e-02 9.668655e-02 8.741072e-03 -2.873918e-01 2.281551e-02 6.820299e-02 6.768258e-03 2.552907e-03 8.880261e-03 2.836608e-01 2.240232e-02
9.346621e-03 5.816743e-01 8.612301e-02 1.211150e-01 2.404582e-02 -3.396538e-01 5.591395e-02 7.720109e-02 6.580671e-03 -1.774894e-02 2.043658e-02 3.164119e-01 4.073001e-02
1.277372e-02 6.265068e-01 6.999480e-02 1.073467e-01 1.001748e-02 -3.634571e-01 4.293029e-02 7.799852e-02 7.464405e-03 6.225894e-04 1.377902e-02 3.649921e-01 2.388067e-02
1.682392e-02 6.847535e-01 8.893603e-02 1.284943e-01 2.653114e-02 -3.988340e-01 6.663904e-02 9.104458e-02 7.191073e-03 -2.485470e-02 1.305334e-02 4.026545e-01 6.688526e-02
2.492432e-03 6.803436e-01 1.723810e-01 9.568604e-02 1.747223e-02 -4.894745e-01 1.440010e-01 6.767158e-02 4.675758e-03 2.683021e-03 1.307438e-02 4.611152e-01 1.239567e-01
2.803986e-03 4.209854e-01 1.061888e-01 9.850176e-02 2.001796e-02 -2.413506e-01 7.223876e-02 6.801374e-02 6.383338e-03 3.238528e-03 1.388304e-02 2.327505e-01 4.658164e-02
3.738648e-03 5.623248e-01 1.046945e-01 1.080926e-01 1.728068e-02 -3.557082e-01 7.714556e-02 7.433754e-02 7.517528e-03 -1.381486e-03 1.122628e-02 3.292518e-01 5.384292e-02
5.296419e-03 8.761524e-01 1.868456e-01 1.809587e-01 3.350714e-02 -5.284482e-01 1.218215e-01 8.077294e-02 9.900289e-03 -5.485824e-02 1.574421e-02 4.208796e-01 9.112300e-02
7.477297e-03 5.171323e-01 8.415613e-02 1.055406e-01 4.669323e-03 -3.168912e-01 6.685703e-02 7.130232e-02 6.124955e-03 -5.935452e-03 1.161977e-02 3.172679e-01 4.428513e-02
1.028128e-02 7.382035e-01 1.000811e-01 1.514117e-01 2.175677e-02 -4.177641e-01 7.683343e-02 8.792875e-02 6.814289e-03 -2.676089e-02 1.831022e-02 3.680339e-01 5.512189e-02
1.370838e-02 9.882080e-01 1.930312e-01 2.001525e-01 4.812318e-02 -5.695130e-01 1.101824e-01 1.061937e-01 1.085637e-02 -4.764967e-02 2.736284e-02 5.008057e-01 6.482202e-02
1.775858e-02 5.759252e-01 7.565669e-02 1.166995e-01 1.817190e-02 -3.254680e-01 6.636730e-02 8.280911e-02 7.740379e-03 -2.127859e-02 1.778214e-02 3.421735e-01 4.676147e-02
4.050203e-03 4.965629e-01 1.226262e-01 8.407903e-02 1.193943e-02 -3.278844e-01 9.952489e-02 5.817199e-02 2.590901e-03 9.425610e-04 7.994627e-03 3.130488e-01 8.214551e-02
4.361757e-03 9.301005e-01 3.312024e-01 1.365682e-01 4.454342e-02 -6.495072e-01 2.555204e-01 7.298242e-02 9.560807e-03 -2.914492e-02 3.141322e-02 5.631552e-01 1.982772e-01
5.296419e-03 4.465558e-01 1.015010e-01 8.481692e-02 2.397310e-02 -2.826185e-01 6.195117e-02 5.686070e-02 4.799810e-03 -3.806116e-03 1.617034e-02 2.713069e-01 3.843294e-02
6.854189e-03 6.112280e-01 6.347090e-02 1.261530e-01 1.143785e-02 -3.575929e-01 5.006281e-02 8.032780e-02 3.184922e-03 -1.220317e-02 1.426836e-02 3.168235e-01 4.725409e-02
9.035067e-03 6.775129e-01 8.194629e-02 1.126192e-01 1.803089e-02 -4.414754e-01 5.871512e-02 7.083208e-02 9.055335e-03 -1.427346e-02 9.347833e-03 4.140422e-01 5.366422e-02
1.183905e-02 8.311001e-01 1.289452e-01 1.724635e-01 2.590147e-02 -4.812152e-01 8.419106e-02 1.008448e-01 5.106223e-03 -3.592220e-02 1.969618e-02 4.261091e-01 5.072111e-02
1.526615e-02 9.770870e-01 1.417309e-01 1.943126e-01 4.273711e-02 -5.542688e-01 6.679800e-02 1.049838e-01 1.128502e-02 -4.700752e-02 2.161571e-02 4.718571e-01 3.665214e-02
1.931635e-02 8.368526e-01 8.010637e-02 1.567745e-01 4.455259e-02 -4.870262e-01 3.532028e-02 1.066061e-01 2.163467e-02 -3.516904e-02 2.451536e-02 4.814117e-01 5.120902e-02
6.231081e-03 6.000992e-01 7.499207e-02 1.168220e-01 1.132491e-02 -3.542603e-01 5.239839e-02 7.044899e-02 6.440723e-03 -9.922746e-03 1.163616e-02 3.215843e-01 3.535032e-02
6.542635e-03 5.316327e-01 8.432134e-02 1.138311e-01 1.472401e-02 -3.094864e-01 5.844166e-02 7.456956e-02 5.987670e-03 -7.437997e-03 7.549702e-03 2.876831e-01 4.314177e-02
7.477297e-03 4.998434e-01 7.579258e-02 1.127323e-01 1.776505e-02 -2.664315e-01 4.873358e-02 6.905504e-02 6.504483e-03 -1.474208e-02 1.067305e-02 2.380059e-01 2.965247e-02
9.035067e-03 6.697187e-01 1.137711e-01 1.337671e-01 2.005952e-02 -3.892852e-01 7.258008e-02 6.899825e-02 8.704496e-03 -3.245478e-02 9.573322e-03 3.367096e-01 5.728223e-02
1.121595e-02 5.743175e-01 1.004942e-01 1.131708e-01 1.485906e-02 -3.160130e-01 6.368112e-02 8.756600e-02 5.622906e-03 1.950659e-03 1.323846e-02 3.112886e-01 4.841029e-02
1.401993e-02 9.393810e-01 1.851500e-01 1.542701e-01 4.951332e-02 -5.919323e-01 1.128620e-01 9.178157e-02 1.054994e-02 -3.069079e-02 3.064716e-02 5.380040e-01 8.289227e-02
1.744703e-02 7.924205e-01 1.193254e-01 1.528152e-01 2.096262e-02 -4.473179e-01 7.085041e-02 9.864961e-02 6.541017e-03 -2.622729e-02 1.284723e-02 4.185568e-01 4.246624e-02
2.149723e-02 7.681009e-01 3.458937e-02 1.611415e-01 1.148119e-02 -4.289787e-01 3.276029e-02 1.102621e-01 8.307264e-03 -4.134771e-02 5.409777e-03 4.501400e-01 3.396532e-02
9.035067e-03 6.894494e-01 1.031654e-01 1.214018e-01 1.331117e-02 -4.234833e-01 7.887158e-02 7.570851e-02 5.220976e-03 -1.900342e-02 1.719401e-02 3.753323e-01 5.663714e-02
9.346621e-03 5.129805e-01 7.007576e-02 1.179551e-01 2.371381e-02 -2.695450e-01 5.428453e-02 8.631969e-02 8.476202e-03 5.262670e-03 1.517204e-02 2.820125e-01 4.142345e-02
1.028128e-02 7.221076e-01 1.788941e-01 1.504425e-01 3.021722e-02 -4.250552e-01 1.346015e-01 8.896222e-02 1.233872e-02 -3.463407e-02 1.465885e-02 3.542180e-01 1.079900e-01
1.183905e-02 7.039847e-01 1.450324e-01 1.503340e-01 2.892692e-02 -3.957012e-01 9.918386e-02 8.207355e-02 8.581227e-03 -3.845994e-02 2.037640e-02 3.328489e-01 6.301596e-02
1.401993e-02 6.095870e-01 4.786514e-02 1.316655e-01 1.205074e-02 -3.419649e-01 4.708958e-02 8.838968e-02 7.167245e-03 -1.713778e-02 1.327692e-02 3.454977e-01 4.023189e-02
1.682392e-02 7.201772e-01 5.686907e-02 1.598352e-01 1.562020e-02 -4.198222e-01 5.915826e-02 1.002432e-01 1.272884e-02 -3.593460e-02 1.332225e-02 4.264818e-01 4.694773e-02
2.025101e-02 5.968638e-01 7.165079e-02 9.788821e-02 1.689915e-02 -3.351466e-01 5.281531e-02 9.878357e-02 7.286146e-03 8.287177e-03 1.234323e-02 3.928603e-01 3.759403e-02
2.430122e-02 9.110633e-01 1.140796e-01 2.077718e-01 1.956145e-02 -5.173625e-01 8.834666e-02 1.293151e-01 7.377305e-03 -6.256098e-02 1.300371e-02 5.320913e-01 5.231829e-02
1.246216e-02 5.862909e-01 6.831571e-02 1.287696e-01 2.157137e-02 -3.491414e-01 4.265083e-02 8.814399e-02 7.305751e-03 -1.314597e-02 1.076589e-02 3.501474e-01 3.726045e-02
1.277372e-02 7.595269e-01 1.692362e-01 1.498773e-01 1.563073e-02 -4.465959e-01 1.459434e-01 8.732723e-02 4.254879e-03 -2.829610e-02 1.610900e-02 4.043094e-01 1.195024e-01
1.370838e-02 7.273496e-01 9.050074e-02 1.609148e-01 2.416349e-02 -4.401860e-01 6.295599e-02 9.704923e-02 1.123467e-02 -2.771309e-02 1.218610e-02 4.585876e-01 5.661594e-02
1.526615e-02 8.161728e-01 1.588520e-01 1.661474e-01 2.962014e-02 -4.557073e-01 9.629707e-02 1.000366e-01 9.521424e-03 -3.408226e-02 2.304795e-02 4.353025e-01 6.554288e-02
1.744703e-02 8.173873e-01 8.564962e-02 1.403556e-01 2.460491e-02 -4.842307e-01 6.347195e-02 9.296740e-02 8.433427e-03 -1.731121e-02 1.819625e-02 5.076057e-01 6.207573e-02
2.025101e-02 7.473521e-01 6.462790e-02 1.589434e-01 6.138156e-03 -3.972019e-01 4.939299e-02 1.183555e-01 6.780946e-03 -1.886092e-02 1.434899e-02 4.140136e-01 3.806532e-02
2.367811e-02 9.860826e-01 5.782217e-02 1.934703e-01 2.398618e-02 -5.863276e-01 5.683279e-02 1.284516e-01 1.138607e-02 -5.820641e-02 1.372320e-02 5.876983e-01 6.720370e-02
2.772831e-02 7.831233e-01 1.172826e-01 1.189096e-01 6.859321e-03 -4.660129e-01 6.432666e-02 1.298419e-01 1.436009e-02 -1.625235e-02 1.443892e-02 5.592745e-01 2.625339e-02
1.651236e-02 7.829203e-01 8.800699e-02 1.260665e-01 1.401199e-02 -4.866020e-01 5.837614e-02 8.115419e-02 6.619341e-03 -2.036104e-02 1.561641e-02 4.986311e-01 3.589411e-02
1.682392e-02 7.324109e-01 8.449865e-02 1.588623e-01 2.144898e-02 -4.053145e-01 5.290616e-02 9.759332e-02 9.468594e-03 -4.224144e-02 9.022649e-03 3.721206e-01 2.633361e-02
1.775858e-02 6.145295e-01 3.950958e-02 1.220597e-01 1.920723e-02 -3.697272e-01 4.175944e-02 9.392284e-02 8.755868e-03 -1.219609e-03 1.784390e-02 4.495406e-01 3.023358e-02
1.931635e-02 6.535492e-01 4.865420e-02 1.163543e-01 1.701290e-02 -3.668864e-01 3.908060e-02 1.004685e-01 7.816793e-03 -4.430416e-03 8.214780e-03 4.164477e-01 4.011830e-02
2.149723e-02 6.886067e-01 8.517623e-02 1.401274e-01 2.449725e-02 -3.405744e-01 4.773476e-02 1.027936e-01 8.744243e-03 -3.288739e-02 1.340975e-02 3.914218e-01 4.075796e-02
2.430122e-02 7.102826e-01 9.006546e-02 1.407977e-01 1.722940e-02 -4.290488e-01 6.506688e-02 1.245674e-01 6.333118e-03 -3.030632e-02 4.214805e-03 4.634705e-01 5.392931e-02
2.772831e-02 8.032107e-01 7.591287e-02 1.392210e-01 2.571445e-02 -4.722562e-01 5.144705e-02 1.286312e-01 1.092175e-02 -3.414204e-02 1.717396e-02 5.365360e-01 4.793249e-02
3.177851e-02 7.421403e-01 4.062197e-02 1.885230e-01 3.104137e-02 -3.784320e-01 2.352183e-02 1.692567e-01 2.231471e-02 -5.217660e-02 2.051073e-02 5.469951e-01 2.669823e-02
2.803986e-03 3.153544e-01 4.061745e-02 7.422066e-02 1.259524e-02 -1.740004e-01 3.381217e-02 6.394025e-02 7.202284e-03 2.274061e-02 3.200088e-03 1.986865e-01 3.412949e-02
3.115540e-03 4.261971e-01 8.184404e-02 9.835857e-02 2.074578e-02 -2.331831e-01 4.890667e-02 6.329529e-02 1.015846e-02 -1.149404e-03 7.675097e-03 2.130599e-01 4.053252e-02
4.050203e-03 7.052762e-01 2.603565e-01 1.289586e-01 2.723223e-02 -4.558087e-01 1.951954e-01 7.876131e-02 5.240142e-03 -1.510186e-02 2.567686e-02 4.034638e-01 1.455071e-01
5.607973e-03 7.846667e-01 1.121742e-01 1.491181e-01 1.991331e-02 -4.598727e-01 8.736643e-02 8.099071e-02 6.344961e-03 -2.587675e-02 1.304965e-02 3.828299e-01 6.884186e-02
7.788851e-03 8.372049e-01 1.499806e-01 1.747778e-01 2.066882e-02 -4.868756e-01 9.841670e-02 8.573096e-02 2.063614e-03 -4.069903e-02 1.472540e-02 4.138300e-01 6.628488e-02
1.059284e-02 5.778293e-01 5.249725e-02 1.361177e-01 9.029035e-03 -3.139782e-01 4.049391e-02 8.604040e-02 1.985118e-03 -1.062672e-02 6.110278e-03 3.139588e-01 3.936187e-02
1.401993e-02 6.552684e-01 9.449066e-02 1.254377e-01 1.723346e-02 -3.740119e-01 6.057938e-02 7.695364e-02 5.171543e-03 -2.809697e-02 1.473957e-02 3.452407e-01 3.984046e-02
1.807013e-02 6.908992e-01 9.269191e-02 1.264565e-01 2.405251e-02 -4.111643e-01 7.195420e-02 1.075424e-01 6.616208e-03 -7.981160e-03 1.900432e-02 4.314825e-01 5.890394e-02
3.115540e-03 6.661392e-01 8.893002e-02 1.473484e-01 1.313606e-02 -3.853968e-01 7.027873e-02 7.538947e-02 3.337986e-03 -3.020504e-02 1.009285e-02 3.130611e-01 5.753966e-02
3.427094e-03 4.962571e-01 8.726597e-02 1.222200e-01 1.660991e-02 -2.639809e-01 5.264314e-02 7.470419e-02 7.176806e-03 -8.135257e-03 1.201753e-02 2.335356e-01 3.266816e-02
4.361757e-03 5.410430e-01 5.059719e-02 1.096974e-01 1.018624e-02 -3.294955e-01 5.388276e-02 7.416425e-02 6.991327e-03 4.750679e-04 1.055064e-02 3.133085e-01 4.564870e-02
5.919527e-03 7.108546e-01 1.982965e-01 1.191286e-01 4.414413e-02 -4.461406e-01 1.247958e-01 7.093042e-02 1.279981e-02 -8.448571e-03 2.239589e-02 4.020577e-01 8.525131e-02
8.100405e-03 5.761296e-01 7.056013e-02 1.139936e-01 1.498651e-02 -3.315234e-01 5.824934e-02 7.429185e-02 3.528139e-03 -1.133715e-02 1.371995e-02 2.997958e-01 3.873881e-02
1.090439e-02 8.327370e-01 9.229933e-02 1.659897e-01 2.588233e-02 -4.970039e-01 6.851144e-02 8.461709e-02 4.766742e-03 -4.875634e-02 1.780990e-02 4.163426e-01 5.350900e-02
1.433149e-02 5.652248e-01 6.853039e-02 1.149401e-01 2.050285e-02 -3.253584e-01 4.370187e-02 7.853396e-02 6.981354e-03 -1.575260e-02 1.081801e-02 3.304074e-01 3.111301e-02
1.838169e-02 8.099918e-01 5.900716e-02 1.749171e-01 3.096051e-02 -4.468843e-01 3.688164e-02 1.084409e-01 1.314392e-02 -3.281229e-02 1.699883e-02 4.564882e-01 3.399662e-02
4.050203e-03 4.395959e-01 9.635251e-02 9.975619e-02 2.207810e-02 -2.471042e-01 6.209969e-02 7.082702e-02 6.101597e-03 8.668008e-03 1.579042e-02 2.507684e-01 3.848042e-02
4.361757e-03 5.060918e-01 1.118065e-01 9.771783e-02 2.751590e-02 -3.063713e-01 6.244882e-02 6.786405e-02 7.666734e-03 2.141977e-03 1.998394e-02 2.903080e-01 3.330151e-02
5.296419e-03 5.974531e-01 9.329628e-02 1.161864e-01 1.938246e-02 -3.563823e-01 5.951431e-02 6.836437e-02 7.124020e-03 -1.271176e-02 1.237385e-02 3.132180e-01 4.012040e-02
6.854189e-03 8.427723e-01 1.010575e-01 1.600147e-01 2.691903e-02 -5.360864e-01 6.352308e-02 7.895687e-02 4.911643e-03 -5.045609e-02 1.658656e-02 4.366129e-01 4.311414e-02
9.035067e-03 8.315362e-01 1.072827e-01 1.722200e-01 3.468344e-02 -4.948077e-01 5.570345e-02 8.720229e-02 1.303350e-02 -4.502922e-02 1.555462e-02 4.231612e-01 3.501401e-02
1.183905e-02 1.036762e+00 1.749576e-01 2.037073e-01 2.889614e-02 -6.095045e-01 1.009480e-01 9.841470e-02 8.179697e-03 -5.591518e-02 1.917897e-02 5.014229e-01 5.576243e-02
1.526615e-02 6.146918e-01 6.349542e-02 1.197922e-01 2.324427e-02 -3.238184e-01 4.551180e-02 8.238458e-02 1.275634e-02 -1.229774e-02 7.752099e-03 3.251254e-01 4.503687e-02
1.931635e-02 6.549885e-01 9.242963e-02 1.301389e-01 1.170837e-02 -3.917502e-01 6.538562e-02 9.935912e-02 1.113987e-02 -1.851057e-02 3.137973e-03 4.321665e-01 6.011189e-02
5.607973e-03 9.060806e-01 2.697292e-01 1.800141e-01 4.347745e-02 -5.668574e-01 1.928659e-01 8.078099e-02 9.128443e-03 -5.718664e-02 3.580624e-02 4.532063e-01 1.310106e-01
5.919527e-03 5.529436e-01 2.916150e-02 1.174906e-01 9.432120e-03 -3.334637e-01 1.689240e-02 7.444204e-02 3.186032e-03 -1.384476e-02 8.034994e-03 3.037638e-01 6.590658e-03
6.854189e-03 8.495770e-01 2.648570e-01 1.412771e-01 4.366067e-02 -5.379901e-01 1.858835e-01 8.114159e-02 6.241534e-03 -1.969050e-02 3.316750e-02 4.701365e-01 1.305071e-01
8.411959e-03 9.081130e-01 1.285191e-01 1.394440e-01 8.782273e-03 -5.809146e-01 1.184707e-01 7.467801e-02 8.355373e-03 -3.558440e-02 8.644572e-03 4.765630e-01 1.062499e-01
1.059284e-02 9.364001e-01 1.678619e-01 1.533936e-01 3.331943e-02 -5.774605e-01 1.060948e-01 7.626463e-02 5.089196e-03 -4.618549e-02 2.115815e-02 4.789301e-01 6.766391e-02
1.339682e-02 8.716788e-01 1.005920e-01 1.755236e-01 2.738259e-02 -4.812844e-01 6.049518e-02 9.242088e-02 7.471203e-03 -4.455250e-02 1.439756e-02 4.041466e-01 3.757335e-02
1.682392e-02 8.193799e-01 1.034775e-01 1.745369e-01 2.886436e-02 -4.656316e-01 6.251987e-02 9.605906e-02 9.885605e-03 -4.992171e-02 1.369558e-02 4.548605e-01 5.130023e-02
2.087412e-02 7.229371e-01 5.821124e-02 1.441446e-01 2.388152e-02 -4.185484e-01 2.427685e-02 9.736081e-02 9.622460e-03 -3.172947e-02 1.161841e-02 4.321445e-01 5.123748e-02
7.788851e-03 7.206902e-01 1.043982e-01 1.609985e-01 2.083609e-02 -4.286301e-01 7.165180e-02 8.415401e-02 5.237607e-03 -3.434239e-02 1.486183e-02 3.804832e-01 4.919341e-02
8.100405e-03 6.376418e-01 7.719326e-02 1.337666e-01 1.362215e-02 -3.762048e-01 5.621458e-02 7.265969e-02 5.047664e-03 -2.839287e-02 9.994275e-03 3.405145e-01 4.249316e-02
9.035067e-03 6.810156e-01 1.296593e-01 1.399071e-01 2.037441e-02 -3.617496e-01 8.609860e-02 7.824234e-02 1.795105e-03 -1.230307e-02 1.271365e-02 3.228687e-01 6.284765e-02
1.059284e-02 6.872305e-01 1.969832e-01 1.214819e-01 2.800649e-02 -4.154764e-01 1.415241e-01 7.893771e-02 4.826623e-03 -1.358952e-02 2.325671e-02 3.829993e-01 9.711154e-02
1.277372e-02 9.521311e-01 1.400145e-01 1.615814e-01 4.060855e-02 -5.953038e-01 8.215706e-02 8.868822e-02 1.141149e-02 -4.594998e-02 1.715300e-02 5.017535e-01 6.616378e-02
1.557770e-02 5.680789e-01 7.023180e-02 1.186049e-01 2.546348e-02 -3.199552e-01 3.029080e-02 9.291978e-02 9.465942e-03 9.683277e-03 2.145628e-02 3.828507e-01 8.188993e-03
1.900480e-02 8.406520e-01 6.039652e-02 1.462584e-01 3.283490e-02 -4.690175e-01 4.974956e-02 9.757241e-02 9.508077e-03 -3.095325e-02 1.210590e-02 4.470454e-01 4.394841e-02
2.305500e-02 8.105867e-01 1.164261e-01 1.714560e-01 3.839417e-02 -4.637977e-01 6.817185e-02 1.157102e-01 1.618917e-02 -2.898543e-02 1.235623e-02 5.495965e-01 5.862941e-02
1.059284e-02 6.240087e-01 2.683768e-02 1.003422e-01 7.667326e-03 -4.144352e-01 4.688382e-02 7.549847e-02 3.738166e-03 -7.347970e-04 4.695912e-03 4.268542e-01 5.283903e-02
1.090439e-02 6.844408e-01 2.083333e-01 1.315228e-01 3.362370e-02 -4.011201e-01 1.484646e-01 8.108328e-02 9.675705e-03 -2.329329e-02 1.968295e-02 3.610487e-01 1.085477e-01
1.183905e-02 7.492440e-01 1.028133e-01 1.315680e-01 3.129614e-02 -4.232760e-01 4.715167e-02 7.388953e-02 9.388638e-03 -2.208446e-02 1.894586e-02 3.632858e-01 1.984977e-02
1.339682e-02 6.124924e-01 3.901155e-02 1.267430e-01 8.854758e-03 -3.506227e-01 3.030500e-02 8.683196e-02 6.380601e-03 -1.879773e-02 4.627855e-03 3.551034e-01 1.677662e-02
1.557770e-02 8.182699e-01 1.686685e-01 1.732464e-01 3.216384e-02 -4.674382e-01 9.730598e-02 9.734861e-02 1.172307e-02 -4.454424e-02 1.355582e-02 4.254206e-01 7.874572e-02
1.838169e-02 6.846488e-01 6.142782e-02 1.707346e-01 1.489517e-02 -3.644856e-01 3.501747e-02 1.099460e-01 5.978667e-03 -3.890621e-02 1.123727e-02 3.640615e-01 2.581438e-02
2.180878e-02 6.460777e-01 6.109987e-02 1.284478e-01 2.183138e-02 -3.307249e-01 5.242203e-02 1.109338e-01 1.299599e-02 -7.066875e-03 9.819658e-03 3.810620e-01 4.705963e-02
2.585899e-02 8.560640e-01 1.301701e-01 1.661437e-01 2.002537e-02 -4.776918e-01 9.920536e-02 1.369403e-01 3.976837e-03 -4.495439e-02 1.776691e-02 5.271756e-01 6.491295e-02
1.401993e-02 6.624639e-01 8.303984e-02 1.266593e-01 1.974985e-02 -3.586177e-01 5.510723e-02 9.341947e-02 5.353812e-03 -2.742133e-03 1.353367e-02 3.621789e-01 3.997701e-02
1.433149e-02 8.628522e-01 1.327445e-01 1.673160e-01 3.634871e-02 -5.041059e-01 7.532594e-02 1.043288e-01 1.075870e-02 -3.495045e-02 2.870109e-02 4.510400e-01 4.930370e-02
1.526615e-02 7.471444e-01 1.479699e-01 1.414710e-01 3.348557e-02 -4.279021e-01 7.109579e-02 9.929633e-02 1.123236e-02 -2.265581e-02 1.664481e-02 4.139349e-01 3.974918e-02
1.682392e-02 8.240347e-01 7.673043e-02 1.531687e-01 1.554321e-02 -4.651038e-01 7.237633e-02 8.526339e-02 6.405578e-03 -3.456083e-02 1.499591e-02 4.230315e-01 5.336561e-02
1.900480e-02 7.797534e-01 4.928814e-02 1.642786e-01 1.582852e-02 -4.471912e-01 3.458707e-02 9.660890e-02 1.107619e-02 -4.319755e-02 3.629116e-03 4.567903e-01 3.491682e-02
2.180878e-02 8.614605e-01 8.628527e-02 1.738366e-01 3.065298e-02 -5.255529e-01 5.518253e-02 1.299352e-01 1.480018e-02 -3.928800e-02 1.853167e-02 5.753708e-01 4.996304e-02
2.523588e-02 7.939649e-01 8.932960e-02 1.812937e-01 1.593314e-02 -4.397083e-01 9.347891e-02 1.193034e-01 1.016798e-02 -5.475811e-02 1.360045e-02 4.992058e-01 8.493990e-02
2.928608e-02 6.798740e-01 7.651725e-02 1.485721e-01 2.681378e-02 -3.782086e-01 5.229301e-02 1.390532e-01 9.904152e-03 -3.567568e-02 2.233857e-02 4.720724e-01 7.036467e-02
1.807013e-02 7.602058e-01 8.144860e-02 1.526770e-01 1.316126e-02 -3.964893e-01 4.273415e-02 1.057227e-01 6.946441e-03 -2.473393e-02 1.260580e-02 3.720313e-01 2.419176e-02
1.838169e-02 7.498814e-01 6.743666e-02 1.470758e-01 7.648968e-03 -4.286675e-01 3.844764e-02 9.063812e-02 4.375634e-03 -2.670150e-02 6.512804e-03 4.381191e-01 3.400004e-02
1.931635e-02 7.223010e-01 8.458505e-02 1.435240e-01 2.534508e-02 -4.261481e-01 6.038396e-02 9.660642e-02 9.667258e-03 -2.980920e-02 1.603524e-02 4.536651e-01 6.770138e-02
2.087412e-02 8.274780e-01 6.587084e-02 1.484233e-01 1.543533e-02 -4.710175e-01 4.594775e-02 1.084308e-01 6.480831e-03 -3.158329e-02 1.480320e-02 4.586143e-01 3.737480e-02
2.305500e-02 7.615209e-01 1.189192e-01 1.640137e-01 2.997539e-02 -4.028521e-01 8.417625e-02 1.180561e-01 1.541079e-02 -3.199384e-02 2.257230e-02 4.469926e-01 4.004454e-02
2.585899e-02 7.844064e-01 1.551789e-01 1.799158e-01 2.592494e-02 -4.194887e-01 8.243401e-02 1.364246e-01 8.774196e-03 -4.669969e-02 1.978331e-02 4.360029e-01 4.201614e-02
2.928608e-02 7.878112e-01 3.484844e-02 1.491449e-01 3.031040e-02 -4.017502e-01 3.111410e-02 1.292602e-01 1.591288e-02 -4.511894e-02 7.273437e-03 4.663695e-01 3.317599e-02
3.333628e-02 8.661339e-01 6.662490e-02 1.938933e-01 2.948959e-02 -3.775796e-01 4.095052e-02 1.862304e-01 5.356502e-03 -1.345515e-02 1.331146e-02 4.813163e-01 3.784986e-02
4.984865e-03 6.105508e-01 1.424047e-01 1.249278e-01 2.553127e-02 -3.624537e-01 1.051784e-01 7.278259e-02 6.177580e-03 -1.712286e-02 1.816285e-02 3.154224e-01 7.520748e-02
5.296419e-03 7.608698e-01 8.594881e-02 1.353022e-01 2.377563e-02 -4.919747e-01 6.819179e-02 7.677427e-02 7.315892e-03 -1.930527e-02 1.859680e-02 4.452193e-01 6.040883e-02
6.231081e-03 6.353331e-01 5.951690e-02 1.060503e-01 8.543792e-03 -4.204878e-01 4.053335e-02 6.769157e-02 3.340362e-03 -1.229751e-02 2.522276e-03 3.798191e-01 3.125618e-02
7.788851e-03 4.920828e-01 1.047826e-01 1.141374e-01 1.500619e-02 -2.887701e-01 8.154270e-02 8.399755e-02 7.537885e-03 2.274348e-03 2.094853e-02 3.009546e-01 5.765390e-02
9.969729e-03 8.195046e-01 1.467811e-01 1.769836e-01 3.011647e-02 -4.352876e-01 9.909605e-02 9.711145e-02 9.588876e-03 -2.610101e-02 1.865352e-02 3.795802e-01 7.141793e-02
1.277372e-02 8.857512e-01 2.165762e-01 1.677693e-01 3.817069e-02 -5.336147e-01 1.556282e-01 9.147395e-02 9.748674e-03 -4.050210e-02 1.960003e-02 4.635515e-01 1.191909e-01
1.620081e-02 5.854706e-01 7.546648e-02 1.220214e-01 1.862491e-02 -3.139215e-01 4.139127e-02 8.543306e-02 7.648309e-03 -1.491990e-02 1.155600e-02 3.311691e-01 3.359152e-02
2.025101e-02 7.372801e-01 7.214970e-02 1.434001e-01 2.194380e-02 -4.492933e-01 3.795714e-02 1.018033e-01 9.443780e-03 -3.505838e-02 1.766860e-02 4.894097e-01 2.170404e-02
5.296419e-03 7.582873e-01 7.687481e-02 1.618377e-01 3.497633e-02 -4.463850e-01 5.601040e-02 7.926867e-02 1.302945e-02 -3.984571e-02 1.765602e-02 3.698421e-01 6.443141e-02
5.607973e-03 8.291051e-01 1.663534e-01 1.376803e-01 2.709806e-02 -5.394115e-01 1.251235e-01 6.675343e-02 5.053698e-03 -3.765510e-02 2.035712e-02 4.454479e-01 9.907305e-02
6.542635e-03 7.832093e-01 9.924645e-02 1.326786e-01 8.300584e-03 -4.925707e-01 8.775332e-02 8.475505e-02 4.504501e-03 -1.386503e-02 5.723262e-03 4.304574e-01 7.509482e-02
8.100405e-03 5.263929e-01 1.364483e-01 1.460820e-01 3.214652e-02 -2.621481e-01 8.072343e-02 8.967547e-02 1.094736e-02 -1.683931e-02 1.456410e-02 2.456266e-01 5.098759e-02
1.028128e-02 7.118959e-01 2.645872e-01 1.339949e-01 5.009068e-02 -4.486892e-01 1.775928e-01 8.191578e-02 9.317123e-03 -2.852891e-02 3.364556e-02 4.107434e-01 1.221104e-01
1.308527e-02 7.218304e-01 1.084746e-01 1.506469e-01 1.934467e-02 -4.204639e-01 6.265342e-02 8.652440e-02 7.443290e-03 -3.005806e-02 1.317591e-02 4.097687e-01 3.721350e-02
1.651236e-02 7.515878e-01 2.587652e-02 1.378882e-01 1.478697e-02 -4.312579e-01 2.839985e-02 9.401740e-02 4.913217e-03 -2.066507e-02 9.350664e-03 4.282021e-01 4.344407e-02
2.056257e-02 6.964683e-01 7.799510e-02 1.434400e-01 1.762117e-02 -3.826414e-01 7.384195e-02 1.011130e-01 8.912388e-03 -2.432246e-02 2.017996e-02 3.837997e-01 5.798087e-02
6.231081e-03 6.400195e-01 8.781648e-02 1.162724e-01 1.600624e-02 -4.031647e-01 6.586565e-02 7.433898e-02 5.185192e-03 -1.759093e-02 1.392029e-02 3.495617e-01 5.132510e-02
6.542635e-03 7.498933e-01 1.042744e-01 1.610026e-01 1.978024e-02 -4.244757e-01 6.527852e-02 8.661918e-02 5.037154e-03 -2.674051e-02 1.182730e-02 3.625910e-01 4.828224e-02
7.477297e-03 7.193168e-01 1.503951e-01 1.297339e-01 2.500755e-02 -4.475280e-01 1.109776e-01 7.185384e-02 9.401040e-03 -2.698735e-02 1.296608e-02 3.809281e-01 8.552826e-02
9.035067e-03 5.896500e-01 1.143027e-01 1.301679e-01 2.058836e-02 -3.203654e-01 8.730504e-02 8.028605e-02 8.429292e-03 -1.647485e-02 1.778138e-02 2.928418e-01 5.562499e-02
1.121595e-02 5.714928e-01 9.917553e-02 1.017343e-01 1.558064e-02 -3.434799e-01 6.067753e-02 8.185062e-02 6.584445e-03 9.250524e-03 7.356573e-03 3.627495e-01 5.069638e-02
1.401993e-02 6.699395e-01 1.236259e-01 1.219426e-01 2.502668e-02 -3.665811e-01 8.064600e-02 8.590108e-02 7.293617e-03 -1.314527e-02 1.729229e-02 3.470202e-01 5.878581e-02
1.744703e-02 7.137285e-01 1.237070e-01 1.384023e-01 3.259977e-02 -4.505700e-01 7.913232e-02 9.660443e-02 1.214608e-02 -2.704322e-02 1.564343e-02 4.666842e-01 6.347704e-02
2.149723e-02 7.466120e-01 1.236401e-01 1.581737e-01 3.805827e-02 -4.181881e-01 8.269554e-02 1.044446e-01 9.202835e-03 -4.167060e-02 3.234697e-02 4.426753e-01 4.543240e-02
7.788851e-03 5.448131e-01 4.698481e-02 1.169120e-01 1.507770e-02 -2.992932e-01 4.318364e-02 7.489219e-02 7.298584e-03 -5.581968e-03 1.023532e-02 2.798524e-01 3.426938e-02
8.100405e-03 8.584020e-01 7.901434e-02 1.510222e-01 1.355164e-02 -5.561189e-01 6.396439e-02 7.335421e-02 4.223633e-03 -4.362804e-02 8.876282e-03 4.700717e-01 5.046233e-02
9.035067e-03 5.249577e-01 7.352950e-02 1.137738e-01 1.451002e-02 -3.007685e-01 5.427088e-02 7.659465e-02 7.919874e-03 -1.762968e-02 5.058539e-03 2.742986e-01 4.598205e-02
1.059284e-02 7.075393e-01 7.729065e-02 1.195807e-01 2.148012e-02 -4.532354e-01 5.150749e-02 7.565548e-02 8.815522e-03 -1.232333e-02 1.696923e-02 4.351928e-01 3.649573e-02
1.277372e-02 9.153292e-01 4.883803e-02 2.041282e-01 1.837252e-02 -5.148955e-01 3.196112e-02 1.044142e-01 8.138432e-03 -6.283684e-02 1.054756e-02 4.182705e-01 3.562471e-02
1.557770e-02 8.631455e-01 7.835901e-02 1.600331e-01 1.145969e-02 -4.983008e-01 5.066512e-02 8.977567e-02 8.207685e-03 -3.565825e-02 8.004066e-03 4.645688e-01 4.267422e-02
1.900480e-02 7.151717e-01 6.879373e-02 1.574499e-01 3.087115e-02 -4.547518e-01 3.714370e-02 1.102739e-01 1.170073e-02 -2.897433e-02 1.603349e-02 5.115817e-01 3.945788e-02
2.305500e-02 6.487558e-01 8.320908e-02 1.233877e-01 1.607606e-02 -3.668242e-01 6.093774e-02 1.077014e-01 4.019702e-03 -5.449133e-03 1.603636e-02 4.267742e-01 3.535521e-02
9.969729e-03 7.043859e-01 1.246167e-01 1.264890e-01 1.408716e-02 -4.269973e-01 9.666077e-02 8.176447e-02 6.985524e-03 -1.757224e-02 1.868829e-02 3.853407e-01 6.707035e-02
1.028128e-02 6.231379e-01 8.250698e-02 1.424973e-01 1.562244e-02 -3.243456e-01 5.628970e-02 8.324147e-02 2.460366e-03 -1.942704e-02 1.530973e-02 2.951818e-01 4.207735e-02
1.121595e-02 5.792515e-01 4.015334e-02 1.041443e-01 1.319755e-02 -3.598909e-01 2.152854e-02 7.514634e-02 5.929924e-03 1.678823e-03 1.615973e-02 3.709060e-01 2.817537e-02
1.277372e-02 7.855473e-01 7.614406e-02 1.385425e-01 3.132393e-02 -5.191338e-01 6.720265e-02 8.840283e-02 9.944455e-03 -9.642803e-03 1.215429e-02 5.291173e-01 7.382012e-02
1.495459e-02 8.386265e-01 6.837850e-02 1.733776e-01 1.815611e-02 -4.444901e-01 3.365318e-02 1.061288e-01 1.245632e-02 -2.310568e-02 8.409319e-03 4.070971e-01 1.830447e-02
1.775858e-02 8.583819e-01 6.220731e-02 1.724855e-01 1.440352e-02 -4.949934e-01 4.189621e-02 1.065768e-01 8.566232e-03 -4.382472e-02 6.461233e-03 4.619924e-01 4.673961e-02
2.118567e-02 7.430627e-01 9.805301e-02 1.376809e-01 2.312062e-02 -4.610111e-01 6.849542e-02 1.022265e-01 1.278152e-02 -3.276429e-02 1.160266e-02 5.052873e-01 7.437880e-02
2.523588e-02 6.874142e-01 5.623738e-02 1.474131e-01 1.605832e-02 -4.004874e-01 4.412504e-02 1.284278e-01 2.359523e-03 -4.267945e-02 9.965224e-03 4.639197e-01 5.758449e-02
1.277372e-02 6.224450e-01 4.030816e-02 1.313315e-01 2.660385e-02 -3.475872e-01 2.263572e-02 9.691854e-02 1.073036e-02 -1.286027e-02 1.455541e-02 3.307129e-01 3.339641e-02
1.308527e-02 5.780496e-01 3.262559e-02 1.244877e-01 2.087882e-02 -3.182065e-01 2.444357e-02 8.243016e-02 1.025100e-02 -1.085203e-02 8.005528e-03 3.321924e-01 4.250295e-02
1.401993e-02 8.529973e-01 8.765945e-02 1.536338e-01 1.982828e-02 -5.016118e-01 5.088863e-02 9.204545e-02 9.475986e-03 -3.259621e-02 1.172875e-02 4.349138e-01 4.142188e-02
1.557770e-02 7.641525e-01 7.482748e-02 1.664044e-01 1.446601e-02 -4.297805e-01 6.972888e-02 1.046445e-01 4.305197e-03 -2.780824e-02 1.143733e-02 4.236078e-01 5.468500e-02
1.775858e-02 7.838639e-01 1.566016e-01 1.584999e-01 2.725773e-02 -4.402500e-01 1.091132e-01 9.452876e-02 1.552520e-02 -2.583795e-02 1.351326e-02 4.648069e-01 9.124555e-02
2.056257e-02 7.697414e-01 1.236837e-01 1.433703e-01 2.845928e-02 -4.445809e-01 7.915276e-02 9.996493e-02 1.309948e-02 -2.808108e-02 1.120426e-02 4.493988e-01 7.282280e-02
2.398966e-02 9.024318e-01 1.654157e-01 1.711203e-01 3.421448e-02 -5.280671e-01 1.053261e-01 1.162075e-01 5.930508e-03 -5.119450e-02 3.470145e-02 5.218744e-01 5.825093e-02
2.803986e-02 7.028191e-01 1.040268e-01 1.766986e-01 3.738584e-02 -3.464240e-01 7.102443e-02 1.479309e-01 2.170102e-02 -1.933915e-02 1.983773e-02 4.951079e-01 6.946384e-02
1.620081e-02 6.792618e-01 5.920088e-02 1.560721e-01 2.235163e-02 -3.712027e-01 4.060765e-02 9.486696e-02 1.374104e-02 -4.113773e-02 1.161202e-02 3.606613e-01 2.961336e-02
1.651236e-02 6.661874e-01 5.385523e-02 1.212643e-01 5.383545e-03 -3.873292e-01 2.847496e-02 9.939752e-02 2.523275e-03 3.128785e-03 1.304288e-02 4.249022e-01 2.426903e-02
1.744703e-02 8.356067e-01 1.225536e-01 1.643959e-01 2.250819e-02 -4.607122e-01 8.561983e-02 9.953641e-02 1.077898e-02 -3.962340e-02 2.260649e-02 4.108208e-01 4.545358e-02
1.900480e-02 8.213938e-01 1.166191e-01 1.761777e-01 2.740634e-02 -4.425350e-01 5.688320e-02 1.119127e-01 1.151697e-02 -5.397586e-02 1.525417e-02 4.048354e-01 3.652010e-02
2.118567e-02 8.126406e-01 1.111158e-01 1.687220e-01 1.479371e-02 -4.248159e-01 9.648035e-02 1.147701e-01 1.332592e-02 -3.198453e-02 4.724924e-03 4.356511e-01 7.897076e-02
2.398966e-02 7.236021e-01 4.861690e-02 1.595676e-01 1.639234e-02 -4.342232e-01 5.043619e-02 1.129855e-01 1.200260e-02 -5.454359e-02 1.088147e-02 4.987786e-01 4.624825e-02
2.741676e-02 8.516406e-01 1.268551e-01 1.780037e-01 3.865905e-02 -5.158299e-01 9.843851e-02 1.461568e-01 1.154873e-02 -5.435036e-02 2.172922e-02 5.700899e-01 8.520814e-02
3.146696e-02 7.087072e-01 7.459174e-02 1.475463e-01 3.115326e-02 -3.838307e-01 6.261141e-02 1.486000e-01 2.078714e-02 -4.197848e-02 2.722134e-02 5.309439e-01 7.030162e-02
2.025101e-02 7.214693e-01 5.164259e-02 1.345595e-01 1.683748e-02 -3.994207e-01 4.568627e-02 9.973764e-02 7.009428e-03 -2.050736e-02 1.922195e-02 4.289541e-01 6.993074e-02
2.056257e-02 5.887782e-01 2.260956e-02 1.290415e-01 1.687165e-02 -3.066500e-01 2.643836e-02 1.175437e-01 8.795342e-03 -2.842954e-03 1.368500e-02 3.739357e-01 3.830188e-02
2.149723e-02 6.592141e-01 7.078325e-02 1.249616e-01 3.329643e-02 -3.626756e-01 3.112052e-02 1.056872e-01 2.558399e-03 -2.770266e-02 2.602518e-02 3.738507e-01 2.974224e-02
2.305500e-02 9.476067e-01 8.581555e-02 1.788365e-01 1.470854e-02 -5.410650e-01 7.658178e-02 1.237180e-01 8.624017e-03 -5.660132e-02 1.361036e-02 5.032278e-01 6.412892e-02
2.523588e-02 9.007979e-01 6.277590e-02 2.048282e-01 4.088054e-02 -4.894197e-01 4.578578e-02 1.465091e-01 2.158050e-02 -6.907656e-02 1.933871e-02 4.792208e-01 5.282661e-02
2.803986e-02 7.294785e-01 9.909148e-02 1.415949e-01 2.160651e-02 -4.294226e-01 6.792704e-02 1.266232e-01 1.305051e-02 -3.131011e-02 1.071451e-02 5.336052e-01 6.342731e-02
3.146696e-02 9.183214e-01 1.147387e-01 1.999741e-01 2.608456e-02 -5.925461e-01 9.487427e-02 1.624732e-01 1.097273e-02 -8.356855e-02 2.098032e-02 6.877298e-01 9.183914e-02
3.551716e-02 8.266453e-01 6.043806e-02 2.041521e-01 2.759039e-02 -4.435981e-01 6.919441e-02 1.846912e-01 1.077927e-02 -6.106569e-02 2.513178e-02 6.308925e-01 7.812910e-02
7.788851e-03 7.087204e-01 1.677532e-01 1.497148e-01 3.642381e-02 -4.074195e-01 9.734155e-02 8.668088e-02 1.276411e-02 -1.293361e-02 1.574280e-02 3.828314e-01 6.505699e-02
8.100405e-03 8.313199e-01 1.590730e-01 1.641356e-01 3.253406e-02 -5.155120e-01 1.018316e-01 7.542275e-02 7.695030e-03 -5.294657e-02 2.135389e-02 4.279281e-01 5.964437e-02
9.035067e-03 6.077533e-01 1.066986e-01 1.155038e-01 2.578420e-02 -3.524280e-01 7.381367e-02 7.597181e-02 8.860606e-03 -9.862120e-03 1.070442e-02 3.177215e-01 5.703069e-02
1.059284e-02 7.909565e-01 1.062691e-01 1.730045e-01 3.711801e-02 -4.274306e-01 6.698141e-02 9.493971e-02 1.627985e-02 -3.676008e-02 1.071855e-02 3.625579e-01 5.469000e-02
1.277372e-02 7.177044e-01 1.233214e-01 1.392975e-01 2.074689e-02 -4.388914e-01 9.191406e-02 8.072272e-02 5.960542e-03 -3.595587e-02 1.450897e-02 3.987063e-01 6.790017e-02
1.557770e-02 7.835867e-01 9.720498e-02 1.392166e-01 2.172291e-02 -4.454266e-01 7.140439e-02 8.511873e-02 8.007257e-03 -1.778661e-02 1.136147e-02 4.402851e-01 4.555727e-02
1.900480e-02 6.911303e-01 1.141984e-01 1.455455e-01 2.980133e-02 -3.817464e-01 9.394242e-02 9.687909e-02 1.120363e-02 -2.334015e-02 2.151708e-02 4.037604e-01 7.666649e-02
2.305500e-02 7.158932e-01 1.023752e-01 1.635439e-01 3.491507e-02 -4.042586e-01 6.120872e-02 1.280820e-01 1.179735e-02 -2.139290e-02 1.257702e-02 4.450378e-01 5.731387e-02
8.100405e-03 6.697068e-01 1.164924e-01 1.238709e-01 1.475698e-02 -4.005770e-01 8.503553e-02 7.228491e-02 6.587486e-03 -2.022834e-02 1.602494e-02 3.491829e-01 5.710745e-02
8.411959e-03 5.279639e-01 5.000961e-02 1.130763e-01 1.483840e-02 -2.725035e-01 4.349599e-02 7.848138e-02 9.251181e-03 8.332951e-03 1.065140e-02 2.802118e-01 2.642583e-02
9.346621e-03 7.237845e-01 7.449750e-02 1.191980e-01 1.842723e-02 -4.525426e-01 5.313397e-02 7.792515e-02 4.327701e-03 -6.781530e-03 1.451010e-02 4.307380e-01 5.240954e-02
1.090439e-02 5.910857e-01 7.774526e-02 1.138556e-01 2.198095e-02 -3.320556e-01 4.362991e-02 7.032420e-02 5.710212e-03 -8.606444e-03 1.342978e-02 3.246851e-01 3.202099e-02
1.308527e-02 7.732425e-01 1.227993e-01 1.520399e-01 3.008952e-02 -4.355123e-01 7.083528e-02 9.479422e-02 7.355075e-03 -1.541711e-02 2.234164e-02 4.267089e-01 5.427146e-02
1.588926e-02 8.548860e-01 2.095840e-01 1.724235e-01 5.194378e-02 -4.912561e-01 1.254384e-01 1.032020e-01 1.313797e-02 -4.517278e-02 3.074550e-02 4.399455e-01 7.220436e-02
1.931635e-02 7.539694e-01 1.084924e-01 1.607581e-01 2.581808e-02 -4.121399e-01 8.013617e-02 1.047134e-01 8.992519e-03 -2.131710e-02 1.938020e-02 4.499254e-01 5.035003e-02
2.336655e-02 8.838044e-01 5.854056e-02 1.439897e-01 2.239742e-02 -4.872153e-01 4.434575e-02 1.032989e-01 8.520791e-03 -2.571137e-02 1.611916e-02 5.231822e-01 3.623281e-02
9.035067e-03 7.638323e-01 2.381092e-01 1.395373e-01 3.935799e-02 -4.870468e-01 1.714758e-01 8.465484e-02 9.893970e-03 -2.584917e-02 2.224131e-02 4.373339e-01 1.302464e-01
9.346621e-03 5.866439e-01 8.569618e-02 1.237516e-01 9.613899e-03 -3.308517e-01 6.603081e-02 8.153193e-02 2.051596e-03 -6.900740e-03 1.194850e-02 3.088564e-01 4.346969e-02
1.028128e-02 7.043423e-01 8.832211e-02 1.313036e-01 2.283054e-02 -4.642799e-01 6.471841e-02 8.395334e-02 1.298622e-02 -2.461745e-02 1.282769e-02 4.329516e-01 5.062930e-02
1.183905e-02 8.191316e-01 1.370594e-01 1.245876e-01 1.277570e-02 -5.449713e-01 1.173374e-01 7.750922e-02 6.510853e-03 -2.030314e-02 7.867055e-03 5.195726e-01 9.029808e-02
1.401993e-02 7.273893e-01 4.395712e-02 1.206848e-01 1.983266e-02 -4.425738e-01 4.829548e-02 8.053928e-02 9.459776e-03 -1.129732e-02 1.528809e-02 4.292867e-01 3.883682e-02
1.682392e-02 8.930290e-01 1.491587e-01 1.781151e-01 4.079224e-02 -5.022353e-01 9.368907e-02 9.598067e-02 1.207286e-02 -3.679748e-02 2.802542e-02 4.820514e-01 6.630169e-02
2.025101e-02 8.895090e-01 5.671952e-02 1.308612e-01 1.602364e-02 -5.769148e-01 2.852700e-02 9.421268e-02 9.964529e-03 -3.387270e-02 8.318057e-03 5.905799e-01 2.520583e-02
2.430122e-02 7.250996e-01 1.049673e-01 1.696025e-01 1.785255e-02 -3.788876e-01 8.873323e-02 1.145964e-01 1.244136e-02 -4.560158e-02 1.410823e-02 4.572095e-01 8.116821e-02
1.059284e-02 6.825303e-01 1.165784e-01 1.365396e-01 2.380806e-02 -4.070763e-01 7.420417e-02 9.015475e-02 8.017979e-03 -8.300125e-03 1.102464e-02 3.984062e-01 5.607688e-02
1.090439e-02 6.548048e-01 8.004211e-02 1.274019e-01 2.558508e-02 -3.722332e-01 2.970064e-02 7.852965e-02 5.596010e-03 -5.621197e-03 1.722533e-02 3.641112e-01 8.951564e-03
1.183905e-02 7.264168e-01 1.066490e-01 1.306361e-01 2.814762e-02 -4.397687e-01 9.751913e-02 8.258262e-02 9.821731e-03 -1.895370e-02 1.175133e-02 4.220788e-01 8.473691e-02
1.339682e-02 6.167939e-01 5.053757e-02 1.358481e-01 2.048258e-02 -3.545674e-01 5.311684e-02 8.636426e-02 9.967540e-03 -2.565962e-02 1.426790e-02 3.535939e-01 4.832222e-02
1.557770e-02 7.755912e-01 5.916161e-02 1.492887e-01 2.312691e-02 -4.409285e-01 3.662766e-02 9.848475e-02 6.331037e-03 -3.186063e-02 2.146963e-02 3.971135e-01 2.043431e-02
1.838169e-02 6.884997e-01 8.675039e-02 1.143720e-01 1.742247e-02 -4.386414e-01 5.165444e-02 7.589361e-02 6.651956e-03 -2.027112e-02 1.002862e-02 4.526460e-01 2.585192e-02
2.180878e-02 6.081535e-01 3.210547e-02 1.363096e-01 2.024094e-02 -3.099781e-01 2.475408e-02 1.281338e-01 1.912457e-02 -9.325574e-03 1.418949e-02 3.641874e-01 3.257843e-02
2.585899e-02 6.260531e-01 4.076400e-02 8.695270e-02 1.325368e-02 -3.502635e-01 4.488818e-02 1.055793e-01 5.286441e-03 -1.920259e-03 1.146864e-02 4.928072e-01 7.189846e-02
1.277372e-02 4.940830e-01 4.168769e-02 1.115161e-01 1.704775e-02 -2.648357e-01 3.845706e-02 9.427505e-02 6.869492e-03 1.465644e-02 8.633724e-03 2.932787e-01 4.317263e-02
1.308527e-02 6.569308e-01 5.156295e-02 1.331997e-01 1.606155e-02 -3.751249e-01 4.192575e-02 7.922804e-02 6.037382e-03 -2.742998e-02 9.420935e-03 3.393281e-01 4.389474e-02
1.401993e-02 7.410236e-01 6.991884e-02 1.571085e-01 1.052207e-02 -3.923832e-01 5.264446e-02 9.464822e-02 8.436922e-03 -2.564033e-02 6.310196e-03 3.567654e-01 3.932895e-02
1.557770e-02 6.941757e-01 4.597784e-02 1.213345e-01 2.838458e-02 -4.024007e-01 5.906992e-02 9.456045e-02 8.370195e-03 -9.914776e-04 1.588935e-02 4.038542e-01 6.249918e-02
1.775858e-02 7.970737e-01 1.448221e-01 1.993905e-01 4.511412e-02 -3.780955e-01 5.757915e-02 1.168682e-01 1.258138e-02 -3.344279e-02 2.036264e-02 3.777364e-01 3.191064e-02
2.056257e-02 8.157886e-01 1.191419e-01 1.850106e-01 4.424379e-02 -4.583716e-01 5.864973e-02 1.181088e-01 2.043124e-02 -5.518310e-02 1.739163e-02 4.692889e-01 4.465803e-02
2.398966e-02 7.120462e-01 5.729865e-02 1.623085e-01 3.263149e-02 -3.716190e-01 2.641930e-02 1.118356e-01 1.770736e-02 -4.412499e-02 1.565119e-02 4.181911e-01 3.474312e-02
2.803986e-02 7.949274e-01 4.894427e-02 1.624231e-01 1.596670e-02 -4.155148e-01 2.826015e-02 1.387828e-01 1.141165e-02 -3.956564e-02 1.151906e-02 5.281407e-01 3.158709e-02
1.557770e-02 7.461387e-01 9.447993e-02 1.608729e-01 4.231175e-02 -4.165228e-01 4.835513e-02 9.782974e-02 1.286655e-02 -3.294924e-02 2.304679e-02 4.003690e-01 3.214402e-02
1.588926e-02 7.057089e-01 7.298082e-02 1.325237e-01 1.027904e-02 -4.330381e-01 6.454709e-02 9.314686e-02 8.329190e-03 -2.224881e-02 1.584855e-02 4.348943e-01 4.982596e-02
1.682392e-02 5.905273e-01 1.275920e-01 1.200368e-01 2.278185e-02 -3.774011e-01 1.015938e-01 8.260874e-02 6.974939e-03 -3.404709e-02 1.694461e-02 3.988422e-01 9.087779e-02
1.838169e-02 7.188120e-01 1.126321e-01 1.650596e-01 2.395352e-02 -3.473210e-01 5.332824e-02 1.100585e-01 5.119515e-03 -1.621368e-02 1.532493e-02 3.496834e-01 2.885140e-02
2.056257e-02 7.056431e-01 5.796007e-02 1.492859e-01 1.184866e-02 -4.023596e-01 4.438597e-02 1.227546e-01 4.953320e-03 -1.129984e-02 8.407060e-03 4.694569e-01 4.625039e-02
2.336655e-02 7.398552e-01 4.475801e-02 1.616791e-01 2.539871e-02 -3.589337e-01 2.264885e-02 1.230504e-01 7.800464e-03 -3.515950e-02 1.387396e-02 3.911570e-01 2.385075e-02
2.679365e-02 7.756183e-01 8.892497e-02 1.793801e-01 4.172593e-02 -4.433134e-01 8.315619e-02 1.553936e-01 1.539745e-02 -5.817576e-02 2.831039e-02 4.958606e-01 5.902016e-02
3.084385e-02 8.432968e-01 1.430668e-01 1.878936e-01 9.269254e-03 -4.553635e-01 9.464882e-02 1.755729e-01 1.255814e-02 -5.358625e-02 1.481460e-02 5.732288e-01 7.523083e-02
1.900480e-02 6.331838e-01 4.877774e-02 1.228550e-01 8.651266e-03 -3.356083e-01 3.267134e-02 1.060572e-01 1.220907e-02 -8.101573e-03 6.747601e-03 3.463186e-01 2.593169e-02
1.931635e-02 7.322136e-01 7.658541e-02 1.442819e-01 2.509000e-02 -4.147938e-01 2.658539e-02 9.884852e-02 5.362039e-03 -2.850326e-02 1.557629e-02 4.149946e-01 2.567194e-02
2.025101e-02 7.837220e-01 9.382459e-02 1.797749e-01 1.827149e-02 -4.407350e-01 8.663176e-02 1.097729e-01 8.487341e-03 -3.592360e-02 1.380418e-02 4.687516e-01 6.868952e-02
2.180878e-02 7.797098e-01 8.155736e-02 1.468237e-01 2.714776e-02 -4.018436e-01 6.134652e-02 1.156572e-01 1.426139e-02 -1.842788e-02 1.762268e-02 4.269056e-01 5.024841e-02
2.398966e-02 7.984388e-01 7.025733e-02 1.622641e-01 3.270673e-02 -3.682687e-01 3.235585e-02 1.187932e-01 1.752438e-02 -2.871405e-02 1.285673e-02 4.170236e-01 2.813466e-02
2.679365e-02 7.494194e-01 6.245923e-02 1.603719e-01 1.110259e-02 -4.251130e-01 3.953493e-02 1.359157e-01 3.307637e-03 -3.461830e-02 1.825101e-02 5.618041e-01 6.465577e-02
3.022074e-02 8.008329e-01 8.025913e-02 1.971471e-01 2.078448e-02 -4.044626e-01 6.448657e-02 1.640296e-01 1.821940e-02 -4.545048e-02 7.384109e-03 5.377882e-01 7.748362e-02
3.427094e-02 7.940008e-01 6.813169e-02 1.832745e-01 1.668124e-02 -4.247732e-01 1.936605e-02 1.857041e-01 2.036022e-02 -6.353771e-02 1.634162e-02 6.146213e-01 3.670297e-02
2.305500e-02 6.921463e-01 1.149336e-01 1.443364e-01 2.244402e-02 -3.752510e-01 6.788218e-02 1.074883e-01 1.813660e-03 -2.135262e-02 1.639416e-02 4.257877e-01 2.623839e-02
2.336655e-02 7.225420e-01 7.679362e-02 1.163159e-01 2.181458e-02 -4.192507e-01 4.983513e-02 1.059478e-01 1.250933e-02 -1.850207e-02 8.130438e-03 4.624021e-01 4.742437e-02
2.430122e-02 7.905989e-01 4.281243e-02 1.756034e-01 1.290351e-02 -4.029119e-01 6.603495e-02 1.367858e-01 9.703941e-03 -3.126399e-02 1.409401e-02 4.937303e-01 7.629996e-02
2.585899e-02 7.300236e-01 9.540903e-02 1.517751e-01 2.928302e-02 -3.766382e-01 5.403052e-02 1.159984e-01 1.682898e-02 -2.779791e-02 1.739304e-02 4.669746e-01 4.377933e-02
2.803986e-02 6.674078e-01 7.981181e-02 1.699220e-01 2.507180e-02 -3.551978e-01 6.524835e-02 1.462451e-01 7.874480e-03 -3.080431e-02 1.346466e-02 4.808320e-01 6.004670e-02
3.084385e-02 8.777225e-01 7.772138e-02 1.937932e-01 1.432980e-02 -4.483345e-01 8.306289e-02 1.625216e-01 5.905565e-03 -6.337684e-02 1.138559e-02 5.684003e-01 5.365495e-02
3.427094e-02 8.012689e-01 7.399766e-02 1.714668e-01 2.012823e-02 -4.432452e-01 5.406861e-02 1.724416e-01 1.806484e-02 -3.662041e-02 6.940149e-03 6.041164e-01 3.432952e-02
3.832115e-02 7.344623e-01 3.588820e-02 1.411750e-01 1.479243e-02 -3.442876e-01 2.374355e-02 2.145909e-01 1.962660e-02 -5.181584e-02 2.084445e-02 6.095826e-01 2.932500e-02
1.121595e-02 5.450115e-01 2.224574e-02 1.318992e-01 1.699384e-02 -2.775038e-01 1.988034e-02 9.169215e-02 7.944503e-03 -1.463798e-02 7.503049e-03 2.576897e-01 2.991068e-02
1.152750e-02 6.692471e-01 8.472920e-02 1.146459e-01 1.693229e-02 -4.311912e-01 6.683578e-02 7.085494e-02 4.109615e-03 -2.537465e-02 1.219263e-02 4.041157e-01 6.474139e-02
1.246216e-02 5.892882e-01 1.345027e-01 1.200216e-01 2.617008e-02 -3.431870e-01 8.482384e-02 8.090811e-02 6.249695e-03 -1.770535e-02 2.066785e-02 3.279123e-01 4.933606e-02
1.401993e-02 5.783167e-01 7.215405e-02 1.165533e-01 1.878723e-02 -3.268379e-01 5.506386e-02 9.169166e-02 3.638013e-03 -2.776147e-04 1.394453e-02 3.321415e-01 5.230418e-02
1.620081e-02 7.549326e-01 1.101841e-01 1.582741e-01 3.084986e-02 -3.758556e-01 6.016211e-02 9.312981e-02 8.073510e-03 -1.843562e-02 1.546057e-02 3.896824e-01 5.832337e-02
1.900480e-02 6.869599e-01 9.469893e-02 1.521274e-01 2.386833e-02 -3.861335e-01 7.909817e-02 1.049526e-01 1.113462e-02 -2.984951e-02 1.741109e-02 4.099199e-01 4.772596e-02
2.243189e-02 6.976457e-01 1.041770e-01 1.433624e-01 2.965460e-02 -3.822516e-01 7.759933e-02 1.279185e-01 9.207886e-03 -1.559947e-02 1.521500e-02 4.650656e-01 5.846294e-02
2.648209e-02 8.026405e-01 4.552298e-02 1.908397e-01 1.208600e-02 -3.945282e-01 5.909501e-02 1.367797e-01 4.349753e-03 -3.412006e-02 2.092364e-02 4.580407e-01 5.150822e-02
1.152750e-02 8.571087e-01 6.552414e-02 1.533358e-01 1.214422e-02 -5.191516e-01 5.189427e-02 7.525880e-02 3.780774e-03 -4.734953e-02 1.207286e-02 4.339120e-01 4.825125e-02
1.183905e-02 5.981948e-01 1.163400e-01 1.173798e-01 1.838673e-02 -3.422772e-01 9.294216e-02 8.278078e-02 5.749655e-03 3.667625e-04 8.543245e-03 3.506288e-01 8.537677e-02
1.277372e-02 8.543113e-01 6.047509e-02 1.692081e-01 2.325223e-02 -5.220076e-01 6.003831e-02 9.093804e-02 9.898065e-03 -4.643979e-02 1.636122e-02 4.777956e-01 6.403858e-02
1.433149e-02 8.472928e-01 1.671289e-01 1.507031e-01 3.706877e-02 -5.150816e-01 1.190794e-01 8.979464e-02 8.979128e-03 -3.355316e-02 2.511354e-02 4.812999e-01 8.653332e-02
1.651236e-02 6.805629e-01 1.109977e-01 1.684873e-01 2.922628e-02 -3.643108e-01 4.849763e-02 1.030573e-01 6.279010e-03 -4.381422e-02 1.911419e-02 3.595449e-01 2.358698e-02
1.931635e-02 6.814614e-01 8.013692e-02 1.365121e-01 2.376327e-02 -3.809659e-01 3.901637e-02 9.440329e-02 8.570995e-03 -2.921650e-02 1.011240e-02 4.189168e-01 3.121437e-02
2.274344e-02 7.265021e-01 3.789594e-02 1.381961e-01 2.034462e-02 -4.893694e-01 1.515315e-02 1.124652e-01 6.435491e-03 -3.930709e-02 1.440299e-02 5.883900e-01 1.255189e-02
2.679365e-02 6.969386e-01 7.052660e-02 1.487882e-01 1.941957e-02 -3.855177e-01 5.281675e-02 1.517414e-01 1.378648e-02 -1.455569e-02 1.138301e-02 4.740058e-01 3.428267e-02
1.246216e-02 7.709357e-01 1.560564e-01 1.310737e-01 2.073311e-02 -4.468489e-01 1.165855e-01 7.231148e-02 8.780457e-03 -2.146789e-02 2.178421e-02 4.157371e-01 7.786424e-02
1.277372e-02 7.411460e-01 1.188702e-01 1.611562e-01 2.440367e-02 -4.188631e-01 8.534900e-02 9.016884e-02 7.426476e-03 -3.820794e-02 1.225707e-02 3.871184e-01 6.193310e-02
1.370838e-02 9.028906e-01 2.023893e-01 1.902911e-01 3.757117e-02 -5.275069e-01 1.495252e-01 9.252241e-02 8.611550e-03 -6.740118e-02 2.707745e-02 4.567277e-01 1.077275e-01
1.526615e-02 6.738243e-01 1.230574e-01 1.422134e-01 1.741333e-02 -3.864261e-01 1.011957e-01 1.039038e-01 1.247393e-02 -1.561522e-02 9.988970e-03 4.012800e-01 1.006922e-01
1.744703e-02 6.251062e-01 7.711141e-02 1.127137e-01 5.640803e-03 -3.368682e-01 5.007151e-02 8.804163e-02 5.336467e-03 -6.080576e-03 9.560821e-03 3.646868e-01 3.102516e-02
2.025101e-02 8.510442e-01 2.120998e-01 1.705787e-01 4.882414e-02 -4.573657e-01 1.157765e-01 9.771230e-02 1.441917e-02 -3.943985e-02 2.676098e-02 4.434750e-01 5.162377e-02
2.367811e-02 6.857973e-01 1.036106e-01 1.463596e-01 3.159824e-02 -3.541462e-01 7.146287e-02 1.173367e-01 1.397696e-02 -4.232894e-02 2.073281e-02 4.008416e-01 4.178128e-02
2.772831e-02 7.810274e-01 6.916896e-02 1.580485e-01 3.531062e-02 -4.073137e-01 5.502506e-02 1.461944e-01 1.578852e-02 -2.369031e-02 1.100989e-02 4.845719e-01 5.510187e-02
1.401993e-02 6.866526e-01 2.311411e-02 1.360672e-01 1.853388e-02 -4.405447e-01 3.117330e-02 9.601123e-02 7.043753e-03 -1.825805e-02 1.373315e-02 4.473280e-01 5.154012e-02
1.433149e-02 7.468427e-01 1.446553e-01 1.305667e-01 2.305491e-02 -4.512818e-01 1.116570e-01 8.029562e-02 6.147522e-03 -2.578287e-02 1.972554e-02 4.254667e-01 8.026985e-02
1.526615e-02 7.514154e-01 1.181813e-01 1.563861e-01 1.721969e-02 -4.157757e-01 8.135241e-02 1.017936e-01 8.879763e-03 -1.633377e-02 1.312602e-02 4.097033e-01 6.388276e-02
1.682392e-02 7.185170e-01 8.893197e-02 1.422055e-01 1.538232e-02 -4.439610e-01 6.487602e-02 1.019997e-01 6.713062e-03 -3.468251e-02 1.539308e-02 4.414893e-01 5.289536e-02
1.900480e-02 7.355439e-01 6.684449e-02 1.703781e-01 1.497989e-02 -3.724942e-01 6.538983e-02 1.101921e-01 7.157378e-03 -2.451541e-02 1.231112e-02 3.845062e-01 6.892915e-02
2.180878e-02 8.303564e-01 6.638450e-02 1.713628e-01 4.318784e-02 -5.056955e-01 2.067236e-02 1.165565e-01 1.890844e-02 -4.376929e-02 1.917678e-02 5.561831e-01 1.100026e-02
2.523588e-02 7.524018e-01 8.932750e-02 1.455574e-01 2.123068e-02 -4.408583e-01 4.547482e-02 1.053705e-01 7.667624e-03 -2.855360e-02 1.399118e-02 5.500002e-01 3.240718e-02
2.928608e-02 7.600984e-01 1.168217e-01 1.402731e-01 2.891817e-02 -4.223521e-01 9.920059e-02 1.420867e-01 1.270593e-02 -1.090475e-02 2.471050e-02 5.463853e-01 9.162584e-02
1.620081e-02 6.566528e-01 9.071865e-02 1.504838e-01 1.682344e-02 -3.475253e-01 5.020545e-02 9.517139e-02 1.015583e-02 -2.125797e-02 6.452513e-03 3.601719e-01 3.355021e-02
1.651236e-02 7.936097e-01 5.703469e-02 1.372147e-01 1.657741e-02 -4.432083e-01 5.909345e-02 8.768075e-02 8.067330e-03 -2.408976e-02 1.825135e-02 4.211613e-01 6.292019e-02
1.744703e-02 6.418750e-01 7.506443e-02 1.333582e-01 2.398364e-02 -3.503546e-01 4.414711e-02 9.950369e-02 9.406137e-03 -1.329840e-02 1.516289e-02 3.575710e-01 2.046190e-02
1.900480e-02 7.680569e-01 1.184644e-01 1.680829e-01 4.313675e-02 -4.364089e-01 8.482654e-02 1.150745e-01 1.649348e-02 -4.579502e-02 2.738689e-02 4.076714e-01 6.515224e-02
2.118567e-02 8.171238e-01 9.358309e-02 1.458556e-01 3.287545e-02 -4.748056e-01 7.784955e-02 1.064266e-01 1.576504e-02 -2.128407e-02 1.725736e-02 5.085873e-01 7.029397e-02
2.398966e-02 8.707033e-01 1.019264e-01 1.995269e-01 4.117592e-02 -5.269474e-01 8.985806e-02 1.362648e-01 1.402061e-02 -5.863237e-02 3.254259e-02 5.784831e-01 1.014951e-01
2.741676e-02 8.469878e-01 7.166092e-02 2.023586e-01 1.321730e-02 -3.979329e-01 4.372477e-02 1.372185e-01 1.398397e-02 -6.593195e-02 1.641010e-02 4.252006e-01 3.597688e-02
3.146696e-02 7.075445e-01 8.528082e-02 1.688036e-01 1.312019e-02 -3.450428e-01 5.700360e-02 1.568237e-01 1.489459e-02 -3.428246e-02 2.218804e-02 5.035870e-01 6.391626e-02
1.900480e-02 8.654587e-01 1.226508e-01 1.700644e-01 2.433826e-02 -5.080125e-01 9.873114e-02 1.091876e-01 1.620999e-02 -3.346407e-02 1.281109e-02 5.006653e-01 8.500948e-02
1.931635e-02 6.297387e-01 9.513499e-02 1.305924e-01 6.366307e-03 -3.431007e-01 9.236151e-02 9.361632e-02 6.353769e-03 -1.599453e-02 1.747485e-02 3.766156e-01 7.058510e-02
2.025101e-02 6.496522e-01 3.023528e-02 1.630366e-01 1.660068e-02 -3.316285e-01 1.896762e-02 1.213833e-01 1.083538e-02 -2.827955e-02 1.593223e-02 3.481158e-01 2.655600e-02
2.180878e-02 6.542211e-01 9.268209e-02 1.562310e-01 2.151065e-02 -3.320802e-01 5.682401e-02 1.208893e-01 5.678832e-03 -1.796988e-02 2.063108e-02 3.937962e-01 3.161617e-02
2.398966e-02 7.202915e-01 1.067663e-01 1.524460e-01 1.694958e-02 -3.765282e-01 8.627119e-02 1.355176e-01 8.081394e-03 -2.414264e-02 2.100564e-02 4.140784e-01 5.292052e-02
2.679365e-02 7.195409e-01 7.901064e-02 1.680820e-01 2.509195e-02 -3.810966e-01 4.718525e-02 1.283184e-01 1.447355e-02 -4.876185e-02 1.393968e-02 4.521273e-01 5.060473e-02
3.022074e-02 7.614019e-01 8.070658e-02 1.564294e-01 1.508533e-02 -4.100953e-01 4.569933e-02 1.423013e-01 1.179453e-02 -3.918858e-02 9.252507e-03 5.072841e-01 4.254262e-02
3.427094e-02 9.425114e-01 8.938158e-02 2.320111e-01 2.504113e-02 -4.846907e-01 6.770184e-02 1.642549e-01 1.825296e-02 -9.603266e-02 1.433998e-02 6.510670e-01 5.707462e-02
2.243189e-02 8.178737e-01 1.267813e-01 1.692507e-01 2.963293e-02 -4.305290e-01 8.118243e-02 1.219393e-01 1.182485e-02 -2.205446e-02 2.169146e-02 4.488113e-01 4.505103e-02
2.274344e-02 9.054147e-01 1.001987e-01 1.952677e-01 3.381141e-02 -4.920251e-01 6.719204e-02 1.311354e-01 1.231942e-02 -4.779405e-02 3.342660e-02 4.569138e-01 3.867278e-02
2.367811e-02 7.349761e-01 6.030771e-02 1.374724e-01 3.098293e-02 -4.258157e-01 6.396375e-02 1.048040e-01 1.172543e-02 -1.389947e-02 1.444836e-02 4.981395e-01 7.416738e-02
2.523588e-02 7.893383e-01 9.908112e-02 1.538795e-01 1.706882e-02 -4.046605e-01 5.583982e-02 1.262164e-01 9.868948e-03 -3.508737e-02 1.839576e-02 4.422207e-01 3.160838e-02
2.741676e-02 7.371038e-01 2.112129e-01 1.538372e-01 3.532618e-02 -3.748265e-01 1.462389e-01 1.529013e-01 7.981425e-03 -4.689760e-03 3.666468e-02 5.401257e-01 7.066115e-02
3.022074e-02 7.961770e-01 9.160134e-02 1.573653e-01 3.784178e-02 -3.772494e-01 5.045661e-02 1.608968e-01 8.396865e-03 -1.030526e-02 2.471151e-02 4.758075e-01 3.909748e-02
3.364784e-02 6.919468e-01 8.082341e-02 1.192529e-01 1.687196e-02 -4.008874e-01 4.135226e-02 1.694771e-01 1.071845e-02 -3.905989e-02 2.381361e-02 5.694669e-01 6.013641e-02
3.769804e-02 7.916003e-01 9.556874e-02 2.006823e-01 3.584863e-02 -4.168539e-01 3.886185e-02 2.454178e-01 1.620535e-02 -7.686922e-02 3.267840e-02 6.506854e-01 3.974970e-02
2.648209e-02 7.343102e-01 4.045253e-02 1.572303e-01 2.685855e-02 -3.963436e-01 5.977754e-02 1.258606e-01 1.542967e-02 -3.719926e-02 1.670999e-02 4.512793e-01 3.572092e-02
2.679365e-02 7.284875e-01 3.369073e-02 1.425410e-01 9.821433e-03 -3.846390e-01 3.363163e-02 1.291549e-01 9.865779e-03 -4.407579e-02 1.618702e-02 4.488148e-01 2.826367e-02
2.772831e-02 9.148565e-01 1.009637e-01 1.715485e-01 3.669972e-02 -5.239841e-01 6.057414e-02 1.332707e-01 1.569299e-02 -5.027386e-02 9.077673e-03 6.086982e-01 9.085019e-02
2.928608e-02 7.068076e-01 9.512833e-02 1.371101e-01 1.856285e-02 -3.504431e-01 4.288756e-02 1.245623e-01 6.258372e-03 -4.395110e-02 6.707645e-03 4.225700e-01 2.497535e-02
3.146696e-02 6.522770e-01 9.958422e-02 1.274737e-01 2.335605e-02 -3.848416e-01 7.197121e-02 1.495018e-01 6.453152e-03 -4.173916e-02 2.415874e-02 5.709447e-01 4.231907e-02
3.427094e-02 7.700563e-01 9.815634e-02 1.520632e-01 2.694171e-02 -4.159744e-01 7.065439e-02 1.634008e-01 1.481213e-02 -3.480930e-02 1.885704e-02 6.908666e-01 1.109550e-01
3.769804e-02 7.193650e-01 7.560320e-02 2.056528e-01 2.115156e-02 -3.374409e-01 1.400273e-02 2.498850e-01 2.050465e-02 -4.299460e-02 1.546223e-02 6.366020e-01 6.061487e-02
4.174824e-02 8.039591e-01 1.025340e-01 1.417555e-01 3.444093e-02 -4.382441e-01 9.387557e-02 2.227991e-01 9.263442e-03 -1.035488e-01 3.006855e-02 7.110690e-01 1.015465e-01
1.526615e-02 6.277491e-01 8.570348e-02 1.307962e-01 2.343786e-02 -3.573138e-01 6.590916e-02 1.064705e-01 1.479102e-02 -3.116981e-03 1.672430e-02 3.821287e-01 5.941091e-02
1.557770e-02 6.185008e-01 6.762285e-02 1.393294e-01 2.117906e-02 -3.057420e-01 4.296963e-02 8.518949e-02 1.166047e-02 -2.592722e-02 1.002716e-02 2.948738e-01 2.981797e-02
1.651236e-02 6.310080e-01 7.013969e-02 1.445889e-01 1.896917e-02 -3.292597e-01 4.296032e-02 1.059848e-01 9.092432e-03 -2.584448e-03 1.263879e-02 3.839061e-01 2.718522e-02
1.807013e-02 6.594561e-01 6.207944e-02 9.286641e-02 1.641328e-02 -3.981248e-01 5.069516e-02 7.616484e-02 4.464512e-03 -1.114008e-02 1.010800e-02 4.274092e-01 5.130865e-02
2.025101e-02 8.304394e-01 1.037354e-01 2.144250e-01 4.023969e-02 -4.562757e-01 6.550991e-02 1.304285e-01 1.434867e-02 -6.745145e-02 2.303113e-02 4.311189e-01 5.109642e-02
2.305500e-02 6.773189e-01 8.800053e-02 1.434084e-01 1.577302e-02 -3.579896e-01 6.252465e-02 1.161270e-01 1.136771e-02 -1.757365e-02 8.890695e-03 4.145778e-01 5.469255e-02
2.648209e-02 7.171301e-01 6.168757e-02 1.521394e-01 2.037190e-02 -4.095787e-01 3.047571e-02 1.352183e-01 1.258709e-02 -2.595390e-02 1.339606e-02 4.992020e-01 2.078755e-02
3.053230e-02 7.083174e-01 1.686219e-01 1.735552e-01 5.443384e-02 -3.654192e-01 1.020920e-01 1.723547e-01 2.834825e-02 -6.152844e-02 4.359383e-02 4.884767e-01 8.101629e-02
1.557770e-02 6.600033e-01 4.393193e-02 1.274407e-01 1.425789e-02 -3.850356e-01 4.458085e-02 9.599360e-02 5.548687e-03 -1.319786e-02 1.495122e-02 3.881656e-01 4.791620e-02
1.588926e-02 4.644655e-01 2.023684e-02 8.614344e-02 1.215327e-02 -2.693783e-01 3.173499e-02 8.683736e-02 7.187261e-03 -9.335538e-04 9.502122e-03 3.065895e-01 4.380424e-02
1.682392e-02 6.685469e-01 9.370073e-02 1.373471e-01 2.091934e-02 -3.678028e-01 6.583168e-02 9.413982e-02 4.973238e-03 -1.455108e-02 1.916017e-02 3.800055e-01 2.942732e-02
1.838169e-02 6.633636e-01 3.221383e-02 1.588832e-01 6.748692e-03 -3.551335e-01 2.530748e-02 1.073634e-01 8.707112e-03 -3.768414e-02 1.065913e-02 3.610026e-01 2.642852e-02
2.056257e-02 8.465528e-01 1.444208e-01 1.881182e-01 3.918170e-02 -4.483582e-01 8.621291e-02 1.242958e-01 1.431206e-02 -3.439617e-02 2.126584e-02 4.585578e-01 6.240687e-02
2.336655e-02 7.378256e-01 1.293036e-01 1.588559e-01 2.279448e-02 -3.853422e-01 9.032278e-02 1.184828e-01 1.120334e-02 -2.830487e-02 2.127120e-02 4.279814e-01 6.056007e-02
2.679365e-02 6.405163e-01 2.559615e-02 1.332903e-01 1.257788e-02 -4.054015e-01 4.153605e-02 1.441154e-01 1.256385e-02 -3.171182e-02 1.773888e-02 5.515273e-01 6.772687e-02
3.084385e-02 6.348212e-01 8.126645e-02 1.586380e-01 3.256286e-02 -2.617945e-01 5.119940e-02 1.532322e-01 1.620910e-02 -3.719618e-02 1.301588e-02 4.279134e-01 4.128434e-02
1.651236e-02 9.001717e-01 7.498219e-02 2.066050e-01 2.573599e-02 -4.912330e-01 4.530299e-02 1.202957e-01 9.719814e-03 -6.280994e-02 1.602262e-02 4.239231e-01 3.076329e-02
1.682392e-02 5.784316e-01 5.037657e-02 1.292000e-01 1.873447e-02 -2.994300e-01 3.194263e-02 8.489341e-02 1.059358e-02 -1.911973e-02 8.714808e-03 3.167944e-01 2.109153e-02
1.775858e-02 7.168611e-01 1.222730e-01 1.332696e-01 2.171419e-02 -4.156121e-01 8.624168e-02 9.129249e-02 8.876998e-03 -1.663639e-02 1.203090e-02 4.120777e-01 6.950683e-02
1.931635e-02 7.349496e-01 6.973115e-02 1.521221e-01 1.899276e-02 -4.223751e-01 4.003459e-02 1.075361e-01 1.124705e-02 -3.589455e-02 1.886738e-02 4.351476e-01 3.034917e-02
2.149723e-02 7.414371e-01 8.340376e-02 1.479773e-01 1.503870e-02 -4.066923e-01 6.566940e-02 1.004179e-01 4.840012e-03 -2.868604e-02 1.208159e-02 4.290861e-01 5.221157e-02
2.430122e-02 6.542151e-01 6.426558e-02 1.141066e-01 1.502776e-02 -3.845977e-01 2.850469e-02 1.136692e-01 1.223403e-02 -1.279660e-02 6.213459e-03 4.571540e-01 1.867156e-02
2.772831e-02 7.497516e-01 9.723124e-02 1.563474e-01 2.265670e-02 -4.470683e-01 8.280431e-02 1.315248e-01 7.054123e-03 -6.038608e-02 2.608738e-02 5.621434e-01 6.118132e-02
3.177851e-02 5.519206e-01 4.481525e-02 7.440500e-02 1.820532e-02 -2.604383e-01 3.223312e-02 1.447247e-01 1.128814e-02 1.875110e-02 1.179632e-02 5.153389e-01 4.315619e-02
1.807013e-02 6.894585e-01 8.660970e-02 1.337520e-01 2.922615e-02 -3.824301e-01 4.456459e-02 8.867436e-02 8.800417e-03 -2.236285e-02 1.408263e-02 3.924405e-01 4.184991e-02
1.838169e-02 8.201870e-01 7.080094e-02 1.636925e-01 2.326255e-02 -4.749763e-01 7.443038e-02 1.086733e-01 1.309491e-02 -2.729269e-02 1.664356e-02 4.696073e-01 7.292931e-02
1.931635e-02 5.943793e-01 9.434388e-02 1.218261e-01 1.714405e-02 -3.343902e-01 6.643556e-02 1.036366e-01 1.127080e-02 -1.288847e-02 1.591405e-02 3.805675e-01 3.884693e-02
2.087412e-02 5.966021e-01 1.425270e-01 1.366037e-01 4.608193e-02 -2.712071e-01 7.069127e-02 9.424807e-02 1.113094e-02 -2.302557e-02 2.440816e-02 3.085808e-01 4.751520e-02
2.305500e-02 7.483575e-01 7.415135e-02 1.527738e-01 1.335770e-02 -4.016025e-01 6.846780e-02 1.063210e-01 8.434029e-03 -4.550306e-02 9.432362e-03 4.219740e-01 6.230450e-02
2.585899e-02 7.540143e-01 7.827782e-02 1.827701e-01 2.140123e-02 -4.137754e-01 7.915123e-02 1.223775e-01 1.036740e-02 -7.258147e-02 1.059071e-02 4.468854e-01 6.621695e-02
2.928608e-02 7.602348e-01 5.569707e-02 1.580203e-01 2.200682e-02 -3.907736e-01 4.760938e-02 1.505487e-01 1.072556e-02 -2.165649e-02 1.551435e-02 5.254103e-01 5.305129e-02
3.333628e-02 6.374790e-01 4.938357e-02 1.330086e-01 1.474992e-02 -3.904890e-01 5.932377e-02 1.633369e-01 7.499829e-03 -7.490525e-02 9.681492e-03 5.524841e-01 6.156457e-02
2.025101e-02 6.023608e-01 8.290358e-02 1.378669e-01 2.583094e-02 -3.239193e-01 5.867600e-02 1.135413e-01 2.597235e-03 -2.037326e-02 1.355717e-02 3.580179e-01 5.457444e-02
2.056257e-02 6.967216e-01 1.020832e-01 1.432252e-01 3.223807e-02 -3.514683e-01 4.440318e-02 1.088844e-01 1.035264e-02 -1.831879e-02 1.251979e-02 3.819005e-01 2.265651e-02
2.149723e-02 6.895605e-01 3.874546e-02 1.078774e-01 6.260151e-03 -4.245397e-01 4.364190e-02 8.675200e-02 6.525142e-03 -4.373821e-03 6.329795e-03 5.113652e-01 3.860789e-02
2.305500e-02 6.976590e-01 6.759230e-02 1.665416e-01 1.170301e-02 -3.430792e-01 5.866871e-02 1.245423e-01 1.004015e-02 -1.936079e-02 1.389442e-02 4.025782e-01 5.207215e-02
2.523588e-02 6.664557e-01 8.645606e-02 1.432630e-01 1.584256e-02 -3.596527e-01 8.750835e-02 1.267113e-01 9.871578e-03 -1.722155e-02 1.533471e-02 4.753837e-01 5.430653e-02
2.803986e-02 7.012000e-01 7.463501e-02 1.587198e-01 1.658810e-02 -3.448387e-01 5.238718e-02 1.440330e-01 1.348934e-02 -2.161829e-02 1.900023e-02 4.688869e-01 4.965960e-02
3.146696e-02 6.006840e-01 5.670545e-02 1.494343e-01 1.310421e-02 -2.962384e-01 3.261695e-02 1.359035e-01 6.773991e-03 -5.796727e-02 8.434153e-03 4.741141e-01 5.410888e-02
3.551716e-02 6.642133e-01 4.047858e-02 1.428496e-01 2.285268e-02 -3.341349e-01 4.355098e-02 1.803203e-01 8.173481e-03 -5.033168e-02 1.167033e-02 5.157614e-01 4.849046e-02
2.305500e-02 7.138134e-01 1.007451e-01 1.188453e-01 1.779193e-02 -4.006236e-01 5.597136e-02 1.066112e-01 6.797273e-03 -1.469925e-02 2.245933e-02 4.563880e-01 4.258745e-02
2.336655e-02 6.522767e-01 8.301860e-02 1.753029e-01 3.488465e-02 -3.190231e-01 3.652173e-02 1.382148e-01 1.821411e-02 -2.536064e-02 1.693263e-02 3.810508e-01 3.108471e-02
2.430122e-02 7.012425e-01 5.264628e-02 1.070200e-01 1.353280e-02 -4.496634e-01 6.099846e-02 9.878818e-02 8.855811e-03 -7.133924e-03 8.897123e-03 5.588355e-01 5.604592e-02
2.585899e-02 7.788923e-01 1.094488e-01 1.478767e-01 3.682017e-02 -4.975188e-01 7.309458e-02 1.098854e-01 1.679156e-02 -5.225454e-02 9.714964e-03 5.770851e-01 4.297948e-02
2.803986e-02 1.032940e+00 1.018471e-01 2.174462e-01 3.946043e-02 -5.843427e-01 5.189614e-02 1.625311e-01 1.145882e-02 -6.892842e-02 2.549934e-02 6.108879e-01 7.566780e-02
3.084385e-02 7.005188e-01 4.041280e-02 1.532647e-01 3.847841e-02 -4.172618e-01 3.805746e-02 1.513828e-01 1.612928e-02 -5.805086e-02 1.938513e-02 5.461827e-01 5.958663e-02
3.427094e-02 7.090687e-01 3.847634e-02 1.915011e-01 1.696294e-02 -2.590408e-01 5.447139e-02 2.048686e-01 1.729214e-02 -2.297389e-02 1.577031e-02 5.000697e-01 5.804628e-02
3.832115e-02 6.641390e-01 6.431323e-02 1.330082e-01 1.750286e-02 -3.804080e-01 5.602125e-02 1.818970e-01 9.846293e-03 -4.490416e-02 2.769750e-02 6.157960e-01 7.756487e-02
2.648209e-02 8.181824e-01 6.926050e-02 1.764095e-01 2.742236e-02 -4.496971e-01 4.949758e-02 1.392782e-01 2.328962e-02 -4.122430e-02 1.205250e-02 4.872837e-01 4.130024e-02
2.679365e-02 6.621305e-01 7.426372e-02 1.376194e-01 2.323857e-02 -3.405138e-01 5.237058e-02 1.372050e-01 7.042066e-03 -2.038424e-02 1.352167e-02 4.575062e-01 7.920997e-02
2.772831e-02 7.032192e-01 1.296285e-01 1.643559e-01 3.702096e-02 -3.953639e-01 6.983004e-02 1.318534e-01 1.436286e-02 -6.219042e-02 1.713666e-02 4.819190e-01 5.231413e-02
2.928608e-02 5.976898e-01 6.079702e-02 1.316833e-01 2.892384e-02 -3.741645e-01 3.891444e-02 1.403531e-01 1.069484e-02 -3.851746e-02 2.578013e-02 5.043251e-01 4.587704e-02
3.146696e-02 8.604546e-01 1.321719e-01 1.961337e-01 3.542760e-02 -4.312471e-01 8.462025e-02 1.676080e-01 1.583010e-02 -6.159888e-02 2.446445e-02 5.504499e-01 6.747998e-02
3.427094e-02 6.849764e-01 9.370412e-02 1.305536e-01 1.207837e-02 -3.003679e-01 4.640178e-02 1.636034e-01 8.305807e-03 -3.066753e-02 7.108548e-03 5.086382e-01 3.570667e-02
3.769804e-02 7.059742e-01 3.483467e-02 1.473313e-01 2.544879e-02 -3.404977e-01 3.678497e-02 2.147550e-01 9.286518e-03 -7.517881e-02 2.081730e-02 5.869398e-01 3.238655e-02
4.174824e-02 8.831562e-01 1.009329e-01 1.749661e-01 3.088467e-02 -4.481457e-01 5.232111e-02 2.222340e-01 1.707744e-02 -9.683304e-02 1.086793e-02 6.506151e-01 5.166649e-02
3.053230e-02 9.269670e-01 9.451923e-02 2.270429e-01 5.539899e-02 -5.043756e-01 5.571614e-02 1.716420e-01 2.419352e-02 -6.979414e-02 4.170195e-02 5.736397e-01 2.717941e-02
3.084385e-02 8.499542e-01 4.790876e-02 1.710980e-01 2.004221e-02 -4.451542e-01 3.454489e-02 1.519213e-01 1.637785e-02 -5.167200e-02 1.065057e-02 5.602190e-01 3.451658e-02
3.177851e-02 7.427650e-01 9.845828e-02 2.055941e-01 4.347838e-02 -3.120610e-01 7.568954e-02 1.941245e-01 1.738037e-02 -4.138669e-02 2.944356e-02 4.774305e-01 6.220985e-02
3.333628e-02 7.304992e-01 1.158848e-01 1.935574e-01 2.632399e-02 -3.965754e-01 9.573858e-02 1.796587e-01 1.645409e-02 -5.651633e-02 3.274914e-02 6.100188e-01 1.041212e-01
3.551716e-02 6.575626e-01 6.980291e-02 1.256452e-01 2.309189e-02 -3.569183e-01 4.049024e-02 1.711754e-01 1.875876e-02 -4.162871e-02 2.404033e-02 5.690923e-01 1.827253e-02
3.832115e-02 6.416331e-01 6.202544e-02 1.041128e-01 4.088831e-02 -3.122726e-01 3.209057e-02 2.148860e-01 1.719491e-02 -1.849315e-02 1.786048e-02 6.096976e-01 4.586158e-02
4.174824e-02 7.303448e-01 4.786137e-02 1.815326e-01 3.462824e-02 -2.635975e-01 3.668578e-02 2.269084e-01 1.699765e-02 -8.728072e-02 8.710705e-03 6.436519e-01 5.598715e-02
4.579844e-02 7.609229e-01 6.748506e-02 1.784713e-01 2.443373e-02 -2.960596e-01 3.869973e-02 2.934777e-01 1.995880e-02 -1.373795e-01 1.587858e-02 8.627012e-01 7.611679e-02
