# k^2  MgMg MgMg_error  MgCl MgCl_error  MgNa MgNa_error  ClCl ClCl_error  ClNa ClNa_error  NaNa NaNa_error
0.000000e+00 2.048000e+03 0.000000e+00 2.941216e+03 0.000000e+00 5.120000e+02 0.000000e+00 4.224000e+03 0.000000e+00 7.353040e+02 0.000000e+00 1.280000e+02 0.000000e+00
2.806531e-04 1.107138e-01 2.391094e-02 1.285632e-01 2.729759e-02 -1.339303e-01 9.774554e-02 2.033145e-01 4.000485e-02 1.559550e-01 1.153979e-01 1.984549e+00 2.110274e-01
1.122612e-03 1.243489e-01 2.607963e-02 1.309754e-01 2.811946e-02 -1.728137e-01 4.087436e-02 1.766032e-01 3.038064e-02 3.350276e-02 7.521300e-02 1.552877e+00 3.995087e-01
2.525878e-03 1.555300e-01 1.362298e-02 1.603508e-01 1.584955e-02 -1.850171e-01 5.517735e-02 1.872544e-01 1.984407e-02 -8.718362e-02 5.829111e-02 9.395542e-01 1.582195e-01
4.490449e-03 1.436457e-01 1.499063e-02 1.318045e-01 1.279527e-02 -1.627696e-01 4.924826e-02 1.534696e-01 1.341366e-02 -1.834001e-02 3.796765e-02 1.165405e+00 2.075753e-01
7.016327e-03 2.074963e-01 4.682831e-02 1.755541e-01 4.203399e-02 -1.622332e-01 4.525609e-02 1.783194e-01 3.703780e-02 -4.933115e-02 5.097931e-02 9.369923e-01 1.327819e-01
1.010351e-02 2.420455e-01 6.198940e-02 1.841557e-01 4.712944e-02 -1.916028e-01 8.266038e-02 1.800974e-01 3.750938e-02 -4.814596e-02 4.482749e-02 1.106716e+00 3.106739e-01
1.375200e-02 4.781494e-01 9.756218e-02 3.253147e-01 7.211645e-02 -2.155850e-01 1.103705e-01 2.647888e-01 5.128891e-02 -5.758571e-02 8.324846e-02 1.290424e+00 1.396131e-01
2.806531e-04 9.586950e-02 2.334270e-02 1.254310e-01 2.592791e-02 -3.711989e-02 6.551933e-02 2.012369e-01 3.116328e-02 1.641502e-01 1.258278e-01 1.260747e+00 2.145976e-01
5.613061e-04 6.492003e-02 7.437380e-03 8.657565e-02 1.318164e-02 -1.128116e-02 3.892368e-02 1.331604e-01 2.581359e-02 7.843826e-02 5.336270e-02 5.514551e-01 1.473888e-01
1.403265e-03 1.118958e-01 2.868095e-02 1.349090e-01 2.534761e-02 -6.776723e-02 9.202716e-02 2.006632e-01 1.964515e-02 1.263356e-01 1.028872e-01 1.348752e+00 1.822265e-01
2.806531e-03 1.141752e-01 2.620859e-02 1.188778e-01 2.680595e-02 -1.015719e-01 4.701116e-02 1.521872e-01 2.933197e-02 4.497590e-02 5.595729e-02 1.222437e+00 2.550321e-01
4.771102e-03 1.505696e-01 3.263764e-02 1.305593e-01 3.487973e-02 -2.325439e-01 5.703278e-02 1.473842e-01 3.260117e-02 -5.308522e-02 4.759468e-02 1.461501e+00 3.400482e-01
7.296980e-03 2.052411e-01 1.602552e-02 1.792785e-01 1.310472e-02 -1.474332e-01 6.653096e-02 1.839534e-01 1.306381e-02 -5.150578e-02 5.755532e-02 9.190165e-01 9.974299e-02
1.038416e-02 2.765653e-01 3.639523e-02 2.056424e-01 2.588630e-02 -1.551886e-01 1.053550e-01 1.884583e-01 2.483763e-02 -4.972436e-02 7.051043e-02 9.434073e-01 1.009524e-01
1.403265e-02 3.246686e-01 7.977839e-02 2.179206e-01 5.239086e-02 -2.733635e-01 1.238071e-01 1.870185e-01 3.561941e-02 -1.288681e-01 8.806364e-02 1.286241e+00 2.090738e-01
1.122612e-03 1.217756e-01 1.539393e-02 1.399325e-01 2.148299e-02 -1.153377e-01 8.721564e-02 1.830413e-01 3.817731e-02 -1.251394e-02 7.776061e-02 8.585678e-01 2.716204e-01
1.403265e-03 1.270687e-01 2.011525e-02 1.342949e-01 1.789404e-02 -1.740267e-01 8.073476e-02 1.655716e-01 2.647538e-02 -6.063774e-02 7.882302e-02 1.030584e+00 2.326123e-01
2.245225e-03 1.236500e-01 1.991441e-02 1.265129e-01 2.582397e-02 -1.512531e-01 4.525146e-02 1.472774e-01 3.139474e-02 -7.427583e-02 2.402312e-02 7.511127e-01 2.552287e-01
3.648490e-03 1.569218e-01 2.569004e-02 1.560943e-01 2.282930e-02 -1.452886e-01 6.669517e-02 1.810081e-01 2.169802e-02 -3.393513e-02 5.912430e-02 9.154412e-01 1.739327e-01
5.613061e-03 2.190345e-01 3.800416e-02 2.040837e-01 3.782986e-02 -1.858230e-01 5.793623e-02 2.136266e-01 3.823872e-02 -1.016935e-01 4.770305e-02 8.033661e-01 1.354098e-01
8.138939e-03 2.488071e-01 1.686201e-02 2.040646e-01 1.881652e-02 -1.947656e-01 6.152081e-02 2.042363e-01 2.104061e-02 -6.245933e-02 5.752745e-02 1.018428e+00 1.336287e-01
1.122612e-02 2.566902e-01 3.835518e-02 1.880449e-01 2.761567e-02 -1.532291e-01 1.099066e-01 1.725816e-01 2.272047e-02 -3.700603e-02 6.508699e-02 9.393636e-01 2.480343e-01
1.487461e-02 4.701435e-01 8.608450e-02 3.043439e-01 5.649813e-02 -5.000724e-02 7.203078e-02 2.407433e-01 3.709791e-02 3.593545e-02 5.291203e-02 1.023527e+00 1.148500e-01
2.525878e-03 8.730887e-02 1.070462e-02 9.764318e-02 1.407341e-02 -3.745259e-02 3.412391e-02 1.376392e-01 2.354422e-02 9.285833e-02 5.924192e-02 8.731576e-01 1.417039e-01
2.806531e-03 1.263025e-01 1.839550e-02 1.322462e-01 2.043146e-02 -1.068223e-01 4.352221e-02 1.594055e-01 2.325425e-02 -3.178344e-02 4.460282e-02 6.357801e-01 1.126817e-01
3.648490e-03 1.205709e-01 2.231040e-02 1.215484e-01 1.858959e-02 -1.037856e-01 6.683110e-02 1.461076e-01 1.888874e-02 -7.041053e-03 5.016675e-02 7.947680e-01 2.056022e-01
5.051755e-03 1.479355e-01 2.102499e-02 1.388804e-01 1.766866e-02 -1.104466e-01 4.224722e-02 1.570941e-01 1.830274e-02 -4.548000e-03 2.203620e-02 9.159719e-01 3.269621e-01
7.016327e-03 2.312842e-01 2.436060e-02 2.025133e-01 2.158723e-02 -1.210210e-01 5.545020e-02 2.033368e-01 1.891342e-02 -4.118023e-02 5.897066e-02 7.362415e-01 9.354244e-02
9.542204e-03 1.953130e-01 1.272039e-02 1.688953e-01 1.761026e-02 1.112564e-02 3.579091e-02 1.819220e-01 2.181023e-02 8.804580e-02 4.218164e-02 9.207854e-01 1.972239e-01
1.262939e-02 4.670391e-01 8.377740e-02 3.268444e-01 5.402126e-02 -3.483409e-01 1.366641e-01 2.762825e-01 3.423649e-02 -1.524856e-01 9.818700e-02 1.170774e+00 2.199433e-01
1.627788e-02 3.802391e-01 6.303182e-02 2.082152e-01 4.502992e-02 -2.134568e-01 6.373916e-02 1.674640e-01 3.417197e-02 -6.635269e-02 3.408921e-02 9.679007e-01 1.816007e-01
4.490449e-03 1.691985e-01 2.774577e-02 1.739528e-01 2.622370e-02 -5.931131e-02 5.251522e-02 2.062840e-01 2.352358e-02 5.292731e-02 5.421910e-02 8.291764e-01 1.011510e-01
4.771102e-03 1.322995e-01 2.196323e-02 1.383771e-01 2.522913e-02 -5.842647e-02 3.207695e-02 1.760799e-01 3.102304e-02 6.788837e-02 4.863795e-02 9.671359e-01 1.691613e-01
5.613061e-03 1.684404e-01 1.790420e-02 1.448145e-01 1.052555e-02 -2.075132e-01 7.791414e-02 1.497668e-01 8.999345e-03 -8.556668e-02 5.442615e-02 1.145975e+00 2.479117e-01
7.016327e-03 2.162380e-01 5.013604e-02 1.775060e-01 3.654405e-02 -2.443656e-01 9.847587e-02 1.753067e-01 2.853681e-02 -1.256721e-01 6.085558e-02 1.044701e+00 2.870234e-01
8.980898e-03 2.382192e-01 1.941779e-02 2.053942e-01 2.078936e-02 -2.241005e-02 5.183646e-02 2.086126e-01 2.382507e-02 5.331435e-02 6.238345e-02 7.919224e-01 1.493171e-01
1.150678e-02 4.139714e-01 4.432267e-02 2.888067e-01 2.930326e-02 -3.320096e-01 7.287114e-02 2.449591e-01 2.178815e-02 -1.957610e-01 4.315849e-02 8.545246e-01 1.177542e-01
1.459396e-02 3.567889e-01 7.272696e-02 2.222845e-01 4.001113e-02 -1.236325e-01 5.822443e-02 1.806462e-01 2.290626e-02 -2.566742e-02 4.012795e-02 7.775094e-01 1.275978e-01
1.824245e-02 4.491286e-01 4.208572e-02 2.744023e-01 2.722574e-02 -5.865723e-02 7.464928e-02 2.226025e-01 2.410888e-02 8.288621e-03 3.903448e-02 9.763795e-01 8.495077e-02
7.016327e-03 1.994889e-01 3.268571e-02 1.844118e-01 2.916470e-02 -9.548861e-02 6.655314e-02 1.967585e-01 2.742458e-02 -1.828487e-02 6.824112e-02 7.024154e-01 1.619407e-01
7.296980e-03 2.419731e-01 4.777513e-02 2.098661e-01 4.965441e-02 -1.640341e-01 5.762952e-02 2.065983e-01 5.087509e-02 -8.319815e-02 4.636985e-02 8.175585e-01 1.474443e-01
8.138939e-03 1.899233e-01 3.136356e-02 1.595136e-01 3.135642e-02 -1.428831e-01 1.848368e-02 1.643519e-01 3.003623e-02 -4.708764e-02 2.423605e-02 8.279454e-01 1.987378e-01
9.542204e-03 2.625319e-01 3.490911e-02 2.011247e-01 3.210435e-02 -1.452962e-01 8.122890e-02 1.901522e-01 2.948604e-02 -3.497290e-02 6.734440e-02 1.110205e+00 1.207430e-01
1.150678e-02 2.569689e-01 1.292805e-02 2.000019e-01 1.494876e-02 -1.078057e-02 6.319451e-02 1.921868e-01 1.677964e-02 6.381871e-02 4.545684e-02 1.011128e+00 6.723846e-02
1.403265e-02 3.637283e-01 7.140587e-03 2.359171e-01 9.087048e-03 -1.194658e-01 3.084498e-02 1.973350e-01 9.547874e-03 -3.418356e-02 2.302239e-02 7.365113e-01 1.129807e-01
1.711984e-02 5.044668e-01 3.450462e-02 2.831175e-01 1.908739e-02 -1.448230e-01 8.437309e-02 2.084152e-01 1.466971e-02 -3.961526e-02 5.283103e-02 8.494765e-01 9.871829e-02
2.076833e-02 6.198089e-01 6.003178e-02 3.018300e-01 3.141284e-02 -2.062127e-01 6.029291e-02 2.046515e-01 1.665026e-02 -6.498918e-02 3.725294e-02 8.702329e-01 9.482644e-02
1.010351e-02 2.429691e-01 3.439672e-02 1.942357e-01 2.902392e-02 -1.097502e-01 3.730027e-02 1.855923e-01 2.723345e-02 -5.790142e-02 2.893432e-02 4.948670e-01 5.397100e-02
1.038416e-02 2.209687e-01 2.687086e-02 1.717106e-01 1.428135e-02 -1.078614e-01 7.049284e-02 1.689783e-01 5.219288e-03 -1.011331e-02 5.734616e-02 9.898188e-01 8.315159e-02
1.122612e-02 2.462481e-01 1.800373e-02 1.703030e-01 1.276785e-02 -1.412190e-01 3.667910e-02 1.547794e-01 8.677015e-03 -5.146122e-02 2.051686e-02 7.103501e-01 1.101817e-01
1.262939e-02 2.746467e-01 4.360289e-02 1.858216e-01 3.067835e-02 -2.096027e-01 4.928195e-02 1.632762e-01 2.316662e-02 -9.526670e-02 4.504308e-02 9.113640e-01 1.248613e-01
1.459396e-02 3.558599e-01 5.199578e-02 2.053021e-01 2.898957e-02 -2.877492e-01 1.031539e-01 1.621095e-01 1.808037e-02 -8.862443e-02 5.542701e-02 1.138523e+00 2.209859e-01
1.711984e-02 4.661037e-01 8.587230e-02 2.703980e-01 4.842007e-02 -2.183766e-01 8.950726e-02 1.961629e-01 2.883277e-02 -9.163758e-02 4.630098e-02 1.066809e+00 6.709113e-02
2.020702e-02 3.885846e-01 3.304262e-02 1.869343e-01 2.383646e-02 -1.058329e-01 2.983912e-02 1.472653e-01 1.614278e-02 -7.378413e-03 2.474198e-02 8.710895e-01 2.859676e-02
2.385551e-02 5.911535e-01 1.114620e-01 2.739215e-01 4.460416e-02 -1.099070e-01 8.118699e-02 1.998864e-01 2.181869e-02 -1.580231e-02 2.927644e-02 9.154297e-01 1.361202e-01
1.375200e-02 3.620283e-01 5.986580e-02 2.297859e-01 3.319431e-02 -2.352316e-01 7.250303e-02 1.891283e-01 1.722904e-02 -1.022976e-01 5.069386e-02 9.098716e-01 1.411987e-01
1.403265e-02 2.579712e-01 3.087421e-02 1.629277e-01 1.864279e-02 -2.282698e-01 9.977235e-03 1.456863e-01 1.441052e-02 -9.954907e-02 1.875318e-02 1.122775e+00 1.231751e-01
1.487461e-02 3.913090e-01 4.998908e-02 2.367118e-01 3.054023e-02 -3.232560e-01 8.410435e-02 1.921424e-01 1.770968e-02 -1.168629e-01 4.691281e-02 1.231692e+00 2.169214e-01
1.627788e-02 4.154721e-01 5.679709e-02 2.422166e-01 3.161775e-02 -1.756324e-01 6.553967e-02 1.854420e-01 1.778227e-02 -3.398142e-02 2.582054e-02 9.515777e-01 1.350101e-01
1.824245e-02 4.780129e-01 7.522156e-02 2.594716e-01 5.325827e-02 -2.896749e-01 4.692570e-02 1.906455e-01 3.681537e-02 -1.193473e-01 2.449787e-02 1.000688e+00 5.070015e-02
2.076833e-02 6.290997e-01 9.767396e-02 3.126091e-01 5.847372e-02 -2.516702e-01 1.090224e-01 2.193963e-01 3.483882e-02 -1.038032e-01 5.881964e-02 8.512539e-01 1.393749e-01
2.385551e-02 7.011855e-01 9.741821e-02 3.360505e-01 4.847442e-02 -3.011624e-01 7.453839e-02 2.301511e-01 2.774590e-02 -1.220124e-01 4.912138e-02 1.193564e+00 1.153204e-01
2.750400e-02 6.888596e-01 1.130471e-01 2.793326e-01 3.546845e-02 -6.910575e-02 4.961613e-02 1.898480e-01 1.441472e-02 -2.811328e-02 2.598256e-02 7.878151e-01 1.515616e-01
2.806531e-04 8.792902e-02 1.341051e-02 1.104420e-01 2.205148e-02 -6.253676e-02 3.631423e-02 1.572452e-01 3.120704e-02 2.742346e-02 4.778281e-02 6.805199e-01 2.674540e-01
5.613061e-04 8.431471e-02 1.052660e-02 1.134618e-01 1.555445e-02 3.865710e-03 2.859168e-02 1.718020e-01 2.594051e-02 1.076763e-01 4.300799e-02 6.124641e-01 1.026745e-01
1.403265e-03 1.061967e-01 1.538183e-02 1.259035e-01 2.230981e-02 -6.506217e-02 5.320688e-02 1.801012e-01 2.896659e-02 8.873106e-02 4.916844e-02 1.068605e+00 1.931798e-01
2.806531e-03 1.122470e-01 2.406594e-02 1.116425e-01 2.480067e-02 -1.409537e-01 6.796275e-02 1.430010e-01 2.179977e-02 3.022985e-02 8.546337e-02 1.398227e+00 2.556144e-01
4.771102e-03 1.349046e-01 1.238981e-02 1.420619e-01 1.484672e-02 -2.194687e-02 2.339330e-02 1.727762e-01 2.143804e-02 6.296672e-02 3.341870e-02 6.981917e-01 1.930056e-01
7.296980e-03 2.521844e-01 4.126075e-02 2.138690e-01 3.287755e-02 -2.374445e-01 5.343964e-02 2.120969e-01 2.787003e-02 -1.412945e-01 3.722119e-02 7.831943e-01 1.900567e-01
1.038416e-02 2.868831e-01 3.878636e-02 2.077583e-01 2.331774e-02 -1.768250e-01 6.320584e-02 1.864696e-01 1.871090e-02 -6.365840e-02 3.743178e-02 7.797020e-01 8.396264e-02
1.403265e-02 3.399745e-01 6.410134e-02 2.161775e-01 4.249567e-02 -1.201506e-01 3.835604e-02 1.826205e-01 2.629801e-02 6.369749e-03 3.562580e-02 1.037502e+00 2.376817e-01
5.613061e-04 1.119838e-01 1.409969e-02 1.393875e-01 1.959705e-02 -7.156424e-02 3.323476e-02 1.919899e-01 2.374276e-02 1.379578e-02 4.301639e-02 6.702485e-01 1.746868e-01
8.419592e-04 6.653164e-02 5.705793e-03 8.821650e-02 1.100154e-02 -1.188058e-04 3.786158e-02 1.502193e-01 1.619472e-02 1.804968e-01 3.434241e-02 1.064177e+00 3.370068e-01
1.683918e-03 1.377323e-01 2.068788e-02 1.495826e-01 1.909589e-02 -1.447631e-01 6.238949e-02 1.857365e-01 1.698927e-02 -4.040344e-02 7.212185e-02 9.249776e-01 2.512008e-01
3.087184e-03 9.705652e-02 8.655942e-03 1.007161e-01 1.009991e-02 -7.106506e-02 2.185037e-02 1.329933e-01 1.712488e-02 7.287459e-02 3.683795e-02 1.098348e+00 3.348801e-01
5.051755e-03 1.554193e-01 2.398415e-02 1.436710e-01 2.019317e-02 -1.437363e-01 4.216240e-02 1.612277e-01 1.615647e-02 -2.749580e-02 6.002352e-02 9.532269e-01 1.822302e-01
7.577633e-03 1.852265e-01 3.669262e-02 1.696357e-01 3.896504e-02 -2.917059e-02 4.673188e-02 1.828152e-01 4.251413e-02 3.082279e-02 3.792517e-02 6.993813e-01 1.157912e-01
1.066482e-02 2.360909e-01 4.380601e-02 1.628996e-01 2.935827e-02 -1.904754e-01 4.923103e-02 1.466301e-01 2.196462e-02 -7.149794e-02 3.084604e-02 8.008350e-01 4.995033e-02
1.431331e-02 4.655862e-01 1.283337e-01 3.218825e-01 9.098090e-02 -1.030723e-01 6.111571e-02 2.631621e-01 6.530027e-02 -2.306860e-02 4.536686e-02 1.056716e+00 1.332063e-01
1.403265e-03 1.294296e-01 2.813978e-02 1.605387e-01 3.747345e-02 -2.285681e-02 2.578406e-02 2.191991e-01 4.764486e-02 7.930706e-02 3.305327e-02 7.258595e-01 1.392489e-01
1.683918e-03 1.233548e-01 2.281824e-02 1.285302e-01 2.479108e-02 -1.782593e-01 6.989888e-02 1.627575e-01 2.664474e-02 -3.310183e-02 6.259358e-02 1.234298e+00 3.389967e-01
2.525878e-03 1.134206e-01 8.458271e-03 1.262931e-01 9.539312e-03 -8.670214e-02 1.324662e-02 1.612293e-01 1.166676e-02 -3.644255e-03 2.113064e-02 6.958992e-01 1.095852e-01
3.929143e-03 1.464903e-01 1.887142e-02 1.432709e-01 1.549444e-02 -1.337983e-01 6.145695e-02 1.700341e-01 1.306723e-02 -7.504908e-03 5.715457e-02 9.874523e-01 1.373428e-01
5.893714e-03 1.749813e-01 2.761536e-02 1.680957e-01 2.444565e-02 -7.963698e-02 5.536264e-02 1.883465e-01 2.450832e-02 1.505090e-02 5.670871e-02 8.199679e-01 1.655608e-01
8.419592e-03 2.104982e-01 1.828497e-02 1.774352e-01 2.287834e-02 -4.168770e-02 3.879220e-02 1.788390e-01 2.626628e-02 1.780064e-02 4.199107e-02 6.123280e-01 7.676375e-02
1.150678e-02 3.194331e-01 6.162846e-02 2.340720e-01 4.958517e-02 -1.492630e-01 3.797051e-02 2.127406e-01 4.372471e-02 3.489095e-03 3.972177e-02 1.136374e+00 1.169903e-01
1.515527e-02 2.715996e-01 3.302850e-02 1.644027e-01 1.297618e-02 -5.449786e-02 7.981480e-02 1.470922e-01 6.215097e-03 8.882374e-03 5.571143e-02 9.110892e-01 8.469099e-02
2.806531e-03 1.728456e-01 1.710624e-02 1.504056e-01 1.216591e-02 -3.568497e-01 1.106279e-01 1.623558e-01 1.967334e-02 -1.412810e-01 8.473352e-02 1.981959e+00 4.770135e-01
3.087184e-03 9.805455e-02 1.630805e-02 1.024452e-01 1.546188e-02 -7.598363e-02 3.818616e-02 1.301593e-01 1.648368e-02 2.758614e-02 4.507675e-02 8.064861e-01 2.366738e-01
3.929143e-03 1.544440e-01 1.291011e-02 1.645314e-01 1.258396e-02 -6.369739e-02 6.425518e-02 1.989457e-01 1.411733e-02 4.003432e-02 6.536182e-02 9.271687e-01 1.374261e-01
5.332408e-03 2.446995e-01 3.446000e-02 2.248416e-01 2.636354e-02 -1.363727e-01 6.443565e-02 2.418542e-01 1.851540e-02 2.781561e-02 9.292132e-02 1.191176e+00 3.256717e-01
7.296980e-03 1.860566e-01 2.060277e-02 1.648005e-01 2.135384e-02 -1.367719e-01 3.592837e-02 1.765197e-01 2.569994e-02 -1.768143e-02 2.829205e-02 1.074958e+00 1.458744e-01
9.822857e-03 2.245261e-01 4.263341e-02 1.847991e-01 4.030678e-02 -1.132293e-01 4.182553e-02 1.791091e-01 4.145418e-02 -2.391377e-02 4.079619e-02 8.548041e-01 9.440045e-02
1.291004e-02 4.403776e-01 4.029283e-02 3.112992e-01 3.839719e-02 -9.264527e-02 1.280450e-01 2.619909e-01 3.654782e-02 -1.176049e-02 8.472677e-02 8.546742e-01 1.000048e-01
1.655853e-02 4.743782e-01 9.366234e-02 2.902483e-01 6.158688e-02 -9.736387e-02 6.422750e-02 2.287788e-01 4.417227e-02 -7.643786e-03 3.994503e-02 8.589674e-01 1.252571e-01
4.771102e-03 1.161107e-01 6.484139e-03 1.156885e-01 7.492632e-03 -6.590098e-02 3.070834e-02 1.404618e-01 9.205999e-03 2.089671e-02 2.181878e-02 7.287668e-01 8.725919e-02
5.051755e-03 1.535037e-01 2.692506e-02 1.531201e-01 2.750559e-02 -9.088495e-02 4.860385e-02 1.825162e-01 3.019963e-02 4.763523e-02 6.199730e-02 1.224704e+00 2.423583e-01
5.893714e-03 1.646132e-01 2.417517e-02 1.384137e-01 2.236180e-02 -1.774643e-01 4.191235e-02 1.405478e-01 2.177502e-02 -8.518348e-02 3.596626e-02 7.739149e-01 7.798410e-02
7.296980e-03 1.864962e-01 1.192963e-02 1.534133e-01 1.351407e-02 -1.338430e-01 3.551775e-02 1.547668e-01 1.639750e-02 -3.695797e-02 2.871243e-02 6.979124e-01 3.868268e-02
9.261551e-03 3.258385e-01 5.832740e-02 2.679733e-01 5.500210e-02 -1.599508e-01 1.012789e-01 2.564962e-01 5.419305e-02 -4.544539e-02 6.956211e-02 9.339307e-01 1.530951e-01
1.178743e-02 3.025029e-01 3.737165e-02 2.091134e-01 3.101480e-02 -3.049247e-01 4.503252e-02 1.862324e-01 2.327721e-02 -1.367480e-01 2.497898e-02 1.094169e+00 1.535314e-01
1.487461e-02 3.468818e-01 3.967648e-02 2.204313e-01 2.636895e-02 -6.872981e-02 7.601557e-02 1.792259e-01 2.002681e-02 -4.520878e-03 5.986206e-02 8.746340e-01 2.694451e-02
1.852310e-02 5.178995e-01 9.328506e-02 2.853507e-01 4.813111e-02 -2.003228e-01 8.049675e-02 2.064016e-01 2.671627e-02 -7.716173e-02 4.497343e-02 9.477373e-01 1.307991e-01
7.296980e-03 1.725116e-01 1.215614e-02 1.549096e-01 1.278165e-02 -4.184127e-02 2.248690e-02 1.654837e-01 1.227213e-02 4.081842e-02 1.865849e-02 7.101927e-01 7.083680e-02
7.577633e-03 2.427173e-01 5.647339e-02 2.140028e-01 5.362849e-02 -1.630910e-01 7.845993e-02 2.215086e-01 5.042809e-02 -5.002185e-02 8.354393e-02 9.185660e-01 6.829029e-02
8.419592e-03 3.139437e-01 6.393018e-02 2.732371e-01 5.662429e-02 -2.079601e-01 8.135688e-02 2.631847e-01 5.151326e-02 -1.162002e-01 6.282007e-02 8.837895e-01 1.706684e-01
9.822857e-03 3.335862e-01 4.339426e-02 2.540073e-01 3.766790e-02 -2.527210e-01 1.783460e-02 2.270582e-01 3.164046e-02 -1.222984e-01 2.464468e-02 9.348747e-01 1.627568e-01
1.178743e-02 2.503783e-01 2.773328e-02 1.838839e-01 1.727109e-02 -5.720423e-02 4.539686e-02 1.730133e-01 1.253256e-02 2.149593e-02 3.924377e-02 8.458569e-01 7.067545e-02
1.431331e-02 5.047136e-01 1.412028e-01 3.365390e-01 1.000916e-01 -2.397005e-01 5.474416e-02 2.659440e-01 7.270724e-02 -1.310306e-01 3.276471e-02 8.643426e-01 1.077143e-01
1.740049e-02 4.972933e-01 7.434878e-02 2.983510e-01 4.958946e-02 -2.799823e-01 8.361541e-02 2.321595e-01 3.161589e-02 -1.039196e-01 5.893843e-02 9.962665e-01 1.100047e-01
2.104898e-02 5.607278e-01 8.865598e-02 3.000976e-01 5.355186e-02 -2.920002e-01 1.163817e-01 2.278992e-01 3.355962e-02 -1.136280e-01 8.033607e-02 9.523994e-01 2.366929e-01
1.038416e-02 2.351515e-01 2.999206e-02 1.731314e-01 2.643733e-02 -1.392999e-01 9.295989e-02 1.636361e-01 2.752221e-02 -3.135992e-02 4.304101e-02 9.603492e-01 2.700283e-01
1.066482e-02 3.308955e-01 7.328264e-02 2.479954e-01 5.237337e-02 -1.601782e-01 4.732758e-02 2.222327e-01 3.850835e-02 -5.274839e-02 3.590893e-02 9.276491e-01 1.029399e-01
1.150678e-02 3.699823e-01 8.448896e-02 2.441429e-01 5.583225e-02 -3.128925e-01 8.509355e-02 1.995024e-01 3.998645e-02 -1.334408e-01 4.027965e-02 1.043838e+00 1.402228e-01
1.291004e-02 3.990525e-01 3.864710e-02 2.718843e-01 3.095013e-02 -2.036569e-01 3.385171e-02 2.219348e-01 2.772590e-02 -8.788904e-02 1.745538e-02 8.756385e-01 1.448044e-01
1.487461e-02 4.122884e-01 8.533188e-02 2.750936e-01 6.214547e-02 -1.660282e-01 8.459835e-02 2.346407e-01 5.072223e-02 -3.473089e-02 5.182796e-02 8.613232e-01 9.423120e-02
1.740049e-02 5.485792e-01 1.077326e-01 3.053926e-01 7.020637e-02 -2.133110e-01 5.685231e-02 2.196407e-01 4.426257e-02 -6.803427e-02 3.399854e-02 1.054503e+00 2.067543e-01
2.048767e-02 4.529911e-01 3.323152e-02 2.183072e-01 3.327355e-02 -1.814428e-01 6.314958e-02 1.746074e-01 2.383970e-02 -3.077236e-02 3.207544e-02 9.990239e-01 1.305336e-01
2.413616e-02 7.519746e-01 1.424414e-01 3.296967e-01 6.125230e-02 -1.827565e-01 1.309583e-01 2.057552e-01 2.854772e-02 -5.370339e-02 6.695631e-02 1.110753e+00 6.783629e-02
1.403265e-02 3.628055e-01 2.264063e-02 2.451994e-01 6.450231e-03 -1.114953e-01 7.986388e-02 2.059071e-01 6.425321e-03 -4.110321e-02 4.436867e-02 7.978947e-01 1.423701e-01
1.431331e-02 3.612795e-01 3.460957e-02 2.307223e-01 2.369229e-02 -2.058476e-01 5.359546e-02 1.892624e-01 1.704106e-02 -6.896119e-02 4.654675e-02 1.294524e+00 1.048729e-01
1.515527e-02 3.592685e-01 6.397630e-02 2.292726e-01 4.816625e-02 -1.354408e-01 2.763701e-02 1.963414e-01 3.719855e-02 -4.105874e-02 1.393696e-02 8.242214e-01 7.873826e-02
1.655853e-02 4.397904e-01 5.446563e-02 2.591875e-01 3.376886e-02 -2.674029e-01 5.872832e-02 2.148397e-01 2.463652e-02 -1.009424e-01 3.894775e-02 9.702359e-01 6.245872e-02
1.852310e-02 7.014824e-01 8.652330e-02 3.552403e-01 3.300181e-02 -4.630328e-01 7.252023e-02 2.319721e-01 1.536277e-02 -2.063828e-01 2.634226e-02 1.019495e+00 1.762838e-01
2.104898e-02 5.202058e-01 1.079642e-01 2.902851e-01 6.440295e-02 -1.387953e-01 8.085449e-02 2.218289e-01 3.589049e-02 -5.393443e-02 4.518018e-02 9.702270e-01 1.249214e-01
2.413616e-02 8.612574e-01 7.315167e-02 3.904779e-01 4.640074e-02 -3.672433e-01 1.102335e-01 2.451970e-01 3.004989e-02 -1.609215e-01 4.479769e-02 1.064608e+00 1.332665e-01
2.778465e-02 7.771351e-01 1.192984e-01 3.118588e-01 6.057545e-02 -1.962575e-01 3.447240e-02 2.223590e-01 3.837076e-02 -4.486681e-02 2.035015e-02 1.008861e+00 9.461189e-02
1.122612e-03 1.052313e-01 6.304106e-03 1.286849e-01 7.496841e-03 -5.131439e-02 1.185552e-02 1.776679e-01 9.813915e-03 4.225629e-02 3.063774e-02 6.767519e-01 1.559308e-01
1.403265e-03 9.386155e-02 1.372583e-02 1.128059e-01 1.998264e-02 -4.139373e-02 1.615420e-02 1.500763e-01 3.058022e-02 1.820286e-02 2.921413e-02 4.508731e-01 8.461806e-02
2.245225e-03 1.293330e-01 2.779786e-02 1.504677e-01 3.487513e-02 -7.032261e-02 3.666894e-02 2.012077e-01 4.145290e-02 5.111731e-02 2.723157e-02 9.671247e-01 2.276323e-01
3.648490e-03 1.110903e-01 1.695210e-02 1.207104e-01 2.002568e-02 -4.896526e-02 2.503970e-02 1.540126e-01 2.639878e-02 2.998748e-02 1.647652e-02 6.094345e-01 1.244669e-01
5.613061e-03 1.335601e-01 2.512788e-02 1.353019e-01 2.859901e-02 -9.823983e-03 1.107589e-02 1.668748e-01 3.142184e-02 8.120211e-02 1.792969e-02 6.642838e-01 1.114926e-01
8.138939e-03 1.623013e-01 1.428731e-02 1.268288e-01 1.761434e-02 -1.260647e-01 2.796112e-02 1.317330e-01 2.024347e-02 2.260776e-03 3.758755e-02 1.042313e+00 3.373405e-01
1.122612e-02 3.199449e-01 5.113440e-02 2.438232e-01 4.533270e-02 -2.126945e-01 3.283005e-02 2.249492e-01 3.816490e-02 -9.001309e-02 3.470151e-02 9.872517e-01 2.167057e-01
1.487461e-02 3.595980e-01 4.307715e-02 2.323334e-01 3.472818e-02 -9.738674e-02 3.427974e-02 1.960911e-01 3.221234e-02 -2.434679e-02 3.174534e-02 8.557926e-01 8.390285e-02
1.403265e-03 1.046483e-01 1.671500e-02 1.212501e-01 1.652434e-02 -1.027941e-01 4.566269e-02 1.548359e-01 1.710082e-02 -4.664440e-02 3.924993e-02 5.777747e-01 1.821600e-01
1.683918e-03 1.117941e-01 1.588562e-02 1.285109e-01 1.015312e-02 -6.813578e-02 5.722957e-02 1.682799e-01 6.744158e-03 2.541262e-02 7.009087e-02 7.303543e-01 1.450868e-01
2.525878e-03 1.103311e-01 1.252666e-02 1.186573e-01 1.313179e-02 -6.115665e-02 2.789400e-02 1.501109e-01 1.585348e-02 3.239597e-02 3.348525e-02 6.833000e-01 1.259624e-01
3.929143e-03 2.121744e-01 4.825035e-02 2.089146e-01 4.676979e-02 -1.778349e-01 6.574423e-02 2.264210e-01 4.523687e-02 -9.709548e-02 6.518960e-02 7.803444e-01 1.259207e-01
5.893714e-03 1.674310e-01 1.648592e-02 1.452962e-01 1.600197e-02 -1.461527e-01 5.711240e-02 1.551669e-01 1.641461e-02 -2.936933e-02 3.905147e-02 9.559376e-01 2.133079e-01
8.419592e-03 2.261565e-01 3.287277e-02 1.886085e-01 1.948042e-02 -1.700838e-01 9.958431e-02 1.905380e-01 1.280185e-02 -4.850024e-02 7.346212e-02 9.500278e-01 1.772310e-01
1.150678e-02 4.009294e-01 8.112937e-02 2.837393e-01 6.550388e-02 -3.294469e-01 1.226967e-01 2.405730e-01 5.309581e-02 -1.783625e-01 7.479527e-02 1.020642e+00 3.112587e-01
1.515527e-02 5.005685e-01 8.106723e-02 3.069070e-01 4.626296e-02 -2.748881e-01 1.017289e-01 2.330509e-01 3.045421e-02 -9.796288e-02 6.396047e-02 9.582096e-01 1.431495e-01
2.245225e-03 1.108363e-01 6.485453e-03 1.238440e-01 9.802796e-03 -7.891436e-02 3.562802e-02 1.592462e-01 1.890973e-02 1.292592e-02 5.781175e-02 7.468367e-01 1.353672e-01
2.525878e-03 1.432712e-01 2.586833e-02 1.618125e-01 2.818526e-02 -7.138176e-02 1.580791e-02 1.974627e-01 3.249643e-02 -2.773665e-02 9.055862e-03 4.161586e-01 8.883506e-02
3.367837e-03 1.444894e-01 3.034515e-02 1.495533e-01 3.290539e-02 -7.633445e-02 1.308974e-02 1.813642e-01 3.849068e-02 2.925200e-02 1.131997e-02 7.825384e-01 1.605821e-01
4.771102e-03 1.671656e-01 3.225792e-02 1.654592e-01 3.379948e-02 -7.524034e-02 3.289557e-02 1.911358e-01 3.681911e-02 4.139940e-02 2.690132e-02 9.908068e-01 1.722308e-01
6.735674e-03 1.656045e-01 1.713044e-02 1.391195e-01 1.790614e-02 -1.609929e-01 5.356413e-02 1.423829e-01 1.844200e-02 -5.445241e-02 4.017927e-02 9.699987e-01 1.478606e-01
9.261551e-03 2.662202e-01 3.329961e-02 2.196215e-01 2.690535e-02 -6.020107e-02 4.770067e-02 2.193035e-01 2.428131e-02 3.671141e-02 3.596143e-02 7.883881e-01 9.575943e-02
1.234873e-02 2.620731e-01 2.914500e-02 1.663914e-01 2.114748e-02 -2.076627e-01 2.901088e-02 1.438266e-01 1.682597e-02 -8.047665e-02 3.350808e-02 1.084503e+00 1.772852e-01
1.599722e-02 5.872173e-01 1.019099e-01 3.498989e-01 5.576441e-02 -2.176596e-01 8.147568e-02 2.630122e-01 3.261664e-02 -7.903420e-02 5.346372e-02 8.979750e-01 2.048685e-02
3.648490e-03 1.022044e-01 1.205935e-02 1.146544e-01 1.736268e-02 -2.282890e-02 4.217349e-02 1.520782e-01 2.728576e-02 7.174359e-02 5.485691e-02 7.383925e-01 1.650344e-01
3.929143e-03 1.413263e-01 1.295027e-02 1.479523e-01 1.228992e-02 -9.300313e-02 4.606699e-02 1.788283e-01 1.453385e-02 -2.263343e-03 4.093558e-02 8.247008e-01 2.075865e-01
4.771102e-03 1.568854e-01 2.990244e-02 1.490886e-01 2.984222e-02 -1.052164e-01 4.345562e-02 1.667496e-01 3.212747e-02 2.870759e-03 3.459103e-02 8.388930e-01 1.585539e-01
6.174367e-03 2.250229e-01 3.157167e-02 1.974535e-01 2.895608e-02 -2.402476e-01 9.258581e-03 1.997603e-01 2.567804e-02 -1.327868e-01 1.580785e-02 8.813739e-01 4.431619e-02
8.138939e-03 1.971113e-01 2.131017e-02 1.658473e-01 2.704419e-02 -1.126868e-01 5.708357e-02 1.789973e-01 3.398069e-02 3.108483e-02 4.708819e-02 1.108822e+00 2.286775e-01
1.066482e-02 2.549634e-01 3.811855e-02 1.808061e-01 3.118236e-02 -1.664128e-01 4.634035e-02 1.589113e-01 2.992115e-02 -6.520095e-02 2.064814e-02 8.029732e-01 7.178798e-02
1.375200e-02 2.934441e-01 4.340761e-02 1.941299e-01 2.274315e-02 -7.504481e-02 1.041850e-01 1.735813e-01 1.432939e-02 9.536355e-03 7.888922e-02 7.734717e-01 8.121810e-02
1.740049e-02 5.045598e-01 1.522595e-01 2.758600e-01 9.091383e-02 -2.193666e-01 1.131718e-01 2.048409e-01 5.290255e-02 -7.092476e-02 6.454534e-02 7.624612e-01 9.973722e-02
5.613061e-03 1.665526e-01 1.108070e-02 1.549506e-01 1.570525e-02 -1.189291e-01 5.313853e-02 1.704159e-01 2.040885e-02 -1.999792e-02 4.753393e-02 7.944226e-01 9.937857e-02
5.893714e-03 1.983115e-01 2.661877e-02 1.829629e-01 2.652475e-02 -1.278053e-01 4.245888e-02 1.933690e-01 2.495510e-02 -5.382970e-02 3.538257e-02 5.651162e-01 1.088184e-01
6.735674e-03 2.342079e-01 5.543288e-02 2.052440e-01 4.838256e-02 -1.390663e-01 6.677674e-02 2.024906e-01 4.318722e-02 -6.383232e-02 4.361128e-02 6.491199e-01 1.656165e-01
8.138939e-03 2.187433e-01 2.891130e-02 1.856422e-01 2.014486e-02 -3.242421e-02 7.783537e-02 1.905622e-01 1.447434e-02 7.671877e-02 7.848393e-02 9.924206e-01 2.346718e-01
1.010351e-02 3.097619e-01 1.141972e-01 2.298481e-01 7.863273e-02 -2.788312e-01 1.559347e-01 2.129642e-01 5.374736e-02 -9.137804e-02 1.246632e-01 1.378819e+00 2.011096e-01
1.262939e-02 1.965237e-01 3.278797e-02 1.447106e-01 2.693223e-02 -7.880597e-02 3.050655e-02 1.455705e-01 2.507610e-02 -1.715171e-02 1.779175e-02 6.420204e-01 1.220978e-01
1.571657e-02 4.352526e-01 9.593095e-02 2.413453e-01 4.581112e-02 -1.968740e-01 8.605607e-02 1.819731e-01 2.409718e-02 -9.119796e-02 3.007844e-02 8.863163e-01 1.273643e-01
1.936506e-02 7.651592e-01 1.762444e-01 4.485901e-01 1.025519e-01 -1.829881e-01 1.180123e-01 3.178121e-01 6.317725e-02 -7.890642e-02 5.125940e-02 9.787218e-01 1.158856e-01
8.138939e-03 2.386779e-01 2.477840e-02 2.040738e-01 2.677608e-02 -8.542323e-02 2.879600e-02 2.039664e-01 2.771711e-02 6.959574e-03 1.360785e-02 8.737176e-01 1.609079e-01
8.419592e-03 2.600857e-01 6.175703e-02 2.171869e-01 5.569975e-02 -1.679203e-01 5.774677e-02 2.108063e-01 5.040599e-02 -5.012613e-02 5.790066e-02 9.555555e-01 1.188759e-01
9.261551e-03 2.113766e-01 3.712192e-02 1.649992e-01 3.094242e-02 -1.626725e-01 7.425120e-02 1.654550e-01 3.051050e-02 -2.389000e-02 5.291746e-02 1.117779e+00 1.983974e-01
1.066482e-02 3.218272e-01 2.724649e-02 2.361962e-01 2.233289e-02 -1.438188e-01 6.446524e-02 2.082401e-01 1.560722e-02 -4.099263e-02 3.568203e-02 9.614292e-01 1.342250e-01
1.262939e-02 3.170800e-01 3.859678e-02 2.150785e-01 2.347783e-02 -1.477311e-01 5.464651e-02 1.869022e-01 1.798521e-02 -6.907537e-02 3.468556e-02 9.393082e-01 1.658183e-01
1.515527e-02 5.579228e-01 7.667069e-02 3.564729e-01 4.606155e-02 -2.734104e-01 5.232445e-02 2.696735e-01 2.916684e-02 -1.270926e-01 3.669149e-02 9.343722e-01 1.503476e-01
1.824245e-02 7.576984e-01 1.307313e-01 4.387975e-01 7.960145e-02 -2.040261e-01 8.037461e-02 3.140039e-01 5.173762e-02 -8.862661e-02 3.850252e-02 8.275336e-01 1.163191e-01
2.189094e-02 7.579209e-01 7.485635e-02 3.573685e-01 3.295659e-02 -2.737761e-01 1.025532e-01 2.254756e-01 2.108495e-02 -1.138697e-01 4.247536e-02 1.081080e+00 1.351000e-01
1.122612e-02 2.523919e-01 4.066504e-02 1.780255e-01 2.935260e-02 -1.509916e-01 4.932250e-02 1.640808e-01 2.025158e-02 -1.670144e-02 4.661113e-02 1.094208e+00 1.460205e-01
1.150678e-02 3.446569e-01 1.353780e-01 2.520276e-01 9.746939e-02 -2.127835e-01 1.426893e-01 2.165541e-01 6.797758e-02 -1.010487e-01 1.090748e-01 8.870502e-01 1.014590e-01
1.234873e-02 2.470767e-01 2.258005e-02 1.751683e-01 1.841933e-02 -8.010575e-02 3.441657e-02 1.594630e-01 1.457514e-02 1.299584e-03 2.554725e-02 7.759193e-01 1.020285e-01
1.375200e-02 3.209054e-01 5.257068e-02 2.061971e-01 3.794819e-02 -1.891052e-01 6.239759e-02 1.778222e-01 2.534737e-02 -5.371787e-02 5.318786e-02 1.094301e+00 9.506764e-02
1.571657e-02 2.862856e-01 3.834106e-02 1.623551e-01 2.315101e-02 -1.651516e-01 3.815807e-02 1.438252e-01 1.756242e-02 -3.760412e-02 1.916920e-02 9.698792e-01 7.565341e-02
1.824245e-02 5.630103e-01 1.045762e-01 3.094601e-01 6.224042e-02 -3.437929e-01 1.280996e-01 2.221164e-01 3.883761e-02 -1.573517e-01 6.959855e-02 1.087934e+00 2.280572e-01
2.132963e-02 5.066975e-01 6.705761e-02 2.433033e-01 4.304302e-02 -1.554440e-01 2.843701e-02 1.799125e-01 2.749576e-02 -7.080168e-02 1.317297e-02 8.115385e-01 6.613200e-02
2.497812e-02 7.212569e-01 1.564650e-01 3.197586e-01 7.367648e-02 -2.269592e-01 5.787466e-02 2.105586e-01 3.707596e-02 -5.206413e-02 1.568628e-02 8.361905e-01 9.266969e-02
1.487461e-02 4.691885e-01 9.885053e-02 2.857627e-01 5.049353e-02 -1.942458e-01 5.607412e-02 2.232032e-01 2.187332e-02 -4.935096e-02 3.218090e-02 8.251704e-01 6.819193e-02
1.515527e-02 3.775751e-01 7.697161e-02 2.241147e-01 4.306046e-02 -1.576293e-01 5.352892e-02 1.830544e-01 2.474848e-02 -3.724937e-02 3.819322e-02 9.301666e-01 1.040127e-01
1.599722e-02 4.742296e-01 1.546047e-01 2.801659e-01 9.216884e-02 -3.129231e-01 1.343834e-01 2.164385e-01 5.477979e-02 -1.223582e-01 7.459019e-02 1.050446e+00 1.670702e-01
1.740049e-02 3.282775e-01 4.278946e-02 1.941104e-01 2.876041e-02 -1.129224e-01 3.748289e-02 1.731164e-01 2.463446e-02 -1.667885e-02 1.439348e-02 1.038904e+00 7.666245e-02
1.936506e-02 6.661600e-01 9.177926e-02 3.324261e-01 4.252119e-02 -2.449340e-01 1.055551e-01 2.145504e-01 2.156036e-02 -9.835548e-02 5.830837e-02 9.351244e-01 1.787734e-01
2.189094e-02 5.928115e-01 1.541685e-01 2.798754e-01 8.945468e-02 -2.743776e-01 4.460331e-02 1.996689e-01 5.028229e-02 -8.171613e-02 2.122672e-02 1.125243e+00 1.592335e-01
2.497812e-02 5.205072e-01 5.520290e-02 2.076724e-01 2.948409e-02 -1.528703e-01 6.865342e-02 1.621595e-01 1.839073e-02 -3.491506e-02 5.234381e-02 1.013359e+00 1.917010e-01
2.862661e-02 5.879646e-01 7.389836e-02 2.215314e-01 2.769105e-02 -1.820317e-01 5.645769e-02 1.797448e-01 1.875699e-02 -4.383136e-02 3.421930e-02 9.731117e-01 1.606765e-01
2.525878e-03 1.488546e-01 1.690015e-02 1.737461e-01 1.823792e-02 -3.735175e-02 4.634005e-02 2.222522e-01 2.334902e-02 3.709192e-02 6.946404e-02 5.459647e-01 7.928690e-02
2.806531e-03 1.296263e-01 2.240817e-02 1.452381e-01 2.842875e-02 -9.098297e-02 2.435433e-02 1.901066e-01 3.471329e-02 2.763794e-02 3.831700e-02 9.080400e-01 3.040113e-01
3.648490e-03 1.232636e-01 2.830986e-02 1.243299e-01 2.409455e-02 -1.027174e-01 8.820088e-02 1.526538e-01 2.630610e-02 2.451699e-02 9.701918e-02 1.053966e+00 2.297665e-01
5.051755e-03 1.103893e-01 1.521469e-02 1.017991e-01 1.503590e-02 -1.152614e-01 4.908992e-02 1.245783e-01 1.586005e-02 2.227492e-02 5.463236e-02 1.196162e+00 1.185427e-01
7.016327e-03 2.043397e-01 6.839182e-02 1.859801e-01 6.243770e-02 -4.820864e-02 2.685286e-02 2.027863e-01 5.583932e-02 4.408487e-02 3.378905e-02 7.121336e-01 5.709230e-02
9.542204e-03 1.865271e-01 2.864699e-02 1.493741e-01 2.340877e-02 -1.118428e-01 1.788877e-02 1.512507e-01 2.009011e-02 -1.471477e-02 2.015893e-02 8.708308e-01 8.826455e-02
1.262939e-02 4.261286e-01 1.041655e-01 2.901031e-01 6.887729e-02 -5.391941e-02 7.083822e-02 2.358529e-01 4.612047e-02 2.575718e-02 4.967817e-02 9.129228e-01 1.113223e-01
1.627788e-02 4.144504e-01 5.060090e-02 2.463711e-01 2.707423e-02 -2.240960e-01 4.905617e-02 1.943913e-01 1.398241e-02 -7.304255e-02 3.049886e-02 9.401733e-01 8.486240e-02
2.806531e-03 1.050271e-01 1.043971e-02 1.155782e-01 1.574396e-02 -5.491239e-02 2.876505e-02 1.457741e-01 2.238355e-02 2.025535e-02 2.839536e-02 6.244180e-01 6.243363e-02
3.087184e-03 1.228686e-01 1.524217e-02 1.391143e-01 1.925281e-02 -5.148164e-02 5.464896e-02 1.773442e-01 2.564239e-02 2.061627e-02 6.240787e-02 5.910696e-01 7.759457e-02
3.929143e-03 1.392802e-01 2.508564e-02 1.417673e-01 1.971100e-02 -6.332981e-02 6.794139e-02 1.673622e-01 1.542393e-02 2.118737e-02 6.013858e-02 6.393756e-01 1.910444e-01
5.332408e-03 1.719059e-01 3.435952e-02 1.569759e-01 3.364786e-02 -1.842959e-01 6.901829e-02 1.747423e-01 3.357961e-02 -4.602095e-02 6.004201e-02 1.181711e+00 2.729472e-01
7.296980e-03 1.576273e-01 2.414581e-02 1.393865e-01 2.795390e-02 -7.967632e-02 7.535942e-02 1.544865e-01 3.381576e-02 1.648164e-02 5.001261e-02 9.351245e-01 2.105588e-01
9.822857e-03 2.764944e-01 2.352666e-02 2.096763e-01 2.247572e-02 -1.665219e-01 3.306829e-02 1.897247e-01 2.065074e-02 -4.783040e-02 3.169717e-02 8.207656e-01 1.013607e-01
1.291004e-02 3.295276e-01 5.782945e-02 2.240696e-01 4.026737e-02 -1.856305e-01 3.378318e-02 1.881539e-01 2.864129e-02 -2.685300e-02 6.882304e-03 1.410051e+00 1.842821e-01
1.655853e-02 3.666305e-01 5.383783e-02 2.122402e-01 3.635862e-02 -2.645445e-01 4.613938e-02 1.787387e-01 2.660808e-02 -1.002265e-01 2.315373e-02 8.897054e-01 5.244035e-02
3.648490e-03 1.188139e-01 1.741936e-02 1.263865e-01 1.711332e-02 -6.325281e-02 3.752802e-02 1.619568e-01 1.905817e-02 7.082187e-02 3.258316e-02 1.060969e+00 1.330917e-01
3.929143e-03 1.905114e-01 4.199100e-02 1.714335e-01 3.694861e-02 -2.800564e-01 1.108728e-01 1.811531e-01 3.489275e-02 -1.293441e-01 8.597150e-02 1.393318e+00 3.488623e-01
4.771102e-03 1.126722e-01 1.173184e-02 1.093945e-01 1.134173e-02 -8.614937e-02 3.457615e-02 1.249713e-01 1.250266e-02 -2.899069e-02 2.570270e-02 5.782961e-01 1.244343e-01
6.174367e-03 2.161301e-01 1.233372e-02 2.011598e-01 1.001384e-02 -8.048693e-02 4.899930e-02 2.094526e-01 1.446180e-02 -9.799123e-03 4.379049e-02 6.359076e-01 1.123997e-01
8.138939e-03 2.478598e-01 5.468899e-02 2.220250e-01 5.332091e-02 -3.425804e-02 4.003719e-02 2.289411e-01 5.348655e-02 5.319770e-02 4.052859e-02 8.101364e-01 7.505459e-02
1.066482e-02 2.849736e-01 6.453010e-02 2.274036e-01 5.631550e-02 -3.906367e-02 7.518624e-02 2.208602e-01 4.807028e-02 4.058143e-02 5.362666e-02 8.406951e-01 1.067908e-01
1.375200e-02 4.226483e-01 3.679400e-02 2.679334e-01 2.029376e-02 -3.030820e-01 7.138771e-02 2.159185e-01 1.533389e-02 -1.156661e-01 4.769162e-02 1.028630e+00 7.382230e-02
1.740049e-02 4.553035e-01 8.601240e-02 2.606649e-01 5.176440e-02 -1.732382e-01 3.332843e-02 2.061157e-01 3.598704e-02 -4.420793e-02 2.239050e-02 8.808117e-01 1.006971e-01
5.051755e-03 1.845014e-01 3.695576e-02 1.836573e-01 3.947314e-02 -1.075333e-01 4.855181e-02 2.187114e-01 4.376896e-02 4.774132e-02 7.611810e-02 1.281755e+00 2.508035e-01
5.332408e-03 1.310240e-01 1.199199e-02 1.232766e-01 1.210175e-02 -1.130150e-01 2.451839e-02 1.431284e-01 1.313573e-02 -1.398646e-02 1.628269e-02 7.995125e-01 9.882913e-02
6.174367e-03 1.287434e-01 1.559438e-02 1.169714e-01 1.283539e-02 -7.723677e-02 3.952906e-02 1.390571e-01 1.526687e-02 2.616553e-02 1.968901e-02 8.484783e-01 2.272729e-01
7.577633e-03 2.195878e-01 1.372250e-02 1.767499e-01 1.044653e-02 -1.649687e-01 3.636116e-02 1.697167e-01 1.108738e-02 -6.345197e-02 2.407863e-02 8.784619e-01 7.334289e-02
9.542204e-03 3.193501e-01 7.224035e-02 2.443588e-01 4.978339e-02 -2.232602e-01 8.645534e-02 2.191246e-01 3.370826e-02 -1.020928e-01 7.388463e-02 8.172869e-01 9.219841e-02
1.206808e-02 3.688580e-01 6.034610e-02 2.513347e-01 3.296255e-02 -2.050194e-01 3.797215e-02 2.085768e-01 1.707045e-02 -8.792356e-02 2.391400e-02 6.861560e-01 6.038830e-02
1.515527e-02 3.761967e-01 5.290143e-02 2.543655e-01 4.111860e-02 -7.688011e-02 4.080288e-02 2.131526e-01 3.135727e-02 -2.040239e-02 2.501755e-02 7.270573e-01 7.962184e-02
1.880376e-02 2.691743e-01 4.960818e-02 1.316308e-01 2.795167e-02 -1.585660e-01 2.474011e-02 1.204932e-01 2.020078e-02 -2.463899e-02 1.724887e-02 9.221002e-01 1.080510e-01
7.016327e-03 2.285873e-01 2.282853e-02 2.029196e-01 2.486160e-02 -1.154377e-01 4.996858e-02 2.136848e-01 2.483145e-02 1.567131e-02 3.348389e-02 1.089853e+00 3.752928e-01
7.296980e-03 2.242600e-01 1.764457e-02 2.002848e-01 1.147696e-02 -1.592934e-01 6.690669e-02 2.087139e-01 1.151073e-02 -5.304060e-02 4.958492e-02 8.965140e-01 1.743647e-01
8.138939e-03 2.884445e-01 3.095493e-02 2.563255e-01 3.393107e-02 -5.971021e-02 8.958648e-02 2.561750e-01 3.955111e-02 2.381994e-02 8.172035e-02 7.979331e-01 7.400129e-02
9.542204e-03 2.539171e-01 4.007270e-02 1.874450e-01 2.538570e-02 -2.690132e-01 1.016120e-01 1.703811e-01 2.123987e-02 -1.071913e-01 5.737536e-02 1.143029e+00 2.440937e-01
1.150678e-02 3.094242e-01 4.431767e-02 2.286780e-01 2.821699e-02 -1.382544e-01 5.045010e-02 2.095225e-01 1.987490e-02 -3.684840e-02 3.409639e-02 7.978478e-01 9.085320e-02
1.403265e-02 3.228303e-01 3.076949e-02 2.001226e-01 2.226179e-02 -2.675401e-01 5.644850e-02 1.664902e-01 1.535378e-02 -1.005268e-01 3.654577e-02 1.189471e+00 2.433523e-01
1.711984e-02 4.611128e-01 1.094442e-01 2.579363e-01 7.173883e-02 -1.819640e-01 1.071594e-01 1.936917e-01 5.046459e-02 -4.257477e-02 6.196173e-02 1.149214e+00 1.753580e-01
2.076833e-02 4.060551e-01 5.171814e-02 1.980854e-01 2.610834e-02 -7.490075e-02 7.426096e-02 1.645288e-01 2.574930e-02 -3.492977e-02 1.891961e-02 7.452970e-01 6.625923e-02
9.542204e-03 2.429176e-01 1.427388e-02 1.895591e-01 1.662024e-02 -1.530051e-01 4.621048e-02 1.825959e-01 2.195517e-02 -1.732814e-02 6.519928e-02 1.035384e+00 1.239665e-01
9.822857e-03 2.794751e-01 4.407369e-02 2.258394e-01 3.596254e-02 -1.145565e-01 4.062885e-02 2.144266e-01 2.891151e-02 -2.127686e-03 4.102048e-02 9.830825e-01 2.884444e-01
1.066482e-02 2.506935e-01 2.743958e-02 1.954029e-01 2.608846e-02 -1.071092e-01 6.508412e-02 1.922990e-01 2.574033e-02 8.848362e-03 5.621770e-02 1.039956e+00 9.340757e-02
1.206808e-02 3.022923e-01 4.405209e-02 2.207829e-01 3.605838e-02 -5.875547e-02 5.164665e-02 2.012716e-01 3.177056e-02 2.137692e-02 3.434231e-02 6.188875e-01 7.637543e-02
1.403265e-02 5.640766e-01 6.409391e-02 3.914111e-01 4.623760e-02 -2.095382e-01 9.073227e-02 3.222334e-01 3.408059e-02 -8.295047e-02 6.745688e-02 1.005335e+00 1.790768e-01
1.655853e-02 4.116112e-01 9.137652e-02 2.438518e-01 5.573221e-02 -1.230535e-01 5.371862e-02 1.995509e-01 3.891860e-02 -1.053585e-02 3.424525e-02 8.202479e-01 5.822722e-02
1.964571e-02 5.845235e-01 1.137468e-01 3.210236e-01 7.721629e-02 -2.529591e-01 7.618365e-02 2.353105e-01 5.690449e-02 -1.037882e-01 4.448197e-02 8.734505e-01 1.474292e-01
2.329420e-02 7.687394e-01 1.282613e-01 3.474447e-01 6.937532e-02 -6.285191e-02 9.547958e-02 2.121351e-01 3.918531e-02 2.616490e-02 5.550934e-02 8.304232e-01 8.003932e-02
1.262939e-02 3.105501e-01 5.725333e-02 2.036295e-01 3.533618e-02 -1.759129e-01 6.422016e-02 1.731439e-01 2.708331e-02 -6.087592e-02 5.904285e-02 9.551442e-01 1.169855e-01
1.291004e-02 3.834762e-01 9.700020e-02 2.626673e-01 7.119485e-02 -1.379354e-01 6.319581e-02 2.190069e-01 5.289278e-02 -4.109789e-02 4.142992e-02 7.759095e-01 1.046521e-01
1.375200e-02 3.277079e-01 5.273849e-02 2.051866e-01 2.939680e-02 -1.971403e-01 8.132361e-02 1.745595e-01 1.800336e-02 -6.069021e-02 3.986894e-02 9.549723e-01 1.368912e-01
1.515527e-02 4.255107e-01 6.072136e-02 2.692937e-01 4.987895e-02 -2.163848e-01 4.328046e-02 2.191615e-01 4.037760e-02 -8.800352e-02 2.387473e-02 8.118630e-01 9.250833e-02
1.711984e-02 3.918347e-01 6.285189e-02 2.109339e-01 3.297983e-02 -1.874678e-01 6.001663e-02 1.627791e-01 1.651332e-02 -6.526078e-02 3.779318e-02 9.391240e-01 5.145408e-02
1.964571e-02 5.445807e-01 1.063452e-01 2.955933e-01 6.917328e-02 -1.900177e-01 5.259321e-02 2.301143e-01 4.466327e-02 -8.924359e-02 4.150570e-02 8.252036e-01 7.238648e-02
2.273290e-02 6.845680e-01 6.148028e-02 3.276080e-01 3.292499e-02 -2.892963e-01 6.563421e-02 2.156796e-01 2.127636e-02 -1.114970e-01 3.756042e-02 9.750307e-01 1.852079e-01
2.638139e-02 5.604095e-01 5.430881e-02 2.323021e-01 4.235523e-02 -2.871656e-02 4.546653e-02 1.808095e-01 3.026626e-02 -1.707687e-03 3.006995e-02 9.199766e-01 7.236359e-02
1.627788e-02 5.173567e-01 3.818255e-02 3.035169e-01 1.775464e-02 -2.846352e-01 7.986749e-02 2.233665e-01 6.684021e-03 -1.082469e-01 4.865426e-02 1.133148e+00 1.303415e-01
1.655853e-02 5.379571e-01 7.439384e-02 3.203633e-01 5.383681e-02 -1.936369e-01 7.737889e-02 2.398180e-01 4.040853e-02 -5.287018e-02 3.672217e-02 9.161826e-01 1.037531e-01
1.740049e-02 5.213729e-01 2.576904e-02 2.802619e-01 1.523525e-02 -2.517524e-01 4.326087e-02 1.949039e-01 9.456429e-03 -9.970935e-02 1.145890e-02 9.017756e-01 1.442761e-01
1.880376e-02 4.508406e-01 5.041734e-02 2.203535e-01 2.769403e-02 -2.094581e-01 7.029031e-02 1.617408e-01 2.242185e-02 -4.912599e-02 2.142688e-02 1.072207e+00 5.835285e-02
2.076833e-02 5.684684e-01 7.742688e-02 2.796464e-01 3.195521e-02 -2.148355e-01 9.952758e-02 2.025703e-01 1.394721e-02 -6.566987e-02 6.302564e-02 1.141684e+00 6.001223e-02
2.329420e-02 7.591966e-01 1.249212e-01 3.603400e-01 5.575390e-02 -2.118287e-01 1.191945e-01 2.479165e-01 2.885727e-02 -5.941140e-02 4.876057e-02 8.778994e-01 5.460142e-02
2.638139e-02 6.224412e-01 1.012399e-01 2.535420e-01 4.908632e-02 -2.879316e-01 4.453789e-02 1.764508e-01 3.151499e-02 -9.985503e-02 1.986939e-02 9.324684e-01 1.339015e-01
3.002988e-02 6.838609e-01 1.011941e-01 2.070041e-01 2.927831e-02 -2.022796e-01 6.286032e-02 1.648794e-01 1.058631e-02 -4.426714e-02 4.248966e-02 1.073902e+00 9.098129e-02
4.490449e-03 1.301420e-01 1.701364e-02 1.259089e-01 1.348332e-02 -1.127061e-01 7.622689e-02 1.488728e-01 1.528233e-02 1.328817e-02 5.691942e-02 1.129615e+00 2.553309e-01
4.771102e-03 1.894932e-01 4.211226e-02 1.917445e-01 4.293103e-02 -1.089929e-01 5.566897e-02 2.176976e-01 4.250052e-02 -1.699629e-02 6.721565e-02 9.264865e-01 1.300667e-01
5.613061e-03 1.612027e-01 1.079067e-02 1.540557e-01 1.395181e-02 -6.588302e-02 3.557597e-02 1.700446e-01 1.958698e-02 3.153911e-03 3.796067e-02 6.307007e-01 7.470854e-02
7.016327e-03 2.270084e-01 6.236548e-02 2.172260e-01 6.381884e-02 -1.613986e-02 2.481633e-02 2.407460e-01 6.842632e-02 8.442670e-02 2.132405e-02 9.059650e-01 1.486535e-01
8.980898e-03 2.555930e-01 6.575789e-02 1.954070e-01 5.171547e-02 -2.247984e-01 6.476939e-02 1.875058e-01 4.660273e-02 -5.500143e-02 5.876807e-02 1.309358e+00 1.266299e-01
1.150678e-02 3.194177e-01 7.143408e-02 2.249028e-01 4.590104e-02 -2.022844e-01 6.341373e-02 1.950868e-01 3.170331e-02 -9.751524e-02 3.880130e-02 8.682832e-01 1.484739e-01
1.459396e-02 2.768509e-01 3.938746e-02 1.704255e-01 2.698116e-02 -9.811513e-02 4.517662e-02 1.556486e-01 1.891823e-02 -1.266207e-02 3.272368e-02 8.443949e-01 1.037345e-01
1.824245e-02 4.574374e-01 5.236988e-02 2.587246e-01 3.117285e-02 -1.792092e-01 6.171323e-02 1.989704e-01 1.960404e-02 -6.109523e-02 3.390640e-02 8.537749e-01 9.189063e-02
4.771102e-03 1.400231e-01 2.628325e-02 1.340409e-01 2.625919e-02 -1.078608e-01 3.853636e-02 1.487874e-01 2.783738e-02 -4.199918e-02 4.047741e-02 6.246779e-01 7.885485e-02
5.051755e-03 1.323226e-01 1.963841e-02 1.279988e-01 1.709765e-02 -9.181764e-02 3.532723e-02 1.486685e-01 1.393106e-02 5.257311e-03 3.611689e-02 8.491433e-01 1.194174e-01
5.893714e-03 2.353151e-01 6.260625e-02 2.093867e-01 5.944619e-02 -2.349851e-01 7.538231e-02 2.164841e-01 5.523801e-02 -1.161382e-01 7.990651e-02 1.027243e+00 1.223153e-01
7.296980e-03 1.626863e-01 2.657972e-02 1.497298e-01 2.660879e-02 -3.850599e-02 4.329092e-02 1.652254e-01 3.179346e-02 3.057246e-02 4.408823e-02 6.112594e-01 7.767715e-02
9.261551e-03 1.723412e-01 1.959828e-02 1.409535e-01 1.629451e-02 -6.042493e-02 1.008534e-02 1.480231e-01 1.568525e-02 2.690346e-02 1.899381e-02 7.685166e-01 1.170370e-01
1.178743e-02 3.527917e-01 8.313901e-02 2.420128e-01 5.677931e-02 -2.423183e-01 8.534264e-02 2.040525e-01 3.855001e-02 -8.812009e-02 5.082905e-02 1.031884e+00 1.604894e-01
1.487461e-02 3.933697e-01 2.201884e-02 2.552484e-01 1.641964e-02 -2.056948e-01 6.206333e-02 2.117703e-01 1.404161e-02 -9.166344e-02 4.272564e-02 7.692366e-01 1.607342e-01
1.852310e-02 3.941763e-01 2.794825e-02 2.271739e-01 1.523596e-02 -6.416133e-02 5.466608e-02 1.905609e-01 1.306741e-02 4.237654e-03 4.126054e-02 8.777077e-01 1.175295e-01
5.613061e-03 1.618183e-01 2.116866e-02 1.602673e-01 2.731733e-02 -6.528384e-02 6.257285e-02 1.884900e-01 3.762752e-02 4.292713e-02 7.512662e-02 8.173701e-01 5.023251e-02
5.893714e-03 2.161333e-01 1.589862e-02 2.079951e-01 2.511327e-02 -9.603599e-02 8.514575e-02 2.268152e-01 3.648464e-02 -1.316733e-02 8.902001e-02 7.420464e-01 1.442084e-01
6.735674e-03 1.786578e-01 3.736652e-02 1.527871e-01 3.302141e-02 -1.210705e-01 4.849581e-02 1.548886e-01 2.875143e-02 -4.035195e-02 3.650155e-02 7.094210e-01 1.834164e-01
8.138939e-03 2.220375e-01 4.698597e-02 1.655657e-01 3.826101e-02 -2.382614e-01 7.869270e-02 1.572874e-01 3.152988e-02 -7.106534e-02 6.239478e-02 1.251728e+00 2.402489e-01
1.010351e-02 1.986726e-01 2.875823e-02 1.534916e-01 2.840259e-02 -1.181304e-01 3.229964e-02 1.488962e-01 2.723888e-02 -4.857491e-02 2.650586e-02 7.200431e-01 1.004247e-01
1.262939e-02 2.541551e-01 3.737815e-02 1.666873e-01 2.059807e-02 -2.119501e-01 5.189339e-02 1.435234e-01 1.048265e-02 -1.013220e-01 3.287331e-02 8.558723e-01 8.287124e-02
1.571657e-02 4.667583e-01 1.100819e-01 2.821101e-01 6.289903e-02 -2.031798e-01 8.046594e-02 2.197805e-01 3.447570e-02 -6.045581e-02 5.158854e-02 1.109281e+00 9.792235e-02
1.936506e-02 6.077767e-01 1.469571e-01 3.520713e-01 9.664179e-02 -2.468520e-01 8.078614e-02 2.640104e-01 6.995256e-02 -1.125229e-01 5.029190e-02 9.939818e-01 8.606160e-02
7.016327e-03 2.177926e-01 5.186104e-02 1.984530e-01 4.793467e-02 -9.862524e-02 8.753967e-02 2.134225e-01 4.367401e-02 2.523319e-02 8.966468e-02 1.021704e+00 1.308853e-01
7.296980e-03 1.555903e-01 2.581643e-02 1.324154e-01 2.195987e-02 -1.342656e-01 5.138969e-02 1.413477e-01 1.571183e-02 -3.439466e-02 6.407108e-02 8.181047e-01 1.751947e-01
8.138939e-03 2.555788e-01 6.275592e-02 1.995959e-01 4.436915e-02 -2.150216e-01 8.198507e-02 1.894716e-01 3.486260e-02 -7.205728e-02 6.500149e-02 9.759167e-01 4.252842e-02
9.542204e-03 2.388601e-01 2.761575e-02 1.794687e-01 2.198882e-02 -2.030689e-01 1.377897e-02 1.739686e-01 1.731404e-02 -5.706988e-02 2.885086e-02 1.064997e+00 1.437997e-01
1.150678e-02 3.168763e-01 5.660845e-02 2.192567e-01 3.689160e-02 -1.717265e-01 8.430233e-02 1.921336e-01 2.526540e-02 -6.242047e-02 5.670854e-02 8.280150e-01 1.440946e-01
1.403265e-02 5.127496e-01 8.579239e-02 3.442511e-01 6.842626e-02 -2.207046e-01 6.741817e-02 2.801385e-01 5.361488e-02 -4.374377e-02 5.057611e-02 1.366793e+00 2.947338e-01
1.711984e-02 5.617778e-01 9.270128e-02 3.362541e-01 5.517132e-02 -3.111805e-01 1.426990e-01 2.501501e-01 3.134757e-02 -1.413253e-01 8.848800e-02 8.968403e-01 1.857385e-01
2.076833e-02 5.584423e-01 1.036210e-01 2.588923e-01 5.818241e-02 -2.927036e-01 5.139422e-02 1.850921e-01 3.514559e-02 -7.590424e-02 4.811500e-02 1.032949e+00 1.323816e-01
8.980898e-03 2.748125e-01 8.382640e-02 2.223314e-01 6.884163e-02 -1.996590e-01 5.525830e-02 2.095237e-01 5.605494e-02 -9.959356e-02 5.420882e-02 8.653825e-01 6.606196e-02
9.261551e-03 3.072922e-01 5.169512e-02 2.524772e-01 4.156239e-02 -1.671565e-01 6.836812e-02 2.366962e-01 3.415907e-02 -7.875125e-02 4.499476e-02 8.458952e-01 2.364925e-01
1.010351e-02 2.850101e-01 4.490486e-02 2.257860e-01 3.219487e-02 -1.678222e-01 5.180653e-02 2.114599e-01 2.072152e-02 -7.162652e-02 4.465452e-02 7.674486e-01 8.183400e-02
1.150678e-02 3.019514e-01 3.225731e-02 2.198982e-01 2.859582e-02 -1.909472e-01 3.546809e-02 1.986784e-01 3.006026e-02 -7.476504e-02 2.296721e-02 8.199863e-01 1.270830e-01
1.347135e-02 3.765457e-01 6.947767e-02 2.445418e-01 5.199651e-02 -1.021637e-01 5.770377e-02 1.989963e-01 4.267731e-02 -2.073528e-03 3.290677e-02 7.474272e-01 9.628683e-02
1.599722e-02 4.502549e-01 1.264349e-01 2.652441e-01 6.454900e-02 -2.293568e-01 1.587412e-01 2.007447e-01 2.892308e-02 -1.030811e-01 9.025179e-02 7.666263e-01 1.449320e-01
1.908441e-02 5.438874e-01 2.243569e-01 3.001836e-01 1.186191e-01 -1.681812e-01 1.101991e-01 2.131011e-01 6.465955e-02 -4.104017e-02 4.937690e-02 8.102557e-01 7.592459e-02
2.273290e-02 5.299211e-01 3.782785e-02 2.543528e-01 1.240689e-02 -1.874012e-01 1.041703e-01 1.832946e-01 9.473022e-03 -5.050780e-02 5.118691e-02 1.004492e+00 1.110625e-01
1.150678e-02 2.548295e-01 6.958007e-02 1.754935e-01 4.732404e-02 -1.889598e-01 7.864899e-02 1.578409e-01 3.274899e-02 -8.316847e-02 4.866629e-02 7.945165e-01 1.577259e-01
1.178743e-02 2.688170e-01 2.870789e-02 1.884972e-01 1.915538e-02 -1.879268e-01 8.079793e-02 1.700602e-01 1.300119e-02 -5.898462e-02 6.285256e-02 1.012118e+00 1.867151e-02
1.262939e-02 3.204900e-01 2.910642e-02 2.130405e-01 2.135803e-02 -2.423136e-01 2.688037e-02 1.757783e-01 1.663093e-02 -9.643864e-02 2.386540e-02 1.014992e+00 7.475798e-02
1.403265e-02 4.110747e-01 6.118184e-02 2.587968e-01 3.258733e-02 -1.387908e-01 1.554152e-01 2.112408e-01 2.265919e-02 -4.046950e-03 8.851412e-02 1.026373e+00 2.189686e-01
1.599722e-02 5.141658e-01 9.068425e-02 3.090901e-01 5.258118e-02 -1.242239e-01 1.199284e-01 2.283531e-01 3.056410e-02 -3.039306e-02 7.479683e-02 7.707364e-01 1.048598e-01
1.852310e-02 4.561162e-01 5.428857e-02 2.549541e-01 2.837376e-02 -1.196791e-01 4.575332e-02 1.918075e-01 1.711937e-02 -2.688776e-02 3.206553e-02 7.560728e-01 6.202992e-02
2.161029e-02 6.432312e-01 8.296595e-02 3.169642e-01 4.637502e-02 -1.862680e-01 8.328314e-02 2.210141e-01 2.637539e-02 -8.352694e-02 3.884404e-02 1.123041e+00 9.648639e-02
2.525878e-02 7.272950e-01 1.873384e-01 3.096116e-01 9.349848e-02 -2.720026e-01 6.833863e-02 2.012751e-01 4.480929e-02 -1.109239e-01 1.274961e-02 9.487839e-01 6.609589e-02
1.459396e-02 4.973651e-01 4.614656e-02 3.250554e-01 3.583081e-02 -1.972899e-01 6.855884e-02 2.580550e-01 2.685962e-02 -8.511512e-02 4.426768e-02 9.196762e-01 8.569994e-02
1.487461e-02 3.235721e-01 7.242142e-02 1.977904e-01 4.478051e-02 -1.085808e-01 6.424159e-02 1.632704e-01 2.679822e-02 -3.186466e-02 4.366597e-02 7.491298e-01 2.393627e-02
1.571657e-02 4.083669e-01 6.840088e-02 2.228553e-01 3.178676e-02 -1.162039e-01 4.427561e-02 1.642293e-01 1.334519e-02 -1.144585e-02 2.604573e-02 8.601199e-01 9.104647e-02
1.711984e-02 4.961293e-01 5.314820e-02 2.802723e-01 3.742642e-02 -2.145099e-01 5.483087e-02 2.074542e-01 3.043017e-02 -7.480085e-02 3.042098e-02 8.776656e-01 7.285531e-02
1.908441e-02 5.310675e-01 8.825330e-02 2.770618e-01 5.515810e-02 -2.317795e-01 3.017016e-02 1.963699e-01 3.473877e-02 -1.132317e-01 1.704210e-02 8.404533e-01 1.317851e-01
2.161029e-02 6.126702e-01 8.546464e-02 2.941956e-01 3.002674e-02 -1.602257e-01 6.388844e-02 2.061258e-01 8.496195e-03 -5.680357e-02 2.110327e-02 9.051699e-01 3.653004e-02
2.469747e-02 5.790938e-01 6.349075e-02 2.284158e-01 3.294175e-02 -3.133514e-01 8.879383e-02 1.697222e-01 9.837317e-03 -1.186507e-01 3.885184e-02 1.321318e+00 1.007204e-01
2.834596e-02 7.884509e-01 1.842550e-01 3.044612e-01 8.232991e-02 -2.521974e-01 9.531572e-02 2.053972e-01 3.592288e-02 -7.633414e-02 4.426896e-02 9.981068e-01 1.004508e-01
1.824245e-02 4.743066e-01 5.615768e-02 2.487209e-01 2.820232e-02 -2.352479e-01 1.077857e-01 1.784677e-01 1.649421e-02 -8.573937e-02 5.202449e-02 1.020875e+00 1.564535e-01
1.852310e-02 6.723118e-01 1.166880e-01 3.587496e-01 5.311327e-02 -2.324480e-01 5.773337e-02 2.451235e-01 2.415317e-02 -9.471584e-02 2.997789e-02 1.019456e+00 9.438562e-02
1.936506e-02 5.975313e-01 9.943423e-02 3.242330e-01 5.999176e-02 -2.472960e-01 1.147324e-01 2.412951e-01 3.775117e-02 -1.159576e-01 6.632654e-02 9.053375e-01 1.347562e-01
2.076833e-02 6.800904e-01 1.144183e-01 3.421247e-01 4.321023e-02 -2.543165e-01 8.412950e-02 2.313953e-01 1.268073e-02 -9.726630e-02 4.970416e-02 8.694518e-01 1.468623e-01
2.273290e-02 4.357740e-01 4.127686e-02 2.158638e-01 2.154159e-02 -1.494555e-01 3.158550e-02 1.772000e-01 1.398743e-02 -4.872380e-02 3.118741e-02 9.937625e-01 4.617372e-02
2.525878e-02 6.224854e-01 5.355206e-02 2.565014e-01 3.113095e-02 -1.514502e-01 5.917755e-02 1.875909e-01 2.295546e-02 -3.266695e-02 3.996202e-02 8.715453e-01 1.084596e-01
2.834596e-02 5.919239e-01 8.720213e-02 2.246663e-01 3.106920e-02 -1.230707e-01 2.310052e-02 1.688235e-01 1.253249e-02 -5.112224e-02 2.530268e-02 8.143829e-01 6.148169e-02
3.199445e-02 7.852650e-01 1.203037e-01 2.569088e-01 4.790898e-02 -1.791202e-01 1.068606e-01 1.957557e-01 2.739810e-02 -9.331376e-02 4.278975e-02 1.066496e+00 1.090463e-01
7.016327e-03 1.568086e-01 7.707576e-03 1.438986e-01 1.209759e-02 -3.885212e-02 4.999677e-02 1.637897e-01 1.809390e-02 6.725141e-02 4.407530e-02 8.883494e-01 1.323892e-01
7.296980e-03 2.090872e-01 2.500401e-02 1.832775e-01 2.393945e-02 -7.927777e-02 8.183258e-02 1.913500e-01 2.640041e-02 8.798563e-03 6.259376e-02 7.855509e-01 1.514780e-01
8.138939e-03 2.900846e-01 5.603224e-02 2.351167e-01 5.069019e-02 -2.574299e-01 5.606130e-02 2.281591e-01 4.442966e-02 -9.356975e-02 6.373294e-02 1.380560e+00 9.165809e-02
9.542204e-03 1.829466e-01 1.225935e-02 1.370582e-01 1.512053e-02 -9.347833e-02 4.713320e-02 1.387583e-01 1.728421e-02 1.795894e-02 2.463487e-02 8.995174e-01 2.082403e-01
1.150678e-02 3.665501e-01 5.087058e-02 2.706135e-01 3.844309e-02 -1.652920e-01 1.846958e-02 2.396230e-01 2.997052e-02 -5.411003e-02 3.205340e-02 1.106704e+00 2.179847e-01
1.403265e-02 3.413096e-01 2.105339e-02 2.198343e-01 1.134093e-02 -9.094889e-02 4.238619e-02 1.773876e-01 7.908218e-03 -1.371468e-02 3.048584e-02 7.598240e-01 1.103447e-01
1.711984e-02 3.643995e-01 5.037546e-02 2.095091e-01 3.542326e-02 -2.331723e-01 7.760841e-02 1.682031e-01 2.461569e-02 -9.835206e-02 3.379988e-02 1.047019e+00 1.259819e-01
2.076833e-02 5.033989e-01 5.624728e-02 2.543967e-01 2.463635e-02 -1.104659e-01 8.890731e-02 1.862672e-01 1.256396e-02 -3.939818e-03 3.505658e-02 1.104944e+00 8.204236e-02
7.296980e-03 2.116029e-01 4.070325e-02 1.787843e-01 3.174125e-02 -1.841737e-01 6.876606e-02 1.845373e-01 2.697732e-02 -6.992701e-02 5.938105e-02 9.406597e-01 1.341546e-01
7.577633e-03 1.857664e-01 4.584375e-02 1.550184e-01 3.885798e-02 -1.650291e-01 5.256491e-02 1.620514e-01 3.183756e-02 -3.180848e-02 5.544788e-02 1.085434e+00 9.891332e-02
8.419592e-03 1.590778e-01 2.040545e-02 1.325577e-01 2.277572e-02 -4.816429e-02 3.052784e-02 1.414264e-01 2.398111e-02 4.768638e-02 1.849502e-02 9.343522e-01 1.709155e-01
9.822857e-03 2.363195e-01 4.667110e-02 1.823969e-01 3.549603e-02 -1.289813e-01 5.789689e-02 1.765193e-01 2.663857e-02 -1.503795e-02 6.558741e-02 9.216904e-01 2.458324e-01
1.178743e-02 4.073961e-01 6.357806e-02 2.958269e-01 4.998585e-02 -1.800290e-01 8.300171e-02 2.552151e-01 3.864482e-02 -7.552083e-02 5.411321e-02 8.074955e-01 1.240532e-01
1.431331e-02 2.512539e-01 3.996242e-02 1.679175e-01 2.186329e-02 -9.191720e-02 4.483182e-02 1.539523e-01 1.075069e-02 -1.565796e-02 3.638576e-02 8.068753e-01 9.456912e-02
1.740049e-02 4.905705e-01 5.021020e-02 2.648401e-01 3.822088e-02 -2.273751e-01 9.590687e-02 2.032342e-01 2.997209e-02 -8.672267e-02 4.541874e-02 9.522870e-01 1.585479e-01
2.104898e-02 6.200879e-01 8.989299e-02 3.052210e-01 3.717118e-02 -2.646388e-01 5.734559e-02 2.088571e-01 1.356246e-02 -9.753012e-02 2.882505e-02 9.297834e-01 1.151220e-01
8.138939e-03 2.237323e-01 3.430064e-02 1.881331e-01 2.409434e-02 -1.044210e-01 4.806631e-02 1.909167e-01 2.028059e-02 -1.725492e-02 4.557144e-02 7.467805e-01 1.059344e-01
8.419592e-03 3.141304e-01 6.631941e-02 2.586514e-01 5.888767e-02 -1.923837e-01 8.367692e-02 2.488959e-01 5.376009e-02 -6.185155e-02 6.791309e-02 9.497758e-01 1.654432e-01
9.261551e-03 3.372612e-01 8.131409e-02 2.655372e-01 6.530945e-02 -1.848491e-01 4.473653e-02 2.337336e-01 5.328345e-02 -8.983358e-02 2.775117e-02 8.831635e-01 8.602446e-02
1.066482e-02 4.173319e-01 8.446164e-02 3.223020e-01 6.210379e-02 -2.102867e-01 7.878833e-02 2.829273e-01 4.558635e-02 -1.048764e-01 6.097052e-02 8.534629e-01 1.203591e-01
1.262939e-02 2.571218e-01 3.845386e-02 1.768444e-01 2.835529e-02 -8.381340e-02 4.806298e-02 1.610594e-01 2.267461e-02 -3.797954e-03 3.177909e-02 8.701006e-01 1.353954e-01
1.515527e-02 4.125233e-01 2.817999e-02 2.657710e-01 2.260447e-02 -1.561531e-01 3.607331e-02 2.175845e-01 2.030306e-02 -3.923593e-02 3.701081e-02 9.091141e-01 8.029727e-02
1.824245e-02 6.848522e-01 3.361189e-02 3.700647e-01 1.940429e-02 -4.086685e-01 1.000452e-01 2.589601e-01 1.349958e-02 -1.809121e-01 6.425880e-02 1.437633e+00 1.228435e-01
2.189094e-02 6.949913e-01 1.118018e-01 3.416449e-01 5.600745e-02 -2.311830e-01 5.798115e-02 2.256126e-01 3.161755e-02 -8.934922e-02 4.204688e-02 9.405521e-01 8.121693e-02
9.542204e-03 2.163076e-01 2.878316e-02 1.516220e-01 2.322738e-02 -1.976499e-01 6.332964e-02 1.393691e-01 2.001973e-02 -6.475268e-02 5.085218e-02 9.966309e-01 8.022886e-02
9.822857e-03 3.383506e-01 4.959287e-02 2.656313e-01 3.915057e-02 -2.219391e-01 2.909724e-02 2.402219e-01 2.789310e-02 -1.084926e-01 4.189416e-02 9.401530e-01 1.576646e-01
1.066482e-02 3.310075e-01 3.908646e-02 2.612718e-01 3.495634e-02 -1.229981e-01 6.401755e-02 2.392082e-01 3.183135e-02 -3.222215e-02 3.966491e-02 8.234306e-01 1.611378e-01
1.206808e-02 3.809790e-01 6.447146e-02 2.719535e-01 4.596249e-02 -2.139723e-01 2.737652e-02 2.334696e-01 3.540298e-02 -8.379464e-02 4.269372e-02 1.168736e+00 2.453810e-01
1.403265e-02 3.133400e-01 3.248139e-02 2.069302e-01 2.152263e-02 -1.118540e-01 7.819659e-02 1.704354e-01 1.549674e-02 -3.822758e-02 5.325070e-02 8.447327e-01 1.401743e-01
1.655853e-02 3.578635e-01 4.472881e-02 1.947275e-01 1.595950e-02 -4.752252e-02 2.975435e-02 1.549181e-01 5.189169e-03 3.767955e-02 2.878437e-02 9.285597e-01 7.056638e-02
1.964571e-02 6.956866e-01 1.498068e-01 3.894618e-01 8.566790e-02 -3.171321e-01 1.260351e-01 2.719922e-01 4.845772e-02 -1.447701e-01 5.793497e-02 9.769672e-01 9.599379e-02
2.329420e-02 5.816847e-01 1.174789e-01 2.758133e-01 6.581207e-02 -1.671678e-01 9.087507e-02 2.095203e-01 4.224224e-02 -5.130844e-02 3.643344e-02 7.907150e-01 1.064499e-01
1.150678e-02 4.253376e-01 8.257169e-02 3.092345e-01 5.999430e-02 -2.588886e-01 9.154639e-02 2.636344e-01 4.409313e-02 -1.113038e-01 7.113998e-02 9.324818e-01 8.533242e-02
1.178743e-02 3.885372e-01 9.312335e-02 2.715734e-01 7.315138e-02 -3.035821e-01 4.185851e-02 2.324546e-01 5.644333e-02 -1.196433e-01 3.651941e-02 1.355321e+00 1.475886e-01
1.262939e-02 3.130490e-01 3.562157e-02 2.137827e-01 2.695908e-02 -9.707181e-02 3.357999e-02 1.838650e-01 2.430128e-02 -8.348211e-03 2.143793e-02 1.048011e+00 1.409932e-01
1.403265e-02 4.266098e-01 7.716719e-02 2.866396e-01 6.044454e-02 -4.059071e-02 5.469998e-02 2.351368e-01 4.796699e-02 5.273002e-02 4.482172e-02 7.511022e-01 9.019130e-02
1.599722e-02 5.216633e-01 6.602058e-02 3.033559e-01 4.137158e-02 -3.879325e-01 1.418303e-01 2.170166e-01 2.681520e-02 -1.973383e-01 8.745884e-02 1.112164e+00 2.218786e-01
1.852310e-02 5.679071e-01 9.284706e-02 3.165346e-01 5.012502e-02 -2.117059e-01 8.769007e-02 2.403806e-01 2.795176e-02 -7.266053e-02 3.225661e-02 9.534368e-01 1.434994e-01
2.161029e-02 5.307427e-01 6.907855e-02 2.556393e-01 4.615529e-02 -5.032308e-02 8.377178e-02 1.819503e-01 3.514156e-02 -8.453891e-03 6.284271e-02 7.897549e-01 7.259944e-02
2.525878e-02 6.602828e-01 7.095733e-02 2.808993e-01 4.001253e-02 -2.025578e-01 3.226806e-02 1.868349e-01 2.411617e-02 -8.004336e-02 1.925169e-02 8.827987e-01 1.362558e-01
1.403265e-02 4.936453e-01 5.335743e-02 3.370921e-01 3.664705e-02 -5.712600e-03 8.181116e-02 2.701695e-01 2.720241e-02 6.341860e-02 6.901453e-02 1.018654e+00 9.554699e-02
1.431331e-02 4.088286e-01 5.290158e-02 2.576927e-01 4.153052e-02 -1.876669e-01 7.552433e-02 2.013552e-01 2.838337e-02 -5.065459e-02 5.400896e-02 1.042256e+00 1.311758e-01
1.515527e-02 3.659273e-01 7.860570e-02 2.394462e-01 4.802164e-02 -1.110544e-01 3.953247e-02 1.964393e-01 2.938570e-02 -2.280536e-02 2.733317e-02 8.343452e-01 1.297168e-01
1.655853e-02 4.444042e-01 8.139805e-02 2.577242e-01 5.494946e-02 -1.972234e-01 6.198555e-02 2.032872e-01 3.723705e-02 -5.627708e-02 1.523998e-02 1.036173e+00 1.104786e-01
1.852310e-02 3.996746e-01 3.508174e-02 2.061079e-01 2.460097e-02 -1.888717e-01 6.968265e-02 1.594981e-01 1.349549e-02 -5.270665e-02 3.766793e-02 1.062698e+00 8.893082e-02
2.104898e-02 5.827165e-01 1.306100e-01 2.868285e-01 6.607329e-02 -5.561629e-02 4.018150e-02 2.017736e-01 3.636178e-02 -1.020463e-02 4.033205e-02 8.726678e-01 1.070654e-01
2.413616e-02 6.457040e-01 4.077646e-02 2.594689e-01 1.444939e-02 -1.641273e-01 8.829666e-02 1.896791e-01 1.517435e-02 -5.561392e-02 3.667290e-02 8.585360e-01 1.159773e-01
2.778465e-02 6.472657e-01 6.089027e-02 2.267992e-01 4.291298e-02 -1.156010e-01 4.599691e-02 1.741107e-01 1.970279e-02 -4.338657e-02 2.897624e-02 1.167023e+00 1.398198e-01
1.711984e-02 3.751742e-01 6.499323e-02 2.178575e-01 2.948422e-02 -7.768501e-02 4.228230e-02 1.687345e-01 1.683877e-02 -1.074240e-02 2.286855e-02 8.472911e-01 5.948053e-02
1.740049e-02 3.543287e-01 6.046233e-02 1.921675e-01 3.432635e-02 -1.173835e-01 3.661360e-02 1.558027e-01 2.062739e-02 -1.763744e-02 1.944047e-02 7.896883e-01 9.151654e-02
1.824245e-02 4.946553e-01 5.397137e-02 2.728004e-01 3.513457e-02 -1.520076e-01 4.155186e-02 1.937552e-01 2.404556e-02 -5.356223e-02 2.423759e-02 7.000764e-01 7.059141e-02
1.964571e-02 5.874409e-01 7.098523e-02 2.953092e-01 4.364353e-02 -2.680040e-01 3.610701e-02 1.969474e-01 2.448864e-02 -6.208164e-02 3.094589e-02 1.098814e+00 1.419994e-01
2.161029e-02 5.322146e-01 4.309867e-02 2.639646e-01 1.427498e-02 -2.446967e-01 4.094852e-02 1.897518e-01 8.012378e-03 -7.755488e-02 2.481142e-02 1.068644e+00 7.471722e-02
2.413616e-02 6.423307e-01 8.085120e-02 2.598766e-01 4.040517e-02 -3.128160e-01 1.472338e-02 1.712323e-01 2.572588e-02 -7.741596e-02 5.597000e-03 1.026413e+00 8.587131e-02
2.722335e-02 5.952388e-01 9.902901e-02 2.337947e-01 4.323967e-02 -1.584186e-01 5.042929e-02 1.639289e-01 2.016976e-02 -4.539527e-02 1.740742e-02 9.158827e-01 1.393613e-01
3.087184e-02 5.974969e-01 7.179468e-02 2.022327e-01 2.723185e-02 -1.131046e-01 4.390978e-02 1.668366e-01 1.812150e-02 -2.097867e-02 2.740118e-02 1.047778e+00 9.797414e-02
2.076833e-02 7.254608e-01 1.467839e-01 3.713737e-01 7.845443e-02 -1.834386e-01 4.367541e-02 2.543556e-01 4.133582e-02 -5.639483e-02 2.872254e-02 9.171364e-01 9.185694e-02
2.104898e-02 6.581219e-01 1.245617e-01 3.446236e-01 6.497432e-02 -1.648751e-01 5.134746e-02 2.476379e-01 4.193750e-02 -7.608172e-02 4.704415e-02 8.176246e-01 1.343957e-01
2.189094e-02 6.663069e-01 2.039413e-01 3.349420e-01 1.050611e-01 -1.565557e-01 9.038718e-02 2.260061e-01 5.569054e-02 -5.881731e-02 4.028480e-02 7.293901e-01 5.743237e-02
2.329420e-02 5.767405e-01 7.280456e-02 2.715776e-01 5.184562e-02 -2.736877e-01 5.184983e-02 2.027381e-01 3.937372e-02 -8.994195e-02 3.544929e-02 1.138526e+00 7.705470e-02
2.525878e-02 7.144549e-01 9.135352e-02 3.265400e-01 4.389086e-02 -1.380096e-01 4.285300e-02 2.302515e-01 2.662904e-02 -4.906476e-02 2.777991e-02 7.734933e-01 5.521645e-02
2.778465e-02 7.642401e-01 1.166145e-01 2.843056e-01 6.511438e-02 -1.354991e-01 1.281682e-01 1.868181e-01 3.073945e-02 -4.311031e-02 5.539861e-02 8.634730e-01 1.305115e-01
3.087184e-02 9.875897e-01 2.174098e-01 3.839853e-01 1.032451e-01 -1.742520e-01 1.466219e-01 2.641926e-01 4.741860e-02 -4.458657e-02 7.710229e-02 1.059469e+00 1.308511e-01
3.452033e-02 7.357952e-01 7.682623e-02 2.205019e-01 2.227207e-02 -9.036925e-02 6.929338e-02 1.777097e-01 1.693004e-02 -1.191675e-02 3.541228e-02 9.264321e-01 9.631740e-02
1.010351e-02 2.345183e-01 2.772273e-02 1.683912e-01 2.268899e-02 -1.495884e-01 2.154537e-02 1.512183e-01 1.914047e-02 -4.298346e-02 1.955148e-02 8.530027e-01 1.356599e-01
1.038416e-02 2.487350e-01 1.449193e-02 1.870108e-01 1.316735e-02 -1.938052e-01 4.216631e-02 1.771248e-01 1.677447e-02 -6.868330e-02 1.724837e-02 1.023751e+00 1.952534e-01
1.122612e-02 3.196319e-01 4.977058e-02 2.327560e-01 3.688784e-02 -8.799957e-02 3.760406e-02 2.003344e-01 2.789151e-02 -1.934639e-03 3.793977e-02 9.323666e-01 1.472285e-01
1.262939e-02 4.827208e-01 4.704633e-02 3.136500e-01 3.687970e-02 -3.524957e-01 7.821310e-02 2.390681e-01 2.709768e-02 -1.856855e-01 4.487069e-02 1.164258e+00 1.898580e-01
1.459396e-02 4.047844e-01 5.570941e-02 2.723094e-01 3.705452e-02 -1.720613e-01 2.843087e-02 2.279261e-01 2.703245e-02 -5.421769e-02 1.764910e-02 8.722474e-01 4.829588e-02
1.711984e-02 4.328027e-01 1.365706e-01 2.543153e-01 8.395904e-02 -1.204843e-01 5.309382e-02 2.054638e-01 5.068198e-02 4.369259e-03 3.306411e-02 8.469826e-01 9.002663e-02
2.020702e-02 5.480161e-01 8.884066e-02 2.931798e-01 5.752537e-02 -2.406121e-01 1.138641e-01 2.202211e-01 4.073257e-02 -1.235344e-01 6.825464e-02 8.932803e-01 7.671990e-02
2.385551e-02 5.491096e-01 7.284251e-02 2.530899e-01 2.853223e-02 -2.004078e-01 8.897495e-02 1.846613e-01 1.028014e-02 -7.233165e-02 5.406028e-02 1.066964e+00 9.423915e-02
1.038416e-02 3.911477e-01 4.606433e-02 2.925984e-01 3.184353e-02 -2.682941e-01 9.389515e-02 2.545201e-01 2.145277e-02 -1.315123e-01 7.132212e-02 9.402838e-01 1.900406e-01
1.066482e-02 5.023389e-01 8.757588e-02 3.668613e-01 5.847154e-02 -3.281415e-01 1.176661e-01 2.985658e-01 3.904644e-02 -1.959336e-01 9.090441e-02 8.215764e-01 1.570301e-01
1.150678e-02 2.460268e-01 2.928989e-02 1.778801e-01 1.972598e-02 -1.154666e-01 4.680359e-02 1.640689e-01 1.167626e-02 -1.176561e-02 4.958030e-02 8.810870e-01 1.191731e-01
1.291004e-02 3.511793e-01 5.636320e-02 2.517008e-01 4.095770e-02 -1.603350e-01 4.657840e-02 2.229103e-01 3.176316e-02 -5.099829e-02 3.511558e-02 7.867205e-01 1.128472e-01
1.487461e-02 3.103063e-01 3.607549e-02 1.765850e-01 2.451917e-02 -1.769644e-01 3.070515e-02 1.511861e-01 1.960168e-02 -5.611695e-02 1.557401e-02 8.209428e-01 5.695643e-02
1.740049e-02 4.941900e-01 8.239158e-02 2.817877e-01 6.101604e-02 -2.505861e-01 5.817285e-02 2.167079e-01 4.632566e-02 -1.060170e-01 3.766611e-02 8.389618e-01 1.300775e-01
2.048767e-02 5.997992e-01 4.936065e-02 3.075606e-01 3.379374e-02 -4.755977e-02 8.624577e-02 2.278607e-01 2.834950e-02 1.054514e-02 2.925748e-02 7.684047e-01 8.299548e-02
2.413616e-02 4.833824e-01 7.222074e-02 2.168101e-01 3.730054e-02 -1.521233e-01 2.348082e-02 1.650473e-01 1.880363e-02 -4.574161e-02 1.732364e-02 7.579772e-01 6.801637e-02
1.122612e-02 2.987041e-01 3.821974e-02 2.145067e-01 2.764982e-02 -1.090755e-01 2.707684e-02 1.849129e-01 2.226687e-02 -2.063465e-02 2.326242e-02 8.528475e-01 1.232599e-01
1.150678e-02 2.135264e-01 2.452162e-02 1.485410e-01 1.642866e-02 -1.144681e-01 2.846448e-02 1.395385e-01 1.062538e-02 -3.486912e-02 2.063129e-02 6.832898e-01 1.031878e-01
1.234873e-02 2.266420e-01 5.565010e-02 1.582022e-01 4.257637e-02 -2.134630e-01 2.477765e-02 1.477154e-01 3.146352e-02 -8.168868e-02 3.192975e-02 1.024106e+00 1.020563e-01
1.375200e-02 3.257519e-01 5.854798e-02 2.119683e-01 3.765725e-02 -1.680581e-01 7.414709e-02 1.792484e-01 2.480894e-02 -5.962472e-02 4.572196e-02 7.833811e-01 1.264032e-01
1.571657e-02 3.481172e-01 4.340086e-02 2.034073e-01 3.527360e-02 -1.318778e-01 4.456808e-02 1.697194e-01 3.037330e-02 -2.500557e-02 3.104046e-02 8.345277e-01 9.643117e-02
1.824245e-02 4.004678e-01 8.270199e-02 2.239326e-01 5.150137e-02 -2.354438e-01 6.053765e-02 1.815057e-01 2.179484e-02 -8.371298e-02 3.812891e-02 9.481658e-01 1.522607e-01
2.132963e-02 5.390948e-01 7.686037e-02 2.356176e-01 3.008027e-02 -2.586330e-01 7.701450e-02 1.767876e-01 9.209333e-03 -6.254171e-02 2.416313e-02 1.121030e+00 1.150304e-01
2.497812e-02 5.443967e-01 1.028147e-01 2.364710e-01 3.109950e-02 -1.522466e-01 1.081083e-01 1.877876e-01 1.385783e-02 -2.676033e-02 4.823366e-02 9.316195e-01 1.300001e-01
1.262939e-02 3.661271e-01 8.081532e-02 2.495223e-01 5.167585e-02 -1.702274e-01 5.297025e-02 2.123751e-01 3.401511e-02 -4.225283e-02 2.684648e-02 1.068769e+00 1.655183e-01
1.291004e-02 3.426871e-01 1.067149e-01 2.348594e-01 7.266602e-02 -1.959249e-01 7.538621e-02 2.024132e-01 5.135332e-02 -8.283087e-02 4.283669e-02 1.013698e+00 4.427789e-02
1.375200e-02 3.392517e-01 2.937125e-02 2.153484e-01 2.158672e-02 -2.144046e-01 2.728935e-02 1.799432e-01 1.250148e-02 -6.724243e-02 4.319257e-02 1.001524e+00 1.399871e-01
1.515527e-02 4.807358e-01 8.837494e-02 2.921460e-01 5.618869e-02 -2.566353e-01 9.313102e-02 2.194368e-01 3.524558e-02 -1.127348e-01 5.956050e-02 9.605327e-01 8.838542e-02
1.711984e-02 4.804276e-01 1.075004e-01 2.757178e-01 5.686697e-02 -1.895998e-01 8.648004e-02 2.094730e-01 3.203208e-02 -7.287777e-02 4.840899e-02 8.726314e-01 5.691554e-02
1.964571e-02 5.895842e-01 8.438859e-02 3.120450e-01 5.289260e-02 -2.660783e-01 1.139975e-01 2.226307e-01 3.334112e-02 -1.263205e-01 7.833020e-02 1.014927e+00 6.098354e-02
2.273290e-02 5.753408e-01 1.326131e-01 2.886661e-01 7.476533e-02 -1.712271e-01 5.689740e-02 2.283260e-01 5.125563e-02 -8.632602e-02 4.402654e-02 8.179933e-01 9.586025e-02
2.638139e-02 7.254065e-01 9.639056e-02 3.169600e-01 4.897514e-02 -1.278716e-01 4.686189e-02 2.283013e-01 2.840770e-02 -1.158213e-03 3.209177e-02 9.008724e-01 7.285396e-02
1.459396e-02 4.183144e-01 6.097547e-02 2.673449e-01 3.334594e-02 -2.566752e-01 1.225978e-01 2.208888e-01 1.709986e-02 -9.679974e-02 9.865497e-02 1.113273e+00 6.685835e-02
1.487461e-02 3.620557e-01 7.164691e-02 2.187654e-01 4.463885e-02 -1.359456e-01 6.932913e-02 1.759741e-01 2.770516e-02 -1.194256e-02 4.945011e-02 1.039305e+00 1.446928e-01
1.571657e-02 3.662852e-01 7.277920e-02 2.159026e-01 4.565542e-02 -1.697559e-01 5.261561e-02 1.782844e-01 2.949482e-02 -4.154123e-02 3.692875e-02 8.429568e-01 4.888089e-02
1.711984e-02 5.948176e-01 9.504889e-02 3.651508e-01 5.162382e-02 -2.829408e-01 1.068536e-01 2.866301e-01 2.822755e-02 -1.195219e-01 7.685466e-02 1.086280e+00 4.618808e-02
1.908441e-02 4.354896e-01 4.278154e-02 2.313025e-01 2.790684e-02 -7.610209e-02 7.028615e-02 1.867553e-01 2.163514e-02 1.997040e-02 4.119438e-02 1.097276e+00 1.384712e-01
2.161029e-02 5.966902e-01 1.153298e-01 2.717580e-01 4.924533e-02 -1.863085e-01 4.981547e-02 1.956499e-01 2.206865e-02 -1.778013e-02 2.342208e-02 1.089948e+00 1.234157e-01
2.469747e-02 6.030295e-01 9.368210e-02 2.583281e-01 3.984537e-02 -2.214935e-01 5.272108e-02 1.757303e-01 2.219655e-02 -6.593619e-02 2.876225e-02 8.529441e-01 7.821776e-02
2.834596e-02 5.790830e-01 7.623623e-02 2.162744e-01 2.258476e-02 -3.916499e-02 5.846861e-02 1.776691e-01 5.738189e-03 -2.633073e-03 2.292532e-02 1.043105e+00 1.271139e-01
1.711984e-02 4.689819e-01 8.798714e-02 2.645973e-01 5.983150e-02 -1.645023e-01 3.824173e-02 1.895566e-01 3.943498e-02 -7.541035e-02 1.760299e-02 9.273289e-01 1.602485e-01
1.740049e-02 4.292516e-01 4.982379e-02 2.378516e-01 3.063105e-02 -1.862848e-01 5.042989e-02 1.848269e-01 2.338129e-02 -7.700102e-02 3.048446e-02 9.163465e-01 1.649751e-01
1.824245e-02 4.602938e-01 6.355149e-02 2.731229e-01 3.610558e-02 -1.967014e-01 6.009885e-02 2.179759e-01 1.504156e-02 -7.075857e-02 3.122225e-02 9.461799e-01 1.470123e-01
1.964571e-02 4.591804e-01 8.109469e-02 2.431114e-01 4.847975e-02 -1.361174e-01 4.487068e-02 1.839632e-01 3.080917e-02 -5.350687e-02 2.800332e-02 7.943173e-01 5.668390e-02
2.161029e-02 8.670691e-01 2.117529e-01 4.501656e-01 1.269415e-01 -3.009844e-01 7.528633e-02 3.040382e-01 7.426640e-02 -1.233576e-01 4.868012e-02 9.357811e-01 1.002104e-01
2.413616e-02 5.771421e-01 6.631228e-02 2.376796e-01 3.113682e-02 -2.588343e-01 8.037896e-02 1.735942e-01 1.754160e-02 -3.441753e-02 2.299085e-02 1.059476e+00 1.535210e-01
2.722335e-02 6.630268e-01 8.277943e-02 2.614416e-01 4.407535e-02 -1.576425e-01 8.695400e-02 1.925321e-01 2.473912e-02 -5.159838e-02 4.861967e-02 9.933332e-01 1.019765e-01
3.087184e-02 5.850603e-01 9.566457e-02 2.098032e-01 3.507179e-02 -1.381406e-01 4.788029e-02 1.670434e-01 1.726279e-02 -6.098064e-02 2.844002e-02 8.955327e-01 6.562727e-02
2.020702e-02 5.860772e-01 2.019631e-01 3.049085e-01 1.246801e-01 -2.780139e-01 7.493704e-02 2.194215e-01 7.911203e-02 -1.288880e-01 4.913496e-02 1.016391e+00 4.979324e-02
2.048767e-02 5.654310e-01 5.939680e-02 2.835961e-01 2.788980e-02 -1.788391e-01 6.726287e-02 1.993437e-01 1.633065e-02 -5.956160e-02 3.705049e-02 8.842662e-01 5.933114e-02
2.132963e-02 5.504869e-01 1.069536e-01 2.870551e-01 5.702791e-02 -3.143732e-01 8.636237e-02 2.139050e-01 2.668910e-02 -1.179912e-01 4.113573e-02 9.999889e-01 1.031467e-01
2.273290e-02 5.469710e-01 9.517168e-02 2.779732e-01 6.178856e-02 -1.218941e-01 6.986169e-02 2.120987e-01 4.095863e-02 -1.054231e-02 3.444459e-02 9.133959e-01 6.165310e-02
2.469747e-02 6.700994e-01 9.597517e-02 3.172424e-01 5.063154e-02 -2.300354e-01 1.137319e-01 2.261472e-01 2.736730e-02 -7.396355e-02 6.718252e-02 1.076164e+00 8.279716e-02
2.722335e-02 6.590028e-01 1.107253e-01 2.382612e-01 5.642080e-02 -3.445103e-02 1.025312e-01 1.781905e-01 2.688757e-02 1.668116e-02 4.583860e-02 1.118005e+00 2.017880e-01
3.031053e-02 7.185712e-01 1.269521e-01 2.678372e-01 4.719945e-02 -1.729384e-01 4.186162e-02 1.955343e-01 2.676451e-02 -3.995987e-02 1.934785e-02 8.160113e-01 2.821688e-02
3.395902e-02 7.688673e-01 6.259930e-02 2.496593e-01 2.976657e-02 -1.092657e-01 6.672256e-02 1.841818e-01 2.236124e-02 -2.603814e-02 1.362151e-02 8.377154e-01 1.407098e-01
2.385551e-02 6.712489e-01 1.972925e-01 2.877950e-01 9.155900e-02 -3.498068e-01 1.506044e-01 1.909282e-01 4.191027e-02 -1.242689e-01 7.641225e-02 1.094914e+00 1.189451e-01
2.413616e-02 6.394689e-01 7.689132e-02 2.821628e-01 3.045823e-02 -1.373491e-02 5.376248e-02 2.001547e-01 2.694140e-02 4.570818e-02 2.974638e-02 8.273627e-01 7.037817e-02
2.497812e-02 5.658147e-01 8.406937e-02 2.560889e-01 3.889155e-02 -8.318068e-02 4.945889e-02 1.852543e-01 2.255280e-02 -2.098015e-02 1.774546e-02 9.535626e-01 1.526491e-01
2.638139e-02 8.786087e-01 1.451593e-01 3.650059e-01 7.675392e-02 -2.484965e-01 8.620489e-02 2.294953e-01 4.294499e-02 -6.906744e-02 3.927788e-02 8.638695e-01 3.430638e-02
2.834596e-02 6.313961e-01 1.109946e-01 2.430652e-01 5.467773e-02 -1.178296e-01 6.197788e-02 1.869134e-01 2.618332e-02 -3.440994e-02 3.317734e-02 8.384103e-01 1.040168e-01
3.087184e-02 7.845214e-01 1.432229e-01 2.777885e-01 5.792744e-02 -1.506202e-01 8.025902e-02 1.956043e-01 2.486831e-02 -5.436028e-02 3.759546e-02 9.638052e-01 1.042638e-01
3.395902e-02 7.083661e-01 9.691749e-02 2.351045e-01 4.050928e-02 -1.308366e-01 1.267243e-01 1.929330e-01 2.716315e-02 -4.180978e-02 6.203672e-02 1.016909e+00 1.499616e-01
3.760751e-02 8.069972e-01 7.658476e-02 2.374838e-01 3.741008e-02 -1.430584e-01 7.945399e-02 2.013380e-01 2.194419e-02 -6.052463e-02 4.816680e-02 9.324203e-01 1.282725e-01
1.375200e-02 3.517649e-01 4.745601e-02 2.357013e-01 3.601839e-02 -1.409043e-01 7.649887e-02 2.027893e-01 2.984709e-02 -3.038888e-02 5.345001e-02 1.086965e+00 1.667962e-01
1.403265e-02 3.038087e-01 1.488077e-02 1.877751e-01 1.534952e-02 -1.195447e-01 7.761473e-02 1.573550e-01 1.677976e-02 -3.895513e-03 5.613244e-02 1.135815e+00 9.796286e-02
1.487461e-02 4.146930e-01 7.793496e-02 2.636999e-01 5.120281e-02 -1.486336e-01 5.532683e-02 2.195843e-01 3.047059e-02 -8.026506e-03 5.695241e-02 1.014334e+00 9.058924e-02
1.627788e-02 4.671966e-01 8.757345e-02 2.794133e-01 5.266494e-02 -2.785163e-01 9.402665e-02 2.173460e-01 3.365360e-02 -1.187666e-01 6.231655e-02 9.911724e-01 4.795681e-02
1.824245e-02 4.806338e-01 6.188827e-02 2.549233e-01 4.170125e-02 -2.159374e-01 3.412121e-02 1.888135e-01 2.913130e-02 -5.086640e-02 2.538659e-02 8.404365e-01 6.311124e-02
2.076833e-02 5.515336e-01 8.231035e-02 2.865241e-01 4.756312e-02 -2.137290e-01 7.440983e-02 2.109514e-01 2.346908e-02 -6.819749e-02 3.658496e-02 9.862203e-01 1.013588e-01
2.385551e-02 6.266407e-01 1.132705e-01 2.593182e-01 5.233031e-02 -2.521822e-01 1.367852e-01 1.910617e-01 2.373805e-02 -7.220879e-02 6.410260e-02 9.941980e-01 6.052120e-02
2.750400e-02 6.132690e-01 1.233239e-01 2.296540e-01 6.490244e-02 -2.433524e-01 9.101948e-02 1.720537e-01 2.832968e-02 -5.399602e-02 3.789256e-02 1.127889e+00 8.938269e-02
1.403265e-02 2.572754e-01 3.161938e-02 1.606796e-01 1.507633e-02 -2.095522e-01 5.525039e-02 1.379627e-01 1.013735e-02 -9.182294e-02 3.470468e-02 9.100783e-01 1.407716e-01
1.431331e-02 4.180913e-01 6.955033e-02 2.510955e-01 4.298152e-02 -3.061301e-01 1.164813e-01 1.920850e-01 3.020506e-02 -1.308674e-01 6.333217e-02 9.594449e-01 2.935204e-01
1.515527e-02 4.421781e-01 6.398626e-02 2.846912e-01 4.699607e-02 -4.213714e-02 9.364241e-02 2.290813e-01 3.844236e-02 4.133988e-02 5.725691e-02 8.577056e-01 1.308520e-01
1.655853e-02 4.805853e-01 1.027127e-01 2.944662e-01 6.751917e-02 -2.592446e-01 4.361753e-02 2.269389e-01 4.447452e-02 -1.163991e-01 3.202850e-02 9.905540e-01 6.522037e-02
1.852310e-02 8.715014e-01 1.691381e-01 4.964210e-01 9.917872e-02 -3.143831e-01 8.198485e-02 3.370792e-01 5.543846e-02 -1.332120e-01 3.726591e-02 1.028922e+00 1.387438e-01
2.104898e-02 7.601820e-01 1.537227e-01 3.499637e-01 7.862815e-02 -3.902815e-01 1.212703e-01 2.372137e-01 4.347859e-02 -1.543717e-01 5.532474e-02 1.006395e+00 8.214152e-02
2.413616e-02 7.286177e-01 1.301128e-01 3.085542e-01 5.512867e-02 -2.092905e-01 1.662306e-01 2.046048e-01 2.678985e-02 -5.963588e-02 6.829582e-02 1.222539e+00 1.949303e-01
2.778465e-02 6.507830e-01 1.194285e-01 2.539626e-01 4.554067e-02 -1.037478e-01 8.592038e-02 1.940830e-01 1.971148e-02 -3.401933e-02 2.845470e-02 1.051136e+00 1.181525e-01
1.487461e-02 3.147326e-01 4.275666e-02 1.974283e-01 2.962321e-02 -1.201154e-01 3.665170e-02 1.650792e-01 1.878085e-02 -2.401061e-02 3.525097e-02 8.499647e-01 9.470560e-02
1.515527e-02 4.265081e-01 8.844656e-02 2.841170e-01 6.784249e-02 -1.318957e-01 6.862946e-02 2.378506e-01 4.990288e-02 -4.771589e-02 6.408608e-02 9.238997e-01 1.370623e-01
1.599722e-02 4.938858e-01 5.745398e-02 2.948338e-01 4.091295e-02 -1.591249e-01 6.061411e-02 2.257586e-01 2.572504e-02 -4.688519e-02 4.381872e-02 8.696559e-01 5.593643e-02
1.740049e-02 5.767772e-01 4.952488e-02 3.399839e-01 2.634822e-02 -1.618791e-01 1.368120e-01 2.425595e-01 1.489414e-02 -5.299190e-02 7.167658e-02 1.167599e+00 1.573054e-01
1.936506e-02 4.240920e-01 5.869865e-02 2.347373e-01 3.655220e-02 -1.850568e-01 7.205528e-02 1.853449e-01 2.257448e-02 -4.134920e-02 5.118822e-02 1.013998e+00 5.361086e-02
2.189094e-02 6.208249e-01 1.352971e-01 3.028936e-01 7.034021e-02 -1.994323e-01 6.686609e-02 2.127280e-01 3.746149e-02 -7.134007e-02 3.385190e-02 7.687623e-01 5.828494e-02
2.497812e-02 7.003624e-01 1.422707e-01 3.010274e-01 7.552504e-02 -2.296151e-01 8.507526e-02 2.109561e-01 3.862186e-02 -7.938714e-02 4.543193e-02 1.085438e+00 1.079392e-01
2.862661e-02 8.562301e-01 1.728143e-01 3.320838e-01 8.414190e-02 -1.219039e-01 7.232031e-02 2.326588e-01 3.709626e-02 -4.211486e-02 3.931658e-02 9.316858e-01 1.193566e-01
1.627788e-02 4.947996e-01 8.122080e-02 2.806361e-01 5.274104e-02 -2.404277e-01 6.318483e-02 2.047085e-01 3.671109e-02 -1.220768e-01 3.726384e-02 7.467798e-01 3.980939e-02
1.655853e-02 5.481854e-01 1.195953e-01 3.176921e-01 7.245734e-02 -2.764510e-01 3.566463e-02 2.382433e-01 3.966811e-02 -1.180255e-01 3.976989e-02 1.015312e+00 9.984629e-02
1.740049e-02 5.727320e-01 1.302538e-01 3.295522e-01 7.715749e-02 -2.651632e-01 1.144966e-01 2.418530e-01 4.982218e-02 -1.247918e-01 6.129964e-02 8.997758e-01 1.367528e-01
1.880376e-02 3.880179e-01 7.943903e-02 2.169893e-01 3.999059e-02 -1.846407e-01 9.392689e-02 1.876611e-01 2.339834e-02 -5.400123e-02 4.425197e-02 1.065432e+00 1.306728e-01
2.076833e-02 5.107040e-01 1.828117e-01 2.706626e-01 1.186862e-01 -1.854038e-01 1.094571e-01 2.113347e-01 7.351729e-02 -5.697887e-02 6.890861e-02 1.089269e+00 1.730120e-01
2.329420e-02 5.046012e-01 1.008110e-01 2.006481e-01 3.942809e-02 -1.319482e-01 4.420837e-02 1.485519e-01 1.875455e-02 -2.035645e-02 2.462371e-02 8.416224e-01 8.378543e-02
2.638139e-02 5.775599e-01 1.238143e-01 2.344362e-01 5.440725e-02 -1.274507e-01 1.238555e-01 1.665964e-01 2.384840e-02 -1.489178e-02 5.089758e-02 1.080069e+00 1.583739e-01
3.002988e-02 9.801562e-01 1.079554e-01 3.311651e-01 3.995616e-02 5.052877e-02 7.097738e-02 1.929736e-01 2.056969e-02 4.118937e-02 3.079229e-02 8.155772e-01 1.139358e-01
1.824245e-02 6.344675e-01 1.321909e-01 3.569064e-01 7.905900e-02 -1.985485e-01 7.440588e-02 2.545154e-01 4.663848e-02 -4.928352e-02 4.442407e-02 1.057761e+00 9.523096e-02
1.852310e-02 6.234452e-01 1.301320e-01 3.332606e-01 6.849653e-02 -2.200660e-01 1.120819e-01 2.296040e-01 3.612531e-02 -9.101924e-02 5.330411e-02 9.397408e-01 8.815785e-02
1.936506e-02 4.265134e-01 2.126612e-02 2.116999e-01 9.392939e-03 -2.025585e-01 5.559130e-02 1.615123e-01 4.820152e-03 -1.059583e-01 3.948685e-02 9.994079e-01 7.562576e-02
2.076833e-02 4.968878e-01 1.093380e-01 2.461951e-01 5.955575e-02 -2.485626e-01 1.216014e-01 1.743443e-01 3.225669e-02 -8.690149e-02 4.939326e-02 1.144876e+00 2.441885e-01
2.273290e-02 5.117689e-01 8.941892e-02 2.308961e-01 5.631059e-02 -1.046031e-01 4.752340e-02 1.639314e-01 3.215495e-02 1.629679e-02 1.743858e-02 1.028915e+00 3.062106e-01
2.525878e-02 6.070877e-01 5.745912e-02 2.705117e-01 3.565842e-02 -5.292945e-02 5.873714e-02 2.081494e-01 2.110399e-02 6.047835e-03 2.650612e-02 9.564073e-01 3.877042e-02
2.834596e-02 5.456422e-01 5.425072e-02 1.943471e-01 1.810553e-02 -8.684242e-02 6.555571e-02 1.602343e-01 1.101969e-02 -4.903889e-02 5.389172e-02 9.492592e-01 8.258775e-02
3.199445e-02 6.012513e-01 9.259930e-02 2.234407e-01 3.548855e-02 -2.955888e-02 1.159167e-01 1.815301e-01 8.025631e-03 -4.477375e-02 4.173815e-02 1.081391e+00 1.079340e-01
2.076833e-02 6.090584e-01 1.191251e-01 3.310304e-01 7.628193e-02 -2.504943e-01 3.449574e-02 2.438726e-01 4.467957e-02 -1.003736e-01 2.259234e-02 1.009138e+00 1.151961e-01
2.104898e-02 5.507693e-01 7.105087e-02 2.896657e-01 5.356747e-02 -1.578775e-01 9.510183e-02 2.197219e-01 3.683868e-02 -5.426643e-02 6.454066e-02 8.712798e-01 4.036660e-02
2.189094e-02 4.447087e-01 4.332052e-02 2.058875e-01 2.755656e-02 -1.236379e-01 9.291298e-02 1.603355e-01 2.741374e-02 -1.758270e-02 4.955700e-02 9.156460e-01 1.040346e-01
2.329420e-02 7.038935e-01 1.046958e-01 3.222612e-01 5.453049e-02 -1.151929e-01 8.573397e-02 2.059785e-01 2.910772e-02 -3.372903e-02 4.286088e-02 9.577111e-01 1.386870e-01
2.525878e-02 5.430887e-01 7.093003e-02 2.369355e-01 3.795155e-02 -1.363466e-01 7.144607e-02 1.668313e-01 1.893386e-02 -4.878526e-02 3.949670e-02 9.514461e-01 9.315625e-02
2.778465e-02 4.652558e-01 7.530729e-02 1.755701e-01 2.447356e-02 -1.415606e-01 5.768826e-02 1.476709e-01 1.699109e-02 -7.085801e-02 3.797518e-02 8.549501e-01 1.198714e-01
3.087184e-02 7.432533e-01 1.164865e-01 2.621382e-01 6.699618e-02 -1.927336e-01 6.805809e-02 1.847350e-01 4.076057e-02 -7.193041e-02 3.798853e-02 7.096947e-01 1.062799e-01
3.452033e-02 5.933330e-01 6.060584e-02 1.677211e-01 3.289029e-02 -2.207348e-01 8.379588e-02 1.891376e-01 2.078157e-02 -3.585093e-02 4.041866e-02 1.140545e+00 9.726960e-02
2.385551e-02 7.048028e-01 9.831249e-02 3.466384e-01 4.613697e-02 -1.773385e-01 5.874516e-02 2.459812e-01 2.138080e-02 -7.469716e-02 3.689856e-02 7.541553e-01 1.108265e-01
2.413616e-02 5.759644e-01 9.950996e-02 2.483840e-01 3.554836e-02 -1.045801e-01 5.055178e-02 1.803447e-01 1.366249e-02 -1.477736e-02 2.965624e-02 8.033692e-01 8.246137e-02
2.497812e-02 6.256980e-01 7.561548e-02 2.997291e-01 4.703960e-02 -1.526938e-01 4.587024e-02 2.256820e-01 2.967563e-02 -7.181110e-02 1.491561e-02 7.932831e-01 7.656653e-02
2.638139e-02 7.378791e-01 9.370194e-02 2.875879e-01 5.057616e-02 -1.923559e-01 9.478971e-02 1.987779e-01 2.603268e-02 -4.360188e-02 4.061672e-02 8.921917e-01 4.085738e-02
2.834596e-02 6.189896e-01 8.241524e-02 2.383542e-01 3.609545e-02 5.920735e-02 7.633590e-02 1.833047e-01 1.658261e-02 4.539280e-02 4.226831e-02 8.800720e-01 5.044267e-02
3.087184e-02 5.653144e-01 1.805068e-02 2.125445e-01 2.768396e-02 -1.067482e-01 3.268276e-02 1.770478e-01 2.659531e-02 -3.027635e-02 1.761623e-02 8.923799e-01 6.136821e-02
3.395902e-02 6.306007e-01 6.903599e-02 2.078102e-01 3.562360e-02 -9.175823e-02 2.363873e-02 2.002168e-01 2.781341e-02 -2.656738e-02 3.315051e-02 1.087824e+00 8.599868e-02
3.760751e-02 7.020009e-01 1.137163e-01 1.832393e-01 3.195146e-02 -1.299757e-01 9.437745e-02 1.751669e-01 1.106927e-02 -6.075164e-02 3.481823e-02 8.941641e-01 1.110808e-01
2.750400e-02 7.251373e-01 1.142124e-01 2.695397e-01 4.637413e-02 -1.209919e-01 8.663226e-02 1.993494e-01 2.456951e-02 -3.518067e-02 4.498432e-02 1.003681e+00 1.526274e-01
2.778465e-02 6.008940e-01 9.868151e-02 2.332070e-01 5.165522e-02 -2.772559e-01 1.330431e-01 1.836759e-01 2.792554e-02 -8.770656e-02 6.369360e-02 1.094200e+00 1.531144e-01
2.862661e-02 6.277570e-01 2.642211e-02 2.435570e-01 1.739406e-02 -2.189057e-01 6.424592e-02 1.874808e-01 1.045306e-02 -1.051254e-01 4.644817e-02 1.109077e+00 1.074944e-01
3.002988e-02 6.166135e-01 8.877843e-02 2.312304e-01 5.711173e-02 -1.578327e-01 1.029839e-01 1.851126e-01 2.814544e-02 -3.528723e-02 3.290173e-02 1.022080e+00 1.501556e-01
3.199445e-02 7.378799e-01 7.342081e-02 2.683869e-01 2.338108e-02 -3.374397e-01 6.340142e-02 1.936914e-01 1.721845e-02 -1.244218e-01 2.342766e-02 1.097897e+00 1.444040e-01
3.452033e-02 5.741211e-01 5.703662e-02 1.703471e-01 1.486935e-02 -3.834882e-02 4.817147e-02 1.763196e-01 1.366810e-02 2.626507e-04 2.837538e-02 9.722669e-01 1.764966e-01
3.760751e-02 7.397136e-01 9.474961e-02 2.362885e-01 3.855814e-02 -2.025963e-01 7.770176e-02 1.864072e-01 2.015088e-02 -8.492533e-02 1.223177e-02 1.317055e+00 1.322845e-01
4.125600e-02 6.451652e-01 5.864117e-02 1.494051e-01 2.777951e-02 -1.000444e-01 1.979713e-02 1.946801e-01 2.522401e-02 -2.404811e-02 1.922842e-02 1.035198e+00 1.587771e-01
