# k^2  LiLi LiLi_error  LiCl LiCl_error  LiNa LiNa_error  ClCl ClCl_error  ClNa ClNa_error  NaNa NaNa_error
0.000000e+00 2.400000e+03 0.000000e+00 2.771281e+03 0.000000e+00 1.385641e+03 0.000000e+00 3.200000e+03 0.000000e+00 1.600000e+03 0.000000e+00 8.000000e+02 0.000000e+00
3.256628e-04 5.182600e-01 1.172727e-01 1.307131e-01 5.188856e-02 -6.283732e-01 1.422373e-01 8.408017e-02 2.046627e-02 -5.574773e-02 5.181588e-02 9.725244e-01 2.265314e-01
1.302651e-03 2.297497e-01 2.454559e-02 8.574397e-02 1.340430e-02 -2.223886e-01 5.119258e-02 7.146007e-02 8.717685e-03 -5.855978e-03 1.787168e-02 3.829158e-01 1.209849e-01
2.930965e-03 3.276518e-01 8.005771e-02 1.096854e-01 2.192669e-02 -3.297994e-01 9.574871e-02 7.564241e-02 1.035672e-02 -3.951563e-02 1.984041e-02 4.936538e-01 1.312640e-01
5.210605e-03 4.525760e-01 4.545253e-02 1.488959e-01 1.530420e-02 -4.493352e-01 4.741073e-02 9.129303e-02 8.286429e-03 -7.349459e-02 1.297909e-02 6.493429e-01 7.126805e-02
8.141570e-03 5.447608e-01 1.574644e-01 1.544028e-01 3.500280e-02 -5.531164e-01 1.983034e-01 8.941059e-02 1.218139e-02 -8.338725e-02 3.652311e-02 7.827546e-01 2.591436e-01
1.172386e-02 4.486228e-01 8.147299e-02 1.267878e-01 2.700676e-02 -4.198777e-01 9.334210e-02 8.307380e-02 1.164709e-02 -6.204264e-02 3.208720e-02 6.261328e-01 8.236657e-02
1.595748e-02 5.255573e-01 3.467569e-02 1.387010e-01 8.459269e-03 -5.536576e-01 4.031035e-02 9.125372e-02 9.974099e-03 -9.288683e-02 6.857899e-03 8.828972e-01 2.934015e-02
3.256628e-04 2.285229e-01 3.074653e-02 7.526827e-02 8.769246e-03 -2.415681e-01 5.394750e-02 7.896996e-02 1.296385e-02 2.851747e-02 3.148580e-02 4.759691e-01 8.885561e-02
6.513256e-04 3.427358e-01 7.836052e-02 1.165768e-01 3.018176e-02 -3.601385e-01 9.107654e-02 8.544373e-02 2.116550e-02 -3.174178e-02 1.504519e-02 5.656975e-01 1.316576e-01
1.628314e-03 2.995404e-01 5.847284e-02 8.505443e-02 8.848360e-03 -3.381773e-01 8.821948e-02 6.200649e-02 4.745445e-03 -2.179019e-02 1.834211e-02 5.483156e-01 1.340460e-01
3.256628e-03 4.697769e-01 1.515744e-01 1.214960e-01 3.759077e-02 -5.495420e-01 1.864693e-01 7.488109e-02 1.161400e-02 -5.455094e-02 4.611986e-02 8.555947e-01 2.326428e-01
5.536268e-03 3.154383e-01 2.867997e-02 1.041049e-01 1.179502e-02 -3.076686e-01 5.114765e-02 7.889219e-02 9.446082e-03 -2.537228e-02 1.238280e-02 4.964733e-01 7.348125e-02
8.467233e-03 3.869487e-01 2.879186e-02 1.226258e-01 2.285824e-02 -3.404261e-01 4.061349e-02 8.560079e-02 1.608692e-02 -4.072684e-02 9.257602e-03 5.092263e-01 7.301452e-02
1.204952e-02 4.397242e-01 5.224272e-02 1.289433e-01 1.931359e-02 -3.961361e-01 4.249367e-02 9.021221e-02 1.046202e-02 -4.290281e-02 9.895861e-03 6.395208e-01 6.541785e-02
1.628314e-02 5.973454e-01 8.858540e-02 1.791239e-01 2.482873e-02 -5.635109e-01 9.820331e-02 1.110437e-01 1.383047e-02 -9.466171e-02 2.565523e-02 8.593701e-01 1.063530e-01
1.302651e-03 3.197034e-01 5.470648e-02 1.315175e-01 1.968907e-02 -2.717726e-01 5.616227e-02 8.979677e-02 7.242430e-03 -4.180885e-02 2.020845e-02 3.848133e-01 5.896100e-02
1.628314e-03 2.391488e-01 6.432025e-02 8.413500e-02 1.674827e-02 -2.434301e-01 7.816873e-02 6.798354e-02 5.205779e-03 -1.382128e-02 2.011800e-02 4.009665e-01 1.008315e-01
2.605302e-03 5.406646e-01 1.184213e-01 1.602533e-01 2.794131e-02 -5.972673e-01 1.485836e-01 8.492898e-02 8.558859e-03 -1.075774e-01 2.899991e-02 8.217142e-01 2.057045e-01
4.233616e-03 3.942168e-01 8.989550e-02 1.152003e-01 2.773022e-02 -4.232453e-01 1.047734e-01 7.219722e-02 1.160173e-02 -5.318094e-02 2.946326e-02 6.389570e-01 1.257320e-01
6.513256e-03 4.852190e-01 7.255866e-02 1.466576e-01 3.062011e-02 -4.828241e-01 7.691435e-02 8.960594e-02 1.158531e-02 -7.319092e-02 2.762845e-02 6.769032e-01 9.740525e-02
9.444221e-03 4.466041e-01 5.830104e-02 1.310587e-01 2.314084e-02 -4.328996e-01 3.745901e-02 7.960860e-02 1.195245e-02 -6.579233e-02 9.928456e-03 6.448845e-01 2.672581e-02
1.302651e-02 3.887802e-01 6.805092e-02 9.492426e-02 1.963704e-02 -4.225974e-01 9.072473e-02 7.447980e-02 8.631243e-03 -3.404435e-02 1.186116e-02 7.499373e-01 1.523243e-01
1.726013e-02 4.788494e-01 6.644737e-02 1.550373e-01 2.400888e-02 -3.795500e-01 4.679119e-02 1.106771e-01 1.352183e-02 -6.228409e-02 1.131238e-02 5.899039e-01 5.303663e-02
2.930965e-03 3.532154e-01 6.302003e-02 9.493202e-02 7.122958e-03 -3.922682e-01 9.507996e-02 6.253720e-02 2.888670e-03 -3.295163e-02 1.334187e-02 6.147152e-01 1.448600e-01
3.256628e-03 3.821761e-01 6.381677e-02 1.314311e-01 1.938096e-02 -3.923544e-01 8.738391e-02 8.704014e-02 1.026727e-02 -5.902321e-02 2.462923e-02 5.751676e-01 1.198937e-01
4.233616e-03 4.890969e-01 1.114025e-01 1.245952e-01 2.053153e-02 -5.892129e-01 1.616777e-01 7.630077e-02 1.031204e-02 -7.022415e-02 2.471208e-02 9.173261e-01 2.317584e-01
5.861930e-03 4.226522e-01 4.099276e-02 1.392137e-01 1.192272e-02 -4.099810e-01 6.285582e-02 7.982176e-02 9.613158e-03 -7.507601e-02 1.482765e-02 5.686361e-01 8.310210e-02
8.141570e-03 5.233893e-01 8.332734e-02 1.401101e-01 2.209958e-02 -5.439380e-01 1.106479e-01 7.994761e-02 9.391843e-03 -7.410767e-02 1.934792e-02 7.973331e-01 1.588484e-01
1.107254e-02 4.698159e-01 3.875996e-02 1.395417e-01 1.130428e-02 -4.935450e-01 5.605584e-02 8.925022e-02 4.200534e-03 -7.373891e-02 1.032612e-02 8.016399e-01 9.331443e-02
1.465483e-02 5.988341e-01 9.778952e-02 1.678847e-01 1.894358e-02 -5.783258e-01 1.120136e-01 9.893005e-02 7.561676e-03 -1.033145e-01 2.364294e-02 8.789319e-01 1.378633e-01
1.888844e-02 4.122207e-01 4.656300e-02 1.269193e-01 1.777543e-02 -3.263023e-01 3.027530e-02 9.755944e-02 5.784356e-03 -3.822949e-02 1.542960e-02 5.539398e-01 3.094475e-02
5.210605e-03 2.782688e-01 1.549268e-02 8.258947e-02 8.419586e-03 -2.744612e-01 3.437563e-02 7.025695e-02 6.981623e-03 4.409479e-04 1.036075e-02 4.812422e-01 5.966014e-02
5.536268e-03 3.437640e-01 5.964032e-02 8.161669e-02 1.376520e-02 -4.050835e-01 7.580610e-02 6.935016e-02 6.855736e-03 -9.935217e-03 1.241941e-02 7.073577e-01 1.177114e-01
6.513256e-03 3.602903e-01 4.765434e-02 1.167030e-01 1.327327e-02 -3.487045e-01 7.553098e-02 8.035529e-02 7.034378e-03 -3.946713e-02 1.393192e-02 5.447079e-01 1.218026e-01
8.141570e-03 3.754533e-01 1.205089e-01 1.058265e-01 2.447728e-02 -3.818669e-01 1.602756e-01 7.110171e-02 8.206331e-03 -4.151388e-02 2.511720e-02 5.937534e-01 2.185419e-01
1.042121e-02 4.439023e-01 5.947051e-02 1.019415e-01 1.593547e-02 -4.890731e-01 7.689668e-02 7.210079e-02 6.186929e-03 -3.394299e-02 2.669549e-02 8.059110e-01 9.055543e-02
1.335217e-02 4.337075e-01 5.971261e-02 1.266525e-01 1.461755e-02 -3.610340e-01 4.972997e-02 8.519110e-02 4.775537e-03 -4.547548e-02 1.613818e-02 5.745840e-01 6.127480e-02
1.693447e-02 4.599155e-01 4.372547e-02 1.254087e-01 1.450438e-02 -4.542471e-01 3.971701e-02 8.329602e-02 4.867567e-03 -5.919312e-02 1.709177e-02 7.614579e-01 4.808869e-02
2.116808e-02 4.775710e-01 6.603136e-02 1.346902e-01 1.938190e-02 -4.262175e-01 8.266523e-02 1.122187e-01 9.857055e-03 -6.865826e-02 1.708467e-02 7.572732e-01 9.821705e-02
8.141570e-03 4.699844e-01 9.773604e-02 1.438729e-01 2.697637e-02 -4.730060e-01 1.300715e-01 8.822500e-02 1.244861e-02 -6.768570e-02 2.995017e-02 7.371906e-01 1.981617e-01
8.467233e-03 4.458868e-01 7.294673e-02 1.130529e-01 2.064860e-02 -4.915896e-01 7.811555e-02 8.626479e-02 1.260991e-02 -2.757378e-02 2.929105e-02 8.354581e-01 8.533526e-02
9.444221e-03 3.962618e-01 3.122514e-02 1.075433e-01 1.371927e-02 -3.986770e-01 5.248018e-02 7.783048e-02 7.743209e-03 -3.613611e-02 1.674552e-02 6.427017e-01 7.393289e-02
1.107254e-02 4.789080e-01 8.904164e-02 1.641714e-01 2.139713e-02 -4.131307e-01 9.905980e-02 1.058638e-01 6.636424e-03 -7.347378e-02 1.789586e-02 6.105093e-01 1.108088e-01
1.335217e-02 4.419436e-01 6.213549e-02 1.323883e-01 2.359121e-02 -4.177422e-01 8.378157e-02 9.893544e-02 1.862537e-02 -4.431293e-02 2.286530e-02 6.757685e-01 1.033725e-01
1.628314e-02 4.643666e-01 5.179224e-02 1.296932e-01 1.571527e-02 -4.067818e-01 6.004156e-02 8.882772e-02 6.665925e-03 -4.940693e-02 1.261921e-02 6.758517e-01 8.104060e-02
1.986543e-02 6.292878e-01 8.676135e-02 2.175387e-01 3.773682e-02 -5.201765e-01 7.277629e-02 1.296236e-01 1.713496e-02 -1.282612e-01 4.507198e-02 8.248469e-01 4.072060e-02
2.409905e-02 4.575622e-01 7.493516e-03 1.411063e-01 8.566991e-03 -3.310030e-01 2.184647e-02 1.071535e-01 7.713197e-03 -5.085564e-02 1.179167e-02 6.325065e-01 6.543870e-02
1.172386e-02 5.229266e-01 7.078009e-02 1.472976e-01 1.454415e-02 -5.412820e-01 9.370971e-02 9.593446e-02 7.751222e-03 -6.815305e-02 1.650983e-02 8.412907e-01 1.321032e-01
1.204952e-02 4.662898e-01 3.852243e-02 1.447010e-01 1.391188e-02 -4.344487e-01 4.168589e-02 9.125042e-02 8.445163e-03 -8.657657e-02 6.701891e-03 6.070630e-01 6.532153e-02
1.302651e-02 5.224151e-01 5.058080e-02 1.487089e-01 1.578961e-02 -5.277221e-01 7.991413e-02 9.027147e-02 8.686204e-03 -8.026107e-02 1.383333e-02 8.305998e-01 1.299580e-01
1.465483e-02 3.989728e-01 6.440106e-02 1.072116e-01 2.008491e-02 -3.587208e-01 9.222069e-02 8.306561e-02 7.968192e-03 -2.205788e-02 2.812751e-02 6.553390e-01 1.266285e-01
1.693447e-02 4.485911e-01 4.331565e-02 1.368042e-01 3.121416e-02 -4.094285e-01 4.627847e-02 1.004646e-01 1.579814e-02 -6.974546e-02 3.426273e-02 6.804237e-01 3.246030e-02
1.986543e-02 4.421006e-01 5.397879e-02 1.320120e-01 1.891640e-02 -3.704508e-01 7.519528e-02 9.579685e-02 1.092923e-02 -5.758648e-02 2.482749e-02 6.460737e-01 1.092386e-01
2.344772e-02 5.237831e-01 6.564059e-02 1.539498e-01 2.456070e-02 -4.491101e-01 8.963268e-02 1.226426e-01 1.116603e-02 -8.438299e-02 2.432821e-02 8.119336e-01 1.152507e-01
2.768134e-02 4.705758e-01 5.488930e-02 1.705545e-01 2.631491e-02 -3.220649e-01 3.735959e-02 1.560476e-01 1.951809e-02 -4.248900e-02 1.315493e-02 6.229568e-01 6.100641e-02
1.595748e-02 3.933265e-01 2.281445e-02 1.018707e-01 6.972824e-03 -3.492325e-01 4.395261e-02 7.965059e-02 3.293595e-03 -3.866985e-02 1.315694e-02 6.022764e-01 7.206942e-02
1.628314e-02 4.681845e-01 4.374338e-02 1.383087e-01 2.096067e-02 -4.138813e-01 5.745481e-02 9.609299e-02 7.392564e-03 -7.549432e-02 2.622162e-02 6.075949e-01 7.540198e-02
1.726013e-02 4.055150e-01 8.352322e-02 1.264087e-01 2.604232e-02 -3.539064e-01 7.990787e-02 9.420547e-02 9.034745e-03 -4.470208e-02 2.603964e-02 6.294572e-01 7.692722e-02
1.888844e-02 4.641341e-01 5.613855e-02 1.279260e-01 1.783805e-02 -4.451364e-01 5.357260e-02 9.861446e-02 7.347507e-03 -7.010389e-02 1.172206e-02 7.631949e-01 4.160455e-02
2.116808e-02 5.094347e-01 6.583377e-02 1.500810e-01 2.301087e-02 -4.000281e-01 5.943913e-02 1.034799e-01 7.844622e-03 -4.895927e-02 2.838914e-02 6.927540e-01 3.077515e-02
2.409905e-02 5.804693e-01 8.272845e-02 1.532188e-01 2.768760e-02 -5.175397e-01 5.983581e-02 1.324805e-01 1.163741e-02 -6.725030e-02 1.754500e-02 9.007671e-01 4.880927e-02
2.768134e-02 4.506807e-01 4.530441e-02 1.412342e-01 2.136253e-02 -3.216119e-01 4.609047e-02 1.296718e-01 8.527389e-03 -5.704593e-02 3.405833e-02 6.206829e-01 4.959194e-02
3.191495e-02 4.855496e-01 3.589588e-02 1.207886e-01 8.704860e-03 -3.835911e-01 4.362832e-02 1.309045e-01 8.486160e-03 -5.508047e-02 2.054244e-02 8.388436e-01 6.960409e-02
3.256628e-04 3.160767e-01 1.968341e-02 9.747621e-02 9.522245e-03 -3.491133e-01 3.010495e-02 7.145039e-02 5.358858e-03 -2.405379e-02 1.010117e-02 5.590324e-01 6.833650e-02
6.513256e-04 2.441054e-01 8.439678e-02 9.222472e-02 1.671751e-02 -2.317656e-01 1.121405e-01 6.709533e-02 4.595145e-03 -2.482163e-02 2.235718e-02 3.502661e-01 1.490708e-01
1.628314e-03 3.025337e-01 7.199924e-02 1.071759e-01 2.008899e-02 -3.024565e-01 8.584409e-02 7.256495e-02 1.069236e-02 -4.119027e-02 2.152585e-02 4.499620e-01 1.133728e-01
3.256628e-03 2.688314e-01 5.310527e-02 9.505667e-02 1.886887e-02 -2.641963e-01 8.479389e-02 7.410841e-02 1.473061e-02 -1.986195e-02 2.155340e-02 4.305337e-01 1.093486e-01
5.536268e-03 3.876993e-01 4.541658e-02 1.095127e-01 1.558119e-02 -4.100563e-01 6.336630e-02 7.715909e-02 7.472029e-03 -2.726392e-02 1.941229e-02 6.738379e-01 9.913815e-02
8.467233e-03 3.179723e-01 4.121338e-02 9.954968e-02 1.447793e-02 -2.978129e-01 3.718323e-02 7.122704e-02 8.285163e-03 -3.277500e-02 1.286418e-02 4.914093e-01 5.012440e-02
1.204952e-02 4.552682e-01 4.298306e-02 1.443280e-01 1.355940e-02 -4.155395e-01 4.820132e-02 9.536190e-02 6.852472e-03 -6.193024e-02 1.291904e-02 6.507330e-01 7.240296e-02
1.628314e-02 6.120455e-01 7.700507e-02 1.768160e-01 2.055750e-02 -6.253072e-01 8.972819e-02 1.014060e-01 9.952787e-03 -1.050720e-01 2.763268e-02 9.763954e-01 1.037934e-01
6.513256e-04 1.495353e-01 3.824181e-02 6.748351e-02 1.147536e-02 -1.186488e-01 4.394860e-02 6.810095e-02 3.291716e-03 2.184756e-02 1.832875e-02 2.537355e-01 4.465966e-02
9.769884e-04 1.763334e-01 2.337676e-02 8.454596e-02 1.102806e-02 -1.274264e-01 2.189085e-02 7.235621e-02 7.330371e-03 5.932452e-04 1.106227e-02 2.222492e-01 1.721368e-02
1.953977e-03 4.528396e-01 1.337813e-01 1.304457e-01 3.559435e-02 -5.022525e-01 1.618820e-01 8.053123e-02 9.266625e-03 -6.122537e-02 4.245177e-02 7.407039e-01 2.059597e-01
3.582291e-03 5.013060e-01 6.391833e-02 1.312791e-01 1.176248e-02 -5.796611e-01 9.689673e-02 7.757625e-02 3.672833e-03 -6.719769e-02 2.518255e-02 8.832138e-01 1.317005e-01
5.861930e-03 3.268377e-01 5.363050e-02 9.329324e-02 1.460950e-02 -3.595848e-01 6.186469e-02 6.405462e-02 3.856419e-03 -3.768505e-02 1.901852e-02 5.813380e-01 6.892353e-02
8.792896e-03 4.580730e-01 4.263209e-02 1.416696e-01 1.531030e-02 -4.368693e-01 4.739077e-02 9.237469e-02 7.961918e-03 -5.793621e-02 1.562976e-02 6.386754e-01 5.745498e-02
1.237519e-02 4.375161e-01 7.011455e-02 1.226538e-01 1.721188e-02 -4.268923e-01 8.560636e-02 7.640870e-02 6.836955e-03 -6.288375e-02 1.650270e-02 6.922033e-01 1.137182e-01
1.660880e-02 4.565414e-01 3.760859e-02 1.354254e-01 9.652920e-03 -3.868746e-01 5.609549e-02 1.001612e-01 9.023666e-03 -5.200211e-02 4.291074e-03 6.004076e-01 8.086746e-02
1.628314e-03 3.630354e-01 4.028718e-02 1.072848e-01 2.458594e-02 -4.096086e-01 3.429716e-02 6.996315e-02 1.288921e-02 -4.568735e-02 2.176999e-02 6.326340e-01 4.744264e-02
1.953977e-03 5.362997e-01 1.402995e-01 1.625409e-01 3.349173e-02 -5.861671e-01 1.721643e-01 8.588035e-02 7.409640e-03 -1.097964e-01 4.491242e-02 7.900753e-01 2.072749e-01
2.930965e-03 3.053789e-01 5.610827e-02 1.006394e-01 9.849956e-03 -3.145823e-01 8.108137e-02 7.829922e-02 6.203288e-03 -1.679654e-02 1.509447e-02 5.250690e-01 1.292454e-01
4.559279e-03 3.862699e-01 8.699877e-02 9.022193e-02 2.282858e-02 -4.452815e-01 1.078076e-01 6.150161e-02 7.974103e-03 -3.069051e-02 3.024291e-02 7.030647e-01 1.294168e-01
6.838919e-03 3.718288e-01 9.656979e-02 1.112338e-01 2.783956e-02 -3.535057e-01 1.156120e-01 6.936323e-02 1.037011e-02 -4.076300e-02 3.003799e-02 5.449986e-01 1.482562e-01
9.769884e-03 3.185694e-01 2.371993e-02 9.835447e-02 7.190640e-03 -2.784775e-01 2.719234e-02 7.435165e-02 6.487234e-03 -2.384298e-02 7.880406e-03 4.575827e-01 3.073110e-02
1.335217e-02 5.317794e-01 3.559153e-02 1.440181e-01 7.270796e-03 -5.181411e-01 4.777847e-02 9.738983e-02 7.717625e-03 -5.864473e-02 1.445011e-02 7.881303e-01 7.613098e-02
1.758579e-02 5.127071e-01 3.339723e-02 1.517312e-01 1.277664e-02 -4.505574e-01 5.307398e-02 1.060247e-01 1.323768e-02 -6.368033e-02 2.584017e-02 7.708793e-01 1.031479e-01
3.256628e-03 3.027065e-01 6.864582e-02 9.945442e-02 1.461206e-02 -3.039590e-01 9.431496e-02 7.156122e-02 9.064376e-03 -2.799400e-02 8.720899e-03 4.794838e-01 1.539700e-01
3.582291e-03 4.828881e-01 1.024711e-01 1.112278e-01 3.362964e-02 -5.679556e-01 1.300969e-01 6.617943e-02 9.961971e-03 -5.820310e-02 3.754405e-02 8.539086e-01 1.801985e-01
4.559279e-03 4.104018e-01 6.061162e-02 1.264663e-01 9.672406e-03 -4.285847e-01 8.972408e-02 7.741315e-02 7.113002e-03 -6.699442e-02 1.498446e-02 6.132841e-01 1.335858e-01
6.187593e-03 3.629757e-01 5.938869e-02 1.051350e-01 9.644984e-03 -3.610818e-01 9.288311e-02 7.885436e-02 6.814358e-03 -2.190135e-02 1.577508e-02 5.928237e-01 1.341830e-01
8.467233e-03 4.055778e-01 2.962619e-02 1.315471e-01 1.221501e-02 -3.889145e-01 4.090202e-02 8.783252e-02 6.030681e-03 -5.850900e-02 8.909221e-03 6.042744e-01 6.657813e-02
1.139820e-02 3.491391e-01 4.144588e-02 1.152949e-01 1.586203e-02 -3.169454e-01 4.056296e-02 8.024460e-02 1.097735e-02 -5.095719e-02 4.634090e-03 5.171608e-01 7.080896e-02
1.498049e-02 4.223855e-01 4.309543e-02 1.173736e-01 1.563107e-02 -4.062560e-01 6.691340e-02 8.796887e-02 1.023485e-02 -4.847998e-02 1.924468e-02 6.694842e-01 9.772174e-02
1.921411e-02 4.737404e-01 7.253731e-02 1.299708e-01 1.762906e-02 -4.532470e-01 1.026286e-01 1.082835e-01 3.450900e-03 -5.313367e-02 1.823727e-02 7.830575e-01 1.680181e-01
5.536268e-03 3.270427e-01 2.860228e-02 1.110793e-01 9.086048e-03 -3.031977e-01 3.082004e-02 7.860052e-02 5.347590e-03 -3.193161e-02 1.446337e-02 4.709262e-01 3.675144e-02
5.861930e-03 5.037157e-01 7.880392e-02 1.574935e-01 2.360683e-02 -5.399985e-01 9.141699e-02 8.827020e-02 7.514945e-03 -9.660727e-02 2.993472e-02 7.973208e-01 9.901584e-02
6.838919e-03 4.118312e-01 1.014827e-01 1.123089e-01 2.519165e-02 -4.502630e-01 1.272958e-01 8.151627e-02 1.188380e-02 -4.317405e-02 3.037286e-02 7.133707e-01 1.460669e-01
8.467233e-03 5.658782e-01 7.472168e-02 1.285316e-01 1.845083e-02 -6.198955e-01 9.948441e-02 7.564236e-02 7.093175e-03 -6.310812e-02 2.262039e-02 9.220139e-01 1.368532e-01
1.074687e-02 4.889903e-01 3.846570e-02 1.476028e-01 1.435914e-02 -4.858010e-01 4.541586e-02 9.158431e-02 7.334892e-03 -7.246229e-02 9.800438e-03 7.262999e-01 7.801214e-02
1.367784e-02 4.227814e-01 4.435425e-02 1.327896e-01 3.069316e-02 -3.677507e-01 2.315216e-02 9.595223e-02 1.893965e-02 -5.068007e-02 1.893900e-02 5.827438e-01 4.047354e-02
1.726013e-02 5.554341e-01 9.885848e-02 1.747246e-01 3.489651e-02 -4.768959e-01 7.077105e-02 1.201484e-01 1.191489e-02 -8.431086e-02 2.513724e-02 7.126873e-01 4.262911e-02
2.149374e-02 5.848463e-01 9.554532e-02 1.672892e-01 1.772048e-02 -5.082799e-01 9.649989e-02 1.255282e-01 1.053213e-02 -7.743549e-02 1.569887e-02 8.365684e-01 1.257899e-01
8.467233e-03 3.915290e-01 5.690930e-02 1.149647e-01 2.301438e-02 -3.667152e-01 5.935411e-02 7.891824e-02 9.900453e-03 -3.846700e-02 1.914534e-02 5.650812e-01 8.804425e-02
8.792896e-03 3.091185e-01 4.142593e-02 1.063777e-01 1.212339e-02 -2.651563e-01 3.694027e-02 7.872223e-02 6.585712e-03 -2.123636e-02 1.756985e-02 4.483662e-01 4.334861e-02
9.769884e-03 4.565094e-01 5.803798e-02 1.226217e-01 1.437568e-02 -4.873011e-01 6.011745e-02 7.746044e-02 4.088375e-03 -6.934600e-02 1.881766e-02 7.455632e-01 6.715254e-02
1.139820e-02 4.889414e-01 7.829992e-02 1.298640e-01 1.923628e-02 -4.998976e-01 1.104838e-01 8.513597e-02 1.184885e-02 -6.118197e-02 9.470732e-03 7.639434e-01 1.728286e-01
1.367784e-02 4.625290e-01 7.922640e-02 1.487972e-01 2.344442e-02 -4.392181e-01 9.887733e-02 9.766217e-02 9.871753e-03 -7.942638e-02 2.991800e-02 7.028828e-01 1.219701e-01
1.660880e-02 4.541291e-01 6.142280e-02 1.127260e-01 1.969046e-02 -4.301654e-01 6.508984e-02 8.758438e-02 6.977460e-03 -5.072261e-02 1.879226e-02 6.863528e-01 7.078585e-02
2.019109e-02 4.972341e-01 9.856247e-02 1.515936e-01 3.519303e-02 -4.498893e-01 1.136310e-01 1.124338e-01 1.515314e-02 -7.895532e-02 4.222394e-02 7.381949e-01 1.099199e-01
2.442471e-02 4.782273e-01 5.594201e-02 1.369498e-01 2.856117e-02 -4.180710e-01 3.172546e-02 1.191531e-01 6.815247e-03 -8.097953e-02 2.011736e-02 7.539156e-01 4.629292e-02
1.204952e-02 4.179293e-01 5.985005e-02 1.336196e-01 1.429012e-02 -3.886111e-01 6.897784e-02 9.055960e-02 5.081087e-03 -5.032959e-02 2.322598e-02 6.214502e-01 8.878144e-02
1.237519e-02 3.558929e-01 5.388077e-02 9.484041e-02 2.081688e-02 -3.583458e-01 6.025212e-02 7.827315e-02 7.380299e-03 -2.668323e-02 2.375960e-02 6.162569e-01 6.840760e-02
1.335217e-02 4.537271e-01 6.166882e-02 1.436894e-01 2.460161e-02 -4.014817e-01 6.623888e-02 9.626180e-02 1.219028e-02 -5.427407e-02 2.042729e-02 6.395092e-01 1.000931e-01
1.498049e-02 5.905985e-01 7.459870e-02 1.579590e-01 2.318966e-02 -5.707074e-01 5.665489e-02 9.248210e-02 1.105688e-02 -8.227477e-02 1.748303e-02 9.091768e-01 7.385111e-02
1.726013e-02 4.591808e-01 7.229685e-02 1.407020e-01 1.871649e-02 -3.700743e-01 8.007544e-02 1.071991e-01 7.348863e-03 -5.445081e-02 1.716937e-02 6.017383e-01 1.107509e-01
2.019109e-02 4.761467e-01 5.517196e-02 1.348090e-01 1.149032e-02 -3.922946e-01 5.254284e-02 1.030082e-01 1.235817e-02 -5.228151e-02 1.431302e-02 6.722164e-01 7.291874e-02
2.377338e-02 5.082520e-01 4.465317e-02 1.462659e-01 2.807171e-02 -4.048597e-01 5.900341e-02 1.158214e-01 1.631088e-02 -6.209764e-02 2.789642e-02 7.200553e-01 8.201400e-02
2.800700e-02 4.940902e-01 3.455320e-02 1.350062e-01 1.321489e-02 -3.962463e-01 4.035050e-02 1.294848e-01 5.225521e-03 -6.525396e-02 3.271401e-02 8.025461e-01 6.153533e-02
1.628314e-02 4.108584e-01 8.852543e-02 1.363125e-01 2.460966e-02 -3.212432e-01 8.310076e-02 1.041581e-01 1.217280e-02 -3.116339e-02 1.256144e-02 5.838249e-01 1.138925e-01
1.660880e-02 4.871709e-01 5.790782e-02 1.523805e-01 2.405020e-02 -4.251575e-01 4.653064e-02 9.514042e-02 1.183842e-02 -7.710461e-02 1.512452e-02 6.882030e-01 6.367822e-02
1.758579e-02 4.958450e-01 1.374670e-01 1.200005e-01 3.552347e-02 -5.002044e-01 1.683943e-01 9.020222e-02 9.070163e-03 -6.066577e-02 5.096774e-02 8.315289e-01 1.906568e-01
1.921411e-02 5.050880e-01 4.524713e-02 1.494456e-01 1.599197e-02 -4.662744e-01 6.014678e-02 1.019168e-01 7.341100e-03 -9.236512e-02 1.898718e-02 7.380837e-01 1.030459e-01
2.149374e-02 4.675330e-01 5.606074e-02 1.376896e-01 1.615674e-02 -3.797681e-01 8.241541e-02 1.076191e-01 1.362275e-02 -5.262719e-02 1.013397e-02 6.713616e-01 1.290369e-01
2.442471e-02 4.717649e-01 6.020604e-02 1.566304e-01 2.679078e-02 -3.555957e-01 6.980211e-02 1.249649e-01 1.430929e-02 -7.802086e-02 2.940753e-02 6.396787e-01 9.587085e-02
2.800700e-02 4.590062e-01 3.525599e-02 1.273429e-01 2.127813e-02 -3.586072e-01 6.041214e-02 1.312367e-01 1.235191e-02 -4.974663e-02 2.640716e-02 7.415669e-01 7.838881e-02
3.224062e-02 5.243640e-01 9.796968e-02 1.813501e-01 4.376118e-02 -3.986415e-01 8.454734e-02 1.724883e-01 1.696388e-02 -1.099823e-01 3.887236e-02 9.311059e-01 1.325355e-01
1.302651e-03 2.491908e-01 5.446827e-02 9.909993e-02 1.357444e-02 -2.153246e-01 6.837477e-02 7.210101e-02 6.506493e-03 -2.173993e-02 1.359397e-02 3.256479e-01 8.919995e-02
1.628314e-03 3.630058e-01 9.304601e-02 1.120873e-01 2.278652e-02 -3.936016e-01 1.139618e-01 7.788272e-02 5.915480e-03 -3.728882e-02 2.936868e-02 6.138589e-01 1.419147e-01
2.605302e-03 2.654758e-01 5.612252e-02 1.039173e-01 1.695554e-02 -2.417664e-01 7.027445e-02 7.152687e-02 8.368010e-03 -3.437026e-02 1.872985e-02 3.697066e-01 8.606171e-02
4.233616e-03 2.659534e-01 5.711650e-02 8.404505e-02 1.489494e-02 -2.616162e-01 7.608097e-02 6.750002e-02 7.873266e-03 -8.537724e-03 1.206384e-02 4.472461e-01 1.126060e-01
6.513256e-03 3.504461e-01 4.989520e-02 1.163909e-01 1.621446e-02 -3.453333e-01 6.442521e-02 8.088218e-02 1.198380e-02 -3.998680e-02 9.060367e-03 5.509991e-01 9.249583e-02
9.444221e-03 4.360033e-01 6.003756e-02 1.334412e-01 2.335786e-02 -4.165324e-01 6.969902e-02 8.718643e-02 7.955401e-03 -6.124723e-02 2.963546e-02 6.363318e-01 8.940099e-02
1.302651e-02 4.243234e-01 5.758203e-02 1.363678e-01 8.708240e-03 -3.464380e-01 6.722226e-02 9.311035e-02 5.402067e-03 -5.355624e-02 1.187966e-02 5.070215e-01 9.690168e-02
1.726013e-02 4.478199e-01 4.204513e-02 1.254633e-01 1.811043e-02 -4.285135e-01 5.596379e-02 8.801649e-02 4.458971e-03 -5.689158e-02 1.729266e-02 7.379995e-01 8.908744e-02
1.628314e-03 2.114866e-01 4.423816e-02 7.526065e-02 1.250613e-02 -2.071339e-01 7.640466e-02 6.705159e-02 5.824704e-03 7.838199e-03 1.673687e-02 3.887765e-01 1.270317e-01
1.953977e-03 3.552058e-01 4.998813e-02 1.102985e-01 9.728297e-03 -3.743737e-01 7.280044e-02 7.158355e-02 6.157005e-03 -4.193601e-02 1.973003e-02 5.651059e-01 8.809575e-02
2.930965e-03 3.554630e-01 3.669991e-02 1.036759e-01 1.529013e-02 -3.875243e-01 5.170232e-02 7.459865e-02 6.221974e-03 -2.867528e-02 1.571888e-02 6.199814e-01 9.566439e-02
4.559279e-03 2.206826e-01 1.589588e-02 8.396894e-02 7.208730e-03 -1.815282e-01 1.772538e-02 6.314176e-02 4.196966e-03 -1.524180e-02 8.526129e-03 3.021743e-01 1.590552e-02
6.838919e-03 3.726272e-01 9.140882e-02 1.145476e-01 2.730829e-02 -3.649431e-01 1.042627e-01 7.731535e-02 9.693361e-03 -4.374054e-02 2.812657e-02 5.620407e-01 1.423644e-01
9.769884e-03 4.203737e-01 4.889096e-02 1.405621e-01 1.188422e-02 -4.087519e-01 7.046849e-02 9.373635e-02 3.186276e-03 -6.370506e-02 1.901050e-02 6.302130e-01 1.068560e-01
1.335217e-02 3.528669e-01 4.465291e-02 1.079267e-01 1.437233e-02 -3.314438e-01 6.682448e-02 8.603957e-02 7.516115e-03 -3.157863e-02 2.017320e-02 5.894063e-01 7.753585e-02
1.758579e-02 4.913001e-01 2.014088e-02 1.611933e-01 1.514593e-02 -4.155328e-01 3.392266e-02 1.195836e-01 1.243187e-02 -5.198149e-02 1.465968e-02 7.005945e-01 5.544907e-02
2.605302e-03 3.998124e-01 1.449742e-01 1.133257e-01 3.553746e-02 -4.409664e-01 1.849762e-01 7.117368e-02 1.064685e-02 -5.088429e-02 4.241872e-02 6.581927e-01 2.406915e-01
2.930965e-03 3.732194e-01 5.466458e-02 1.164334e-01 1.108231e-02 -3.978531e-01 9.020450e-02 7.736883e-02 6.411342e-03 -4.445241e-02 1.878741e-02 6.099288e-01 1.443046e-01
3.907954e-03 2.907019e-01 5.700292e-02 8.566896e-02 1.370801e-02 -3.028150e-01 8.629770e-02 6.481282e-02 4.882050e-03 -1.840477e-02 1.854180e-02 4.892220e-01 1.232114e-01
5.536268e-03 3.146859e-01 4.375762e-02 9.230695e-02 8.183823e-03 -3.218369e-01 6.918438e-02 7.508364e-02 6.776071e-03 -8.467420e-03 2.007588e-02 5.543345e-01 9.669973e-02
7.815907e-03 4.296034e-01 2.144092e-02 1.292326e-01 1.283553e-02 -4.306497e-01 3.114982e-02 8.405571e-02 7.201586e-03 -5.949264e-02 7.263701e-03 6.321405e-01 5.297991e-02
1.074687e-02 5.599121e-01 1.095054e-01 1.600180e-01 3.482343e-02 -5.449159e-01 9.870551e-02 1.003953e-01 1.000320e-02 -6.800516e-02 3.673352e-02 8.162290e-01 1.030641e-01
1.432916e-02 4.239252e-01 3.146337e-02 1.343555e-01 1.581402e-02 -3.938988e-01 3.985184e-02 8.866690e-02 7.431161e-03 -6.871410e-02 1.297321e-02 6.225041e-01 6.283955e-02
1.856278e-02 5.119042e-01 1.010611e-01 1.471107e-01 2.412045e-02 -4.324472e-01 1.247781e-01 1.030891e-01 6.978949e-03 -6.685306e-02 3.441819e-02 7.067854e-01 1.646700e-01
4.233616e-03 4.482762e-01 6.568787e-02 1.132604e-01 1.396863e-02 -5.276756e-01 9.460939e-02 6.872796e-02 6.692146e-03 -5.857415e-02 1.645168e-02 8.048501e-01 1.362100e-01
4.559279e-03 4.170808e-01 7.815242e-02 1.078849e-01 2.170144e-02 -4.860346e-01 1.022602e-01 6.714809e-02 4.563685e-03 -5.391900e-02 3.443555e-02 7.566946e-01 1.363307e-01
5.536268e-03 4.127721e-01 4.342458e-02 1.370139e-01 1.186505e-02 -4.196409e-01 6.302363e-02 8.447171e-02 4.701897e-03 -7.113092e-02 1.239694e-02 6.162315e-01 8.749591e-02
7.164582e-03 4.054850e-01 6.374561e-02 1.208323e-01 1.715738e-02 -4.129618e-01 9.225707e-02 7.388001e-02 6.768935e-03 -6.351341e-02 2.057476e-02 6.100135e-01 1.371265e-01
9.444221e-03 4.857264e-01 1.028440e-01 1.593466e-01 1.905117e-02 -4.340925e-01 1.322186e-01 1.012576e-01 9.216278e-03 -6.283509e-02 1.721506e-02 6.452582e-01 1.891794e-01
1.237519e-02 5.528917e-01 9.791904e-02 1.585666e-01 3.137189e-02 -5.248496e-01 1.124609e-01 9.369738e-02 1.012299e-02 -1.017681e-01 3.603625e-02 7.264555e-01 1.461187e-01
1.595748e-02 4.338779e-01 6.830718e-02 1.294696e-01 1.827129e-02 -4.051657e-01 8.131316e-02 8.866655e-02 5.885600e-03 -6.624312e-02 1.897687e-02 6.825190e-01 1.078512e-01
2.019109e-02 4.232571e-01 3.668320e-02 1.070348e-01 6.232816e-03 -3.930911e-01 6.621150e-02 9.326179e-02 2.778122e-03 -3.429807e-02 2.152391e-02 7.257448e-01 1.060730e-01
6.513256e-03 4.936115e-01 7.703329e-02 1.328692e-01 2.223043e-02 -5.300830e-01 9.936446e-02 7.739359e-02 6.139438e-03 -6.564089e-02 3.153905e-02 7.918256e-01 1.321580e-01
6.838919e-03 2.684891e-01 3.261957e-02 7.942863e-02 1.021231e-02 -2.409676e-01 5.588722e-02 6.633339e-02 3.850672e-03 3.100646e-03 1.923156e-02 4.339210e-01 1.039683e-01
7.815907e-03 4.506422e-01 6.040659e-02 1.332401e-01 1.322263e-02 -4.521241e-01 8.508507e-02 8.164178e-02 7.782592e-03 -6.387755e-02 1.687763e-02 6.717689e-01 1.178408e-01
9.444221e-03 3.723139e-01 2.962402e-02 9.463796e-02 7.369521e-03 -3.910239e-01 4.282390e-02 7.346012e-02 4.092627e-03 -1.891463e-02 6.512641e-03 6.630692e-01 8.279223e-02
1.172386e-02 3.657136e-01 3.616638e-02 9.794750e-02 1.068063e-02 -3.708488e-01 4.853347e-02 7.668817e-02 5.815799e-03 -3.387766e-02 1.065615e-02 6.202358e-01 6.823787e-02
1.465483e-02 3.365306e-01 5.776535e-02 1.108443e-01 2.356848e-02 -2.954398e-01 5.347907e-02 8.767286e-02 1.206966e-02 -4.666606e-02 1.781982e-02 4.968372e-01 5.863180e-02
1.823712e-02 4.444916e-01 5.747966e-02 1.528827e-01 1.256049e-02 -3.277216e-01 7.141602e-02 1.057050e-01 6.712679e-03 -7.639068e-02 1.363134e-02 5.273932e-01 8.766657e-02
2.247073e-02 4.539456e-01 4.901337e-02 1.406562e-01 3.173322e-02 -3.950684e-01 6.057782e-02 1.222706e-01 2.415572e-02 -5.723126e-02 3.359904e-02 7.366991e-01 8.621562e-02
9.444221e-03 4.161327e-01 5.208457e-02 1.341922e-01 1.513700e-02 -3.808457e-01 5.789964e-02 8.933349e-02 6.221970e-03 -5.055739e-02 1.749024e-02 6.086955e-01 1.048422e-01
9.769884e-03 4.727726e-01 2.345331e-02 1.349798e-01 1.517161e-02 -5.255961e-01 6.799265e-02 8.205756e-02 1.396719e-02 -7.687379e-02 1.152383e-02 8.586250e-01 1.397760e-01
1.074687e-02 4.095291e-01 4.426873e-02 1.169020e-01 1.494906e-02 -3.789975e-01 6.269407e-02 8.145231e-02 8.173300e-03 -3.736841e-02 1.716319e-02 6.151961e-01 9.321374e-02
1.237519e-02 5.094369e-01 5.539732e-02 1.534812e-01 1.692946e-02 -4.671990e-01 3.986787e-02 1.071198e-01 5.396889e-03 -6.151842e-02 2.055143e-02 7.131627e-01 5.562181e-02
1.465483e-02 4.196166e-01 1.106212e-01 1.149861e-01 3.310441e-02 -3.732924e-01 1.096032e-01 8.462643e-02 1.180973e-02 -4.498675e-02 3.148400e-02 5.540647e-01 1.011445e-01
1.758579e-02 5.356094e-01 2.359341e-02 1.457165e-01 1.053802e-02 -5.075471e-01 4.732072e-02 9.868963e-02 7.816470e-03 -7.437708e-02 1.229953e-02 7.854092e-01 7.417067e-02
2.116808e-02 4.248918e-01 3.329336e-02 1.366269e-01 1.834935e-02 -2.914825e-01 3.611925e-02 1.146909e-01 1.327315e-02 -2.256050e-02 2.279485e-02 5.637395e-01 2.759526e-02
2.540170e-02 5.028936e-01 5.867231e-02 1.529862e-01 1.946041e-02 -4.563180e-01 6.988750e-02 1.473076e-01 9.849832e-03 -8.162161e-02 1.504382e-02 7.991994e-01 1.069012e-01
1.302651e-02 3.307954e-01 2.699335e-02 8.381296e-02 1.346544e-02 -3.102228e-01 4.633045e-02 6.727949e-02 6.870479e-03 -1.580839e-02 1.366603e-02 5.632595e-01 8.609109e-02
1.335217e-02 4.860522e-01 6.677484e-02 1.396489e-01 2.192366e-02 -4.678937e-01 8.400035e-02 9.195605e-02 1.068634e-02 -5.983618e-02 2.606633e-02 7.697671e-01 9.712567e-02
1.432916e-02 5.203469e-01 5.771417e-02 1.591916e-01 1.553901e-02 -4.830558e-01 8.101000e-02 9.620491e-02 8.270146e-03 -8.235373e-02 1.976311e-02 7.645726e-01 1.248508e-01
1.595748e-02 5.048621e-01 6.633747e-02 1.423187e-01 2.375475e-02 -4.470340e-01 6.012418e-02 9.913612e-02 5.944155e-03 -5.820608e-02 2.009316e-02 6.751756e-01 1.077999e-01
1.823712e-02 4.962491e-01 9.670418e-02 1.402492e-01 2.826754e-02 -4.690440e-01 1.099951e-01 1.023060e-01 9.959908e-03 -6.973893e-02 3.503474e-02 7.893128e-01 1.267325e-01
2.116808e-02 5.287316e-01 7.548535e-02 1.489739e-01 3.254356e-02 -4.545471e-01 5.780342e-02 1.075888e-01 1.395894e-02 -8.489752e-02 1.733141e-02 7.245535e-01 7.931023e-02
2.475037e-02 4.703282e-01 3.634941e-02 1.236942e-01 1.502062e-02 -3.853736e-01 4.795635e-02 1.159713e-01 8.691169e-03 -3.565075e-02 2.401666e-02 7.039369e-01 6.478029e-02
2.898399e-02 6.131028e-01 4.384801e-02 1.709923e-01 1.761990e-02 -4.913662e-01 6.002749e-02 1.501802e-01 1.375090e-02 -8.587756e-02 1.331105e-02 8.421057e-01 1.050956e-01
1.726013e-02 4.955435e-01 5.180138e-02 1.671879e-01 1.384151e-02 -4.187562e-01 4.767540e-02 1.049478e-01 6.890628e-03 -8.432636e-02 1.544379e-02 6.621844e-01 7.225893e-02
1.758579e-02 4.743959e-01 3.286243e-02 1.457716e-01 2.211003e-02 -4.315495e-01 5.026873e-02 1.130080e-01 9.142735e-03 -4.243968e-02 1.272269e-02 7.766733e-01 1.019604e-01
1.856278e-02 4.044605e-01 6.182112e-02 1.243342e-01 1.955911e-02 -3.526610e-01 5.995295e-02 1.017583e-01 1.139539e-02 -6.212092e-02 1.762745e-02 5.925850e-01 6.421122e-02
2.019109e-02 4.707795e-01 7.576939e-02 1.539857e-01 2.530692e-02 -4.202532e-01 7.439410e-02 1.012167e-01 9.624721e-03 -8.760852e-02 1.390666e-02 7.048492e-01 1.121602e-01
2.247073e-02 4.794799e-01 4.036990e-02 1.585776e-01 1.098345e-02 -3.598906e-01 4.769763e-02 1.177475e-01 7.152742e-03 -6.888411e-02 2.003575e-02 6.477720e-01 8.559948e-02
2.540170e-02 4.352704e-01 5.133801e-02 1.232953e-01 8.801289e-03 -3.395101e-01 5.765750e-02 1.122308e-01 5.350279e-03 -6.049930e-02 2.367317e-02 7.021934e-01 9.173658e-02
2.898399e-02 5.580525e-01 3.322985e-02 1.742233e-01 2.742760e-02 -4.335463e-01 3.393168e-02 1.656334e-01 1.155830e-02 -8.256538e-02 4.836148e-02 8.765928e-01 6.323358e-02
3.321761e-02 5.795933e-01 3.877408e-02 1.788109e-01 1.844690e-02 -3.646461e-01 5.696134e-02 1.921759e-01 1.935842e-02 -1.000150e-01 2.366025e-02 8.281342e-01 8.736574e-02
2.930965e-03 3.321355e-01 7.319718e-02 1.075054e-01 1.975590e-02 -3.461797e-01 9.176240e-02 8.075355e-02 1.131766e-02 -2.739685e-02 1.661409e-02 5.565820e-01 1.502950e-01
3.256628e-03 4.888958e-01 1.420039e-01 1.399894e-01 3.281771e-02 -5.370898e-01 1.861595e-01 8.724501e-02 1.068495e-02 -6.584046e-02 4.268823e-02 8.012688e-01 2.370923e-01
4.233616e-03 4.719680e-01 9.993831e-02 1.432265e-01 2.253587e-02 -4.759980e-01 1.340321e-01 8.174087e-02 1.190616e-02 -7.241831e-02 3.148184e-02 6.821198e-01 1.620546e-01
5.861930e-03 5.281081e-01 7.031119e-02 1.281610e-01 2.262708e-02 -6.055540e-01 7.852302e-02 7.385552e-02 9.470825e-03 -6.840951e-02 2.402585e-02 9.134425e-01 8.965177e-02
8.141570e-03 4.263832e-01 7.341482e-02 1.297517e-01 2.343631e-02 -4.196653e-01 7.071969e-02 8.299181e-02 8.193794e-03 -5.661118e-02 2.346199e-02 6.365798e-01 8.911581e-02
1.107254e-02 4.874228e-01 1.212342e-01 1.336361e-01 3.282499e-02 -4.522468e-01 1.466721e-01 7.760428e-02 1.006739e-02 -7.084590e-02 3.132031e-02 6.371101e-01 1.850164e-01
1.465483e-02 4.004517e-01 5.110866e-02 1.155923e-01 1.343352e-02 -3.623113e-01 7.152333e-02 8.153195e-02 6.797282e-03 -4.868537e-02 1.298282e-02 5.972315e-01 1.227177e-01
1.888844e-02 4.109216e-01 4.145680e-02 1.268664e-01 1.548634e-02 -3.469999e-01 3.353322e-02 1.033909e-01 7.488534e-03 -4.185159e-02 1.535905e-02 6.218252e-01 5.378282e-02
3.256628e-03 3.407115e-01 7.691802e-02 1.102071e-01 2.168176e-02 -3.581595e-01 9.721210e-02 7.295733e-02 5.658938e-03 -4.285473e-02 2.980316e-02 5.595569e-01 1.375374e-01
3.582291e-03 3.543156e-01 8.364583e-02 1.299545e-01 2.731663e-02 -3.183078e-01 8.310689e-02 9.076668e-02 7.355083e-03 -3.993079e-02 3.297806e-02 4.728669e-01 7.612965e-02
4.559279e-03 3.508108e-01 4.465586e-02 8.625634e-02 1.840751e-02 -4.265894e-01 5.788796e-02 6.120705e-02 9.123627e-03 -3.596725e-02 1.668748e-02 6.944423e-01 9.739174e-02
6.187593e-03 4.214142e-01 1.056081e-01 1.269432e-01 3.066661e-02 -4.382567e-01 1.373386e-01 7.700973e-02 1.105399e-02 -6.335403e-02 3.814964e-02 6.606283e-01 1.735142e-01
8.467233e-03 3.165856e-01 3.449500e-02 9.811212e-02 1.369847e-02 -2.989518e-01 1.930557e-02 7.330456e-02 5.576001e-03 -2.199103e-02 1.203251e-02 5.034018e-01 1.858935e-02
1.139820e-02 3.951314e-01 2.468137e-02 1.205226e-01 1.560566e-02 -4.017651e-01 2.454488e-02 9.668702e-02 5.936247e-03 -3.906185e-02 1.844632e-02 6.653028e-01 3.739887e-02
1.498049e-02 4.427940e-01 4.588151e-02 1.499759e-01 1.474493e-02 -3.793492e-01 4.861340e-02 9.790633e-02 4.916610e-03 -7.623661e-02 1.475750e-02 6.085138e-01 7.097304e-02
1.921411e-02 4.170111e-01 5.091022e-02 1.400895e-01 2.905283e-02 -3.659230e-01 3.998081e-02 1.165751e-01 1.713808e-02 -5.568125e-02 2.257278e-02 6.521683e-01 3.869927e-02
4.233616e-03 3.256049e-01 4.102419e-02 1.188830e-01 1.552103e-02 -3.029099e-01 4.409552e-02 9.050482e-02 7.095984e-03 -2.723387e-02 1.549267e-02 4.814477e-01 4.769733e-02
4.559279e-03 3.737573e-01 4.195151e-02 9.567868e-02 1.701589e-02 -4.389616e-01 4.512097e-02 6.672613e-02 8.549239e-03 -3.871104e-02 1.678690e-02 6.972378e-01 5.892786e-02
5.536268e-03 3.950533e-01 5.539685e-02 1.241172e-01 1.961441e-02 -3.861328e-01 6.177958e-02 8.350862e-02 9.141562e-03 -4.091071e-02 2.205173e-02 5.973807e-01 7.010112e-02
7.164582e-03 4.537335e-01 4.448567e-02 1.347061e-01 1.491904e-02 -4.634802e-01 4.798033e-02 8.455828e-02 7.972768e-03 -6.285417e-02 1.875130e-02 6.968465e-01 4.186676e-02
9.444221e-03 3.996465e-01 3.744822e-02 1.122532e-01 1.399933e-02 -4.159602e-01 5.124367e-02 8.496968e-02 7.927266e-03 -2.788934e-02 1.165741e-02 7.193495e-01 1.047300e-01
1.237519e-02 6.818050e-01 9.465945e-02 1.939350e-01 3.637612e-02 -5.982993e-01 1.083006e-01 1.100063e-01 2.107174e-02 -9.581048e-02 2.011311e-02 8.154649e-01 1.456701e-01
1.595748e-02 3.392062e-01 4.466145e-02 1.187524e-01 1.430436e-02 -2.795331e-01 4.974507e-02 1.029011e-01 1.104748e-02 -2.727733e-02 1.013817e-02 5.463128e-01 7.965788e-02
2.019109e-02 6.852734e-01 1.105808e-01 1.873695e-01 1.880269e-02 -6.834693e-01 1.447784e-01 1.088525e-01 6.724743e-03 -1.363943e-01 2.788311e-02 9.894267e-01 1.823668e-01
5.861930e-03 5.312884e-01 1.164233e-01 1.214495e-01 9.268103e-03 -6.331416e-01 1.901282e-01 7.503699e-02 5.895946e-03 -5.555572e-02 2.371360e-02 9.890498e-01 2.882332e-01
6.187593e-03 3.877529e-01 8.222544e-02 1.240785e-01 2.547750e-02 -3.704363e-01 8.200469e-02 7.851699e-02 8.391315e-03 -4.973172e-02 2.400148e-02 5.547706e-01 8.545193e-02
7.164582e-03 2.446917e-01 1.341461e-02 9.429682e-02 9.922399e-03 -1.955219e-01 2.437309e-02 7.758235e-02 3.971427e-03 -8.759118e-03 1.170452e-02 3.643808e-01 5.598296e-02
8.792896e-03 4.349030e-01 3.442004e-02 1.366274e-01 1.947286e-02 -4.176627e-01 6.846858e-02 9.059822e-02 1.232904e-02 -5.784918e-02 9.149061e-03 6.289260e-01 1.378145e-01
1.107254e-02 5.451057e-01 5.579224e-02 1.587792e-01 2.517163e-02 -5.703364e-01 8.079417e-02 9.174233e-02 1.260417e-02 -9.814139e-02 1.806372e-02 8.659989e-01 1.401774e-01
1.400350e-02 5.203957e-01 5.362084e-02 1.295444e-01 1.426330e-02 -4.982532e-01 4.673353e-02 8.433170e-02 6.863178e-03 -5.899054e-02 1.747905e-02 7.572966e-01 4.693929e-02
1.758579e-02 3.982128e-01 2.861523e-02 1.313790e-01 1.048480e-02 -3.207176e-01 2.835170e-02 9.022589e-02 5.155425e-03 -5.058131e-02 1.510627e-02 5.969328e-01 6.226558e-02
2.181941e-02 4.668142e-01 5.731523e-02 1.344540e-01 1.738469e-02 -4.039043e-01 4.638764e-02 1.141934e-01 7.238480e-03 -7.007393e-02 1.760511e-02 6.888782e-01 6.321585e-02
8.141570e-03 5.385225e-01 1.160396e-01 1.585785e-01 3.282381e-02 -5.562584e-01 1.316244e-01 8.867986e-02 8.398222e-03 -9.878982e-02 3.618286e-02 7.832971e-01 1.608929e-01
8.467233e-03 4.244367e-01 9.824968e-02 1.270914e-01 2.032794e-02 -4.116047e-01 1.320670e-01 8.920906e-02 7.381194e-03 -3.771562e-02 2.654207e-02 6.779566e-01 1.835152e-01
9.444221e-03 5.053957e-01 5.971078e-02 1.547653e-01 6.426121e-03 -5.011938e-01 1.269119e-01 9.865636e-02 8.355732e-03 -7.346793e-02 2.374584e-02 7.469301e-01 1.934511e-01
1.107254e-02 5.170576e-01 9.315667e-02 1.323857e-01 3.005195e-02 -5.408609e-01 9.715046e-02 8.389337e-02 1.437309e-02 -5.740214e-02 2.393995e-02 8.413935e-01 1.180474e-01
1.335217e-02 4.471398e-01 3.531107e-02 1.288674e-01 1.402765e-02 -4.273044e-01 4.077023e-02 8.483191e-02 8.531854e-03 -5.265052e-02 1.073630e-02 6.948820e-01 6.400671e-02
1.628314e-02 4.608296e-01 7.489866e-02 1.076793e-01 1.578047e-02 -4.706668e-01 1.068022e-01 7.909497e-02 9.163955e-03 -4.600598e-02 1.909924e-02 7.932331e-01 1.521120e-01
1.986543e-02 4.463468e-01 4.157388e-02 1.405096e-01 9.216132e-03 -3.359915e-01 4.666065e-02 1.061863e-01 8.379705e-03 -4.525029e-02 2.159982e-02 6.221111e-01 4.904958e-02
2.409905e-02 4.899486e-01 5.114106e-02 1.500506e-01 2.146204e-02 -4.305597e-01 6.263783e-02 1.221382e-01 1.561137e-02 -8.561409e-02 2.559638e-02 7.828421e-01 7.722554e-02
1.107254e-02 3.157429e-01 4.805070e-02 1.017903e-01 1.799401e-02 -2.802982e-01 4.464665e-02 8.651025e-02 8.559547e-03 -1.846353e-02 1.765598e-02 4.987386e-01 4.446192e-02
1.139820e-02 4.902481e-01 6.602171e-02 1.381988e-01 1.813832e-02 -5.016404e-01 5.963268e-02 8.816858e-02 9.883813e-03 -7.092821e-02 1.069117e-02 7.739232e-01 8.608991e-02
1.237519e-02 5.988107e-01 1.296151e-01 1.667290e-01 3.793966e-02 -5.882789e-01 1.307542e-01 9.757827e-02 1.537897e-02 -9.634068e-02 4.040601e-02 8.252561e-01 1.416817e-01
1.400350e-02 5.635058e-01 3.837478e-02 1.526658e-01 2.125412e-02 -6.025703e-01 6.520127e-02 9.498344e-02 1.102700e-02 -9.000149e-02 1.787548e-02 9.736479e-01 9.803151e-02
1.628314e-02 4.383607e-01 4.110218e-02 1.513093e-01 1.258221e-02 -3.543302e-01 5.847688e-02 1.110634e-01 7.872532e-03 -5.936008e-02 1.293471e-02 5.922678e-01 1.106742e-01
1.921411e-02 5.669967e-01 4.495104e-02 1.428507e-01 6.892211e-03 -5.537092e-01 6.689943e-02 1.049370e-01 8.889255e-03 -6.927990e-02 9.242189e-03 8.942022e-01 1.267054e-01
2.279640e-02 4.844450e-01 6.221797e-02 1.185238e-01 2.369878e-02 -3.964950e-01 6.276701e-02 1.031310e-01 1.166985e-02 -3.999856e-02 2.334270e-02 6.862759e-01 7.035050e-02
2.703001e-02 5.430618e-01 5.824819e-02 1.686477e-01 3.521987e-02 -4.702773e-01 5.858242e-02 1.353839e-01 2.104820e-02 -1.070656e-01 2.653608e-02 8.550071e-01 9.291021e-02
1.465483e-02 4.506939e-01 3.818057e-02 1.163968e-01 1.175160e-02 -4.968939e-01 5.545446e-02 8.312529e-02 3.764722e-03 -4.745167e-02 2.164824e-02 8.928777e-01 7.392275e-02
1.498049e-02 4.394797e-01 5.573079e-02 1.178351e-01 1.200879e-02 -4.126633e-01 6.817674e-02 8.842817e-02 5.464381e-03 -3.727529e-02 1.540662e-02 7.024597e-01 9.774965e-02
1.595748e-02 4.442675e-01 5.444558e-02 1.265090e-01 2.322633e-02 -4.118165e-01 9.722157e-02 9.399913e-02 1.160829e-02 -4.512509e-02 2.167965e-02 7.083088e-01 1.683035e-01
1.758579e-02 5.642929e-01 6.367667e-02 1.474383e-01 2.092801e-02 -5.476180e-01 7.526519e-02 1.011886e-01 8.650715e-03 -8.502090e-02 1.819022e-02 8.157514e-01 1.339030e-01
1.986543e-02 4.376705e-01 4.196924e-02 1.249949e-01 1.153234e-02 -3.724086e-01 5.144915e-02 1.009273e-01 7.025384e-03 -5.334418e-02 1.320000e-02 6.154261e-01 6.738247e-02
2.279640e-02 5.321147e-01 5.167407e-02 1.349326e-01 6.985930e-03 -4.736208e-01 9.715361e-02 1.105205e-01 5.436425e-03 -6.138587e-02 2.367002e-02 8.805401e-01 1.540882e-01
2.637869e-02 5.857353e-01 6.787251e-02 1.795281e-01 1.330318e-02 -4.958812e-01 5.950102e-02 1.435586e-01 1.160587e-02 -1.008385e-01 1.365963e-02 8.611416e-01 8.689011e-02
3.061230e-02 4.317712e-01 4.214245e-02 1.291256e-01 1.660835e-02 -3.331422e-01 6.486938e-02 1.412677e-01 9.031797e-03 -3.749990e-02 2.412535e-02 7.614053e-01 7.323776e-02
1.888844e-02 5.443262e-01 6.916286e-02 1.743466e-01 3.101628e-02 -4.497090e-01 6.621388e-02 1.223131e-01 1.444996e-02 -7.893778e-02 3.110651e-02 7.082768e-01 6.910456e-02
1.921411e-02 4.933467e-01 5.422650e-02 1.258417e-01 1.486579e-02 -4.594083e-01 7.554565e-02 9.685110e-02 6.560918e-03 -5.664875e-02 1.620445e-02 7.535134e-01 1.155737e-01
2.019109e-02 4.563536e-01 6.268834e-02 1.579307e-01 1.849233e-02 -3.695290e-01 6.157568e-02 1.148248e-01 8.853500e-03 -6.354827e-02 2.507960e-02 6.327978e-01 5.798711e-02
2.181941e-02 5.421652e-01 5.326834e-02 1.518137e-01 1.609870e-02 -4.629068e-01 5.233149e-02 1.197873e-01 9.163132e-03 -6.220706e-02 1.404354e-02 7.390101e-01 5.781084e-02
2.409905e-02 5.858760e-01 7.281779e-02 1.695662e-01 7.766885e-03 -4.433267e-01 8.535487e-02 1.255171e-01 8.963528e-03 -8.832227e-02 1.301673e-02 7.134157e-01 1.029687e-01
2.703001e-02 5.598803e-01 9.515535e-02 1.484937e-01 2.353904e-02 -4.654956e-01 9.377459e-02 1.221545e-01 1.225372e-02 -6.075400e-02 3.232650e-02 8.950815e-01 1.149471e-01
3.061230e-02 4.739009e-01 1.989565e-02 1.538843e-01 2.340778e-02 -3.323191e-01 2.307222e-02 1.412619e-01 1.285863e-02 -8.360639e-02 7.082401e-03 7.490795e-01 1.830514e-02
3.484592e-02 5.207311e-01 3.565434e-02 1.540270e-01 1.027526e-02 -3.912277e-01 2.689000e-02 1.574607e-01 5.618163e-03 -1.003923e-01 1.156550e-02 8.621997e-01 5.980379e-02
5.210605e-03 3.925003e-01 5.499093e-02 1.388650e-01 2.129046e-02 -3.724880e-01 5.592519e-02 9.151750e-02 9.904859e-03 -6.201716e-02 2.282203e-02 5.462108e-01 5.639467e-02
5.536268e-03 4.483524e-01 9.482930e-02 1.272621e-01 2.671992e-02 -4.853863e-01 1.162040e-01 7.345997e-02 4.648169e-03 -6.913761e-02 4.030669e-02 7.184970e-01 1.311819e-01
6.513256e-03 4.513336e-01 8.273516e-02 1.312822e-01 2.256115e-02 -4.688004e-01 9.666544e-02 8.785451e-02 7.473642e-03 -5.053426e-02 3.314526e-02 7.268716e-01 9.505899e-02
8.141570e-03 3.950159e-01 5.281244e-02 1.046987e-01 1.258638e-02 -4.181255e-01 7.532882e-02 7.186933e-02 6.947981e-03 -3.928712e-02 1.793237e-02 6.652145e-01 1.120271e-01
1.042121e-02 4.735811e-01 1.094534e-01 1.252026e-01 2.381151e-02 -4.834013e-01 1.401456e-01 8.707981e-02 1.050083e-02 -3.664533e-02 2.918042e-02 7.710515e-01 1.732877e-01
1.335217e-02 4.874852e-01 2.778728e-02 1.271190e-01 1.068389e-02 -5.032450e-01 4.268346e-02 8.789695e-02 8.338595e-03 -4.836054e-02 1.019519e-02 7.948994e-01 8.720161e-02
1.693447e-02 4.228229e-01 3.576431e-02 1.317428e-01 6.607824e-03 -3.914583e-01 3.473194e-02 9.082941e-02 8.093228e-03 -5.258670e-02 1.956354e-02 6.939538e-01 5.185689e-02
2.116808e-02 5.422070e-01 5.115122e-02 1.605062e-01 1.454036e-02 -4.950683e-01 6.051309e-02 1.226275e-01 5.209202e-03 -8.400667e-02 2.678240e-02 8.748204e-01 6.457574e-02
5.536268e-03 4.102228e-01 1.094006e-01 1.248909e-01 3.074412e-02 -4.225325e-01 1.197447e-01 7.562692e-02 1.221101e-02 -6.633036e-02 2.988744e-02 6.142367e-01 1.356234e-01
5.861930e-03 3.210591e-01 8.271743e-02 1.047559e-01 2.816292e-02 -3.093952e-01 8.334159e-02 8.044763e-02 9.431517e-03 -2.566367e-02 2.824765e-02 4.976028e-01 8.581301e-02
6.838919e-03 4.619886e-01 1.524227e-02 1.375738e-01 1.138948e-02 -4.452595e-01 3.825348e-02 8.718432e-02 8.339764e-03 -5.746277e-02 1.308816e-02 6.460961e-01 8.045420e-02
8.467233e-03 5.525015e-01 5.015985e-02 1.803316e-01 9.553719e-03 -5.219192e-01 7.845168e-02 9.808138e-02 5.134679e-03 -1.137226e-01 1.850743e-02 6.738689e-01 1.120003e-01
1.074687e-02 2.906890e-01 4.251778e-02 8.487846e-02 2.112573e-02 -2.789533e-01 4.202048e-02 7.208783e-02 8.469332e-03 -7.860550e-03 1.902638e-02 5.386152e-01 5.761020e-02
1.367784e-02 4.422604e-01 2.992841e-02 1.269622e-01 1.167307e-02 -4.425717e-01 3.620076e-02 8.779432e-02 8.711887e-03 -6.256839e-02 1.154356e-02 7.196534e-01 5.777226e-02
1.726013e-02 4.313038e-01 4.333433e-02 1.385676e-01 1.593802e-02 -3.867121e-01 4.046394e-02 1.103720e-01 6.269261e-03 -6.667059e-02 1.999673e-02 6.308021e-01 4.111872e-02
2.149374e-02 4.379446e-01 4.862365e-02 1.407361e-01 2.282806e-02 -3.839727e-01 4.025938e-02 1.265150e-01 1.348372e-02 -6.746704e-02 2.264317e-02 6.680650e-01 5.660381e-02
6.513256e-03 4.104289e-01 4.250308e-02 1.171016e-01 8.883716e-03 -4.379388e-01 5.327714e-02 7.166370e-02 5.808912e-03 -6.043660e-02 8.840243e-03 6.497484e-01 8.324158e-02
6.838919e-03 3.877522e-01 1.148326e-01 1.187892e-01 3.841455e-02 -3.794197e-01 1.259420e-01 7.609047e-02 1.306346e-02 -4.905493e-02 3.844187e-02 5.752961e-01 1.528267e-01
7.815907e-03 3.851173e-01 5.593830e-02 1.035743e-01 2.426169e-02 -4.173651e-01 6.034132e-02 7.474450e-02 1.078120e-02 -3.020089e-02 2.110910e-02 6.929632e-01 6.833979e-02
9.444221e-03 3.104803e-01 7.598664e-02 9.780764e-02 2.307919e-02 -2.918970e-01 8.532609e-02 7.791685e-02 1.365345e-02 -2.812757e-02 2.153969e-02 4.696675e-01 9.535568e-02
1.172386e-02 4.838327e-01 1.232200e-01 1.443423e-01 2.776138e-02 -4.827820e-01 1.589875e-01 9.347748e-02 6.653005e-03 -7.445115e-02 4.360509e-02 7.459274e-01 2.029915e-01
1.465483e-02 5.569022e-01 3.867911e-02 1.540182e-01 1.296471e-02 -5.257818e-01 5.813078e-02 9.119883e-02 5.760244e-03 -8.594157e-02 1.073009e-02 7.921038e-01 1.137096e-01
1.823712e-02 5.260159e-01 6.135634e-02 1.353467e-01 1.540295e-02 -4.904247e-01 1.015139e-01 9.674940e-02 7.408087e-03 -7.136110e-02 2.587808e-02 7.290145e-01 1.240809e-01
2.247073e-02 5.032757e-01 7.533965e-02 1.739849e-01 3.940077e-02 -3.741129e-01 5.214659e-02 1.299368e-01 1.403063e-02 -8.324369e-02 3.653689e-02 6.728925e-01 4.170242e-02
8.141570e-03 3.711373e-01 5.215911e-02 1.065900e-01 1.199276e-02 -3.492342e-01 6.634695e-02 7.743617e-02 9.332564e-03 -1.751105e-02 1.255112e-02 5.830416e-01 9.513296e-02
8.467233e-03 4.387809e-01 8.619729e-02 1.130877e-01 1.276495e-02 -4.879523e-01 1.261730e-01 8.235077e-02 6.388926e-03 -3.793676e-02 2.980693e-02 8.058611e-01 1.712960e-01
9.444221e-03 5.115475e-01 2.952916e-02 1.606061e-01 1.363850e-02 -4.921065e-01 4.721718e-02 9.229476e-02 7.153970e-03 -1.047957e-01 9.172668e-03 6.522201e-01 7.860036e-02
1.107254e-02 5.351584e-01 6.379817e-02 1.564825e-01 3.037612e-02 -5.158238e-01 4.594642e-02 9.611282e-02 1.233821e-02 -7.785138e-02 2.304805e-02 7.779119e-01 4.487893e-02
1.335217e-02 4.945064e-01 5.195654e-02 1.451693e-01 1.959822e-02 -4.846135e-01 8.338921e-02 9.279820e-02 1.213693e-02 -8.114279e-02 1.859973e-02 7.515376e-01 1.261170e-01
1.628314e-02 3.955514e-01 3.188894e-02 1.182102e-01 1.634694e-02 -3.260754e-01 5.133826e-02 9.874097e-02 8.946198e-03 -1.636065e-02 2.099228e-02 5.972363e-01 6.996190e-02
1.986543e-02 4.222806e-01 2.662624e-02 1.300315e-01 1.641163e-02 -3.628841e-01 3.900115e-02 1.054771e-01 9.631261e-03 -5.484850e-02 2.494536e-02 6.286950e-01 3.424842e-02
2.409905e-02 4.621223e-01 5.489689e-02 1.579177e-01 2.618468e-02 -3.445609e-01 6.060012e-02 1.230063e-01 1.581136e-02 -7.010496e-02 2.460704e-02 6.644129e-01 7.183703e-02
1.042121e-02 5.027733e-01 3.884262e-02 1.510625e-01 1.896536e-02 -4.991140e-01 5.266198e-02 9.508122e-02 8.694652e-03 -6.758211e-02 1.246257e-02 7.957813e-01 1.065070e-01
1.074687e-02 3.655260e-01 2.230508e-02 1.058232e-01 7.038969e-03 -3.435898e-01 2.644594e-02 7.912825e-02 3.932391e-03 -3.243143e-02 9.334014e-03 5.469674e-01 3.727404e-02
1.172386e-02 4.826532e-01 4.087713e-02 1.633797e-01 1.528933e-02 -4.090569e-01 3.959206e-02 1.027875e-01 6.287500e-03 -7.676935e-02 1.928401e-02 5.924500e-01 5.439680e-02
1.335217e-02 4.693306e-01 5.457923e-02 1.275204e-01 1.174752e-02 -4.557871e-01 7.034814e-02 9.004516e-02 3.582487e-03 -4.257467e-02 2.023023e-02 7.529446e-01 6.678773e-02
1.563181e-02 4.935470e-01 5.439486e-02 1.675159e-01 1.622352e-02 -4.398516e-01 7.113647e-02 1.099178e-01 1.231726e-02 -9.878640e-02 1.976510e-02 6.646644e-01 9.933185e-02
1.856278e-02 3.886876e-01 3.497384e-02 1.133095e-01 1.507609e-02 -3.426996e-01 3.094526e-02 9.209725e-02 1.053116e-02 -3.563075e-02 9.060561e-03 6.147533e-01 6.069104e-02
2.214507e-02 4.775776e-01 3.677676e-02 1.144207e-01 2.087728e-02 -4.045053e-01 4.622046e-02 9.313836e-02 1.186445e-02 -4.607312e-02 1.944738e-02 7.371522e-01 3.020356e-02
2.637869e-02 4.436161e-01 4.762893e-02 1.476082e-01 2.451421e-02 -2.730292e-01 5.253143e-02 1.268410e-01 1.349612e-02 -4.556764e-02 2.904426e-02 5.396855e-01 7.716370e-02
1.335217e-02 4.309247e-01 3.876997e-02 1.337520e-01 1.635293e-02 -3.574371e-01 3.144602e-02 8.951253e-02 8.253021e-03 -5.651598e-02 7.455476e-03 5.613681e-01 4.377143e-02
1.367784e-02 4.844208e-01 6.074619e-02 1.595546e-01 2.058044e-02 -3.937514e-01 7.475679e-02 9.681175e-02 7.808549e-03 -6.591811e-02 2.498270e-02 6.141173e-01 8.169858e-02
1.465483e-02 3.645037e-01 6.973539e-03 1.113571e-01 8.414038e-03 -3.195736e-01 1.404159e-02 8.429176e-02 5.459827e-03 -3.671483e-02 5.115789e-03 5.483633e-01 4.544742e-02
1.628314e-02 3.978475e-01 2.242675e-02 1.253914e-01 1.033588e-02 -3.387699e-01 2.558211e-02 9.777567e-02 7.261828e-03 -4.020691e-02 1.381232e-02 5.956148e-01 4.302510e-02
1.856278e-02 4.786242e-01 5.005773e-02 1.198493e-01 1.859214e-02 -4.690658e-01 5.942977e-02 9.934350e-02 6.444702e-03 -4.889089e-02 2.121854e-02 7.565230e-01 7.084852e-02
2.149374e-02 5.345745e-01 8.628633e-02 1.249011e-01 2.011375e-02 -4.920850e-01 1.040844e-01 9.307679e-02 8.825808e-03 -5.964453e-02 1.850301e-02 7.974661e-01 1.422571e-01
2.507604e-02 4.946251e-01 5.510732e-02 1.574787e-01 2.946614e-02 -3.582285e-01 5.162223e-02 1.218073e-01 2.452840e-02 -7.378404e-02 2.193626e-02 6.673839e-01 5.482330e-02
2.930965e-02 4.991101e-01 3.683623e-02 1.125383e-01 1.177981e-02 -3.583409e-01 3.577066e-02 1.220299e-01 7.643096e-03 -4.982467e-02 1.938960e-02 7.148162e-01 7.038940e-02
1.693447e-02 4.163139e-01 4.506511e-02 1.159665e-01 1.803511e-02 -3.703941e-01 5.803998e-02 8.484490e-02 4.958938e-03 -5.138908e-02 2.075128e-02 6.404650e-01 8.376269e-02
1.726013e-02 4.294297e-01 4.249087e-02 1.345579e-01 1.759950e-02 -3.992247e-01 5.128011e-02 1.220664e-01 1.349834e-02 -2.564033e-02 1.926922e-02 7.655447e-01 5.705911e-02
1.823712e-02 4.836593e-01 2.826679e-02 1.418087e-01 1.613612e-02 -3.866531e-01 2.776784e-02 1.092881e-01 9.040016e-03 -5.005772e-02 1.067611e-02 6.263912e-01 1.072598e-01
1.986543e-02 4.500425e-01 4.741235e-02 1.101372e-01 1.800708e-02 -4.727815e-01 4.457006e-02 8.924445e-02 6.296437e-03 -3.735109e-02 2.351083e-02 9.391653e-01 6.641726e-02
2.214507e-02 5.964303e-01 1.014997e-01 1.787331e-01 3.250539e-02 -5.202907e-01 1.285908e-01 1.345556e-01 1.332322e-02 -1.065848e-01 3.040250e-02 8.609588e-01 1.943088e-01
2.507604e-02 4.769268e-01 5.237015e-02 1.704602e-01 8.809646e-03 -3.491035e-01 9.398627e-02 1.314029e-01 8.927662e-03 -9.194397e-02 3.147923e-02 5.955802e-01 1.082309e-01
2.865833e-02 4.755178e-01 4.987076e-02 1.223026e-01 2.443555e-02 -3.218006e-01 8.305669e-02 1.365265e-01 1.123702e-02 -2.764248e-02 2.984474e-02 7.809708e-01 8.885623e-02
3.289194e-02 5.466593e-01 3.345187e-02 1.527885e-01 1.063829e-02 -3.498759e-01 5.244699e-02 1.641809e-01 2.146236e-02 -7.501575e-02 1.991310e-02 7.609570e-01 7.283629e-02
2.116808e-02 5.290157e-01 1.755225e-02 1.447682e-01 1.077016e-02 -5.032565e-01 4.035892e-02 1.060342e-01 4.513823e-03 -8.506278e-02 9.442152e-03 8.812337e-01 5.778682e-02
2.149374e-02 4.604207e-01 5.302372e-02 1.624160e-01 2.422852e-02 -3.714669e-01 3.760462e-02 1.258524e-01 6.004516e-03 -7.325657e-02 2.783280e-02 6.505465e-01 4.813812e-02
2.247073e-02 5.283434e-01 8.586942e-02 1.503395e-01 2.755053e-02 -4.846136e-01 1.032987e-01 1.287692e-01 1.602024e-02 -6.692875e-02 3.212029e-02 8.208791e-01 1.260901e-01
2.409905e-02 4.397383e-01 1.080142e-02 1.251160e-01 1.650485e-02 -3.402743e-01 3.681999e-02 1.150892e-01 5.332042e-03 -2.016154e-02 2.086713e-02 6.989245e-01 8.497435e-02
2.637869e-02 4.412429e-01 1.159336e-02 1.284922e-01 1.250675e-02 -3.172945e-01 2.297030e-02 1.240273e-01 1.223960e-02 -5.047155e-02 9.652476e-03 6.197241e-01 4.589499e-02
2.930965e-02 4.379865e-01 4.307323e-02 1.244037e-01 1.742878e-02 -3.399551e-01 4.858243e-02 1.377914e-01 1.821349e-02 -5.083259e-02 1.234195e-02 7.652023e-01 6.844721e-02
3.289194e-02 5.272637e-01 6.250543e-02 1.430097e-01 1.982402e-02 -3.324256e-01 7.905480e-02 1.521518e-01 8.557605e-03 -5.327695e-02 2.799986e-02 7.697573e-01 1.071564e-01
3.712556e-02 4.919625e-01 6.023041e-02 1.602886e-01 3.924481e-02 -3.013753e-01 2.800145e-02 1.860989e-01 2.083417e-02 -6.563780e-02 3.036105e-02 8.222540e-01 7.700511e-02
8.141570e-03 4.077672e-01 4.430262e-02 1.059540e-01 9.097573e-03 -4.435205e-01 6.399114e-02 6.510335e-02 5.184004e-03 -5.657684e-02 8.268208e-03 6.843408e-01 1.093919e-01
8.467233e-03 3.741729e-01 5.134884e-02 1.179057e-01 2.604169e-02 -3.776820e-01 5.200670e-02 8.301131e-02 1.194078e-02 -4.176793e-02 3.319621e-02 6.279394e-01 8.965348e-02
9.444221e-03 4.760229e-01 7.537438e-02 1.357635e-01 2.102928e-02 -4.808694e-01 1.069622e-01 8.680060e-02 8.285609e-03 -6.783173e-02 3.043436e-02 7.123395e-01 1.306512e-01
1.107254e-02 4.610481e-01 5.492417e-02 1.504333e-01 2.106702e-02 -4.190283e-01 6.177988e-02 9.496744e-02 1.003124e-02 -7.374442e-02 1.754017e-02 6.025742e-01 7.145842e-02
1.335217e-02 4.322205e-01 3.292014e-02 1.368667e-01 1.098481e-02 -3.695636e-01 5.711220e-02 1.016174e-01 5.045192e-03 -4.425619e-02 1.781363e-02 6.069769e-01 6.457630e-02
1.628314e-02 5.034544e-01 5.155437e-02 1.447120e-01 1.902941e-02 -4.842504e-01 7.013288e-02 9.864830e-02 1.076061e-02 -7.077522e-02 2.740529e-02 8.008136e-01 9.973267e-02
1.986543e-02 5.197523e-01 5.708924e-02 1.483984e-01 2.476784e-02 -4.808591e-01 6.414105e-02 1.023275e-01 6.406871e-03 -7.929891e-02 3.576354e-02 8.374880e-01 8.374294e-02
2.409905e-02 4.380689e-01 2.634294e-02 1.209527e-01 1.305468e-02 -3.194704e-01 3.396509e-02 1.134884e-01 5.431903e-03 -3.779522e-02 2.024571e-02 6.449016e-01 7.743167e-02
8.467233e-03 2.937132e-01 2.401137e-02 7.950947e-02 4.004431e-03 -2.897880e-01 3.039749e-02 6.573511e-02 3.811943e-03 -1.306958e-02 3.491409e-03 4.985829e-01 5.264773e-02
8.792896e-03 4.330719e-01 9.304859e-02 1.277528e-01 1.877513e-02 -4.686380e-01 1.295670e-01 8.766339e-02 5.528386e-03 -5.807157e-02 2.845311e-02 7.520194e-01 1.790903e-01
9.769884e-03 3.621891e-01 2.330556e-02 1.170652e-01 7.374173e-03 -3.285967e-01 4.580090e-02 8.186648e-02 3.665431e-03 -4.329642e-02 1.915014e-02 5.125903e-01 7.000065e-02
1.139820e-02 4.617948e-01 9.050148e-02 1.356997e-01 2.550457e-02 -4.653277e-01 1.073881e-01 8.596670e-02 8.887793e-03 -6.712856e-02 2.997099e-02 7.231846e-01 1.313108e-01
1.367784e-02 4.967312e-01 9.520518e-02 1.501169e-01 3.255457e-02 -4.713228e-01 1.068538e-01 9.929485e-02 1.643106e-02 -7.049620e-02 3.136846e-02 7.098165e-01 1.290785e-01
1.660880e-02 4.781544e-01 8.586693e-02 1.425201e-01 2.008287e-02 -4.458306e-01 9.362099e-02 9.841448e-02 5.539656e-03 -8.777977e-02 2.965703e-02 7.314038e-01 1.185264e-01
2.019109e-02 4.860330e-01 9.415620e-02 1.349264e-01 2.088292e-02 -3.889631e-01 7.286047e-02 1.055091e-01 1.150620e-02 -6.566676e-02 1.708780e-02 6.573045e-01 6.174653e-02
2.442471e-02 4.625082e-01 2.537563e-02 1.251710e-01 1.388452e-02 -3.946437e-01 4.689808e-02 1.193465e-01 1.066295e-02 -5.192053e-02 2.010413e-02 7.334545e-01 6.796264e-02
9.444221e-03 3.148389e-01 3.157537e-02 1.037938e-01 1.322412e-02 -2.892800e-01 4.639046e-02 8.189440e-02 8.558667e-03 -2.342958e-02 1.261857e-02 5.100046e-01 8.121003e-02
9.769884e-03 4.442297e-01 6.544882e-02 1.262385e-01 1.536506e-02 -4.243717e-01 6.866537e-02 8.275892e-02 5.731738e-03 -4.313569e-02 1.469230e-02 6.529056e-01 9.266786e-02
1.074687e-02 5.223528e-01 5.214471e-02 1.694731e-01 1.429209e-02 -5.014985e-01 7.831475e-02 9.924476e-02 9.373836e-03 -1.061471e-01 1.934473e-02 6.954170e-01 1.085835e-01
1.237519e-02 5.296850e-01 7.485767e-02 1.730894e-01 1.332897e-02 -5.099185e-01 1.397870e-01 1.044076e-01 5.180039e-03 -9.522995e-02 3.343433e-02 7.814937e-01 2.319571e-01
1.465483e-02 4.847271e-01 5.637650e-02 1.393564e-01 1.423149e-02 -4.687793e-01 7.374279e-02 9.790926e-02 4.465487e-03 -6.868251e-02 2.492365e-02 7.206341e-01 7.979333e-02
1.758579e-02 4.894297e-01 3.896482e-02 1.194362e-01 1.496152e-02 -4.993756e-01 4.218087e-02 8.500387e-02 4.658927e-03 -5.391186e-02 1.619276e-02 8.533654e-01 5.783822e-02
2.116808e-02 5.122536e-01 5.011444e-02 1.586521e-01 1.437428e-02 -4.661174e-01 5.634823e-02 1.238028e-01 8.486976e-03 -6.779933e-02 1.182290e-02 8.864483e-01 6.616607e-02
2.540170e-02 5.784095e-01 5.739850e-02 1.572365e-01 1.292033e-02 -5.147127e-01 9.886465e-02 1.155021e-01 4.564453e-03 -9.754681e-02 2.205032e-02 8.804270e-01 1.457667e-01
1.107254e-02 4.236626e-01 3.826517e-02 1.304176e-01 7.233906e-03 -4.122872e-01 8.708388e-02 8.233304e-02 6.456681e-03 -5.913446e-02 7.713904e-03 6.615324e-01 1.470329e-01
1.139820e-02 4.032896e-01 7.285588e-02 1.255540e-01 2.594374e-02 -3.703915e-01 6.683037e-02 8.606426e-02 1.197015e-02 -3.929196e-02 1.842498e-02 6.064615e-01 7.333899e-02
1.237519e-02 4.680119e-01 4.003865e-02 1.292336e-01 1.153278e-02 -4.972118e-01 5.681339e-02 8.423875e-02 5.261874e-03 -6.774626e-02 2.003825e-02 7.916044e-01 7.735235e-02
1.400350e-02 6.252459e-01 8.606950e-02 1.629885e-01 1.923522e-02 -6.866426e-01 1.145317e-01 9.756285e-02 9.124430e-03 -9.944481e-02 2.415071e-02 1.077777e+00 1.609175e-01
1.628314e-02 4.537064e-01 6.073374e-02 1.309301e-01 1.623135e-02 -4.204464e-01 7.401257e-02 1.010298e-01 7.115096e-03 -4.630029e-02 2.620895e-02 6.700063e-01 8.082308e-02
1.921411e-02 4.491374e-01 9.037339e-02 1.393833e-01 3.034386e-02 -4.361901e-01 1.060472e-01 1.061565e-01 8.540798e-03 -7.925993e-02 4.063704e-02 7.901148e-01 1.181310e-01
2.279640e-02 5.696360e-01 7.084728e-02 1.591033e-01 2.311808e-02 -5.251452e-01 8.645821e-02 1.172822e-01 1.338909e-02 -8.027093e-02 1.948568e-02 9.013006e-01 1.135732e-01
2.703001e-02 5.657840e-01 7.494682e-02 1.375386e-01 1.405337e-02 -5.039061e-01 1.159885e-01 1.201825e-01 1.109482e-02 -8.028706e-02 1.885473e-02 9.051771e-01 1.849819e-01
1.335217e-02 3.839051e-01 3.272656e-02 1.022391e-01 1.089210e-02 -3.435330e-01 4.713518e-02 8.696027e-02 5.005433e-03 2.749777e-03 1.232185e-02 6.431497e-01 9.507038e-02
1.367784e-02 3.967479e-01 1.014816e-01 1.086580e-01 3.194885e-02 -3.809333e-01 1.025280e-01 8.278346e-02 8.464255e-03 -3.611731e-02 4.172056e-02 6.395622e-01 8.059701e-02
1.465483e-02 5.533053e-01 5.965604e-02 1.580203e-01 2.016887e-02 -5.311248e-01 8.041513e-02 1.045109e-01 1.472852e-02 -6.806181e-02 2.752941e-02 8.354858e-01 9.510767e-02
1.628314e-02 4.889611e-01 3.065474e-02 1.420619e-01 2.213025e-02 -4.322546e-01 9.524646e-03 9.792633e-02 9.771600e-03 -6.018245e-02 1.383705e-02 6.753200e-01 3.295680e-02
1.856278e-02 4.149144e-01 3.703817e-02 1.273899e-01 1.081419e-02 -3.470813e-01 4.292624e-02 9.280574e-02 6.222714e-03 -5.750003e-02 7.883047e-03 6.189761e-01 4.826735e-02
2.149374e-02 4.653669e-01 2.803136e-02 1.343771e-01 4.739654e-03 -3.309840e-01 1.934976e-02 1.133079e-01 5.039375e-03 -3.536003e-02 5.390391e-03 5.858048e-01 1.477138e-02
2.507604e-02 5.272138e-01 4.168837e-02 1.506909e-01 1.334061e-02 -4.514447e-01 3.422582e-02 1.149050e-01 4.814770e-03 -1.032104e-01 1.419491e-02 7.610503e-01 4.559801e-02
2.930965e-02 4.330037e-01 4.979894e-02 1.329110e-01 1.745685e-02 -3.463606e-01 2.609780e-02 1.322138e-01 3.705185e-03 -6.156302e-02 3.058428e-02 7.792889e-01 5.881197e-02
1.628314e-02 4.054430e-01 2.763145e-02 1.238436e-01 2.091280e-02 -3.207165e-01 4.563111e-02 9.076880e-02 1.038440e-02 -4.960295e-02 1.575643e-02 5.156993e-01 6.650854e-02
1.660880e-02 4.472070e-01 6.587221e-02 1.136528e-01 2.041968e-02 -4.349538e-01 7.439440e-02 7.728787e-02 8.339534e-03 -6.232574e-02 2.563740e-02 6.848691e-01 9.958378e-02
1.758579e-02 4.745647e-01 4.809958e-02 1.471690e-01 1.249174e-02 -3.774586e-01 5.444509e-02 1.017395e-01 6.044688e-03 -6.839970e-02 2.072545e-02 5.505440e-01 5.117519e-02
1.921411e-02 4.949424e-01 7.675928e-02 1.501820e-01 3.086289e-02 -4.353060e-01 6.897819e-02 1.180220e-01 1.662137e-02 -6.198302e-02 2.544774e-02 7.578518e-01 1.083648e-01
2.149374e-02 5.363246e-01 7.498316e-02 1.409452e-01 2.534107e-02 -5.131946e-01 1.012229e-01 9.829557e-02 8.259334e-03 -8.813608e-02 3.489232e-02 8.774424e-01 1.397571e-01
2.442471e-02 5.259481e-01 5.445499e-02 1.467428e-01 1.872328e-02 -3.975092e-01 5.781409e-02 1.100230e-01 9.975932e-03 -6.290675e-02 1.793477e-02 6.421229e-01 6.197340e-02
2.800700e-02 5.256323e-01 7.994511e-02 1.477934e-01 2.532018e-02 -3.917362e-01 5.210780e-02 1.289860e-01 1.168112e-02 -5.050301e-02 2.374108e-02 7.872818e-01 5.280385e-02
3.224062e-02 5.172636e-01 5.652960e-02 1.577546e-01 4.994621e-03 -3.617169e-01 5.048545e-02 1.535631e-01 1.515737e-02 -8.174467e-02 2.064673e-02 8.194521e-01 1.240960e-01
1.986543e-02 3.946218e-01 4.209593e-02 9.928819e-02 1.611978e-02 -3.551695e-01 6.841377e-02 8.724236e-02 4.779167e-03 -3.910750e-02 1.889554e-02 6.283114e-01 6.951436e-02
2.019109e-02 6.190083e-01 1.276224e-01 2.067059e-01 2.568869e-02 -5.662595e-01 1.644465e-01 1.401624e-01 9.154437e-03 -1.128666e-01 3.206504e-02 9.188558e-01 1.994888e-01
2.116808e-02 4.100363e-01 3.742014e-02 1.300538e-01 1.121824e-02 -3.490239e-01 4.205833e-02 1.164786e-01 6.055215e-03 -5.617055e-02 5.340656e-03 6.189643e-01 7.195651e-02
2.279640e-02 4.595553e-01 3.896138e-02 1.170951e-01 9.777184e-03 -4.091340e-01 6.957492e-02 1.035327e-01 8.378948e-03 -6.638369e-02 1.533392e-02 7.651702e-01 1.137706e-01
2.507604e-02 5.522363e-01 3.511698e-02 1.657174e-01 1.448271e-02 -3.979575e-01 4.723959e-02 1.307143e-01 1.157144e-02 -5.771838e-02 1.142112e-02 6.719010e-01 7.033765e-02
2.800700e-02 5.402437e-01 3.892787e-02 1.342834e-01 2.299654e-02 -4.754964e-01 5.464161e-02 1.301070e-01 8.020423e-03 -5.442633e-02 2.315895e-02 9.299048e-01 8.535497e-02
3.158929e-02 4.581185e-01 2.631488e-02 1.277281e-01 1.584927e-02 -3.496986e-01 3.042298e-02 1.599795e-01 1.447361e-02 -4.769282e-02 2.697171e-02 8.442260e-01 9.216703e-02
3.582291e-02 5.994448e-01 5.426207e-02 1.422247e-01 3.398935e-02 -3.792627e-01 6.296947e-02 1.629907e-01 2.269928e-02 -8.939629e-02 4.933321e-02 8.670191e-01 5.557293e-02
2.409905e-02 4.303177e-01 3.704170e-02 1.187910e-01 2.635082e-02 -3.427133e-01 5.019635e-02 1.090994e-01 1.285073e-02 -5.016953e-02 3.499289e-02 6.213467e-01 6.213626e-02
2.442471e-02 5.011475e-01 4.296771e-02 1.450382e-01 2.851005e-02 -3.620817e-01 2.621402e-02 1.250431e-01 1.396199e-02 -4.870608e-02 1.456911e-02 6.250960e-01 3.844814e-02
2.540170e-02 5.105428e-01 5.103890e-02 1.556963e-01 1.080119e-02 -4.276183e-01 8.936059e-02 1.393387e-01 1.106746e-02 -6.503801e-02 2.669464e-02 8.017332e-01 1.130016e-01
2.703001e-02 5.171835e-01 6.744555e-02 1.575578e-01 2.607681e-02 -4.375173e-01 7.509311e-02 1.144794e-01 1.728616e-02 -8.494276e-02 1.715077e-02 7.801764e-01 7.191545e-02
2.930965e-02 5.166747e-01 5.030938e-02 1.242638e-01 3.656954e-02 -4.207575e-01 5.725696e-02 1.274456e-01 1.268345e-02 -7.653721e-02 3.273719e-02 8.064509e-01 8.491770e-02
3.224062e-02 5.571310e-01 5.384037e-02 1.429363e-01 3.388062e-02 -4.498674e-01 7.220186e-02 1.571085e-01 1.847859e-02 -5.736174e-02 1.334850e-02 9.565169e-01 1.471489e-01
3.582291e-02 4.855011e-01 3.091818e-02 1.355796e-01 1.596585e-02 -3.216593e-01 3.619637e-02 1.812659e-01 2.127319e-02 -5.364382e-02 1.504373e-02 8.340697e-01 8.047958e-02
4.005652e-02 6.059508e-01 5.273305e-02 1.745462e-01 2.742288e-02 -3.157356e-01 3.722484e-02 2.176278e-01 2.211300e-02 -8.521033e-02 2.754116e-02 8.396892e-01 9.878440e-02
1.172386e-02 5.963062e-01 8.424800e-02 1.788283e-01 3.742474e-02 -5.689916e-01 9.763974e-02 1.070604e-01 1.620854e-02 -9.710603e-02 3.510059e-02 8.445737e-01 1.126739e-01
1.204952e-02 3.993124e-01 6.475621e-02 1.072630e-01 1.465695e-02 -4.327694e-01 9.384907e-02 8.297414e-02 6.029607e-03 -3.498775e-02 1.689340e-02 7.575544e-01 1.473692e-01
1.302651e-02 4.115033e-01 4.341367e-02 1.343522e-01 1.122394e-02 -3.744505e-01 5.570064e-02 9.792035e-02 4.202515e-03 -5.826294e-02 1.074798e-02 6.168151e-01 1.026814e-01
1.465483e-02 4.343069e-01 2.915206e-02 1.258054e-01 9.201085e-03 -4.249971e-01 4.400152e-02 9.362858e-02 4.680822e-03 -6.502082e-02 1.561063e-02 6.787904e-01 6.888983e-02
1.693447e-02 3.784571e-01 5.316884e-02 1.010788e-01 1.453989e-02 -3.336291e-01 7.305202e-02 9.808195e-02 9.441090e-03 -8.090265e-03 7.518853e-03 6.177181e-01 1.332277e-01
1.986543e-02 3.828330e-01 4.660963e-02 1.176620e-01 1.401648e-02 -2.817651e-01 4.944311e-02 1.025672e-01 1.034258e-02 -2.876904e-02 2.449994e-02 5.163552e-01 4.096513e-02
2.344772e-02 5.347298e-01 3.542370e-02 1.559070e-01 1.647996e-02 -4.360120e-01 2.694792e-02 1.353605e-01 8.666415e-03 -5.192183e-02 2.078424e-02 8.207249e-01 6.447689e-02
2.768134e-02 5.525642e-01 2.411170e-02 1.799890e-01 2.107125e-02 -3.891878e-01 2.208837e-02 1.614802e-01 1.689633e-02 -7.387581e-02 1.627639e-02 7.673883e-01 5.655550e-02
1.204952e-02 3.820457e-01 4.311282e-02 1.095675e-01 1.986027e-02 -4.130193e-01 3.560578e-02 8.192407e-02 1.238940e-02 -4.213341e-02 1.296924e-02 7.234544e-01 5.218337e-02
1.237519e-02 4.441956e-01 2.592870e-02 1.348406e-01 1.686742e-02 -3.918595e-01 3.477395e-02 8.996864e-02 1.006393e-02 -6.566727e-02 1.251603e-02 5.749549e-01 4.822676e-02
1.335217e-02 4.915740e-01 5.904796e-02 1.472450e-01 1.570455e-02 -4.668741e-01 7.175851e-02 1.000372e-01 8.814595e-03 -7.399782e-02 2.279846e-02 7.360722e-01 8.911983e-02
1.498049e-02 5.292388e-01 6.374686e-02 1.576946e-01 2.191047e-02 -5.291812e-01 6.673625e-02 1.077352e-01 6.214182e-03 -7.493067e-02 2.423920e-02 8.717809e-01 9.401847e-02
1.726013e-02 4.571436e-01 5.986097e-02 1.416935e-01 2.324350e-02 -3.647324e-01 5.430546e-02 1.065470e-01 1.076448e-02 -4.956357e-02 1.460871e-02 5.921813e-01 8.465065e-02
2.019109e-02 5.630648e-01 8.634617e-02 1.628772e-01 2.531980e-02 -5.054398e-01 1.292947e-01 1.072924e-01 1.004277e-02 -9.535949e-02 3.417718e-02 8.764210e-01 1.709626e-01
2.377338e-02 4.055583e-01 2.002242e-02 1.253558e-01 1.202338e-02 -2.843442e-01 3.531674e-02 1.266704e-01 1.278146e-02 9.368911e-03 2.219096e-02 6.938367e-01 6.732981e-02
2.800700e-02 4.532116e-01 4.248485e-02 1.274940e-01 1.781083e-02 -3.133682e-01 4.492239e-02 1.609949e-01 1.082940e-02 -2.879717e-02 1.717658e-02 7.253423e-01 4.936389e-02
1.302651e-02 4.534490e-01 3.819758e-02 1.329041e-01 1.945930e-02 -4.441292e-01 4.008845e-02 9.223019e-02 7.601325e-03 -5.014226e-02 2.124566e-02 7.211143e-01 8.606045e-02
1.335217e-02 4.048364e-01 3.390433e-02 1.220597e-01 2.001987e-02 -3.461650e-01 5.076016e-02 9.442464e-02 7.287615e-03 -3.713076e-02 2.262773e-02 5.770888e-01 7.868099e-02
1.432916e-02 4.576114e-01 4.145825e-02 1.203193e-01 1.986070e-02 -4.052363e-01 3.303807e-02 8.803524e-02 9.640551e-03 -3.750638e-02 1.979595e-02 6.281853e-01 6.230504e-02
1.595748e-02 4.301450e-01 6.405069e-02 1.121324e-01 2.694095e-02 -4.162057e-01 6.035804e-02 8.829831e-02 5.394712e-03 -5.015290e-02 2.568910e-02 6.981372e-01 5.697953e-02
1.823712e-02 4.178184e-01 4.465596e-02 1.308284e-01 1.585276e-02 -3.371225e-01 4.748919e-02 9.315810e-02 3.354114e-03 -5.576890e-02 1.585765e-02 6.203788e-01 5.000192e-02
2.116808e-02 4.388566e-01 7.140374e-02 1.307783e-01 2.363956e-02 -4.010865e-01 9.025010e-02 9.819398e-02 8.262827e-03 -6.675275e-02 2.316090e-02 7.197953e-01 1.380303e-01
2.475037e-02 6.379663e-01 1.374076e-01 1.877662e-01 5.094169e-02 -5.795867e-01 1.077480e-01 1.314490e-01 2.004213e-02 -1.284200e-01 4.582689e-02 8.739662e-01 7.163750e-02
2.898399e-02 5.370711e-01 5.977278e-02 1.563153e-01 2.512326e-02 -3.871437e-01 7.040819e-02 1.310913e-01 1.326769e-02 -7.768631e-02 4.185995e-02 7.299235e-01 8.691679e-02
1.465483e-02 4.277080e-01 3.871976e-02 1.094002e-01 1.222488e-02 -3.944698e-01 4.589440e-02 7.804717e-02 6.774372e-03 -2.026310e-02 1.380580e-02 6.901074e-01 8.443872e-02
1.498049e-02 4.414486e-01 4.175515e-02 1.240209e-01 7.884923e-03 -4.003439e-01 8.266917e-02 9.924058e-02 5.374284e-03 -1.298873e-02 1.520528e-02 7.350308e-01 1.481951e-01
1.595748e-02 4.173162e-01 6.038266e-02 1.322547e-01 1.900375e-02 -3.714459e-01 8.609227e-02 9.500317e-02 7.273155e-03 -5.827289e-02 2.625727e-02 6.461215e-01 1.296044e-01
1.758579e-02 5.485175e-01 5.732364e-02 1.798429e-01 1.246377e-02 -4.719430e-01 5.344658e-02 1.184150e-01 7.832669e-03 -9.303723e-02 1.102101e-02 7.775621e-01 7.055540e-02
1.986543e-02 5.081457e-01 5.924740e-02 1.669817e-01 2.515658e-02 -4.179300e-01 5.777937e-02 1.227043e-01 9.837978e-03 -6.868313e-02 3.097526e-02 7.369815e-01 7.290361e-02
2.279640e-02 5.281424e-01 6.016688e-02 1.515924e-01 2.384873e-02 -4.515938e-01 7.523351e-02 1.065170e-01 1.174326e-02 -7.647139e-02 2.706190e-02 8.298516e-01 9.543496e-02
2.637869e-02 5.833781e-01 6.357913e-02 1.820021e-01 2.487872e-02 -5.092123e-01 6.815893e-02 1.426005e-01 8.614833e-03 -1.340227e-01 1.869630e-02 8.570850e-01 9.696499e-02
3.061230e-02 4.577178e-01 3.415149e-02 1.367671e-01 1.348440e-02 -2.721680e-01 1.554683e-02 1.337008e-01 1.667760e-02 -1.820789e-02 2.478624e-02 6.775631e-01 8.149608e-02
1.693447e-02 4.710795e-01 4.662772e-02 1.550736e-01 1.273030e-02 -3.917164e-01 6.812024e-02 1.086023e-01 7.047518e-03 -5.811532e-02 2.393529e-02 6.254069e-01 7.470359e-02
1.726013e-02 4.742544e-01 6.337047e-02 1.369691e-01 2.377433e-02 -4.191648e-01 6.642965e-02 1.049748e-01 1.482701e-02 -5.289299e-02 1.709668e-02 6.777484e-01 8.281872e-02
1.823712e-02 4.452486e-01 4.126993e-02 1.227964e-01 1.276462e-02 -4.231682e-01 3.432340e-02 9.066577e-02 7.868693e-03 -7.157438e-02 3.801032e-03 6.991215e-01 8.906233e-02
1.986543e-02 4.562193e-01 4.998016e-02 1.268973e-01 1.096501e-02 -4.144322e-01 6.366083e-02 9.878327e-02 5.210983e-03 -5.630873e-02 1.174861e-02 7.055021e-01 7.361818e-02
2.214507e-02 6.106161e-01 6.135118e-02 1.524087e-01 1.949848e-02 -6.119803e-01 8.839736e-02 1.026387e-01 1.600479e-03 -7.111665e-02 4.048540e-02 1.126100e+00 1.538305e-01
2.507604e-02 5.306023e-01 1.462069e-02 1.560760e-01 1.397287e-02 -4.123677e-01 2.631416e-02 1.328944e-01 5.877496e-03 -5.946485e-02 9.462692e-03 7.732913e-01 4.134569e-02
2.865833e-02 5.060622e-01 4.393719e-02 1.591652e-01 2.301879e-02 -3.904078e-01 5.473655e-02 1.372473e-01 1.454684e-02 -9.559393e-02 3.630984e-02 7.637550e-01 6.545371e-02
3.289194e-02 5.459831e-01 5.026283e-02 1.521220e-01 2.391556e-02 -3.667653e-01 2.903593e-02 1.530321e-01 1.976376e-02 -7.665273e-02 2.361812e-02 8.509368e-01 9.958268e-02
1.986543e-02 4.334832e-01 2.539814e-02 1.168400e-01 7.861418e-03 -3.773371e-01 5.039125e-02 9.289581e-02 3.850834e-03 -6.251494e-02 1.502843e-02 6.020853e-01 6.846508e-02
2.019109e-02 4.341250e-01 3.649718e-02 1.315791e-01 1.943736e-02 -3.919318e-01 5.433624e-02 1.014096e-01 1.591925e-02 -5.835735e-02 1.235802e-02 7.386705e-01 1.035513e-01
2.116808e-02 5.222935e-01 8.409777e-02 1.359575e-01 1.746251e-02 -4.748734e-01 9.309177e-02 1.083032e-01 1.179076e-02 -5.245285e-02 2.264171e-02 8.313504e-01 1.350383e-01
2.279640e-02 5.130343e-01 5.267843e-02 1.440370e-01 2.792528e-02 -4.337688e-01 2.880272e-02 1.177256e-01 1.253091e-02 -3.806648e-02 1.984129e-02 8.238416e-01 4.229810e-02
2.507604e-02 4.927890e-01 5.283157e-02 1.494127e-01 1.161578e-02 -3.214069e-01 4.807480e-02 1.293788e-01 1.242924e-02 -3.532459e-02 8.290675e-03 6.625267e-01 9.373738e-02
2.800700e-02 5.150030e-01 3.346250e-02 1.606190e-01 1.597510e-02 -3.958766e-01 6.828967e-02 1.361090e-01 1.012987e-02 -8.173089e-02 1.676321e-02 8.151262e-01 1.097652e-01
3.158929e-02 6.059593e-01 7.379155e-02 1.592396e-01 3.329748e-02 -4.667527e-01 3.182355e-02 1.565546e-01 1.507722e-02 -9.954358e-02 2.465724e-02 8.611447e-01 1.654442e-02
3.582291e-02 5.735375e-01 3.282441e-02 1.477491e-01 1.390523e-02 -3.707017e-01 3.838252e-02 1.652595e-01 9.384007e-03 -6.075597e-02 1.109141e-02 8.551831e-01 5.893946e-02
2.344772e-02 3.896859e-01 4.363645e-02 1.131096e-01 8.058747e-03 -3.454076e-01 4.101434e-02 1.168280e-01 6.669555e-03 -2.301208e-02 1.311871e-02 7.246859e-01 6.924019e-02
2.377338e-02 5.079029e-01 3.864379e-02 1.559056e-01 8.063390e-03 -4.565380e-01 1.798546e-02 1.305062e-01 9.191880e-03 -5.815521e-02 2.115577e-02 8.916743e-01 9.036831e-02
2.475037e-02 4.505415e-01 2.622397e-02 1.291348e-01 1.465181e-02 -3.879990e-01 1.725534e-02 1.152255e-01 1.178210e-02 -3.935379e-02 1.419983e-02 7.958897e-01 6.227145e-02
2.637869e-02 4.723584e-01 2.840732e-02 1.236572e-01 1.367741e-02 -3.731199e-01 4.721672e-02 1.240693e-01 6.815992e-03 -4.699077e-02 1.704947e-02 6.589191e-01 4.850130e-02
2.865833e-02 4.152189e-01 4.415371e-02 1.259105e-01 1.482933e-02 -2.861330e-01 6.366537e-02 1.285216e-01 9.466394e-03 -4.180652e-02 2.201694e-02 6.676285e-01 5.991622e-02
3.158929e-02 4.905654e-01 3.428241e-02 1.389643e-01 1.894046e-02 -3.794203e-01 4.901301e-02 1.333662e-01 5.175717e-03 -7.354493e-02 3.665757e-02 7.396369e-01 4.412287e-02
3.517158e-02 4.667929e-01 2.057853e-02 1.374314e-01 1.486456e-02 -2.891401e-01 4.504845e-02 1.486414e-01 6.098767e-03 -7.636076e-02 1.704978e-02 7.611213e-01 6.654660e-02
3.940520e-02 5.384792e-01 6.825254e-02 1.235567e-01 2.522504e-02 -2.448743e-01 5.537451e-02 1.715429e-01 1.065626e-02 -6.411566e-02 2.721738e-02 7.421795e-01 4.158835e-02
2.768134e-02 4.593340e-01 2.650248e-02 1.189709e-01 1.821474e-02 -3.363280e-01 2.293195e-02 1.268932e-01 1.453750e-02 -4.747405e-02 1.570100e-02 6.946131e-01 5.951101e-02
2.800700e-02 5.307401e-01 6.385060e-02 1.357091e-01 2.854620e-02 -4.264340e-01 7.039927e-02 1.297823e-01 1.405271e-02 -5.737802e-02 2.335846e-02 8.196872e-01 1.114829e-01
2.898399e-02 5.034519e-01 6.761001e-02 1.829323e-01 3.710903e-02 -3.275224e-01 6.878117e-02 1.695178e-01 1.775083e-02 -8.825176e-02 3.930815e-02 6.898472e-01 1.121615e-01
3.061230e-02 4.046016e-01 2.043972e-02 1.448645e-01 1.059890e-02 -2.856625e-01 4.850746e-02 1.419159e-01 7.350052e-03 -7.265667e-02 1.651271e-02 6.679947e-01 1.063357e-01
3.289194e-02 4.971080e-01 3.634179e-02 1.380477e-01 1.797898e-02 -3.287508e-01 4.578788e-02 1.486319e-01 1.301700e-02 -9.302442e-02 9.239070e-03 7.752724e-01 1.077435e-01
3.582291e-02 5.287561e-01 4.677716e-02 1.184333e-01 3.601930e-02 -3.347773e-01 5.259079e-02 1.652880e-01 1.595445e-02 -5.660050e-02 3.614254e-02 7.834614e-01 1.411623e-01
3.940520e-02 4.888571e-01 7.243306e-02 1.514183e-01 3.258133e-02 -2.743984e-01 3.157409e-02 2.177616e-01 2.385612e-02 -5.222014e-02 1.596406e-02 7.998639e-01 4.302275e-02
4.363882e-02 5.593252e-01 4.476160e-02 1.191454e-01 2.495281e-02 -3.338106e-01 3.501711e-02 2.082975e-01 2.372115e-02 -9.242202e-02 1.239605e-02 8.060526e-01 6.851628e-02
1.595748e-02 5.147208e-01 2.414481e-02 1.277859e-01 1.150517e-02 -5.012128e-01 4.403384e-02 1.036680e-01 6.925707e-03 -3.820153e-02 1.454154e-02 8.471232e-01 8.853340e-02
1.628314e-02 4.232266e-01 4.445828e-02 1.197769e-01 4.646134e-03 -3.680325e-01 7.844215e-02 9.292786e-02 7.135934e-03 -3.254157e-02 2.037756e-02 6.431918e-01 1.020591e-01
1.726013e-02 4.589550e-01 4.394623e-02 1.331311e-01 9.209953e-03 -4.411110e-01 6.104410e-02 9.297534e-02 3.307071e-03 -7.405669e-02 1.931399e-02 7.158836e-01 6.051383e-02
1.888844e-02 4.941371e-01 6.965350e-02 1.228636e-01 2.223798e-02 -4.782290e-01 1.018186e-01 9.561577e-02 1.071906e-02 -4.872328e-02 2.612067e-02 8.381052e-01 1.467264e-01
2.116808e-02 4.238192e-01 3.853420e-02 1.374169e-01 1.997784e-02 -3.675376e-01 5.550000e-02 1.130286e-01 7.821536e-03 -5.302949e-02 2.067619e-02 7.015791e-01 7.741759e-02
2.409905e-02 4.912278e-01 6.928747e-02 1.483479e-01 2.066252e-02 -3.752154e-01 1.023622e-01 1.186822e-01 1.059775e-02 -5.467788e-02 3.048227e-02 7.291813e-01 1.259908e-01
2.768134e-02 6.339614e-01 5.639811e-02 1.876676e-01 1.541519e-02 -4.396163e-01 7.524681e-02 1.566316e-01 1.346912e-02 -9.253450e-02 3.210551e-02 8.358182e-01 1.013618e-01
3.191495e-02 5.594588e-01 3.517390e-02 1.499282e-01 1.724784e-02 -4.416869e-01 4.204618e-02 1.249143e-01 7.002523e-03 -9.834326e-02 1.634743e-02 9.485608e-01 6.656960e-02
1.628314e-02 5.178279e-01 9.482461e-02 1.315232e-01 2.100673e-02 -5.024439e-01 1.334183e-01 9.863231e-02 7.004232e-03 -5.926177e-02 2.637189e-02 7.926399e-01 1.714230e-01
1.660880e-02 4.676445e-01 8.139401e-02 1.267879e-01 2.174336e-02 -3.998858e-01 1.013674e-01 9.492831e-02 1.090878e-02 -4.459805e-02 2.771941e-02 6.482903e-01 1.406409e-01
1.758579e-02 5.260190e-01 9.660073e-03 1.619949e-01 2.320548e-02 -5.001573e-01 4.868142e-02 1.220993e-01 1.632118e-02 -6.569220e-02 1.293034e-02 8.573614e-01 1.290229e-01
1.921411e-02 3.688789e-01 4.894300e-02 1.110985e-01 1.422393e-02 -2.922649e-01 8.231399e-02 9.255340e-02 7.095663e-03 -2.767441e-02 1.900063e-02 5.869738e-01 1.364527e-01
2.149374e-02 5.122004e-01 4.151022e-02 1.376360e-01 2.021665e-02 -4.465993e-01 3.349596e-02 1.027011e-01 1.061013e-02 -7.660098e-02 2.083212e-02 6.973322e-01 1.272320e-02
2.442471e-02 5.630783e-01 8.534893e-02 1.697311e-01 3.435842e-02 -4.560707e-01 7.573421e-02 1.250700e-01 1.198973e-02 -5.337201e-02 1.621742e-02 8.747138e-01 1.634945e-01
2.800700e-02 4.513318e-01 4.130331e-02 1.443724e-01 1.830528e-02 -2.710668e-01 3.290577e-02 1.310651e-01 1.177832e-02 -5.721510e-02 1.636247e-02 5.292483e-01 5.667024e-02
3.224062e-02 5.649559e-01 3.761323e-02 1.880452e-01 1.148968e-02 -4.100567e-01 5.601836e-02 1.808943e-01 1.077073e-02 -9.983348e-02 2.454426e-02 9.308972e-01 4.393902e-02
1.726013e-02 4.623254e-01 3.698934e-02 1.199838e-01 6.649292e-03 -4.119065e-01 4.309647e-02 9.126923e-02 6.297523e-03 -3.467923e-02 1.542899e-02 6.530190e-01 2.518938e-02
1.758579e-02 4.637496e-01 3.871309e-02 1.390126e-01 1.069322e-02 -4.039072e-01 4.413077e-02 1.029256e-01 3.345224e-03 -5.427712e-02 1.041846e-02 6.584260e-01 7.110696e-02
1.856278e-02 4.703063e-01 9.959066e-02 1.373827e-01 3.071129e-02 -4.050849e-01 9.204217e-02 1.066741e-01 1.276924e-02 -3.396515e-02 3.144509e-02 7.106835e-01 8.314071e-02
2.019109e-02 4.581032e-01 1.922264e-02 1.232458e-01 2.519690e-02 -4.175380e-01 4.085848e-02 1.006014e-01 9.042933e-03 -4.781738e-02 2.743281e-02 8.055428e-01 9.273333e-02
2.247073e-02 5.027656e-01 4.886232e-02 1.447212e-01 1.262560e-02 -3.953729e-01 5.947689e-02 1.127630e-01 7.698128e-03 -7.065811e-02 7.706555e-03 6.777095e-01 8.870769e-02
2.540170e-02 4.793056e-01 5.205260e-02 1.705653e-01 2.216279e-02 -3.612812e-01 8.633998e-02 1.315738e-01 8.543540e-03 -8.385656e-02 3.532295e-02 6.388929e-01 8.366460e-02
2.898399e-02 5.834058e-01 6.214155e-02 1.493952e-01 1.970036e-02 -4.811531e-01 1.017887e-01 1.371697e-01 1.085588e-02 -6.052233e-02 3.719640e-02 8.834616e-01 1.409134e-01
3.321761e-02 4.635417e-01 3.670249e-02 1.147034e-01 1.865039e-02 -3.027056e-01 2.581688e-02 1.505725e-01 8.126575e-03 -4.685267e-02 1.239702e-02 7.317284e-01 2.564800e-02
1.888844e-02 4.585712e-01 7.448142e-02 1.410291e-01 2.839750e-02 -3.626163e-01 5.913664e-02 1.025184e-01 1.355079e-02 -6.170507e-02 1.673970e-02 6.256054e-01 5.859084e-02
1.921411e-02 4.645167e-01 1.742151e-02 1.354059e-01 1.590551e-02 -4.511206e-01 5.131869e-02 1.082086e-01 4.120108e-03 -6.191363e-02 2.391814e-02 7.948240e-01 1.220533e-01
2.019109e-02 5.079483e-01 9.710794e-02 1.459107e-01 3.029410e-02 -4.368584e-01 1.087473e-01 1.098817e-01 1.234631e-02 -6.676379e-02 3.112472e-02 6.800189e-01 1.300287e-01
2.181941e-02 4.319698e-01 4.279291e-02 1.248425e-01 2.263382e-02 -3.600998e-01 6.997896e-02 1.115078e-01 7.422335e-03 -6.285416e-02 2.884669e-02 6.448534e-01 8.662810e-02
2.409905e-02 5.075473e-01 4.309369e-02 1.634007e-01 1.787696e-02 -4.061635e-01 5.543050e-02 1.215024e-01 1.368392e-02 -7.741249e-02 1.821482e-02 6.876728e-01 6.439358e-02
2.703001e-02 4.442170e-01 3.951085e-02 8.914296e-02 1.072898e-02 -3.905610e-01 5.384873e-02 1.075248e-01 1.043123e-02 -1.828123e-02 1.795858e-02 8.526866e-01 8.098762e-02
3.061230e-02 5.521802e-01 4.292184e-02 1.575977e-01 2.677736e-02 -4.081364e-01 5.799275e-02 1.367522e-01 1.267216e-02 -5.720382e-02 2.048961e-02 9.050668e-01 1.060481e-01
3.484592e-02 5.042684e-01 5.026681e-02 1.418676e-01 1.478699e-02 -4.266671e-01 5.667892e-02 1.602086e-01 1.912794e-02 -8.520514e-02 1.335203e-02 9.784313e-01 1.231651e-01
2.116808e-02 4.602915e-01 4.945147e-02 1.454127e-01 2.025043e-02 -3.865542e-01 5.177979e-02 1.021333e-01 1.030708e-02 -7.744999e-02 2.372197e-02 6.531489e-01 6.990045e-02
2.149374e-02 5.960573e-01 7.528922e-02 1.933773e-01 2.035164e-02 -5.633413e-01 1.061467e-01 1.280339e-01 9.787618e-03 -1.327023e-01 2.725473e-02 9.373311e-01 1.634149e-01
2.247073e-02 4.662492e-01 4.022937e-02 1.266765e-01 1.898100e-02 -3.638938e-01 5.960328e-02 1.211055e-01 1.296723e-02 -2.553370e-02 2.484638e-02 6.858708e-01 7.461453e-02
2.409905e-02 4.094039e-01 5.030839e-02 1.145927e-01 2.573047e-02 -3.411356e-01 4.194552e-02 1.064828e-01 1.460205e-02 -6.554919e-02 1.635513e-02 6.905417e-01 7.541318e-02
2.637869e-02 5.760386e-01 5.411919e-02 1.868244e-01 2.282275e-02 -4.659983e-01 5.208437e-02 1.452690e-01 1.246131e-02 -1.056572e-01 1.526092e-02 7.380419e-01 5.572329e-02
2.930965e-02 4.631448e-01 3.121691e-02 1.180773e-01 1.784644e-02 -3.821204e-01 6.311171e-02 1.262382e-01 7.380384e-03 -5.157545e-02 2.470994e-02 7.304556e-01 1.114831e-01
3.289194e-02 5.293848e-01 6.653023e-02 1.579743e-01 2.274274e-02 -3.153253e-01 5.387337e-02 1.493984e-01 1.554428e-02 -6.195247e-02 1.966698e-02 6.784689e-01 7.903234e-02
3.712556e-02 4.872634e-01 3.387001e-02 1.682101e-01 1.191849e-02 -2.704690e-01 2.735333e-02 2.078816e-01 6.359693e-03 -6.845522e-02 2.086937e-02 7.148885e-01 3.336615e-02
2.409905e-02 5.157037e-01 2.893222e-02 1.379923e-01 7.595413e-03 -4.502930e-01 4.974748e-02 1.169177e-01 9.466812e-03 -7.915411e-02 1.310933e-02 7.603474e-01 7.168507e-02
2.442471e-02 4.546846e-01 4.051311e-02 1.392719e-01 1.893170e-02 -3.785431e-01 6.079696e-02 1.326694e-01 1.308074e-02 -6.305805e-02 2.516957e-02 7.043790e-01 9.138142e-02
2.540170e-02 5.728334e-01 6.444671e-02 1.585268e-01 2.958129e-02 -4.997436e-01 8.381953e-02 1.156842e-01 1.060946e-02 -8.909714e-02 4.489676e-02 9.599222e-01 1.117575e-01
2.703001e-02 5.026011e-01 2.662172e-02 1.574826e-01 2.247527e-02 -4.428460e-01 5.608876e-02 1.414703e-01 1.635081e-02 -9.271995e-02 1.998008e-02 8.454308e-01 9.653987e-02
2.930965e-02 5.537088e-01 6.025606e-02 1.764239e-01 2.847766e-02 -3.514697e-01 5.477164e-02 1.584874e-01 2.021208e-02 -6.229098e-02 2.752624e-02 7.715947e-01 8.788677e-02
3.224062e-02 4.057110e-01 2.383151e-02 1.120932e-01 1.924203e-02 -2.695282e-01 3.592317e-02 1.465590e-01 1.351202e-02 -4.470464e-02 2.064318e-02 7.126206e-01 6.997005e-02
3.582291e-02 5.097200e-01 2.748435e-02 1.334620e-01 2.191789e-02 -3.284809e-01 4.201572e-02 1.827128e-01 1.525738e-02 -6.725063e-02 2.644440e-02 8.424867e-01 8.948327e-02
4.005652e-02 4.906314e-01 7.501172e-02 1.498500e-01 3.235202e-02 -3.116326e-01 8.269609e-02 1.855650e-01 1.631421e-02 -1.230469e-01 2.990352e-02 9.243630e-01 1.234702e-01
2.768134e-02 4.527961e-01 3.045380e-02 1.430835e-01 8.310817e-03 -3.531109e-01 4.982103e-02 1.252183e-01 5.572128e-03 -9.387100e-02 3.320632e-02 7.222860e-01 3.986156e-02
2.800700e-02 5.057009e-01 5.818788e-02 1.314964e-01 2.071327e-02 -3.595348e-01 5.790657e-02 1.312257e-01 1.389991e-02 -4.701396e-02 2.322062e-02 7.280380e-01 2.089559e-02
2.898399e-02 4.895380e-01 4.401023e-02 1.367237e-01 1.049754e-02 -3.359445e-01 2.871961e-02 1.200866e-01 1.182102e-02 -4.855085e-02 1.717441e-02 7.021793e-01 5.140941e-02
3.061230e-02 6.327524e-01 5.953632e-02 1.591318e-01 3.550784e-02 -4.912640e-01 7.870368e-02 1.347591e-01 1.272340e-02 -8.520635e-02 2.710053e-02 8.637498e-01 9.874678e-02
3.289194e-02 5.234788e-01 6.380327e-02 1.741541e-01 1.506545e-02 -3.348087e-01 5.588260e-02 1.834765e-01 1.418456e-02 -7.149797e-02 1.686060e-02 7.767354e-01 7.141848e-02
3.582291e-02 4.536770e-01 1.852650e-02 1.146057e-01 1.809288e-02 -1.808935e-01 2.180275e-02 1.629624e-01 1.542006e-02 -2.627216e-02 1.583862e-02 7.019779e-01 4.223478e-02
3.940520e-02 5.118653e-01 3.739788e-02 1.200851e-01 2.637080e-02 -2.725700e-01 4.296313e-02 1.814587e-01 2.224656e-02 -6.763786e-02 2.129263e-02 8.188408e-01 1.103433e-01
4.363882e-02 4.957538e-01 5.386784e-02 1.568109e-01 2.766104e-02 -2.631275e-01 3.853055e-02 2.693420e-01 1.552767e-02 -8.544670e-02 3.840382e-02 8.055976e-01 4.503984e-02
3.191495e-02 5.201956e-01 7.504011e-02 1.377593e-01 2.817683e-02 -3.900339e-01 7.400833e-02 1.523715e-01 1.285300e-02 -5.744981e-02 4.215327e-02 9.004093e-01 8.957227e-02
3.224062e-02 5.866337e-01 6.122117e-02 1.577307e-01 1.441559e-02 -4.603103e-01 6.880439e-02 1.670522e-01 1.252404e-02 -6.714998e-02 2.410218e-02 9.387936e-01 1.303155e-01
3.321761e-02 5.344019e-01 2.506554e-02 1.412474e-01 1.032989e-02 -3.387933e-01 3.661873e-02 1.485981e-01 5.430012e-03 -7.457023e-02 2.335799e-02 6.891919e-01 6.821267e-02
3.484592e-02 4.095792e-01 3.807387e-02 1.128615e-01 1.290665e-02 -3.158478e-01 1.426095e-02 1.714598e-01 1.237782e-02 -3.807647e-02 1.888658e-02 7.243520e-01 3.907199e-02
3.712556e-02 5.447976e-01 7.594647e-02 1.820459e-01 2.975027e-02 -3.808192e-01 3.805787e-02 1.903761e-01 1.587821e-02 -1.104688e-01 2.308406e-02 8.368036e-01 1.059207e-02
4.005652e-02 5.961376e-01 9.580238e-02 1.980103e-01 4.920416e-02 -2.798717e-01 9.058545e-02 2.399441e-01 3.852544e-02 -9.356782e-02 4.266121e-02 7.407089e-01 1.056566e-01
4.363882e-02 5.522199e-01 2.626237e-02 1.496462e-01 1.314869e-02 -3.189937e-01 3.584882e-02 2.184489e-01 1.400730e-02 -8.329767e-02 2.369384e-02 9.079079e-01 6.803858e-02
4.787243e-02 5.242548e-01 3.078705e-02 1.229608e-01 3.099858e-02 -2.860687e-01 3.713348e-02 2.667827e-01 2.416428e-02 -8.723356e-02 2.055355e-02 9.998046e-01 1.037088e-01
