# k^2  LiLi LiLi_error  LiCl LiCl_error  LiNa LiNa_error  ClCl ClCl_error  ClNa ClNa_error  NaNa NaNa_error
0.000000e+00 2.400000e+03 0.000000e+00 2.771281e+03 0.000000e+00 1.385641e+03 0.000000e+00 3.200000e+03 0.000000e+00 1.600000e+03 0.000000e+00 8.000000e+02 0.000000e+00
3.255553e-04 3.193612e-01 9.148855e-02 1.160593e-01 2.501277e-02 -3.184082e-01 1.094045e-01 7.115872e-02 8.462825e-03 -5.730264e-02 2.711663e-02 4.383469e-01 1.408312e-01
1.302221e-03 1.882731e-01 2.780015e-02 8.100997e-02 8.511692e-03 -1.527750e-01 3.512669e-02 7.197217e-02 6.188603e-03 5.269836e-03 1.091797e-02 2.757998e-01 4.483215e-02
2.929998e-03 3.890026e-01 6.330175e-02 1.299195e-01 9.738646e-03 -3.791230e-01 1.052520e-01 9.003397e-02 1.098221e-02 -3.823818e-02 2.106275e-02 5.710273e-01 1.554229e-01
5.208885e-03 4.060259e-01 6.133084e-02 1.147539e-01 1.160703e-02 -4.488356e-01 8.106821e-02 7.445325e-02 5.299317e-03 -4.656985e-02 1.392535e-02 7.257491e-01 1.131993e-01
8.138882e-03 5.125962e-01 7.469896e-02 1.251915e-01 1.789251e-02 -5.563529e-01 9.503729e-02 7.211698e-02 4.597828e-03 -6.750934e-02 2.029667e-02 8.480650e-01 1.459192e-01
1.171999e-02 5.038051e-01 5.768629e-02 1.353857e-01 2.452041e-02 -5.042033e-01 6.256682e-02 8.430324e-02 1.010482e-02 -6.984136e-02 2.380882e-02 7.401914e-01 8.931030e-02
1.595221e-02 4.968980e-01 5.364705e-02 1.465159e-01 2.027281e-02 -4.387712e-01 4.146236e-02 9.380806e-02 1.016547e-02 -6.569379e-02 1.675970e-02 6.810345e-01 5.878230e-02
3.255553e-04 3.788405e-01 8.523556e-02 1.025587e-01 1.902413e-02 -4.444529e-01 1.162277e-01 6.554665e-02 6.001644e-03 -4.446889e-02 2.578156e-02 6.781120e-01 1.767203e-01
6.511106e-04 4.882573e-01 5.334161e-02 1.442264e-01 1.692930e-02 -5.488051e-01 6.964577e-02 8.003935e-02 7.147173e-03 -8.641773e-02 1.740388e-02 7.782934e-01 9.798510e-02
1.627776e-03 3.322093e-01 1.165426e-01 1.053452e-01 2.691639e-02 -3.554159e-01 1.521887e-01 7.559336e-02 4.584436e-03 -3.236604e-02 3.805492e-02 5.518616e-01 1.932284e-01
3.255553e-03 3.256745e-01 5.438131e-02 1.082541e-01 1.348452e-02 -3.311453e-01 7.185066e-02 8.514816e-02 5.190353e-03 -1.382907e-02 2.185148e-02 5.721833e-01 8.779783e-02
5.534440e-03 5.253689e-01 1.102750e-01 1.447270e-01 2.522401e-02 -5.928926e-01 1.507389e-01 8.496465e-02 9.182686e-03 -7.656130e-02 3.236343e-02 9.071542e-01 2.112794e-01
8.464437e-03 4.644777e-01 6.427543e-02 1.315848e-01 1.905206e-02 -4.757309e-01 7.506061e-02 8.059594e-02 7.062332e-03 -7.068960e-02 1.988166e-02 7.081901e-01 9.733263e-02
1.204555e-02 4.259863e-01 4.366324e-02 1.068175e-01 1.371370e-02 -4.400285e-01 4.698581e-02 6.709081e-02 7.441059e-03 -5.424309e-02 1.182008e-02 7.036609e-01 6.860084e-02
1.627776e-02 5.024667e-01 3.684469e-02 1.538040e-01 1.711524e-02 -4.642011e-01 3.848672e-02 1.070276e-01 7.160442e-03 -5.577196e-02 2.103610e-02 7.736402e-01 4.792263e-02
1.302221e-03 3.546031e-01 5.147888e-02 1.068299e-01 2.049183e-02 -4.009804e-01 6.349355e-02 7.256106e-02 9.035446e-03 -4.079082e-02 1.952942e-02 6.265381e-01 1.043394e-01
1.627776e-03 5.449015e-01 8.847804e-02 1.390800e-01 2.207059e-02 -6.603480e-01 1.072746e-01 7.519565e-02 4.858448e-03 -8.831750e-02 2.895646e-02 9.836261e-01 1.296295e-01
2.604442e-03 2.559809e-01 7.100159e-02 7.968370e-02 1.554689e-02 -2.734609e-01 9.276187e-02 6.318278e-02 5.238851e-03 -1.198930e-02 1.915416e-02 4.638894e-01 1.234958e-01
4.232219e-03 3.434016e-01 7.177275e-02 1.121706e-01 1.741923e-02 -3.332907e-01 8.146704e-02 7.064347e-02 6.380138e-03 -4.807299e-02 1.787453e-02 4.803767e-01 1.022010e-01
6.511106e-03 3.340194e-01 4.695398e-02 9.542172e-02 9.961144e-03 -3.396835e-01 6.654910e-02 7.459094e-02 3.400902e-03 -2.203074e-02 1.424252e-02 5.450090e-01 1.065158e-01
9.441103e-03 4.765516e-01 6.532255e-02 1.501283e-01 1.651273e-02 -4.370901e-01 7.497905e-02 9.288249e-02 8.290667e-03 -6.940656e-02 2.273372e-02 6.339284e-01 7.918902e-02
1.302221e-02 5.228786e-01 5.186137e-02 1.199326e-01 3.898853e-03 -5.248083e-01 6.719480e-02 7.428751e-02 4.234357e-03 -6.467962e-02 1.079383e-02 7.453395e-01 1.027630e-01
1.725443e-02 5.268831e-01 5.105751e-02 1.317432e-01 1.174438e-02 -4.756296e-01 6.297288e-02 9.459334e-02 7.302185e-03 -3.905846e-02 1.601231e-02 7.771582e-01 1.159565e-01
2.929998e-03 2.604374e-01 4.788128e-02 8.739358e-02 1.702281e-02 -2.617247e-01 6.077291e-02 6.082269e-02 1.100931e-02 -3.206307e-02 1.514861e-02 4.039223e-01 9.356149e-02
3.255553e-03 4.726793e-01 1.161110e-01 1.403044e-01 2.169201e-02 -5.226563e-01 1.613304e-01 8.600332e-02 8.533311e-03 -7.020091e-02 3.204535e-02 7.822133e-01 2.175505e-01
4.232219e-03 4.068553e-01 4.372789e-02 1.359733e-01 4.561487e-03 -4.162385e-01 8.188983e-02 9.014261e-02 5.473116e-03 -5.403996e-02 1.382931e-02 6.405432e-01 1.254032e-01
5.859995e-03 4.815366e-01 1.525305e-01 1.493650e-01 4.308166e-02 -4.845111e-01 1.938997e-01 9.210198e-02 1.157163e-02 -7.399285e-02 5.613981e-02 6.854971e-01 2.364439e-01
8.138882e-03 5.296271e-01 7.332481e-02 1.500549e-01 2.272386e-02 -5.585066e-01 7.909416e-02 8.710353e-02 9.190242e-03 -8.884759e-02 2.791958e-02 8.116571e-01 7.375387e-02
1.106888e-02 5.680192e-01 8.700166e-02 1.569820e-01 2.918253e-02 -6.187583e-01 9.698011e-02 9.666532e-02 1.205624e-02 -1.060678e-01 2.762815e-02 9.052940e-01 1.321589e-01
1.464999e-02 4.374881e-01 4.672128e-02 1.224196e-01 1.528949e-02 -4.132741e-01 3.375584e-02 8.923573e-02 7.026080e-03 -4.492628e-02 1.621340e-02 6.886454e-01 6.136627e-02
1.888221e-02 4.909203e-01 6.551539e-02 1.257080e-01 2.306409e-02 -4.894738e-01 8.929370e-02 9.515925e-02 8.225143e-03 -7.627598e-02 1.856047e-02 8.176792e-01 1.461018e-01
5.208885e-03 4.848144e-01 6.883829e-02 1.499875e-01 2.223423e-02 -4.969266e-01 7.781678e-02 8.651678e-02 4.895730e-03 -8.215759e-02 2.662674e-02 7.020790e-01 1.142092e-01
5.534440e-03 3.774090e-01 2.737297e-02 1.062705e-01 1.512458e-02 -4.004360e-01 3.348779e-02 7.243123e-02 4.303539e-03 -4.174291e-02 1.966577e-02 6.216979e-01 5.598632e-02
6.511106e-03 3.646244e-01 8.006247e-02 1.067290e-01 3.627674e-02 -3.644420e-01 7.156471e-02 7.935626e-02 1.283130e-02 -2.142507e-02 3.805027e-02 5.958053e-01 7.019420e-02
8.138882e-03 3.759952e-01 6.190745e-02 1.049213e-01 1.219302e-02 -3.887394e-01 7.890382e-02 8.158719e-02 1.177078e-02 -2.504508e-02 2.552700e-02 6.377639e-01 7.779851e-02
1.041777e-02 4.150752e-01 6.851377e-02 1.298908e-01 1.667443e-02 -3.885079e-01 8.324622e-02 8.399486e-02 8.543217e-03 -5.224081e-02 1.824928e-02 6.080177e-01 1.057304e-01
1.334777e-02 3.761118e-01 1.044249e-02 1.112746e-01 9.697276e-03 -3.412094e-01 1.518187e-02 8.164987e-02 7.591555e-03 -3.826221e-02 1.335817e-02 5.733589e-01 2.302266e-02
1.692887e-02 4.334945e-01 5.396440e-02 1.214112e-01 1.154637e-02 -3.507591e-01 6.218292e-02 9.269914e-02 6.942825e-03 -3.749172e-02 1.172111e-02 5.736567e-01 7.712220e-02
2.116109e-02 5.346186e-01 7.981748e-02 1.380947e-01 2.148475e-02 -4.553449e-01 9.079218e-02 9.695586e-02 1.490424e-02 -5.307964e-02 1.414613e-02 7.168767e-01 1.168991e-01
8.138882e-03 5.637040e-01 1.901073e-01 1.599705e-01 5.287381e-02 -6.114982e-01 2.499993e-01 9.338494e-02 1.361426e-02 -1.026930e-01 7.005277e-02 8.948704e-01 3.197111e-01
8.464437e-03 3.539000e-01 1.555685e-02 1.004877e-01 8.708204e-03 -3.560109e-01 4.546053e-02 7.003472e-02 9.559778e-03 -3.706458e-02 1.224981e-02 5.778461e-01 7.053523e-02
9.441103e-03 4.051735e-01 4.150917e-02 1.272623e-01 1.878183e-02 -4.002393e-01 5.007305e-02 9.163208e-02 1.118120e-02 -4.283226e-02 1.803409e-02 6.600593e-01 8.214331e-02
1.106888e-02 3.712087e-01 5.062149e-02 1.095004e-01 1.727932e-02 -3.516740e-01 5.025593e-02 7.966048e-02 1.324023e-02 -3.724436e-02 9.308413e-03 5.679764e-01 6.285282e-02
1.334777e-02 5.042526e-01 4.648188e-02 1.517853e-01 1.507312e-02 -5.066639e-01 7.671023e-02 9.534016e-02 6.931844e-03 -8.440751e-02 1.763885e-02 7.842982e-01 1.128840e-01
1.627776e-02 4.913554e-01 8.338375e-02 1.549222e-01 2.345817e-02 -4.178451e-01 1.024166e-01 1.046961e-01 1.162844e-02 -7.565860e-02 2.613100e-02 6.406933e-01 1.274179e-01
1.985887e-02 5.126156e-01 8.256366e-02 1.368857e-01 1.650304e-02 -4.808900e-01 1.043334e-01 1.122477e-01 3.201020e-03 -6.735396e-02 2.519877e-02 7.475362e-01 1.286293e-01
2.409109e-02 5.133032e-01 4.409708e-02 1.529648e-01 2.006321e-02 -4.158633e-01 5.290456e-02 1.210520e-01 1.114391e-02 -6.016296e-02 2.160196e-02 7.713906e-01 6.137390e-02
1.171999e-02 5.021813e-01 4.692583e-02 1.561974e-01 1.163310e-02 -4.526017e-01 6.205114e-02 9.909745e-02 6.889368e-03 -7.079140e-02 1.767525e-02 6.691590e-01 8.198126e-02
1.204555e-02 4.269743e-01 6.222951e-02 1.286750e-01 2.398111e-02 -3.600985e-01 7.295446e-02 8.738559e-02 5.773463e-03 -4.894004e-02 3.153823e-02 5.248223e-01 6.951729e-02
1.302221e-02 4.725353e-01 5.937147e-02 1.324418e-01 2.381038e-02 -4.592265e-01 5.753229e-02 8.755937e-02 6.527691e-03 -5.514105e-02 2.684812e-02 7.168152e-01 7.608588e-02
1.464999e-02 4.831634e-01 4.310776e-02 1.345470e-01 1.024309e-02 -4.459358e-01 5.749551e-02 8.445651e-02 6.814166e-03 -6.071583e-02 1.370569e-02 6.899374e-01 5.893630e-02
1.692887e-02 4.125463e-01 5.213694e-02 1.033814e-01 1.557355e-02 -3.815629e-01 4.604218e-02 8.170196e-02 2.943570e-03 -2.634168e-02 2.060186e-02 7.035767e-01 5.551733e-02
1.985887e-02 4.379754e-01 4.513743e-02 1.016862e-01 2.069976e-02 -4.300945e-01 3.498445e-02 9.215890e-02 1.090331e-02 -2.753705e-02 2.307239e-02 8.577667e-01 7.319734e-02
2.343998e-02 3.811456e-01 4.858944e-02 1.097551e-01 1.156984e-02 -2.889405e-01 6.962557e-02 9.736102e-02 1.031492e-02 -2.969169e-02 2.674209e-02 6.009521e-01 8.216032e-02
2.767220e-02 4.583183e-01 2.280794e-02 1.196287e-01 2.112039e-02 -3.892087e-01 4.438212e-02 1.314884e-01 1.730563e-02 -5.983214e-02 2.377899e-02 8.027470e-01 9.027784e-02
1.595221e-02 5.209981e-01 7.046819e-02 1.547240e-01 2.144508e-02 -4.636752e-01 7.804726e-02 9.726448e-02 9.677777e-03 -7.741949e-02 2.578649e-02 7.064351e-01 9.463872e-02
1.627776e-02 4.003304e-01 8.394885e-02 1.190408e-01 2.686811e-02 -3.685306e-01 9.088732e-02 9.529028e-02 6.816705e-03 -4.932028e-02 3.244233e-02 6.297975e-01 1.116407e-01
1.725443e-02 3.853786e-01 4.318931e-02 1.168269e-01 1.551249e-02 -2.994919e-01 4.414450e-02 9.665033e-02 3.501844e-03 -2.778250e-02 1.499388e-02 4.891334e-01 4.855432e-02
1.888221e-02 4.425452e-01 4.081958e-02 1.316824e-01 1.270576e-02 -3.937827e-01 7.182001e-02 1.023162e-01 8.893245e-03 -4.421688e-02 1.282334e-02 7.393087e-01 1.372809e-01
2.116109e-02 5.116443e-01 3.108130e-02 1.639754e-01 2.021097e-02 -4.260041e-01 2.157522e-02 1.290306e-01 1.218958e-02 -5.401844e-02 2.319388e-02 8.061538e-01 5.298851e-02
2.409109e-02 4.382762e-01 1.744876e-02 1.150414e-01 8.741878e-03 -3.344794e-01 3.328106e-02 1.167649e-01 1.057887e-02 -8.591887e-03 1.382047e-02 6.629029e-01 5.471509e-02
2.767220e-02 5.570676e-01 3.591168e-02 1.653964e-01 1.470333e-02 -4.548567e-01 9.153898e-03 1.244490e-01 6.108546e-03 -9.688588e-02 9.202906e-03 8.166053e-01 5.725060e-02
3.190442e-02 5.479360e-01 2.081081e-02 1.425965e-01 1.318177e-02 -4.210583e-01 3.066359e-02 1.321599e-01 9.003500e-03 -6.114661e-02 2.364938e-02 8.778083e-01 6.394645e-02
3.255553e-04 1.447103e-01 2.270222e-02 5.796854e-02 7.223935e-03 -1.316316e-01 4.382783e-02 5.955530e-02 3.730653e-03 2.064607e-02 7.911603e-03 2.714249e-01 8.615479e-02
6.511106e-04 3.098521e-01 8.727009e-02 9.856168e-02 2.237247e-02 -3.337074e-01 1.080781e-01 7.756979e-02 1.104201e-02 -1.291380e-02 2.064554e-02 5.558157e-01 1.513428e-01
1.627776e-03 1.764818e-01 3.113598e-02 7.118319e-02 1.037410e-02 -1.518284e-01 4.409498e-02 6.774909e-02 6.756488e-03 1.193672e-02 1.321052e-02 2.876908e-01 6.814800e-02
3.255553e-03 4.679244e-01 1.079167e-01 1.492546e-01 2.812234e-02 -4.867184e-01 1.463397e-01 8.878027e-02 1.037802e-02 -8.143541e-02 3.049385e-02 6.785032e-01 2.175032e-01
5.534440e-03 2.997548e-01 3.677934e-02 1.040155e-01 1.190113e-02 -2.589390e-01 3.639711e-02 7.580414e-02 5.432465e-03 -2.195245e-02 9.071368e-03 4.228508e-01 4.587277e-02
8.464437e-03 3.609122e-01 6.549515e-02 1.059862e-01 2.119563e-02 -3.357894e-01 6.887743e-02 7.436551e-02 9.599859e-03 -2.935527e-02 2.270080e-02 5.308909e-01 6.909455e-02
1.204555e-02 4.163795e-01 3.453977e-02 1.423979e-01 1.463234e-02 -3.712484e-01 4.213829e-02 8.819946e-02 1.090321e-02 -7.305199e-02 9.268055e-03 5.673073e-01 5.353088e-02
1.627776e-02 4.984203e-01 1.016985e-01 1.402529e-01 1.923643e-02 -4.860926e-01 1.263542e-01 1.035122e-01 9.294521e-03 -6.761661e-02 1.732515e-02 7.720524e-01 1.600840e-01
6.511106e-04 6.794995e-01 2.085827e-01 1.672770e-01 5.236436e-02 -8.377059e-01 2.762713e-01 8.886854e-02 1.525795e-02 -1.106976e-01 6.804677e-02 1.232058e+00 3.658337e-01
9.766658e-04 2.715475e-01 9.119666e-02 1.114376e-01 2.812844e-02 -2.407973e-01 1.178715e-01 8.734363e-02 1.711450e-02 -1.710174e-02 2.494481e-02 3.872080e-01 1.567130e-01
1.953332e-03 2.025663e-01 4.900362e-02 7.515410e-02 1.282492e-02 -1.765822e-01 6.788023e-02 7.364900e-02 6.059570e-03 2.005692e-02 1.789344e-02 3.384445e-01 8.823937e-02
3.581108e-03 4.836362e-01 1.075410e-01 1.133961e-01 1.999352e-02 -5.702804e-01 1.427001e-01 6.945379e-02 4.642852e-03 -4.634674e-02 3.224814e-02 8.940512e-01 1.818006e-01
5.859995e-03 3.957265e-01 7.125407e-02 1.318433e-01 1.634611e-02 -3.806343e-01 9.260536e-02 8.799629e-02 7.527930e-03 -5.479958e-02 1.995770e-02 5.637744e-01 1.270700e-01
8.789993e-03 5.155118e-01 3.447079e-02 1.560651e-01 1.780124e-02 -5.569033e-01 4.141566e-02 9.833910e-02 7.975309e-03 -8.415554e-02 2.465269e-02 8.425263e-01 7.852277e-02
1.237110e-02 3.752287e-01 2.678107e-02 9.497784e-02 1.479918e-02 -3.622213e-01 2.756735e-02 7.345009e-02 6.641861e-03 -2.246028e-02 1.288725e-02 6.082810e-01 5.022074e-02
1.660332e-02 4.624310e-01 5.231669e-02 1.382936e-01 1.257459e-02 -4.154977e-01 7.967507e-02 9.671094e-02 8.933589e-03 -5.932700e-02 2.133646e-02 6.799686e-01 1.146962e-01
1.627776e-03 2.705496e-01 5.599375e-02 9.723309e-02 1.248800e-02 -2.590818e-01 7.239796e-02 7.307230e-02 5.030328e-03 -2.071277e-02 1.370943e-02 4.058783e-01 9.310629e-02
1.953332e-03 3.850608e-01 9.408472e-02 1.417573e-01 3.167312e-02 -3.590503e-01 9.432196e-02 8.516807e-02 1.165129e-02 -7.062291e-02 3.127576e-02 4.777213e-01 9.680134e-02
2.929998e-03 3.521157e-01 6.268844e-02 1.100873e-01 2.398094e-02 -3.834163e-01 7.488755e-02 7.854099e-02 9.775051e-03 -3.849078e-02 2.611294e-02 6.015786e-01 1.012180e-01
4.557774e-03 5.930048e-01 6.885183e-02 1.701015e-01 2.100791e-02 -6.554596e-01 1.171059e-01 9.476573e-02 1.118741e-02 -1.084868e-01 1.574694e-02 9.249979e-01 1.840959e-01
6.836661e-03 4.138500e-01 7.428639e-02 1.227809e-01 1.968146e-02 -4.222670e-01 7.996640e-02 8.161984e-02 1.035519e-02 -4.344837e-02 1.759451e-02 6.846967e-01 1.018424e-01
9.766658e-03 3.483453e-01 3.291541e-02 1.076039e-01 8.839881e-03 -3.342116e-01 6.330904e-02 8.118205e-02 8.034906e-03 -1.949571e-02 1.946730e-02 5.933964e-01 8.392327e-02
1.334777e-02 4.303793e-01 3.507795e-02 1.277208e-01 1.440547e-02 -4.016577e-01 2.333158e-02 9.073529e-02 3.152798e-03 -4.237920e-02 1.659925e-02 6.364228e-01 1.900654e-02
1.757999e-02 4.422049e-01 4.386580e-02 1.312592e-01 8.488971e-03 -3.778461e-01 6.465877e-02 9.896998e-02 8.116815e-03 -4.414428e-02 1.715632e-02 6.170434e-01 7.312761e-02
3.255553e-03 3.033731e-01 6.740819e-02 1.081304e-01 1.622258e-02 -2.861923e-01 8.214596e-02 7.696905e-02 3.784103e-03 -3.057094e-02 2.265188e-02 4.409259e-01 9.913489e-02
3.581108e-03 5.677589e-01 1.163314e-01 1.589750e-01 3.543269e-02 -6.324133e-01 1.428185e-01 8.920482e-02 1.348358e-02 -9.995961e-02 3.661616e-02 8.797193e-01 1.881473e-01
4.557774e-03 3.267366e-01 6.515484e-02 9.695655e-02 1.271926e-02 -3.220813e-01 9.293241e-02 7.883597e-02 7.020277e-03 -3.683830e-03 2.257332e-02 5.405942e-01 1.144656e-01
6.185550e-03 3.021814e-01 2.569338e-02 1.002218e-01 9.450993e-03 -2.680027e-01 3.331822e-02 7.577610e-02 4.554456e-03 -1.453650e-02 8.471807e-03 4.487529e-01 5.812290e-02
8.464437e-03 3.851449e-01 5.356613e-02 1.324265e-01 2.466690e-02 -3.377202e-01 4.580151e-02 9.764814e-02 8.896974e-03 -3.510885e-02 3.725139e-02 5.423591e-01 6.319859e-02
1.139443e-02 4.248274e-01 6.775462e-02 1.238135e-01 2.148208e-02 -3.998692e-01 7.811717e-02 8.829003e-02 9.779117e-03 -3.698720e-02 2.118248e-02 6.608043e-01 9.611502e-02
1.497554e-02 5.202021e-01 1.084316e-01 1.763201e-01 4.349092e-02 -4.378388e-01 1.187215e-01 1.130090e-01 2.360637e-02 -7.495247e-02 3.698234e-02 6.751057e-01 1.448661e-01
1.920776e-02 4.688578e-01 5.865781e-02 1.353856e-01 2.769927e-02 -3.990631e-01 4.822924e-02 1.054903e-01 1.181948e-02 -4.799987e-02 2.404666e-02 6.854002e-01 6.590508e-02
5.534440e-03 2.560295e-01 5.216167e-02 9.396540e-02 1.245851e-02 -2.409283e-01 6.625878e-02 8.122097e-02 4.028281e-03 -1.374221e-03 1.982992e-02 4.564945e-01 8.433163e-02
5.859995e-03 3.430279e-01 5.816456e-02 1.129462e-01 1.200374e-02 -3.099895e-01 8.349270e-02 7.740143e-02 2.630062e-03 -3.648226e-02 1.559283e-02 4.581895e-01 1.179108e-01
6.836661e-03 4.940895e-01 7.736237e-02 1.409588e-01 1.041152e-02 -5.218150e-01 1.267464e-01 8.582184e-02 7.941211e-03 -7.365190e-02 1.809402e-02 7.632296e-01 1.908172e-01
8.464437e-03 3.997515e-01 1.951186e-02 1.143161e-01 7.913411e-03 -3.861749e-01 3.594262e-02 7.470718e-02 7.152684e-03 -4.049542e-02 1.252721e-02 5.981537e-01 6.122890e-02
1.074332e-02 4.728304e-01 5.882763e-02 1.567786e-01 1.469334e-02 -4.125511e-01 9.339320e-02 9.990355e-02 1.184514e-02 -6.562749e-02 2.132394e-02 6.195995e-01 1.152672e-01
1.367332e-02 4.847198e-01 5.393323e-02 1.512121e-01 1.514263e-02 -4.019169e-01 5.698201e-02 1.002409e-01 7.398550e-03 -4.807692e-02 2.317068e-02 6.350937e-01 6.246214e-02
1.725443e-02 5.065575e-01 7.903037e-02 1.427740e-01 2.558415e-02 -4.712259e-01 7.308284e-02 1.046118e-01 1.087177e-02 -5.711422e-02 1.692550e-02 7.537946e-01 8.079965e-02
2.148665e-02 4.658646e-01 3.441734e-02 1.267727e-01 1.036539e-02 -3.658355e-01 4.539059e-02 9.810966e-02 2.835270e-03 -5.256243e-02 1.624913e-02 6.490476e-01 6.561745e-02
8.464437e-03 4.310198e-01 9.550780e-02 1.370236e-01 1.654715e-02 -4.017066e-01 1.309804e-01 8.924886e-02 6.645261e-03 -5.817583e-02 2.386166e-02 5.900805e-01 1.860586e-01
8.789993e-03 5.308824e-01 1.004445e-01 1.483319e-01 1.963752e-02 -5.345949e-01 1.371830e-01 9.177020e-02 1.005963e-02 -6.320343e-02 2.109016e-02 7.884139e-01 1.882847e-01
9.766658e-03 4.946087e-01 3.687142e-02 1.598917e-01 2.161595e-02 -4.435467e-01 5.354067e-02 9.387275e-02 1.213187e-02 -7.944743e-02 1.220569e-02 6.290086e-01 1.032497e-01
1.139443e-02 4.497030e-01 6.287366e-02 1.164905e-01 1.338282e-02 -4.605173e-01 9.692683e-02 7.674830e-02 7.770221e-03 -5.614699e-02 1.757146e-02 7.338316e-01 1.493562e-01
1.367332e-02 4.789221e-01 1.196866e-01 1.193598e-01 2.455042e-02 -4.658978e-01 1.450763e-01 8.077158e-02 7.399701e-03 -3.716395e-02 3.146673e-02 7.818656e-01 1.890507e-01
1.660332e-02 5.158868e-01 4.127500e-02 1.363549e-01 1.351448e-02 -5.207045e-01 4.839214e-02 8.704206e-02 6.814568e-03 -8.703592e-02 1.869388e-02 8.363369e-01 4.689517e-02
2.018443e-02 4.424701e-01 5.022211e-02 1.388454e-01 2.509037e-02 -3.685549e-01 6.052725e-02 1.125500e-01 1.286915e-02 -5.781549e-02 2.323018e-02 6.397100e-01 1.013162e-01
2.441665e-02 4.822987e-01 3.549793e-02 1.458813e-01 1.670125e-02 -4.280887e-01 3.379481e-02 1.260702e-01 7.836651e-03 -6.456144e-02 1.574900e-02 8.111924e-01 5.226083e-02
1.204555e-02 3.987791e-01 5.960691e-02 1.318724e-01 1.238396e-02 -3.485237e-01 8.614118e-02 9.874345e-02 1.095156e-02 -4.175926e-02 1.580714e-02 5.805577e-01 1.145241e-01
1.237110e-02 4.388064e-01 4.360420e-02 1.241766e-01 1.228093e-02 -4.086387e-01 6.284944e-02 7.901443e-02 5.810208e-03 -5.146430e-02 1.659808e-02 6.440987e-01 8.488960e-02
1.334777e-02 3.728782e-01 4.439646e-02 1.093625e-01 2.087073e-02 -3.517107e-01 5.370117e-02 7.970353e-02 1.136241e-02 -3.333411e-02 1.697840e-02 6.361162e-01 9.215976e-02
1.497554e-02 5.440364e-01 1.065759e-01 1.618694e-01 3.114740e-02 -5.167428e-01 1.114373e-01 9.695204e-02 1.326255e-02 -1.029880e-01 2.657384e-02 7.327501e-01 1.443596e-01
1.725443e-02 3.878966e-01 4.815627e-02 1.120355e-01 2.074917e-02 -3.583053e-01 6.730441e-02 9.146270e-02 1.162964e-02 -3.658026e-02 2.104965e-02 6.390866e-01 1.272946e-01
2.018443e-02 5.780296e-01 6.704322e-02 1.678319e-01 1.370285e-02 -5.359159e-01 7.601257e-02 1.135792e-01 3.947859e-03 -9.198099e-02 1.875997e-02 8.529116e-01 7.647012e-02
2.376554e-02 5.726632e-01 1.038367e-01 1.695987e-01 3.147872e-02 -5.414253e-01 1.642886e-01 1.417386e-01 1.743631e-02 -9.136576e-02 3.646809e-02 9.412256e-01 2.458844e-01
2.799775e-02 4.739840e-01 7.139807e-02 1.347340e-01 2.490171e-02 -3.757008e-01 5.601662e-02 1.290714e-01 5.827801e-03 -8.283511e-02 2.845360e-02 6.821079e-01 5.444032e-02
1.627776e-02 4.803518e-01 4.633772e-02 1.423668e-01 1.309513e-02 -3.748204e-01 7.350635e-02 1.063740e-01 1.352783e-02 -3.525954e-02 2.317917e-02 6.082206e-01 8.397753e-02
1.660332e-02 4.821793e-01 7.039709e-02 1.521940e-01 2.136474e-02 -4.427168e-01 9.314427e-02 1.173501e-01 1.770525e-02 -6.734854e-02 1.742431e-02 7.150396e-01 1.061662e-01
1.757999e-02 4.950735e-01 7.080034e-02 1.464630e-01 2.301907e-02 -4.994856e-01 9.227055e-02 1.117598e-01 1.405064e-02 -6.656062e-02 1.656241e-02 8.517202e-01 1.262641e-01
1.920776e-02 4.963229e-01 9.260650e-02 1.385750e-01 2.446644e-02 -4.617173e-01 1.145340e-01 1.022062e-01 9.863608e-03 -7.927688e-02 2.377017e-02 7.476236e-01 1.527822e-01
2.148665e-02 5.574581e-01 9.732005e-02 1.500900e-01 1.983876e-02 -5.180992e-01 1.047148e-01 1.181335e-01 1.553555e-03 -4.531570e-02 2.157647e-02 8.969856e-01 9.510362e-02
2.441665e-02 4.600417e-01 5.007476e-02 1.536323e-01 1.278387e-02 -3.251545e-01 6.156312e-02 1.249936e-01 9.737404e-03 -5.107661e-02 2.144198e-02 6.595083e-01 7.689252e-02
2.799775e-02 4.334278e-01 4.829554e-02 1.179651e-01 1.325561e-02 -4.144246e-01 7.426411e-02 1.309370e-01 7.376150e-03 -3.837375e-02 2.207876e-02 8.961359e-01 1.328412e-01
3.222997e-02 4.741954e-01 6.384767e-02 1.394608e-01 8.145558e-03 -3.080501e-01 7.335227e-02 1.447736e-01 9.475303e-03 -3.492856e-02 1.431049e-02 7.414851e-01 1.161976e-01
1.302221e-03 2.149215e-01 3.560226e-02 8.815016e-02 1.396915e-02 -1.915848e-01 3.807045e-02 7.364153e-02 7.229269e-03 -6.874382e-03 1.646463e-02 3.247854e-01 4.284539e-02
1.627776e-03 3.401710e-01 1.513417e-01 1.000938e-01 3.119135e-02 -3.816103e-01 2.011113e-01 6.950048e-02 9.033295e-03 -3.748269e-02 4.278881e-02 5.873492e-01 2.586274e-01
2.604442e-03 4.233237e-01 1.326386e-02 1.163514e-01 6.851999e-03 -4.898465e-01 2.751807e-02 6.540500e-02 3.786275e-03 -6.831897e-02 8.731884e-03 7.276147e-01 5.025099e-02
4.232219e-03 5.173236e-01 1.108274e-01 1.594830e-01 2.392012e-02 -5.464989e-01 1.356228e-01 8.786367e-02 9.170827e-03 -9.798508e-02 2.346348e-02 7.568538e-01 1.810083e-01
6.511106e-03 4.559330e-01 5.671115e-02 1.162914e-01 1.362680e-02 -4.895991e-01 8.846078e-02 7.152730e-02 1.001194e-02 -5.097051e-02 1.817967e-02 7.265541e-01 1.251209e-01
9.441103e-03 2.993652e-01 4.534117e-02 9.334378e-02 1.524247e-02 -2.882808e-01 4.874382e-02 7.199719e-02 7.731095e-03 -2.969961e-02 1.628417e-02 4.817357e-01 5.553630e-02
1.302221e-02 4.539144e-01 5.840437e-02 1.369579e-01 1.521841e-02 -4.142906e-01 8.147828e-02 9.455025e-02 1.020108e-02 -6.413279e-02 1.899268e-02 6.220529e-01 9.862137e-02
1.725443e-02 5.101148e-01 7.463586e-02 1.336107e-01 1.593484e-02 -4.800812e-01 9.908327e-02 9.125217e-02 1.058417e-02 -6.246147e-02 2.675698e-02 7.671218e-01 1.405015e-01
1.627776e-03 4.259687e-01 7.169653e-02 1.299760e-01 1.928595e-02 -4.673277e-01 8.598764e-02 9.009809e-02 8.507809e-03 -4.393587e-02 2.022573e-02 7.271974e-01 1.038603e-01
1.953332e-03 4.560828e-01 1.530854e-01 1.465537e-01 4.243771e-02 -4.670089e-01 1.824547e-01 9.117482e-02 1.268356e-02 -6.160828e-02 4.873122e-02 6.780303e-01 2.230205e-01
2.929998e-03 2.895193e-01 4.027436e-02 7.253132e-02 1.822842e-02 -3.402554e-01 5.502685e-02 6.436319e-02 7.495825e-03 7.209210e-03 2.070515e-02 6.268276e-01 1.110769e-01
4.557774e-03 3.011746e-01 3.145486e-02 9.255143e-02 1.187485e-02 -2.959310e-01 4.420788e-02 7.930625e-02 7.645482e-03 2.548375e-03 2.088585e-02 5.160838e-01 7.549633e-02
6.836661e-03 4.538552e-01 1.108545e-01 1.199514e-01 1.895840e-02 -4.767689e-01 1.599848e-01 7.326387e-02 2.339713e-03 -5.763446e-02 3.462546e-02 7.051891e-01 2.082956e-01
9.766658e-03 4.735063e-01 4.656233e-02 1.400286e-01 7.120537e-03 -4.758951e-01 8.715352e-02 8.582139e-02 5.669119e-03 -7.460069e-02 1.565597e-02 7.154798e-01 1.350375e-01
1.334777e-02 4.593559e-01 4.939346e-02 1.382769e-01 2.127557e-02 -4.237093e-01 5.396182e-02 9.962308e-02 1.127252e-02 -4.739554e-02 2.278854e-02 6.890041e-01 7.055576e-02
1.757999e-02 5.315151e-01 4.750340e-02 1.323410e-01 6.920599e-03 -5.747759e-01 9.075885e-02 8.867105e-02 5.671184e-03 -7.464883e-02 1.453464e-02 9.678532e-01 1.559682e-01
2.604442e-03 2.686351e-01 4.929027e-02 7.691187e-02 1.084134e-02 -2.999977e-01 6.386724e-02 6.455378e-02 6.721586e-03 -3.306172e-03 7.192350e-03 5.221220e-01 9.811139e-02
2.929998e-03 4.216938e-01 6.005780e-02 1.143464e-01 1.030584e-02 -4.885427e-01 9.224405e-02 7.232784e-02 5.556690e-03 -5.100478e-02 1.175486e-02 7.624465e-01 1.461099e-01
3.906663e-03 4.366919e-01 5.959778e-02 1.186702e-01 1.680358e-02 -4.847041e-01 8.108366e-02 7.490145e-02 6.419563e-03 -4.705411e-02 2.144097e-02 7.617865e-01 1.152566e-01
5.534440e-03 4.638817e-01 6.148901e-02 1.415508e-01 2.487786e-02 -4.892775e-01 6.393266e-02 8.558842e-02 1.288921e-02 -7.814345e-02 2.741672e-02 7.121742e-01 7.873126e-02
7.813327e-03 3.824002e-01 8.957968e-02 1.212820e-01 2.921539e-02 -3.413641e-01 9.371396e-02 8.737330e-02 1.428974e-02 -3.336199e-02 2.401318e-02 5.363848e-01 1.156389e-01
1.074332e-02 6.270922e-01 8.108453e-02 1.611600e-01 2.052832e-02 -6.921696e-01 1.097216e-01 9.578751e-02 6.698861e-03 -1.063977e-01 3.358415e-02 1.020427e+00 1.328877e-01
1.432443e-02 4.622767e-01 2.465274e-02 1.284385e-01 1.968602e-02 -4.009911e-01 3.151712e-02 8.643311e-02 1.056021e-02 -3.956173e-02 2.223378e-02 6.763861e-01 1.001207e-01
1.855665e-02 4.475818e-01 6.682975e-02 1.203593e-01 2.723272e-02 -3.857769e-01 4.477455e-02 1.017277e-01 1.221189e-02 -2.097346e-02 2.691594e-02 6.743104e-01 3.463150e-02
4.232219e-03 3.216353e-01 4.014341e-02 9.535892e-02 1.376654e-02 -3.326674e-01 4.207154e-02 7.641544e-02 5.443439e-03 -8.158728e-03 1.859530e-02 5.614242e-01 6.273750e-02
4.557774e-03 4.640822e-01 7.370599e-02 1.395532e-01 2.673593e-02 -4.838885e-01 7.067917e-02 8.617789e-02 9.533438e-03 -6.748027e-02 2.815304e-02 6.994286e-01 6.861813e-02
5.534440e-03 4.368990e-01 4.928767e-02 1.244543e-01 1.663091e-02 -4.434777e-01 6.203417e-02 7.833999e-02 8.046290e-03 -5.672320e-02 1.354910e-02 6.403565e-01 9.005033e-02
7.162216e-03 3.737147e-01 9.240304e-02 1.104419e-01 3.080170e-02 -3.788556e-01 9.078379e-02 6.941379e-02 9.779057e-03 -5.097774e-02 3.210002e-02 5.863237e-01 9.969435e-02
9.441103e-03 4.138772e-01 7.121189e-02 1.124781e-01 1.697147e-02 -4.656216e-01 8.729606e-02 7.980591e-02 7.313078e-03 -5.753145e-02 1.958621e-02 7.356793e-01 1.000064e-01
1.237110e-02 4.202091e-01 4.257380e-02 1.256543e-01 7.994670e-03 -4.158525e-01 6.245123e-02 8.882473e-02 7.930951e-03 -5.608344e-02 1.361445e-02 6.571255e-01 1.084316e-01
1.595221e-02 3.757012e-01 3.839464e-02 1.147669e-01 1.008356e-02 -3.279627e-01 4.921555e-02 8.620490e-02 8.108869e-03 -4.801959e-02 1.397560e-02 5.547324e-01 7.424896e-02
2.018443e-02 5.222763e-01 7.205416e-02 1.377566e-01 9.643961e-03 -4.702039e-01 7.690790e-02 1.042033e-01 7.759493e-03 -6.927672e-02 1.813439e-02 7.836995e-01 1.152040e-01
6.511106e-03 3.851428e-01 6.192425e-02 1.045368e-01 1.993219e-02 -4.058640e-01 6.387295e-02 6.724551e-02 8.294015e-03 -4.232385e-02 1.986600e-02 6.322490e-01 7.636489e-02
6.836661e-03 3.529854e-01 4.770480e-02 1.087606e-01 1.556819e-02 -3.505894e-01 5.738822e-02 7.367667e-02 6.652562e-03 -3.355134e-02 2.198363e-02 5.873945e-01 6.376134e-02
7.813327e-03 4.617271e-01 6.576580e-02 1.601400e-01 1.946316e-02 -4.278064e-01 6.587265e-02 9.952105e-02 6.768070e-03 -8.222301e-02 2.017097e-02 5.916689e-01 6.487847e-02
9.441103e-03 4.937059e-01 2.992819e-02 1.478964e-01 8.670393e-03 -4.722503e-01 2.655641e-02 8.518429e-02 8.700319e-03 -8.387455e-02 2.793601e-03 6.582559e-01 2.491144e-02
1.171999e-02 4.656822e-01 6.572216e-02 1.617602e-01 1.820840e-02 -3.704670e-01 9.200223e-02 1.084257e-01 8.814425e-03 -6.468132e-02 2.131518e-02 5.235446e-01 1.184374e-01
1.464999e-02 4.407648e-01 5.043673e-02 1.288605e-01 1.538486e-02 -4.266852e-01 4.471934e-02 8.791126e-02 6.878220e-03 -6.061201e-02 1.440539e-02 7.198886e-01 2.524002e-02
1.823110e-02 5.140058e-01 5.786979e-02 1.614561e-01 1.840121e-02 -4.535786e-01 7.163642e-02 1.155641e-01 3.281947e-03 -9.196337e-02 3.124608e-02 7.235140e-01 7.806536e-02
2.246331e-02 4.831443e-01 3.329319e-02 1.550960e-01 1.119202e-02 -3.752500e-01 4.912576e-02 1.204639e-01 6.712207e-03 -6.053266e-02 1.081749e-02 6.232697e-01 8.891518e-02
9.441103e-03 5.277391e-01 7.221698e-02 1.247113e-01 1.136307e-02 -6.226000e-01 1.117544e-01 7.298204e-02 6.221339e-03 -7.623384e-02 1.131043e-02 9.676945e-01 1.732664e-01
9.766658e-03 4.737560e-01 6.745297e-02 1.424976e-01 1.334575e-02 -4.625595e-01 9.352507e-02 8.986020e-02 8.126398e-03 -6.596354e-02 1.587462e-02 7.123661e-01 1.125718e-01
1.074332e-02 3.660612e-01 5.167388e-02 1.084309e-01 1.370844e-02 -3.449004e-01 5.776657e-02 7.822722e-02 6.787574e-03 -2.976640e-02 1.363531e-02 5.742680e-01 6.337828e-02
1.237110e-02 5.142338e-01 8.371865e-02 1.652195e-01 3.061467e-02 -4.770060e-01 9.842655e-02 1.029219e-01 1.209270e-02 -8.438867e-02 3.030904e-02 6.896854e-01 1.193514e-01
1.464999e-02 3.974002e-01 6.870526e-02 1.338143e-01 2.031543e-02 -3.553695e-01 7.965089e-02 1.011116e-01 1.136377e-02 -4.222896e-02 1.980785e-02 6.297761e-01 9.156707e-02
1.757999e-02 4.403949e-01 4.147984e-02 1.395570e-01 1.778769e-02 -3.765249e-01 5.447116e-02 1.041494e-01 7.546328e-03 -3.262990e-02 2.173153e-02 6.872709e-01 6.366060e-02
2.116109e-02 4.803341e-01 2.999902e-02 1.421324e-01 1.240854e-02 -3.788651e-01 5.226954e-02 1.117762e-01 1.004224e-02 -5.269227e-02 2.082707e-02 7.091561e-01 9.543194e-02
2.539331e-02 4.339868e-01 7.690921e-02 1.066908e-01 2.832507e-02 -3.701038e-01 1.017380e-01 1.229652e-01 7.995359e-03 -2.338506e-02 2.916509e-02 7.970062e-01 1.207130e-01
1.302221e-02 4.677644e-01 9.520570e-02 1.237699e-01 3.214395e-02 -4.908308e-01 9.059188e-02 9.471976e-02 1.311096e-02 -4.689318e-02 3.303469e-02 8.091550e-01 9.009553e-02
1.334777e-02 4.168695e-01 5.476461e-02 1.310643e-01 1.297474e-02 -3.588924e-01 7.138555e-02 9.119330e-02 1.022644e-02 -5.016359e-02 1.348277e-02 5.338974e-01 1.022100e-01
1.432443e-02 4.609336e-01 5.659082e-02 1.441569e-01 2.134428e-02 -4.209341e-01 5.144215e-02 9.922996e-02 8.980627e-03 -7.020175e-02 1.841829e-02 6.425123e-01 5.264610e-02
1.595221e-02 4.500880e-01 3.819056e-02 1.245343e-01 1.982402e-02 -4.388311e-01 4.803422e-02 9.073257e-02 6.390483e-03 -5.567886e-02 2.518809e-02 7.682369e-01 3.284449e-02
1.823110e-02 5.844148e-01 6.179035e-02 1.558488e-01 1.700177e-02 -5.811711e-01 1.039169e-01 1.019897e-01 8.807250e-03 -7.946807e-02 2.844325e-02 9.376373e-01 1.519882e-01
2.116109e-02 4.701437e-01 4.102047e-02 1.196846e-01 1.361677e-02 -4.083396e-01 5.298726e-02 9.730152e-02 1.027377e-02 -4.524430e-02 1.427998e-02 7.039834e-01 5.113480e-02
2.474220e-02 4.789559e-01 5.380223e-02 1.481421e-01 2.038089e-02 -4.067643e-01 4.832428e-02 1.260048e-01 8.117834e-03 -7.817115e-02 3.063918e-02 7.171075e-01 6.230541e-02
2.897442e-02 5.070512e-01 2.860704e-02 1.378486e-01 1.362281e-02 -3.381981e-01 3.311419e-02 1.353552e-01 1.250652e-02 -4.658826e-02 1.508595e-02 6.796487e-01 7.606450e-02
1.725443e-02 4.982659e-01 9.347796e-02 1.716809e-01 3.608599e-02 -4.386292e-01 8.792971e-02 1.188079e-01 1.514894e-02 -7.291447e-02 3.495718e-02 7.394171e-01 8.385960e-02
1.757999e-02 4.170615e-01 6.311413e-02 1.336680e-01 2.304929e-02 -3.757594e-01 7.627491e-02 1.094206e-01 9.840752e-03 -4.773922e-02 3.186436e-02 6.745309e-01 8.071650e-02
1.855665e-02 4.789420e-01 8.610239e-02 1.501634e-01 3.369998e-02 -4.163754e-01 1.351059e-01 1.158268e-01 1.489817e-02 -6.466505e-02 4.065883e-02 6.820210e-01 1.835303e-01
2.018443e-02 4.407279e-01 5.441807e-02 1.285721e-01 2.538018e-02 -3.539014e-01 7.108258e-02 1.020977e-01 1.549490e-02 -2.189640e-02 1.381003e-02 7.079225e-01 1.547663e-01
2.246331e-02 3.966735e-01 2.925256e-02 1.238648e-01 1.485313e-02 -3.047254e-01 4.115741e-02 1.044043e-01 9.260441e-03 -4.824090e-02 9.029278e-03 6.034275e-01 5.902833e-02
2.539331e-02 4.141110e-01 4.436301e-02 1.063863e-01 1.847403e-02 -3.437528e-01 5.143115e-02 1.192528e-01 7.977542e-03 -3.734834e-02 1.748993e-02 7.307262e-01 5.311484e-02
2.897442e-02 5.260394e-01 3.713554e-02 1.630587e-01 3.298844e-02 -4.162707e-01 3.829692e-02 1.531389e-01 1.996368e-02 -8.804386e-02 1.984834e-02 8.198968e-01 9.036496e-02
3.320664e-02 5.944954e-01 2.411803e-02 1.663354e-01 1.646894e-02 -4.648400e-01 4.306085e-02 1.607650e-01 5.813375e-03 -8.615430e-02 3.236545e-02 1.020929e+00 9.881846e-02
2.929998e-03 3.977240e-01 8.025367e-02 1.230022e-01 2.034001e-02 -4.076843e-01 9.396644e-02 7.700655e-02 5.499052e-03 -4.996836e-02 2.173262e-02 6.070614e-01 1.200059e-01
3.255553e-03 5.249143e-01 1.613652e-01 1.445567e-01 3.865935e-02 -5.916160e-01 2.049339e-01 7.574936e-02 9.302726e-03 -9.194234e-02 5.181331e-02 8.478860e-01 2.517815e-01
4.232219e-03 3.343495e-01 6.838992e-02 1.388044e-01 2.685626e-02 -2.679067e-01 6.781216e-02 9.974801e-02 1.442815e-02 -3.623633e-02 2.391195e-02 3.977567e-01 7.804584e-02
5.859995e-03 5.340101e-01 1.443625e-01 1.480199e-01 3.428344e-02 -6.006284e-01 1.823313e-01 8.481347e-02 1.020169e-02 -8.538646e-02 3.775852e-02 9.067358e-01 2.567301e-01
8.138882e-03 5.296638e-01 7.258222e-02 1.362071e-01 1.593477e-02 -5.641096e-01 9.633559e-02 8.035325e-02 7.878248e-03 -6.622050e-02 1.799203e-02 8.562728e-01 1.306341e-01
1.106888e-02 5.364780e-01 3.020378e-02 1.572003e-01 1.543576e-02 -5.183844e-01 2.646834e-02 9.705488e-02 9.713666e-03 -7.335313e-02 1.243640e-02 7.838022e-01 5.008753e-02
1.464999e-02 4.232817e-01 4.696905e-02 1.210619e-01 2.274851e-02 -3.956195e-01 3.624457e-02 8.763376e-02 6.174881e-03 -5.192989e-02 3.163365e-02 6.544849e-01 6.996097e-02
1.888221e-02 5.053975e-01 3.952496e-02 1.253923e-01 1.086888e-02 -4.567847e-01 4.160705e-02 9.714848e-02 6.169898e-03 -5.061954e-02 1.826875e-02 7.731893e-01 5.223723e-02
3.255553e-03 4.814739e-01 7.558061e-02 1.259789e-01 1.734835e-02 -5.573243e-01 1.075133e-01 6.971363e-02 7.248759e-03 -7.551836e-02 1.750602e-02 8.184369e-01 1.672856e-01
3.581108e-03 5.802813e-01 6.787312e-02 1.478899e-01 2.331922e-02 -6.898576e-01 7.795384e-02 8.321875e-02 1.001964e-02 -8.549465e-02 2.840743e-02 1.046948e+00 9.799274e-02
4.557774e-03 3.396529e-01 2.090880e-02 1.089304e-01 7.600355e-03 -3.444222e-01 3.906007e-02 8.218277e-02 3.649379e-03 -2.572560e-02 1.132747e-02 5.557131e-01 7.225727e-02
6.185550e-03 3.210832e-01 5.349188e-02 1.080214e-01 1.459611e-02 -2.824741e-01 5.441041e-02 7.947801e-02 9.948969e-03 -3.147982e-02 1.503299e-02 4.212235e-01 7.924846e-02
8.464437e-03 3.554055e-01 4.588223e-02 1.076514e-01 1.200980e-02 -3.461300e-01 6.542625e-02 7.600823e-02 6.968034e-03 -4.405749e-02 1.304784e-02 5.244852e-01 9.496077e-02
1.139443e-02 3.953900e-01 4.718668e-02 1.233233e-01 1.966567e-02 -3.483413e-01 5.112463e-02 8.413300e-02 8.482705e-03 -5.143245e-02 1.896968e-02 5.199059e-01 6.623993e-02
1.497554e-02 4.677437e-01 4.435734e-02 1.343616e-01 1.753164e-02 -4.048181e-01 4.270682e-02 1.070170e-01 6.025014e-03 -2.343920e-02 2.023924e-02 6.807953e-01 4.323910e-02
1.920776e-02 4.510812e-01 4.529477e-02 1.422619e-01 1.424138e-02 -3.901002e-01 6.471655e-02 1.016893e-01 3.069719e-03 -6.022767e-02 1.583533e-02 6.621859e-01 8.590577e-02
4.232219e-03 3.350603e-01 1.143850e-01 1.066405e-01 2.649407e-02 -3.485461e-01 1.425983e-01 7.668818e-02 1.098094e-02 -3.667228e-02 2.696024e-02 5.474273e-01 1.955333e-01
4.557774e-03 4.847885e-01 8.574572e-02 1.396951e-01 2.019272e-02 -5.232472e-01 1.205649e-01 8.116931e-02 6.065666e-03 -7.816401e-02 3.012372e-02 7.588044e-01 1.644795e-01
5.534440e-03 3.312899e-01 3.822071e-02 1.042352e-01 1.153869e-02 -3.350807e-01 5.836951e-02 7.430259e-02 9.673238e-03 -3.410425e-02 8.476812e-03 5.363568e-01 9.639067e-02
7.162216e-03 4.912822e-01 1.348809e-01 1.433132e-01 2.902785e-02 -5.018146e-01 1.756847e-01 9.066258e-02 5.798623e-03 -7.139438e-02 3.875756e-02 7.196589e-01 2.231997e-01
9.441103e-03 3.659030e-01 2.143463e-02 1.272713e-01 1.159359e-02 -3.487689e-01 2.912415e-02 8.708788e-02 5.779700e-03 -5.869383e-02 1.702165e-02 5.654293e-01 5.031282e-02
1.237110e-02 5.202108e-01 7.209743e-02 1.659932e-01 2.412996e-02 -4.839243e-01 9.262390e-02 1.015493e-01 1.038121e-02 -8.990230e-02 2.530151e-02 6.755123e-01 1.268826e-01
1.595221e-02 3.740516e-01 4.196918e-02 1.029931e-01 1.227350e-02 -3.208061e-01 6.544168e-02 9.818893e-02 9.241970e-03 -7.173582e-03 7.886986e-03 5.501230e-01 9.522623e-02
2.018443e-02 6.014091e-01 1.088851e-01 1.608394e-01 2.216653e-02 -4.884976e-01 1.081737e-01 1.104842e-01 4.160433e-03 -6.732718e-02 3.489807e-02 7.333594e-01 9.658628e-02
5.859995e-03 4.108124e-01 4.392794e-02 1.169375e-01 1.433514e-02 -4.469070e-01 5.413802e-02 7.328685e-02 9.556654e-03 -5.505478e-02 1.196136e-02 6.973954e-01 8.301880e-02
6.185550e-03 4.922166e-01 9.696076e-02 1.502585e-01 1.987944e-02 -5.123421e-01 1.299454e-01 9.323585e-02 7.128333e-03 -8.075749e-02 3.101799e-02 7.390514e-01 1.657103e-01
7.162216e-03 4.972696e-01 9.907419e-02 1.309276e-01 2.291797e-02 -5.657725e-01 1.246927e-01 8.210824e-02 7.731763e-03 -6.414149e-02 3.430325e-02 8.910384e-01 1.616842e-01
8.789993e-03 4.168351e-01 4.198683e-02 1.199151e-01 1.588906e-02 -4.365515e-01 4.890796e-02 7.605553e-02 7.769142e-03 -6.317762e-02 1.415092e-02 6.692795e-01 7.152085e-02
1.106888e-02 5.820050e-01 9.221819e-02 1.730531e-01 2.057694e-02 -5.897807e-01 1.252985e-01 1.018904e-01 8.262188e-03 -1.082529e-01 2.812203e-02 8.446330e-01 1.580816e-01
1.399888e-02 4.982730e-01 7.069046e-02 1.412542e-01 1.308701e-02 -4.705109e-01 1.005866e-01 9.607986e-02 8.351245e-03 -5.512862e-02 1.696632e-02 7.698048e-01 1.276123e-01
1.757999e-02 3.914201e-01 3.869916e-02 1.032541e-01 9.909852e-03 -3.819419e-01 3.736387e-02 8.299661e-02 5.705628e-03 -4.496248e-02 4.962257e-03 6.550670e-01 6.044842e-02
2.181220e-02 4.706986e-01 2.535736e-02 1.285664e-01 1.820499e-02 -4.295490e-01 2.796447e-02 1.080184e-01 8.593763e-03 -4.901321e-02 1.822373e-02 7.727960e-01 6.939759e-02
8.138882e-03 3.476485e-01 5.003359e-02 1.164902e-01 7.848402e-03 -3.268513e-01 7.226957e-02 8.410176e-02 2.327343e-03 -4.506934e-02 1.062659e-02 4.998695e-01 1.023894e-01
8.464437e-03 2.844762e-01 2.100625e-02 8.187825e-02 1.060005e-02 -2.745846e-01 3.796460e-02 6.538419e-02 4.495399e-03 -4.448745e-03 1.723744e-02 5.192842e-01 7.095107e-02
9.441103e-03 4.634489e-01 1.510562e-01 1.247561e-01 3.425536e-02 -4.855925e-01 1.870214e-01 7.936542e-02 8.432944e-03 -6.566503e-02 4.251611e-02 7.271942e-01 2.318053e-01
1.106888e-02 4.461273e-01 4.413809e-02 1.203096e-01 1.798344e-02 -4.399099e-01 5.573090e-02 7.997473e-02 8.083159e-03 -4.356434e-02 2.288123e-02 7.248100e-01 8.342657e-02
1.334777e-02 4.541527e-01 6.502298e-02 1.145731e-01 7.991785e-03 -4.757827e-01 9.185390e-02 8.414296e-02 4.583385e-03 -4.544882e-02 1.976387e-02 7.834981e-01 1.246866e-01
1.627776e-02 3.880677e-01 4.788642e-02 1.123770e-01 1.453972e-02 -3.665083e-01 7.282420e-02 8.319586e-02 8.652799e-03 -4.977042e-02 1.896801e-02 6.166691e-01 1.058227e-01
1.985887e-02 5.091593e-01 5.940810e-02 1.337776e-01 2.009009e-02 -4.640235e-01 7.598498e-02 1.050022e-01 8.859261e-03 -4.301368e-02 1.679021e-02 8.120919e-01 1.099155e-01
2.409109e-02 5.403732e-01 1.213170e-01 1.511450e-01 4.204315e-02 -5.075967e-01 1.560948e-01 1.158282e-01 1.564986e-02 -9.950551e-02 4.982334e-02 9.295423e-01 2.007969e-01
1.106888e-02 3.827038e-01 8.592400e-02 1.157492e-01 2.068480e-02 -3.420269e-01 9.410937e-02 7.712904e-02 5.739029e-03 -3.381499e-02 2.188947e-02 5.891415e-01 1.052553e-01
1.139443e-02 4.742733e-01 7.958362e-02 1.149761e-01 2.084176e-02 -4.725454e-01 9.940186e-02 6.647296e-02 6.254622e-03 -5.768947e-02 2.334391e-02 7.048326e-01 1.212099e-01
1.237110e-02 3.791656e-01 2.692086e-02 1.066984e-01 1.012046e-02 -3.828539e-01 3.437595e-02 8.170154e-02 8.498633e-03 -2.414458e-02 4.350342e-03 6.971293e-01 5.155226e-02
1.399888e-02 5.384927e-01 9.163582e-02 1.374071e-01 2.761646e-02 -5.955897e-01 9.084037e-02 8.682178e-02 8.189553e-03 -7.785967e-02 2.528823e-02 9.593303e-01 1.000976e-01
1.627776e-02 5.411049e-01 8.639690e-02 1.710436e-01 2.906975e-02 -5.014945e-01 8.761212e-02 1.105499e-01 1.202697e-02 -9.940392e-02 2.765598e-02 7.272205e-01 9.121673e-02
1.920776e-02 4.578643e-01 6.840828e-02 1.298958e-01 2.441366e-02 -3.857016e-01 5.886005e-02 1.017161e-01 1.296087e-02 -4.318069e-02 2.274047e-02 6.513838e-01 5.715274e-02
2.278887e-02 4.543651e-01 3.449670e-02 1.390503e-01 1.934647e-02 -3.637824e-01 3.101429e-02 1.226901e-01 1.008324e-02 -6.676328e-02 1.688848e-02 6.526526e-01 4.410865e-02
2.702109e-02 4.450642e-01 3.973922e-02 1.278990e-01 2.216458e-02 -3.165766e-01 5.523250e-02 1.208171e-01 1.089489e-02 -5.921252e-02 3.114914e-02 6.563695e-01 6.607161e-02
1.464999e-02 4.051856e-01 6.353571e-02 1.317010e-01 2.315189e-02 -3.514528e-01 5.091643e-02 1.064111e-01 7.392722e-03 -3.696000e-02 2.301230e-02 6.254971e-01 5.515307e-02
1.497554e-02 4.249330e-01 3.722918e-02 1.273356e-01 1.273384e-02 -3.618735e-01 4.474442e-02 9.944226e-02 1.089804e-02 -4.945976e-02 1.500772e-02 5.798538e-01 6.662812e-02
1.595221e-02 5.598805e-01 9.179179e-02 1.715396e-01 2.879588e-02 -4.962110e-01 1.067101e-01 1.156357e-01 1.073799e-02 -6.417325e-02 2.530164e-02 7.926937e-01 1.308412e-01
1.757999e-02 4.242081e-01 2.742024e-02 1.066629e-01 1.343812e-02 -3.973628e-01 4.716558e-02 8.840253e-02 7.199433e-03 -3.666635e-02 2.165437e-02 7.013719e-01 4.709201e-02
1.985887e-02 5.239458e-01 7.507325e-02 1.559086e-01 3.243673e-02 -4.382851e-01 7.091928e-02 1.082826e-01 1.566919e-02 -7.231458e-02 2.454648e-02 7.082530e-01 5.671383e-02
2.278887e-02 4.301897e-01 9.861172e-02 1.274502e-01 3.927638e-02 -2.720892e-01 7.226027e-02 1.245505e-01 1.613057e-02 -2.417434e-02 3.533420e-02 5.105372e-01 6.101834e-02
2.636998e-02 4.531350e-01 3.117171e-02 1.556868e-01 1.150123e-02 -3.349111e-01 6.494031e-02 1.385582e-01 1.161016e-02 -7.172650e-02 2.046403e-02 7.335969e-01 1.260198e-01
3.060220e-02 5.735939e-01 9.245381e-02 1.577646e-01 3.007740e-02 -4.748180e-01 8.722247e-02 1.441974e-01 1.343388e-02 -8.285276e-02 4.852660e-02 1.047037e+00 5.526785e-02
1.888221e-02 4.108368e-01 7.283374e-02 1.308236e-01 2.709286e-02 -3.466513e-01 5.774055e-02 9.857482e-02 1.166246e-02 -5.990935e-02 1.514232e-02 6.213291e-01 7.157773e-02
1.920776e-02 4.480511e-01 5.449487e-02 1.320940e-01 2.069436e-02 -3.505769e-01 6.668383e-02 1.065620e-01 7.156047e-03 -1.051174e-02 2.577761e-02 6.713762e-01 5.356386e-02
2.018443e-02 5.786144e-01 2.735947e-02 1.759348e-01 1.866518e-02 -4.736570e-01 4.444357e-02 1.086791e-01 8.219721e-03 -7.797109e-02 2.781892e-02 7.499083e-01 5.034824e-02
2.181220e-02 5.471553e-01 1.993380e-02 1.625426e-01 1.704668e-02 -4.815083e-01 2.559041e-02 1.267714e-01 1.094122e-02 -9.119820e-02 1.992829e-02 7.813253e-01 3.437428e-02
2.409109e-02 5.425097e-01 5.790722e-02 1.483086e-01 2.559223e-02 -4.148184e-01 6.446326e-02 1.293995e-01 1.034215e-02 -7.430515e-02 3.828502e-02 7.221035e-01 7.958493e-02
2.702109e-02 5.092312e-01 1.650905e-02 1.566828e-01 2.075512e-02 -3.896092e-01 4.173301e-02 1.350539e-01 1.504865e-02 -7.910346e-02 1.450721e-02 7.018927e-01 1.093479e-01
3.060220e-02 5.151945e-01 4.645759e-02 1.457440e-01 2.083068e-02 -3.375972e-01 7.414535e-02 1.307312e-01 1.703389e-02 -3.938652e-02 2.685181e-02 8.350022e-01 1.600290e-01
3.483442e-02 5.483669e-01 1.767075e-02 1.226961e-01 9.279187e-03 -3.706037e-01 2.127765e-02 1.404207e-01 8.658665e-03 -6.477323e-02 2.452979e-02 8.824844e-01 6.456386e-02
5.208885e-03 3.422268e-01 3.205383e-02 1.013488e-01 7.214952e-03 -3.668317e-01 4.442621e-02 6.846700e-02 7.092439e-03 -3.616804e-02 1.277292e-02 6.015030e-01 7.552439e-02
5.534440e-03 3.762883e-01 7.769060e-02 1.194507e-01 1.824611e-02 -3.916480e-01 1.093510e-01 7.617098e-02 5.610317e-03 -5.675633e-02 2.629472e-02 6.070174e-01 1.389011e-01
6.511106e-03 4.260570e-01 4.734345e-02 1.265136e-01 1.553856e-02 -4.489860e-01 6.794703e-02 8.601458e-02 9.697278e-03 -5.701688e-02 1.334972e-02 6.838403e-01 1.195537e-01
8.138882e-03 6.141228e-01 1.339918e-01 1.721752e-01 4.109804e-02 -6.665565e-01 1.553076e-01 9.449225e-02 1.516425e-02 -1.066239e-01 4.464563e-02 9.649215e-01 1.846257e-01
1.041777e-02 4.369471e-01 9.495168e-02 1.351182e-01 2.379737e-02 -4.014584e-01 1.150396e-01 9.397631e-02 8.808971e-03 -4.833696e-02 2.650569e-02 6.303102e-01 1.425494e-01
1.334777e-02 4.200438e-01 2.130557e-02 1.273432e-01 1.020769e-02 -4.065912e-01 2.842556e-02 8.977609e-02 3.873414e-03 -4.971355e-02 1.092289e-02 6.809834e-01 2.672111e-02
1.692887e-02 5.177155e-01 6.331392e-02 1.557640e-01 2.824216e-02 -4.666733e-01 5.183703e-02 9.934237e-02 1.085923e-02 -7.884974e-02 2.670604e-02 7.439161e-01 7.269906e-02
2.116109e-02 5.496100e-01 4.146433e-02 1.792043e-01 2.756472e-02 -4.648653e-01 4.236001e-02 1.233524e-01 1.760293e-02 -7.767892e-02 1.715989e-02 8.099160e-01 6.320977e-02
5.534440e-03 5.349118e-01 1.494967e-01 1.538445e-01 3.546974e-02 -6.002416e-01 1.921059e-01 9.127253e-02 1.294161e-02 -9.246239e-02 3.881971e-02 8.777154e-01 2.480429e-01
5.859995e-03 4.003309e-01 5.627828e-02 1.107297e-01 5.803011e-03 -4.518980e-01 1.150181e-01 7.716734e-02 6.168081e-03 -4.217240e-02 1.220353e-02 7.304536e-01 1.872800e-01
6.836661e-03 4.744346e-01 9.090944e-02 1.321848e-01 2.100239e-02 -4.942567e-01 1.157047e-01 8.177490e-02 7.108289e-03 -5.551081e-02 2.045892e-02 7.459315e-01 1.672929e-01
8.464437e-03 3.166444e-01 3.098062e-02 8.583998e-02 6.613532e-03 -3.196081e-01 4.692636e-02 6.784846e-02 4.626631e-03 -1.827464e-02 6.469218e-03 5.434491e-01 6.482270e-02
1.074332e-02 5.323567e-01 6.184248e-02 1.549274e-01 2.079473e-02 -5.222403e-01 5.851508e-02 9.675038e-02 1.151708e-02 -6.733326e-02 1.724659e-02 8.066999e-01 7.511582e-02
1.367332e-02 5.005567e-01 4.479788e-02 1.478369e-01 2.108738e-02 -4.641400e-01 6.097487e-02 1.034596e-01 1.075608e-02 -5.344917e-02 2.794758e-02 7.662224e-01 1.088797e-01
1.725443e-02 4.318005e-01 5.464774e-02 1.505701e-01 8.671944e-03 -3.611484e-01 6.091812e-02 1.078429e-01 5.080731e-03 -5.762419e-02 1.316890e-02 6.518926e-01 8.349966e-02
2.148665e-02 4.844681e-01 5.755910e-02 1.381988e-01 1.085646e-02 -4.194598e-01 7.854136e-02 9.882581e-02 5.114923e-03 -6.976997e-02 1.224932e-02 6.989414e-01 8.588496e-02
6.511106e-03 4.400675e-01 1.053783e-01 1.314410e-01 2.263690e-02 -4.504785e-01 1.296583e-01 8.186995e-02 5.434578e-03 -6.548744e-02 3.059060e-02 6.501916e-01 1.668453e-01
6.836661e-03 4.450247e-01 6.254568e-02 1.360080e-01 1.360323e-02 -4.480710e-01 8.031565e-02 7.989897e-02 5.157729e-03 -7.241318e-02 2.242381e-02 6.496342e-01 8.753082e-02
7.813327e-03 3.078389e-01 4.887865e-02 9.987798e-02 2.214517e-02 -2.978850e-01 4.314618e-02 7.335137e-02 8.606178e-03 -3.415271e-02 2.521427e-02 4.760987e-01 4.059863e-02
9.441103e-03 5.184133e-01 1.117070e-01 1.472076e-01 3.492100e-02 -5.070322e-01 1.195389e-01 9.945145e-02 1.574957e-02 -4.774904e-02 3.230723e-02 7.751109e-01 1.420193e-01
1.171999e-02 3.772630e-01 2.677183e-02 1.058953e-01 1.291287e-02 -3.734106e-01 4.351770e-02 8.021802e-02 6.668901e-03 -3.488080e-02 1.706083e-02 6.239920e-01 8.800600e-02
1.464999e-02 3.758305e-01 1.785996e-02 1.079979e-01 1.369945e-02 -3.489166e-01 2.155094e-02 8.720963e-02 9.502840e-03 -3.798036e-02 1.258469e-02 5.517637e-01 4.565702e-02
1.823110e-02 5.357798e-01 6.417924e-02 1.425801e-01 2.371042e-02 -5.053837e-01 6.702592e-02 1.040290e-01 1.350713e-02 -6.354093e-02 2.162935e-02 8.895819e-01 9.194819e-02
2.246331e-02 4.713089e-01 6.697927e-02 1.547893e-01 2.681564e-02 -3.816646e-01 7.067946e-02 1.197275e-01 9.544907e-03 -7.848975e-02 2.515483e-02 7.273273e-01 8.498986e-02
8.138882e-03 4.436979e-01 6.744080e-02 1.259117e-01 2.669305e-02 -4.501732e-01 6.675862e-02 7.519226e-02 1.118491e-02 -6.226055e-02 2.291450e-02 6.715734e-01 1.011934e-01
8.464437e-03 4.069293e-01 8.191407e-02 1.301671e-01 2.886555e-02 -4.033516e-01 9.001329e-02 8.175676e-02 7.371626e-03 -6.354267e-02 3.622236e-02 6.169834e-01 9.948264e-02
9.441103e-03 4.064103e-01 6.675260e-02 1.017188e-01 1.548528e-02 -4.190518e-01 8.944228e-02 7.044840e-02 6.561883e-03 -3.426262e-02 2.385057e-02 6.799556e-01 1.098145e-01
1.106888e-02 4.663089e-01 6.323080e-02 1.420723e-01 2.414554e-02 -4.609542e-01 6.228791e-02 8.812942e-02 7.679711e-03 -8.815410e-02 2.630089e-02 6.831402e-01 4.810052e-02
1.334777e-02 4.508210e-01 8.383302e-02 1.533588e-01 2.241640e-02 -3.726391e-01 9.014032e-02 1.063351e-01 7.152255e-03 -5.553815e-02 1.805724e-02 5.895129e-01 1.258491e-01
1.627776e-02 4.200598e-01 7.499645e-02 1.281826e-01 2.826850e-02 -3.801761e-01 8.202343e-02 1.054825e-01 1.273882e-02 -4.420059e-02 2.558724e-02 6.880827e-01 1.010698e-01
1.985887e-02 4.644218e-01 3.813893e-02 1.304737e-01 1.178853e-02 -3.985994e-01 6.351188e-02 1.002464e-01 7.158324e-03 -4.770361e-02 1.535346e-02 6.721367e-01 8.544112e-02
2.409109e-02 3.888349e-01 6.371756e-02 1.156115e-01 1.212363e-02 -2.976787e-01 5.751847e-02 1.097081e-01 1.366600e-02 -5.390347e-02 2.200116e-02 5.934302e-01 6.002000e-02
1.041777e-02 3.758559e-01 6.432452e-02 1.239915e-01 2.685335e-02 -3.174215e-01 5.744743e-02 9.173661e-02 1.540770e-02 -3.685652e-02 2.019920e-02 5.083219e-01 5.961342e-02
1.074332e-02 4.075065e-01 6.909281e-02 1.234434e-01 1.822911e-02 -4.156818e-01 8.821604e-02 8.899205e-02 8.717930e-03 -4.685056e-02 1.392396e-02 6.907454e-01 1.291863e-01
1.171999e-02 4.548044e-01 6.852043e-02 1.334294e-01 2.215717e-02 -4.391266e-01 7.484714e-02 8.636375e-02 8.562164e-03 -5.504351e-02 2.672555e-02 7.029352e-01 8.900895e-02
1.334777e-02 3.921219e-01 5.740300e-02 1.354866e-01 2.260895e-02 -3.295170e-01 4.423689e-02 9.981166e-02 1.396860e-02 -4.723438e-02 1.813825e-02 5.606526e-01 3.989325e-02
1.562665e-02 4.585510e-01 7.081819e-02 1.453285e-01 2.263607e-02 -4.026178e-01 8.935222e-02 1.003785e-01 1.176888e-02 -6.241256e-02 2.517433e-02 6.324217e-01 1.163221e-01
1.855665e-02 4.103326e-01 5.037453e-02 1.389054e-01 2.089840e-02 -3.525068e-01 4.401754e-02 1.143856e-01 1.266548e-02 -5.431734e-02 1.445564e-02 7.000106e-01 5.919192e-02
2.213776e-02 4.754877e-01 6.361158e-02 1.396873e-01 2.211287e-02 -4.417691e-01 8.581420e-02 1.041078e-01 7.817115e-03 -7.230498e-02 1.910860e-02 8.232749e-01 1.294988e-01
2.636998e-02 4.894588e-01 2.629144e-02 1.147726e-01 7.407912e-03 -4.601475e-01 3.890144e-02 1.104102e-01 1.089566e-02 -5.817912e-02 2.005405e-02 8.706259e-01 6.606760e-02
1.334777e-02 4.266538e-01 4.276668e-02 1.131392e-01 1.520876e-02 -4.063546e-01 6.594855e-02 8.501930e-02 5.015416e-03 -3.312833e-02 1.379369e-02 6.737463e-01 1.130414e-01
1.367332e-02 4.311693e-01 5.002368e-02 1.341876e-01 1.629182e-02 -4.273812e-01 8.127275e-02 9.752244e-02 5.872988e-03 -5.956751e-02 2.618829e-02 7.341666e-01 1.107349e-01
1.464999e-02 4.350471e-01 4.005193e-02 1.110072e-01 1.703125e-02 -4.627056e-01 4.473188e-02 7.685022e-02 1.062080e-02 -6.640247e-02 2.128136e-02 7.401246e-01 7.978358e-02
1.627776e-02 3.947837e-01 4.827724e-02 1.172353e-01 1.876954e-02 -3.848723e-01 4.751080e-02 9.225373e-02 8.638823e-03 -2.954603e-02 2.198145e-02 7.154819e-01 6.757388e-02
1.855665e-02 5.313237e-01 3.310282e-02 1.486988e-01 1.002381e-02 -4.624265e-01 5.229297e-02 1.045278e-01 1.056479e-02 -6.750073e-02 1.410213e-02 7.220973e-01 7.132126e-02
2.148665e-02 5.754992e-01 4.668135e-02 1.687459e-01 2.196757e-02 -5.383033e-01 5.458645e-02 1.226755e-01 1.584671e-02 -8.726868e-02 2.114994e-02 8.693724e-01 9.046825e-02
2.506776e-02 5.207675e-01 7.305982e-02 1.465053e-01 1.996207e-02 -4.163863e-01 6.634834e-02 1.304516e-01 8.680715e-03 -3.815260e-02 2.107532e-02 7.674441e-01 6.189932e-02
2.929998e-02 4.306767e-01 5.885033e-02 1.448000e-01 1.109769e-02 -3.034813e-01 6.431726e-02 1.469189e-01 2.928125e-03 -5.939790e-02 1.600626e-02 6.349426e-01 7.890326e-02
1.692887e-02 3.934335e-01 4.629150e-02 1.207782e-01 2.940916e-02 -3.689821e-01 4.750315e-02 9.668004e-02 1.335793e-02 -5.881427e-02 2.648423e-02 6.570259e-01 7.146926e-02
1.725443e-02 4.619579e-01 2.480181e-02 1.554392e-01 1.613520e-02 -3.827463e-01 3.106319e-02 1.050317e-01 7.124298e-03 -7.512615e-02 1.134492e-02 6.174755e-01 5.473495e-02
1.823110e-02 4.372344e-01 5.570387e-02 1.417988e-01 1.880262e-02 -3.304032e-01 5.262381e-02 1.033813e-01 1.501250e-02 -4.327966e-02 1.237692e-02 6.125057e-01 8.958681e-02
1.985887e-02 5.450287e-01 1.346670e-01 1.508596e-01 4.415986e-02 -5.553493e-01 1.340332e-01 1.050479e-01 1.278854e-02 -7.837365e-02 5.191537e-02 9.556737e-01 1.445964e-01
2.213776e-02 5.189346e-01 5.444591e-02 1.529254e-01 2.125715e-02 -3.832989e-01 5.849648e-02 1.085400e-01 9.873759e-03 -6.548238e-02 2.025012e-02 6.438805e-01 7.395672e-02
2.506776e-02 6.338942e-01 1.029026e-01 1.580613e-01 1.963169e-02 -4.667259e-01 7.829535e-02 1.214710e-01 6.661608e-03 -7.946412e-02 2.843635e-02 7.250651e-01 8.214668e-02
2.864886e-02 5.283752e-01 2.466351e-02 1.299249e-01 1.809050e-02 -3.833467e-01 3.363941e-02 1.247584e-01 1.213340e-02 -5.242208e-02 2.326650e-02 7.130659e-01 4.945894e-02
3.288108e-02 5.266223e-01 2.822937e-02 1.192855e-01 1.533985e-02 -4.386948e-01 4.331923e-02 1.529892e-01 1.319730e-02 -3.431495e-02 1.992435e-02 9.882343e-01 9.654131e-02
2.116109e-02 5.091924e-01 4.246657e-02 1.328090e-01 1.317866e-02 -4.239029e-01 5.375286e-02 1.061220e-01 1.184053e-02 -4.722972e-02 1.422261e-02 6.802605e-01 8.559438e-02
2.148665e-02 4.899383e-01 3.539846e-02 1.758038e-01 1.942842e-02 -3.422364e-01 3.310017e-02 1.367914e-01 1.063890e-02 -5.373758e-02 2.470073e-02 5.690875e-01 6.619378e-02
2.246331e-02 5.431410e-01 5.143457e-02 1.488684e-01 2.159214e-02 -4.913904e-01 5.788026e-02 1.214568e-01 1.177791e-02 -5.130170e-02 2.227649e-02 8.756433e-01 7.120324e-02
2.409109e-02 4.939032e-01 7.292278e-02 1.552516e-01 2.989621e-02 -3.883860e-01 6.105665e-02 1.281420e-01 1.285467e-02 -5.530699e-02 1.121561e-02 7.214519e-01 8.846495e-02
2.636998e-02 5.313353e-01 3.845600e-02 1.853569e-01 2.157174e-02 -4.184313e-01 4.099861e-02 1.393056e-01 1.252691e-02 -8.350348e-02 2.954759e-02 7.580307e-01 5.397979e-02
2.929998e-02 4.525857e-01 2.938264e-02 1.513538e-01 2.243703e-02 -3.135980e-01 2.796503e-02 1.470072e-01 1.247711e-02 -6.165588e-02 2.674879e-02 6.508167e-01 3.936677e-02
3.288108e-02 5.439671e-01 5.267868e-02 1.712094e-01 2.126170e-02 -3.869435e-01 4.165680e-02 1.642969e-01 4.853242e-03 -9.067489e-02 1.288017e-02 8.379334e-01 6.245946e-02
3.711330e-02 5.414605e-01 1.980743e-02 1.533290e-01 9.682762e-03 -3.524856e-01 2.139527e-02 2.035331e-01 1.620536e-02 -5.620388e-02 2.520426e-02 8.469648e-01 4.958421e-02
8.138882e-03 3.723102e-01 5.765211e-02 1.081994e-01 1.916115e-02 -4.254950e-01 6.878268e-02 8.544224e-02 8.231717e-03 -3.449463e-02 2.254254e-02 7.467563e-01 1.074514e-01
8.464437e-03 4.812981e-01 9.307125e-02 1.499378e-01 3.276529e-02 -4.767057e-01 1.037094e-01 9.410352e-02 1.081927e-02 -6.698137e-02 3.551059e-02 7.257041e-01 1.332236e-01
9.441103e-03 3.377298e-01 4.989855e-02 9.508600e-02 1.050850e-02 -3.415510e-01 7.957573e-02 7.309090e-02 6.151524e-03 -1.713334e-02 2.026124e-02 6.225413e-01 1.088761e-01
1.106888e-02 4.755517e-01 5.600197e-02 1.279357e-01 1.712175e-02 -4.816941e-01 7.528267e-02 8.086371e-02 5.223472e-03 -6.379170e-02 2.440674e-02 7.385176e-01 9.890109e-02
1.334777e-02 4.267051e-01 8.829680e-02 1.217605e-01 2.114758e-02 -4.453045e-01 8.712735e-02 8.826483e-02 8.011131e-03 -6.453484e-02 1.553045e-02 7.063539e-01 1.075860e-01
1.627776e-02 4.809378e-01 5.060749e-02 1.173038e-01 1.960237e-02 -5.122909e-01 7.820986e-02 9.210897e-02 1.225587e-02 -4.759876e-02 1.808209e-02 9.066981e-01 1.462336e-01
1.985887e-02 4.432331e-01 4.605584e-02 1.445560e-01 1.341972e-02 -3.460593e-01 4.115711e-02 1.018890e-01 5.765840e-03 -7.994995e-02 1.269822e-02 5.737585e-01 2.481804e-02
2.409109e-02 5.621817e-01 6.975475e-02 1.677071e-01 9.779530e-03 -5.009296e-01 9.053810e-02 1.356165e-01 7.854041e-03 -9.506219e-02 7.278047e-03 8.575471e-01 1.146381e-01
8.464437e-03 3.436705e-01 2.218903e-02 1.044743e-01 8.687582e-03 -3.395783e-01 5.369297e-02 7.754622e-02 8.600961e-03 -2.664296e-02 1.000126e-02 6.099439e-01 9.812063e-02
8.789993e-03 5.563915e-01 1.657349e-01 1.537161e-01 4.620350e-02 -5.760877e-01 1.888649e-01 8.874638e-02 1.357349e-02 -8.799784e-02 5.559858e-02 8.168519e-01 2.029533e-01
9.766658e-03 4.577427e-01 7.645137e-02 1.244734e-01 1.159286e-02 -4.973866e-01 1.205516e-01 7.875087e-02 2.032407e-03 -6.569139e-02 2.421402e-02 7.927745e-01 1.753200e-01
1.139443e-02 4.133940e-01 8.440873e-02 1.210385e-01 2.576011e-02 -4.214148e-01 1.167674e-01 8.397428e-02 9.088778e-03 -5.612846e-02 3.508421e-02 6.841068e-01 1.478912e-01
1.367332e-02 4.513749e-01 6.916827e-02 1.377213e-01 2.036661e-02 -4.103471e-01 8.431956e-02 9.651786e-02 7.926071e-03 -4.904956e-02 3.176983e-02 6.395951e-01 7.440283e-02
1.660332e-02 5.032968e-01 8.736030e-02 1.334320e-01 2.484786e-02 -4.572596e-01 7.551283e-02 9.447085e-02 6.295316e-03 -6.084551e-02 2.553216e-02 7.235447e-01 8.131213e-02
2.018443e-02 4.401632e-01 2.356286e-02 1.350587e-01 9.839496e-03 -3.490489e-01 3.198762e-02 1.121095e-01 5.837552e-03 -4.258997e-02 5.520861e-03 6.352172e-01 6.384358e-02
2.441665e-02 4.810987e-01 3.192624e-02 1.341690e-01 2.166298e-02 -4.185580e-01 5.064327e-02 1.094725e-01 1.366040e-02 -6.270037e-02 3.991261e-02 8.068429e-01 1.123217e-01
9.441103e-03 3.668300e-01 4.770206e-02 1.101211e-01 1.021002e-02 -3.714809e-01 6.041311e-02 8.552289e-02 6.102297e-03 -3.878602e-02 8.441940e-03 6.063628e-01 9.580105e-02
9.766658e-03 3.841207e-01 5.628512e-02 1.317768e-01 2.573585e-02 -3.236093e-01 5.635436e-02 9.282496e-02 7.927509e-03 -4.078526e-02 3.032079e-02 4.984802e-01 7.558620e-02
1.074332e-02 5.569457e-01 1.210708e-01 1.611751e-01 3.147772e-02 -5.469271e-01 1.336995e-01 9.504956e-02 9.160642e-03 -9.461254e-02 3.014544e-02 7.742156e-01 1.648511e-01
1.237110e-02 4.630017e-01 8.710523e-02 1.285385e-01 1.973566e-02 -4.695356e-01 1.055300e-01 8.688897e-02 8.626548e-03 -6.579950e-02 2.041032e-02 7.113781e-01 1.334463e-01
1.464999e-02 4.035481e-01 6.894801e-02 1.074986e-01 1.376455e-02 -3.980027e-01 6.949676e-02 8.243014e-02 9.219031e-03 -3.449915e-02 3.202747e-02 6.659276e-01 6.792044e-02
1.757999e-02 4.038894e-01 5.024815e-02 9.651600e-02 8.484851e-03 -3.913597e-01 5.896018e-02 8.889625e-02 7.901008e-03 -1.836961e-02 1.536289e-02 7.413612e-01 5.735252e-02
2.116109e-02 4.245671e-01 2.993364e-02 1.397702e-01 8.151301e-03 -3.592646e-01 5.307917e-02 1.119325e-01 6.100483e-03 -6.151501e-02 2.014467e-02 6.572368e-01 7.705343e-02
2.539331e-02 4.182801e-01 1.568353e-02 1.390218e-01 5.360671e-03 -2.539181e-01 6.205586e-03 1.313266e-01 6.725163e-03 -3.661333e-02 1.457126e-02 5.471900e-01 4.844086e-02
1.106888e-02 4.374543e-01 4.523811e-02 1.230596e-01 1.578519e-02 -4.391985e-01 4.351157e-02 7.994787e-02 5.800316e-03 -6.441449e-02 1.411642e-02 6.664060e-01 6.378720e-02
1.139443e-02 5.107980e-01 8.407870e-02 1.450938e-01 1.504564e-02 -5.308574e-01 1.267257e-01 9.119880e-02 4.543335e-03 -7.843313e-02 2.782347e-02 8.302366e-01 1.843239e-01
1.237110e-02 4.120066e-01 5.626951e-02 1.156761e-01 1.276331e-02 -4.088067e-01 7.350638e-02 8.447447e-02 8.481375e-03 -6.110054e-02 1.593317e-02 6.191835e-01 9.676387e-02
1.399888e-02 3.409081e-01 5.968173e-02 1.096509e-01 2.504218e-02 -3.155598e-01 5.401631e-02 8.834528e-02 9.859031e-03 -2.772527e-02 2.540011e-02 5.864135e-01 5.039169e-02
1.627776e-02 3.984868e-01 3.967284e-02 1.167765e-01 6.918586e-03 -3.730237e-01 5.682969e-02 9.051089e-02 3.196782e-03 -2.652860e-02 1.106290e-02 7.244643e-01 1.239028e-01
1.920776e-02 4.055705e-01 2.293858e-02 1.198274e-01 9.032041e-03 -3.648397e-01 3.983876e-02 9.676660e-02 6.014822e-03 -5.767011e-02 1.137761e-02 6.742556e-01 4.975581e-02
2.278887e-02 4.496933e-01 2.945971e-02 1.296887e-01 1.334950e-02 -3.283372e-01 4.999521e-02 1.129398e-01 4.599993e-03 -3.022620e-02 2.484028e-02 6.633906e-01 7.749694e-02
2.702109e-02 5.501363e-01 6.281934e-02 1.570350e-01 2.859378e-02 -4.994882e-01 4.844902e-02 1.369501e-01 1.343014e-02 -7.914729e-02 2.969084e-02 9.308515e-01 9.925297e-02
1.334777e-02 4.510711e-01 6.770992e-02 9.936450e-02 2.114717e-02 -4.893646e-01 9.954229e-02 7.914051e-02 8.306537e-03 -3.684662e-02 2.825319e-02 8.137404e-01 1.239259e-01
1.367332e-02 4.141088e-01 2.526544e-02 1.416808e-01 1.184721e-02 -3.168987e-01 3.044955e-02 1.006929e-01 9.521148e-03 -4.086142e-02 9.025593e-03 5.360199e-01 3.406558e-02
1.464999e-02 4.241364e-01 7.907696e-02 1.165125e-01 2.044327e-02 -4.025122e-01 8.267340e-02 8.802497e-02 1.230549e-02 -3.211429e-02 1.390111e-02 7.141241e-01 1.062348e-01
1.627776e-02 5.361672e-01 6.147145e-02 1.378879e-01 2.036885e-02 -4.907783e-01 6.533219e-02 1.086016e-01 1.124212e-02 -2.503169e-02 3.429847e-02 8.031893e-01 8.320943e-02
1.855665e-02 5.892483e-01 5.058942e-02 1.781308e-01 1.765611e-02 -5.025077e-01 4.839626e-02 1.103709e-01 1.083189e-02 -8.740368e-02 9.625674e-03 7.848957e-01 5.291797e-02
2.148665e-02 6.301898e-01 3.818909e-02 1.846446e-01 2.707523e-02 -5.793508e-01 4.613552e-02 1.247128e-01 1.474765e-02 -1.117906e-01 2.692757e-02 9.063150e-01 5.175022e-02
2.506776e-02 4.500034e-01 2.388419e-02 1.243120e-01 1.306085e-02 -3.773082e-01 3.036059e-02 1.098534e-01 1.217703e-02 -3.868958e-02 5.060710e-03 8.144370e-01 4.939947e-02
2.929998e-02 5.662666e-01 5.651343e-02 1.644819e-01 1.970955e-02 -4.541009e-01 4.754413e-02 1.379585e-01 1.045127e-02 -1.077565e-01 2.536729e-02 7.872816e-01 6.746932e-02
1.627776e-02 4.131605e-01 3.194719e-02 1.038874e-01 2.337569e-02 -3.815016e-01 2.741624e-02 8.882107e-02 9.036221e-03 -1.585146e-02 2.240758e-02 7.101822e-01 5.821774e-02
1.660332e-02 4.363140e-01 5.452161e-02 1.233391e-01 1.165729e-02 -4.012470e-01 7.973374e-02 9.058131e-02 2.753703e-03 -5.650877e-02 2.298400e-02 6.953607e-01 1.054547e-01
1.757999e-02 4.430864e-01 3.332417e-02 1.158622e-01 5.719457e-03 -4.464153e-01 4.300969e-02 1.033123e-01 4.854797e-03 -3.832219e-02 1.202553e-02 7.607727e-01 6.467156e-02
1.920776e-02 5.755213e-01 1.024098e-01 1.449661e-01 2.559795e-02 -5.411392e-01 1.054978e-01 9.217870e-02 6.797176e-03 -8.551553e-02 2.785600e-02 8.077837e-01 1.066177e-01
2.148665e-02 4.601704e-01 5.546020e-02 1.102875e-01 2.133694e-02 -4.286586e-01 9.257415e-02 9.780028e-02 8.913371e-03 -2.672337e-02 1.648580e-02 7.926705e-01 1.454629e-01
2.441665e-02 4.975703e-01 4.893540e-02 1.351689e-01 1.443629e-02 -3.628096e-01 3.519421e-02 1.095258e-01 8.903990e-03 -5.575283e-02 1.351717e-02 6.431576e-01 5.064432e-02
2.799775e-02 5.225132e-01 5.926812e-02 1.729637e-01 2.055177e-02 -3.917135e-01 7.202562e-02 1.488150e-01 1.169944e-02 -8.602070e-02 2.893291e-02 8.025961e-01 9.333846e-02
3.222997e-02 4.872713e-01 2.991924e-02 1.409921e-01 1.846315e-02 -3.484277e-01 2.358685e-02 1.482603e-01 1.975099e-02 -8.429451e-02 6.655185e-03 7.765216e-01 6.261785e-02
1.985887e-02 5.061089e-01 2.889997e-02 1.522549e-01 8.299246e-03 -4.445744e-01 4.591489e-02 1.033734e-01 5.146103e-03 -6.600095e-02 7.800885e-03 7.128968e-01 5.833623e-02
2.018443e-02 4.744566e-01 3.974558e-02 1.211538e-01 1.152983e-02 -3.973795e-01 2.216080e-02 9.149929e-02 3.721845e-03 -4.028828e-02 1.663985e-02 6.659181e-01 3.411758e-02
2.116109e-02 4.345848e-01 4.766332e-02 1.472781e-01 2.385271e-02 -3.462345e-01 4.050859e-02 1.112815e-01 1.349041e-02 -5.209994e-02 2.348160e-02 6.871503e-01 4.561918e-02
2.278887e-02 4.839228e-01 7.204467e-02 1.260697e-01 2.622129e-02 -4.340757e-01 3.262292e-02 9.926999e-02 1.055866e-02 -4.801385e-02 1.729151e-02 8.017108e-01 5.645867e-02
2.506776e-02 6.714793e-01 9.834778e-02 2.069205e-01 3.849076e-02 -5.581126e-01 9.008650e-02 1.491198e-01 2.552422e-02 -1.072796e-01 1.657639e-02 9.243332e-01 1.374350e-01
2.799775e-02 5.136569e-01 6.310867e-02 1.527345e-01 1.600428e-02 -4.341406e-01 7.184816e-02 1.457581e-01 9.121312e-03 -7.644515e-02 2.003399e-02 8.934026e-01 1.262047e-01
3.157886e-02 6.124402e-01 6.299616e-02 1.724184e-01 3.630346e-02 -5.044538e-01 8.152179e-02 1.662540e-01 2.384503e-02 -1.118472e-01 3.479525e-02 9.433062e-01 1.125913e-01
3.581108e-02 5.218896e-01 8.610435e-02 1.567432e-01 2.840718e-02 -2.763320e-01 4.580020e-02 2.259874e-01 2.208408e-02 -7.625630e-02 2.416078e-02 7.722416e-01 2.349269e-02
2.409109e-02 4.565983e-01 3.075604e-02 1.338888e-01 6.557295e-03 -3.965280e-01 5.866276e-02 1.137607e-01 5.007994e-03 -5.768751e-02 1.475141e-02 7.505228e-01 1.213285e-01
2.441665e-02 4.838601e-01 4.514551e-02 1.345024e-01 1.721674e-02 -4.467463e-01 7.185277e-02 1.170266e-01 1.233508e-02 -7.738649e-02 2.558052e-02 8.113979e-01 9.419554e-02
2.539331e-02 4.073725e-01 4.561848e-02 1.121911e-01 1.839546e-02 -3.068402e-01 4.524326e-02 1.198799e-01 1.275652e-02 -1.417250e-02 2.193158e-02 6.764971e-01 6.402670e-02
2.702109e-02 4.876108e-01 6.214178e-02 1.384100e-01 1.991096e-02 -4.182525e-01 5.144456e-02 1.191051e-01 1.218467e-02 -5.683976e-02 2.052471e-02 8.342426e-01 3.666206e-02
2.929998e-02 5.137318e-01 7.295614e-02 1.583368e-01 2.411624e-02 -3.808479e-01 6.123733e-02 1.605138e-01 1.194031e-02 -5.893598e-02 2.719562e-02 8.256620e-01 6.471045e-02
3.222997e-02 5.217952e-01 4.936066e-02 1.516393e-01 1.749817e-02 -3.827139e-01 3.163954e-02 1.531186e-01 1.043680e-02 -7.538570e-02 1.762944e-02 8.488947e-01 8.386492e-02
3.581108e-02 5.221132e-01 3.190130e-02 1.526144e-01 2.582648e-02 -3.192782e-01 3.146613e-02 1.896674e-01 1.108579e-02 -7.435490e-02 1.349805e-02 7.052810e-01 5.626523e-02
4.004330e-02 5.617156e-01 5.443556e-02 1.359990e-01 1.811818e-02 -3.576810e-01 5.632786e-02 2.052034e-01 2.602891e-02 -7.201829e-02 3.445245e-02 8.961190e-01 1.177330e-01
1.171999e-02 4.708654e-01 5.996521e-02 1.224388e-01 1.156943e-02 -4.487241e-01 6.641078e-02 8.130107e-02 7.283631e-03 -5.667415e-02 6.918460e-03 6.796798e-01 8.246280e-02
1.204555e-02 4.389500e-01 4.336150e-02 1.323386e-01 1.943913e-02 -4.215683e-01 4.089319e-02 9.299468e-02 6.530893e-03 -4.781722e-02 1.971792e-02 6.748803e-01 6.261328e-02
1.302221e-02 3.649498e-01 4.399529e-02 1.148314e-01 1.370161e-02 -3.130852e-01 6.528652e-02 9.543645e-02 7.021449e-03 -1.725304e-02 2.850676e-02 5.439939e-01 7.905054e-02
1.464999e-02 5.434722e-01 8.272059e-02 1.463222e-01 2.973007e-02 -5.434805e-01 6.830714e-02 9.167936e-02 9.652952e-03 -8.216811e-02 2.910811e-02 8.408148e-01 5.707964e-02
1.692887e-02 4.955957e-01 7.568436e-02 1.440811e-01 2.984687e-02 -4.462303e-01 7.939654e-02 1.022273e-01 8.960944e-03 -6.236295e-02 3.156300e-02 7.191654e-01 1.127696e-01
1.985887e-02 4.817329e-01 4.775634e-02 1.436871e-01 2.245496e-02 -4.020772e-01 7.574231e-02 1.072749e-01 8.638739e-03 -5.456594e-02 2.136458e-02 6.663530e-01 1.047776e-01
2.343998e-02 4.168660e-01 3.145563e-02 1.243944e-01 2.054743e-02 -3.417587e-01 1.493249e-02 1.088946e-01 7.616455e-03 -2.327897e-02 1.263506e-02 7.219264e-01 7.498918e-02
2.767220e-02 5.083690e-01 3.826656e-02 1.516979e-01 2.162114e-02 -3.427337e-01 3.950133e-02 1.446002e-01 1.399722e-02 -4.461073e-02 2.065546e-02 6.754047e-01 1.054067e-01
1.204555e-02 3.604251e-01 3.114693e-02 1.183758e-01 1.362203e-02 -3.108393e-01 4.143672e-02 9.202555e-02 9.102289e-03 -3.392706e-02 1.556561e-02 5.346454e-01 5.456121e-02
1.237110e-02 3.996262e-01 5.523062e-02 1.248121e-01 7.943057e-03 -3.645229e-01 9.215255e-02 8.626239e-02 4.059853e-03 -5.581279e-02 1.895178e-02 5.942443e-01 1.526831e-01
1.334777e-02 4.873151e-01 7.087767e-02 1.455872e-01 1.581686e-02 -4.898426e-01 8.058889e-02 9.851862e-02 8.659460e-03 -7.688576e-02 1.630433e-02 7.703585e-01 8.281794e-02
1.497554e-02 3.662510e-01 2.324032e-02 1.051334e-01 9.740412e-03 -3.418670e-01 3.737085e-02 8.204505e-02 5.566940e-03 -4.328609e-02 1.576842e-02 6.039659e-01 5.255984e-02
1.725443e-02 4.111276e-01 4.458345e-02 1.329725e-01 1.763376e-02 -3.618567e-01 5.107054e-02 9.916690e-02 1.198664e-02 -6.633060e-02 1.910219e-02 5.909446e-01 7.292312e-02
2.018443e-02 5.336258e-01 3.917687e-02 1.625047e-01 1.076153e-02 -4.978463e-01 5.657210e-02 1.234528e-01 5.244650e-03 -9.020864e-02 1.318284e-02 8.366952e-01 9.306906e-02
2.376554e-02 5.462697e-01 4.573597e-02 1.716831e-01 6.580291e-03 -4.107253e-01 4.465534e-02 1.285514e-01 9.929228e-03 -6.908698e-02 8.698622e-03 7.097906e-01 7.104362e-02
2.799775e-02 5.100106e-01 5.575143e-02 1.705344e-01 1.087360e-02 -3.588684e-01 6.903433e-02 1.360989e-01 9.727540e-03 -8.754403e-02 1.981879e-02 6.522492e-01 9.241826e-02
1.302221e-02 4.457058e-01 4.794149e-02 1.142859e-01 1.688154e-02 -4.371209e-01 6.011084e-02 8.074791e-02 6.679573e-03 -4.122592e-02 1.736089e-02 7.014421e-01 8.414406e-02
1.334777e-02 4.140571e-01 4.342030e-02 1.378351e-01 1.498503e-02 -4.018026e-01 6.024168e-02 9.906180e-02 3.634575e-03 -6.865399e-02 3.014677e-02 6.338356e-01 7.011209e-02
1.432443e-02 3.842095e-01 3.920965e-02 1.336413e-01 1.287168e-02 -3.114775e-01 7.007548e-02 8.740704e-02 7.510826e-03 -5.464622e-02 2.229576e-02 5.749157e-01 9.961054e-02
1.595221e-02 4.922806e-01 4.480316e-02 1.480231e-01 1.567831e-02 -4.773582e-01 6.011129e-02 1.009437e-01 1.201745e-02 -7.138347e-02 2.007536e-02 7.915615e-01 1.190153e-01
1.823110e-02 5.710847e-01 5.011168e-02 1.674231e-01 2.195682e-02 -4.989295e-01 4.775616e-02 1.150874e-01 1.368368e-02 -8.044540e-02 1.443323e-02 7.649501e-01 6.859609e-02
2.116109e-02 4.550868e-01 5.962658e-02 1.355915e-01 1.379539e-02 -3.550593e-01 7.439444e-02 1.139778e-01 8.054317e-03 -4.029423e-02 1.339536e-02 6.451691e-01 1.082344e-01
2.474220e-02 4.892624e-01 2.903437e-02 1.542974e-01 1.984274e-02 -3.576137e-01 3.294013e-02 1.282289e-01 5.108759e-03 -6.192079e-02 1.734725e-02 6.571930e-01 7.074382e-02
2.897442e-02 4.685004e-01 2.666971e-02 1.525592e-01 2.860435e-02 -3.210351e-01 2.618160e-02 1.543013e-01 2.235353e-02 -3.846775e-02 3.390705e-02 7.570828e-01 9.064221e-02
1.464999e-02 4.783828e-01 5.074978e-02 1.430802e-01 2.032369e-02 -4.018752e-01 5.462415e-02 1.033643e-01 1.304212e-02 -4.495515e-02 1.909969e-02 6.181037e-01 7.328330e-02
1.497554e-02 5.066186e-01 5.311102e-02 1.464734e-01 1.765746e-02 -4.843652e-01 5.710908e-02 1.016191e-01 8.927658e-03 -6.695081e-02 2.166657e-02 7.354726e-01 6.820375e-02
1.595221e-02 3.903985e-01 2.371214e-02 1.116537e-01 1.223223e-02 -3.142537e-01 2.923233e-02 9.128133e-02 7.453246e-03 -3.446129e-02 9.708384e-03 5.726366e-01 6.195988e-02
1.757999e-02 4.530812e-01 6.518566e-02 1.401763e-01 1.722589e-02 -3.682216e-01 7.252189e-02 9.658634e-02 1.543847e-03 -6.618989e-02 3.039648e-02 5.842394e-01 6.210145e-02
1.985887e-02 4.698289e-01 4.986180e-02 1.450859e-01 1.390891e-02 -3.651105e-01 5.523978e-02 1.141910e-01 5.124070e-03 -3.658207e-02 1.338534e-02 6.376645e-01 7.416568e-02
2.278887e-02 4.979633e-01 4.190705e-02 1.479367e-01 2.738599e-02 -4.163082e-01 3.373646e-02 1.239414e-01 1.259180e-02 -6.939890e-02 3.926727e-02 7.296321e-01 1.742311e-02
2.636998e-02 4.628084e-01 4.532577e-02 1.481153e-01 1.678760e-02 -2.889844e-01 4.302431e-02 1.343804e-01 1.271201e-02 -3.618652e-02 1.292121e-02 5.653122e-01 4.828262e-02
3.060220e-02 6.420050e-01 4.857897e-02 1.933715e-01 2.398934e-02 -5.039480e-01 6.054920e-02 1.564752e-01 1.310056e-02 -1.137647e-01 2.294766e-02 8.288343e-01 8.706172e-02
1.692887e-02 5.346591e-01 7.757553e-02 1.701774e-01 1.638274e-02 -4.487752e-01 7.388181e-02 1.086335e-01 6.568313e-03 -8.131153e-02 1.662613e-02 6.520605e-01 8.244328e-02
1.725443e-02 3.940872e-01 2.547367e-02 1.070647e-01 1.071115e-02 -3.864502e-01 5.160285e-02 8.210900e-02 6.838294e-03 -4.357829e-02 1.437943e-02 7.148795e-01 9.611514e-02
1.823110e-02 4.824693e-01 4.317244e-02 1.354030e-01 1.916949e-02 -4.145483e-01 2.667888e-02 1.111781e-01 8.055216e-03 -4.506394e-02 1.783806e-02 6.716986e-01 5.290912e-02
1.985887e-02 5.105736e-01 8.555014e-02 1.608355e-01 3.531588e-02 -4.227000e-01 1.133882e-01 1.219715e-01 1.564239e-02 -8.614947e-02 4.025867e-02 7.214521e-01 1.528102e-01
2.213776e-02 5.754192e-01 4.034595e-02 1.462210e-01 1.161348e-02 -4.801248e-01 7.657146e-02 1.097000e-01 7.878893e-03 -7.249429e-02 1.135881e-02 7.686425e-01 1.409387e-01
2.506776e-02 5.364494e-01 6.778533e-02 1.665258e-01 2.028459e-02 -4.402578e-01 7.876617e-02 1.312591e-01 1.084677e-02 -7.091834e-02 2.446990e-02 7.861082e-01 9.453962e-02
2.864886e-02 4.668378e-01 6.757641e-02 1.213719e-01 2.751465e-02 -3.432332e-01 4.763277e-02 1.446362e-01 1.735953e-02 -4.926206e-02 2.563930e-02 7.154605e-01 4.556945e-02
3.288108e-02 4.876065e-01 3.244141e-02 1.231932e-01 2.028390e-02 -3.576985e-01 4.259524e-02 1.458617e-01 1.127989e-02 -7.355737e-02 1.007566e-02 7.775445e-01 4.155701e-02
1.985887e-02 5.801105e-01 4.276240e-02 1.524910e-01 1.918000e-02 -5.360661e-01 5.591348e-02 9.722653e-02 9.561888e-03 -7.315215e-02 2.107966e-02 8.870650e-01 7.822452e-02
2.018443e-02 4.923732e-01 6.312320e-02 1.598471e-01 2.932763e-02 -3.845926e-01 6.535835e-02 1.199769e-01 1.895584e-02 -4.408530e-02 1.618213e-02 7.169841e-01 1.169337e-01
2.116109e-02 4.495320e-01 4.325021e-02 1.515897e-01 1.397325e-02 -3.572574e-01 2.627185e-02 1.215134e-01 6.682790e-03 -5.350259e-02 1.603751e-02 6.350852e-01 3.900137e-02
2.278887e-02 4.760431e-01 9.138485e-02 1.457710e-01 1.407928e-02 -3.915302e-01 8.207517e-02 1.167859e-01 6.830414e-03 -5.487155e-02 2.408973e-02 7.096915e-01 8.183623e-02
2.506776e-02 5.273474e-01 7.703595e-02 1.512725e-01 2.910281e-02 -4.541932e-01 8.699254e-02 1.331972e-01 1.093299e-02 -5.926219e-02 3.056547e-02 7.954459e-01 8.069184e-02
2.799775e-02 4.455338e-01 2.458952e-02 1.262585e-01 7.520753e-03 -3.400650e-01 3.502400e-02 1.359651e-01 6.324614e-03 -4.522398e-02 8.022679e-03 7.138808e-01 6.010938e-02
3.157886e-02 5.686034e-01 5.656621e-02 1.580596e-01 2.754851e-02 -3.497780e-01 5.273923e-02 1.476352e-01 1.328149e-02 -6.380391e-02 3.057809e-02 6.999036e-01 6.906569e-02
3.581108e-02 4.914879e-01 5.074218e-02 1.286561e-01 1.813036e-02 -2.686666e-01 4.326429e-02 1.673736e-01 3.858028e-03 -6.054362e-02 1.656087e-02 6.786364e-01 6.948834e-02
2.343998e-02 5.468721e-01 3.221900e-02 1.737697e-01 1.342032e-02 -4.459922e-01 5.113205e-02 1.436809e-01 1.042340e-02 -7.300573e-02 1.013847e-02 7.366840e-01 8.742005e-02
2.376554e-02 4.981169e-01 2.973268e-02 1.464247e-01 1.928781e-02 -4.399605e-01 3.048728e-02 1.313873e-01 9.219412e-03 -4.411734e-02 1.293258e-02 8.177332e-01 3.701938e-02
2.474220e-02 4.601360e-01 4.358851e-02 1.425180e-01 1.161065e-02 -4.019856e-01 4.428327e-02 1.287693e-01 1.321699e-02 -4.264794e-02 7.031678e-03 8.145250e-01 5.873305e-02
2.636998e-02 5.877072e-01 1.062734e-01 1.877173e-01 2.996310e-02 -4.384691e-01 1.288074e-01 1.444019e-01 1.016683e-02 -7.858014e-02 4.860005e-02 7.960352e-01 1.434770e-01
2.864886e-02 3.940639e-01 4.987726e-02 1.216404e-01 2.588552e-02 -2.871405e-01 4.277526e-02 1.267172e-01 1.476652e-02 -3.846198e-02 2.995326e-02 7.057547e-01 5.532283e-02
3.157886e-02 5.298345e-01 2.664913e-02 1.512496e-01 1.801590e-02 -4.052739e-01 1.637191e-02 1.647507e-01 1.286778e-02 -7.774092e-02 2.375800e-02 8.612720e-01 1.832724e-02
3.515997e-02 5.420290e-01 3.920121e-02 1.731191e-01 2.978280e-02 -3.392999e-01 3.984050e-02 1.712726e-01 1.685763e-02 -1.107265e-01 2.209200e-02 8.248577e-01 7.596221e-02
3.939219e-02 5.421166e-01 8.689797e-02 1.334352e-01 2.748436e-02 -3.051368e-01 7.461346e-02 1.837517e-01 1.686314e-02 -8.299123e-02 3.983572e-02 8.251864e-01 4.826250e-02
2.767220e-02 4.661389e-01 6.381421e-02 1.120975e-01 2.457738e-02 -3.653760e-01 5.311867e-02 1.243268e-01 1.108146e-02 -4.105761e-02 2.018547e-02 7.746348e-01 5.251904e-02
2.799775e-02 4.906230e-01 4.695413e-02 1.540621e-01 1.748338e-02 -4.081556e-01 2.573892e-02 1.416227e-01 1.816873e-02 -7.569481e-02 2.613962e-02 7.749947e-01 4.273897e-02
2.897442e-02 5.387081e-01 5.910371e-02 1.386524e-01 1.984523e-02 -3.928722e-01 6.051616e-02 1.469188e-01 9.698161e-03 -2.818947e-02 1.591723e-02 8.385523e-01 1.069717e-01
3.060220e-02 5.356282e-01 4.337088e-02 1.379292e-01 2.084809e-02 -3.997829e-01 5.497255e-02 1.336025e-01 8.333827e-03 -6.146632e-02 3.014660e-02 9.367422e-01 1.066952e-01
3.288108e-02 4.775199e-01 4.662814e-02 1.238273e-01 2.343785e-02 -3.529402e-01 5.582126e-02 1.513686e-01 1.856035e-02 -5.047043e-02 1.672992e-02 8.503896e-01 5.828890e-02
3.581108e-02 4.780325e-01 3.516810e-02 1.092008e-01 1.532547e-02 -3.373316e-01 3.101407e-02 1.527152e-01 2.103760e-02 -5.915694e-02 1.424753e-02 7.465946e-01 1.853927e-02
3.939219e-02 6.120425e-01 4.403263e-02 1.664808e-01 1.996865e-02 -4.701303e-01 6.303488e-02 2.017494e-01 7.884036e-03 -1.137689e-01 2.692863e-02 1.142392e+00 1.534130e-01
4.362441e-02 5.760903e-01 2.964022e-02 1.525402e-01 2.733320e-02 -2.786318e-01 4.355760e-02 2.479211e-01 2.675349e-02 -8.308265e-02 2.659268e-02 8.789240e-01 8.231270e-02
1.595221e-02 4.910262e-01 6.112254e-02 1.206096e-01 2.533240e-02 -5.074806e-01 3.948448e-02 8.656656e-02 7.876443e-03 -6.284379e-02 2.880871e-02 8.151591e-01 8.449059e-02
1.627776e-02 4.069766e-01 4.090540e-02 1.188991e-01 7.059705e-03 -3.413003e-01 3.231978e-02 8.395880e-02 7.782200e-03 -5.225422e-02 9.096401e-03 5.899441e-01 2.522002e-02
1.725443e-02 5.158387e-01 5.754822e-02 1.483029e-01 1.397889e-02 -4.300229e-01 8.691204e-02 1.062559e-01 1.119879e-02 -5.363421e-02 1.228055e-02 7.200771e-01 1.237718e-01
1.888221e-02 4.924350e-01 8.003887e-02 1.283310e-01 1.370343e-02 -4.380638e-01 8.208373e-02 1.000485e-01 1.052792e-02 -5.207841e-02 1.197954e-02 6.971002e-01 9.294231e-02
2.116109e-02 4.438406e-01 4.595673e-02 1.340674e-01 1.491969e-02 -3.657038e-01 7.655311e-02 1.213409e-01 8.083353e-03 -3.627470e-02 2.128960e-02 6.550060e-01 1.140040e-01
2.409109e-02 4.951977e-01 5.753120e-02 1.553282e-01 2.109571e-02 -4.420552e-01 7.946163e-02 1.249106e-01 1.868093e-02 -9.797895e-02 2.977783e-02 8.464330e-01 1.306336e-01
2.767220e-02 4.708639e-01 6.703727e-02 1.346515e-01 2.420764e-02 -3.396111e-01 6.761909e-02 1.294402e-01 4.092926e-03 -5.314688e-02 2.121339e-02 6.938097e-01 8.822746e-02
3.190442e-02 5.921478e-01 5.652628e-02 1.785745e-01 1.911039e-02 -4.262412e-01 3.980313e-02 1.657949e-01 1.656639e-02 -8.760527e-02 2.089613e-02 8.074014e-01 9.064760e-02
1.627776e-02 5.867642e-01 4.020768e-02 1.619673e-01 3.902241e-03 -5.517559e-01 5.964136e-02 1.093327e-01 9.935404e-03 -8.813819e-02 1.340229e-02 7.951490e-01 1.021719e-01
1.660332e-02 5.179276e-01 5.599028e-02 1.579279e-01 1.971771e-02 -4.814815e-01 5.055043e-02 1.110541e-01 8.427068e-03 -5.943454e-02 2.332689e-02 8.376914e-01 3.889971e-02
1.757999e-02 5.809364e-01 1.199929e-01 1.723174e-01 2.966570e-02 -5.409449e-01 1.503819e-01 1.102617e-01 9.330384e-03 -1.037619e-01 3.659345e-02 8.559937e-01 1.846480e-01
1.920776e-02 4.416179e-01 3.586988e-02 1.405372e-01 1.944975e-02 -3.475139e-01 4.291063e-02 1.163857e-01 1.141655e-02 -4.252855e-02 1.607773e-02 5.975225e-01 8.032568e-02
2.148665e-02 4.953422e-01 3.813871e-02 1.371875e-01 1.011827e-02 -3.938565e-01 4.897945e-02 1.064985e-01 5.460819e-03 -5.590924e-02 1.930758e-02 6.758229e-01 6.667408e-02
2.441665e-02 4.114327e-01 3.526640e-02 1.078295e-01 1.023180e-02 -3.530304e-01 4.880314e-02 1.136381e-01 1.030944e-02 -2.971769e-02 1.232843e-02 6.352718e-01 1.033416e-01
2.799775e-02 4.979221e-01 3.869512e-02 1.416128e-01 1.776775e-02 -3.681972e-01 3.045641e-02 1.286715e-01 9.178529e-03 -6.720347e-02 1.298384e-02 6.725513e-01 5.321077e-02
3.222997e-02 5.319630e-01 3.312063e-02 1.554103e-01 3.402792e-02 -3.786088e-01 4.849927e-02 1.571088e-01 1.883180e-02 -7.633687e-02 3.796315e-02 6.954865e-01 8.290486e-02
1.725443e-02 3.886513e-01 7.093802e-02 9.945794e-02 1.827133e-02 -3.618937e-01 7.944252e-02 8.879888e-02 5.724510e-03 -1.403601e-02 1.764274e-02 6.648656e-01 1.055985e-01
1.757999e-02 4.369838e-01 4.727485e-02 1.175341e-01 1.795746e-02 -4.154752e-01 4.956230e-02 9.301519e-02 5.810603e-03 -3.917028e-02 1.588291e-02 7.541388e-01 4.850499e-02
1.855665e-02 4.075904e-01 6.805433e-02 1.107135e-01 2.015576e-02 -3.820726e-01 8.058734e-02 8.990941e-02 1.110528e-02 -4.859306e-02 2.230415e-02 6.636152e-01 1.049061e-01
2.018443e-02 4.971667e-01 9.477700e-02 1.223470e-01 2.027036e-02 -4.593067e-01 1.103480e-01 9.130493e-02 6.513003e-03 -4.880616e-02 2.645076e-02 8.074005e-01 1.251447e-01
2.246331e-02 5.099838e-01 3.355463e-02 1.394201e-01 8.782882e-03 -4.100442e-01 1.257238e-02 1.246206e-01 2.281240e-03 -5.994191e-02 1.330381e-02 7.197679e-01 7.432488e-02
2.539331e-02 4.240633e-01 2.990484e-02 1.092320e-01 5.985956e-03 -3.766505e-01 3.461276e-02 1.027579e-01 1.171392e-02 -5.081081e-02 8.031582e-03 7.746681e-01 7.495727e-02
2.897442e-02 4.984804e-01 6.177667e-02 1.512346e-01 1.194214e-02 -3.544039e-01 5.471433e-02 1.511531e-01 1.474490e-02 -9.388016e-02 2.231217e-02 6.960736e-01 7.641750e-02
3.320664e-02 5.834629e-01 4.446884e-02 1.562314e-01 1.981756e-02 -3.121387e-01 4.803133e-02 1.615477e-01 1.198702e-02 -2.196644e-02 2.380464e-02 7.732982e-01 9.886711e-02
1.888221e-02 3.546631e-01 5.402653e-02 9.897838e-02 1.902827e-02 -3.278511e-01 4.155983e-02 9.246463e-02 1.132909e-02 -1.722616e-02 1.260449e-02 6.531617e-01 6.681406e-02
1.920776e-02 3.902871e-01 2.218807e-02 1.223593e-01 7.474057e-03 -3.400606e-01 4.001836e-02 9.883462e-02 8.869347e-03 -2.049995e-02 2.122983e-02 6.737250e-01 4.867766e-02
2.018443e-02 4.197597e-01 5.097233e-02 1.024713e-01 5.243973e-03 -3.807689e-01 4.652538e-02 8.679456e-02 3.797438e-03 -4.651908e-02 1.677355e-02 6.289884e-01 3.927255e-02
2.181220e-02 4.585312e-01 5.124420e-02 1.130254e-01 2.214054e-02 -3.737966e-01 6.993914e-02 9.220756e-02 1.543247e-02 -2.387377e-02 1.171428e-02 6.830958e-01 1.010856e-01
2.409109e-02 5.078126e-01 5.198251e-02 1.631047e-01 1.631897e-02 -3.606744e-01 6.018945e-02 1.198534e-01 6.644541e-03 -7.076867e-02 2.215858e-02 6.849611e-01 7.970714e-02
2.702109e-02 4.543978e-01 9.131794e-02 1.054175e-01 2.416334e-02 -3.789178e-01 6.414440e-02 1.077484e-01 1.081443e-02 -4.955347e-02 2.143149e-02 6.902593e-01 8.955574e-02
3.060220e-02 4.832465e-01 8.248718e-02 1.289366e-01 2.767313e-02 -4.358115e-01 5.768659e-02 1.262617e-01 1.220625e-02 -7.187430e-02 3.432151e-02 9.089667e-01 4.243583e-02
3.483442e-02 5.700914e-01 2.261315e-02 1.761185e-01 1.966807e-02 -3.835246e-01 6.805512e-02 1.868300e-01 2.367687e-02 -8.421573e-02 2.143590e-02 7.644940e-01 1.470711e-01
2.116109e-02 4.315112e-01 5.352794e-02 1.236040e-01 2.042972e-02 -3.416164e-01 4.897492e-02 1.047218e-01 6.153587e-03 -2.819699e-02 1.216786e-02 6.911215e-01 8.437995e-02
2.148665e-02 4.294907e-01 3.936765e-02 1.277661e-01 9.295791e-03 -3.677421e-01 3.393196e-02 1.122896e-01 4.918019e-03 -3.767427e-02 1.406649e-02 6.648910e-01 6.464905e-02
2.246331e-02 5.407939e-01 6.338478e-02 1.587787e-01 3.177651e-02 -4.246929e-01 5.058966e-02 1.303624e-01 9.240370e-03 -5.283084e-02 3.586866e-02 7.046944e-01 5.350096e-02
2.409109e-02 4.184556e-01 4.291867e-02 1.153089e-01 1.776674e-02 -3.402196e-01 4.896770e-02 1.037974e-01 7.218429e-03 -4.333281e-02 2.199659e-02 6.548635e-01 5.761192e-02
2.636998e-02 4.793746e-01 6.082349e-02 1.295463e-01 2.185351e-02 -3.543507e-01 4.099402e-02 1.179929e-01 1.953837e-02 -5.160950e-02 1.418040e-02 7.771162e-01 5.495037e-02
2.929998e-02 5.589875e-01 5.379124e-02 1.477375e-01 1.738905e-02 -4.982736e-01 6.582558e-02 1.258701e-01 8.220848e-03 -9.238143e-02 2.088725e-02 9.794919e-01 1.270364e-01
3.288108e-02 5.427394e-01 7.915573e-02 1.567055e-01 1.816201e-02 -3.503204e-01 1.137763e-01 1.524639e-01 1.812722e-02 -7.226440e-02 3.109402e-02 7.620776e-01 9.724149e-02
3.711330e-02 4.941492e-01 7.153008e-02 1.520228e-01 3.469068e-02 -3.436385e-01 4.758394e-02 1.868220e-01 2.290131e-02 -1.109240e-01 3.159437e-02 8.264935e-01 7.021767e-02
2.409109e-02 4.762134e-01 5.535500e-02 1.576215e-01 1.735164e-02 -4.047005e-01 5.773091e-02 1.185455e-01 7.892444e-03 -8.976050e-02 1.971566e-02 7.265885e-01 8.287928e-02
2.441665e-02 4.915866e-01 8.166619e-02 1.417818e-01 2.451939e-02 -3.966598e-01 4.100607e-02 1.062637e-01 1.144105e-02 -5.590625e-02 1.456998e-02 7.335678e-01 5.971566e-02
2.539331e-02 4.548711e-01 6.498418e-02 1.463544e-01 1.806026e-02 -3.517574e-01 7.416176e-02 1.213242e-01 7.324166e-03 -6.766446e-02 2.738225e-02 7.296424e-01 7.295299e-02
2.702109e-02 4.302902e-01 1.798179e-02 1.466841e-01 1.209353e-02 -3.026218e-01 4.130707e-02 1.492050e-01 1.042536e-02 -6.605375e-02 8.829089e-03 6.783126e-01 2.741565e-02
2.929998e-02 4.565456e-01 3.803095e-02 1.507399e-01 1.298912e-02 -3.482613e-01 3.620889e-02 1.502773e-01 9.707270e-03 -5.014127e-02 1.721419e-02 7.517292e-01 3.220815e-02
3.222997e-02 5.179381e-01 2.867624e-02 1.591318e-01 1.537223e-02 -3.497908e-01 2.550790e-02 1.530279e-01 1.430970e-02 -6.730016e-02 1.792126e-02 7.466327e-01 4.953080e-02
3.581108e-02 4.877455e-01 1.674499e-02 1.335865e-01 1.195038e-02 -3.616976e-01 3.188135e-02 1.648282e-01 1.353093e-02 -7.080222e-02 2.069515e-02 8.245997e-01 1.516810e-01
4.004330e-02 6.376923e-01 7.401786e-02 1.415033e-01 2.792232e-02 -3.135568e-01 3.593144e-02 1.725427e-01 1.422704e-02 -3.180245e-02 2.028936e-02 8.396565e-01 6.102668e-02
2.767220e-02 5.137657e-01 5.681028e-02 1.472722e-01 1.109170e-02 -4.175730e-01 7.634077e-02 1.276143e-01 8.034687e-03 -7.960160e-02 1.859803e-02 7.440724e-01 8.517960e-02
2.799775e-02 5.227197e-01 2.428988e-02 1.575273e-01 1.784340e-02 -3.869551e-01 2.207726e-02 1.458732e-01 6.962274e-03 -4.735247e-02 1.864237e-02 8.613309e-01 6.313464e-02
2.897442e-02 6.119444e-01 5.761882e-02 1.822541e-01 2.339306e-02 -3.983498e-01 8.616737e-02 1.641565e-01 6.708781e-03 -6.560389e-02 2.923383e-02 8.474494e-01 1.243671e-01
3.060220e-02 5.531565e-01 7.403128e-02 1.755839e-01 2.211992e-02 -4.031618e-01 7.926978e-02 1.716614e-01 9.942572e-03 -6.527312e-02 3.057754e-02 9.104671e-01 1.276005e-01
3.288108e-02 4.539035e-01 6.108949e-02 1.532041e-01 3.445111e-02 -2.605682e-01 5.020898e-02 1.543948e-01 1.866106e-02 -8.302332e-02 2.159324e-02 6.225093e-01 8.648296e-02
3.581108e-02 5.458838e-01 4.919634e-02 1.307231e-01 2.012656e-02 -3.247401e-01 2.138219e-02 1.720026e-01 1.792044e-02 -5.947562e-02 8.968282e-03 8.308524e-01 8.925275e-02
3.939219e-02 5.161698e-01 6.899890e-02 1.348000e-01 2.348862e-02 -3.069143e-01 5.143440e-02 2.128902e-01 1.355651e-02 -6.743032e-02 2.260189e-02 8.505963e-01 8.180489e-02
4.362441e-02 4.799198e-01 5.216126e-02 1.269420e-01 1.305134e-02 -2.391082e-01 5.355093e-02 2.390814e-01 1.371473e-02 -1.222483e-01 3.335731e-02 9.931101e-01 3.453903e-02
3.190442e-02 5.030730e-01 4.052349e-02 1.331893e-01 2.248084e-02 -3.775007e-01 5.543939e-02 1.521525e-01 1.511423e-02 -6.265008e-02 2.849368e-02 7.999583e-01 6.899280e-02
3.222997e-02 6.017213e-01 4.436051e-02 1.611723e-01 1.643804e-02 -4.980673e-01 4.687995e-02 1.507213e-01 1.275391e-02 -1.154880e-01 1.380010e-02 9.389815e-01 1.025008e-01
3.320664e-02 4.514316e-01 5.054312e-02 1.108598e-01 2.647093e-02 -3.494775e-01 4.792614e-02 1.429458e-01 1.204596e-02 -6.259394e-02 2.295092e-02 7.583563e-01 6.121954e-02
3.483442e-02 4.887906e-01 4.712031e-02 9.242159e-02 3.063519e-02 -3.098912e-01 4.102557e-02 1.468148e-01 2.123580e-02 -1.976216e-02 1.622268e-02 8.120945e-01 6.920468e-02
3.711330e-02 6.169289e-01 9.694091e-02 1.761008e-01 4.996437e-02 -4.148107e-01 8.492701e-02 2.003046e-01 1.657277e-02 -1.290722e-01 3.840322e-02 9.539160e-01 1.053217e-01
4.004330e-02 5.771720e-01 4.979864e-02 1.658750e-01 5.352542e-03 -3.576809e-01 1.464114e-02 2.084849e-01 1.675699e-02 -5.520151e-02 3.068764e-02 9.179501e-01 8.381126e-02
4.362441e-02 4.778187e-01 5.246622e-02 1.215262e-01 1.716254e-02 -2.175236e-01 5.609972e-02 2.350930e-01 1.923705e-02 -6.540262e-02 2.274242e-02 7.291352e-01 5.521653e-02
4.785663e-02 4.530839e-01 1.598326e-02 1.142577e-01 3.708973e-02 -2.509062e-01 3.647288e-02 2.818170e-01 1.737319e-02 -8.137069e-02 3.260190e-02 8.849758e-01 3.056167e-02
