# k^2  LiLi LiLi_error  LiCl LiCl_error  LiNa LiNa_error  ClCl ClCl_error  ClNa ClNa_error  NaNa NaNa_error
0.000000e+00 4.800000e+02 0.000000e+00 1.239355e+03 0.000000e+00 1.142629e+03 0.000000e+00 3.200000e+03 0.000000e+00 2.950254e+03 0.000000e+00 2.720000e+03 0.000000e+00
2.991009e-04 1.196008e-01 4.801630e-02 2.267894e-02 7.121314e-03 -2.651371e-02 2.317706e-02 5.755678e-02 3.297268e-03 5.285305e-02 3.492029e-03 6.989315e-02 1.347028e-02
1.196404e-03 6.079448e-01 1.290102e-01 6.854521e-02 1.842375e-02 -1.741823e-01 3.683819e-02 5.442502e-02 5.216462e-03 2.990512e-02 9.305944e-03 1.070917e-01 1.567836e-02
2.691908e-03 1.007636e+00 2.264973e-01 1.190867e-01 2.994367e-02 -2.999475e-01 7.358589e-02 6.660050e-02 6.333622e-03 1.891080e-02 8.410556e-03 1.568496e-01 2.381337e-02
4.785614e-03 8.517477e-01 2.555285e-01 9.961016e-02 3.627927e-02 -2.463129e-01 6.929523e-02 6.673284e-02 9.321228e-03 2.787256e-02 1.139380e-02 1.485580e-01 1.662257e-02
7.477522e-03 8.410720e-01 8.451586e-02 8.013145e-02 7.258025e-03 -2.770370e-01 4.110983e-02 6.520508e-02 3.829440e-03 2.855064e-02 7.070313e-03 1.765498e-01 1.597542e-02
1.076763e-02 1.066270e+00 6.813368e-02 1.071369e-01 1.983924e-02 -3.101194e-01 4.239493e-02 7.402419e-02 7.660033e-03 2.428059e-02 7.635119e-03 1.864839e-01 1.783309e-02
1.465594e-02 8.285779e-01 1.221918e-01 9.228616e-02 1.928902e-02 -2.404474e-01 3.732048e-02 7.796872e-02 7.530223e-03 3.165414e-02 6.716364e-03 1.814011e-01 1.378956e-02
2.991009e-04 2.992992e-01 7.979220e-02 2.765708e-02 1.595250e-02 -9.642758e-02 2.545274e-02 5.454431e-02 3.121460e-03 4.798536e-02 3.702846e-03 9.451274e-02 1.167035e-02
5.982018e-04 8.606224e-01 1.576032e-01 8.556316e-02 3.480274e-02 -2.670256e-01 6.845638e-02 6.638720e-02 8.935119e-03 3.512696e-02 6.322610e-03 1.512003e-01 3.066517e-02
1.495504e-03 1.992319e+00 7.853962e-01 1.905652e-01 9.573810e-02 -6.276575e-01 2.334701e-01 6.829935e-02 1.248399e-02 -6.871693e-03 2.803024e-02 2.600960e-01 7.119481e-02
2.991009e-03 5.053547e-01 6.189587e-02 5.237946e-02 1.353510e-02 -1.574164e-01 2.668292e-02 5.504874e-02 3.337001e-03 3.599968e-02 5.198087e-03 1.152901e-01 1.326378e-02
5.084715e-03 7.867716e-01 1.588863e-01 8.798748e-02 2.587903e-02 -2.377187e-01 4.784597e-02 6.903159e-02 7.899943e-03 3.072933e-02 3.400291e-03 1.460790e-01 1.982531e-02
7.776623e-03 7.624210e-01 1.615143e-01 7.533318e-02 2.508726e-02 -2.276003e-01 5.028485e-02 6.934922e-02 5.885870e-03 3.241573e-02 6.802672e-03 1.524081e-01 1.417373e-02
1.106673e-02 1.051982e+00 1.372656e-01 1.136776e-01 1.221172e-02 -2.900918e-01 3.825138e-02 7.541998e-02 5.586470e-03 2.930984e-02 6.266533e-03 1.812788e-01 2.263880e-02
1.495504e-02 9.591378e-01 1.309040e-01 1.023468e-01 3.402372e-02 -2.662783e-01 3.198595e-02 7.750546e-02 8.138565e-03 2.880704e-02 5.981636e-03 1.871171e-01 2.063935e-02
1.196404e-03 1.114280e+00 1.883103e-01 7.813118e-02 8.863431e-03 -3.812525e-01 7.030447e-02 5.716027e-02 3.802053e-03 2.898212e-02 2.721272e-03 1.942645e-01 3.088711e-02
1.495504e-03 1.903683e+00 6.463505e-01 1.736410e-01 3.478496e-02 -6.006428e-01 2.668256e-01 8.243742e-02 1.050604e-02 1.775256e-02 1.439570e-02 2.736132e-01 1.016448e-01
2.392807e-03 1.120483e+00 4.252160e-01 7.884806e-02 3.454244e-02 -3.755044e-01 1.345651e-01 6.204029e-02 3.685011e-03 3.272167e-02 1.274071e-02 1.970483e-01 4.281767e-02
3.888312e-03 1.064217e+00 1.754079e-01 1.051261e-01 1.659301e-02 -3.304996e-01 6.409105e-02 5.593922e-02 4.926748e-03 9.706068e-03 9.044307e-03 1.588086e-01 1.796901e-02
5.982018e-03 9.510110e-01 1.995249e-01 9.801924e-02 2.596111e-02 -2.779598e-01 7.093946e-02 7.356840e-02 5.118927e-03 3.491558e-02 1.167521e-02 1.698891e-01 2.190889e-02
8.673926e-03 8.356639e-01 1.328319e-01 9.402699e-02 1.764217e-02 -2.155025e-01 4.268703e-02 7.190053e-02 3.500171e-03 3.525090e-02 7.940618e-03 1.559938e-01 2.111891e-02
1.196404e-02 1.254890e+00 2.592334e-01 1.168094e-01 2.759029e-02 -4.003501e-01 1.027686e-01 8.288786e-02 7.070189e-03 2.894146e-02 1.317193e-02 2.411913e-01 4.105761e-02
1.585235e-02 1.062532e+00 1.257884e-01 1.396793e-01 3.228176e-02 -2.766933e-01 4.545836e-02 9.280736e-02 1.384676e-02 2.479546e-02 5.713391e-03 2.048763e-01 1.696259e-02
2.691908e-03 7.127481e-01 1.886363e-01 4.653225e-02 1.208022e-02 -2.472173e-01 6.493231e-02 4.600746e-02 4.795984e-03 2.846427e-02 2.521522e-03 1.420239e-01 2.536455e-02
2.991009e-03 8.225393e-01 1.182305e-01 7.393631e-02 1.663827e-02 -2.664569e-01 3.096519e-02 5.880225e-02 3.627605e-03 3.089394e-02 7.449809e-03 1.569637e-01 1.035407e-02
3.888312e-03 7.141195e-01 3.581479e-01 6.297649e-02 2.786186e-02 -2.197583e-01 1.197915e-01 6.162875e-02 8.649841e-03 3.679965e-02 1.242372e-02 1.417010e-01 4.221966e-02
5.383816e-03 1.047510e+00 1.585936e-01 8.389198e-02 2.043907e-02 -3.545323e-01 5.429913e-02 5.975483e-02 3.195328e-03 2.453403e-02 7.424121e-03 1.979695e-01 1.883308e-02
7.477522e-03 9.800653e-01 2.776807e-01 9.849652e-02 2.861250e-02 -2.992839e-01 9.188376e-02 5.894592e-02 8.262156e-03 1.798120e-02 9.895670e-03 1.734154e-01 3.121487e-02
1.016943e-02 1.064100e+00 1.984520e-01 1.352744e-01 2.769432e-02 -2.770615e-01 6.735380e-02 7.608488e-02 5.664162e-03 2.007686e-02 1.245859e-02 1.719609e-01 1.924020e-02
1.345954e-02 1.131152e+00 7.241368e-02 1.188802e-01 2.918009e-02 -2.955103e-01 2.078182e-02 7.224342e-02 6.323485e-03 2.397646e-02 8.944708e-03 1.919212e-01 2.036324e-02
1.734785e-02 7.804251e-01 7.630002e-02 1.062050e-01 2.664677e-02 -1.879348e-01 3.042676e-02 9.230478e-02 6.480889e-03 4.166375e-02 1.762350e-02 2.000648e-01 2.302954e-02
4.785614e-03 6.481812e-01 6.630857e-02 5.643199e-02 1.538744e-02 -2.045686e-01 3.322502e-02 4.689587e-02 3.092166e-03 2.376179e-02 5.406646e-03 1.248351e-01 1.695457e-02
5.084715e-03 1.174867e+00 2.315048e-01 1.092752e-01 2.220988e-02 -3.780908e-01 8.273966e-02 6.536516e-02 8.566957e-03 2.137752e-02 1.123759e-02 2.013045e-01 3.849335e-02
5.982018e-03 9.157178e-01 1.779353e-01 1.005331e-01 1.993442e-02 -2.576576e-01 5.433326e-02 5.785499e-02 3.251951e-03 1.693845e-02 8.464014e-03 1.408020e-01 1.673207e-02
7.477522e-03 7.114266e-01 9.897873e-02 8.809923e-02 2.092124e-02 -1.942006e-01 2.792205e-02 7.426493e-02 5.145156e-03 3.956628e-02 1.158636e-02 1.456788e-01 1.279839e-02
9.571228e-03 5.462976e-01 8.757106e-02 5.089486e-02 1.652307e-02 -1.695459e-01 3.746449e-02 6.124256e-02 6.582030e-03 3.415960e-02 2.503189e-03 1.431956e-01 1.897790e-02
1.226314e-02 1.179736e+00 1.022692e-01 1.360209e-01 1.052698e-02 -3.039211e-01 3.352199e-02 8.482101e-02 7.302534e-03 1.912778e-02 6.788812e-03 1.857147e-01 1.444303e-02
1.555325e-02 1.139495e+00 8.191893e-02 1.377267e-01 2.404438e-02 -3.188513e-01 4.011662e-02 9.113492e-02 4.686172e-03 1.744790e-02 5.675239e-03 2.158458e-01 2.704188e-02
1.944156e-02 8.831983e-01 8.252055e-02 9.443941e-02 2.024219e-02 -2.217454e-01 3.789358e-02 9.090026e-02 5.579746e-03 3.237451e-02 5.527184e-03 2.184701e-01 1.304610e-02
7.477522e-03 8.546758e-01 1.819484e-01 6.191594e-02 1.411960e-02 -2.690730e-01 7.379619e-02 5.904640e-02 5.714242e-03 3.385855e-02 7.403575e-03 1.684228e-01 2.322512e-02
7.776623e-03 1.071819e+00 3.784092e-01 9.104123e-02 3.143609e-02 -3.307006e-01 1.279514e-01 7.589339e-02 4.388937e-03 3.659703e-02 1.144930e-02 2.006654e-01 4.445914e-02
8.673926e-03 7.647765e-01 1.047918e-01 8.643531e-02 6.566229e-03 -2.239028e-01 4.017428e-02 7.439265e-02 3.637683e-03 3.210190e-02 8.017777e-03 1.582414e-01 1.136903e-02
1.016943e-02 9.504304e-01 2.135756e-01 1.114441e-01 3.135107e-02 -2.874042e-01 6.007354e-02 6.998765e-02 4.707269e-03 2.049224e-02 1.628538e-02 1.818625e-01 1.066615e-02
1.226314e-02 9.073802e-01 1.696292e-01 9.552550e-02 2.900849e-02 -2.420933e-01 4.976698e-02 7.761395e-02 7.409463e-03 2.986457e-02 4.360718e-03 1.606475e-01 2.375269e-02
1.495504e-02 1.151936e+00 1.185140e-01 1.326773e-01 7.378514e-03 -3.407531e-01 5.886375e-02 8.539553e-02 4.232911e-03 1.192722e-02 6.038771e-03 2.010096e-01 2.094579e-02
1.824515e-02 8.581266e-01 1.209099e-01 7.829717e-02 1.706464e-02 -2.670569e-01 6.223629e-02 7.923760e-02 7.683637e-03 3.637441e-02 6.785873e-03 2.234965e-01 3.218398e-02
2.213347e-02 8.785984e-01 2.844050e-02 8.027716e-02 6.577192e-03 -2.727062e-01 1.252874e-02 9.992293e-02 5.766107e-03 3.751923e-02 1.336041e-02 2.670310e-01 1.825796e-02
1.076763e-02 6.799232e-01 1.477618e-01 7.904170e-02 1.218518e-02 -1.808992e-01 5.804981e-02 7.086873e-02 9.502356e-03 3.145110e-02 6.007329e-03 1.372888e-01 1.956458e-02
1.106673e-02 8.620014e-01 9.188155e-02 8.466954e-02 1.351500e-02 -2.577702e-01 3.421971e-02 6.947987e-02 4.738918e-03 2.439723e-02 5.660090e-03 1.738847e-01 1.650267e-02
1.196404e-02 9.572073e-01 1.325946e-01 6.122682e-02 2.603704e-02 -3.120755e-01 3.750353e-02 6.719492e-02 1.340440e-02 3.422323e-02 1.010746e-02 2.082985e-01 2.056142e-02
1.345954e-02 1.037676e+00 2.072414e-01 1.045269e-01 1.260897e-02 -3.150382e-01 7.748675e-02 7.563518e-02 7.494073e-03 2.445251e-02 1.071103e-02 2.108543e-01 3.059839e-02
1.555325e-02 7.367572e-01 7.451798e-02 7.217688e-02 3.775063e-03 -2.007636e-01 4.252723e-02 8.519661e-02 6.448395e-03 3.425034e-02 4.147293e-03 1.693656e-01 3.222858e-02
1.824515e-02 1.107860e+00 7.550368e-02 1.153515e-01 2.152835e-02 -2.866799e-01 3.540214e-02 1.057942e-01 7.426469e-03 4.175569e-02 1.141537e-02 2.174475e-01 2.244374e-02
2.153526e-02 9.299352e-01 7.546115e-02 1.108631e-01 1.558201e-02 -2.765192e-01 3.012866e-02 8.979991e-02 6.459871e-03 1.248822e-02 1.185708e-02 2.230906e-01 1.550056e-02
2.542358e-02 8.911420e-01 1.298030e-01 9.015338e-02 1.632350e-02 -2.112911e-01 4.609903e-02 1.167756e-01 1.589270e-02 3.695276e-02 1.470530e-02 2.301109e-01 1.877193e-02
1.465594e-02 8.032526e-01 8.919402e-02 9.174657e-02 1.458349e-02 -2.251473e-01 3.377002e-02 8.046926e-02 8.216091e-03 2.857766e-02 6.134512e-03 1.739216e-01 2.348662e-02
1.495504e-02 9.163922e-01 1.370718e-01 1.062561e-01 1.107519e-02 -2.832957e-01 5.437227e-02 7.699335e-02 7.314382e-03 1.990444e-02 3.129481e-03 2.004738e-01 2.662802e-02
1.585235e-02 8.398289e-01 5.880895e-02 7.198708e-02 3.822709e-02 -2.464757e-01 4.477109e-02 8.499136e-02 1.148404e-02 3.038696e-02 1.243512e-02 1.914422e-01 4.051858e-02
1.734785e-02 1.059454e+00 2.253923e-01 1.033907e-01 4.359561e-02 -2.728621e-01 5.494784e-02 9.414707e-02 1.087012e-02 2.406324e-02 8.734415e-03 1.974720e-01 1.577413e-02
1.944156e-02 9.982085e-01 1.299618e-01 8.627484e-02 3.360705e-02 -2.975042e-01 4.105887e-02 8.298680e-02 7.755869e-03 2.378760e-02 9.637353e-03 2.390880e-01 2.623844e-02
2.213347e-02 1.157628e+00 1.459911e-01 1.448585e-01 1.820694e-02 -3.700111e-01 5.340119e-02 1.098230e-01 9.613257e-03 -1.152083e-02 4.586817e-03 2.677005e-01 2.980759e-02
2.542358e-02 9.883328e-01 1.209161e-01 1.110578e-01 2.730378e-02 -3.096583e-01 3.923008e-02 1.051461e-01 8.247797e-03 1.318730e-02 4.952088e-03 2.918803e-01 4.372686e-02
2.931189e-02 9.577635e-01 1.285719e-01 1.027256e-01 2.915792e-02 -2.707833e-01 4.642070e-02 1.512502e-01 7.755772e-03 1.389020e-02 1.159091e-02 2.699629e-01 1.473662e-02
2.991009e-04 3.813532e-01 3.807010e-02 5.885271e-02 1.928564e-02 -9.505829e-02 2.426438e-02 6.843970e-02 3.937391e-03 4.924521e-02 1.029856e-02 9.376718e-02 1.840607e-02
5.982018e-04 9.830405e-01 1.757123e-01 8.823923e-02 3.744388e-02 -3.200165e-01 5.959431e-02 5.280091e-02 5.258492e-03 1.995188e-02 1.275784e-02 1.594931e-01 2.720287e-02
1.495504e-03 2.868513e-01 5.750639e-02 3.715836e-02 7.175331e-03 -7.708604e-02 2.719612e-02 6.051834e-02 6.171130e-03 5.000750e-02 7.707799e-03 9.044131e-02 1.450501e-02
2.991009e-03 5.152992e-01 7.359899e-02 5.193458e-02 1.433583e-02 -1.567507e-01 2.811395e-02 5.541484e-02 7.227878e-03 3.735493e-02 8.908337e-03 1.157886e-01 1.844666e-02
5.084715e-03 8.392932e-01 1.445781e-01 1.258290e-01 1.005038e-02 -2.107214e-01 5.079402e-02 7.570768e-02 7.584592e-03 2.784951e-02 8.430328e-03 1.391138e-01 1.606021e-02
7.776623e-03 8.838985e-01 1.796032e-01 7.360485e-02 1.032612e-02 -2.786645e-01 6.919624e-02 6.599194e-02 4.894014e-03 3.592772e-02 7.972094e-03 1.847362e-01 3.768472e-02
1.106673e-02 9.579082e-01 2.093381e-01 1.129097e-01 2.520512e-02 -2.621236e-01 8.159020e-02 6.813101e-02 6.801446e-03 1.664281e-02 7.637290e-03 1.631384e-01 3.472722e-02
1.495504e-02 1.003240e+00 1.692590e-01 4.595068e-02 1.712719e-02 -3.538144e-01 7.602843e-02 7.290700e-02 6.254185e-03 3.143799e-02 1.206231e-02 2.412533e-01 3.240166e-02
5.982018e-04 2.708748e-01 5.742080e-02 4.990294e-02 8.446395e-03 -5.774576e-02 2.990223e-02 6.114896e-02 5.980343e-03 4.718391e-02 2.873036e-03 7.911201e-02 1.157217e-02
8.973027e-04 6.253727e-01 9.948090e-02 9.219226e-02 1.645605e-02 -1.614365e-01 3.211331e-02 6.540030e-02 8.422146e-03 3.121554e-02 5.970862e-03 1.038435e-01 1.164867e-02
1.794605e-03 1.422970e+00 3.296616e-01 1.331145e-01 2.198242e-02 -4.437209e-01 1.109386e-01 6.595029e-02 5.697944e-03 1.748118e-02 8.332072e-03 2.108167e-01 4.303459e-02
3.290110e-03 6.810920e-01 1.358178e-01 8.722116e-02 2.783351e-02 -1.899186e-01 4.692972e-02 6.112590e-02 8.893059e-03 2.870509e-02 2.893054e-03 1.210079e-01 1.722223e-02
5.383816e-03 1.270736e+00 5.470158e-01 7.573457e-02 2.309979e-02 -4.422272e-01 1.984800e-01 7.106707e-02 8.314407e-03 3.812699e-02 1.319240e-02 2.397275e-01 7.213500e-02
8.075724e-03 1.234240e+00 5.954592e-01 9.568191e-02 4.411249e-02 -4.253695e-01 2.139892e-01 5.853654e-02 6.065669e-03 1.954767e-02 1.766853e-02 2.436761e-01 7.905324e-02
1.136583e-02 8.625063e-01 1.100389e-01 6.956015e-02 1.821415e-02 -2.560895e-01 3.315341e-02 6.392014e-02 4.490885e-03 3.308752e-02 5.698893e-03 1.751463e-01 1.808335e-02
1.525415e-02 1.017428e+00 1.518905e-01 1.147052e-01 2.403143e-02 -2.763066e-01 3.370627e-02 9.782741e-02 4.111349e-03 5.056851e-02 7.971608e-03 2.258879e-01 1.085612e-02
1.495504e-03 1.322907e+00 3.881671e-01 1.273088e-01 5.717780e-02 -4.096666e-01 1.035999e-01 6.239288e-02 9.794893e-03 1.440704e-02 1.642904e-02 1.903372e-01 2.931878e-02
1.794605e-03 6.231745e-01 8.462846e-02 6.632046e-02 1.249227e-02 -1.802961e-01 4.327038e-02 5.932434e-02 6.828114e-03 3.816484e-02 5.176674e-03 1.213824e-01 2.158819e-02
2.691908e-03 7.800332e-01 5.718336e-02 6.959612e-02 1.276448e-02 -2.402067e-01 7.990059e-03 5.747621e-02 4.976667e-03 3.093823e-02 4.466559e-03 1.377418e-01 4.395397e-03
4.187412e-03 1.145457e+00 2.557413e-01 1.249441e-01 3.281863e-02 -3.478961e-01 9.191993e-02 6.673137e-02 8.829166e-03 1.815567e-02 1.468276e-02 1.832799e-01 3.108831e-02
6.281119e-03 8.819704e-01 2.587814e-01 1.031696e-01 2.971313e-02 -2.533519e-01 7.299496e-02 6.568350e-02 5.333010e-03 2.304585e-02 9.378220e-03 1.547417e-01 2.164382e-02
8.973027e-03 9.951319e-01 1.156974e-01 8.424593e-02 2.516324e-02 -3.300828e-01 3.172933e-02 7.221356e-02 6.700122e-03 3.293646e-02 1.300470e-02 2.109100e-01 1.536058e-02
1.226314e-02 1.050762e+00 1.355634e-01 1.090031e-01 2.399531e-02 -3.002031e-01 2.611486e-02 7.248583e-02 6.500496e-03 2.086649e-02 6.253599e-03 1.846864e-01 1.555576e-02
1.615145e-02 7.876005e-01 7.021637e-02 7.671042e-02 2.155580e-02 -2.068216e-01 2.851130e-02 9.386904e-02 1.150423e-02 4.194828e-02 5.840391e-03 1.834419e-01 1.565634e-02
2.991009e-03 6.002601e-01 1.584516e-01 7.634066e-02 1.900369e-02 -1.609414e-01 6.291853e-02 6.961481e-02 8.733546e-03 3.948616e-02 9.235819e-03 1.141388e-01 2.797028e-02
3.290110e-03 4.386406e-01 9.114521e-02 3.322481e-02 1.229575e-02 -1.563670e-01 3.367299e-02 6.009766e-02 4.701269e-03 4.743405e-02 9.348436e-03 1.290697e-01 9.957651e-03
4.187412e-03 8.748629e-01 2.485580e-01 1.056331e-01 3.032659e-02 -2.565843e-01 9.072432e-02 7.018391e-02 5.194726e-03 3.057610e-02 1.384012e-02 1.608939e-01 2.991388e-02
5.682917e-03 1.020744e+00 1.586837e-01 1.031142e-01 1.958545e-02 -2.945794e-01 4.917308e-02 7.033064e-02 1.537093e-03 3.189258e-02 8.712362e-03 1.752815e-01 2.250930e-02
7.776623e-03 8.369951e-01 1.543341e-01 7.063671e-02 1.808076e-02 -2.644741e-01 5.969419e-02 6.909299e-02 6.440511e-03 3.483231e-02 9.822960e-03 1.636526e-01 1.456132e-02
1.046853e-02 8.731751e-01 1.243668e-01 6.911694e-02 2.178918e-02 -2.974297e-01 3.499465e-02 5.922412e-02 4.487598e-03 1.764299e-02 3.518365e-03 1.928886e-01 1.379231e-02
1.375864e-02 8.353038e-01 9.672603e-02 1.183586e-01 2.188732e-02 -2.311656e-01 2.719603e-02 8.549579e-02 6.093151e-03 2.295100e-02 2.259948e-03 1.817781e-01 8.177292e-03
1.764695e-02 1.048257e+00 5.104858e-02 1.036979e-01 2.232300e-02 -3.320406e-01 2.962532e-02 7.849068e-02 9.396520e-03 1.234441e-02 8.110112e-03 2.167975e-01 2.213849e-02
5.084715e-03 1.368617e+00 4.890550e-01 8.892442e-02 1.757383e-02 -4.616833e-01 1.741560e-01 6.833560e-02 5.900674e-03 3.236086e-02 7.710688e-03 2.398439e-01 6.284166e-02
5.383816e-03 7.521446e-01 1.678703e-01 7.846907e-02 1.735296e-02 -2.228820e-01 5.973577e-02 5.195870e-02 3.914546e-03 1.632480e-02 6.569084e-03 1.280722e-01 2.390822e-02
6.281119e-03 1.016391e+00 2.274815e-01 1.048041e-01 2.246499e-02 -2.974576e-01 7.843271e-02 7.531028e-02 3.846562e-03 3.088627e-02 1.114891e-02 1.708824e-01 3.126622e-02
7.776623e-03 9.328417e-01 3.133302e-01 1.047586e-01 3.106949e-02 -2.696368e-01 1.103277e-01 6.179991e-02 5.912877e-03 1.548786e-02 9.438437e-03 1.481469e-01 4.005587e-02
9.870329e-03 6.673155e-01 4.291748e-02 5.807273e-02 1.033887e-02 -2.012003e-01 2.180202e-02 5.263969e-02 6.744306e-03 2.784750e-02 7.168673e-03 1.451435e-01 1.418776e-02
1.256224e-02 8.719271e-01 2.338058e-01 8.928976e-02 3.335043e-02 -2.474397e-01 6.228900e-02 6.958393e-02 6.806888e-03 3.020042e-02 9.840277e-03 1.903069e-01 1.569182e-02
1.585235e-02 7.836385e-01 1.000228e-01 9.308314e-02 1.434517e-02 -2.053136e-01 3.129048e-02 8.984074e-02 8.207843e-03 2.995232e-02 9.153359e-03 1.785903e-01 1.113352e-02
1.974066e-02 1.207672e+00 8.282987e-02 1.001664e-01 1.518739e-02 -3.540301e-01 4.199939e-02 9.243316e-02 6.479100e-03 2.837955e-02 9.182391e-03 2.434907e-01 2.929800e-02
7.776623e-03 1.181891e+00 1.511238e-01 1.413599e-01 2.667806e-02 -3.216831e-01 4.856744e-02 7.903356e-02 4.040450e-03 1.729052e-02 9.737576e-03 1.683961e-01 1.671157e-02
8.075724e-03 8.643231e-01 1.551649e-01 1.117562e-01 2.749256e-02 -2.483204e-01 3.636059e-02 6.571310e-02 1.130742e-02 1.177082e-02 3.998907e-03 1.425867e-01 1.305071e-02
8.973027e-03 9.406318e-01 1.466996e-01 1.014692e-01 1.167140e-02 -2.751972e-01 5.157227e-02 7.306082e-02 2.523401e-03 2.677116e-02 6.376704e-03 1.675611e-01 2.237609e-02
1.046853e-02 1.151660e+00 3.146836e-01 9.383715e-02 4.320613e-02 -3.592519e-01 8.522571e-02 7.389475e-02 7.512482e-03 2.254873e-02 1.858962e-02 2.011714e-01 2.440936e-02
1.256224e-02 7.344260e-01 1.070370e-01 1.172140e-01 2.379807e-02 -1.857921e-01 3.484562e-02 9.816021e-02 6.870583e-03 3.847080e-02 1.077448e-02 1.592396e-01 1.281658e-02
1.525415e-02 8.715077e-01 8.681693e-02 9.069746e-02 1.863689e-02 -2.442024e-01 2.802654e-02 7.470566e-02 5.082490e-03 2.365169e-02 5.485275e-03 1.980843e-01 1.279960e-02
1.854426e-02 9.533251e-01 1.733414e-01 1.088752e-01 2.391731e-02 -2.550008e-01 6.824658e-02 1.064467e-01 4.600600e-03 3.812577e-02 8.797726e-03 2.063805e-01 3.340639e-02
2.243257e-02 1.014020e+00 1.021148e-01 1.341335e-01 2.877487e-02 -2.498234e-01 7.500609e-02 1.243888e-01 1.090876e-02 2.987736e-02 1.613601e-02 2.405343e-01 3.818233e-02
1.106673e-02 9.580730e-01 7.828610e-02 1.085036e-01 1.681795e-02 -2.866205e-01 2.324612e-02 6.842946e-02 5.682825e-03 1.751103e-02 7.081283e-03 1.873826e-01 1.327523e-02
1.136583e-02 1.324499e+00 3.452130e-01 8.766506e-02 4.065833e-02 -4.410413e-01 1.154037e-01 7.074426e-02 7.382229e-03 3.188661e-02 1.293668e-02 2.590070e-01 5.217245e-02
1.226314e-02 9.289955e-01 1.094707e-01 9.766551e-02 1.779961e-02 -2.634604e-01 3.015921e-02 7.471915e-02 6.421353e-03 2.522989e-02 4.518998e-03 1.737110e-01 2.038819e-02
1.375864e-02 1.364957e+00 2.747707e-01 1.333688e-01 1.679107e-02 -4.630987e-01 1.211810e-01 8.222767e-02 2.584223e-03 8.933521e-03 5.552267e-03 2.700867e-01 5.317796e-02
1.585235e-02 1.197402e+00 1.158639e-01 1.358539e-01 2.679605e-02 -3.388084e-01 5.066937e-02 1.018005e-01 7.323684e-03 2.693480e-02 1.474334e-02 2.258351e-01 2.341736e-02
1.854426e-02 8.549603e-01 9.749432e-02 1.081488e-01 9.557850e-03 -2.270044e-01 5.970917e-02 8.750102e-02 6.894429e-03 1.798217e-02 1.006291e-02 1.923674e-01 2.971047e-02
2.183436e-02 8.961999e-01 1.116165e-01 8.942725e-02 1.584978e-02 -2.618831e-01 5.127654e-02 1.017345e-01 1.329160e-03 3.110938e-02 6.645815e-03 2.400927e-01 2.055109e-02
2.572268e-02 8.616038e-01 7.982959e-02 1.034235e-01 2.193901e-02 -1.973803e-01 4.227628e-02 1.193800e-01 7.683463e-03 2.587179e-02 8.612220e-03 2.286223e-01 2.735941e-02
1.495504e-02 8.574294e-01 8.592453e-02 1.001571e-01 1.696893e-02 -2.278903e-01 2.941442e-02 7.380634e-02 5.472432e-03 2.306535e-02 5.379917e-03 1.849536e-01 1.176971e-02
1.525415e-02 8.018675e-01 6.023419e-02 7.319934e-02 7.323421e-03 -2.429125e-01 2.371258e-02 8.600726e-02 8.120320e-03 4.009034e-02 1.298144e-02 2.069698e-01 8.775499e-03
1.615145e-02 1.059461e+00 1.486157e-01 7.437887e-02 1.377018e-02 -3.491858e-01 5.199982e-02 6.668495e-02 5.859824e-03 2.416739e-02 4.097308e-03 2.535659e-01 2.539842e-02
1.764695e-02 1.053746e+00 1.515768e-01 1.182401e-01 2.685205e-02 -3.306135e-01 5.579147e-02 9.018751e-02 8.262642e-03 9.054708e-03 4.339225e-03 2.276389e-01 3.214551e-02
1.974066e-02 8.712220e-01 1.697360e-01 9.503163e-02 1.464265e-02 -2.058921e-01 4.044532e-02 9.801949e-02 6.433088e-03 3.771947e-02 6.539151e-03 1.785935e-01 1.498787e-02
2.243257e-02 6.897730e-01 4.892199e-02 8.144419e-02 2.314072e-02 -1.786506e-01 1.489229e-02 1.107542e-01 1.655148e-02 3.855050e-02 8.027072e-03 2.023113e-01 9.371605e-03
2.572268e-02 9.937392e-01 9.183567e-02 9.187776e-02 2.290935e-02 -2.972952e-01 3.240732e-02 1.098890e-01 8.322809e-03 1.531584e-02 1.693326e-02 2.711555e-01 1.658760e-02
2.961099e-02 9.296698e-01 8.940249e-02 1.061714e-01 2.492567e-02 -2.332410e-01 3.410157e-02 1.351910e-01 1.534492e-02 8.879507e-03 1.315386e-02 2.819476e-01 3.188624e-02
1.196404e-03 1.026214e+00 3.186114e-01 8.843727e-02 2.433441e-02 -3.316023e-01 1.193786e-01 4.596895e-02 2.183910e-03 1.219102e-02 9.089285e-03 1.548692e-01 4.588941e-02
1.495504e-03 1.300802e+00 5.046629e-01 9.764274e-02 5.543184e-02 -4.451346e-01 1.722415e-01 5.517976e-02 4.868124e-03 1.687864e-02 1.847780e-02 2.099378e-01 6.107679e-02
2.392807e-03 5.468939e-01 1.515557e-01 5.747954e-02 6.186201e-03 -1.675719e-01 6.378243e-02 6.006184e-02 9.102748e-03 3.965510e-02 9.519899e-03 1.242353e-01 2.631374e-02
3.888312e-03 1.147745e+00 3.905580e-01 1.130928e-01 3.962710e-02 -3.479761e-01 1.233823e-01 6.264091e-02 8.742706e-03 1.674664e-02 1.357135e-02 1.706557e-01 3.701474e-02
5.982018e-03 9.540193e-01 2.174352e-01 1.247657e-01 1.980883e-02 -2.782005e-01 8.042266e-02 6.840742e-02 3.237055e-03 1.745497e-02 4.819269e-03 1.636725e-01 3.106223e-02
8.673926e-03 8.409103e-01 1.614959e-01 1.022020e-01 2.027696e-02 -2.168665e-01 5.621405e-02 7.639761e-02 9.010042e-03 3.012946e-02 8.167141e-03 1.435701e-01 1.562821e-02
1.196404e-02 8.427608e-01 8.710464e-02 1.110662e-01 2.502150e-02 -2.140022e-01 1.812352e-02 7.503479e-02 4.577277e-03 1.983980e-02 4.894212e-03 1.502376e-01 1.264187e-02
1.585235e-02 9.683753e-01 1.038640e-01 9.633883e-02 2.634305e-02 -2.921783e-01 3.569246e-02 7.897916e-02 5.808548e-03 2.996333e-02 5.049866e-03 2.101894e-01 1.810809e-02
1.495504e-03 6.445522e-01 2.002392e-01 6.097018e-02 1.314449e-02 -1.930689e-01 7.797494e-02 5.347948e-02 4.400019e-03 3.383809e-02 5.694772e-03 1.198689e-01 2.673860e-02
1.794605e-03 8.523644e-01 5.208325e-01 8.468866e-02 5.044185e-02 -2.692017e-01 1.750794e-01 6.438245e-02 6.542814e-03 3.222498e-02 1.591826e-02 1.538244e-01 6.241621e-02
2.691908e-03 1.103013e+00 1.745234e-01 7.197913e-02 1.756987e-02 -3.838046e-01 7.935721e-02 6.800974e-02 3.332033e-03 4.242139e-02 5.355244e-03 2.166496e-01 3.693873e-02
4.187412e-03 8.482301e-01 1.692595e-01 9.559023e-02 3.452139e-02 -2.474358e-01 3.537858e-02 6.203874e-02 7.971024e-03 2.623545e-02 7.282077e-03 1.457560e-01 1.733412e-02
6.281119e-03 6.761177e-01 6.904222e-02 9.171105e-02 2.271462e-02 -1.791453e-01 2.712969e-02 6.577962e-02 8.525492e-03 2.377095e-02 6.461215e-03 1.128557e-01 1.642703e-02
8.973027e-03 9.621233e-01 1.590496e-01 1.003821e-01 2.063702e-02 -2.670688e-01 5.685403e-02 7.456367e-02 1.087736e-02 3.086883e-02 1.438287e-02 1.576312e-01 2.274211e-02
1.226314e-02 7.986918e-01 8.675444e-02 7.842287e-02 2.257608e-02 -2.407966e-01 4.130062e-02 6.980376e-02 6.233799e-03 3.000158e-02 1.391888e-02 1.704364e-01 2.710867e-02
1.615145e-02 7.312152e-01 1.079997e-01 4.963553e-02 1.606082e-02 -2.543217e-01 5.085859e-02 7.542186e-02 3.231494e-03 3.614106e-02 4.473190e-03 2.254735e-01 1.821255e-02
2.392807e-03 7.085641e-01 2.645210e-01 1.035956e-01 4.895859e-02 -1.804593e-01 7.021113e-02 7.814152e-02 9.561361e-03 4.330817e-02 1.532445e-02 1.310078e-01 2.284908e-02
2.691908e-03 8.483585e-01 3.048784e-01 9.492337e-02 4.851983e-02 -2.524802e-01 7.887873e-02 5.741267e-02 1.125775e-02 2.024704e-02 9.050937e-03 1.356686e-01 2.646957e-02
3.589211e-03 6.724225e-01 1.035473e-01 9.118265e-02 9.663517e-03 -1.657095e-01 3.778476e-02 6.072494e-02 2.050518e-03 2.586374e-02 3.243554e-03 1.046259e-01 1.366238e-02
5.084715e-03 5.892619e-01 8.474260e-02 3.599176e-02 1.216887e-02 -1.930154e-01 4.488782e-02 6.623450e-02 3.226518e-03 5.638814e-02 8.302732e-03 1.581430e-01 2.833333e-02
7.178421e-03 7.827698e-01 1.509651e-01 8.127333e-02 2.221938e-02 -2.246721e-01 3.709055e-02 6.364484e-02 7.178145e-03 3.136442e-02 6.593244e-03 1.516823e-01 1.944579e-02
9.870329e-03 7.982180e-01 2.077718e-01 7.086864e-02 1.961730e-02 -2.640638e-01 6.900209e-02 7.248286e-02 7.644932e-03 3.490360e-02 1.307286e-02 1.871698e-01 1.734562e-02
1.316044e-02 1.001112e+00 2.114823e-01 1.270337e-01 3.902174e-02 -2.810738e-01 6.407214e-02 8.474773e-02 9.162271e-03 2.044960e-02 1.222747e-02 1.860403e-01 2.334292e-02
1.704875e-02 9.047415e-01 1.109562e-01 1.230853e-01 9.197397e-03 -2.324022e-01 4.156665e-02 8.719769e-02 4.506100e-03 1.716009e-02 5.269959e-03 1.769541e-01 1.902619e-02
3.888312e-03 5.940494e-01 1.725653e-01 7.030994e-02 1.740853e-02 -1.668896e-01 5.430476e-02 5.406954e-02 2.866538e-03 2.519984e-02 4.354735e-03 1.073748e-01 1.861484e-02
4.187412e-03 7.043078e-01 1.193024e-01 8.028366e-02 1.165957e-02 -2.117427e-01 4.590321e-02 6.761700e-02 3.658825e-03 3.805409e-02 7.700670e-03 1.460328e-01 2.009570e-02
5.084715e-03 1.036345e+00 1.937602e-01 1.105167e-01 1.980994e-02 -3.163870e-01 6.515376e-02 6.698914e-02 3.449845e-03 1.916699e-02 6.332591e-03 1.657404e-01 2.609487e-02
6.580220e-03 8.531913e-01 1.777433e-01 6.824655e-02 1.662836e-02 -2.671369e-01 7.458513e-02 5.365028e-02 4.975816e-03 2.648000e-02 2.346702e-03 1.594749e-01 2.829425e-02
8.673926e-03 1.012584e+00 2.337240e-01 6.149793e-02 1.495628e-02 -3.152913e-01 8.355844e-02 5.342919e-02 3.764875e-03 2.081870e-02 2.998122e-03 1.722600e-01 3.315934e-02
1.136583e-02 8.550860e-01 8.198162e-02 1.031621e-01 1.953507e-02 -2.235328e-01 2.440109e-02 7.395781e-02 1.126379e-02 2.403842e-02 6.504770e-03 1.574959e-01 5.983878e-03
1.465594e-02 1.004987e+00 1.808780e-01 1.172346e-01 3.685406e-02 -2.519992e-01 1.961198e-02 8.046663e-02 1.248859e-02 2.323490e-02 7.458193e-03 1.821821e-01 1.575312e-02
1.854426e-02 7.320157e-01 7.851850e-02 8.017703e-02 1.676320e-02 -2.093764e-01 3.020740e-02 9.462136e-02 9.198453e-03 2.978639e-02 7.398804e-03 1.918617e-01 2.675449e-02
5.982018e-03 5.562644e-01 8.867653e-02 6.886056e-02 1.621592e-02 -1.541167e-01 2.085180e-02 5.790061e-02 7.348513e-03 3.017938e-02 6.623162e-03 1.199262e-01 1.419638e-02
6.281119e-03 6.743625e-01 1.530147e-01 9.234344e-02 1.949902e-02 -1.792252e-01 4.837979e-02 6.688482e-02 7.399000e-03 2.949768e-02 8.745134e-03 1.315404e-01 1.447698e-02
7.178421e-03 8.902312e-01 1.222962e-01 7.871195e-02 1.333998e-02 -2.759004e-01 4.736953e-02 6.539990e-02 5.185088e-03 3.344384e-02 4.173419e-03 1.756566e-01 2.733839e-02
8.673926e-03 6.967052e-01 1.467772e-01 5.325909e-02 2.610187e-02 -2.235896e-01 4.976137e-02 7.009169e-02 1.124231e-02 4.167629e-02 9.573231e-03 1.611628e-01 2.455906e-02
1.076763e-02 1.112205e+00 1.777696e-01 1.129573e-01 1.519424e-02 -3.115884e-01 6.681383e-02 7.959671e-02 4.413439e-03 3.028247e-02 1.088179e-02 1.949982e-01 2.437176e-02
1.345954e-02 8.596863e-01 8.475089e-02 1.077466e-01 2.212097e-02 -2.563476e-01 4.525793e-02 8.266453e-02 6.699087e-03 1.980162e-02 5.510310e-03 1.788681e-01 2.953268e-02
1.674965e-02 1.167403e+00 1.479470e-01 1.503548e-01 1.819498e-02 -3.229512e-01 5.077860e-02 9.778402e-02 9.471694e-03 2.724417e-02 2.744535e-03 2.375069e-01 3.290702e-02
2.063796e-02 1.266912e+00 2.727959e-01 1.323263e-01 4.173963e-02 -4.067398e-01 8.943500e-02 9.526066e-02 6.785813e-03 3.997260e-03 1.269739e-02 2.768156e-01 3.470571e-02
8.673926e-03 8.929421e-01 1.347183e-01 9.450938e-02 1.000586e-02 -2.647854e-01 4.572626e-02 6.287047e-02 3.510559e-03 2.145788e-02 6.372412e-03 1.590704e-01 2.010817e-02
8.973027e-03 6.789030e-01 1.362873e-01 9.066876e-02 1.473229e-02 -1.710401e-01 4.427722e-02 6.577732e-02 6.371553e-03 2.571197e-02 8.254960e-03 1.253117e-01 1.100352e-02
9.870329e-03 9.108003e-01 1.170417e-01 6.399140e-02 1.898621e-02 -2.860151e-01 4.175318e-02 6.778996e-02 3.646249e-03 3.015879e-02 9.731124e-03 1.729552e-01 1.846674e-02
1.136583e-02 9.507415e-01 1.396609e-01 7.965357e-02 1.009934e-02 -2.708021e-01 5.098992e-02 8.124263e-02 7.055727e-03 3.811231e-02 8.509031e-03 1.787172e-01 2.241012e-02
1.345954e-02 7.798017e-01 8.048594e-02 1.014597e-01 7.844228e-03 -1.958745e-01 3.812430e-02 7.835378e-02 4.616794e-03 2.249783e-02 5.739147e-03 1.487043e-01 1.617142e-02
1.615145e-02 7.252143e-01 6.682619e-02 7.858858e-02 1.985122e-02 -1.668601e-01 3.692941e-02 7.304569e-02 9.242955e-03 1.691052e-02 9.437367e-03 1.450593e-01 2.022935e-02
1.944156e-02 9.691690e-01 9.118467e-02 1.131251e-01 1.477703e-02 -3.085707e-01 2.492857e-02 8.404360e-02 6.128389e-03 1.290058e-02 1.469027e-02 2.412387e-01 2.107502e-02
2.332987e-02 9.039881e-01 5.888077e-02 1.411597e-01 1.986941e-02 -2.192770e-01 2.946151e-02 1.328323e-01 1.657381e-02 3.665807e-02 1.038739e-02 2.154863e-01 1.240717e-02
1.196404e-02 1.018758e+00 1.996835e-01 8.592170e-02 1.831160e-02 -3.336499e-01 7.003317e-02 6.096087e-02 5.644835e-03 1.691697e-02 6.417255e-03 1.996714e-01 3.019364e-02
1.226314e-02 7.154492e-01 9.044218e-02 5.969655e-02 9.693544e-03 -2.245746e-01 4.180070e-02 6.183331e-02 2.910085e-03 2.398161e-02 2.629127e-03 1.620227e-01 1.810216e-02
1.316044e-02 8.472172e-01 1.025937e-01 9.200352e-02 2.842770e-02 -2.459285e-01 3.080169e-02 8.035657e-02 9.676957e-03 2.869969e-02 1.189422e-02 1.814343e-01 1.097047e-02
1.465594e-02 8.074532e-01 7.739073e-02 8.268240e-02 3.622373e-02 -2.350809e-01 4.408918e-02 8.424250e-02 9.834931e-03 3.071054e-02 1.592075e-02 1.832465e-01 2.844309e-02
1.674965e-02 8.001593e-01 1.023582e-01 9.450823e-02 2.764572e-02 -2.156289e-01 2.655646e-02 8.367525e-02 3.857059e-03 2.872933e-02 1.267450e-02 1.916128e-01 1.635950e-02
1.944156e-02 1.061138e+00 3.620799e-01 1.203684e-01 3.653353e-02 -3.051670e-01 1.263321e-01 1.000308e-01 9.290995e-03 3.019678e-02 1.295963e-02 2.289088e-01 5.367308e-02
2.273167e-02 9.371317e-01 9.674116e-02 9.846322e-02 2.518746e-02 -2.873356e-01 3.395889e-02 1.073884e-01 1.055912e-02 1.585700e-02 5.658765e-03 2.503462e-01 1.550507e-02
2.661998e-02 9.233401e-01 7.850553e-02 1.445517e-01 2.312668e-02 -2.547593e-01 3.338325e-02 1.422717e-01 1.043100e-02 1.577102e-02 1.439898e-02 2.535731e-01 4.182600e-02
1.585235e-02 9.312261e-01 1.418761e-01 9.956437e-02 2.235134e-02 -2.514421e-01 4.483087e-02 7.674750e-02 8.820163e-03 1.507966e-02 9.413452e-03 1.725637e-01 1.182863e-02
1.615145e-02 8.680711e-01 1.423096e-01 8.520953e-02 1.825610e-02 -2.355493e-01 5.850550e-02 8.617172e-02 7.456294e-03 2.782335e-02 1.105736e-02 1.870574e-01 3.100246e-02
1.704875e-02 9.583020e-01 1.689688e-01 9.305493e-02 1.277824e-02 -2.577296e-01 5.027622e-02 8.909789e-02 7.585251e-03 3.905485e-02 5.265828e-03 2.129864e-01 1.260171e-02
1.854426e-02 9.523036e-01 1.340187e-01 1.127044e-01 2.714910e-02 -2.687621e-01 4.598160e-02 1.000515e-01 6.324338e-03 2.277101e-02 1.114586e-02 1.920298e-01 1.839141e-02
2.063796e-02 9.705470e-01 2.208314e-01 1.296828e-01 2.604018e-02 -2.316161e-01 5.586439e-02 1.080108e-01 1.003156e-02 2.203251e-02 9.740616e-03 2.086328e-01 2.458510e-02
2.332987e-02 9.841695e-01 1.365313e-01 1.229756e-01 3.251915e-02 -2.480403e-01 2.126590e-02 1.259570e-01 1.379631e-02 3.666994e-02 6.767913e-03 2.496680e-01 1.183688e-02
2.661998e-02 8.816050e-01 8.685349e-02 9.543983e-02 1.609855e-02 -2.041792e-01 1.574848e-02 1.065195e-01 7.523545e-03 2.080307e-02 5.509678e-03 2.550147e-01 2.803876e-02
3.050829e-02 9.516297e-01 8.753830e-02 1.239451e-01 2.410016e-02 -2.748167e-01 3.330512e-02 1.386537e-01 1.561440e-02 1.488840e-02 1.232873e-02 3.018362e-01 2.881481e-02
2.691908e-03 1.134976e+00 1.949775e-01 1.152408e-01 3.802157e-02 -3.275958e-01 5.872636e-02 6.550448e-02 6.295864e-03 2.268189e-02 1.140815e-02 1.630268e-01 2.061900e-02
2.991009e-03 5.089170e-01 1.288579e-01 6.063879e-02 1.846635e-02 -1.369546e-01 4.179791e-02 5.547832e-02 9.744587e-03 3.543717e-02 7.381731e-03 1.024071e-01 1.546311e-02
3.888312e-03 1.301963e+00 2.238473e-01 1.446944e-01 3.263561e-02 -3.831497e-01 6.392687e-02 7.276847e-02 7.851193e-03 1.568063e-02 6.741364e-03 1.877173e-01 2.345946e-02
5.383816e-03 8.812335e-01 3.326087e-01 9.116682e-02 2.880072e-02 -2.727065e-01 1.196172e-01 6.320671e-02 7.380248e-03 2.295345e-02 7.400697e-03 1.551149e-01 4.554867e-02
7.477522e-03 6.851998e-01 8.839445e-02 5.092605e-02 1.250776e-02 -2.295449e-01 4.081175e-02 5.657091e-02 3.904541e-03 3.680577e-02 7.191613e-03 1.603743e-01 2.326242e-02
1.016943e-02 8.597109e-01 1.325514e-01 1.085224e-01 2.976114e-02 -2.141746e-01 6.692607e-02 8.621765e-02 8.991798e-03 3.428509e-02 8.238098e-03 1.531659e-01 1.975456e-02
1.345954e-02 1.035850e+00 1.388215e-01 1.153630e-01 2.039746e-02 -2.926199e-01 3.468363e-02 7.529585e-02 7.568261e-03 2.081253e-02 9.907916e-03 1.823573e-01 1.342871e-02
1.734785e-02 9.625337e-01 6.677576e-02 1.266767e-01 2.064619e-02 -2.700314e-01 1.428539e-02 9.338856e-02 6.988886e-03 1.085830e-02 2.998775e-03 1.753058e-01 1.299835e-02
2.991009e-03 6.684577e-01 1.773138e-01 7.417099e-02 1.067027e-02 -1.892471e-01 7.462058e-02 5.459727e-02 3.494776e-03 2.952899e-02 1.382875e-03 1.211053e-01 3.031045e-02
3.290110e-03 6.631947e-01 7.987793e-02 5.937426e-02 2.157189e-02 -2.085210e-01 3.270311e-02 6.413346e-02 8.787783e-03 4.313122e-02 5.674233e-03 1.426633e-01 1.090460e-02
4.187412e-03 8.000881e-01 4.568460e-02 1.073130e-01 1.249563e-02 -2.190965e-01 2.005105e-02 6.405154e-02 4.172333e-03 2.073659e-02 5.460198e-03 1.280522e-01 8.142995e-03
5.682917e-03 6.705682e-01 7.412853e-02 6.859354e-02 1.085946e-02 -2.022497e-01 2.780024e-02 5.675884e-02 4.290036e-03 2.853862e-02 9.175381e-03 1.339707e-01 1.867366e-02
7.776623e-03 1.152405e+00 1.937341e-01 1.115898e-01 4.446763e-02 -3.414387e-01 3.658263e-02 6.175313e-02 7.650608e-03 1.087910e-02 1.099708e-02 1.739131e-01 1.568093e-02
1.046853e-02 8.919373e-01 1.085056e-01 9.307299e-02 1.883185e-02 -2.631941e-01 1.561328e-02 7.281115e-02 9.833849e-03 2.325071e-02 4.821979e-03 1.688171e-01 6.678253e-03
1.375864e-02 9.570586e-01 1.884953e-01 9.630968e-02 1.525110e-02 -2.730343e-01 7.870706e-02 6.758079e-02 6.225909e-03 1.541210e-02 2.723716e-03 1.696308e-01 3.052115e-02
1.764695e-02 1.161897e+00 2.255963e-01 1.612961e-01 2.937718e-02 -3.179858e-01 8.661500e-02 1.006188e-01 1.129910e-02 1.260765e-02 1.259692e-02 2.210231e-01 3.219356e-02
3.888312e-03 8.943391e-01 2.873589e-01 9.766588e-02 1.776378e-02 -2.539460e-01 9.896398e-02 5.306146e-02 3.196020e-03 1.454901e-02 6.927007e-03 1.292123e-01 3.357592e-02
4.187412e-03 8.681658e-01 2.810999e-01 1.244212e-01 4.501694e-02 -2.023992e-01 8.401651e-02 7.458151e-02 5.337083e-03 2.997877e-02 1.279749e-02 1.266534e-01 2.622234e-02
5.084715e-03 9.899350e-01 1.263821e-01 8.658757e-02 1.347856e-02 -3.173931e-01 5.642703e-02 6.738551e-02 6.158024e-03 2.921955e-02 7.399434e-03 1.772101e-01 2.392601e-02
6.580220e-03 1.143666e+00 3.620047e-01 1.015556e-01 4.042050e-02 -3.524510e-01 1.108632e-01 6.186777e-02 5.260878e-03 1.804499e-02 1.189333e-02 1.796652e-01 3.550258e-02
8.673926e-03 8.068115e-01 6.487416e-02 8.276793e-02 2.360556e-02 -2.414242e-01 2.796519e-02 6.169907e-02 4.179349e-03 2.239804e-02 4.732457e-03 1.511006e-01 1.922285e-02
1.136583e-02 9.346568e-01 1.177894e-01 8.611090e-02 1.206043e-02 -2.735245e-01 4.444224e-02 7.358388e-02 8.490637e-03 3.120465e-02 8.417836e-03 1.826920e-01 2.338698e-02
1.465594e-02 9.714706e-01 1.838513e-01 8.539250e-02 3.233186e-02 -2.977496e-01 6.085972e-02 7.829249e-02 4.867434e-03 2.762100e-02 1.477269e-02 2.113275e-01 2.501582e-02
1.854426e-02 8.591009e-01 8.952288e-02 1.287146e-01 2.636750e-02 -2.198857e-01 3.624516e-02 1.003542e-01 3.660572e-03 9.256677e-03 1.502342e-02 1.815664e-01 1.905858e-02
5.383816e-03 8.495158e-01 1.887451e-01 9.732634e-02 1.671377e-02 -2.540282e-01 6.383531e-02 6.710702e-02 1.961673e-03 2.702527e-02 7.860817e-03 1.563484e-01 2.443607e-02
5.682917e-03 7.515081e-01 1.415870e-01 9.383653e-02 2.212719e-02 -1.944546e-01 4.379542e-02 6.055343e-02 6.600617e-03 2.617987e-02 7.871247e-03 1.248118e-01 1.082551e-02
6.580220e-03 8.244103e-01 1.266846e-01 7.966736e-02 1.484248e-02 -2.292372e-01 6.124040e-02 6.674275e-02 6.994271e-03 3.792602e-02 5.049846e-03 1.529868e-01 2.500247e-02
8.075724e-03 1.176719e+00 1.718222e-01 1.168864e-01 1.454497e-02 -3.625314e-01 6.170918e-02 6.752795e-02 7.712012e-03 1.676217e-02 6.464236e-03 1.950010e-01 2.196416e-02
1.016943e-02 7.157066e-01 6.579472e-02 5.487038e-02 1.598370e-02 -2.127645e-01 4.666204e-02 5.571092e-02 5.314196e-03 3.269351e-02 5.120460e-03 1.513802e-01 2.315723e-02
1.286134e-02 9.192784e-01 1.127130e-01 1.204732e-01 2.387685e-02 -2.401381e-01 3.614783e-02 7.021140e-02 7.561392e-03 1.544249e-02 6.244631e-03 1.630448e-01 1.380169e-02
1.615145e-02 7.357870e-01 3.515597e-02 9.151602e-02 2.274752e-02 -2.117143e-01 1.500210e-02 8.800224e-02 8.562509e-03 2.591132e-02 1.034987e-02 1.726064e-01 1.462772e-02
2.003976e-02 9.664864e-01 1.067496e-01 1.087477e-01 2.810617e-02 -2.637848e-01 6.931699e-02 9.204165e-02 8.607736e-03 1.937092e-02 9.622188e-03 2.262084e-01 2.766002e-02
7.477522e-03 9.107571e-01 1.002368e-01 7.723955e-02 2.715775e-02 -2.810478e-01 4.477846e-02 6.386516e-02 1.119854e-02 3.033150e-02 6.674812e-03 1.675963e-01 1.348805e-02
7.776623e-03 1.015106e+00 2.749556e-01 9.195536e-02 1.644294e-02 -3.127504e-01 1.043047e-01 6.242560e-02 5.987052e-03 2.169823e-02 7.814485e-03 1.817417e-01 3.512202e-02
8.673926e-03 1.440792e+00 4.036811e-01 1.304196e-01 7.535696e-02 -4.265955e-01 9.622935e-02 6.800137e-02 9.509022e-03 1.146265e-02 2.128440e-02 2.016031e-01 3.035942e-02
1.016943e-02 8.092664e-01 2.011129e-01 1.010411e-01 2.236576e-02 -2.228860e-01 6.512631e-02 7.897968e-02 6.332110e-03 2.722164e-02 9.259355e-03 1.527558e-01 1.433536e-02
1.226314e-02 9.762770e-01 1.593550e-01 6.547068e-02 2.869340e-02 -3.124708e-01 3.917090e-02 7.864817e-02 6.859542e-03 3.904958e-02 8.599975e-03 2.106470e-01 8.079236e-03
1.495504e-02 1.027783e+00 1.300086e-01 8.618278e-02 1.139709e-02 -2.799352e-01 4.177474e-02 7.248836e-02 5.424332e-03 2.211065e-02 6.976367e-03 2.031442e-01 1.402713e-02
1.824515e-02 8.066637e-01 4.704042e-02 9.137853e-02 1.611477e-02 -2.487109e-01 3.043900e-02 8.139214e-02 3.862031e-03 2.166421e-02 5.713694e-03 2.113725e-01 1.594841e-02
2.213347e-02 6.739971e-01 6.042112e-02 4.476404e-02 1.828700e-02 -1.846702e-01 1.064064e-02 9.877441e-02 8.338176e-03 3.422510e-02 6.590431e-03 1.973244e-01 8.619641e-03
1.016943e-02 1.025860e+00 1.655279e-01 8.334390e-02 1.750842e-02 -3.015007e-01 3.857381e-02 6.456004e-02 4.420187e-03 2.290351e-02 7.773819e-03 1.717247e-01 1.082937e-02
1.046853e-02 8.325492e-01 1.635291e-01 9.376366e-02 2.253445e-02 -2.405234e-01 5.321041e-02 7.539178e-02 4.335127e-03 3.165851e-02 1.341944e-02 1.751826e-01 2.203087e-02
1.136583e-02 1.090993e+00 7.667992e-02 9.524593e-02 2.178279e-02 -3.565785e-01 3.700233e-02 6.775163e-02 6.159103e-03 2.091076e-02 9.814041e-03 2.169163e-01 2.828359e-02
1.286134e-02 9.077783e-01 1.141962e-01 1.034717e-01 3.819371e-02 -2.474945e-01 1.267051e-02 7.446638e-02 7.736280e-03 1.739171e-02 1.099583e-02 1.593466e-01 1.152104e-02
1.495504e-02 1.039075e+00 1.373580e-01 7.527140e-02 1.252219e-02 -3.415687e-01 6.964566e-02 7.905402e-02 9.876859e-03 2.712483e-02 7.462692e-03 2.193490e-01 3.414460e-02
1.764695e-02 8.020613e-01 1.576352e-01 6.879943e-02 2.344760e-02 -2.665748e-01 5.933048e-02 9.459033e-02 9.320913e-03 4.594242e-02 8.424323e-03 2.342098e-01 2.315512e-02
2.093706e-02 1.056799e+00 1.071572e-01 1.388485e-01 4.300342e-03 -2.310858e-01 4.985995e-02 9.673774e-02 9.523314e-03 1.938890e-02 1.896898e-02 2.005302e-01 1.390082e-02
2.482537e-02 8.141468e-01 8.034563e-02 9.448933e-02 1.787604e-02 -2.042987e-01 4.094149e-02 1.105340e-01 1.132590e-02 2.842552e-02 3.911875e-03 2.387687e-01 2.051794e-02
1.345954e-02 1.249693e+00 1.583018e-01 1.320001e-01 9.316372e-03 -4.059017e-01 9.012386e-02 8.093578e-02 7.365406e-03 2.178330e-02 4.585416e-03 2.627754e-01 3.219351e-02
1.375864e-02 9.405666e-01 1.788695e-01 9.033839e-02 2.990883e-02 -2.910184e-01 5.162020e-02 8.562972e-02 5.982073e-03 3.569497e-02 9.913586e-03 2.096065e-01 1.988461e-02
1.465594e-02 8.907845e-01 1.344245e-01 1.170015e-01 2.597019e-02 -2.498864e-01 4.840332e-02 9.040551e-02 9.346710e-03 2.760282e-02 9.055813e-03 1.945552e-01 1.343061e-02
1.615145e-02 1.008787e+00 1.790534e-01 1.034509e-01 2.232652e-02 -2.991016e-01 7.585510e-02 8.936691e-02 1.139434e-02 2.365607e-02 1.212353e-02 2.104003e-01 5.121629e-02
1.824515e-02 8.511510e-01 5.912106e-02 8.309965e-02 2.025062e-02 -2.276052e-01 3.242416e-02 9.169952e-02 1.300525e-02 3.215520e-02 4.683568e-03 1.871207e-01 1.496955e-02
2.093706e-02 7.504239e-01 4.840827e-02 1.266672e-01 1.303052e-02 -1.777889e-01 1.424161e-02 1.204031e-01 1.054474e-02 2.083490e-02 8.327240e-03 1.902162e-01 1.960021e-02
2.422717e-02 7.679002e-01 8.377658e-02 8.096740e-02 3.153236e-02 -2.401942e-01 3.397981e-02 1.117628e-01 1.335152e-02 3.135724e-02 1.832865e-02 2.678320e-01 3.680674e-02
2.811548e-02 1.068579e+00 1.516795e-01 1.378373e-01 2.215945e-02 -3.001377e-01 6.678147e-02 1.482039e-01 7.997808e-03 -1.589539e-03 1.091518e-02 2.516403e-01 2.462466e-02
1.734785e-02 1.002085e+00 9.216510e-02 1.090501e-01 1.094169e-02 -3.152800e-01 5.440537e-02 8.251605e-02 3.519377e-03 2.138978e-02 1.062054e-02 2.326154e-01 3.427879e-02
1.764695e-02 7.054583e-01 1.206335e-01 1.021595e-01 1.959961e-02 -1.572644e-01 3.216955e-02 8.732297e-02 6.472642e-03 2.660091e-02 1.093027e-02 1.743853e-01 1.638124e-02
1.854426e-02 1.130649e+00 1.452296e-01 1.222682e-01 1.931123e-02 -3.163296e-01 5.761413e-02 8.871259e-02 7.901664e-03 1.859448e-02 7.616595e-03 2.112580e-01 1.965105e-02
2.003976e-02 8.440415e-01 7.681362e-02 1.132277e-01 1.693410e-02 -2.450242e-01 2.958792e-02 8.928812e-02 6.167103e-03 1.695199e-02 1.088340e-02 2.094519e-01 1.368978e-02
2.213347e-02 1.046651e+00 2.650039e-02 1.063552e-01 1.838812e-02 -3.223536e-01 1.292090e-02 1.131537e-01 5.279692e-03 2.899882e-02 1.826834e-02 2.803744e-01 2.952260e-02
2.482537e-02 9.014925e-01 1.151875e-01 1.312804e-01 2.540414e-02 -2.324033e-01 4.344300e-02 1.262611e-01 1.758916e-02 2.164230e-02 3.845388e-03 2.314085e-01 2.195807e-02
2.811548e-02 8.725530e-01 1.379714e-01 1.478894e-01 3.736289e-02 -1.980080e-01 4.285820e-02 1.566604e-01 2.268625e-02 2.516099e-02 8.739331e-03 2.481900e-01 1.763466e-02
3.200380e-02 9.600575e-01 6.626859e-02 1.360941e-01 1.360904e-02 -1.802976e-01 1.312925e-02 1.659621e-01 2.197897e-02 1.430908e-02 1.815263e-02 2.688407e-01 1.748357e-02
4.785614e-03 5.983369e-01 7.364794e-02 6.519072e-02 1.085996e-02 -1.776118e-01 2.175235e-02 6.573229e-02 2.795654e-03 4.113683e-02 5.966254e-03 1.342131e-01 7.363015e-03
5.084715e-03 1.143079e+00 3.698235e-01 9.371619e-02 2.868576e-02 -3.639679e-01 1.200310e-01 6.173076e-02 6.846728e-03 1.933242e-02 4.942014e-03 1.825211e-01 4.384373e-02
5.982018e-03 7.516012e-01 9.649045e-02 6.811810e-02 2.082372e-02 -2.277510e-01 2.896412e-02 5.310046e-02 4.367675e-03 2.563987e-02 1.191534e-02 1.433088e-01 1.522308e-02
7.477522e-03 1.134908e+00 1.963728e-01 1.313971e-01 2.394990e-02 -2.949144e-01 5.491574e-02 6.752887e-02 3.584017e-03 1.483967e-02 4.794059e-03 1.536006e-01 1.717614e-02
9.571228e-03 6.740166e-01 9.055470e-02 7.127208e-02 1.300039e-02 -2.035175e-01 2.772856e-02 6.573288e-02 6.050528e-03 3.186197e-02 9.585672e-03 1.494082e-01 1.781367e-02
1.226314e-02 9.802952e-01 1.448951e-01 9.296711e-02 2.082817e-02 -2.877657e-01 6.535100e-02 7.880595e-02 7.287974e-03 3.461244e-02 8.689259e-03 1.905794e-01 2.995381e-02
1.555325e-02 1.030483e+00 1.510722e-01 9.615798e-02 3.342275e-02 -2.612846e-01 5.481860e-02 9.675950e-02 7.128948e-03 2.493506e-02 1.273138e-02 1.635035e-01 3.072691e-02
1.944156e-02 7.787697e-01 1.113183e-01 6.286011e-02 1.220007e-02 -2.367004e-01 4.634614e-02 9.554932e-02 4.445055e-03 3.803743e-02 1.220279e-02 2.152733e-01 2.441902e-02
5.084715e-03 5.593848e-01 1.625247e-01 7.521288e-02 2.735459e-02 -1.566974e-01 3.524273e-02 7.218433e-02 2.546467e-03 3.843451e-02 1.206834e-02 1.234494e-01 4.463591e-03
5.383816e-03 7.383879e-01 1.594246e-01 7.653690e-02 1.941829e-02 -2.036755e-01 3.436445e-02 6.105651e-02 5.077424e-03 3.198817e-02 9.813191e-03 1.309170e-01 1.011496e-02
6.281119e-03 6.672558e-01 6.907437e-02 1.014776e-01 1.693231e-02 -1.663106e-01 1.033496e-02 6.393290e-02 6.489879e-03 2.262846e-02 2.762542e-03 1.215934e-01 4.761318e-03
7.776623e-03 1.382273e+00 3.293257e-01 1.374116e-01 2.244435e-02 -4.082980e-01 1.126099e-01 7.253504e-02 7.153663e-03 1.944198e-02 5.816945e-03 2.152442e-01 4.220273e-02
9.870329e-03 9.152697e-01 1.240809e-01 1.395561e-01 2.395816e-02 -2.545753e-01 3.857576e-02 9.146394e-02 7.291700e-03 2.118824e-02 9.328223e-03 1.622220e-01 1.337199e-02
1.256224e-02 9.519504e-01 8.428064e-02 1.121385e-01 2.352013e-02 -2.698663e-01 3.798991e-02 7.315608e-02 7.945558e-03 1.248978e-02 9.288934e-03 1.674935e-01 1.083903e-02
1.585235e-02 9.415405e-01 2.104262e-01 1.218067e-01 3.879744e-02 -2.496261e-01 4.543276e-02 9.515983e-02 6.837687e-03 2.618919e-02 1.409634e-02 1.938201e-01 1.800077e-02
1.974066e-02 9.123079e-01 1.261222e-01 6.481848e-02 1.333530e-02 -2.551713e-01 2.242701e-02 8.265970e-02 4.947367e-03 2.871984e-02 4.966409e-03 2.103565e-01 1.305826e-02
5.982018e-03 1.113505e+00 4.704796e-01 1.291722e-01 3.758219e-02 -3.164872e-01 1.501893e-01 6.842667e-02 5.188763e-03 1.194216e-02 1.293476e-02 1.624212e-01 4.575588e-02
6.281119e-03 6.936187e-01 6.513255e-02 1.128022e-01 1.110222e-02 -1.528530e-01 1.349400e-02 7.307869e-02 6.556412e-03 2.993644e-02 6.200781e-03 1.144191e-01 1.274188e-02
7.178421e-03 9.139522e-01 1.221439e-01 1.075740e-01 2.682915e-02 -2.509099e-01 3.636997e-02 6.900724e-02 6.183157e-03 2.708726e-02 6.986220e-03 1.571083e-01 1.441388e-02
8.673926e-03 6.827572e-01 7.093589e-02 9.255872e-02 1.821254e-02 -1.860667e-01 2.660624e-02 7.173880e-02 9.785798e-03 3.355686e-02 4.270559e-03 1.534254e-01 1.025458e-02
1.076763e-02 8.431798e-01 8.579087e-02 9.918053e-02 2.203986e-02 -2.210901e-01 7.538775e-03 7.977533e-02 7.221495e-03 3.696408e-02 1.065190e-02 1.653394e-01 2.256016e-02
1.345954e-02 1.164538e+00 1.631118e-01 1.285540e-01 2.729427e-02 -3.235928e-01 5.555064e-02 6.821369e-02 6.661447e-03 5.207822e-03 7.420787e-03 1.787586e-01 2.237990e-02
1.674965e-02 9.294385e-01 1.091271e-01 1.073833e-01 2.130751e-02 -2.475999e-01 5.995340e-02 9.122116e-02 8.253387e-03 3.796362e-02 1.373649e-02 2.124433e-01 2.888355e-02
2.063796e-02 1.018591e+00 1.111657e-01 1.204490e-01 2.645346e-02 -3.014908e-01 4.393379e-02 1.062314e-01 6.774969e-03 1.981218e-02 1.186837e-02 2.373042e-01 2.854201e-02
7.477522e-03 9.289615e-01 1.297184e-01 1.191320e-01 1.079708e-02 -2.350140e-01 5.082566e-02 6.786628e-02 3.464905e-03 2.063819e-02 6.137336e-03 1.456916e-01 2.345909e-02
7.776623e-03 7.763047e-01 6.128635e-02 1.155892e-01 1.543680e-02 -1.936929e-01 2.467146e-02 7.881522e-02 8.766739e-03 3.179468e-02 4.859656e-03 1.426202e-01 1.284001e-02
8.673926e-03 7.767119e-01 1.326728e-01 1.004347e-01 1.012979e-02 -1.927282e-01 5.497693e-02 7.275945e-02 6.786777e-03 3.558462e-02 6.674461e-03 1.456957e-01 2.278272e-02
1.016943e-02 1.007406e+00 1.820576e-01 7.708201e-02 2.920839e-02 -3.235778e-01 5.694867e-02 6.988096e-02 4.582645e-03 3.745322e-02 1.247903e-02 2.078435e-01 2.438213e-02
1.226314e-02 1.021701e+00 1.894971e-01 1.490477e-01 3.046702e-02 -2.556065e-01 4.790509e-02 6.574652e-02 4.367147e-03 -3.176342e-03 1.429235e-02 1.466511e-01 6.849731e-03
1.495504e-02 8.067791e-01 7.367404e-02 6.748241e-02 2.371771e-02 -2.397251e-01 2.522896e-02 7.190978e-02 1.002422e-02 2.731032e-02 5.026212e-03 1.908296e-01 1.606584e-02
1.824515e-02 7.619118e-01 1.096129e-01 1.000510e-01 6.427033e-03 -1.689759e-01 5.550683e-02 8.636856e-02 3.040006e-03 2.353258e-02 3.886771e-03 1.573648e-01 2.352686e-02
2.213347e-02 1.096991e+00 9.263103e-02 1.228929e-01 1.745287e-02 -3.043869e-01 5.190103e-02 9.001457e-02 6.660201e-03 4.733749e-03 9.880241e-03 2.254026e-01 2.773591e-02
9.571228e-03 9.459573e-01 1.742647e-01 8.346451e-02 2.880639e-02 -2.826398e-01 5.886858e-02 6.837956e-02 6.820370e-03 3.160854e-02 1.095583e-02 1.858215e-01 2.277340e-02
9.870329e-03 7.588635e-01 8.497192e-02 9.010536e-02 1.177229e-02 -2.025922e-01 4.268941e-02 6.793510e-02 6.385858e-03 2.844312e-02 6.208447e-03 1.450374e-01 2.114308e-02
1.076763e-02 8.201989e-01 1.044823e-01 6.624053e-02 2.594820e-02 -2.466425e-01 4.121249e-02 7.258471e-02 5.015759e-03 3.685769e-02 7.223459e-03 1.731464e-01 1.942993e-02
1.226314e-02 9.542172e-01 1.486562e-01 8.075007e-02 1.268712e-02 -2.791140e-01 5.896010e-02 7.349257e-02 2.986321e-03 3.348742e-02 7.580036e-03 1.910329e-01 2.671465e-02
1.435684e-02 1.017308e+00 1.345516e-01 1.082239e-01 2.061519e-02 -2.996692e-01 4.497401e-02 7.543915e-02 2.948857e-03 1.398835e-02 6.528750e-03 1.936520e-01 1.928975e-02
1.704875e-02 7.345197e-01 9.490506e-02 9.883605e-02 2.590632e-02 -1.964479e-01 3.232792e-02 8.679196e-02 8.019755e-03 2.122463e-02 6.232104e-03 1.646573e-01 2.366243e-02
2.033886e-02 6.915375e-01 5.364677e-02 1.110529e-01 2.194086e-02 -1.516507e-01 2.607399e-02 9.311919e-02 1.514489e-02 2.263346e-02 8.159895e-03 1.706089e-01 1.445321e-02
2.422717e-02 9.010036e-01 7.246596e-02 9.705951e-02 1.167057e-02 -2.770509e-01 3.570877e-02 1.192427e-01 7.261817e-03 1.663651e-02 1.224124e-02 2.478025e-01 1.417722e-02
1.226314e-02 8.016933e-01 9.979393e-02 7.461720e-02 1.483929e-02 -2.500361e-01 4.467088e-02 7.533147e-02 8.315119e-03 4.185467e-02 8.184575e-03 1.930539e-01 1.854074e-02
1.256224e-02 8.033551e-01 4.877358e-02 1.083712e-01 1.826533e-02 -1.867367e-01 2.536497e-02 7.786520e-02 6.446749e-03 2.244860e-02 8.043487e-03 1.409074e-01 1.233047e-02
1.345954e-02 7.380190e-01 1.565692e-01 7.458291e-02 2.175126e-02 -1.902337e-01 3.201232e-02 7.237813e-02 5.104227e-03 3.100577e-02 8.461102e-03 1.476445e-01 1.177291e-02
1.495504e-02 8.391668e-01 8.774838e-02 1.042591e-01 2.116022e-02 -2.239367e-01 2.594301e-02 7.980221e-02 4.141315e-03 1.651206e-02 6.796996e-03 1.514380e-01 1.139459e-02
1.704875e-02 8.925934e-01 8.479746e-02 1.108131e-01 3.351522e-03 -2.484995e-01 3.624325e-02 9.574958e-02 1.011428e-02 3.139548e-02 1.108126e-02 1.829974e-01 1.409014e-02
1.974066e-02 1.154748e+00 1.757938e-01 1.227703e-01 2.087351e-02 -3.515234e-01 7.121160e-02 1.083576e-01 4.287609e-03 2.860081e-02 1.117244e-02 2.646428e-01 2.823857e-02
2.303077e-02 8.620361e-01 1.012033e-01 1.023903e-01 2.374957e-02 -2.528611e-01 3.176453e-02 1.314662e-01 1.262590e-02 3.537363e-02 5.358782e-03 2.356070e-01 9.278757e-03
2.691908e-02 9.834331e-01 6.222127e-02 1.090927e-01 2.748632e-02 -3.032266e-01 4.214555e-02 1.282311e-01 9.336864e-03 2.934984e-02 1.794071e-02 3.186259e-01 2.929394e-02
1.555325e-02 1.058624e+00 2.239391e-01 1.038411e-01 1.095183e-02 -3.168805e-01 8.252127e-02 7.853397e-02 3.168024e-03 2.836704e-02 8.329278e-03 2.270634e-01 2.771876e-02
1.585235e-02 8.748611e-01 1.239191e-01 1.130375e-01 2.110742e-02 -2.348007e-01 6.400254e-02 9.256085e-02 9.947331e-03 4.080532e-02 1.448011e-02 2.198722e-01 1.428938e-02
1.674965e-02 1.016660e+00 2.663137e-01 1.020706e-01 3.100436e-02 -3.162489e-01 8.413469e-02 7.873547e-02 7.408201e-03 6.921458e-03 1.111271e-02 2.145552e-01 3.957296e-02
1.824515e-02 1.106124e+00 1.515379e-01 1.526955e-01 1.927242e-02 -2.713594e-01 6.025783e-02 9.693878e-02 7.687874e-03 1.495068e-02 7.606188e-03 2.035072e-01 2.340024e-02
2.033886e-02 1.044069e+00 1.484484e-01 1.230962e-01 2.322053e-02 -2.995423e-01 3.590571e-02 1.076074e-01 6.432706e-03 2.368422e-02 9.370359e-03 2.392411e-01 2.377268e-02
2.303077e-02 9.723341e-01 9.337029e-02 1.044226e-01 2.087860e-02 -2.602163e-01 4.906705e-02 8.763573e-02 4.923781e-03 1.758322e-02 2.237641e-03 2.390684e-01 1.268085e-02
2.632088e-02 9.646425e-01 1.294848e-01 1.080160e-01 2.530514e-02 -2.514920e-01 2.847319e-02 1.469973e-01 1.114231e-02 3.596973e-02 1.490574e-02 2.829641e-01 2.172006e-02
3.020919e-02 9.466157e-01 9.591729e-02 1.166122e-01 2.032499e-02 -2.828423e-01 3.366785e-02 1.387236e-01 1.194886e-02 7.498340e-04 1.266152e-02 2.918536e-01 3.112319e-02
1.944156e-02 8.375907e-01 5.106492e-02 1.262130e-01 2.244111e-02 -1.936985e-01 3.517946e-02 1.039641e-01 9.566452e-03 2.041722e-02 1.049408e-02 1.844584e-01 1.228834e-02
1.974066e-02 1.156433e+00 1.731812e-01 1.493949e-01 4.255583e-02 -3.076864e-01 2.929777e-02 1.189907e-01 7.976741e-03 2.610801e-02 9.238535e-03 2.495707e-01 2.315965e-02
2.063796e-02 7.449714e-01 1.063201e-01 8.654158e-02 2.267129e-02 -1.987444e-01 4.676434e-02 8.548206e-02 1.198344e-02 1.970352e-02 1.108101e-02 2.045207e-01 1.752140e-02
2.213347e-02 8.392260e-01 1.391110e-01 8.628104e-02 1.971480e-02 -2.354200e-01 4.392641e-02 1.070423e-01 1.649642e-02 3.989884e-02 5.022693e-03 2.341055e-01 2.946426e-02
2.422717e-02 1.010023e+00 1.018508e-01 1.291821e-01 3.092253e-02 -2.714946e-01 4.015881e-02 1.216854e-01 7.432832e-03 1.455696e-02 1.970481e-02 2.403473e-01 1.686290e-02
2.691908e-02 1.170829e+00 1.574173e-01 1.719185e-01 2.098403e-02 -3.443210e-01 5.796468e-02 1.205621e-01 1.010310e-02 1.922894e-03 9.998377e-03 2.980081e-01 4.992540e-02
3.020919e-02 9.014747e-01 1.264336e-01 7.997025e-02 3.155104e-02 -2.734259e-01 6.095851e-02 1.235271e-01 1.392995e-02 2.272801e-02 1.157336e-02 3.172788e-01 3.429015e-02
3.409750e-02 8.233412e-01 9.316521e-02 1.036388e-01 1.880653e-02 -2.192111e-01 3.574236e-02 1.735252e-01 1.129727e-02 3.739157e-03 1.317813e-02 3.314320e-01 3.446826e-02
7.477522e-03 1.116670e+00 2.319370e-01 8.464845e-02 3.004572e-02 -3.562647e-01 7.212276e-02 5.433191e-02 4.685962e-03 1.625839e-02 1.034594e-02 1.904347e-01 3.623255e-02
7.776623e-03 8.304601e-01 1.251336e-01 8.333151e-02 3.257273e-02 -2.477540e-01 3.621383e-02 6.554482e-02 8.611352e-03 2.799610e-02 1.050492e-02 1.570074e-01 1.396353e-02
8.673926e-03 8.214145e-01 2.295642e-01 6.282039e-02 3.108811e-02 -2.529208e-01 5.505246e-02 6.292823e-02 4.019587e-03 3.643519e-02 8.528149e-03 1.669612e-01 2.036611e-02
1.016943e-02 9.080780e-01 5.000173e-02 1.072345e-01 1.164852e-02 -2.538063e-01 2.520281e-02 6.850547e-02 2.597596e-03 2.179142e-02 7.847884e-03 1.648878e-01 5.987694e-03
1.226314e-02 9.352412e-01 1.782142e-01 1.153128e-01 1.956648e-02 -2.595260e-01 5.693436e-02 7.365270e-02 1.041203e-02 1.882474e-02 6.557750e-03 1.778305e-01 1.957169e-02
1.495504e-02 1.118359e+00 2.226103e-01 1.470583e-01 3.734118e-02 -2.728136e-01 3.890631e-02 8.199712e-02 9.815334e-03 1.836661e-02 9.836092e-03 1.757838e-01 1.249511e-02
1.824515e-02 8.986415e-01 1.338709e-01 9.979144e-02 1.280139e-02 -2.735890e-01 5.359219e-02 8.970753e-02 7.614221e-03 2.429282e-02 8.002511e-03 2.198268e-01 2.604834e-02
2.213347e-02 8.992113e-01 1.091052e-01 1.113188e-01 1.652927e-02 -2.183416e-01 4.067033e-02 8.947885e-02 1.228201e-02 2.144998e-02 5.814615e-03 2.315660e-01 2.780640e-02
7.776623e-03 1.091661e+00 3.099279e-01 1.132124e-01 3.838946e-02 -3.040341e-01 9.366615e-02 6.362710e-02 5.473171e-03 1.110091e-02 1.019325e-02 1.500101e-01 3.161055e-02
8.075724e-03 6.694419e-01 1.305210e-01 7.783912e-02 1.947069e-02 -1.938158e-01 4.316666e-02 6.488205e-02 2.493377e-03 3.249527e-02 6.268303e-03 1.475298e-01 1.874181e-02
8.973027e-03 7.881733e-01 1.233162e-01 7.444042e-02 2.348641e-02 -2.228306e-01 3.699978e-02 6.301061e-02 8.064838e-03 3.071908e-02 1.310310e-02 1.578597e-01 1.074153e-02
1.046853e-02 1.059595e+00 1.672042e-01 1.024911e-01 2.649300e-02 -3.133012e-01 4.500850e-02 6.482355e-02 9.411242e-03 1.803632e-02 7.085161e-03 1.811102e-01 1.782896e-02
1.256224e-02 9.930484e-01 1.876266e-01 1.413124e-01 2.706044e-02 -2.702980e-01 6.424560e-02 8.350718e-02 9.156403e-03 1.371565e-02 4.783730e-03 1.707859e-01 2.722500e-02
1.525415e-02 9.150768e-01 6.936809e-02 1.141795e-01 2.144003e-02 -2.698440e-01 3.754335e-02 8.038644e-02 6.822283e-03 1.890782e-02 4.082548e-03 2.019904e-01 1.594161e-02
1.854426e-02 8.251004e-01 8.354751e-02 1.046032e-01 1.921214e-02 -1.952148e-01 3.738969e-02 8.272772e-02 5.106426e-03 1.124696e-02 4.669713e-03 1.480379e-01 1.618526e-02
2.243257e-02 9.040007e-01 8.165763e-02 9.094473e-02 3.140941e-02 -2.448771e-01 3.419109e-02 9.654304e-02 6.583911e-03 2.273066e-02 1.348505e-02 2.394176e-01 2.176934e-02
8.673926e-03 6.932315e-01 7.174953e-02 6.576453e-02 2.086837e-02 -2.077704e-01 3.292009e-02 6.548324e-02 6.526181e-03 3.305732e-02 1.069946e-02 1.478379e-01 8.284041e-03
8.973027e-03 8.173536e-01 8.196627e-02 1.104635e-01 2.481930e-02 -2.241575e-01 3.882603e-02 7.122792e-02 6.620943e-03 2.339573e-02 7.684399e-03 1.519377e-01 2.058977e-02
9.870329e-03 8.348429e-01 7.091407e-02 7.668164e-02 1.247284e-02 -2.276987e-01 1.850201e-02 7.219034e-02 6.837077e-03 3.792745e-02 5.086085e-03 1.625325e-01 3.869534e-03
1.136583e-02 8.822052e-01 1.739267e-01 8.267832e-02 1.660528e-02 -2.723095e-01 5.423538e-02 8.052982e-02 3.764495e-03 3.602414e-02 5.409196e-03 1.876100e-01 1.671123e-02
1.345954e-02 1.006010e+00 1.577516e-01 7.801293e-02 2.922358e-02 -3.225335e-01 6.672072e-02 8.202001e-02 1.143523e-02 2.884541e-02 7.338812e-03 2.029436e-01 2.674919e-02
1.615145e-02 6.812570e-01 5.087493e-02 7.926428e-02 1.254071e-02 -2.109656e-01 2.779052e-02 7.613555e-02 6.275363e-03 2.360156e-02 5.427204e-03 1.764788e-01 8.820314e-03
1.944156e-02 8.227016e-01 1.367757e-01 1.053749e-01 1.949540e-02 -2.515876e-01 6.793349e-02 9.983281e-02 4.339160e-03 1.999068e-02 6.118327e-03 2.132065e-01 3.230442e-02
2.332987e-02 8.448744e-01 5.854682e-02 8.973945e-02 2.249374e-02 -2.183028e-01 2.315793e-02 1.144520e-01 8.568221e-03 3.035521e-02 1.644320e-02 2.334543e-01 2.407445e-02
1.016943e-02 9.718394e-01 1.608435e-01 8.993688e-02 2.968412e-02 -2.947236e-01 5.333578e-02 6.374945e-02 1.055353e-02 2.129003e-02 5.870764e-03 1.778165e-01 2.268365e-02
1.046853e-02 4.485563e-01 3.900131e-02 5.490976e-02 5.486479e-03 -1.317335e-01 1.464241e-02 6.571993e-02 4.699603e-03 4.022179e-02 4.327932e-03 1.368911e-01 1.111100e-02
1.136583e-02 9.597767e-01 1.815164e-01 1.199661e-01 3.845386e-02 -2.309975e-01 3.335123e-02 7.856015e-02 6.130066e-03 2.380452e-02 7.679468e-03 1.519873e-01 8.813238e-03
1.286134e-02 8.324129e-01 1.476660e-01 7.852082e-02 2.329384e-02 -2.423996e-01 3.847252e-02 6.662500e-02 5.501453e-03 2.518976e-02 8.227877e-03 1.770457e-01 2.201213e-02
1.495504e-02 1.322700e+00 2.062719e-01 1.348454e-01 3.149135e-02 -3.752656e-01 4.877471e-02 7.365698e-02 1.064552e-02 1.088237e-02 1.318689e-02 2.137624e-01 1.321218e-02
1.764695e-02 6.758868e-01 9.919511e-02 7.656355e-02 2.351984e-02 -1.748562e-01 3.961711e-02 8.453162e-02 6.434446e-03 2.960022e-02 9.611672e-03 1.661112e-01 2.089545e-02
2.093706e-02 8.340753e-01 1.022220e-01 8.849502e-02 1.263836e-02 -1.965011e-01 2.355230e-02 9.284655e-02 4.702047e-03 2.203434e-02 5.065870e-03 1.966582e-01 1.371250e-02
2.482537e-02 7.630545e-01 7.253836e-02 9.576977e-02 2.675061e-02 -2.082321e-01 2.868136e-02 1.067894e-01 7.716562e-03 2.210480e-02 1.347910e-02 2.246645e-01 3.020994e-02
1.226314e-02 7.353161e-01 9.872745e-02 7.433078e-02 1.730436e-02 -2.322565e-01 4.385525e-02 7.970116e-02 9.533024e-03 3.887578e-02 1.065559e-02 1.797320e-01 2.010322e-02
1.256224e-02 8.319182e-01 1.287493e-01 8.877929e-02 1.873025e-02 -2.299343e-01 3.586854e-02 7.005356e-02 5.185061e-03 2.809015e-02 6.581360e-03 1.741025e-01 1.113375e-02
1.345954e-02 1.040062e+00 8.241641e-02 1.517197e-01 2.197722e-02 -2.508278e-01 4.460620e-02 9.567388e-02 9.719057e-03 3.284866e-02 1.332221e-02 1.928129e-01 2.588470e-02
1.495504e-02 1.064076e+00 1.094391e-01 1.161174e-01 1.517101e-02 -2.650555e-01 4.392308e-02 7.969905e-02 6.244218e-03 2.220648e-02 3.114102e-03 1.947728e-01 2.793152e-02
1.704875e-02 9.293073e-01 7.105233e-02 1.025466e-01 2.438250e-02 -2.679017e-01 4.014371e-02 7.980120e-02 9.575406e-03 1.994667e-02 7.860164e-03 1.875964e-01 1.941797e-02
1.974066e-02 7.247605e-01 1.301600e-01 1.087855e-01 2.285640e-02 -1.685273e-01 3.071655e-02 9.525316e-02 7.960621e-03 1.693511e-02 3.668544e-03 1.699736e-01 1.689628e-02
2.303077e-02 8.499368e-01 9.766943e-02 8.221784e-02 2.230066e-02 -2.156692e-01 3.096172e-02 1.073757e-01 3.790608e-03 3.907626e-02 9.649800e-03 2.255766e-01 1.154770e-02
2.691908e-02 8.620082e-01 1.091422e-01 8.302484e-02 2.737077e-02 -2.631542e-01 3.730921e-02 1.226412e-01 8.741429e-03 4.106246e-02 1.443464e-02 3.299247e-01 3.823818e-02
1.495504e-02 1.322640e+00 2.277975e-01 1.461320e-01 3.429548e-02 -3.683825e-01 6.292537e-02 8.578001e-02 5.161485e-03 1.005313e-02 9.974470e-03 2.177165e-01 2.345466e-02
1.525415e-02 1.146798e+00 2.974175e-01 9.467289e-02 2.262864e-02 -3.444120e-01 1.211733e-01 7.529453e-02 8.783162e-03 2.006474e-02 1.808772e-02 2.120374e-01 4.476612e-02
1.615145e-02 6.591134e-01 4.843209e-02 6.961113e-02 9.002821e-03 -1.743570e-01 2.830531e-02 6.693079e-02 7.190692e-03 3.418475e-02 1.033157e-02 1.755895e-01 1.479560e-02
1.764695e-02 1.124361e+00 1.114841e-01 1.292766e-01 1.907228e-02 -3.304701e-01 7.475798e-02 1.038552e-01 8.693307e-03 2.255186e-02 5.462628e-03 2.332080e-01 4.203729e-02
1.974066e-02 9.031482e-01 1.916608e-01 1.027132e-01 2.903663e-02 -2.740602e-01 6.246446e-02 9.881673e-02 6.570789e-03 3.306125e-02 5.503708e-03 2.450110e-01 2.374067e-02
2.243257e-02 1.002902e+00 1.203649e-01 8.751245e-02 2.965026e-02 -2.819783e-01 2.203311e-02 9.573951e-02 4.363188e-03 2.704080e-02 1.393918e-02 2.384690e-01 1.973220e-02
2.572268e-02 6.898188e-01 1.530634e-01 9.912630e-02 2.227784e-02 -1.818950e-01 6.552505e-02 1.097123e-01 1.140666e-02 1.226069e-02 1.061016e-02 2.309884e-01 3.245384e-02
2.961099e-02 7.939013e-01 8.853550e-02 1.153056e-01 4.382796e-02 -2.185525e-01 2.531711e-02 1.450657e-01 1.242338e-02 3.393139e-02 1.604654e-02 2.942281e-01 2.173059e-02
1.824515e-02 7.586081e-01 1.070362e-01 8.772005e-02 2.119038e-02 -2.214521e-01 4.381282e-02 8.603103e-02 7.575201e-03 2.611729e-02 9.395191e-03 2.046690e-01 1.996552e-02
1.854426e-02 8.897954e-01 1.601713e-01 8.047118e-02 1.682270e-02 -2.490863e-01 6.661047e-02 8.956469e-02 9.407770e-03 2.998772e-02 6.658668e-03 2.013911e-01 3.077209e-02
1.944156e-02 8.878422e-01 1.095845e-01 1.093193e-01 2.607418e-02 -2.736708e-01 3.594857e-02 1.072230e-01 1.137932e-02 1.804687e-02 6.695890e-03 2.170431e-01 1.108023e-02
2.093706e-02 9.575672e-01 1.620623e-01 1.361061e-01 2.688830e-02 -2.301109e-01 5.653665e-02 1.036895e-01 8.407765e-03 1.025978e-02 1.276805e-02 1.931498e-01 1.004807e-02
2.303077e-02 8.411583e-01 5.819259e-02 6.984846e-02 1.645955e-02 -2.363850e-01 2.437891e-02 9.875824e-02 6.666982e-03 2.492138e-02 7.779755e-03 2.065961e-01 1.951525e-02
2.572268e-02 9.929456e-01 1.058587e-01 1.462076e-01 2.578661e-02 -2.657991e-01 3.094766e-02 1.396101e-01 5.570751e-03 9.604476e-03 1.567000e-02 2.398018e-01 1.443678e-02
2.901279e-02 9.348041e-01 7.235073e-02 1.078874e-01 2.561570e-02 -2.109413e-01 2.291105e-02 1.215365e-01 8.667813e-03 2.994776e-02 1.470406e-02 2.513265e-01 2.009344e-02
3.290110e-02 8.976172e-01 1.216622e-01 1.492868e-01 2.103413e-02 -1.903823e-01 1.143917e-02 1.833436e-01 1.481522e-02 4.633672e-02 2.245793e-02 3.195923e-01 3.741777e-02
2.213347e-02 9.594634e-01 7.462884e-02 1.067060e-01 9.756233e-03 -2.758471e-01 3.607220e-02 9.184187e-02 8.416869e-03 1.917807e-02 8.153568e-03 2.458263e-01 2.334474e-02
2.243257e-02 1.027460e+00 1.543931e-01 1.450200e-01 3.546855e-02 -2.802144e-01 8.860249e-02 1.205732e-01 8.126355e-03 1.370741e-02 9.394781e-03 2.411807e-01 4.482018e-02
2.332987e-02 9.966801e-01 1.310071e-01 1.008562e-01 3.207776e-02 -3.225801e-01 4.600632e-02 9.717947e-02 4.652907e-03 1.603527e-02 1.234660e-02 2.661472e-01 1.736234e-02
2.482537e-02 9.888132e-01 6.627967e-02 1.148510e-01 1.894236e-02 -2.761765e-01 2.712243e-02 1.050102e-01 6.540578e-03 1.414905e-02 6.707582e-03 2.531384e-01 1.633303e-02
2.691908e-02 9.123473e-01 1.456203e-01 1.106274e-01 3.744513e-02 -2.104745e-01 2.983987e-02 1.102123e-01 7.420491e-03 1.327020e-02 1.334999e-02 2.280016e-01 4.205230e-02
2.961099e-02 9.009777e-01 1.553589e-01 1.040182e-01 2.823720e-02 -2.532768e-01 4.697667e-02 1.387096e-01 1.823643e-02 1.044959e-02 1.421143e-02 2.827262e-01 2.921495e-02
3.290110e-02 1.032986e+00 1.359876e-01 1.764332e-01 3.812790e-02 -3.152874e-01 6.522841e-02 1.738437e-01 1.719375e-02 -2.132213e-02 3.322095e-02 3.539359e-01 3.796859e-02
3.678941e-02 1.045405e+00 5.281574e-02 1.722597e-01 4.443295e-02 -2.902403e-01 7.780016e-02 2.265873e-01 4.006827e-02 -1.271629e-02 1.992748e-02 3.459729e-01 3.383733e-02
1.076763e-02 7.502963e-01 8.697431e-02 7.420866e-02 1.031230e-02 -2.352907e-01 2.972646e-02 6.710808e-02 6.227373e-03 3.144419e-02 4.746811e-03 1.803685e-01 2.117208e-02
1.106673e-02 1.349741e+00 2.032042e-01 1.294711e-01 3.128042e-02 -4.268383e-01 8.010782e-02 7.452914e-02 7.718691e-03 1.586274e-02 1.214321e-02 2.419466e-01 2.561229e-02
1.196404e-02 1.131214e+00 1.187274e-01 1.098349e-01 2.293748e-02 -3.325879e-01 6.994795e-02 7.904215e-02 9.279544e-04 2.569298e-02 1.047133e-02 1.985242e-01 3.775939e-02
1.345954e-02 9.058759e-01 9.310008e-02 7.172176e-02 1.527690e-02 -3.029336e-01 3.655670e-02 7.227588e-02 8.529327e-03 3.252352e-02 1.041737e-02 2.196017e-01 1.801739e-02
1.555325e-02 9.214174e-01 1.256963e-01 1.214805e-01 3.076780e-02 -2.445923e-01 4.753328e-02 9.930108e-02 1.221445e-02 3.229542e-02 4.474398e-03 1.990837e-01 2.029457e-02
1.824515e-02 9.657889e-01 2.343342e-01 1.172265e-01 2.704341e-02 -2.671033e-01 9.166804e-02 9.161260e-02 8.266617e-03 1.963362e-02 4.449812e-03 2.030935e-01 3.809678e-02
2.153526e-02 1.217403e+00 1.882183e-01 1.213239e-01 4.585625e-02 -3.669775e-01 4.542532e-02 1.031582e-01 1.526357e-02 1.873830e-02 4.454188e-03 2.701874e-01 2.129514e-02
2.542358e-02 9.376855e-01 1.763462e-01 1.307097e-01 1.755377e-02 -2.404047e-01 6.436351e-02 1.201791e-01 9.304429e-03 5.690646e-03 1.426355e-02 2.181568e-01 2.227833e-02
1.106673e-02 1.250384e+00 3.356303e-01 1.558102e-01 5.979118e-02 -3.305728e-01 8.800357e-02 8.819505e-02 1.451800e-02 1.583892e-02 1.576434e-02 1.873699e-01 2.301939e-02
1.136583e-02 8.845282e-01 1.839266e-01 8.960805e-02 2.920147e-02 -2.590900e-01 6.408768e-02 6.156479e-02 7.610893e-03 2.021236e-02 8.060625e-03 1.682837e-01 1.995293e-02
1.226314e-02 1.216040e+00 1.843954e-01 8.701801e-02 4.434037e-02 -3.740057e-01 3.738097e-02 6.582763e-02 5.445431e-03 2.379481e-02 1.715303e-02 2.229874e-01 1.132786e-02
1.375864e-02 7.003459e-01 2.944032e-02 7.277936e-02 1.325626e-02 -1.983187e-01 2.031428e-02 7.627908e-02 4.805508e-03 3.401997e-02 5.671951e-03 1.624203e-01 1.728672e-02
1.585235e-02 6.187829e-01 6.447291e-02 5.968567e-02 2.218748e-02 -1.746739e-01 1.986440e-02 9.757764e-02 9.928260e-03 5.746418e-02 3.964807e-03 1.865212e-01 1.046681e-02
1.854426e-02 8.795946e-01 8.888457e-02 1.017020e-01 6.610024e-03 -2.543677e-01 2.505137e-02 8.253763e-02 7.975670e-03 1.652528e-02 5.497518e-03 1.897418e-01 1.474282e-02
2.183436e-02 8.838132e-01 1.388775e-01 1.099713e-01 2.264396e-02 -2.281728e-01 3.974663e-02 1.005030e-01 3.995161e-03 1.598605e-02 5.235874e-03 2.033298e-01 2.905166e-02
2.572268e-02 8.398691e-01 9.335234e-02 1.115204e-01 6.304955e-03 -2.501711e-01 3.177893e-02 1.227346e-01 1.036921e-02 2.415759e-02 7.242866e-03 2.560607e-01 2.279780e-02
1.196404e-02 8.060681e-01 9.767239e-02 9.299030e-02 2.336456e-02 -2.495765e-01 2.043233e-02 6.629655e-02 4.989757e-03 2.159449e-02 6.166755e-03 1.872915e-01 1.933524e-02
1.226314e-02 7.717388e-01 8.855516e-02 6.876675e-02 1.970636e-02 -2.507086e-01 3.862384e-02 7.108464e-02 8.097965e-03 2.943959e-02 1.092612e-02 1.789884e-01 2.346658e-02
1.316044e-02 7.715720e-01 1.143929e-01 6.789751e-02 1.079858e-02 -2.472224e-01 5.886835e-02 7.145888e-02 6.956529e-03 2.833697e-02 5.789763e-03 1.844958e-01 2.924980e-02
1.465594e-02 6.061215e-01 7.160252e-02 7.205885e-02 6.882859e-03 -1.757659e-01 3.252835e-02 6.707337e-02 4.715968e-03 2.194113e-02 5.725740e-03 1.586848e-01 2.263226e-02
1.674965e-02 9.251532e-01 1.676534e-01 1.032252e-01 2.650800e-02 -2.691380e-01 5.768570e-02 8.556357e-02 7.264749e-03 1.922632e-02 6.154830e-03 1.917868e-01 2.425632e-02
1.944156e-02 1.239884e+00 1.767783e-01 1.322704e-01 3.053566e-02 -4.036326e-01 5.725609e-02 8.766049e-02 6.123775e-03 -2.184729e-03 1.090207e-02 2.737632e-01 1.901631e-02
2.273167e-02 6.798867e-01 3.286145e-02 7.378521e-02 2.317569e-02 -1.830482e-01 1.323347e-02 1.000729e-01 7.871273e-03 3.102795e-02 1.189208e-02 2.134720e-01 1.888457e-02
2.661998e-02 8.015700e-01 1.185672e-01 7.960194e-02 1.375993e-02 -2.463087e-01 3.943356e-02 1.184327e-01 9.036009e-03 1.817200e-02 1.366713e-02 2.521219e-01 2.395251e-02
1.345954e-02 9.246216e-01 8.570492e-02 1.049303e-01 2.372322e-02 -2.609642e-01 2.262232e-02 7.786134e-02 6.251184e-03 2.361403e-02 1.003793e-02 1.762247e-01 8.838539e-03
1.375864e-02 7.543131e-01 1.182110e-01 6.161428e-02 1.452167e-02 -2.371069e-01 5.608214e-02 6.318376e-02 4.312350e-03 2.632301e-02 7.713188e-03 1.681198e-01 2.742488e-02
1.465594e-02 8.014474e-01 1.618250e-01 8.694840e-02 9.672183e-03 -2.246754e-01 7.546430e-02 8.572942e-02 3.982985e-03 4.321210e-02 9.815913e-03 1.934832e-01 3.319551e-02
1.615145e-02 7.869820e-01 1.085450e-01 6.128092e-02 1.577921e-02 -2.408997e-01 3.828598e-02 7.590053e-02 5.807546e-03 4.444913e-02 5.489022e-03 2.064982e-01 1.800091e-02
1.824515e-02 1.064353e+00 2.473472e-01 1.079422e-01 2.718590e-02 -2.912445e-01 8.966761e-02 1.019750e-01 8.563162e-03 3.892190e-02 1.503435e-02 2.240188e-01 3.293934e-02
2.093706e-02 7.554944e-01 3.283188e-02 1.129464e-01 1.445534e-02 -1.792999e-01 1.275005e-02 1.119117e-01 8.852908e-03 2.850906e-02 1.324729e-02 1.841430e-01 1.169588e-02
2.422717e-02 9.143454e-01 1.523492e-01 1.151646e-01 1.272030e-02 -2.187050e-01 4.137615e-02 1.235641e-01 1.098587e-02 3.299697e-02 4.219433e-03 2.355363e-01 9.497305e-03
2.811548e-02 7.808176e-01 6.457994e-02 1.022300e-01 2.413918e-02 -2.290207e-01 3.505800e-02 1.356881e-01 1.465280e-02 2.209619e-02 8.891691e-03 3.102830e-01 2.873876e-02
1.555325e-02 8.842205e-01 1.458543e-01 1.161587e-01 2.993039e-02 -2.303032e-01 4.563307e-02 8.342428e-02 3.124746e-03 1.949700e-02 9.741041e-03 1.585050e-01 1.113371e-02
1.585235e-02 8.650612e-01 8.766737e-02 7.027841e-02 8.086092e-03 -2.813696e-01 4.038393e-02 6.878422e-02 5.374255e-03 3.254443e-02 5.270182e-03 2.176115e-01 2.484289e-02
1.674965e-02 7.369080e-01 1.166408e-01 8.558641e-02 1.472443e-02 -1.755369e-01 2.995569e-02 8.174249e-02 4.148564e-03 3.564790e-02 8.779304e-03 1.629798e-01 1.611441e-02
1.824515e-02 9.566215e-01 6.625610e-02 8.902897e-02 2.196952e-02 -2.928377e-01 4.789748e-02 1.051533e-01 1.170403e-02 4.095917e-02 8.473865e-03 2.304545e-01 1.943336e-02
2.033886e-02 7.120711e-01 1.018169e-01 8.854135e-02 2.485584e-02 -1.953770e-01 3.746295e-02 9.020788e-02 9.593706e-03 2.260356e-02 6.790093e-03 1.923491e-01 2.233050e-02
2.303077e-02 8.834139e-01 6.109962e-02 1.276706e-01 6.702872e-03 -2.255468e-01 3.542367e-02 1.203194e-01 8.034358e-03 2.399593e-02 5.312650e-03 2.279944e-01 1.809879e-02
2.632088e-02 7.759721e-01 1.228085e-01 6.662022e-02 2.290359e-02 -2.178802e-01 2.619404e-02 1.004597e-01 5.003368e-03 2.907328e-02 4.680160e-03 2.699008e-01 3.213538e-02
3.020919e-02 8.936875e-01 1.069955e-01 1.238694e-01 2.107400e-02 -2.147921e-01 5.352901e-02 1.459556e-01 8.586324e-03 2.848453e-02 1.787493e-02 3.098683e-01 3.299716e-02
1.824515e-02 9.081191e-01 4.063887e-02 1.062913e-01 1.869082e-02 -2.365658e-01 2.231247e-02 9.021478e-02 8.971127e-03 3.828508e-02 4.740434e-03 2.152984e-01 1.011759e-02
1.854426e-02 7.812565e-01 4.760413e-02 8.093731e-02 7.132571e-03 -2.206373e-01 2.867986e-02 9.916638e-02 7.539323e-03 3.912394e-02 6.211003e-03 2.005911e-01 1.439819e-02
1.944156e-02 8.197250e-01 1.341922e-01 1.005981e-01 1.640124e-02 -2.336993e-01 5.611434e-02 1.022315e-01 3.502142e-03 2.661787e-02 7.781884e-03 2.050422e-01 2.041902e-02
2.093706e-02 8.669295e-01 7.021904e-02 9.400459e-02 1.329213e-02 -2.584437e-01 4.094037e-02 9.319477e-02 6.558931e-03 1.911308e-02 7.552506e-03 2.233806e-01 3.368409e-02
2.303077e-02 8.310384e-01 9.181381e-02 8.273974e-02 1.798410e-02 -2.228311e-01 3.386084e-02 1.018304e-01 1.021179e-02 2.568460e-02 9.141280e-03 1.993726e-01 1.130220e-02
2.572268e-02 1.115945e+00 1.263974e-01 1.499958e-01 1.769011e-02 -2.730748e-01 5.058539e-02 1.162562e-01 5.318068e-03 7.900768e-03 8.052615e-03 2.422862e-01 1.804145e-02
2.901279e-02 9.424063e-01 1.406728e-01 1.089949e-01 2.897951e-02 -2.619615e-01 4.091289e-02 1.292909e-01 1.170802e-02 6.327675e-03 1.288577e-02 2.811036e-01 2.242739e-02
3.290110e-02 9.371158e-01 9.012320e-02 1.153394e-01 3.182373e-02 -2.367065e-01 3.615969e-02 1.740515e-01 1.435118e-02 8.554914e-03 1.559222e-02 3.286643e-01 2.134976e-02
2.153526e-02 9.831773e-01 4.585277e-02 1.305990e-01 1.919484e-02 -2.648515e-01 1.804804e-02 1.039407e-01 6.664513e-03 2.662343e-02 1.006388e-02 2.366599e-01 1.668888e-02
2.183436e-02 7.461222e-01 7.952351e-02 7.644420e-02 1.959415e-02 -2.426688e-01 3.322165e-02 9.062802e-02 5.477969e-03 2.587159e-02 5.541394e-03 2.247593e-01 2.309744e-02
2.273167e-02 7.533090e-01 8.848968e-02 9.819698e-02 2.473080e-02 -1.977572e-01 4.618971e-02 1.123051e-01 5.306847e-03 3.000290e-02 1.020635e-02 2.162905e-01 1.960632e-02
2.422717e-02 1.010267e+00 9.869117e-02 1.649601e-01 3.445089e-02 -2.646516e-01 4.162595e-02 1.364576e-01 9.813060e-03 5.885034e-03 1.591752e-02 2.279872e-01 1.598833e-02
2.632088e-02 8.289213e-01 8.705615e-02 1.195335e-01 2.852960e-02 -2.518431e-01 3.533335e-02 1.395774e-01 5.603013e-03 1.620339e-02 1.207190e-02 2.999064e-01 2.371312e-02
2.901279e-02 9.625327e-01 6.433001e-02 1.476305e-01 1.544703e-02 -2.153373e-01 4.071901e-02 1.413232e-01 6.983510e-03 2.214623e-02 1.391607e-02 2.801147e-01 2.107240e-02
3.230290e-02 9.403474e-01 5.300362e-02 1.469962e-01 2.542907e-02 -2.937917e-01 4.612047e-02 1.461110e-01 1.470246e-02 -9.362742e-03 2.135811e-02 3.718093e-01 2.887613e-02
3.619121e-02 8.606740e-01 1.497317e-01 1.223420e-01 2.829790e-02 -2.674814e-01 5.024846e-02 1.934911e-01 5.676027e-03 -1.492038e-02 2.879678e-02 3.587658e-01 2.991162e-02
2.542358e-02 7.956550e-01 1.681535e-01 1.197297e-01 1.708702e-02 -1.965190e-01 4.523035e-02 1.226141e-01 5.609826e-03 2.068334e-02 1.177052e-02 2.540260e-01 2.110894e-02
2.572268e-02 1.187942e+00 1.423762e-01 1.107655e-01 2.901111e-02 -3.377483e-01 6.630136e-02 1.147575e-01 1.117445e-02 3.003747e-02 9.104361e-03 3.111961e-01 2.562435e-02
2.661998e-02 9.445900e-01 1.285386e-01 1.470497e-01 3.292140e-02 -1.950720e-01 3.923085e-02 1.340284e-01 1.558141e-02 1.298080e-02 1.365630e-02 2.497038e-01 9.301102e-03
2.811548e-02 9.823919e-01 3.333033e-02 1.062648e-01 2.507528e-02 -2.353878e-01 5.671325e-02 1.235519e-01 6.073989e-03 2.871710e-02 1.383600e-02 2.660215e-01 2.800251e-02
3.020919e-02 9.502857e-01 1.117900e-01 1.120339e-01 3.447078e-02 -2.290252e-01 4.648745e-02 1.562253e-01 1.051648e-02 2.067969e-02 1.305117e-02 2.913895e-01 3.402687e-02
3.290110e-02 9.006385e-01 8.426700e-02 9.403937e-02 2.448865e-02 -2.548896e-01 3.759574e-02 1.704044e-01 1.223189e-02 4.539676e-03 1.399186e-02 3.123055e-01 3.392212e-02
3.619121e-02 9.510019e-01 8.705521e-02 1.510891e-01 4.268461e-02 -2.275464e-01 2.662281e-02 1.794467e-01 2.357156e-02 -5.592405e-03 1.979087e-02 3.874358e-01 5.708907e-02
4.007952e-02 9.186594e-01 9.378818e-02 9.473733e-02 1.985157e-02 -3.078707e-01 6.367490e-02 2.066553e-01 1.377861e-02 -4.697818e-04 1.812289e-02 4.596572e-01 6.353296e-02
1.465594e-02 8.709362e-01 1.337975e-01 1.340712e-01 2.179919e-02 -2.146228e-01 4.503524e-02 8.430478e-02 4.207452e-03 1.315057e-02 5.120632e-03 1.657144e-01 1.846575e-02
1.495504e-02 1.013229e+00 1.844700e-01 9.193780e-02 1.830810e-02 -3.018297e-01 5.120029e-02 8.331807e-02 6.860465e-03 3.041598e-02 9.510829e-03 2.036919e-01 1.718309e-02
1.585235e-02 9.950335e-01 1.519774e-01 1.260140e-01 2.448658e-02 -2.676653e-01 4.524778e-02 7.993374e-02 4.333980e-03 7.361070e-03 1.071289e-02 1.785856e-01 1.453533e-02
1.734785e-02 9.171859e-01 1.194026e-01 1.287677e-01 2.721151e-02 -2.523974e-01 4.305069e-02 1.039529e-01 1.068593e-02 2.230153e-02 9.620368e-03 1.859931e-01 1.698528e-02
1.944156e-02 1.162866e+00 1.498995e-01 1.176629e-01 2.967002e-02 -3.494485e-01 6.861627e-02 8.778224e-02 1.371382e-02 1.607242e-02 1.752244e-02 2.615352e-01 3.511623e-02
2.213347e-02 9.350697e-01 4.466776e-02 8.830691e-02 1.481234e-02 -2.723939e-01 2.820804e-02 1.008225e-01 7.130010e-03 1.596318e-02 1.313663e-02 2.215877e-01 2.181247e-02
2.542358e-02 8.869583e-01 2.065484e-01 1.105724e-01 2.902415e-02 -2.323937e-01 6.358178e-02 1.070385e-01 8.942519e-03 1.124550e-02 1.477553e-02 2.445048e-01 2.843097e-02
2.931189e-02 9.212554e-01 6.977333e-02 7.088551e-02 2.619739e-02 -2.922666e-01 4.179212e-02 1.206613e-01 1.214919e-02 2.138128e-02 2.229361e-02 3.137107e-01 3.527798e-02
1.495504e-02 1.074063e+00 2.970377e-01 1.453613e-01 4.234656e-02 -3.134371e-01 1.007594e-01 8.321144e-02 6.944304e-03 8.520197e-03 1.867469e-02 2.069229e-01 3.280614e-02
1.525415e-02 8.995036e-01 1.459197e-01 8.852363e-02 2.232257e-02 -2.468719e-01 2.374333e-02 8.170634e-02 3.625727e-03 3.526759e-02 9.012660e-03 1.868848e-01 1.074710e-02
1.615145e-02 1.071360e+00 1.028461e-01 1.326764e-01 2.426454e-02 -2.471420e-01 4.630313e-02 8.888767e-02 5.755338e-03 2.411657e-02 1.422087e-02 1.805492e-01 1.075877e-02
1.764695e-02 1.064905e+00 1.382015e-01 1.213360e-01 2.775724e-02 -3.144391e-01 3.620111e-02 9.433303e-02 9.432027e-03 1.545604e-02 8.947292e-03 2.101133e-01 2.983976e-02
1.974066e-02 8.740735e-01 1.130490e-01 6.038255e-02 1.560030e-02 -2.801277e-01 4.632835e-02 8.803685e-02 5.516640e-03 4.026559e-02 4.942642e-03 2.392525e-01 1.264147e-02
2.243257e-02 8.242785e-01 4.751227e-02 9.339313e-02 2.498129e-02 -1.885032e-01 1.721433e-02 9.873029e-02 7.450558e-03 3.888967e-02 1.432394e-02 2.043817e-01 1.758105e-02
2.572268e-02 9.779049e-01 1.441729e-01 1.371711e-01 4.445051e-02 -2.685049e-01 5.170697e-02 1.343292e-01 6.715192e-03 2.468229e-02 2.318728e-02 2.505838e-01 1.617274e-02
2.961099e-02 9.984230e-01 1.077183e-01 1.047552e-01 1.775999e-02 -2.313175e-01 4.413626e-02 1.314432e-01 7.392619e-03 2.049976e-02 1.238826e-02 2.737584e-01 8.302418e-03
1.585235e-02 1.090904e+00 1.036868e-01 1.168537e-01 2.131095e-02 -3.446221e-01 3.311719e-02 8.551394e-02 9.050985e-03 2.335527e-02 6.206914e-03 2.336210e-01 1.310684e-02
1.615145e-02 9.045629e-01 1.323609e-01 1.345236e-01 2.255629e-02 -2.426826e-01 3.796285e-02 9.253007e-02 8.912084e-03 1.301170e-02 2.894586e-03 1.847047e-01 2.004339e-02
1.704875e-02 7.466661e-01 1.690033e-01 1.111741e-01 2.317923e-02 -1.832313e-01 3.397630e-02 9.532663e-02 7.434823e-03 2.555524e-02 5.452501e-03 1.623030e-01 1.999881e-02
1.854426e-02 1.002821e+00 1.370034e-01 1.357645e-01 2.172916e-02 -2.466780e-01 4.208184e-02 1.030635e-01 5.874298e-03 2.591223e-02 1.009080e-02 2.113702e-01 1.639498e-02
2.063796e-02 9.915735e-01 7.680152e-02 1.116481e-01 3.138496e-02 -2.529402e-01 1.814733e-02 1.012502e-01 1.141325e-02 1.217459e-02 5.765045e-03 2.042015e-01 1.289569e-02
2.332987e-02 8.520760e-01 8.021297e-02 1.293383e-01 1.872777e-02 -2.058019e-01 2.468554e-02 1.220182e-01 1.035445e-02 1.592868e-02 3.504748e-03 1.963379e-01 1.622974e-02
2.661998e-02 1.038932e+00 7.912463e-02 1.024246e-01 1.518264e-02 -2.911114e-01 4.462162e-02 1.294515e-01 8.820476e-03 1.520938e-02 1.228132e-02 2.680767e-01 1.409648e-02
3.050829e-02 1.216804e+00 2.287940e-01 1.873520e-01 3.007986e-02 -3.089731e-01 7.238453e-02 1.584676e-01 1.122320e-02 2.044715e-03 1.450233e-02 3.460483e-01 3.880575e-02
1.734785e-02 8.632189e-01 1.620471e-01 9.326967e-02 2.608353e-02 -2.580995e-01 6.900948e-02 8.590362e-02 6.483738e-03 2.807118e-02 1.125852e-02 2.151559e-01 3.782446e-02
1.764695e-02 6.949777e-01 6.379412e-02 4.725256e-02 1.525937e-02 -1.760290e-01 3.114078e-02 7.124109e-02 6.529019e-03 2.910154e-02 4.976554e-03 1.728819e-01 1.752924e-02
1.854426e-02 8.493319e-01 7.733858e-02 1.092260e-01 3.404071e-02 -2.468792e-01 2.682244e-02 9.613470e-02 1.036959e-02 1.965049e-02 4.100198e-03 2.007247e-01 1.761934e-02
2.003976e-02 9.218804e-01 6.914872e-02 7.856524e-02 1.857628e-02 -2.782015e-01 3.548149e-02 7.953891e-02 1.200197e-02 2.038985e-02 8.260233e-03 2.071876e-01 1.182580e-02
2.213347e-02 1.099561e+00 8.825020e-02 1.405347e-01 2.105382e-02 -2.522639e-01 6.059808e-02 1.070632e-01 6.074472e-03 1.334856e-02 1.339001e-02 2.052289e-01 2.312261e-02
2.482537e-02 1.089154e+00 1.359578e-01 1.210818e-01 1.979154e-02 -3.260163e-01 4.629922e-02 1.249854e-01 1.266451e-02 2.652677e-02 1.185127e-02 2.880921e-01 2.336456e-02
2.811548e-02 8.383505e-01 1.126538e-01 9.908097e-02 1.809195e-02 -2.633804e-01 3.761470e-02 1.392023e-01 8.443866e-03 3.900215e-02 1.900424e-02 2.972338e-01 2.594911e-02
3.200380e-02 9.995382e-01 1.657380e-01 1.572421e-01 2.898545e-02 -3.129839e-01 6.990517e-02 1.539090e-01 1.194423e-02 -1.695361e-02 7.921139e-03 3.167701e-01 3.596285e-02
1.944156e-02 8.131820e-01 7.647647e-02 1.229497e-01 2.257096e-02 -1.904638e-01 2.436233e-02 1.000360e-01 4.692105e-03 2.689464e-02 7.269958e-03 1.858144e-01 1.305497e-02
1.974066e-02 9.235739e-01 1.703561e-01 9.880525e-02 3.559971e-02 -2.496103e-01 5.245971e-02 9.192737e-02 9.291478e-03 2.661286e-02 1.108246e-02 2.113056e-01 2.074145e-02
2.063796e-02 8.889231e-01 7.985798e-02 1.302742e-01 9.413320e-03 -2.116492e-01 1.964039e-02 9.544891e-02 8.077425e-03 2.127542e-02 6.213807e-03 2.060073e-01 1.377648e-02
2.213347e-02 1.046348e+00 1.217359e-01 1.533813e-01 4.594812e-02 -2.587667e-01 3.176553e-02 1.302760e-01 1.149234e-02 1.814012e-02 1.213175e-02 2.073546e-01 1.290200e-02
2.422717e-02 1.023047e+00 1.959892e-01 1.524993e-01 3.574238e-02 -2.562906e-01 6.352699e-02 1.241043e-01 9.228621e-03 2.495401e-02 7.572833e-03 2.521106e-01 2.853640e-02
2.691908e-02 1.137009e+00 1.634596e-01 1.161599e-01 2.393572e-02 -3.378372e-01 5.475938e-02 1.181357e-01 1.211826e-02 1.404124e-02 6.043111e-03 3.136215e-01 3.072891e-02
3.020919e-02 9.614188e-01 9.473930e-02 1.184616e-01 1.430869e-02 -2.627793e-01 4.722540e-02 1.549516e-01 1.297496e-02 4.512652e-03 9.942026e-03 2.991302e-01 3.367308e-02
3.409750e-02 7.842750e-01 8.127467e-02 7.410386e-02 2.556701e-02 -2.586297e-01 3.867081e-02 1.487331e-01 7.759095e-03 1.334878e-02 1.126075e-02 3.773946e-01 2.819869e-02
2.213347e-02 1.014286e+00 1.560042e-01 1.206747e-01 2.977456e-02 -2.484307e-01 4.420403e-02 1.092070e-01 1.315405e-02 3.890649e-02 9.053799e-03 2.458401e-01 2.146013e-02
2.243257e-02 9.322214e-01 1.384887e-01 1.098207e-01 1.308875e-02 -2.262260e-01 5.228094e-02 1.161284e-01 5.516754e-03 3.102758e-02 9.193912e-03 2.062552e-01 1.364836e-02
2.332987e-02 9.987889e-01 1.541731e-01 1.244712e-01 2.264820e-02 -2.956644e-01 6.019060e-02 1.266578e-01 8.805172e-03 2.308003e-02 1.070354e-02 2.534506e-01 3.453163e-02
2.482537e-02 1.000215e+00 1.694714e-01 1.387711e-01 1.886535e-02 -2.077067e-01 4.912629e-02 1.237663e-01 8.055203e-03 2.839704e-02 9.472098e-03 2.416996e-01 2.544892e-02
2.691908e-02 8.811001e-01 1.461969e-01 1.093885e-01 2.960820e-02 -1.807180e-01 3.380698e-02 1.422622e-01 1.307270e-02 3.735643e-02 9.233874e-03 2.391163e-01 1.381882e-02
2.961099e-02 9.760197e-01 1.248746e-01 1.062729e-01 2.803121e-02 -2.826926e-01 5.494323e-02 1.412402e-01 8.204948e-03 2.640698e-02 8.603199e-03 3.042726e-01 2.761818e-02
3.290110e-02 9.570794e-01 7.546957e-02 1.244426e-01 1.161815e-02 -2.209121e-01 3.346896e-02 1.596146e-01 1.777916e-02 -1.506655e-02 8.442784e-03 2.664121e-01 1.771414e-02
3.678941e-02 8.253947e-01 9.762823e-02 1.434374e-01 2.993360e-02 -2.061924e-01 2.800786e-02 2.359318e-01 2.017007e-02 -5.466246e-03 1.613931e-02 3.527885e-01 1.181616e-02
2.542358e-02 8.375710e-01 9.438979e-02 1.310778e-01 2.635008e-02 -2.404634e-01 4.883359e-02 1.292676e-01 5.761271e-03 2.859805e-03 1.458069e-02 2.286232e-01 2.467641e-02
2.572268e-02 7.658451e-01 6.291413e-02 9.310502e-02 2.541639e-02 -2.181737e-01 3.117264e-02 1.291175e-01 1.275778e-02 2.425068e-02 1.006881e-02 2.203907e-01 2.261235e-02
2.661998e-02 1.117770e+00 7.372422e-02 1.220698e-01 3.684699e-02 -3.179487e-01 4.341105e-02 1.120364e-01 1.431089e-02 1.147926e-02 1.266324e-02 2.652283e-01 3.305671e-02
2.811548e-02 8.937458e-01 1.061851e-01 7.820094e-02 1.956859e-02 -1.997352e-01 6.315135e-02 1.234585e-01 8.737200e-03 3.965112e-02 1.690918e-02 2.529685e-01 3.028441e-02
3.020919e-02 8.557406e-01 9.409308e-02 1.099074e-01 1.327981e-02 -2.264596e-01 3.890648e-02 1.415238e-01 1.029835e-02 2.343690e-02 1.143409e-02 2.648254e-01 3.794081e-02
3.290110e-02 9.108571e-01 4.859610e-02 9.138549e-02 2.168292e-02 -2.827465e-01 4.858992e-02 1.564334e-01 1.073409e-02 1.848017e-02 1.606499e-02 3.092046e-01 2.613458e-02
3.619121e-02 1.082541e+00 8.494776e-02 1.359318e-01 3.541688e-02 -2.911494e-01 2.807318e-02 1.903189e-01 2.988359e-02 2.803582e-02 1.698355e-02 3.745790e-01 3.988482e-02
4.007952e-02 8.779953e-01 8.707131e-02 1.570933e-01 5.138576e-02 -2.459363e-01 1.408191e-02 2.948822e-01 2.843642e-02 -1.494865e-02 2.782935e-02 3.738173e-01 2.416069e-02
2.931189e-02 8.795300e-01 1.049205e-01 1.019378e-01 2.303700e-02 -2.650151e-01 5.012176e-02 1.245435e-01 8.406410e-03 4.336628e-03 1.997430e-02 3.190948e-01 2.109512e-02
2.961099e-02 1.118762e+00 1.091055e-01 1.199994e-01 2.252907e-02 -2.763544e-01 3.415028e-02 1.469228e-01 1.379309e-02 3.207404e-02 2.241097e-02 2.825135e-01 3.003643e-02
3.050829e-02 7.877671e-01 6.886816e-02 8.703979e-02 2.451753e-02 -2.280216e-01 2.159949e-02 1.423468e-01 1.416801e-02 3.379123e-02 1.304703e-02 2.793063e-01 1.979603e-02
3.200380e-02 1.015823e+00 1.757381e-01 1.015877e-01 3.552861e-02 -2.903804e-01 7.710242e-02 1.447981e-01 9.159615e-03 1.366565e-02 2.219145e-02 2.864141e-01 1.876549e-02
3.409750e-02 9.772428e-01 2.455921e-02 8.191139e-02 2.677621e-02 -3.224313e-01 1.152201e-02 1.525715e-01 1.521665e-02 -2.018013e-03 2.209755e-02 3.727588e-01 3.167234e-02
3.678941e-02 9.846003e-01 7.125752e-02 1.018838e-01 4.160014e-03 -3.152351e-01 3.222179e-02 1.694027e-01 7.902795e-03 -1.275583e-02 1.041394e-02 4.054027e-01 3.544861e-02
4.007952e-02 1.123890e+00 1.778688e-01 1.031998e-01 3.760893e-02 -3.243089e-01 5.216000e-02 2.256795e-01 2.904789e-02 -3.715239e-02 1.182211e-02 4.400699e-01 6.050309e-02
4.396783e-02 9.253119e-01 1.303240e-01 1.248489e-01 4.994206e-02 -2.212005e-01 6.454636e-02 3.070309e-01 2.084344e-02 -3.576956e-02 3.403004e-02 4.820498e-01 3.981848e-02
