# k^2  LiLi LiLi_error  LiCl LiCl_error  LiNa LiNa_error  ClCl ClCl_error  ClNa ClNa_error  NaNa NaNa_error
0.000000e+00 4.800000e+02 0.000000e+00 1.239355e+03 0.000000e+00 1.142629e+03 0.000000e+00 3.200000e+03 0.000000e+00 2.950254e+03 0.000000e+00 2.720000e+03 0.000000e+00
2.989654e-04 5.745420e-01 2.058973e-01 5.671285e-02 2.172672e-02 -1.793109e-01 9.659616e-02 5.575099e-02 6.837382e-03 3.751977e-02 4.494676e-03 1.181499e-01 4.519758e-02
1.195862e-03 5.709563e-01 1.136460e-01 5.411992e-02 6.169839e-03 -1.768887e-01 4.399222e-02 6.082424e-02 5.702635e-03 4.421637e-02 7.775845e-03 1.255803e-01 1.671262e-02
2.690689e-03 5.271915e-01 1.174572e-01 5.254191e-02 1.343172e-02 -1.702906e-01 4.534716e-02 5.384393e-02 4.536431e-03 3.321873e-02 4.054354e-03 1.166135e-01 2.015320e-02
4.783446e-03 1.318993e+00 3.491702e-01 1.271291e-01 3.522121e-02 -4.029621e-01 1.187649e-01 6.822864e-02 6.373178e-03 1.312321e-02 1.028754e-02 1.896270e-01 4.346350e-02
7.474135e-03 6.690794e-01 1.253974e-01 7.108748e-02 2.288208e-02 -2.069586e-01 4.252668e-02 6.020785e-02 5.723036e-03 2.717892e-02 7.335403e-03 1.438565e-01 1.831047e-02
1.076275e-02 8.355133e-01 9.989194e-02 8.962008e-02 3.884481e-02 -2.302115e-01 3.845998e-02 7.097902e-02 9.668620e-03 2.681749e-02 8.427317e-03 1.553915e-01 2.495029e-02
1.464930e-02 9.922509e-01 1.328098e-01 1.164630e-01 2.409180e-02 -2.814864e-01 4.907561e-02 8.216726e-02 5.107149e-03 2.332143e-02 8.068949e-03 1.882067e-01 1.951243e-02
2.989654e-04 4.429393e-01 1.525632e-01 9.215113e-02 3.382222e-02 -8.474666e-02 3.316414e-02 6.320148e-02 7.283424e-03 3.093018e-02 1.291706e-02 7.104043e-02 1.164281e-02
5.979308e-04 1.158647e+00 1.489517e-01 1.138153e-01 2.972480e-02 -3.631358e-01 4.314375e-02 6.318212e-02 4.962544e-03 2.076378e-02 8.119071e-03 1.772828e-01 1.693793e-02
1.494827e-03 7.589987e-01 2.614078e-01 1.060913e-01 4.263310e-02 -1.983469e-01 6.959587e-02 6.281192e-02 9.766998e-03 2.208103e-02 8.609959e-03 1.092710e-01 1.975722e-02
2.989654e-03 1.387618e+00 2.627351e-01 8.367235e-02 2.682321e-02 -4.917086e-01 1.272689e-01 5.474364e-02 7.816545e-03 2.330891e-02 3.865649e-03 2.434987e-01 5.888374e-02
5.082412e-03 8.865675e-01 1.069333e-01 1.059292e-01 2.581398e-02 -2.541376e-01 1.730861e-02 7.407967e-02 7.329231e-03 3.156383e-02 9.252724e-03 1.569507e-01 1.142608e-02
7.773101e-03 7.600211e-01 1.244472e-01 7.732771e-02 1.695957e-02 -2.066970e-01 4.349702e-02 6.832078e-02 8.231602e-03 3.945025e-02 5.990959e-03 1.510437e-01 2.229276e-02
1.106172e-02 1.441681e+00 3.041963e-01 1.487775e-01 4.013948e-02 -3.922208e-01 8.152506e-02 7.197919e-02 3.103505e-03 7.330026e-03 1.220850e-02 2.034448e-01 2.184481e-02
1.494827e-02 5.830526e-01 7.535496e-02 5.305172e-02 1.107180e-02 -1.567188e-01 1.704891e-02 7.375363e-02 4.046712e-03 4.611845e-02 5.752912e-03 1.716740e-01 1.680054e-02
1.195862e-03 5.806409e-01 8.714236e-02 5.092081e-02 1.185213e-02 -1.882961e-01 2.636941e-02 5.026270e-02 4.970840e-03 3.276287e-02 5.823068e-03 1.182475e-01 1.280744e-02
1.494827e-03 3.968922e-01 7.065797e-02 6.284807e-02 1.262732e-02 -9.932654e-02 3.063054e-02 5.684998e-02 5.836937e-03 3.418982e-02 5.056103e-03 8.321983e-02 1.114116e-02
2.391723e-03 8.768208e-01 3.788196e-01 1.005463e-01 3.675260e-02 -2.487096e-01 1.146954e-01 6.540513e-02 8.579140e-03 3.061968e-02 6.944312e-03 1.457409e-01 4.550819e-02
3.886550e-03 1.371674e+00 3.741549e-01 1.210915e-01 4.598414e-02 -4.176784e-01 9.619345e-02 6.323974e-02 6.049150e-03 1.724930e-02 1.376111e-02 1.992223e-01 2.620920e-02
5.979308e-03 1.648667e+00 2.903384e-01 1.915436e-01 3.085151e-02 -4.635917e-01 9.997185e-02 6.993545e-02 7.561098e-03 -5.440440e-03 9.484387e-03 2.045343e-01 3.328426e-02
8.669997e-03 6.821236e-01 1.180469e-01 6.277377e-02 1.371835e-02 -1.732810e-01 3.317453e-02 6.288654e-02 1.696257e-03 3.242034e-02 4.737137e-03 1.176501e-01 6.977399e-03
1.195862e-02 7.801457e-01 1.332466e-01 7.692148e-02 1.771709e-02 -1.920108e-01 6.558909e-02 7.060434e-02 6.493642e-03 4.452487e-02 7.854959e-03 1.619939e-01 3.116654e-02
1.584517e-02 8.552279e-01 1.186916e-01 6.136391e-02 2.088566e-02 -2.483427e-01 2.908069e-02 7.623234e-02 1.050539e-02 3.371620e-02 6.089641e-03 1.903300e-01 3.779768e-03
2.690689e-03 5.694585e-01 4.195725e-02 8.450935e-02 5.458448e-03 -1.477469e-01 1.316158e-02 7.255455e-02 3.216231e-03 4.078572e-02 5.048999e-03 1.150729e-01 7.360072e-03
2.989654e-03 1.112788e+00 3.515909e-01 6.888411e-02 1.463222e-02 -3.828124e-01 1.321136e-01 5.274386e-02 4.401777e-03 2.660405e-02 6.857354e-03 1.950247e-01 4.854694e-02
3.886550e-03 6.900411e-01 6.436550e-02 7.625924e-02 1.905661e-02 -1.909980e-01 1.992700e-02 5.332832e-02 7.040109e-03 2.408311e-02 8.067100e-03 1.143244e-01 6.163111e-03
5.381377e-03 1.276842e+00 3.343208e-01 1.269248e-01 2.565630e-02 -3.945929e-01 1.219694e-01 6.569644e-02 1.097409e-02 1.551800e-02 7.401279e-03 2.020828e-01 4.649320e-02
7.474135e-03 7.010559e-01 1.709928e-01 6.275314e-02 2.794608e-02 -2.056000e-01 4.067624e-02 7.094676e-02 9.536259e-03 4.351558e-02 1.006551e-02 1.530458e-01 1.530375e-02
1.016482e-02 1.075309e+00 1.957786e-01 1.369008e-01 3.247184e-02 -3.012167e-01 5.200790e-02 7.478888e-02 3.722236e-03 9.616850e-03 1.358838e-02 1.689681e-01 1.493051e-02
1.345344e-02 8.662301e-01 9.609522e-02 1.106369e-01 2.065205e-02 -2.318549e-01 3.614230e-02 7.080468e-02 4.809897e-03 2.065678e-02 1.275116e-02 1.714036e-01 1.510092e-02
1.733999e-02 7.470603e-01 6.235883e-02 8.800179e-02 2.263500e-02 -1.767759e-01 2.675455e-02 8.703996e-02 1.035197e-02 3.349700e-02 8.823520e-03 1.637506e-01 1.450843e-02
4.783446e-03 1.174503e+00 2.133171e-01 1.371385e-01 4.946138e-02 -3.185001e-01 4.374774e-02 7.115638e-02 9.340135e-03 2.114407e-02 1.145752e-02 1.668147e-01 1.774883e-02
5.082412e-03 7.815646e-01 2.076810e-01 8.279313e-02 1.520207e-02 -2.417638e-01 8.120502e-02 6.120147e-02 5.348401e-03 2.375756e-02 8.394935e-03 1.404962e-01 3.226099e-02
5.979308e-03 9.186822e-01 1.626874e-01 7.534344e-02 1.088679e-02 -2.919349e-01 6.679401e-02 6.180689e-02 6.112333e-03 3.041399e-02 6.435082e-03 1.727880e-01 3.474559e-02
7.474135e-03 5.845553e-01 1.209394e-01 7.785660e-02 1.032959e-02 -1.550949e-01 3.855516e-02 6.320302e-02 6.764648e-03 2.787967e-02 6.683127e-03 1.195388e-01 1.153966e-02
9.566893e-03 9.525221e-01 1.490604e-01 1.073651e-01 1.767205e-02 -2.592127e-01 3.654437e-02 6.113227e-02 7.367104e-03 1.613179e-02 7.312888e-03 1.627214e-01 1.753238e-02
1.225758e-02 8.699789e-01 8.581272e-02 1.078032e-01 1.360348e-02 -2.213492e-01 2.522289e-02 7.441822e-02 8.218182e-03 3.026441e-02 5.861133e-03 1.645679e-01 1.359407e-02
1.554620e-02 8.012430e-01 1.039043e-01 9.434158e-02 3.225779e-02 -1.957375e-01 2.934277e-02 7.837224e-02 9.117467e-03 2.579220e-02 1.262531e-02 1.756323e-01 8.566435e-03
1.943275e-02 9.702317e-01 1.188306e-01 1.191091e-01 2.604013e-02 -2.504183e-01 3.303065e-02 9.629612e-02 1.021541e-02 3.297296e-02 1.497532e-02 2.352344e-01 2.138304e-02
7.474135e-03 8.414978e-01 1.289613e-01 9.998028e-02 3.693480e-02 -2.223331e-01 3.848981e-02 6.498338e-02 8.943999e-03 2.226351e-02 9.845341e-03 1.353085e-01 1.244581e-02
7.773101e-03 8.473838e-01 1.034800e-01 7.784510e-02 1.062975e-02 -2.722513e-01 4.178376e-02 6.199656e-02 6.431482e-03 2.536605e-02 3.541773e-03 1.663666e-01 1.674170e-02
8.669997e-03 1.045395e+00 2.476392e-01 1.167028e-01 3.071567e-02 -2.792451e-01 8.761225e-02 7.329309e-02 4.603234e-03 2.476274e-02 8.166578e-03 1.685809e-01 2.893766e-02
1.016482e-02 6.968422e-01 1.093804e-01 4.570078e-02 8.671057e-03 -2.095233e-01 5.198160e-02 5.539793e-02 4.633499e-03 3.495908e-02 6.722600e-03 1.487222e-01 2.303792e-02
1.225758e-02 6.662190e-01 8.385838e-02 7.826519e-02 1.852456e-02 -1.535324e-01 2.756176e-02 7.137980e-02 7.439367e-03 3.654778e-02 5.897446e-03 1.495058e-01 2.154777e-02
1.494827e-02 1.003827e+00 1.417593e-01 1.379543e-01 1.910656e-02 -2.841507e-01 5.567765e-02 7.758332e-02 4.144103e-03 2.264822e-03 8.141801e-03 1.860966e-01 2.662275e-02
1.823689e-02 7.993306e-01 1.120393e-01 4.169809e-02 6.701941e-03 -2.502116e-01 4.618277e-02 7.723650e-02 4.805213e-03 3.808261e-02 4.443978e-03 2.011262e-01 2.375303e-02
2.212344e-02 9.111316e-01 2.748978e-02 7.579859e-02 2.754705e-02 -3.123865e-01 2.701024e-02 9.192708e-02 1.185977e-02 2.086538e-02 1.024630e-02 2.434648e-01 1.506677e-02
1.076275e-02 8.749969e-01 8.505568e-02 7.582937e-02 1.592148e-02 -2.812991e-01 3.552586e-02 6.039347e-02 3.977660e-03 2.223973e-02 2.832534e-03 1.745792e-01 1.878203e-02
1.106172e-02 7.713104e-01 1.415365e-01 9.120009e-02 6.908215e-03 -2.048509e-01 5.236459e-02 7.305421e-02 3.862077e-03 2.929631e-02 1.000865e-02 1.481678e-01 2.726580e-02
1.195862e-02 9.463415e-01 2.351053e-01 9.297846e-02 1.645467e-02 -2.713193e-01 8.080321e-02 6.883882e-02 2.915101e-03 2.554079e-02 5.176400e-03 1.871130e-01 3.085752e-02
1.345344e-02 9.461904e-01 9.421945e-02 8.329255e-02 2.605855e-02 -2.896408e-01 1.991324e-02 7.728994e-02 1.121706e-02 2.654073e-02 6.720539e-03 2.052259e-01 1.789683e-02
1.554620e-02 6.289382e-01 7.528507e-02 8.408863e-02 7.575423e-03 -1.740755e-01 3.404570e-02 7.589100e-02 5.942947e-03 3.599347e-02 9.257264e-03 1.815696e-01 1.135494e-02
1.823689e-02 8.173840e-01 1.978761e-02 9.338193e-02 3.376119e-02 -2.604450e-01 2.664842e-02 9.496058e-02 9.634885e-03 2.621912e-02 9.056636e-03 2.171921e-01 2.414162e-02
2.152551e-02 6.459207e-01 7.154597e-02 7.741099e-02 1.354659e-02 -1.788006e-01 2.461241e-02 9.850797e-02 4.587143e-03 2.681862e-02 1.038426e-02 2.135928e-01 2.454009e-02
2.541206e-02 1.027673e+00 9.522636e-02 8.860566e-02 2.120924e-02 -2.953409e-01 2.809792e-02 1.035558e-01 1.204734e-02 1.557799e-02 1.556015e-02 2.766088e-01 1.032643e-02
1.464930e-02 9.121905e-01 1.316034e-01 1.081903e-01 1.282955e-02 -2.631402e-01 6.706127e-02 7.765658e-02 3.632973e-03 2.139732e-02 5.914031e-03 1.863486e-01 3.441025e-02
1.494827e-02 1.018917e+00 6.847786e-02 1.396130e-01 2.667075e-02 -2.703041e-01 3.971071e-02 8.883971e-02 5.682780e-03 1.636000e-02 3.437390e-03 1.821257e-01 2.250804e-02
1.584517e-02 8.528385e-01 1.379162e-01 1.069208e-01 1.714707e-02 -2.319559e-01 5.386677e-02 8.045094e-02 9.148973e-03 2.557115e-02 2.715313e-03 1.796492e-01 2.343580e-02
1.733999e-02 1.061971e+00 2.829476e-01 1.101350e-01 1.557512e-02 -2.890054e-01 1.132563e-01 8.316434e-02 3.003929e-03 2.289741e-02 8.344171e-03 1.994046e-01 4.336734e-02
1.943275e-02 1.065015e+00 3.019280e-01 8.587036e-02 3.305954e-02 -3.076218e-01 8.009127e-02 9.397361e-02 8.719035e-03 3.257951e-02 1.400671e-02 2.363067e-01 2.409106e-02
2.212344e-02 8.033408e-01 1.663546e-02 1.020727e-01 2.473949e-02 -1.849529e-01 1.780393e-02 1.058527e-01 1.313417e-02 3.438735e-02 8.266688e-03 2.327161e-01 1.894014e-02
2.541206e-02 8.265810e-01 7.818278e-02 1.001059e-01 1.567169e-02 -2.344911e-01 1.962261e-02 1.183220e-01 7.715859e-03 2.311999e-02 1.083812e-02 2.684533e-01 2.153982e-02
2.929861e-02 9.186639e-01 4.290881e-02 1.050527e-01 1.689425e-02 -2.893286e-01 3.363057e-02 1.190401e-01 1.143448e-02 1.879174e-02 5.504148e-03 2.954277e-01 2.425689e-02
2.989654e-04 7.206480e-01 1.229663e-01 1.022139e-01 3.684579e-02 -1.936673e-01 5.398465e-02 6.468149e-02 4.910523e-03 2.737150e-02 1.442082e-02 1.130542e-01 3.040116e-02
5.979308e-04 2.010566e+00 3.963192e-01 1.576352e-01 3.599345e-02 -6.799681e-01 1.390251e-01 6.165800e-02 5.015433e-03 -4.310650e-04 1.219216e-02 2.888866e-01 4.993405e-02
1.494827e-03 4.161521e-01 8.658815e-02 5.306826e-02 1.535167e-02 -1.177288e-01 3.035140e-02 5.706297e-02 7.169335e-03 3.891739e-02 9.001000e-03 9.776715e-02 1.771088e-02
2.989654e-03 6.908906e-01 1.507883e-01 7.684036e-02 2.322030e-02 -1.933660e-01 4.120180e-02 6.134285e-02 6.022369e-03 3.361995e-02 4.707639e-03 1.253306e-01 1.698921e-02
5.082412e-03 7.886477e-01 9.841896e-02 1.169827e-01 2.292189e-02 -2.051896e-01 3.739979e-02 6.154603e-02 4.834065e-03 9.689066e-03 7.054241e-03 1.112453e-01 1.604110e-02
7.773101e-03 7.779433e-01 1.368734e-01 8.533115e-02 2.163890e-02 -2.134478e-01 3.968630e-02 6.625226e-02 6.907435e-03 3.019626e-02 6.763291e-03 1.441244e-01 1.662341e-02
1.106172e-02 9.259470e-01 1.329821e-01 8.491768e-02 1.279564e-02 -2.729723e-01 6.670818e-02 7.090847e-02 5.857593e-03 3.425420e-02 1.742637e-03 1.897597e-01 3.062546e-02
1.494827e-02 8.981935e-01 1.376753e-01 1.198764e-01 1.633506e-02 -2.412468e-01 3.125688e-02 7.911037e-02 5.368818e-03 2.136934e-02 9.649274e-03 1.748512e-01 2.178946e-02
5.979308e-04 5.407012e-01 2.120760e-01 3.609531e-02 6.713672e-03 -1.904318e-01 8.261606e-02 5.301880e-02 4.499786e-03 4.215722e-02 4.610708e-03 1.287048e-01 3.499753e-02
8.968962e-04 4.918838e-01 8.631778e-02 3.503578e-02 2.196145e-02 -1.694296e-01 4.245387e-02 6.403198e-02 5.249243e-03 5.392730e-02 1.361212e-02 1.330274e-01 2.899938e-02
1.793792e-03 1.047369e+00 2.897357e-01 8.747352e-02 3.202232e-02 -3.473138e-01 1.205237e-01 5.793217e-02 8.697520e-03 2.535804e-02 5.108206e-03 1.806508e-01 5.325280e-02
3.288619e-03 8.286791e-01 2.390497e-01 9.088670e-02 2.201056e-02 -2.544863e-01 8.040092e-02 5.064310e-02 3.687265e-03 1.584613e-02 8.221560e-03 1.395389e-01 2.695443e-02
5.381377e-03 7.168466e-01 1.221837e-01 9.511427e-02 1.503776e-02 -1.909410e-01 4.827401e-02 6.788046e-02 4.541090e-03 3.049925e-02 8.049609e-03 1.282074e-01 2.051100e-02
8.072066e-03 1.036357e+00 2.758042e-01 1.316415e-01 3.525010e-02 -2.862704e-01 9.312530e-02 7.098610e-02 5.288598e-03 1.432788e-02 1.188818e-02 1.556184e-01 3.124191e-02
1.136069e-02 1.338887e+00 5.818654e-02 1.530105e-01 1.504433e-02 -3.183223e-01 2.504309e-02 7.314707e-02 6.483801e-03 1.106350e-02 6.980891e-03 1.648518e-01 2.046542e-02
1.524724e-02 6.673090e-01 1.274186e-01 4.697406e-02 7.513066e-03 -2.360400e-01 6.223376e-02 8.318124e-02 7.434499e-03 4.516287e-02 9.458905e-03 1.990692e-01 2.720061e-02
1.494827e-03 6.639663e-01 3.134130e-01 4.794744e-02 1.518623e-02 -2.151604e-01 1.134620e-01 5.916187e-02 2.803228e-03 4.498091e-02 7.130824e-03 1.412507e-01 3.856322e-02
1.793792e-03 7.500113e-01 5.963920e-02 9.567588e-02 2.432863e-02 -2.173555e-01 2.450987e-02 6.458639e-02 8.197704e-03 2.894278e-02 9.844133e-03 1.329160e-01 1.608532e-02
2.690689e-03 9.687157e-01 1.846654e-01 1.177562e-01 2.151133e-02 -2.812271e-01 6.301493e-02 6.150875e-02 2.242904e-03 1.451753e-02 8.479079e-03 1.429478e-01 2.252650e-02
4.185516e-03 7.793197e-01 1.844720e-01 1.015078e-01 2.296443e-02 -2.158535e-01 4.832835e-02 6.613049e-02 4.760053e-03 2.459088e-02 7.011735e-03 1.299469e-01 1.402942e-02
6.278274e-03 8.797778e-01 1.429109e-01 1.033988e-01 1.261137e-02 -2.475587e-01 5.249772e-02 6.584285e-02 5.373624e-03 2.271064e-02 8.526115e-03 1.463436e-01 1.770647e-02
8.968962e-03 5.900379e-01 9.907527e-02 2.951260e-02 1.028309e-02 -2.052540e-01 4.819053e-02 6.260312e-02 5.186773e-03 4.525352e-02 3.514304e-03 1.620388e-01 2.359497e-02
1.225758e-02 9.916342e-01 1.501987e-01 6.983455e-02 1.821342e-02 -3.163968e-01 7.398569e-02 5.774886e-02 3.547984e-03 1.582724e-02 9.267154e-03 1.846686e-01 3.459883e-02
1.614413e-02 8.844096e-01 8.232628e-02 6.180916e-02 1.733434e-02 -2.649495e-01 1.230037e-02 6.700986e-02 5.627873e-03 1.939485e-02 7.545831e-03 1.869411e-01 1.731837e-02
2.989654e-03 7.185042e-01 1.623429e-01 9.293580e-02 2.667020e-02 -2.048707e-01 4.570355e-02 5.386199e-02 5.318967e-03 1.601532e-02 9.766637e-03 1.128532e-01 9.787325e-03
3.288619e-03 1.114592e+00 1.618760e-01 8.038804e-02 2.476582e-02 -3.682536e-01 4.367177e-02 5.155514e-02 4.799116e-03 1.902114e-02 8.420448e-03 1.806033e-01 1.846474e-02
4.185516e-03 1.087351e+00 7.139868e-02 8.420951e-02 1.182845e-02 -3.457322e-01 1.890347e-02 5.779788e-02 3.196728e-03 2.531171e-02 3.873450e-03 1.799830e-01 1.198494e-02
5.680343e-03 8.091726e-01 2.160406e-01 9.356129e-02 1.540760e-02 -2.292341e-01 8.872855e-02 7.528922e-02 5.708144e-03 3.584233e-02 1.096508e-02 1.539453e-01 3.497812e-02
7.773101e-03 9.421952e-01 1.565316e-01 1.004328e-01 1.352066e-02 -2.686974e-01 5.838350e-02 6.767516e-02 5.310192e-03 2.648939e-02 5.230618e-03 1.649854e-01 2.457014e-02
1.046379e-02 7.579798e-01 8.299596e-02 6.409184e-02 1.634896e-02 -2.508995e-01 3.780955e-02 7.557623e-02 8.396029e-03 3.156606e-02 7.167737e-03 1.692476e-01 1.656486e-02
1.375241e-02 8.153302e-01 9.039237e-02 6.448267e-02 1.590287e-02 -2.658306e-01 3.506707e-02 6.808121e-02 9.869158e-03 2.859238e-02 1.153317e-02 1.999484e-01 1.394500e-02
1.763896e-02 1.057902e+00 1.121076e-01 1.508191e-01 2.715696e-02 -2.722580e-01 2.926762e-02 9.368679e-02 8.372162e-03 1.627056e-02 1.061261e-02 2.031659e-01 1.573565e-02
5.082412e-03 7.580199e-01 1.615383e-01 8.071382e-02 7.648300e-03 -2.165283e-01 5.703539e-02 5.499886e-02 2.935875e-03 2.242581e-02 3.738872e-03 1.301964e-01 2.466612e-02
5.381377e-03 6.287954e-01 9.272523e-02 6.714363e-02 1.662314e-02 -1.751453e-01 2.591514e-02 6.060644e-02 3.113225e-03 3.302742e-02 5.620403e-03 1.217991e-01 1.492223e-02
6.278274e-03 1.428317e+00 1.924088e-01 1.043812e-01 2.702595e-02 -4.908964e-01 9.242446e-02 6.977819e-02 6.801651e-03 2.542276e-02 7.724203e-03 2.611396e-01 4.152659e-02
7.773101e-03 8.702348e-01 2.561869e-01 8.468397e-02 2.620327e-02 -2.423830e-01 9.006958e-02 5.941132e-02 8.369093e-03 2.551948e-02 8.292984e-03 1.462326e-01 2.695934e-02
9.865858e-03 9.302321e-01 1.213441e-01 1.161562e-01 3.229994e-02 -2.412079e-01 4.508342e-02 7.149743e-02 4.801738e-03 2.258482e-02 7.907176e-03 1.538495e-01 1.912578e-02
1.255655e-02 9.944033e-01 2.015990e-01 9.649402e-02 2.466980e-02 -2.659218e-01 6.317509e-02 7.006108e-02 4.187050e-03 2.549076e-02 4.430981e-03 1.647881e-01 1.944652e-02
1.584517e-02 9.406179e-01 1.515805e-01 1.084246e-01 2.460908e-02 -2.650430e-01 4.094589e-02 8.037092e-02 1.025651e-02 2.757393e-02 8.337416e-03 2.119896e-01 1.399755e-02
1.973172e-02 8.553764e-01 6.804796e-02 9.081863e-02 2.488275e-02 -2.394293e-01 2.277048e-02 8.948121e-02 1.146286e-02 2.546068e-02 7.287325e-03 2.145981e-01 2.063790e-02
7.773101e-03 5.268530e-01 7.930473e-02 5.917021e-02 6.068160e-03 -1.327814e-01 2.450728e-02 6.017506e-02 7.500747e-03 3.121074e-02 7.055051e-03 1.047984e-01 8.984738e-03
8.072066e-03 1.044185e+00 3.644365e-01 1.257970e-01 3.907158e-02 -2.822399e-01 1.056750e-01 6.611605e-02 4.953958e-03 1.400662e-02 9.332982e-03 1.570392e-01 3.390687e-02
8.968962e-03 1.247967e+00 2.660165e-01 1.381490e-01 3.083927e-02 -3.675259e-01 7.867487e-02 7.628639e-02 7.537442e-03 1.596643e-02 1.167989e-02 2.073843e-01 2.554897e-02
1.046379e-02 6.981388e-01 8.936125e-02 6.968221e-02 1.747128e-02 -2.156080e-01 5.182561e-02 7.191513e-02 8.206952e-03 3.218758e-02 8.270043e-03 1.655179e-01 2.871596e-02
1.255655e-02 1.016910e+00 2.360308e-01 1.150034e-01 3.691911e-02 -2.713717e-01 5.877418e-02 7.121692e-02 1.031216e-02 1.406489e-02 7.248670e-03 1.671762e-01 2.089971e-02
1.524724e-02 1.167737e+00 3.117182e-01 1.145334e-01 2.371661e-02 -3.501975e-01 1.156989e-01 8.104260e-02 7.943614e-03 2.667742e-02 8.659269e-03 2.356408e-01 4.025004e-02
1.853586e-02 7.981685e-01 4.968945e-02 7.929962e-02 3.122890e-02 -2.530645e-01 1.903007e-02 9.861495e-02 6.435640e-03 2.682370e-02 8.514995e-03 1.999990e-01 1.198696e-02
2.242241e-02 1.051893e+00 1.427788e-01 8.766764e-02 2.538053e-02 -3.106085e-01 3.280992e-02 9.134916e-02 1.393172e-02 2.341441e-02 9.360902e-03 2.662610e-01 2.547873e-02
1.106172e-02 1.209220e+00 2.253011e-01 1.449294e-01 2.555635e-02 -3.305899e-01 8.617713e-02 7.625539e-02 7.039454e-03 8.781805e-03 5.893818e-03 1.816816e-01 3.487608e-02
1.136069e-02 9.704243e-01 9.620391e-02 1.196122e-01 2.544267e-02 -2.550240e-01 4.782731e-02 8.957716e-02 8.701308e-03 3.371604e-02 9.205353e-03 1.825307e-01 1.522204e-02
1.225758e-02 8.569447e-01 1.368615e-01 1.051893e-01 2.144998e-02 -2.214071e-01 3.423668e-02 8.632217e-02 6.208765e-03 3.723417e-02 8.403133e-03 1.711863e-01 9.476367e-03
1.375241e-02 8.688919e-01 7.452643e-02 1.229906e-01 1.107690e-02 -2.081985e-01 4.691851e-02 8.202888e-02 7.682607e-03 1.923062e-02 9.278671e-03 1.528236e-01 9.913227e-03
1.584517e-02 8.528214e-01 9.698449e-02 9.752565e-02 1.885535e-02 -2.269206e-01 4.299198e-02 9.558198e-02 7.909519e-03 4.356561e-02 8.856844e-03 1.949319e-01 2.375126e-02
1.853586e-02 7.218748e-01 7.417371e-02 8.217639e-02 2.605754e-02 -1.991226e-01 1.704797e-02 8.115141e-02 1.127538e-02 2.212284e-02 1.206410e-02 1.743976e-01 1.774742e-02
2.182447e-02 1.139515e+00 1.220058e-01 1.204997e-01 2.725128e-02 -3.528337e-01 4.947814e-02 1.033378e-01 9.008735e-03 2.653831e-02 9.838002e-03 2.791440e-01 3.367571e-02
2.571102e-02 1.083112e+00 1.628386e-01 1.584185e-01 2.748100e-02 -2.831251e-01 5.048334e-02 1.347906e-01 8.295999e-03 1.356070e-02 1.460906e-02 2.684683e-01 1.707345e-02
1.494827e-02 1.086627e+00 1.682079e-01 1.296799e-01 2.441985e-02 -2.919564e-01 4.302702e-02 8.475591e-02 9.654734e-03 1.286266e-02 9.269539e-03 1.884622e-01 1.535197e-02
1.524724e-02 1.089074e+00 2.088168e-01 1.229175e-01 2.276380e-02 -3.131044e-01 6.267023e-02 8.526489e-02 8.924252e-03 2.115151e-02 1.067327e-02 2.156793e-01 1.515328e-02
1.614413e-02 7.495664e-01 9.305259e-02 7.771592e-02 1.888704e-02 -2.190350e-01 2.485526e-02 7.829676e-02 4.131704e-03 2.230542e-02 6.044506e-03 1.677160e-01 1.010675e-02
1.763896e-02 1.157764e+00 1.962626e-01 1.266974e-01 2.008679e-02 -3.450865e-01 6.637814e-02 8.934455e-02 5.053530e-03 1.874075e-02 8.571672e-03 2.592895e-01 2.624256e-02
1.973172e-02 9.025318e-01 1.091718e-01 1.057324e-01 3.228238e-02 -2.298454e-01 1.349680e-02 9.925442e-02 7.278863e-03 3.337619e-02 8.235485e-03 1.943522e-01 2.098775e-02
2.242241e-02 7.835543e-01 1.231628e-01 9.271453e-02 1.446136e-02 -1.858302e-01 5.042964e-02 8.444499e-02 5.203142e-03 1.857682e-02 1.149103e-02 2.173536e-01 1.954616e-02
2.571102e-02 9.838478e-01 1.588403e-01 1.714286e-01 3.288976e-02 -2.879789e-01 6.541020e-02 1.219976e-01 1.274992e-02 -6.305403e-03 1.341041e-02 2.503937e-01 3.645503e-02
2.959758e-02 7.767732e-01 1.463474e-01 1.084525e-01 3.384147e-02 -2.483542e-01 5.419559e-02 1.350333e-01 1.058937e-02 2.154614e-02 1.579643e-02 2.997448e-01 2.276219e-02
1.195862e-03 1.828713e+00 2.115112e-01 1.241151e-01 2.198318e-02 -6.353235e-01 7.741303e-02 5.830744e-02 1.491357e-03 1.048415e-02 8.526176e-03 2.831290e-01 3.058921e-02
1.494827e-03 4.589058e-01 1.095201e-01 3.923907e-02 1.652525e-02 -1.483304e-01 3.759804e-02 5.298503e-02 5.609985e-03 3.954577e-02 6.297029e-03 1.091061e-01 1.879573e-02
2.391723e-03 6.599739e-01 1.541926e-01 7.027601e-02 2.114188e-02 -1.955300e-01 5.943062e-02 5.800462e-02 9.634513e-03 3.372881e-02 1.224713e-02 1.260951e-01 1.560003e-02
3.886550e-03 7.728740e-01 1.769347e-01 8.705876e-02 1.947963e-02 -2.250663e-01 5.281613e-02 7.141056e-02 8.944576e-03 3.453578e-02 1.559070e-02 1.400597e-01 1.416701e-02
5.979308e-03 7.762259e-01 8.268396e-02 8.993079e-02 4.795505e-03 -2.022119e-01 3.724142e-02 6.344138e-02 4.981286e-03 2.956852e-02 3.697715e-03 1.316354e-01 1.482716e-02
8.669997e-03 1.140538e+00 1.075766e-01 1.163459e-01 2.277001e-02 -3.484190e-01 5.043251e-02 7.825784e-02 6.113555e-03 2.781402e-02 5.890087e-03 2.049008e-01 2.550593e-02
1.195862e-02 8.118584e-01 7.071973e-02 1.224218e-01 1.395649e-02 -1.815155e-01 2.634395e-02 7.940182e-02 6.433238e-03 2.291651e-02 5.333474e-03 1.359775e-01 1.523744e-02
1.584517e-02 8.428848e-01 9.455217e-02 1.092078e-01 2.638657e-02 -2.242666e-01 2.560019e-02 8.918408e-02 7.036953e-03 2.248784e-02 7.800191e-03 1.687595e-01 8.584259e-03
1.494827e-03 9.717392e-01 1.953083e-01 1.019853e-01 2.491981e-02 -2.908835e-01 6.748296e-02 7.470630e-02 6.169194e-03 3.916715e-02 6.288644e-03 1.684075e-01 2.469568e-02
1.793792e-03 1.209993e+00 7.428287e-01 1.734369e-01 9.189543e-02 -3.127312e-01 2.106275e-01 7.415021e-02 1.208307e-02 9.249853e-03 2.530159e-02 1.468112e-01 6.216053e-02
2.690689e-03 1.264756e+00 1.768566e-01 1.152065e-01 1.880316e-02 -3.868375e-01 5.464349e-02 6.617464e-02 5.277003e-03 2.083313e-02 7.938220e-03 1.850936e-01 1.895668e-02
4.185516e-03 1.341865e+00 1.524300e-01 1.364655e-01 2.906426e-02 -4.111213e-01 5.228040e-02 6.508645e-02 6.883807e-03 1.019831e-02 1.050277e-02 1.982697e-01 2.294514e-02
6.278274e-03 1.145272e+00 1.919548e-01 1.226915e-01 2.835060e-02 -3.291845e-01 6.558617e-02 6.981930e-02 7.653804e-03 1.908031e-02 8.663566e-03 1.732827e-01 2.610556e-02
8.968962e-03 7.971499e-01 1.482371e-01 9.607594e-02 3.306191e-02 -2.221470e-01 3.442409e-02 6.179126e-02 7.772721e-03 2.120726e-02 4.589446e-03 1.502001e-01 1.501274e-02
1.225758e-02 9.340836e-01 1.893075e-01 8.348543e-02 2.378520e-02 -2.848806e-01 5.042463e-02 7.247543e-02 5.983518e-03 3.444071e-02 8.714325e-03 2.098618e-01 1.568470e-02
1.614413e-02 8.537323e-01 1.089884e-01 1.032571e-01 9.054951e-03 -2.455479e-01 5.047180e-02 8.307264e-02 5.575715e-03 1.689079e-02 9.372833e-03 1.855678e-01 2.231958e-02
2.391723e-03 5.674568e-01 1.652003e-01 7.232795e-02 1.857480e-02 -1.617068e-01 5.525004e-02 6.570352e-02 5.717602e-03 4.119762e-02 1.005959e-02 1.230465e-01 1.427827e-02
2.690689e-03 5.930181e-01 1.593744e-01 6.125994e-02 1.028674e-02 -1.724305e-01 6.821214e-02 6.495894e-02 4.254984e-03 4.204514e-02 6.281941e-03 1.223445e-01 3.165819e-02
3.587585e-03 8.395823e-01 1.648259e-01 1.200120e-01 3.441637e-02 -2.022941e-01 4.789373e-02 6.953930e-02 8.631134e-03 2.562874e-02 8.353140e-03 1.197354e-01 1.589811e-02
5.082412e-03 9.208004e-01 1.377649e-01 9.408587e-02 1.931432e-02 -2.581887e-01 7.618178e-02 6.385569e-02 5.608598e-03 2.993878e-02 7.922910e-03 1.501355e-01 3.712163e-02
7.175170e-03 7.276824e-01 1.535620e-01 5.828937e-02 1.698565e-02 -2.353622e-01 5.287812e-02 6.265151e-02 4.397608e-03 3.837577e-02 7.563054e-03 1.583291e-01 1.624376e-02
9.865858e-03 1.247227e+00 2.836023e-01 1.744899e-01 3.936947e-02 -3.276019e-01 9.576772e-02 8.929695e-02 1.112085e-02 1.851866e-02 8.251294e-03 1.930101e-01 3.236538e-02
1.315448e-02 9.842406e-01 1.381444e-01 1.053784e-01 2.485525e-02 -2.821654e-01 4.457961e-02 7.836401e-02 3.843829e-03 2.411188e-02 1.065256e-02 1.849639e-01 3.093803e-02
1.704103e-02 9.553467e-01 2.362448e-01 1.005334e-01 1.589112e-02 -3.041635e-01 9.112360e-02 6.877992e-02 5.565199e-03 1.306273e-02 6.822011e-03 2.186132e-01 3.864140e-02
3.886550e-03 1.122416e+00 2.643246e-01 1.326847e-01 2.612859e-02 -3.129753e-01 7.750707e-02 6.077005e-02 3.040171e-03 9.591251e-03 1.114862e-02 1.525392e-01 2.201407e-02
4.185516e-03 7.744493e-01 2.022993e-01 8.063528e-02 1.522200e-02 -2.322165e-01 7.119678e-02 6.381368e-02 6.755783e-03 3.079509e-02 7.485137e-03 1.391163e-01 2.977686e-02
5.082412e-03 8.165571e-01 1.331924e-01 1.114395e-01 2.649363e-02 -2.190411e-01 3.812365e-02 7.024290e-02 1.047471e-02 2.204323e-02 5.864175e-03 1.283872e-01 1.723438e-02
6.577239e-03 7.018957e-01 1.132960e-01 6.090075e-02 2.350470e-02 -2.267620e-01 2.781813e-02 6.793076e-02 7.225057e-03 4.124555e-02 1.231125e-02 1.612498e-01 2.094151e-02
8.669997e-03 6.785334e-01 1.114040e-01 5.309987e-02 1.674557e-02 -2.095172e-01 5.655868e-02 6.509286e-02 3.497497e-03 4.675212e-02 7.785983e-03 1.708546e-01 3.322307e-02
1.136069e-02 9.207437e-01 1.474045e-01 1.218843e-01 1.649378e-02 -2.102559e-01 4.914518e-02 7.835014e-02 7.408342e-03 2.377076e-02 1.087873e-02 1.415799e-01 1.131021e-02
1.464930e-02 9.757394e-01 7.425010e-02 7.866030e-02 1.631476e-02 -3.056677e-01 1.061200e-02 7.512687e-02 6.126174e-03 3.309570e-02 8.495233e-03 2.176569e-01 1.246851e-02
1.853586e-02 9.847784e-01 1.407986e-01 1.341017e-01 1.862714e-02 -2.701297e-01 6.101908e-02 1.090511e-01 1.076807e-02 2.535668e-02 8.369237e-03 2.246193e-01 3.380806e-02
5.979308e-03 8.226926e-01 8.523147e-02 7.563537e-02 1.845699e-02 -2.587567e-01 2.447130e-02 6.343503e-02 7.805827e-03 3.107511e-02 8.448760e-03 1.588579e-01 1.145104e-02
6.278274e-03 1.053926e+00 2.180211e-01 1.055916e-01 1.976828e-02 -3.334015e-01 9.385403e-02 6.356120e-02 4.072300e-03 1.689906e-02 9.799484e-03 1.816256e-01 4.161461e-02
7.175170e-03 9.192037e-01 2.425589e-01 9.587875e-02 2.010677e-02 -2.626849e-01 9.418695e-02 6.617352e-02 5.562665e-03 2.692562e-02 5.560109e-03 1.583685e-01 3.908305e-02
8.669997e-03 7.178238e-01 1.256113e-01 9.272983e-02 3.512046e-02 -1.772252e-01 5.019643e-02 7.049634e-02 1.292288e-02 3.122649e-02 4.870603e-03 1.291655e-01 1.593993e-02
1.076275e-02 1.018824e+00 1.123984e-01 1.003338e-01 2.905812e-02 -2.902493e-01 2.953292e-02 7.537905e-02 2.743933e-03 2.964474e-02 1.030483e-02 1.876656e-01 2.130754e-02
1.345344e-02 1.220366e+00 1.353889e-01 1.422396e-01 2.692946e-02 -3.673214e-01 3.736971e-02 9.147912e-02 6.127551e-03 1.665002e-02 1.468019e-02 2.236424e-01 1.505640e-02
1.674206e-02 1.349947e+00 1.510748e-01 1.657092e-01 4.476381e-02 -3.584948e-01 2.344006e-02 8.618602e-02 1.339736e-02 8.808668e-03 6.050790e-03 2.283752e-01 1.342599e-02
2.062861e-02 1.141866e+00 1.906595e-01 1.239898e-01 1.867759e-02 -3.174875e-01 6.416358e-02 9.999214e-02 6.404344e-03 1.472141e-02 9.297707e-03 2.441353e-01 2.912285e-02
8.669997e-03 1.002646e+00 1.662385e-01 8.879841e-02 1.186668e-02 -3.081432e-01 5.502673e-02 7.022762e-02 5.780619e-03 3.373412e-02 8.699649e-03 1.898658e-01 1.965197e-02
8.968962e-03 9.254954e-01 1.959672e-01 9.241451e-02 1.401406e-02 -2.627583e-01 6.728443e-02 6.602854e-02 6.169983e-03 2.209761e-02 6.393187e-03 1.518069e-01 2.455309e-02
9.865858e-03 1.130152e+00 1.928760e-01 1.057104e-01 3.404460e-02 -3.429959e-01 5.739692e-02 6.911982e-02 6.958236e-03 1.796742e-02 1.133344e-02 1.845978e-01 2.264980e-02
1.136069e-02 8.964378e-01 2.014819e-01 9.785817e-02 1.838094e-02 -2.430053e-01 5.317727e-02 7.327019e-02 6.355106e-03 2.505654e-02 5.642351e-03 1.594141e-01 2.399914e-02
1.345344e-02 7.898333e-01 1.291893e-01 9.122206e-02 3.501260e-02 -2.106850e-01 3.386748e-02 7.779719e-02 8.228463e-03 2.602248e-02 5.068087e-03 1.625858e-01 1.759430e-02
1.614413e-02 8.955185e-01 7.362129e-02 9.102823e-02 1.089924e-02 -2.564761e-01 1.713842e-02 7.913639e-02 3.244407e-03 1.612437e-02 3.490112e-03 1.635783e-01 6.032599e-03
1.943275e-02 9.233423e-01 2.353154e-02 1.405268e-01 1.646881e-02 -2.084692e-01 2.590177e-02 9.558758e-02 8.613992e-03 1.284969e-02 5.303567e-03 1.858387e-01 1.746513e-02
2.331930e-02 8.942468e-01 1.384068e-01 9.762380e-02 3.221321e-02 -3.030997e-01 5.451212e-02 1.036618e-01 9.266423e-03 3.972306e-02 1.912392e-02 3.374060e-01 2.380257e-02
1.195862e-02 1.130082e+00 1.920581e-01 1.050717e-01 3.566924e-02 -3.501607e-01 5.840700e-02 7.088038e-02 1.058619e-02 2.081065e-02 9.176216e-03 2.184289e-01 3.019011e-02
1.225758e-02 8.150308e-01 1.076470e-01 8.045941e-02 7.760804e-03 -2.376958e-01 5.840011e-02 7.284397e-02 4.132859e-03 3.086913e-02 4.999872e-03 1.798124e-01 3.468788e-02
1.315448e-02 9.263137e-01 1.110971e-01 8.895588e-02 2.908599e-02 -2.338743e-01 3.204270e-02 8.222686e-02 2.393278e-03 3.933465e-02 9.444131e-03 1.738425e-01 1.772400e-02
1.464930e-02 7.806683e-01 8.528140e-02 7.947545e-02 8.850118e-03 -2.107783e-01 4.129639e-02 7.991371e-02 9.423346e-03 3.916899e-02 9.887752e-03 1.837747e-01 2.225067e-02
1.674206e-02 1.056757e+00 1.915652e-01 1.126590e-01 4.131982e-02 -2.714830e-01 4.740045e-02 8.509959e-02 3.468668e-03 2.359865e-02 1.795170e-02 2.062106e-01 2.387099e-02
1.943275e-02 1.082326e+00 1.365132e-01 1.024170e-01 3.341975e-02 -3.147101e-01 3.872988e-02 9.277356e-02 3.991843e-03 1.563470e-02 1.294692e-02 2.342972e-01 1.861082e-02
2.272137e-02 1.063799e+00 9.732841e-02 1.338070e-01 2.246715e-02 -2.616980e-01 3.306890e-02 1.027663e-01 8.049496e-03 1.380882e-02 8.803060e-03 2.331959e-01 1.958936e-02
2.660792e-02 8.990243e-01 8.694612e-02 1.136549e-01 1.480463e-02 -2.921682e-01 2.845565e-02 1.150406e-01 7.210924e-03 2.704343e-03 9.185549e-03 2.846098e-01 1.529226e-02
1.584517e-02 7.791507e-01 1.002142e-01 8.426866e-02 2.698263e-02 -2.146762e-01 3.256069e-02 7.746852e-02 6.650213e-03 3.537476e-02 7.897629e-03 1.896869e-01 2.005570e-02
1.614413e-02 1.006476e+00 7.462679e-02 1.195841e-01 2.046867e-02 -3.049066e-01 2.072258e-02 9.194211e-02 4.703481e-03 1.538270e-02 6.499604e-03 2.122315e-01 1.953300e-02
1.704103e-02 1.067050e+00 3.310910e-01 1.256635e-01 3.041791e-02 -3.185648e-01 1.115570e-01 8.956807e-02 8.608775e-03 1.514777e-02 1.967016e-02 2.229879e-01 2.530724e-02
1.853586e-02 8.255067e-01 8.132168e-02 7.762330e-02 1.370169e-02 -2.474922e-01 4.778131e-02 8.713308e-02 3.493226e-03 3.208087e-02 4.468923e-03 2.107053e-01 3.133968e-02
2.062861e-02 8.259853e-01 1.058542e-01 1.179288e-01 2.484354e-02 -1.986103e-01 3.692329e-02 1.014097e-01 1.329783e-02 2.123998e-02 7.408901e-03 1.830426e-01 2.269507e-02
2.331930e-02 8.969261e-01 2.266862e-01 1.127369e-01 2.553135e-02 -2.500084e-01 7.145305e-02 1.099224e-01 8.078758e-03 4.298001e-02 8.033168e-03 2.703219e-01 2.206092e-02
2.660792e-02 1.045555e+00 1.847103e-01 1.476540e-01 3.266591e-02 -2.529235e-01 3.468110e-02 1.211575e-01 4.549619e-03 1.670004e-02 1.548452e-02 2.436554e-01 1.645860e-02
3.049447e-02 1.151356e+00 1.206042e-01 1.660325e-01 5.042723e-02 -3.345874e-01 2.210903e-02 1.693877e-01 1.215049e-02 1.327113e-02 1.347105e-02 3.125951e-01 2.454847e-02
2.690689e-03 9.327979e-01 1.238159e-01 1.197225e-01 2.627446e-02 -2.526823e-01 4.842732e-02 7.259873e-02 9.065064e-03 2.885726e-02 1.489125e-02 1.447001e-01 2.394142e-02
2.989654e-03 9.024052e-01 2.330502e-01 9.019152e-02 2.984802e-02 -2.810690e-01 7.835756e-02 6.409492e-02 3.919379e-03 2.967959e-02 1.681210e-02 1.589200e-01 2.403897e-02
3.886550e-03 1.070131e+00 2.522295e-01 9.101766e-02 2.509181e-02 -3.443536e-01 8.509185e-02 5.962487e-02 5.198356e-03 1.994445e-02 1.096290e-02 1.745565e-01 2.849737e-02
5.381377e-03 1.500108e+00 1.825595e-01 8.750155e-02 2.261185e-02 -5.297507e-01 7.486624e-02 5.755132e-02 5.102203e-03 2.434460e-02 1.073743e-02 2.689416e-01 3.281706e-02
7.474135e-03 6.399670e-01 1.134081e-01 6.674667e-02 2.227097e-02 -1.982449e-01 5.703892e-02 5.879027e-02 6.865829e-03 3.037747e-02 1.022815e-02 1.484239e-01 2.136207e-02
1.016482e-02 9.095014e-01 1.325131e-01 9.615810e-02 2.338660e-02 -2.819777e-01 5.639929e-02 6.479345e-02 5.894368e-03 1.864196e-02 6.410216e-03 1.765724e-01 3.372562e-02
1.345344e-02 1.125619e+00 2.007981e-01 1.009535e-01 2.548240e-02 -3.644733e-01 6.906372e-02 7.565305e-02 5.628654e-03 1.947541e-02 7.645012e-03 2.228441e-01 2.575029e-02
1.733999e-02 9.343883e-01 1.483928e-01 8.969517e-02 3.612866e-02 -2.452805e-01 3.209571e-02 8.866529e-02 1.249213e-02 2.564194e-02 1.515637e-02 1.697796e-01 9.989645e-03
2.989654e-03 1.372142e+00 3.305705e-01 1.566551e-01 3.926326e-02 -4.114528e-01 9.847389e-02 7.885945e-02 6.219569e-03 2.079749e-02 1.410972e-02 2.106321e-01 3.268142e-02
3.288619e-03 7.409900e-01 1.999061e-01 7.051971e-02 1.375822e-02 -2.300472e-01 7.973579e-02 5.939818e-02 2.417210e-03 3.488257e-02 3.990667e-03 1.451267e-01 3.210027e-02
4.185516e-03 5.186084e-01 6.181262e-02 5.118702e-02 1.687347e-02 -1.520543e-01 1.539391e-02 6.498670e-02 3.699340e-03 4.395418e-02 5.055323e-03 1.192895e-01 1.224177e-02
5.680343e-03 7.580201e-01 1.040145e-01 9.120238e-02 3.355114e-02 -2.152444e-01 3.007611e-02 6.801891e-02 1.186789e-02 3.740578e-02 8.868986e-03 1.560541e-01 1.191263e-02
7.773101e-03 1.018727e+00 1.714437e-01 7.362954e-02 2.886365e-02 -3.231404e-01 7.131032e-02 5.683685e-02 5.127285e-03 2.437394e-02 6.484103e-03 1.822964e-01 3.219721e-02
1.046379e-02 6.718237e-01 3.677025e-02 3.567712e-02 1.378806e-02 -2.077666e-01 2.478508e-02 6.469878e-02 3.394818e-03 4.811071e-02 7.759293e-03 1.717648e-01 1.415542e-02
1.375241e-02 8.785252e-01 1.708352e-01 9.422585e-02 2.131724e-02 -2.395259e-01 6.453470e-02 8.157678e-02 1.264126e-02 3.723530e-02 1.053658e-02 1.938782e-01 2.893053e-02
1.763896e-02 1.013795e+00 8.341425e-02 1.186824e-01 1.205192e-02 -2.700948e-01 4.402838e-02 9.127919e-02 5.800087e-03 1.860476e-02 9.345040e-03 2.003190e-01 1.965368e-02
3.886550e-03 1.299684e+00 2.098667e-01 1.561311e-01 5.363091e-02 -3.658443e-01 5.017036e-02 7.343883e-02 1.438555e-02 1.277054e-02 9.457428e-03 1.769416e-01 1.571420e-02
4.185516e-03 5.727365e-01 1.220935e-01 4.408100e-02 9.089136e-03 -1.766680e-01 5.041348e-02 5.515168e-02 4.367276e-03 3.694225e-02 6.200115e-03 1.228856e-01 2.469871e-02
5.082412e-03 8.088590e-01 7.887216e-02 1.134507e-01 1.262517e-02 -2.078646e-01 3.291742e-02 7.310489e-02 6.207019e-03 2.922216e-02 9.803760e-03 1.363634e-01 5.308136e-03
6.577239e-03 9.178557e-01 6.002647e-02 1.194496e-01 1.442755e-02 -2.395178e-01 6.755889e-03 7.032166e-02 8.729547e-03 2.286736e-02 6.884298e-03 1.443450e-01 8.789448e-03
8.669997e-03 5.727697e-01 1.308106e-01 6.850037e-02 2.903086e-02 -1.637917e-01 3.784416e-02 6.532565e-02 6.704258e-03 3.673293e-02 6.734891e-03 1.368411e-01 1.614536e-02
1.136069e-02 8.182188e-01 5.686927e-02 9.369184e-02 8.214768e-03 -2.115613e-01 1.864199e-02 6.970095e-02 3.594145e-03 2.344935e-02 5.674845e-03 1.466221e-01 8.211556e-03
1.464930e-02 1.049824e+00 1.320204e-01 1.078840e-01 2.777979e-02 -2.973512e-01 4.208542e-02 7.409083e-02 9.071650e-03 2.942072e-02 5.517673e-03 2.280827e-01 2.424113e-02
1.853586e-02 9.709097e-01 1.413863e-01 1.027184e-01 3.086252e-02 -2.536269e-01 5.032902e-02 9.040835e-02 5.754599e-03 2.563433e-02 8.866799e-03 1.935780e-01 2.081985e-02
5.381377e-03 7.475393e-01 1.060597e-01 9.493661e-02 1.554569e-02 -2.079731e-01 4.565971e-02 6.405274e-02 8.655318e-03 2.162507e-02 3.880966e-03 1.197219e-01 1.764027e-02
5.680343e-03 8.724370e-01 2.437743e-01 6.740597e-02 2.529986e-02 -2.780061e-01 7.486596e-02 6.947786e-02 9.673148e-03 3.693080e-02 1.381167e-02 1.634215e-01 2.414990e-02
6.577239e-03 6.387276e-01 1.221274e-01 6.918228e-02 1.575016e-02 -1.766469e-01 4.105172e-02 6.836247e-02 3.589575e-03 3.930312e-02 4.767124e-03 1.351030e-01 2.061177e-02
8.072066e-03 7.995507e-01 1.235613e-01 8.195847e-02 2.050573e-02 -2.276524e-01 3.266525e-02 5.474705e-02 4.873591e-03 2.193055e-02 7.887679e-03 1.461865e-01 1.248185e-02
1.016482e-02 6.952449e-01 9.351229e-02 7.417503e-02 1.321583e-02 -1.994306e-01 3.887276e-02 5.610196e-02 8.030857e-04 2.194886e-02 3.129782e-03 1.478443e-01 1.635669e-02
1.285551e-02 6.955656e-01 7.106107e-02 7.716037e-02 1.931525e-02 -1.900400e-01 2.835231e-02 7.768978e-02 7.904271e-03 3.744315e-02 6.467276e-03 1.599833e-01 1.749053e-02
1.614413e-02 8.548373e-01 4.605006e-02 1.060396e-01 3.259989e-03 -1.940013e-01 1.896499e-02 7.189577e-02 4.709642e-03 1.777340e-02 5.909726e-03 1.571348e-01 1.153697e-02
2.003068e-02 9.408650e-01 7.779612e-02 1.065856e-01 8.991431e-03 -2.561017e-01 2.588789e-02 8.932179e-02 7.256329e-03 1.327812e-02 8.898674e-03 2.061838e-01 2.041302e-02
7.474135e-03 1.286480e+00 1.770580e-01 1.109315e-01 3.620448e-02 -3.821172e-01 3.702426e-02 6.388700e-02 4.070901e-03 2.087599e-02 8.033334e-03 1.937298e-01 1.197354e-02
7.773101e-03 5.758382e-01 1.931274e-01 6.771748e-02 1.755174e-02 -1.774253e-01 7.736276e-02 5.283092e-02 4.075591e-03 2.276446e-02 4.467701e-03 1.293153e-01 3.523261e-02
8.669997e-03 9.280248e-01 1.185008e-01 9.893861e-02 1.126009e-02 -2.732994e-01 4.474028e-02 7.084580e-02 5.082875e-03 2.286123e-02 6.018004e-03 1.675365e-01 1.623393e-02
1.016482e-02 1.115423e+00 2.964896e-01 9.582139e-02 2.909226e-02 -3.400403e-01 9.817753e-02 6.436716e-02 5.823571e-03 1.675298e-02 1.095451e-02 1.892846e-01 3.250263e-02
1.225758e-02 8.125123e-01 1.423676e-01 6.071149e-02 1.579622e-02 -2.475830e-01 5.089313e-02 6.762645e-02 4.566567e-03 3.901832e-02 7.416289e-03 1.869766e-01 1.940432e-02
1.494827e-02 1.156757e+00 1.094978e-01 1.177442e-01 2.802048e-02 -3.421200e-01 4.628561e-02 8.871148e-02 1.078416e-02 2.533850e-02 1.420007e-02 2.324987e-01 2.415126e-02
1.823689e-02 8.124839e-01 1.060280e-01 1.101841e-01 2.651911e-02 -1.846001e-01 2.878433e-02 9.226327e-02 1.178678e-02 3.463428e-02 9.412912e-03 1.830669e-01 2.270009e-02
2.212344e-02 9.512018e-01 1.372546e-01 9.173619e-02 2.583851e-02 -3.227648e-01 6.408678e-02 9.266492e-02 7.725405e-03 2.846208e-03 1.107503e-02 2.365723e-01 1.664334e-02
1.016482e-02 7.901486e-01 1.002241e-01 7.373595e-02 1.431597e-02 -2.363951e-01 3.263359e-02 7.543902e-02 2.732924e-03 3.998372e-02 5.183783e-03 1.748880e-01 1.312527e-02
1.046379e-02 8.219848e-01 1.361024e-01 8.708467e-02 7.396800e-03 -2.256500e-01 5.313957e-02 6.650582e-02 4.424019e-03 2.277200e-02 4.548494e-03 1.486088e-01 1.898354e-02
1.136069e-02 1.011351e+00 2.086490e-01 7.752089e-02 2.105721e-02 -3.352466e-01 7.907375e-02 7.633099e-02 1.411901e-02 3.607600e-02 8.175057e-03 2.068058e-01 3.604210e-02
1.285551e-02 7.549079e-01 8.010215e-02 6.686354e-02 2.560174e-02 -2.326970e-01 3.531569e-02 7.377306e-02 9.520568e-03 2.379884e-02 9.783691e-04 1.636832e-01 1.598542e-02
1.494827e-02 1.032783e+00 2.232860e-01 1.069058e-01 3.410448e-02 -2.942743e-01 6.655138e-02 8.190266e-02 9.250450e-03 3.246406e-02 7.547781e-03 2.046866e-01 3.077713e-02
1.763896e-02 9.935729e-01 1.227653e-01 1.411091e-01 4.590887e-02 -2.616291e-01 4.179023e-02 9.405568e-02 7.556528e-03 7.160779e-03 1.053887e-02 1.647740e-01 1.980461e-02
2.092758e-02 7.844543e-01 9.397632e-02 7.616172e-02 2.081290e-02 -2.114328e-01 3.788829e-02 9.302243e-02 4.157574e-03 2.913154e-02 1.538911e-02 2.040368e-01 1.203234e-02
2.481413e-02 8.286427e-01 5.082269e-02 6.794736e-02 1.313594e-02 -2.113962e-01 3.981202e-02 1.019749e-01 6.355827e-03 3.719843e-02 7.537556e-03 2.469325e-01 1.639612e-02
1.345344e-02 5.807332e-01 6.210475e-02 7.154801e-02 1.229866e-02 -1.597516e-01 1.964393e-02 8.335060e-02 9.887948e-03 4.129838e-02 9.065732e-03 1.708322e-01 1.145283e-02
1.375241e-02 9.677089e-01 1.709932e-01 1.157118e-01 1.893886e-02 -2.959173e-01 6.116330e-02 8.093566e-02 4.503932e-03 1.905768e-02 8.940374e-03 1.961378e-01 1.764925e-02
1.464930e-02 7.582454e-01 1.302911e-01 5.961363e-02 1.030950e-02 -2.414076e-01 6.703256e-02 6.311534e-02 6.327423e-03 2.564674e-02 4.394986e-03 1.906843e-01 2.901856e-02
1.614413e-02 9.639208e-01 1.308814e-01 1.077845e-01 2.373809e-02 -2.993971e-01 3.106614e-02 9.176093e-02 1.104783e-02 2.700678e-02 9.884131e-03 2.140940e-01 1.530562e-02
1.823689e-02 1.041928e+00 1.466540e-01 1.373686e-01 2.208237e-02 -2.916008e-01 5.702505e-02 9.132189e-02 6.747291e-03 1.866289e-02 1.148686e-02 2.261740e-01 2.923053e-02
2.092758e-02 9.735810e-01 1.008031e-01 1.223492e-01 1.404685e-02 -2.136111e-01 4.244872e-02 1.056351e-01 4.626527e-03 2.619827e-02 1.003383e-02 1.884370e-01 2.551711e-02
2.421620e-02 9.408049e-01 1.062075e-01 1.185439e-01 1.763711e-02 -2.764975e-01 5.334176e-02 1.024215e-01 4.622555e-03 7.643202e-03 1.030023e-02 2.328725e-01 3.740411e-02
2.810275e-02 8.943209e-01 1.402139e-01 8.959894e-02 1.677450e-02 -2.787147e-01 4.510582e-02 1.260789e-01 7.940525e-03 1.656144e-02 1.171080e-02 2.600008e-01 2.969141e-02
1.733999e-02 1.031441e+00 8.938114e-02 1.112747e-01 2.117700e-02 -2.969909e-01 4.254811e-02 8.123997e-02 1.884977e-03 2.388916e-02 1.171433e-02 2.342284e-01 1.960230e-02
1.763896e-02 7.938536e-01 1.145208e-01 8.894160e-02 1.391375e-02 -2.187955e-01 4.971724e-02 9.655136e-02 6.753824e-03 3.572041e-02 6.427751e-03 2.014891e-01 1.798530e-02
1.853586e-02 9.845704e-01 1.589860e-01 1.339805e-01 2.440635e-02 -2.605601e-01 4.977765e-02 1.103290e-01 1.658418e-02 2.338933e-02 5.553781e-03 2.078595e-01 3.303432e-02
2.003068e-02 1.077922e+00 1.619488e-01 1.113712e-01 1.003441e-02 -2.979254e-01 5.438448e-02 8.823087e-02 8.599744e-03 1.176342e-02 1.176304e-02 2.176903e-01 1.102843e-02
2.212344e-02 1.162944e+00 1.571694e-01 1.432895e-01 4.284946e-02 -3.090330e-01 5.483557e-02 1.010610e-01 1.352722e-02 -5.145062e-04 1.237293e-02 2.396575e-01 2.238669e-02
2.481413e-02 9.108323e-01 1.989381e-01 1.039434e-01 3.150813e-02 -2.507829e-01 4.807860e-02 1.215829e-01 1.224504e-02 2.854644e-02 6.952996e-03 2.437534e-01 2.335547e-02
2.810275e-02 8.792969e-01 1.008108e-01 1.136375e-01 1.038348e-02 -1.891027e-01 3.995970e-02 1.317745e-01 1.077743e-02 2.087953e-02 1.059106e-02 2.266321e-01 2.581335e-02
3.198930e-02 1.022855e+00 1.332759e-01 1.355747e-01 4.177785e-02 -2.993675e-01 4.995292e-02 1.358086e-01 1.283443e-02 -6.070290e-03 1.745479e-02 2.795499e-01 3.130984e-02
4.783446e-03 6.969801e-01 2.830857e-01 7.800864e-02 2.498341e-02 -1.992421e-01 8.656304e-02 5.854225e-02 4.753052e-03 2.880702e-02 6.263820e-03 1.333341e-01 2.891206e-02
5.082412e-03 6.932112e-01 1.475455e-01 1.220541e-01 2.253471e-02 -1.541338e-01 4.027455e-02 7.068457e-02 6.026786e-03 2.212948e-02 5.831454e-03 1.034585e-01 1.218440e-02
5.979308e-03 1.183499e+00 1.720556e-01 1.344990e-01 3.268119e-02 -3.537793e-01 5.012132e-02 6.534007e-02 4.612783e-03 1.190074e-02 1.183042e-02 1.836694e-01 1.603425e-02
7.474135e-03 9.128834e-01 1.525994e-01 9.276825e-02 3.164911e-02 -2.800268e-01 5.651133e-02 7.508622e-02 9.580953e-03 3.712339e-02 7.045863e-03 1.819042e-01 2.984699e-02
9.566893e-03 1.002315e+00 1.517963e-01 1.194837e-01 2.143519e-02 -2.654194e-01 5.558696e-02 7.752673e-02 6.822366e-03 2.182107e-02 7.059253e-03 1.611522e-01 2.336729e-02
1.225758e-02 6.452005e-01 7.237781e-02 7.644885e-02 9.560613e-03 -1.681324e-01 2.313747e-02 6.647939e-02 6.696898e-03 2.765135e-02 3.810941e-03 1.481501e-01 1.144982e-02
1.554620e-02 9.198153e-01 1.273582e-01 1.104114e-01 3.197991e-02 -2.416016e-01 4.423132e-02 7.671536e-02 1.167259e-02 8.079556e-03 4.236731e-03 1.519856e-01 1.893878e-02
1.943275e-02 9.886432e-01 2.441151e-01 1.225580e-01 1.511103e-02 -2.596246e-01 8.444629e-02 1.073015e-01 1.116001e-02 2.695150e-02 9.827264e-03 2.347843e-01 2.678860e-02
5.082412e-03 9.821702e-01 2.357281e-01 1.302819e-01 2.682340e-02 -2.627246e-01 8.478797e-02 7.124159e-02 7.038389e-03 1.943741e-02 1.071802e-02 1.452616e-01 3.143023e-02
5.381377e-03 8.714001e-01 1.918525e-01 9.174793e-02 3.694122e-02 -2.525654e-01 4.437521e-02 6.062885e-02 6.145270e-03 2.781154e-02 8.185349e-03 1.524522e-01 1.151755e-02
6.278274e-03 7.865745e-01 9.366928e-02 8.814039e-02 9.899531e-03 -2.447226e-01 4.098620e-02 6.031076e-02 7.427242e-03 2.165381e-02 5.330990e-03 1.460972e-01 2.085519e-02
7.773101e-03 1.132844e+00 1.992413e-01 1.073744e-01 1.733471e-02 -3.375301e-01 6.921295e-02 7.240755e-02 8.142810e-03 2.754163e-02 5.781219e-03 1.939691e-01 2.604424e-02
9.865858e-03 1.003060e+00 1.814857e-01 1.178887e-01 3.628185e-02 -2.892668e-01 5.471836e-02 7.841948e-02 7.993612e-03 2.154760e-02 9.312112e-03 1.760665e-01 1.959822e-02
1.255655e-02 1.003067e+00 9.474783e-02 9.509519e-02 1.704100e-02 -2.951887e-01 3.587048e-02 7.929623e-02 8.312524e-03 2.925118e-02 7.452473e-03 1.940485e-01 1.300327e-02
1.584517e-02 1.212173e+00 1.236652e-01 1.133543e-01 2.941972e-02 -3.928963e-01 4.255039e-02 8.896706e-02 4.316165e-03 2.327065e-02 1.258195e-02 2.512458e-01 2.642829e-02
1.973172e-02 7.909727e-01 6.350864e-02 9.832770e-02 2.046129e-02 -2.118222e-01 2.802275e-02 8.743073e-02 8.650684e-03 1.751341e-02 7.218962e-03 2.004155e-01 2.362606e-02
5.979308e-03 6.793092e-01 7.985449e-02 1.083377e-01 1.172500e-02 -1.575894e-01 3.754514e-02 7.262097e-02 6.491580e-03 2.564481e-02 8.134963e-03 1.087551e-01 1.127554e-02
6.278274e-03 8.693475e-01 1.271158e-01 9.584471e-02 1.776208e-02 -2.494789e-01 3.991892e-02 5.929565e-02 7.266421e-03 1.862923e-02 8.334987e-03 1.417128e-01 1.126877e-02
7.175170e-03 7.101176e-01 1.007016e-01 8.234748e-02 6.028124e-03 -1.993905e-01 4.636639e-02 5.310851e-02 6.158129e-03 1.864171e-02 7.830878e-03 1.284860e-01 1.707032e-02
8.669997e-03 7.590098e-01 1.520986e-01 7.344654e-02 3.042685e-02 -2.287873e-01 3.714176e-02 6.925186e-02 3.223747e-03 3.617161e-02 9.948280e-03 1.641976e-01 1.372340e-02
1.076275e-02 8.394009e-01 1.820277e-01 1.114812e-01 3.670163e-02 -2.307847e-01 5.155314e-02 6.909223e-02 8.040920e-03 1.947686e-02 1.320402e-02 1.560384e-01 1.867705e-02
1.345344e-02 9.118221e-01 1.550131e-01 1.432512e-01 2.827563e-02 -2.198610e-01 2.876159e-02 7.577235e-02 8.347390e-03 4.443344e-03 8.515067e-03 1.413629e-01 1.458611e-02
1.674206e-02 7.622574e-01 1.386088e-01 8.497305e-02 1.495197e-02 -2.095450e-01 3.947164e-02 8.966048e-02 1.144247e-02 3.612568e-02 1.074361e-02 1.737908e-01 1.197400e-02
2.062861e-02 8.614132e-01 8.368004e-02 7.788010e-02 1.805047e-02 -2.572981e-01 4.567558e-02 1.020351e-01 8.460464e-03 3.053619e-02 6.193750e-03 2.467611e-01 2.367226e-02
7.474135e-03 7.371099e-01 1.141816e-01 9.390315e-02 2.396883e-02 -2.085340e-01 4.130290e-02 7.522299e-02 7.377249e-03 3.482296e-02 4.815780e-03 1.563472e-01 2.676658e-02
7.773101e-03 1.547300e+00 3.790559e-01 1.911701e-01 5.793877e-02 -4.104271e-01 1.236610e-01 7.713308e-02 1.667487e-02 -3.331085e-03 7.605188e-03 1.852241e-01 4.290273e-02
8.669997e-03 8.659864e-01 1.766726e-01 1.202759e-01 3.728328e-02 -2.288866e-01 4.884202e-02 7.394657e-02 5.190728e-03 1.802646e-02 1.303512e-02 1.431560e-01 1.235702e-02
1.016482e-02 6.873917e-01 1.397547e-01 7.152737e-02 1.274566e-02 -1.940456e-01 4.807390e-02 6.769140e-02 7.060019e-03 2.960532e-02 9.370961e-03 1.428003e-01 1.571222e-02
1.225758e-02 7.787163e-01 7.265435e-02 7.202748e-02 1.915546e-02 -2.209906e-01 1.636027e-02 6.697496e-02 4.797239e-03 3.152961e-02 4.948153e-03 1.655809e-01 1.091622e-02
1.494827e-02 8.369336e-01 1.274639e-01 1.106966e-01 2.810022e-02 -1.996995e-01 3.879418e-02 7.976893e-02 6.733573e-03 2.042220e-02 1.001987e-02 1.590022e-01 1.028792e-02
1.823689e-02 9.631434e-01 1.776988e-01 9.804562e-02 2.660219e-02 -2.585511e-01 4.266108e-02 8.961688e-02 6.732155e-03 3.664287e-02 6.450151e-03 2.274986e-01 1.468266e-02
2.212344e-02 9.463969e-01 8.367600e-02 1.406364e-01 1.779932e-02 -2.461964e-01 3.927043e-02 1.189981e-01 4.893253e-03 1.654495e-02 1.313070e-02 2.101495e-01 2.089745e-02
9.566893e-03 6.998832e-01 1.478608e-01 6.574762e-02 7.402106e-03 -2.057425e-01 5.235037e-02 6.984300e-02 5.583068e-03 3.356665e-02 3.173111e-03 1.455460e-01 2.208650e-02
9.865858e-03 8.221047e-01 2.148348e-01 8.838910e-02 2.081940e-02 -2.438676e-01 6.398613e-02 6.868665e-02 3.143085e-03 2.450478e-02 9.705991e-03 1.676311e-01 2.600885e-02
1.076275e-02 1.470036e+00 2.221961e-01 1.529244e-01 3.648950e-02 -4.436093e-01 8.587499e-02 8.668413e-02 5.712464e-03 1.768750e-02 1.622979e-02 2.354312e-01 3.156332e-02
1.225758e-02 9.273119e-01 1.923716e-01 1.170337e-01 2.241626e-02 -2.625906e-01 7.098005e-02 7.787135e-02 6.849742e-03 2.166582e-02 1.415473e-02 1.763952e-01 1.972993e-02
1.435034e-02 7.708649e-01 8.687647e-02 1.266968e-01 2.110690e-02 -1.680628e-01 2.625793e-02 9.582348e-02 3.447621e-03 2.509319e-02 1.245886e-02 1.393833e-01 1.806830e-02
1.704103e-02 8.020351e-01 1.707803e-01 8.434142e-02 2.113324e-02 -2.355887e-01 6.752651e-02 7.423745e-02 5.206093e-03 1.786874e-02 1.060414e-02 1.796631e-01 2.491020e-02
2.032965e-02 9.993501e-01 1.217600e-01 9.746505e-02 2.220588e-02 -3.174426e-01 5.206834e-02 8.417831e-02 4.748789e-03 1.821290e-02 1.065802e-02 2.332995e-01 2.834643e-02
2.421620e-02 1.189484e+00 8.122059e-02 1.321357e-01 1.332626e-02 -3.709047e-01 1.883937e-02 1.065569e-01 1.387756e-02 5.930683e-03 9.190094e-03 2.772928e-01 1.913968e-02
1.225758e-02 1.163955e+00 2.076073e-01 1.100984e-01 2.881735e-02 -3.201579e-01 7.299702e-02 7.886711e-02 7.249950e-03 2.692249e-02 7.713590e-03 2.018656e-01 2.421951e-02
1.255655e-02 1.198261e+00 2.064756e-01 1.037083e-01 2.132998e-02 -3.686168e-01 7.534575e-02 6.447059e-02 4.291168e-03 1.635639e-02 8.763230e-03 2.234990e-01 2.826928e-02
1.345344e-02 8.198596e-01 1.431857e-01 8.764734e-02 2.552670e-02 -2.205769e-01 4.381554e-02 6.952196e-02 4.172438e-03 3.193768e-02 1.053913e-02 1.662142e-01 1.033232e-02
1.494827e-02 7.760752e-01 5.188977e-02 8.768017e-02 1.370792e-02 -2.331483e-01 3.346155e-02 7.752521e-02 3.988221e-03 2.716080e-02 1.227702e-02 1.816734e-01 1.904733e-02
1.704103e-02 8.915136e-01 1.176299e-01 1.076010e-01 9.583691e-03 -2.435950e-01 4.841478e-02 8.223853e-02 8.320776e-03 2.939345e-02 1.398020e-02 2.116943e-01 1.597747e-02
1.973172e-02 7.666993e-01 5.649603e-02 8.844915e-02 1.561873e-02 -1.818922e-01 2.998646e-02 8.927594e-02 5.498880e-03 3.235262e-02 1.081875e-02 1.843382e-01 1.908702e-02
2.302034e-02 9.788080e-01 1.572686e-01 1.309319e-01 3.148319e-02 -2.561800e-01 6.372669e-02 1.106764e-01 1.358447e-02 8.915790e-03 9.425293e-03 2.218169e-01 3.126971e-02
2.690689e-02 1.112041e+00 9.810847e-02 1.093317e-01 2.333330e-02 -3.004080e-01 3.257613e-02 1.148233e-01 2.932578e-03 1.171636e-02 1.189629e-02 2.687067e-01 1.043727e-02
1.554620e-02 1.033575e+00 8.892098e-02 7.849381e-02 2.802390e-02 -2.859700e-01 3.824219e-02 7.545497e-02 4.167965e-03 3.246352e-02 1.373339e-02 1.953819e-01 3.439803e-02
1.584517e-02 1.108168e+00 2.177691e-01 5.264467e-02 3.590548e-02 -3.696363e-01 4.853410e-02 8.204773e-02 6.601681e-03 4.465753e-02 1.025073e-02 2.602305e-01 1.761915e-02
1.674206e-02 9.713963e-01 1.652708e-01 7.560483e-02 2.117554e-02 -3.325514e-01 8.119129e-02 7.446957e-02 7.784695e-03 3.088423e-02 1.608296e-02 2.603840e-01 3.578167e-02
1.823689e-02 7.890390e-01 8.598286e-02 1.199522e-01 2.082549e-02 -2.106517e-01 3.176396e-02 9.250635e-02 4.746579e-03 1.076247e-02 1.177008e-02 1.821593e-01 2.223759e-02
2.032965e-02 9.544361e-01 1.360486e-01 9.077903e-02 2.301371e-02 -2.588200e-01 4.994456e-02 9.287053e-02 8.081922e-03 1.629086e-02 8.738031e-03 1.917005e-01 2.316914e-02
2.302034e-02 9.162568e-01 1.043707e-01 9.825601e-02 1.790997e-02 -2.748716e-01 4.959644e-02 1.133190e-01 7.667791e-03 2.046644e-02 1.044121e-02 2.304235e-01 1.179622e-02
2.630896e-02 9.494750e-01 1.029869e-01 9.502897e-02 2.902027e-02 -3.105149e-01 3.128420e-02 1.231636e-01 1.375157e-02 2.631060e-02 1.307035e-02 3.023116e-01 2.418211e-02
3.019551e-02 6.876592e-01 6.971407e-02 1.245758e-01 3.614883e-02 -1.210731e-01 3.818956e-02 1.502125e-01 1.456990e-02 2.409901e-02 1.843817e-02 2.323575e-01 2.727144e-02
1.943275e-02 8.873677e-01 9.754973e-02 8.098171e-02 2.652509e-02 -2.697367e-01 6.445303e-02 1.004944e-01 8.576491e-03 3.469642e-02 8.899208e-03 2.255862e-01 3.643556e-02
1.973172e-02 9.921172e-01 1.255834e-01 1.131088e-01 3.021082e-02 -2.913011e-01 3.653653e-02 1.158977e-01 1.073064e-02 4.265654e-02 1.492629e-02 2.397890e-01 1.395209e-02
2.062861e-02 8.853480e-01 1.700406e-01 8.303038e-02 3.697121e-02 -2.482829e-01 5.986310e-02 8.889074e-02 4.275224e-03 3.231417e-02 1.172959e-02 2.270379e-01 3.126963e-02
2.212344e-02 9.584047e-01 1.188247e-01 1.113397e-01 2.106172e-02 -2.914073e-01 3.221808e-02 1.245198e-01 8.080437e-03 2.378734e-02 8.714626e-03 2.227759e-01 9.676618e-03
2.421620e-02 1.155591e+00 1.500233e-01 1.216745e-01 2.450001e-02 -3.433364e-01 4.356384e-02 1.014458e-01 9.920653e-03 5.791552e-03 6.639851e-03 2.746717e-01 1.751101e-02
2.690689e-02 9.165400e-01 8.378184e-02 1.138963e-01 2.653801e-02 -2.525607e-01 1.873632e-02 1.403133e-01 3.110061e-03 1.585348e-02 1.874364e-03 2.707602e-01 1.997941e-02
3.019551e-02 9.707892e-01 1.085126e-01 9.455956e-02 2.993253e-02 -2.407666e-01 5.680333e-02 1.335071e-01 7.422830e-03 1.933519e-02 1.742239e-02 2.810449e-01 2.678197e-02
3.408206e-02 8.916781e-01 7.171346e-02 8.429584e-02 3.952514e-02 -2.278329e-01 1.994733e-02 1.704356e-01 1.626949e-02 1.929584e-02 8.532437e-03 3.356914e-01 3.190215e-02
7.474135e-03 9.503806e-01 1.358630e-01 1.102831e-01 7.454884e-03 -2.814767e-01 5.389345e-02 7.064635e-02 7.095704e-03 2.198477e-02 6.773477e-03 1.658740e-01 1.848805e-02
7.773101e-03 1.270426e+00 5.045267e-01 1.007514e-01 1.538469e-02 -3.953674e-01 1.971103e-01 6.464226e-02 6.919398e-03 2.042588e-02 8.598091e-03 2.017748e-01 7.249934e-02
8.669997e-03 7.350442e-01 1.559220e-01 6.109638e-02 1.545097e-02 -2.277510e-01 6.631300e-02 6.890515e-02 5.158947e-03 4.319927e-02 6.939073e-03 1.712538e-01 3.145890e-02
1.016482e-02 5.371446e-01 4.258920e-02 4.044541e-02 1.150925e-02 -1.767511e-01 1.346829e-02 7.090533e-02 7.088747e-03 4.664245e-02 7.434175e-03 1.598230e-01 9.422099e-03
1.225758e-02 1.192013e+00 2.076343e-01 1.099009e-01 3.390900e-02 -3.874317e-01 9.103735e-02 7.183827e-02 7.205578e-03 1.591367e-02 1.109819e-02 2.233381e-01 4.686786e-02
1.494827e-02 6.929984e-01 2.013741e-01 6.682600e-02 1.577454e-02 -2.043635e-01 7.949626e-02 7.880634e-02 1.133919e-02 3.713114e-02 1.105970e-02 1.819480e-01 2.181022e-02
1.823689e-02 7.053881e-01 6.193848e-02 1.036706e-01 1.837227e-02 -1.791219e-01 2.748231e-02 9.080826e-02 7.301883e-03 2.151351e-02 8.635911e-03 1.688515e-01 1.587468e-02
2.212344e-02 8.558153e-01 9.541982e-02 1.098677e-01 2.252360e-02 -2.358664e-01 3.613316e-02 1.285709e-01 8.718609e-03 4.034795e-02 1.163564e-02 2.333206e-01 2.038645e-02
7.773101e-03 1.107927e+00 1.867098e-01 1.256051e-01 2.613829e-02 -2.955116e-01 5.824146e-02 7.712490e-02 1.205568e-02 2.467441e-02 5.286635e-03 1.640610e-01 2.529896e-02
8.072066e-03 8.575596e-01 1.815386e-01 7.872020e-02 3.860412e-02 -2.726788e-01 5.009092e-02 6.047736e-02 6.682443e-03 2.470396e-02 1.190273e-02 1.675207e-01 2.450185e-02
8.968962e-03 1.079760e+00 1.562111e-01 1.420005e-01 2.860762e-02 -2.856863e-01 4.946373e-02 7.926424e-02 8.107635e-03 2.019783e-02 7.017744e-03 1.724373e-01 2.140944e-02
1.046379e-02 1.073963e+00 8.002465e-02 9.509115e-02 1.235051e-02 -3.573503e-01 2.782653e-02 7.157503e-02 3.010178e-03 2.728612e-02 6.495804e-03 2.212495e-01 8.799649e-03
1.255655e-02 8.807130e-01 7.518952e-02 1.043334e-01 2.806515e-02 -2.415527e-01 3.577193e-02 8.162222e-02 8.343616e-03 3.283624e-02 9.871187e-03 1.787205e-01 1.698175e-02
1.524724e-02 1.062900e+00 1.181435e-01 1.351760e-01 2.831288e-02 -3.088421e-01 6.661254e-02 7.700584e-02 7.198270e-03 1.041560e-02 1.291666e-02 2.133802e-01 3.055916e-02
1.853586e-02 8.976271e-01 7.970918e-02 8.897574e-02 2.421539e-02 -2.825136e-01 2.429834e-02 9.305972e-02 8.748990e-03 3.225178e-02 1.519204e-02 2.397136e-01 1.833286e-02
2.242241e-02 8.778998e-01 1.466911e-01 9.688849e-02 1.630449e-02 -2.355554e-01 6.390385e-02 1.028819e-01 8.429754e-03 3.488775e-02 8.326977e-03 2.160396e-01 4.238495e-02
8.669997e-03 6.212443e-01 4.993958e-02 7.358372e-02 1.317137e-02 -1.421511e-01 1.693544e-02 6.011461e-02 8.145461e-03 2.989037e-02 6.267975e-03 1.126216e-01 8.441702e-03
8.968962e-03 8.605403e-01 1.458315e-01 1.373227e-01 2.417993e-02 -1.792423e-01 3.714215e-02 8.531664e-02 7.663861e-03 2.322965e-02 7.407788e-03 1.196585e-01 1.228687e-02
9.865858e-03 9.681367e-01 1.534576e-01 9.955591e-02 1.730517e-02 -2.760877e-01 7.876236e-02 7.194975e-02 9.212435e-03 3.234822e-02 7.333045e-03 1.875462e-01 3.372474e-02
1.136069e-02 9.083577e-01 1.902601e-01 9.865389e-02 3.385553e-02 -2.487724e-01 5.630036e-02 7.188618e-02 9.770992e-03 2.105473e-02 5.123938e-03 1.590235e-01 2.624465e-02
1.345344e-02 7.768077e-01 5.880327e-02 8.505940e-02 1.107160e-02 -1.962181e-01 2.240693e-02 7.493800e-02 7.817758e-03 3.559328e-02 8.592407e-03 1.626338e-01 2.239322e-02
1.614413e-02 1.240052e+00 1.918661e-01 1.539511e-01 3.242396e-02 -3.137703e-01 4.235768e-02 9.481757e-02 7.438907e-03 2.427543e-02 1.482488e-02 2.158534e-01 9.707343e-03
1.943275e-02 9.874502e-01 1.095564e-01 8.941662e-02 2.375876e-02 -2.914647e-01 2.358966e-02 8.717868e-02 1.123780e-02 2.707751e-02 5.151999e-03 2.225509e-01 1.350716e-02
2.331930e-02 9.861851e-01 1.290363e-01 1.175134e-01 3.590114e-02 -2.756278e-01 3.000616e-02 1.076822e-01 1.102656e-02 1.930192e-02 1.379799e-02 2.547069e-01 2.315923e-02
1.016482e-02 9.712640e-01 1.526572e-01 1.248737e-01 2.574281e-02 -2.931069e-01 6.183158e-02 6.857184e-02 8.263389e-03 1.333933e-02 1.124847e-02 1.822433e-01 2.629384e-02
1.046379e-02 1.225841e+00 2.730515e-01 1.211565e-01 4.076343e-02 -3.811453e-01 7.386494e-02 8.451996e-02 7.293126e-03 2.428293e-02 9.529542e-03 2.193479e-01 2.616302e-02
1.136069e-02 9.880512e-01 2.763808e-01 1.085397e-01 2.622639e-02 -2.957671e-01 1.027762e-01 7.024397e-02 6.281542e-03 1.651308e-02 6.818565e-03 1.794352e-01 3.942131e-02
1.285551e-02 9.688442e-01 1.743638e-01 9.983061e-02 1.070853e-02 -2.770455e-01 7.047734e-02 7.545099e-02 2.076952e-03 2.698490e-02 6.198820e-03 1.902218e-01 3.200563e-02
1.494827e-02 1.311405e+00 2.161987e-01 1.245763e-01 2.112769e-02 -3.853998e-01 9.780915e-02 7.354814e-02 7.011104e-03 1.052115e-02 1.104863e-02 2.180186e-01 3.884030e-02
1.763896e-02 9.357241e-01 2.261270e-01 1.092175e-01 1.793125e-02 -2.800610e-01 8.872749e-02 8.384622e-02 6.247238e-03 2.050875e-02 6.690890e-03 2.140940e-01 3.885281e-02
2.092758e-02 1.007327e+00 1.683507e-01 1.167129e-01 2.482510e-02 -2.617488e-01 4.183917e-02 1.085272e-01 1.212488e-02 3.257169e-02 1.007361e-02 2.129815e-01 2.611202e-02
2.481413e-02 9.793596e-01 1.264695e-01 1.101613e-01 1.959765e-02 -3.164032e-01 6.395634e-02 1.088022e-01 6.472099e-03 1.443554e-02 1.433609e-02 2.686647e-01 3.069308e-02
1.225758e-02 1.033406e+00 8.983377e-02 1.136441e-01 9.404009e-03 -2.821240e-01 4.684291e-02 7.451523e-02 9.083363e-03 1.579663e-02 5.958034e-03 1.644237e-01 1.606838e-02
1.255655e-02 6.346965e-01 5.190481e-02 7.326869e-02 9.526966e-03 -1.753623e-01 4.244999e-02 7.622479e-02 5.551559e-03 3.347209e-02 5.886001e-03 1.549057e-01 3.301072e-02
1.345344e-02 6.538256e-01 1.838906e-01 6.488030e-02 2.059219e-02 -2.073138e-01 6.772833e-02 6.862243e-02 1.394738e-03 3.296688e-02 8.595885e-03 1.787018e-01 2.583168e-02
1.494827e-02 6.556404e-01 8.245253e-02 5.704199e-02 1.967810e-02 -2.062147e-01 2.937223e-02 7.060508e-02 6.452550e-03 3.205984e-02 9.521982e-03 1.628524e-01 1.566203e-02
1.704103e-02 9.017641e-01 7.370478e-02 9.914164e-02 1.227937e-02 -2.775539e-01 4.222418e-02 8.698954e-02 8.039550e-03 2.703903e-02 6.314836e-03 2.092758e-01 1.309827e-02
1.973172e-02 1.111566e+00 1.637459e-01 1.297020e-01 4.537780e-02 -3.376273e-01 2.930340e-02 9.429194e-02 8.268833e-03 1.370484e-02 1.779782e-02 2.395891e-01 2.786045e-02
2.302034e-02 9.802121e-01 1.232355e-01 8.486390e-02 3.667722e-02 -2.588630e-01 3.291297e-02 9.670863e-02 8.265343e-03 3.396820e-02 1.368413e-02 2.319703e-01 2.550452e-02
2.690689e-02 7.647018e-01 5.746423e-02 1.076764e-01 1.700106e-02 -2.085657e-01 5.519832e-02 1.157624e-01 8.954922e-03 1.478249e-02 8.054216e-03 2.676268e-01 3.281812e-02
1.494827e-02 7.620473e-01 4.698087e-02 8.728932e-02 4.679075e-03 -1.950855e-01 2.325375e-02 6.908185e-02 6.048467e-03 2.211474e-02 4.724977e-03 1.572070e-01 9.924556e-03
1.524724e-02 1.038685e+00 1.061276e-01 6.316987e-02 2.843644e-02 -3.140136e-01 3.663634e-02 5.858163e-02 4.763088e-03 2.291022e-02 1.003941e-02 2.053833e-01 1.700592e-02
1.614413e-02 1.082213e+00 1.260171e-01 1.090291e-01 1.485557e-02 -3.056407e-01 3.669056e-02 7.783382e-02 6.011598e-03 2.546266e-02 8.212210e-03 2.285842e-01 2.503452e-02
1.763896e-02 1.175370e+00 1.529297e-01 1.803842e-01 3.616691e-02 -3.028607e-01 4.300592e-02 1.119231e-01 1.444988e-02 2.035691e-02 6.868155e-03 2.228878e-01 2.048498e-02
1.973172e-02 1.043578e+00 9.874364e-02 1.065657e-01 4.071997e-02 -3.037867e-01 3.713808e-02 8.388351e-02 1.156867e-02 1.060939e-02 1.112323e-02 2.311564e-01 1.261949e-02
2.242241e-02 9.078620e-01 3.653755e-02 1.154755e-01 1.711466e-02 -2.139286e-01 2.659595e-02 1.069219e-01 1.079176e-02 2.365051e-02 7.526079e-03 2.125835e-01 1.966973e-02
2.571102e-02 8.195362e-01 1.261675e-01 8.715208e-02 1.053749e-02 -2.281081e-01 1.719083e-02 1.265635e-01 3.160946e-03 3.736911e-02 1.259789e-02 2.552498e-01 1.338831e-02
2.959758e-02 7.184473e-01 1.239930e-01 1.088307e-01 2.213687e-02 -1.535482e-01 3.323889e-02 1.502264e-01 1.234296e-02 1.731883e-02 6.139801e-03 2.863033e-01 1.227867e-02
1.823689e-02 6.719633e-01 1.104471e-01 8.960032e-02 2.253724e-02 -1.136839e-01 2.999392e-02 9.654410e-02 1.035215e-02 4.220761e-02 5.917822e-03 1.623778e-01 1.884921e-02
1.853586e-02 8.143540e-01 1.082045e-01 1.080255e-01 2.349571e-02 -2.140894e-01 2.408775e-02 8.014745e-02 6.340960e-03 1.543693e-02 8.669867e-03 1.693240e-01 1.593210e-02
1.943275e-02 9.196208e-01 1.268059e-01 1.246549e-01 1.687001e-02 -2.171644e-01 4.159052e-02 1.090251e-01 7.415704e-03 2.588734e-02 5.588968e-03 1.818506e-01 1.295227e-02
2.092758e-02 1.048383e+00 9.243348e-02 1.066856e-01 1.429170e-02 -2.499342e-01 2.393464e-02 1.065683e-01 1.146662e-02 5.243694e-02 5.450035e-03 2.380166e-01 1.754414e-02
2.302034e-02 8.535685e-01 7.281880e-02 6.367844e-02 1.457281e-02 -2.250805e-01 2.000845e-02 9.701358e-02 1.311326e-02 3.862962e-02 7.946864e-03 2.369906e-01 1.913218e-02
2.571102e-02 8.739644e-01 7.344077e-02 1.327179e-01 2.865269e-02 -2.426079e-01 4.723865e-02 1.095666e-01 1.196685e-02 1.177577e-02 1.174397e-02 2.659194e-01 1.793750e-02
2.899964e-02 8.910499e-01 1.338209e-01 8.559162e-02 1.823285e-02 -2.429387e-01 2.625917e-02 1.244908e-01 7.309349e-03 1.225514e-02 7.166029e-03 2.846235e-01 1.573534e-02
3.288619e-02 9.503031e-01 8.499559e-02 1.602397e-01 2.884524e-02 -2.469068e-01 5.132123e-02 1.552042e-01 1.278170e-02 1.099733e-02 2.079391e-02 3.537001e-01 4.081691e-02
2.212344e-02 8.958848e-01 6.030579e-02 8.955076e-02 1.797116e-02 -2.679791e-01 3.531887e-02 9.152758e-02 1.041775e-02 2.663975e-02 8.717103e-03 2.297379e-01 2.563375e-02
2.242241e-02 8.421554e-01 1.108876e-01 1.098993e-01 2.802434e-02 -2.510890e-01 6.146505e-02 1.181609e-01 1.057263e-02 1.843941e-02 7.883245e-03 2.323302e-01 2.101452e-02
2.331930e-02 1.095391e+00 1.419026e-01 1.172868e-01 1.280308e-02 -3.247919e-01 7.488711e-02 1.166349e-01 4.328260e-03 3.570176e-02 1.631523e-02 2.844480e-01 4.437900e-02
2.481413e-02 1.018183e+00 1.007725e-01 6.405490e-02 1.635303e-02 -3.737138e-01 2.995616e-02 1.119105e-01 1.035490e-02 3.685508e-02 3.268357e-03 3.277920e-01 2.238093e-02
2.690689e-02 1.157264e+00 8.812463e-02 1.251376e-01 2.824450e-02 -3.149543e-01 3.537510e-02 1.301973e-01 1.215417e-02 1.636145e-02 1.385048e-02 2.807596e-01 1.705368e-02
2.959758e-02 8.095136e-01 1.028794e-01 1.170915e-01 2.753095e-02 -2.315996e-01 5.543630e-02 1.416840e-01 8.060928e-03 6.446506e-03 1.149351e-02 2.764949e-01 3.406301e-02
3.288619e-02 7.559794e-01 1.090915e-01 1.565857e-01 2.244378e-02 -2.317462e-01 4.720103e-02 1.853992e-01 1.608742e-02 -2.267769e-02 6.929522e-03 2.856167e-01 2.093418e-02
3.677274e-02 9.465372e-01 9.723440e-02 1.208040e-01 2.573597e-02 -2.331868e-01 4.244203e-02 1.976852e-01 1.540102e-02 -1.565727e-02 1.215353e-02 3.795203e-01 4.744530e-02
1.076275e-02 8.238360e-01 1.076867e-01 1.037226e-01 2.001861e-02 -2.071385e-01 3.508296e-02 6.844130e-02 5.329467e-03 2.380821e-02 7.597319e-03 1.430860e-01 1.256555e-02
1.106172e-02 8.364192e-01 1.537303e-01 8.275832e-02 1.932374e-02 -2.430680e-01 4.744467e-02 6.326000e-02 2.755795e-03 2.357706e-02 9.215141e-03 1.672479e-01 9.164442e-03
1.195862e-02 8.409854e-01 6.362286e-02 8.400904e-02 1.091410e-02 -2.227644e-01 3.043684e-02 7.207476e-02 5.541719e-03 3.500229e-02 6.274152e-03 1.700715e-01 1.145959e-02
1.345344e-02 9.578491e-01 1.262136e-01 1.026393e-01 2.246325e-02 -2.863363e-01 6.419335e-02 7.942379e-02 1.019694e-02 2.307450e-02 7.155517e-03 2.007526e-01 4.137435e-02
1.554620e-02 7.178508e-01 1.228417e-01 9.046862e-02 1.640155e-02 -2.048666e-01 4.088822e-02 7.845948e-02 5.791186e-03 2.493492e-02 5.779260e-03 1.684929e-01 2.063847e-02
1.823689e-02 1.024345e+00 8.482545e-02 1.104013e-01 3.440389e-02 -2.545555e-01 4.054912e-02 8.682375e-02 1.070159e-02 2.316775e-02 4.732188e-03 1.932699e-01 1.768143e-02
2.152551e-02 8.054064e-01 1.169647e-01 9.763149e-02 1.424924e-02 -2.082942e-01 3.866851e-02 9.705512e-02 7.689147e-03 9.362480e-03 1.223171e-02 2.036071e-01 2.931396e-02
2.541206e-02 7.665991e-01 1.155408e-01 1.029281e-01 2.827419e-02 -2.103238e-01 3.002812e-02 1.136827e-01 8.040153e-03 1.492214e-02 1.429347e-02 2.329889e-01 8.610215e-03
1.106172e-02 7.905519e-01 9.935021e-02 7.777462e-02 1.814241e-02 -2.232123e-01 2.967849e-02 6.155341e-02 9.052794e-03 1.832732e-02 5.091622e-03 1.433173e-01 1.783726e-02
1.136069e-02 7.759172e-01 8.709835e-02 8.424480e-02 9.507361e-03 -2.335935e-01 3.185472e-02 6.465886e-02 4.832958e-03 1.872254e-02 7.737025e-03 1.529380e-01 1.373689e-02
1.225758e-02 8.234648e-01 1.429890e-01 1.272660e-01 1.946971e-02 -1.952656e-01 3.076702e-02 6.946448e-02 3.612542e-03 1.616298e-02 8.320134e-03 1.410699e-01 1.007410e-02
1.375241e-02 1.041143e+00 2.031152e-01 1.004215e-01 3.152222e-02 -3.199464e-01 5.368328e-02 7.424618e-02 9.015296e-03 1.612582e-02 8.444940e-03 2.074076e-01 1.806594e-02
1.584517e-02 7.754477e-01 4.784665e-02 9.664077e-02 8.211074e-03 -1.976897e-01 9.429661e-03 7.693309e-02 5.527352e-03 2.409925e-02 8.858216e-03 1.669140e-01 1.720736e-02
1.853586e-02 9.890483e-01 1.299368e-01 1.307688e-01 7.545630e-03 -2.736707e-01 2.712228e-02 8.163391e-02 7.545361e-03 -2.763219e-03 6.040485e-03 1.857319e-01 1.564095e-02
2.182447e-02 9.347033e-01 8.626518e-02 9.829286e-02 1.815736e-02 -2.791670e-01 2.552771e-02 1.082024e-01 9.798461e-03 2.550211e-02 7.432418e-03 2.329359e-01 1.825765e-02
2.571102e-02 9.659037e-01 9.725897e-02 1.018703e-01 3.053458e-02 -2.593266e-01 4.112669e-02 1.134866e-01 9.982642e-03 1.706099e-02 9.977772e-03 2.452739e-01 2.249870e-02
1.195862e-02 9.042054e-01 1.105887e-01 1.020045e-01 1.776504e-02 -2.602706e-01 3.097390e-02 7.865008e-02 6.573138e-03 3.227558e-02 3.902506e-03 1.944817e-01 1.809021e-02
1.225758e-02 8.012044e-01 9.947133e-02 9.269278e-02 1.584023e-02 -1.967071e-01 3.860689e-02 7.316942e-02 6.428400e-03 3.712750e-02 4.888910e-03 1.656309e-01 2.041213e-02
1.315448e-02 8.519212e-01 2.025601e-01 9.325921e-02 2.443897e-02 -2.293991e-01 4.800423e-02 6.882241e-02 3.128151e-03 1.726389e-02 7.147667e-03 1.544971e-01 1.653182e-02
1.464930e-02 9.593724e-01 1.536088e-01 1.143538e-01 2.572954e-02 -2.670092e-01 4.121321e-02 7.937189e-02 8.916337e-03 1.382839e-02 5.250564e-03 1.709434e-01 1.724539e-02
1.674206e-02 7.682343e-01 9.781503e-02 1.067770e-01 2.097071e-02 -1.871840e-01 4.972017e-02 7.935416e-02 3.386854e-03 2.266135e-02 9.779063e-03 1.842156e-01 2.269504e-02
1.943275e-02 7.565038e-01 6.418439e-02 7.629620e-02 5.565875e-03 -2.363841e-01 2.248860e-02 1.043211e-01 1.146272e-02 3.282759e-02 8.399308e-03 2.157521e-01 2.302086e-02
2.272137e-02 8.673691e-01 1.401582e-01 1.200792e-01 1.530630e-02 -2.531150e-01 5.314059e-02 1.047985e-01 7.404485e-03 1.605451e-03 7.209661e-03 2.326456e-01 2.122988e-02
2.660792e-02 8.372986e-01 6.149422e-02 8.347460e-02 2.300443e-02 -2.690262e-01 3.089264e-02 1.008510e-01 7.305145e-03 -3.336089e-03 8.586436e-03 2.492356e-01 2.754472e-02
1.345344e-02 8.540744e-01 1.128090e-01 8.645002e-02 1.482541e-02 -2.556106e-01 4.062892e-02 8.298405e-02 3.076989e-03 4.191569e-02 1.345342e-02 2.029449e-01 2.604699e-02
1.375241e-02 9.806128e-01 2.757597e-01 1.021327e-01 1.357690e-02 -2.728722e-01 1.012513e-01 7.617937e-02 4.478947e-03 2.143322e-02 6.421679e-03 1.758831e-01 4.213904e-02
1.464930e-02 8.839123e-01 7.987156e-02 1.090143e-01 1.826713e-02 -2.390350e-01 3.283088e-02 8.053204e-02 4.274610e-03 3.343817e-02 7.430874e-03 2.060976e-01 1.649348e-02
1.614413e-02 9.005337e-01 9.945693e-02 9.877440e-02 2.566517e-02 -2.671878e-01 2.940424e-02 8.985026e-02 6.621245e-03 1.491556e-02 7.682533e-03 1.880712e-01 1.279830e-02
1.823689e-02 6.796349e-01 5.555760e-02 1.158439e-01 2.927093e-02 -1.603748e-01 1.060212e-02 1.012767e-01 7.090250e-03 3.621383e-02 9.029957e-03 1.797627e-01 1.531737e-02
2.092758e-02 7.538858e-01 7.018667e-02 6.560961e-02 2.040007e-02 -2.328453e-01 6.195782e-02 8.463767e-02 1.264705e-02 2.633207e-02 1.209371e-02 2.346923e-01 3.709273e-02
2.421620e-02 9.946261e-01 1.177987e-01 1.121556e-01 1.312301e-02 -2.512665e-01 6.000719e-02 9.184027e-02 6.493273e-03 9.790935e-03 1.146464e-02 2.363877e-01 2.922121e-02
2.810275e-02 9.544449e-01 1.223093e-01 1.336399e-01 1.244404e-02 -2.644014e-01 8.283881e-02 1.335086e-01 1.617892e-02 8.534564e-03 1.863750e-02 2.770712e-01 2.207973e-02
1.554620e-02 9.026365e-01 8.291918e-02 1.110587e-01 1.918585e-02 -2.463769e-01 7.579507e-03 7.527766e-02 6.747303e-03 6.417101e-03 7.329781e-03 1.755913e-01 1.841076e-02
1.584517e-02 8.786775e-01 1.728058e-01 9.337638e-02 8.145581e-03 -2.628354e-01 6.522035e-02 8.748375e-02 6.672327e-03 3.470980e-02 1.118686e-02 2.115959e-01 1.694612e-02
1.674206e-02 6.807649e-01 1.215892e-01 5.469992e-02 1.132864e-02 -2.210982e-01 4.070949e-02 7.958388e-02 3.671358e-03 4.101444e-02 4.053286e-03 2.144869e-01 1.372704e-02
1.823689e-02 9.388467e-01 1.640725e-01 9.199624e-02 3.031737e-02 -2.621968e-01 4.578158e-02 8.794673e-02 4.859731e-03 1.493138e-02 1.225772e-02 1.942613e-01 1.547842e-02
2.032965e-02 9.725307e-01 1.029677e-01 1.230030e-01 2.728030e-02 -2.514964e-01 1.849817e-02 1.100163e-01 6.658992e-03 2.566343e-02 8.279502e-03 1.965913e-01 1.422507e-02
2.302034e-02 9.296902e-01 1.216479e-01 1.129382e-01 3.878723e-02 -2.008422e-01 3.752460e-02 1.129355e-01 4.734624e-03 2.643151e-02 1.051307e-02 2.171721e-01 1.472303e-02
2.630896e-02 7.114365e-01 5.380554e-02 9.021200e-02 1.943308e-02 -1.947902e-01 4.272941e-02 1.291590e-01 7.552199e-03 3.641764e-02 8.538845e-03 2.666466e-01 2.925374e-02
3.019551e-02 1.028973e+00 8.288740e-02 1.389495e-01 1.002539e-02 -2.586861e-01 4.298254e-02 1.533924e-01 1.362729e-02 -7.950324e-03 1.459350e-02 2.682706e-01 2.850690e-02
1.823689e-02 7.194307e-01 7.921016e-02 7.225892e-02 1.529108e-02 -1.880290e-01 3.391474e-02 8.394177e-02 1.514131e-02 3.198456e-02 9.950097e-03 2.062902e-01 3.033529e-02
1.853586e-02 9.003083e-01 7.578550e-02 6.042840e-02 1.207168e-02 -2.999742e-01 3.474411e-02 8.350158e-02 5.486056e-03 2.668242e-02 9.316065e-03 2.230811e-01 2.377373e-02
1.943275e-02 9.476958e-01 3.359833e-02 1.157503e-01 1.146180e-02 -2.436392e-01 2.277487e-02 8.946377e-02 1.246807e-02 2.049507e-02 1.058459e-02 1.972055e-01 1.771415e-02
2.092758e-02 8.669643e-01 1.281992e-01 1.053787e-01 2.494536e-02 -2.442556e-01 4.786254e-02 8.741757e-02 7.520084e-03 2.017355e-02 1.474205e-02 2.186799e-01 1.741305e-02
2.302034e-02 9.452827e-01 1.307150e-01 1.055228e-01 1.601879e-02 -2.696290e-01 5.188382e-02 1.099981e-01 1.003656e-02 1.885477e-02 1.165851e-02 2.386178e-01 2.696894e-02
2.571102e-02 1.156567e+00 1.087295e-01 1.504342e-01 1.234278e-02 -3.580486e-01 2.995060e-02 1.159839e-01 1.164093e-02 8.444477e-03 1.113775e-02 3.104507e-01 2.287698e-02
2.899964e-02 8.753449e-01 1.130976e-01 1.011338e-01 2.418008e-02 -2.455518e-01 4.171990e-02 1.464069e-01 1.882050e-02 1.171625e-02 1.069044e-02 2.718876e-01 1.662817e-02
3.288619e-02 7.907756e-01 8.784048e-02 1.127868e-01 8.619909e-03 -2.117355e-01 2.575745e-02 1.703043e-01 1.261575e-02 1.284958e-02 1.676411e-02 2.766243e-01 1.999381e-02
2.152551e-02 9.848805e-01 1.066320e-01 1.171687e-01 2.519394e-02 -2.903689e-01 5.010813e-02 1.083469e-01 7.250515e-03 2.948813e-02 1.434562e-02 2.359834e-01 4.028461e-02
2.182447e-02 9.952927e-01 8.684492e-02 1.214651e-01 2.476066e-02 -2.725253e-01 3.631950e-02 1.023847e-01 5.601130e-03 1.809244e-02 1.404594e-02 2.266672e-01 2.092497e-02
2.272137e-02 1.081531e+00 2.859544e-01 1.199105e-01 3.502373e-02 -2.793389e-01 8.225576e-02 9.549552e-02 1.418171e-02 1.408020e-02 9.575336e-03 2.211534e-01 2.444195e-02
2.421620e-02 9.816151e-01 1.568258e-01 1.195081e-01 1.799410e-02 -3.371728e-01 8.987334e-02 1.157730e-01 9.780289e-03 1.030595e-02 1.298263e-02 2.777758e-01 3.655182e-02
2.630896e-02 1.032579e+00 7.672500e-02 1.268939e-01 2.034065e-02 -3.353130e-01 5.000470e-02 1.268025e-01 9.529133e-03 3.020896e-03 1.321680e-02 2.706855e-01 1.961431e-02
2.899964e-02 9.758746e-01 9.499660e-02 1.162709e-01 2.497344e-02 -2.433733e-01 5.498669e-02 1.302881e-01 6.980102e-03 2.106170e-02 5.710206e-03 2.599861e-01 3.181236e-02
3.228826e-02 9.121068e-01 8.447910e-02 9.996107e-02 2.801530e-02 -2.542913e-01 6.148817e-02 1.356140e-01 5.096630e-03 2.642988e-02 1.944205e-02 3.709317e-01 4.018568e-02
3.617481e-02 1.028810e+00 1.056830e-01 1.439186e-01 3.258939e-02 -2.518630e-01 4.667836e-02 1.754662e-01 1.008291e-02 -1.726305e-02 1.154259e-02 3.251948e-01 1.965627e-02
2.541206e-02 1.047757e+00 1.532887e-01 8.944464e-02 3.165583e-02 -3.238465e-01 5.198938e-02 1.012760e-01 5.391721e-03 2.623308e-02 1.177896e-02 2.859818e-01 2.864664e-02
2.571102e-02 8.272085e-01 9.827509e-02 1.094558e-01 2.275758e-02 -2.066539e-01 3.969276e-02 1.099537e-01 8.247130e-03 2.154313e-02 1.379950e-02 2.264496e-01 1.280547e-02
2.660792e-02 1.025084e+00 1.125342e-01 1.161523e-01 3.510598e-02 -3.253702e-01 4.013127e-02 1.134729e-01 8.563119e-03 -1.090671e-02 8.966183e-03 2.829787e-01 2.628279e-02
2.810275e-02 1.155938e+00 1.022084e-01 1.625928e-01 3.643454e-02 -3.054449e-01 5.256327e-02 1.258863e-01 1.619481e-02 5.450303e-03 8.536131e-03 3.025457e-01 1.269817e-02
3.019551e-02 8.847692e-01 8.581548e-02 1.059975e-01 3.456908e-02 -2.732478e-01 3.811637e-02 1.380902e-01 7.905989e-03 1.983939e-02 1.218104e-02 3.278669e-01 2.694041e-02
3.288619e-02 1.094948e+00 9.905645e-02 1.160281e-01 3.966039e-02 -3.398566e-01 4.169206e-02 1.639130e-01 6.126522e-03 -1.213688e-02 1.615667e-02 3.622441e-01 2.408384e-02
3.617481e-02 9.121577e-01 5.632731e-02 1.395693e-01 4.163243e-02 -2.528861e-01 3.735297e-02 2.028268e-01 1.037295e-02 -2.458664e-02 9.871692e-03 3.419768e-01 1.730152e-02
4.006136e-02 8.004170e-01 1.110133e-01 9.659390e-02 9.964686e-03 -1.779391e-01 4.131010e-02 2.276072e-01 1.286994e-02 -2.027498e-02 2.517395e-02 3.867621e-01 4.256303e-02
1.464930e-02 1.353623e+00 2.926671e-01 1.388521e-01 3.160169e-02 -3.807643e-01 7.284896e-02 8.036454e-02 4.134445e-03 1.552312e-02 1.379123e-02 2.302225e-01 1.782076e-02
1.494827e-02 1.150269e+00 1.623165e-01 1.271614e-01 2.512029e-02 -3.065865e-01 3.600407e-02 7.667283e-02 7.648681e-03 1.439033e-02 6.615495e-03 1.923119e-01 1.678492e-02
1.584517e-02 7.046143e-01 6.942899e-02 7.041850e-02 1.712207e-02 -1.980896e-01 2.291330e-02 8.641297e-02 3.801519e-03 3.203934e-02 1.424141e-02 1.696098e-01 8.233036e-03
1.733999e-02 1.210706e+00 1.850296e-01 1.352578e-01 2.006372e-02 -3.497619e-01 6.123266e-02 8.108354e-02 3.741606e-03 1.162745e-02 1.426372e-02 2.359470e-01 1.794964e-02
1.943275e-02 1.004612e+00 1.668409e-01 1.431153e-01 3.907660e-02 -2.803197e-01 3.077087e-02 1.070498e-01 7.360884e-03 2.149027e-02 1.437018e-02 2.452302e-01 1.420914e-02
2.212344e-02 8.915351e-01 9.207538e-02 1.051516e-01 2.958592e-02 -2.285561e-01 2.993238e-02 9.679284e-02 8.337212e-03 2.530670e-02 8.262662e-03 2.381658e-01 1.441053e-02
2.541206e-02 9.017263e-01 8.648398e-02 1.119478e-01 7.351523e-03 -2.101660e-01 3.593237e-02 1.081743e-01 3.900043e-03 1.836115e-02 6.010000e-03 2.169034e-01 2.260919e-02
2.929861e-02 8.767239e-01 2.413599e-02 9.814636e-02 2.080319e-02 -2.333840e-01 3.869754e-02 1.342310e-01 6.035943e-03 4.445666e-02 1.024467e-02 2.636320e-01 2.109030e-02
1.494827e-02 8.705893e-01 9.926718e-02 8.837102e-02 2.110351e-02 -2.535246e-01 4.140732e-02 8.553569e-02 9.741637e-03 3.264569e-02 1.045884e-02 1.929530e-01 1.698053e-02
1.524724e-02 1.300855e+00 3.236261e-01 1.374238e-01 4.689409e-02 -4.047987e-01 1.115502e-01 8.016808e-02 3.428013e-03 5.156064e-03 1.915739e-02 2.363033e-01 4.273962e-02
1.614413e-02 1.172841e+00 2.008962e-01 1.644681e-01 4.889410e-02 -2.810525e-01 3.084097e-02 9.828623e-02 1.338235e-02 2.124744e-02 2.469679e-03 1.927907e-01 1.015176e-02
1.763896e-02 7.685608e-01 7.430992e-02 4.864722e-02 1.556903e-02 -2.311273e-01 2.789260e-02 7.256464e-02 4.572125e-03 2.922932e-02 6.745951e-03 1.923460e-01 1.685283e-02
1.973172e-02 1.041018e+00 1.951958e-01 1.050983e-01 1.435245e-02 -2.974968e-01 7.916099e-02 8.581442e-02 1.184047e-02 3.423615e-02 1.482694e-02 2.301384e-01 2.643215e-02
2.242241e-02 1.117923e+00 1.663274e-01 1.394275e-01 2.945186e-02 -2.949962e-01 4.976369e-02 1.166576e-01 9.032262e-03 2.079482e-02 3.235297e-03 2.322374e-01 3.476405e-02
2.571102e-02 9.074570e-01 1.250334e-01 1.249442e-01 3.385132e-02 -2.526702e-01 2.292030e-02 1.289803e-01 1.159529e-02 2.246627e-02 1.186900e-02 2.609649e-01 2.604743e-02
2.959758e-02 1.122371e+00 1.366158e-01 1.302346e-01 4.493093e-02 -3.512738e-01 6.326248e-02 1.375407e-01 1.464239e-02 -2.093911e-03 1.753485e-02 3.209948e-01 3.659048e-02
1.584517e-02 9.840166e-01 1.796183e-01 1.068518e-01 2.673657e-02 -2.662096e-01 5.459361e-02 8.790572e-02 7.621380e-03 2.298588e-02 9.111005e-03 1.827209e-01 1.384935e-02
1.614413e-02 1.021525e+00 8.395310e-02 1.215644e-01 1.908415e-02 -2.652850e-01 2.783024e-02 8.259791e-02 3.039187e-03 1.583002e-02 1.185624e-02 1.813569e-01 7.489079e-03
1.704103e-02 7.845538e-01 3.405651e-02 1.031735e-01 1.923299e-02 -1.891762e-01 2.010964e-02 9.967217e-02 7.462486e-03 4.282199e-02 5.947939e-03 1.865757e-01 1.233155e-02
1.853586e-02 1.075452e+00 1.072836e-01 1.356400e-01 1.537655e-02 -3.228892e-01 6.424699e-02 1.016214e-01 1.067825e-02 1.651075e-02 1.345957e-02 2.415976e-01 2.832967e-02
2.062861e-02 8.616206e-01 1.098951e-01 9.319152e-02 1.290076e-02 -2.578641e-01 3.439399e-02 8.887158e-02 1.140953e-02 2.514805e-02 8.701015e-03 2.328606e-01 6.989563e-03
2.331930e-02 8.754604e-01 1.198036e-01 1.193826e-01 1.159948e-02 -2.116898e-01 5.180943e-02 1.153995e-01 1.736362e-02 3.238805e-02 1.823408e-02 2.316785e-01 2.775470e-02
2.660792e-02 8.983474e-01 8.068942e-02 1.189317e-01 2.515855e-02 -2.325846e-01 2.995292e-02 1.308036e-01 1.428825e-02 2.330406e-02 6.428350e-03 2.498125e-01 2.075200e-02
3.049447e-02 9.674353e-01 4.141300e-02 1.573757e-01 2.679712e-02 -2.503731e-01 1.995336e-02 1.521424e-01 1.785381e-02 2.183670e-02 1.434860e-02 2.778210e-01 2.264961e-02
1.733999e-02 8.224668e-01 1.789191e-01 7.008839e-02 2.987647e-02 -2.296554e-01 6.280892e-02 8.207714e-02 1.105666e-02 3.833682e-02 1.052960e-02 1.871765e-01 3.508295e-02
1.763896e-02 7.574410e-01 5.843303e-02 7.592276e-02 9.591542e-03 -2.164632e-01 2.029382e-02 8.208877e-02 4.110137e-03 2.838861e-02 7.729043e-03 1.821847e-01 6.945020e-03
1.853586e-02 9.092670e-01 8.682732e-02 1.022620e-01 1.500722e-02 -2.409787e-01 5.587308e-02 9.688262e-02 9.218546e-03 2.220738e-02 6.555886e-03 1.862446e-01 1.984867e-02
2.003068e-02 1.137746e+00 7.128459e-02 8.729178e-02 1.730017e-02 -3.253038e-01 4.751492e-02 9.513677e-02 7.241542e-03 4.346517e-02 1.006987e-02 2.498669e-01 2.921765e-02
2.212344e-02 9.906813e-01 8.224991e-02 1.227622e-01 3.868635e-02 -2.621925e-01 3.731620e-02 1.071205e-01 1.244856e-02 2.137846e-02 5.123282e-03 2.283102e-01 2.240016e-02
2.481413e-02 1.219861e+00 4.200033e-02 1.123217e-01 9.230918e-03 -3.939697e-01 4.148521e-02 1.034495e-01 9.625098e-03 1.149755e-02 5.853764e-03 2.830099e-01 3.634581e-02
2.810275e-02 9.055563e-01 1.402401e-01 1.209090e-01 3.499409e-02 -2.233073e-01 4.621765e-02 1.268225e-01 9.604488e-03 -2.240833e-03 6.304017e-03 2.508324e-01 4.114187e-02
3.198930e-02 9.712666e-01 5.998451e-02 1.655246e-01 1.431479e-02 -2.404919e-01 2.286504e-02 1.464482e-01 1.466255e-02 -3.867976e-03 1.382632e-02 3.069599e-01 1.529304e-02
1.943275e-02 8.545568e-01 6.542927e-02 1.017296e-01 9.851645e-03 -2.471931e-01 3.555935e-02 9.029700e-02 6.226264e-03 2.400241e-02 4.499884e-03 2.078292e-01 2.118190e-02
1.973172e-02 6.752754e-01 9.193012e-02 6.192877e-02 1.988778e-02 -1.870931e-01 2.078876e-02 9.390236e-02 7.261309e-03 4.068493e-02 3.920137e-03 2.078606e-01 1.590672e-02
2.062861e-02 8.704693e-01 5.003954e-02 9.440635e-02 1.068060e-02 -2.653695e-01 3.837732e-02 8.693064e-02 1.076261e-02 9.814338e-03 8.184974e-03 2.170239e-01 3.056780e-02
2.212344e-02 7.438230e-01 7.539598e-02 5.463184e-02 1.917747e-02 -2.084097e-01 1.785755e-02 8.533619e-02 6.984535e-03 2.896403e-02 6.969076e-03 2.035641e-01 2.099145e-02
2.421620e-02 9.417121e-01 1.441089e-01 1.011766e-01 2.978946e-02 -2.396849e-01 2.102875e-02 1.013334e-01 9.134404e-03 3.935538e-02 1.015059e-02 2.427475e-01 2.089429e-02
2.690689e-02 8.651275e-01 1.752222e-01 8.317783e-02 2.976575e-02 -2.061539e-01 2.940835e-02 1.279574e-01 1.667990e-02 3.673164e-02 1.302882e-02 2.576923e-01 2.343633e-02
3.019551e-02 9.540794e-01 6.653484e-02 1.775362e-01 2.528297e-02 -2.462586e-01 5.810363e-02 1.556352e-01 1.477732e-02 -1.455331e-03 1.661101e-02 2.832826e-01 2.967676e-02
3.408206e-02 9.091710e-01 1.037239e-01 1.312222e-01 2.860804e-02 -2.173744e-01 2.844262e-02 1.904107e-01 1.715188e-02 1.490058e-02 7.850322e-03 3.396055e-01 4.028099e-02
2.212344e-02 8.409799e-01 1.155820e-01 8.053032e-02 2.053754e-02 -2.199251e-01 5.221934e-02 8.385869e-02 8.111610e-03 2.237912e-02 1.149996e-02 2.162108e-01 1.961256e-02
2.242241e-02 1.151810e+00 7.147424e-02 9.763816e-02 1.717928e-02 -3.462609e-01 2.434480e-02 9.335207e-02 8.803943e-03 2.022924e-02 4.722316e-03 2.677510e-01 7.178657e-03
2.331930e-02 9.203510e-01 1.562012e-01 1.184714e-01 2.932475e-02 -2.005620e-01 5.733487e-02 1.113604e-01 5.357615e-03 2.335148e-02 1.011517e-02 2.088726e-01 3.024462e-02
2.481413e-02 1.103485e+00 1.494183e-01 1.390593e-01 1.520754e-02 -3.103704e-01 3.538096e-02 1.197932e-01 5.640583e-03 5.159233e-03 7.527843e-03 2.392498e-01 1.538871e-02
2.690689e-02 9.011924e-01 1.772062e-01 1.185955e-01 2.920571e-02 -2.681365e-01 6.342444e-02 1.169454e-01 1.322944e-02 7.457701e-03 5.263449e-03 2.806158e-01 2.388567e-02
2.959758e-02 9.879959e-01 1.047947e-01 1.203915e-01 2.266584e-02 -2.964134e-01 3.869135e-02 1.399124e-01 1.152300e-02 2.327264e-03 1.231112e-02 3.140123e-01 3.241192e-02
3.288619e-02 8.922993e-01 1.529773e-01 1.095447e-01 2.131368e-02 -2.113938e-01 3.905732e-02 1.509957e-01 1.071126e-02 9.656091e-04 1.167886e-02 2.787109e-01 1.823116e-02
3.677274e-02 8.602726e-01 8.161526e-02 1.077548e-01 2.032398e-02 -2.552155e-01 4.911609e-02 1.797703e-01 9.829933e-03 7.198790e-03 1.132030e-02 4.302318e-01 3.562296e-02
2.541206e-02 1.190787e+00 1.377779e-01 1.539153e-01 2.229058e-02 -3.684860e-01 6.568598e-02 1.543831e-01 1.765923e-02 1.087535e-02 1.327098e-02 3.028665e-01 3.129345e-02
2.571102e-02 9.291154e-01 7.152791e-02 1.097580e-01 2.791200e-02 -2.421264e-01 3.814635e-02 1.109660e-01 1.273338e-02 1.632554e-02 7.568831e-03 2.696723e-01 2.065142e-02
2.660792e-02 9.792542e-01 8.671866e-02 1.065478e-01 1.850539e-02 -2.880958e-01 2.950211e-02 1.421056e-01 8.129327e-03 3.310736e-02 1.037178e-02 2.972508e-01 1.568101e-02
2.810275e-02 8.429274e-01 7.848449e-02 1.252012e-01 1.797117e-02 -2.382323e-01 6.040837e-02 1.651300e-01 1.476312e-02 1.835927e-02 1.124093e-02 2.921763e-01 2.742692e-02
3.019551e-02 7.456181e-01 1.375645e-01 9.237095e-02 2.798466e-02 -1.523289e-01 4.304948e-02 1.369596e-01 8.304251e-03 2.716910e-02 1.293629e-02 2.683048e-01 4.590889e-02
3.288619e-02 8.586278e-01 5.262976e-02 1.163354e-01 2.098864e-02 -2.398507e-01 3.921271e-02 1.693479e-01 6.255613e-03 6.360522e-03 1.076681e-02 3.173389e-01 2.323007e-02
3.617481e-02 9.599174e-01 6.958201e-02 8.817980e-02 3.199771e-02 -2.420380e-01 5.853617e-02 1.734671e-01 1.714280e-02 -2.697948e-03 2.419256e-02 4.011950e-01 3.982195e-02
4.006136e-02 8.333026e-01 8.695058e-02 7.973542e-02 2.034478e-02 -2.170589e-01 2.826150e-02 2.154201e-01 3.002705e-02 -2.636804e-02 2.233083e-02 3.995537e-01 4.455239e-02
2.929861e-02 9.862527e-01 1.417049e-01 1.340602e-01 3.074187e-02 -2.596098e-01 4.852508e-02 1.581601e-01 1.787129e-02 4.791458e-03 1.799495e-02 3.084517e-01 2.899034e-02
2.959758e-02 8.414318e-01 1.441632e-01 1.065662e-01 2.381423e-02 -2.190761e-01 5.229554e-02 1.524663e-01 1.408644e-02 1.114560e-02 1.848079e-02 2.417083e-01 2.804926e-02
3.049447e-02 1.093677e+00 1.218320e-01 1.927712e-01 3.793029e-02 -2.594121e-01 4.160436e-02 1.833805e-01 9.680276e-03 -3.910792e-03 2.261614e-02 2.706311e-01 2.700221e-02
3.198930e-02 1.037163e+00 1.143970e-01 1.213312e-01 1.650234e-02 -2.674854e-01 6.395058e-02 1.432457e-01 1.137092e-02 3.940799e-03 1.189594e-02 3.379000e-01 2.759078e-02
3.408206e-02 9.282781e-01 6.596892e-02 1.490880e-01 2.311618e-02 -2.590891e-01 5.912668e-02 1.913626e-01 1.350996e-02 7.455652e-04 1.485568e-02 3.337899e-01 4.239052e-02
3.677274e-02 8.638136e-01 7.088884e-02 1.592203e-01 3.286194e-02 -2.575597e-01 1.658793e-02 1.933769e-01 1.837709e-02 -2.495519e-02 1.277466e-02 3.434436e-01 2.038376e-02
4.006136e-02 8.620151e-01 7.523256e-02 1.669674e-01 1.646810e-02 -2.878750e-01 4.926779e-02 2.411263e-01 1.256695e-02 -8.127846e-02 5.844448e-03 4.134152e-01 3.495380e-02
4.394791e-02 8.985279e-01 1.004462e-01 1.098258e-01 1.386032e-02 -2.253510e-01 2.479677e-02 2.797843e-01 1.040715e-02 -4.465159e-02 2.120255e-02 4.689627e-01 5.576563e-02
