# k^2  LiLi LiLi_error  LiCl LiCl_error  LiNa LiNa_error  ClCl ClCl_error  ClNa ClNa_error  NaNa NaNa_error
0.000000e+00 4.800000e+02 0.000000e+00 1.239355e+03 0.000000e+00 1.142629e+03 0.000000e+00 3.200000e+03 0.000000e+00 2.950254e+03 0.000000e+00 2.720000e+03 0.000000e+00
2.989379e-04 1.121950e-01 3.711344e-02 2.650906e-02 1.078350e-02 -1.793001e-02 1.418820e-02 4.872333e-02 6.861868e-03 4.203197e-02 6.581441e-03 5.457407e-02 3.829791e-03
1.195752e-03 2.370794e+00 5.805680e-01 1.842988e-01 6.233339e-02 -7.854362e-01 1.959476e-01 5.945482e-02 7.388111e-03 -1.269456e-02 1.905185e-02 3.169440e-01 7.386956e-02
2.690441e-03 7.806809e-01 3.255553e-01 5.948076e-02 1.770598e-02 -2.645341e-01 1.307256e-01 5.713272e-02 4.168819e-03 3.503736e-02 8.804995e-03 1.569641e-01 5.062600e-02
4.783007e-03 1.331887e+00 2.296506e-01 1.514035e-01 2.571977e-02 -3.796345e-01 7.311926e-02 7.345170e-02 6.566827e-03 1.418033e-02 6.518617e-03 1.859102e-01 2.928140e-02
7.473448e-03 1.083375e+00 2.215177e-01 9.174122e-02 1.766305e-02 -3.419612e-01 9.015466e-02 6.391932e-02 4.645240e-03 2.302429e-02 9.385752e-03 1.908296e-01 3.981134e-02
1.076177e-02 8.590227e-01 1.258445e-01 8.234994e-02 1.489647e-02 -2.609850e-01 3.927151e-02 6.730826e-02 4.747791e-03 2.438426e-02 4.428509e-03 1.708545e-01 1.744828e-02
1.464796e-02 8.650662e-01 9.824170e-02 1.125145e-01 3.302134e-02 -2.558904e-01 2.461973e-02 9.202947e-02 8.644118e-03 3.243118e-02 1.255940e-02 1.960803e-01 2.699773e-02
2.989379e-04 5.433049e-01 8.780951e-02 4.380981e-02 8.639795e-03 -1.793171e-01 3.429543e-02 4.505132e-02 2.068082e-03 3.126046e-02 2.755748e-03 1.106090e-01 1.539473e-02
5.978759e-04 8.349425e-01 2.740422e-01 1.140352e-01 2.784771e-02 -2.250159e-01 8.802296e-02 7.228285e-02 9.324743e-03 2.971325e-02 7.429336e-03 1.276346e-01 2.918369e-02
1.494690e-03 7.126829e-01 2.068689e-01 7.421351e-02 2.001004e-02 -2.167081e-01 7.120128e-02 5.408680e-02 4.534511e-03 2.789173e-02 3.312956e-03 1.266369e-01 2.826838e-02
2.989379e-03 6.863888e-01 1.840037e-01 7.293177e-02 1.221068e-02 -2.076627e-01 6.302920e-02 6.285217e-02 6.964588e-03 4.004767e-02 8.754239e-03 1.458021e-01 3.055724e-02
5.081945e-03 6.199879e-01 6.663576e-02 6.044433e-02 1.721508e-02 -1.947556e-01 2.999223e-02 5.992105e-02 5.185192e-03 4.057300e-02 7.799122e-03 1.450539e-01 1.131594e-02
7.772386e-03 9.059134e-01 1.663826e-01 9.425494e-02 2.786716e-02 -2.512196e-01 4.108792e-02 6.291480e-02 4.815435e-03 2.461812e-02 1.399585e-02 1.536395e-01 1.428837e-02
1.106070e-02 8.795563e-01 2.118031e-01 1.339336e-01 3.045349e-02 -2.176444e-01 7.223008e-02 7.696935e-02 3.374334e-03 1.548552e-02 1.249419e-02 1.483173e-01 2.176435e-02
1.494690e-02 9.021247e-01 1.084815e-01 1.143464e-01 1.047445e-02 -2.162754e-01 1.792221e-02 8.221227e-02 5.156591e-03 2.101985e-02 5.096890e-03 1.490089e-01 6.693790e-03
1.195752e-03 9.577393e-01 1.864329e-01 8.492336e-02 1.115775e-02 -3.100808e-01 7.752130e-02 6.055404e-02 7.009452e-03 2.854906e-02 7.766639e-03 1.646564e-01 2.485332e-02
1.494690e-03 1.025965e+00 3.256112e-01 1.062172e-01 4.626728e-02 -3.176336e-01 1.204514e-01 6.517117e-02 1.103286e-02 2.558485e-02 1.360714e-02 1.671216e-01 4.985935e-02
2.391503e-03 5.945170e-01 1.363965e-01 6.272288e-02 2.344497e-02 -1.798548e-01 3.816346e-02 6.445069e-02 8.160646e-03 4.447955e-02 1.108841e-02 1.338984e-01 1.734938e-02
3.886193e-03 1.051099e+00 3.139074e-01 8.339814e-02 2.986931e-02 -3.531603e-01 1.097077e-01 6.202993e-02 8.762676e-03 2.869723e-02 1.608300e-02 1.930631e-01 3.510713e-02
5.978759e-03 6.971560e-01 2.098998e-01 8.629047e-02 3.943110e-02 -1.881531e-01 4.765960e-02 6.270019e-02 5.392403e-03 2.787914e-02 1.256222e-02 1.265883e-01 9.235874e-03
8.669200e-03 5.617962e-01 1.333903e-01 7.365377e-02 2.718177e-02 -1.635330e-01 4.975250e-02 6.487893e-02 1.139663e-03 3.496622e-02 1.260924e-02 1.432891e-01 1.942097e-02
1.195752e-02 7.778675e-01 8.998889e-02 8.337389e-02 1.520706e-02 -2.348352e-01 3.248253e-02 7.774935e-02 7.522349e-03 3.430417e-02 6.480470e-03 1.634963e-01 1.888234e-02
1.584371e-02 7.332977e-01 9.494618e-02 8.481850e-02 1.937140e-02 -2.032304e-01 3.968983e-02 7.232001e-02 3.553177e-03 2.110754e-02 9.412150e-03 1.635955e-01 1.655910e-02
2.690441e-03 9.121495e-01 1.792258e-01 7.649153e-02 1.526766e-02 -2.961859e-01 7.558076e-02 5.424400e-02 6.271425e-03 2.473046e-02 7.344944e-03 1.582490e-01 3.094887e-02
2.989379e-03 6.934381e-01 2.435617e-01 7.411481e-02 3.633611e-02 -2.045629e-01 6.288179e-02 5.861729e-02 4.343516e-03 3.105265e-02 1.025806e-02 1.268542e-01 1.818139e-02
3.886193e-03 1.185232e+00 3.271571e-01 6.283257e-02 1.503434e-02 -4.224382e-01 1.312033e-01 7.559971e-02 7.356141e-03 5.491338e-02 1.475787e-02 2.482367e-01 5.183673e-02
5.380883e-03 1.169940e+00 2.406875e-01 7.554123e-02 2.234596e-02 -4.059254e-01 8.496730e-02 6.680326e-02 6.843474e-03 3.493874e-02 1.052298e-02 2.243092e-01 3.487549e-02
7.473448e-03 1.141853e+00 2.674081e-01 8.909577e-02 3.214283e-02 -3.621876e-01 7.813507e-02 6.081314e-02 7.681852e-03 2.657824e-02 9.099791e-03 2.015354e-01 2.489217e-02
1.016389e-02 1.042877e+00 1.204782e-01 1.137088e-01 1.280547e-02 -2.908500e-01 5.767644e-02 6.551218e-02 7.444622e-03 1.839167e-02 6.005497e-03 1.716688e-01 2.161370e-02
1.345221e-02 9.232379e-01 1.271604e-01 9.369996e-02 2.310604e-02 -2.583049e-01 3.634385e-02 7.817207e-02 6.322939e-03 2.681197e-02 9.453469e-03 1.716488e-01 1.939183e-02
1.733840e-02 8.880605e-01 9.434057e-02 8.789715e-02 1.263767e-02 -2.717474e-01 4.253851e-02 9.285793e-02 7.277997e-03 2.870669e-02 9.503117e-03 1.939829e-01 1.231349e-02
4.783007e-03 1.328879e+00 2.190357e-01 1.469834e-01 3.143703e-02 -3.941705e-01 6.323336e-02 8.266465e-02 6.755284e-03 2.274584e-02 1.580414e-02 2.029117e-01 2.251363e-02
5.081945e-03 1.088470e+00 1.741888e-01 1.232421e-01 2.711462e-02 -3.118020e-01 5.407226e-02 6.257352e-02 6.174894e-03 1.281779e-02 5.835496e-03 1.583383e-01 2.118521e-02
5.978759e-03 6.675547e-01 1.145538e-01 6.328197e-02 1.240324e-02 -2.028915e-01 4.505674e-02 5.484741e-02 6.373544e-03 2.985672e-02 1.123978e-02 1.382061e-01 1.428747e-02
7.473448e-03 1.149509e+00 2.704831e-01 1.474389e-01 4.509882e-02 -3.194822e-01 6.580864e-02 7.938708e-02 1.006898e-02 1.538741e-02 7.612995e-03 1.731597e-01 2.280849e-02
9.566014e-03 6.500949e-01 8.320037e-02 6.089600e-02 1.313828e-02 -1.862437e-01 3.549964e-02 7.195720e-02 5.163009e-03 4.643032e-02 7.151798e-03 1.665303e-01 1.327175e-02
1.225646e-02 8.209473e-01 1.484738e-01 1.060036e-01 1.941446e-02 -2.103297e-01 4.091827e-02 8.192986e-02 6.194785e-03 3.038103e-02 1.046195e-02 1.594507e-01 1.415400e-02
1.554477e-02 9.485654e-01 1.540684e-01 9.923833e-02 2.115880e-02 -2.597675e-01 3.371628e-02 8.070467e-02 8.791944e-03 3.121822e-02 8.115598e-03 1.918973e-01 1.307910e-02
1.943097e-02 9.100972e-01 1.203162e-01 9.705410e-02 3.134015e-02 -2.546435e-01 4.323906e-02 9.663832e-02 1.554155e-02 2.127319e-02 9.139117e-03 2.015526e-01 1.503801e-02
7.473448e-03 8.016497e-01 1.415785e-01 7.867303e-02 1.778079e-02 -2.537293e-01 4.753958e-02 5.929392e-02 3.065269e-03 1.952647e-02 6.403623e-03 1.540291e-01 1.494877e-02
7.772386e-03 8.520180e-01 8.668936e-02 7.257785e-02 2.241096e-02 -2.605844e-01 6.533108e-02 6.925271e-02 9.727115e-03 4.256413e-02 6.053256e-03 1.837290e-01 2.963834e-02
8.669200e-03 8.827101e-01 9.131781e-02 1.081024e-01 1.660025e-02 -2.112711e-01 3.030571e-02 7.093863e-02 4.860732e-03 3.060362e-02 1.495319e-03 1.461772e-01 1.516568e-02
1.016389e-02 9.504012e-01 1.804151e-01 1.261638e-01 9.357834e-03 -2.728207e-01 7.863766e-02 8.698082e-02 6.785303e-03 2.268731e-02 1.179926e-02 1.677858e-01 2.387421e-02
1.225646e-02 7.100150e-01 8.389265e-02 1.001305e-01 1.478146e-02 -1.754711e-01 4.599993e-02 8.318126e-02 6.883995e-03 3.579398e-02 7.614483e-03 1.547637e-01 2.402026e-02
1.494690e-02 8.787867e-01 5.915500e-02 1.232266e-01 1.530420e-02 -2.210718e-01 4.384720e-02 9.109448e-02 1.554407e-02 2.401500e-02 9.298889e-03 1.688136e-01 2.625017e-02
1.823521e-02 9.025785e-01 1.073397e-01 7.444795e-02 9.549935e-03 -2.279381e-01 3.599112e-02 8.141091e-02 4.585604e-03 3.233063e-02 6.884516e-03 1.930783e-01 1.446314e-02
2.212141e-02 7.621562e-01 4.743811e-02 9.539691e-02 1.155895e-02 -1.673337e-01 4.011780e-02 1.029450e-01 7.243321e-03 3.261057e-02 1.165810e-02 1.782848e-01 1.336984e-02
1.076177e-02 9.130997e-01 7.326927e-02 8.399490e-02 2.329745e-02 -2.721903e-01 3.497835e-02 5.948146e-02 4.401103e-03 2.007791e-02 6.372505e-03 1.628281e-01 1.982147e-02
1.106070e-02 1.106656e+00 1.947099e-01 1.061026e-01 4.262725e-02 -3.451927e-01 5.899775e-02 7.752338e-02 8.644931e-03 2.722039e-02 1.442473e-02 2.146832e-01 2.236668e-02
1.195752e-02 7.578628e-01 1.031607e-01 9.181966e-02 1.445794e-02 -2.052546e-01 5.137648e-02 7.831584e-02 4.849978e-03 3.274691e-02 5.681081e-03 1.640615e-01 2.334095e-02
1.345221e-02 1.189411e+00 1.628181e-01 1.428094e-01 2.427073e-02 -3.090701e-01 4.998034e-02 7.808097e-02 1.040533e-02 1.636286e-02 8.646851e-03 1.921664e-01 1.891327e-02
1.554477e-02 8.424584e-01 1.486346e-01 9.086722e-02 1.341192e-02 -2.343849e-01 3.821378e-02 7.135179e-02 4.749635e-03 2.139067e-02 6.859221e-03 1.730914e-01 1.746140e-02
1.823521e-02 1.004365e+00 8.550972e-02 1.178001e-01 1.586565e-02 -2.840028e-01 1.922614e-02 9.805473e-02 5.303941e-03 2.169655e-02 9.066564e-03 2.151205e-01 1.250209e-02
2.152353e-02 1.139216e+00 6.665231e-02 1.221202e-01 1.501587e-02 -3.211391e-01 5.562758e-02 1.022315e-01 8.948794e-03 2.076045e-02 6.647092e-03 2.462222e-01 4.763796e-02
2.540972e-02 7.947122e-01 1.004499e-01 9.944066e-02 1.804208e-02 -2.667006e-01 4.787303e-02 1.243239e-01 1.311885e-02 2.349950e-02 1.348885e-02 2.830119e-01 3.641513e-02
1.464796e-02 1.044621e+00 1.224405e-01 1.219509e-01 2.890466e-02 -2.821325e-01 3.142723e-02 8.871512e-02 3.782060e-03 2.241524e-02 1.294944e-02 1.932138e-01 2.323018e-02
1.494690e-02 6.838470e-01 7.591115e-02 8.908822e-02 9.233981e-03 -1.876237e-01 3.481448e-02 9.535539e-02 8.825010e-03 3.557036e-02 6.467633e-03 1.699770e-01 2.716299e-02
1.584371e-02 8.040220e-01 7.630392e-02 1.004190e-01 1.518713e-02 -2.164029e-01 4.033634e-02 8.314440e-02 1.171704e-02 3.056465e-02 6.653781e-03 1.892503e-01 1.155483e-02
1.733840e-02 1.044684e+00 2.152067e-01 1.055010e-01 3.836058e-02 -2.882845e-01 4.950319e-02 8.659726e-02 1.160753e-02 2.237234e-02 4.151997e-03 2.183693e-01 1.238288e-02
1.943097e-02 8.162562e-01 8.356297e-02 1.180887e-01 2.948477e-02 -2.233488e-01 1.516063e-02 1.059239e-01 1.104901e-02 2.247807e-02 6.087487e-03 1.820544e-01 1.029546e-02
2.212141e-02 1.023222e+00 1.514917e-01 1.575815e-01 3.688192e-02 -2.306940e-01 2.781993e-02 1.125593e-01 1.501253e-02 2.186875e-02 1.049010e-02 2.185557e-01 1.861318e-02
2.540972e-02 1.063552e+00 1.372223e-01 1.622541e-01 2.637926e-02 -2.849445e-01 2.948690e-02 1.209788e-01 1.195158e-02 -3.159232e-03 6.541122e-03 2.378256e-01 2.184225e-02
2.929592e-02 9.610041e-01 1.427037e-01 1.114232e-01 6.060633e-03 -2.757502e-01 5.764448e-02 1.346880e-01 9.988802e-03 1.182660e-02 7.139494e-03 2.987057e-01 3.768578e-02
2.989379e-04 1.297798e+00 1.014498e-01 1.060338e-01 1.563331e-02 -4.309893e-01 4.177555e-02 7.680117e-02 1.250341e-02 3.854951e-02 1.203822e-02 2.243732e-01 2.582352e-02
5.978759e-04 6.775826e-01 1.910737e-01 6.513017e-02 4.267275e-02 -2.145749e-01 6.866128e-02 5.893851e-02 1.006292e-02 3.602335e-02 1.127744e-02 1.315497e-01 2.682102e-02
1.494690e-03 6.166355e-01 8.351804e-02 6.652978e-02 1.206473e-02 -1.846753e-01 4.247747e-02 6.094189e-02 5.533638e-03 3.623488e-02 7.070341e-03 1.204549e-01 1.737708e-02
2.989379e-03 8.213869e-01 1.947974e-01 4.920028e-02 1.573396e-02 -2.869321e-01 6.745786e-02 5.720059e-02 4.411008e-03 3.987014e-02 5.255943e-03 1.723866e-01 2.156438e-02
5.081945e-03 4.176957e-01 4.855507e-02 5.190196e-02 5.831309e-03 -1.101892e-01 2.159366e-02 5.799032e-02 4.768924e-03 4.214015e-02 6.180791e-03 1.098565e-01 8.997594e-03
7.772386e-03 8.273791e-01 1.310176e-01 9.449945e-02 1.748249e-02 -2.266737e-01 2.874997e-02 7.126377e-02 3.836354e-03 2.997360e-02 3.342638e-03 1.532101e-01 8.689923e-03
1.106070e-02 8.020183e-01 1.023189e-01 1.014765e-01 3.002310e-02 -2.280342e-01 4.535025e-02 6.724054e-02 8.128666e-03 1.469218e-02 7.720735e-03 1.508669e-01 1.964708e-02
1.494690e-02 1.093913e+00 1.592690e-01 1.656318e-01 4.556239e-02 -2.524627e-01 3.333819e-02 1.093758e-01 1.852150e-02 2.563382e-02 9.482818e-03 1.859297e-01 7.736636e-03
5.978759e-04 6.396453e-01 1.858229e-01 8.019688e-02 2.634888e-02 -1.778696e-01 7.186217e-02 6.671048e-02 9.157176e-03 3.890485e-02 6.061269e-03 1.177047e-01 2.581280e-02
8.968138e-04 6.128392e-01 2.194943e-01 7.417476e-02 2.052112e-02 -1.736405e-01 8.018782e-02 5.538301e-02 5.545975e-03 3.015823e-02 6.753273e-03 1.088824e-01 2.703521e-02
1.793628e-03 8.004090e-01 2.721752e-01 8.796224e-02 3.081138e-02 -2.359658e-01 7.850766e-02 6.287848e-02 5.291447e-03 3.134266e-02 9.287499e-03 1.393765e-01 2.271868e-02
3.288317e-03 7.083291e-01 1.078130e-01 8.201876e-02 1.431509e-02 -2.042206e-01 4.785047e-02 6.785153e-02 8.122750e-03 3.661334e-02 3.184726e-03 1.339145e-01 1.790912e-02
5.380883e-03 1.002904e+00 2.464169e-01 8.458844e-02 3.254580e-02 -3.164193e-01 7.032270e-02 5.897230e-02 5.824478e-03 2.474058e-02 7.613959e-03 1.733180e-01 2.582898e-02
8.071324e-03 6.852653e-01 1.221343e-01 6.206460e-02 7.381561e-03 -2.031676e-01 5.877382e-02 6.611845e-02 3.665768e-03 3.934548e-02 4.730415e-03 1.496765e-01 2.247707e-02
1.135964e-02 9.569766e-01 1.862649e-01 8.764977e-02 1.958332e-02 -2.792408e-01 6.244869e-02 6.880872e-02 6.640114e-03 2.263571e-02 8.814169e-03 1.682728e-01 2.284162e-02
1.524583e-02 9.089038e-01 9.577481e-02 1.084037e-01 1.835351e-02 -2.358914e-01 4.834720e-02 7.866976e-02 7.288943e-03 2.630950e-02 6.073423e-03 1.805434e-01 1.755582e-02
1.494690e-03 5.307221e-01 7.404138e-02 7.172389e-02 1.600619e-02 -1.426426e-01 2.568972e-02 5.700422e-02 3.480299e-03 2.865984e-02 6.260596e-03 9.237220e-02 1.419442e-02
1.793628e-03 6.957149e-01 9.290133e-02 5.487631e-02 1.742047e-02 -2.356622e-01 3.551689e-02 5.441213e-02 3.341405e-03 3.448363e-02 8.731504e-03 1.437329e-01 1.693742e-02
2.690441e-03 7.266180e-01 1.783670e-01 7.185875e-02 2.126022e-02 -2.153770e-01 5.803342e-02 6.273965e-02 4.219534e-03 3.887242e-02 9.058096e-03 1.411843e-01 1.775192e-02
4.185131e-03 5.080885e-01 9.491035e-02 6.567444e-02 1.358888e-02 -1.358184e-01 3.181007e-02 6.973504e-02 2.217710e-03 4.532388e-02 4.568784e-03 1.195737e-01 1.681297e-02
6.277696e-03 7.314068e-01 1.149879e-01 1.038340e-01 2.946556e-02 -1.969482e-01 2.590988e-02 6.944440e-02 6.049021e-03 2.332016e-02 1.061752e-02 1.284517e-01 9.978904e-03
8.968138e-03 9.646173e-01 2.855493e-01 1.071746e-01 1.529891e-02 -2.780437e-01 9.143550e-02 6.281234e-02 3.993434e-03 1.688894e-02 5.982623e-03 1.626627e-01 3.739102e-02
1.225646e-02 1.396972e+00 5.079432e-01 1.842865e-01 5.562475e-02 -3.672675e-01 1.480895e-01 9.023285e-02 8.984669e-03 1.052287e-02 2.121096e-02 2.029679e-01 4.729432e-02
1.614265e-02 8.774640e-01 1.878214e-01 7.029509e-02 2.137009e-02 -2.901645e-01 6.996247e-02 7.568640e-02 8.752197e-03 2.541014e-02 7.325570e-03 2.118099e-01 3.014620e-02
2.989379e-03 8.097541e-01 2.597660e-01 1.129473e-01 2.193786e-02 -2.056072e-01 9.173338e-02 6.282065e-02 7.879057e-03 2.032469e-02 1.207147e-02 1.141498e-01 2.804729e-02
3.288317e-03 7.042757e-01 2.221013e-01 7.528111e-02 1.386910e-02 -2.059660e-01 8.109409e-02 6.550957e-02 8.190212e-03 3.618534e-02 1.011226e-02 1.324555e-01 2.393434e-02
4.185131e-03 9.434917e-01 2.880312e-01 1.213701e-01 3.087855e-02 -2.514913e-01 8.297847e-02 7.103643e-02 5.116547e-03 2.482653e-02 8.366979e-03 1.444031e-01 2.708410e-02
5.679821e-03 7.068570e-01 1.153894e-01 4.894652e-02 5.093669e-03 -2.283526e-01 4.696974e-02 5.380450e-02 4.460159e-03 3.409518e-02 7.825262e-03 1.488843e-01 1.917378e-02
7.772386e-03 7.612488e-01 1.201868e-01 6.317239e-02 8.964696e-03 -2.261255e-01 5.655349e-02 5.762347e-02 3.063396e-03 2.985934e-02 7.424288e-03 1.483348e-01 2.941197e-02
1.046283e-02 8.987841e-01 1.157214e-01 4.253093e-02 1.505575e-02 -3.128937e-01 3.856629e-02 6.395209e-02 5.068193e-03 4.203797e-02 9.079889e-03 2.049246e-01 1.460090e-02
1.375114e-02 8.680233e-01 4.202646e-02 1.000349e-01 1.601077e-02 -2.209280e-01 1.335479e-02 7.658657e-02 5.657399e-03 2.246400e-02 7.327041e-03 1.588332e-01 1.220556e-02
1.763734e-02 7.115255e-01 7.903578e-02 8.757055e-02 1.947262e-02 -1.799904e-01 2.423993e-02 7.790227e-02 3.808307e-03 2.480131e-02 9.087672e-03 1.700374e-01 1.288666e-02
5.081945e-03 1.327139e+00 5.740571e-01 1.298506e-01 3.256069e-02 -4.049588e-01 2.060751e-01 6.331266e-02 7.612716e-03 1.267795e-02 1.400982e-02 1.986145e-01 7.264113e-02
5.380883e-03 8.370418e-01 1.135760e-01 9.775165e-02 1.988689e-02 -2.261268e-01 2.974105e-02 7.305023e-02 3.209512e-03 3.469889e-02 8.790841e-03 1.447610e-01 1.241979e-02
6.277696e-03 9.434386e-01 1.817623e-01 1.215770e-01 1.238885e-02 -2.666911e-01 7.648006e-02 7.187139e-02 4.266358e-03 2.063618e-02 9.009633e-03 1.559876e-01 3.065024e-02
7.772386e-03 1.101099e+00 1.657320e-01 1.233395e-01 2.606140e-02 -2.994236e-01 5.048491e-02 6.390648e-02 7.235107e-03 8.387296e-03 5.413658e-03 1.528135e-01 2.050526e-02
9.864952e-03 7.647228e-01 8.082039e-02 7.408965e-02 8.317697e-03 -2.208756e-01 2.662034e-02 6.663343e-02 7.951604e-03 3.276335e-02 6.521318e-03 1.547146e-01 1.584358e-02
1.255539e-02 9.581223e-01 1.401782e-01 1.156814e-01 1.658427e-02 -2.274457e-01 7.183204e-02 8.931437e-02 5.207872e-03 3.770706e-02 6.419164e-03 1.585216e-01 3.112778e-02
1.584371e-02 1.179227e+00 2.955658e-01 1.070391e-01 2.806624e-02 -3.474613e-01 9.009235e-02 8.621110e-02 6.694775e-03 2.829029e-02 5.509960e-03 2.336187e-01 3.510385e-02
1.972990e-02 1.215944e+00 9.224268e-02 1.803101e-01 1.916890e-02 -2.945197e-01 2.609363e-02 1.139968e-01 5.971099e-03 1.369083e-02 1.118850e-02 2.178607e-01 9.160903e-03
7.772386e-03 1.014526e+00 1.140101e-01 9.341338e-02 1.217124e-02 -3.137151e-01 5.273945e-02 6.484229e-02 6.921540e-03 2.262165e-02 4.879018e-03 1.791821e-01 2.168315e-02
8.071324e-03 4.857721e-01 1.033159e-01 3.381356e-02 1.815546e-02 -1.590905e-01 3.329281e-02 6.215608e-02 5.267005e-03 4.758848e-02 6.790765e-03 1.465053e-01 1.126034e-02
8.968138e-03 1.005357e+00 2.474843e-01 6.693776e-02 9.091923e-03 -3.265123e-01 9.278617e-02 6.390063e-02 7.557178e-03 3.304189e-02 7.235483e-03 1.954235e-01 3.101833e-02
1.046283e-02 9.250336e-01 1.426567e-01 8.852404e-02 1.257386e-02 -2.539258e-01 4.751120e-02 7.482152e-02 6.490418e-03 3.302652e-02 3.531324e-03 1.653959e-01 2.100543e-02
1.255539e-02 1.083241e+00 2.455864e-01 1.054067e-01 2.480192e-02 -2.972921e-01 8.963422e-02 8.488524e-02 6.793268e-03 3.843194e-02 5.077216e-03 1.948601e-01 3.182367e-02
1.524583e-02 7.214656e-01 1.283691e-01 9.484798e-02 3.323014e-02 -1.791763e-01 1.787401e-02 8.978317e-02 9.722778e-03 3.838955e-02 4.748032e-03 1.600279e-01 7.909775e-03
1.853415e-02 9.475500e-01 2.108114e-01 8.696427e-02 2.481675e-02 -2.574926e-01 5.337733e-02 9.279833e-02 4.091479e-03 2.495834e-02 8.969383e-03 1.947896e-01 2.298374e-02
2.242034e-02 8.817506e-01 1.174150e-01 6.842692e-02 1.297575e-02 -2.214838e-01 3.613324e-02 1.036296e-01 1.450205e-02 4.030967e-02 1.474436e-02 2.311090e-01 1.260345e-02
1.106070e-02 1.163940e+00 1.918512e-01 1.077048e-01 1.825339e-02 -3.439603e-01 7.206014e-02 7.648740e-02 9.532217e-03 2.646634e-02 8.729111e-03 2.066511e-01 3.577304e-02
1.135964e-02 1.257102e+00 1.163346e-01 1.275294e-01 2.320419e-02 -3.811107e-01 6.125624e-02 7.106937e-02 7.252983e-03 1.320866e-02 8.410058e-03 2.206797e-01 2.952256e-02
1.225646e-02 6.916250e-01 1.022637e-01 8.415172e-02 1.330868e-02 -1.768180e-01 3.105007e-02 7.412898e-02 8.233236e-03 3.320105e-02 5.241859e-03 1.480402e-01 1.265786e-02
1.375114e-02 9.610413e-01 2.646319e-01 8.212678e-02 3.421599e-02 -2.970667e-01 7.769019e-02 7.247581e-02 8.528878e-03 3.053890e-02 1.133257e-02 2.001435e-01 2.122504e-02
1.584371e-02 9.192592e-01 1.265263e-01 9.561986e-02 2.782667e-02 -2.782174e-01 3.448643e-02 7.685579e-02 9.090669e-03 2.990629e-02 5.409797e-03 2.255057e-01 2.028679e-02
1.853415e-02 7.791666e-01 9.362195e-02 9.823952e-02 1.439936e-02 -2.015348e-01 4.382957e-02 9.170693e-02 3.187080e-03 2.928509e-02 9.345366e-03 1.696795e-01 2.164258e-02
2.182247e-02 9.378773e-01 2.173288e-01 1.077036e-01 3.549048e-02 -2.351043e-01 8.506005e-02 1.121712e-01 1.129195e-02 3.262772e-02 1.633657e-02 2.202280e-01 2.470276e-02
2.570866e-02 9.855795e-01 1.859769e-01 1.200726e-01 3.610298e-02 -2.628190e-01 6.127947e-02 1.214246e-01 1.481183e-02 1.490784e-02 1.132958e-02 2.814068e-01 2.581646e-02
1.494690e-02 6.356179e-01 4.923285e-02 4.668245e-02 1.179941e-02 -2.059530e-01 2.134572e-02 7.768133e-02 4.886528e-03 4.231977e-02 8.077507e-03 1.904467e-01 1.606324e-02
1.524583e-02 1.030749e+00 7.657051e-02 1.285919e-01 1.219488e-02 -2.422740e-01 2.173092e-02 8.385447e-02 3.758298e-03 2.064175e-02 6.508115e-03 1.671625e-01 1.919939e-02
1.614265e-02 7.403080e-01 9.950208e-02 7.928902e-02 2.017754e-02 -2.265404e-01 3.109907e-02 8.413648e-02 1.192064e-02 2.185710e-02 8.767507e-03 1.687866e-01 2.221948e-02
1.763734e-02 8.054202e-01 3.759949e-02 8.081996e-02 2.415766e-02 -2.348409e-01 4.437892e-02 8.930789e-02 9.530571e-03 3.305549e-02 5.760576e-03 2.117241e-01 2.243660e-02
1.972990e-02 9.808235e-01 1.108080e-01 9.473962e-02 1.949446e-02 -2.886834e-01 4.895884e-02 8.425185e-02 1.244838e-02 1.954585e-02 3.865596e-03 2.174895e-01 2.229722e-02
2.242034e-02 9.863417e-01 2.258655e-01 9.281982e-02 2.557932e-02 -2.810414e-01 7.532707e-02 1.013189e-01 1.199266e-02 3.681346e-02 1.667533e-02 2.776892e-01 3.283129e-02
2.570866e-02 8.441935e-01 1.073505e-01 1.073727e-01 2.456649e-02 -2.490261e-01 4.087376e-02 1.166738e-01 1.630003e-02 2.134512e-02 1.175473e-02 2.452565e-01 1.863255e-02
2.959485e-02 1.014694e+00 1.246053e-01 1.100498e-01 2.002572e-02 -2.853226e-01 6.067428e-02 1.254507e-01 5.035140e-03 8.091352e-03 1.468067e-02 2.858933e-01 3.451970e-02
1.195752e-03 6.095460e-01 2.038804e-01 6.863371e-02 1.433680e-02 -1.814946e-01 7.250252e-02 4.830711e-02 4.275693e-03 2.250928e-02 7.102455e-03 1.044559e-01 2.824641e-02
1.494690e-03 4.429595e-01 1.709111e-01 5.017764e-02 1.617648e-02 -1.277030e-01 7.141259e-02 5.544135e-02 6.953265e-03 3.962454e-02 7.897396e-03 1.009267e-01 2.675447e-02
2.391503e-03 9.281300e-01 2.199099e-01 9.527331e-02 4.521354e-02 -2.778865e-01 4.986175e-02 7.082437e-02 9.317753e-03 3.590448e-02 1.306598e-02 1.605806e-01 1.317317e-02
3.886193e-03 8.027893e-01 8.650892e-02 9.133206e-02 1.188680e-02 -2.286943e-01 3.415832e-02 5.788788e-02 3.334064e-03 2.294995e-02 5.181016e-03 1.298284e-01 1.565439e-02
5.978759e-03 7.683704e-01 1.310076e-01 7.720838e-02 2.368367e-02 -2.276387e-01 2.780294e-02 6.540398e-02 2.412967e-03 3.524524e-02 1.090442e-02 1.467637e-01 1.112662e-02
8.669200e-03 9.517720e-01 1.967328e-01 9.978056e-02 2.354084e-02 -2.701697e-01 5.062479e-02 6.703835e-02 3.695387e-03 2.059812e-02 9.542735e-03 1.500414e-01 1.686271e-02
1.195752e-02 7.634146e-01 1.988224e-01 9.503812e-02 2.014424e-02 -1.959165e-01 6.314202e-02 6.944108e-02 5.205372e-03 2.274127e-02 3.844916e-03 1.380730e-01 2.278924e-02
1.584371e-02 7.529605e-01 3.973501e-02 1.177058e-01 1.465894e-02 -1.751581e-01 3.250553e-02 8.150337e-02 7.691972e-03 2.281230e-02 7.039176e-03 1.579211e-01 1.280680e-02
1.494690e-03 9.486924e-01 2.587196e-01 9.151550e-02 3.334077e-02 -2.982291e-01 7.890510e-02 5.726089e-02 5.012583e-03 2.356801e-02 9.671879e-03 1.565901e-01 2.488912e-02
1.793628e-03 7.858794e-01 4.219484e-01 1.099717e-01 7.436474e-02 -2.055251e-01 9.139495e-02 6.752815e-02 1.801600e-02 2.671183e-02 1.234682e-02 1.196182e-01 2.453768e-02
2.690441e-03 9.719150e-01 1.135277e-01 1.232385e-01 3.322140e-02 -2.819176e-01 2.244868e-02 6.845801e-02 5.957537e-03 1.828287e-02 9.449440e-03 1.465332e-01 1.317733e-02
4.185131e-03 8.016514e-01 2.182993e-01 1.218580e-01 3.532586e-02 -2.030727e-01 5.445614e-02 6.808828e-02 5.606399e-03 1.777605e-02 8.778187e-03 1.158884e-01 1.957572e-02
6.277696e-03 1.215023e+00 4.183051e-01 1.081589e-01 3.112128e-02 -3.781274e-01 1.683978e-01 6.846245e-02 5.334546e-03 2.625044e-02 1.017293e-02 2.025658e-01 6.812225e-02
8.968138e-03 7.503297e-01 3.734260e-02 7.080077e-02 7.465280e-03 -2.156163e-01 9.324827e-03 6.361143e-02 3.562355e-03 3.524057e-02 3.483727e-03 1.510783e-01 5.121051e-03
1.225646e-02 9.030499e-01 1.230904e-01 9.654680e-02 1.239410e-02 -2.582810e-01 5.462567e-02 8.661622e-02 8.142684e-03 3.268143e-02 8.899751e-03 1.739970e-01 2.707611e-02
1.614265e-02 8.428369e-01 1.061839e-01 1.038832e-01 1.120578e-02 -2.399018e-01 3.418218e-02 7.655274e-02 7.714603e-03 1.881955e-02 5.499051e-03 1.891965e-01 1.397718e-02
2.391503e-03 9.739450e-01 8.777808e-02 1.046065e-01 9.227842e-03 -2.873246e-01 3.211114e-02 7.214954e-02 3.446887e-03 3.192704e-02 7.276909e-03 1.605160e-01 1.703623e-02
2.690441e-03 4.224625e-01 5.812990e-02 2.211199e-02 1.174434e-02 -1.413814e-01 2.822882e-02 6.105606e-02 4.491174e-03 5.506177e-02 7.497006e-03 1.233392e-01 1.783547e-02
3.587255e-03 7.002726e-01 1.489170e-01 9.940183e-02 2.554466e-02 -1.820416e-01 4.723219e-02 6.687819e-02 6.327025e-03 2.633062e-02 4.713222e-03 1.161961e-01 1.783983e-02
5.081945e-03 8.984044e-01 1.637811e-01 7.802295e-02 1.882767e-02 -2.598277e-01 5.889665e-02 5.352175e-02 6.389089e-03 2.185314e-02 5.582129e-03 1.394289e-01 2.073890e-02
7.174510e-03 1.211653e+00 2.130720e-01 1.476527e-01 3.018955e-02 -3.391071e-01 5.943975e-02 7.241161e-02 6.736595e-03 9.871493e-03 4.607830e-03 1.702060e-01 2.230744e-02
9.864952e-03 1.256425e+00 6.391403e-02 1.303320e-01 2.861524e-02 -3.939992e-01 5.135899e-02 8.251371e-02 5.572563e-03 2.132264e-02 1.200695e-02 2.193542e-01 3.023519e-02
1.315327e-02 6.521790e-01 4.990368e-02 8.353934e-02 1.723381e-02 -1.487135e-01 2.105845e-02 7.955352e-02 3.991824e-03 4.230246e-02 1.037400e-02 1.529348e-01 1.935097e-02
1.703946e-02 9.447922e-01 9.295976e-02 1.188365e-01 1.717264e-02 -2.341949e-01 4.160170e-02 9.756792e-02 9.089283e-03 3.067778e-02 6.684586e-03 1.918104e-01 1.847300e-02
3.886193e-03 1.107753e+00 1.988886e-01 1.451943e-01 3.056254e-02 -3.101093e-01 6.423286e-02 7.831597e-02 4.134945e-03 2.145816e-02 1.057507e-02 1.663968e-01 2.003615e-02
4.185131e-03 1.076348e+00 4.475874e-01 8.871689e-02 3.250041e-02 -3.347263e-01 1.563562e-01 6.850756e-02 6.201176e-03 3.277113e-02 1.294753e-02 1.809117e-01 6.443479e-02
5.081945e-03 9.881454e-01 2.671601e-01 6.167213e-02 1.179340e-02 -3.391115e-01 9.788128e-02 5.471851e-02 6.832508e-03 2.601644e-02 4.366602e-03 1.806386e-01 3.808976e-02
6.576634e-03 8.604679e-01 2.019338e-01 7.829590e-02 9.373206e-03 -2.699976e-01 7.762803e-02 6.155367e-02 6.797411e-03 2.892592e-02 1.130745e-02 1.675651e-01 2.764451e-02
8.669200e-03 1.243292e+00 1.611831e-01 1.365457e-01 2.243485e-02 -3.480967e-01 6.404459e-02 7.153110e-02 6.357661e-03 1.609823e-02 5.565968e-03 1.887995e-01 2.744911e-02
1.135964e-02 8.962916e-01 1.653497e-01 8.979366e-02 1.899649e-02 -2.418668e-01 5.835427e-02 6.639357e-02 5.883745e-03 2.605477e-02 6.108071e-03 1.563432e-01 2.550162e-02
1.464796e-02 9.442089e-01 1.423724e-01 1.141601e-01 1.254144e-02 -2.435416e-01 5.559264e-02 7.883263e-02 3.351547e-03 2.322710e-02 5.465692e-03 1.874253e-01 2.892987e-02
1.853415e-02 8.450610e-01 2.064146e-01 8.290051e-02 2.990040e-02 -2.308735e-01 5.261676e-02 8.701914e-02 9.395000e-03 2.989964e-02 6.973263e-03 1.865444e-01 2.779126e-02
5.978759e-03 8.111600e-01 1.776868e-01 9.959337e-02 2.175711e-02 -2.289427e-01 5.439833e-02 7.246801e-02 7.438361e-03 3.229862e-02 9.221599e-03 1.516382e-01 2.021971e-02
6.277696e-03 6.252765e-01 1.155002e-01 9.842575e-02 2.267861e-02 -1.458036e-01 2.636084e-02 6.663031e-02 8.563201e-03 2.935193e-02 3.383282e-03 1.116556e-01 8.673948e-03
7.174510e-03 7.676245e-01 1.106591e-01 7.775325e-02 2.467731e-02 -2.264075e-01 3.811040e-02 7.137538e-02 5.937953e-03 3.797737e-02 8.096087e-03 1.620765e-01 1.575461e-02
8.669200e-03 1.002410e+00 1.759373e-01 1.137797e-01 3.126120e-02 -2.956532e-01 4.247338e-02 6.627242e-02 9.012506e-03 1.433413e-02 3.610674e-03 1.667197e-01 1.689600e-02
1.076177e-02 7.801628e-01 1.049960e-01 1.008897e-01 1.211396e-02 -1.943570e-01 2.616994e-02 7.697699e-02 2.843969e-03 2.381321e-02 2.489291e-03 1.328093e-01 9.146706e-03
1.345221e-02 7.833471e-01 1.592734e-01 7.933576e-02 2.287348e-02 -2.110889e-01 4.691040e-02 6.907787e-02 6.773545e-03 3.137393e-02 9.279502e-03 1.619349e-01 1.911668e-02
1.674052e-02 7.259427e-01 7.471944e-02 7.982870e-02 2.612957e-02 -2.058202e-01 1.412053e-02 9.238858e-02 4.239466e-03 4.940035e-02 9.069136e-03 2.078452e-01 1.134536e-02
2.062672e-02 7.508734e-01 1.082406e-01 9.311466e-02 1.243774e-02 -1.943436e-01 3.855981e-02 9.656452e-02 7.211739e-03 3.735660e-02 1.331360e-02 2.063373e-01 1.398251e-02
8.669200e-03 1.338701e+00 8.618455e-02 1.444663e-01 3.686469e-02 -3.852036e-01 3.216888e-02 6.674395e-02 7.558051e-03 5.985128e-03 8.075365e-03 1.899196e-01 1.900578e-02
8.968138e-03 8.161313e-01 1.129961e-01 1.057892e-01 2.111773e-02 -2.195662e-01 6.025391e-02 7.419592e-02 5.784490e-03 3.005776e-02 5.024292e-03 1.557753e-01 2.551984e-02
9.864952e-03 8.909454e-01 2.309816e-01 1.008122e-01 3.107117e-02 -2.533477e-01 6.593613e-02 7.175871e-02 7.509307e-03 2.479304e-02 8.109330e-03 1.749885e-01 2.589549e-02
1.135964e-02 7.711951e-01 2.160554e-01 8.353500e-02 1.001205e-02 -2.268810e-01 9.088686e-02 6.866275e-02 8.608313e-03 2.978941e-02 6.820919e-03 1.639644e-01 3.548373e-02
1.345221e-02 7.864503e-01 1.555724e-01 1.076202e-01 2.021187e-02 -2.148575e-01 5.777866e-02 8.137077e-02 9.172458e-03 3.506475e-02 8.394686e-03 1.924572e-01 2.296325e-02
1.614265e-02 9.854560e-01 1.624112e-01 1.205107e-01 3.089416e-02 -2.771404e-01 4.797118e-02 8.261876e-02 6.121826e-03 1.814719e-02 1.478026e-02 2.022358e-01 2.414460e-02
1.943097e-02 9.464779e-01 1.237444e-01 9.493004e-02 3.341318e-02 -2.801488e-01 5.267148e-02 9.564879e-02 5.921358e-03 3.122638e-02 3.631040e-03 2.123460e-01 1.203148e-02
2.331716e-02 9.408297e-01 1.939996e-01 1.288525e-01 4.233984e-02 -2.362361e-01 4.664523e-02 1.143368e-01 1.133019e-02 1.210727e-02 9.616809e-03 2.215873e-01 2.054326e-02
1.195752e-02 7.588754e-01 5.119280e-02 6.924567e-02 1.867895e-02 -2.259747e-01 1.303917e-02 8.142736e-02 5.665194e-03 4.711641e-02 1.164052e-02 1.891172e-01 1.473698e-02
1.225646e-02 8.251816e-01 5.650429e-02 8.928012e-02 1.082887e-02 -2.423983e-01 1.828179e-02 6.624153e-02 5.168247e-03 2.496449e-02 2.370486e-03 1.798174e-01 1.145511e-02
1.315327e-02 7.185002e-01 9.868964e-02 5.159704e-02 1.512413e-02 -2.222866e-01 3.010145e-02 6.864550e-02 9.417026e-03 3.719488e-02 9.012437e-03 1.784963e-01 1.656443e-02
1.464796e-02 7.616391e-01 1.475712e-01 8.699978e-02 2.802621e-02 -1.899170e-01 3.798857e-02 7.287351e-02 4.703290e-03 2.721837e-02 7.905759e-03 1.496293e-01 1.653362e-02
1.674052e-02 7.948306e-01 1.134661e-01 6.354043e-02 1.263845e-02 -2.279940e-01 3.638556e-02 7.628470e-02 8.031505e-03 3.831510e-02 4.986315e-03 1.962576e-01 1.306898e-02
1.943097e-02 1.022442e+00 1.559923e-01 1.089052e-01 3.324022e-02 -2.790513e-01 4.540504e-02 8.320106e-02 6.501600e-03 1.597598e-02 1.028043e-02 2.020245e-01 1.668307e-02
2.271928e-02 9.324892e-01 1.059002e-01 9.573548e-02 2.538063e-02 -2.587212e-01 2.611882e-02 1.197853e-01 1.146233e-02 4.234707e-02 7.666860e-03 2.492735e-01 1.163425e-02
2.660548e-02 1.015712e+00 1.312634e-01 1.252876e-01 2.822914e-02 -2.610883e-01 2.148232e-02 1.275888e-01 1.207558e-02 3.966620e-02 1.297364e-02 2.746848e-01 2.208699e-02
1.584371e-02 9.509715e-01 8.275670e-02 1.143957e-01 2.587983e-02 -2.680906e-01 2.105977e-02 8.789159e-02 1.404021e-02 2.430925e-02 5.232591e-03 1.969770e-01 1.168520e-02
1.614265e-02 7.844834e-01 4.487810e-02 8.620104e-02 1.681147e-02 -2.547066e-01 3.569701e-02 8.201009e-02 7.144590e-03 2.749215e-02 8.801980e-03 2.065576e-01 1.540744e-02
1.703946e-02 9.484745e-01 7.474974e-02 1.184955e-01 1.649918e-02 -2.635175e-01 3.636222e-02 8.579997e-02 7.542788e-03 1.882825e-02 8.117524e-03 1.993389e-01 1.859172e-02
1.853415e-02 8.859554e-01 8.550867e-02 1.226129e-01 1.126521e-02 -2.691468e-01 2.997754e-02 9.068539e-02 9.625589e-03 1.884043e-02 4.886634e-03 2.222475e-01 1.262809e-02
2.062672e-02 1.048783e+00 1.443814e-01 1.088280e-01 2.677091e-02 -2.893523e-01 4.615395e-02 9.738357e-02 1.022216e-02 1.793500e-02 7.418310e-03 2.206866e-01 2.398037e-02
2.331716e-02 8.286259e-01 4.685017e-02 1.009051e-01 2.647073e-02 -2.173971e-01 2.075742e-02 1.035681e-01 1.148985e-02 2.843661e-02 1.147384e-02 2.459754e-01 1.481087e-02
2.660548e-02 9.049695e-01 7.612436e-02 7.416562e-02 1.112557e-02 -2.791128e-01 1.701165e-02 1.194635e-01 9.744484e-03 3.749099e-02 8.141771e-03 2.578405e-01 2.612420e-02
3.049167e-02 1.102183e+00 1.326243e-01 1.828906e-01 2.404527e-02 -2.815797e-01 2.922969e-02 1.490189e-01 1.157164e-02 -1.742419e-02 8.169391e-03 2.936445e-01 3.146258e-02
2.690441e-03 7.539370e-01 1.353321e-01 6.639160e-02 6.981066e-03 -2.300211e-01 4.748979e-02 6.477867e-02 3.669203e-03 4.087892e-02 5.670663e-03 1.456596e-01 1.636985e-02
2.989379e-03 1.102196e+00 2.372662e-01 9.319083e-02 4.389614e-02 -3.522798e-01 6.656304e-02 5.513085e-02 9.890921e-03 1.777150e-02 8.620424e-03 1.719450e-01 2.215387e-02
3.886193e-03 8.116947e-01 1.922118e-01 8.439015e-02 2.784258e-02 -2.569272e-01 6.876487e-02 5.869553e-02 7.322650e-03 2.386665e-02 6.652920e-03 1.502582e-01 2.614560e-02
5.380883e-03 6.123121e-01 5.096415e-02 6.735062e-02 2.171380e-02 -1.755050e-01 2.908899e-02 6.186562e-02 5.414568e-03 3.433527e-02 1.174668e-02 1.252485e-01 2.344864e-02
7.473448e-03 1.465429e+00 2.072127e-01 1.549407e-01 2.956056e-02 -4.129151e-01 6.060637e-02 7.546839e-02 6.016519e-03 1.363219e-02 1.235078e-02 2.041313e-01 1.625772e-02
1.016389e-02 7.472244e-01 7.335435e-02 1.106024e-01 1.159419e-02 -1.810879e-01 2.343902e-02 8.782932e-02 5.346825e-03 4.073522e-02 4.487985e-03 1.565689e-01 4.833266e-03
1.345221e-02 9.725844e-01 1.530353e-01 1.012612e-01 1.422755e-02 -2.697761e-01 6.540208e-02 7.160763e-02 5.344789e-03 2.080216e-02 3.680641e-03 1.758590e-01 2.654365e-02
1.733840e-02 9.579997e-01 1.272205e-01 1.372480e-01 1.250376e-02 -2.369674e-01 6.082002e-02 8.214095e-02 6.699246e-03 1.042431e-02 9.252792e-03 1.763055e-01 2.442678e-02
2.989379e-03 9.846134e-01 1.553154e-01 1.148776e-01 2.993147e-02 -2.819688e-01 4.334545e-02 6.068043e-02 6.327303e-03 1.705099e-02 5.680124e-03 1.450192e-01 1.634316e-02
3.288317e-03 1.383478e+00 2.390745e-01 1.373177e-01 1.845079e-02 -4.177856e-01 1.003781e-01 6.520060e-02 4.234923e-03 1.052086e-02 7.162522e-03 1.925662e-01 4.096574e-02
4.185131e-03 8.854611e-01 2.113034e-01 9.570980e-02 2.818320e-02 -2.638868e-01 7.545625e-02 6.538491e-02 5.332379e-03 2.571370e-02 1.052924e-02 1.472192e-01 2.492800e-02
5.679821e-03 1.031456e+00 2.645421e-01 1.241348e-01 3.948961e-02 -2.994824e-01 7.832825e-02 6.331186e-02 9.802581e-03 1.204600e-02 7.158573e-03 1.594880e-01 3.341846e-02
7.772386e-03 1.022818e+00 2.594010e-01 9.455015e-02 3.585095e-02 -3.107683e-01 6.757924e-02 6.757864e-02 1.456884e-02 2.273559e-02 6.895377e-03 1.774291e-01 2.572380e-02
1.046283e-02 9.263408e-01 1.505508e-01 8.419343e-02 1.482439e-02 -2.692460e-01 5.893453e-02 6.653595e-02 4.033979e-03 2.200453e-02 7.801752e-03 1.636218e-01 1.997239e-02
1.375114e-02 9.489223e-01 1.428215e-01 7.860040e-02 1.383694e-02 -3.064243e-01 6.818306e-02 6.991839e-02 3.484329e-03 2.324615e-02 5.267311e-03 1.951997e-01 2.997615e-02
1.763734e-02 1.139342e+00 1.280498e-01 1.293375e-01 1.829654e-02 -3.183202e-01 5.000264e-02 9.693159e-02 8.670208e-03 1.345539e-02 5.823493e-03 2.144084e-01 1.543122e-02
3.886193e-03 7.505754e-01 1.799185e-01 6.494285e-02 1.651865e-02 -2.417844e-01 6.800416e-02 5.678848e-02 6.832528e-03 2.907507e-02 4.459515e-03 1.419364e-01 2.659861e-02
4.185131e-03 9.755449e-01 2.526275e-01 9.857960e-02 2.526811e-02 -2.965395e-01 9.352150e-02 6.054770e-02 5.090171e-03 2.405599e-02 6.320750e-03 1.673668e-01 3.907574e-02
5.081945e-03 1.012909e+00 1.699474e-01 1.100762e-01 1.978653e-02 -2.846468e-01 6.910181e-02 6.625676e-02 5.908489e-03 2.224093e-02 7.716472e-03 1.522765e-01 2.876846e-02
6.576634e-03 7.525553e-01 1.203613e-01 1.046394e-01 2.953831e-02 -1.708059e-01 2.455056e-02 6.360969e-02 8.031623e-03 2.292891e-02 5.403170e-03 1.093061e-01 8.997504e-03
8.669200e-03 8.462698e-01 1.787616e-01 7.839745e-02 2.477360e-02 -2.268684e-01 5.291288e-02 6.702749e-02 6.049604e-03 3.104072e-02 1.451156e-02 1.447437e-01 1.731328e-02
1.135964e-02 8.123544e-01 1.342008e-01 1.034760e-01 3.219368e-02 -2.210932e-01 1.908127e-02 7.717111e-02 1.091687e-02 2.772728e-02 9.012358e-03 1.535264e-01 1.625587e-02
1.464796e-02 1.101092e+00 1.668116e-01 1.390517e-01 2.526501e-02 -3.295841e-01 5.607975e-02 8.405793e-02 1.118955e-02 2.135781e-03 5.564332e-03 2.036152e-01 1.660178e-02
1.853415e-02 1.056716e+00 2.042585e-01 7.650285e-02 1.373416e-02 -3.668375e-01 1.016780e-01 1.005207e-01 6.682914e-03 3.885909e-02 7.911702e-03 2.550758e-01 3.686998e-02
5.380883e-03 9.341392e-01 1.981997e-01 1.031735e-01 2.199486e-02 -2.524171e-01 6.536864e-02 6.879000e-02 6.484902e-03 3.212615e-02 4.917165e-03 1.560254e-01 2.549257e-02
5.679821e-03 1.127405e+00 2.774320e-01 8.756717e-02 2.904693e-02 -3.820699e-01 1.141450e-01 6.840583e-02 7.709669e-03 3.271351e-02 7.748156e-03 2.136532e-01 5.065021e-02
6.576634e-03 9.056837e-01 2.116519e-01 9.874801e-02 1.420837e-02 -2.578310e-01 8.850005e-02 6.568645e-02 5.609285e-03 2.177883e-02 3.415221e-03 1.451350e-01 3.643035e-02
8.071324e-03 6.987017e-01 1.266592e-01 8.123347e-02 1.928754e-02 -2.105124e-01 3.644639e-02 7.138899e-02 7.428207e-03 3.576226e-02 9.340226e-03 1.597446e-01 1.884235e-02
1.016389e-02 1.021903e+00 1.177490e-01 1.259999e-01 1.988935e-02 -2.792681e-01 4.156239e-02 8.236112e-02 8.397404e-03 2.892527e-02 5.645329e-03 1.824311e-01 1.472180e-02
1.285433e-02 1.362393e+00 1.502597e-01 1.588174e-01 1.681019e-02 -3.668736e-01 6.262704e-02 7.898043e-02 4.568672e-03 1.028478e-02 8.550678e-03 2.053798e-01 2.844933e-02
1.614265e-02 1.296078e+00 3.648598e-01 8.185087e-02 2.010797e-02 -4.267912e-01 1.329516e-01 7.361054e-02 4.906661e-03 2.104890e-02 1.157388e-02 2.520390e-01 4.695077e-02
2.002884e-02 9.676651e-01 1.686305e-01 1.212832e-01 2.470964e-02 -2.232322e-01 4.423291e-02 8.050360e-02 6.996930e-03 1.197293e-02 8.852875e-03 1.778397e-01 1.815721e-02
7.473448e-03 8.455455e-01 1.510602e-01 7.218056e-02 2.394996e-02 -2.668484e-01 6.305307e-02 6.570591e-02 4.023033e-03 3.005808e-02 7.350887e-03 1.713492e-01 2.209814e-02
7.772386e-03 9.658318e-01 2.920192e-01 1.244996e-01 2.614684e-02 -2.633155e-01 1.113307e-01 7.554487e-02 6.254791e-03 2.613693e-02 6.970605e-03 1.629119e-01 4.412045e-02
8.669200e-03 1.176091e+00 1.038612e-01 1.456522e-01 1.190914e-02 -3.085513e-01 3.587719e-02 7.431640e-02 4.249823e-03 8.733873e-03 3.536145e-03 1.564116e-01 1.585939e-02
1.016389e-02 7.919245e-01 8.643545e-02 9.887072e-02 1.158968e-02 -2.127577e-01 3.184971e-02 6.747529e-02 4.370720e-03 2.278135e-02 7.182609e-03 1.454270e-01 1.685599e-02
1.225646e-02 8.205939e-01 1.583326e-01 1.016578e-01 2.322517e-02 -2.119453e-01 3.435099e-02 7.766926e-02 6.774332e-03 2.987266e-02 1.026644e-02 1.561213e-01 1.930220e-02
1.494690e-02 8.510630e-01 2.078954e-01 1.008329e-01 2.197020e-02 -2.440619e-01 7.225620e-02 7.769071e-02 6.885747e-03 1.845618e-02 7.480707e-03 1.780406e-01 3.229156e-02
1.823521e-02 1.200632e+00 2.123191e-01 1.255763e-01 3.795631e-02 -3.147877e-01 6.431716e-02 8.495647e-02 1.045812e-02 1.109714e-02 4.045755e-03 2.131303e-01 3.248238e-02
2.212141e-02 8.436720e-01 4.460939e-02 9.092420e-02 1.356060e-02 -2.573564e-01 2.780416e-02 9.633390e-02 4.764425e-03 1.913226e-02 7.411317e-03 2.293934e-01 1.592352e-02
1.016389e-02 1.199189e+00 3.135157e-01 8.923888e-02 2.632488e-02 -3.751062e-01 1.220964e-01 6.666088e-02 8.404259e-03 2.763567e-02 4.599135e-03 2.112627e-01 4.613105e-02
1.046283e-02 8.520113e-01 5.552205e-02 9.050813e-02 8.120600e-03 -2.353064e-01 2.930669e-02 7.078265e-02 3.984537e-03 2.869474e-02 1.907149e-03 1.524205e-01 1.009564e-02
1.135964e-02 7.411895e-01 1.149713e-01 9.682076e-02 1.678802e-02 -2.016389e-01 3.130426e-02 7.668372e-02 5.591190e-03 3.273469e-02 5.303312e-03 1.620378e-01 1.586570e-02
1.285433e-02 1.198163e+00 1.318127e-01 1.438684e-01 1.075941e-02 -3.216300e-01 5.687363e-02 9.379419e-02 8.705317e-03 1.955240e-02 7.287934e-03 1.828835e-01 2.777966e-02
1.494690e-02 7.457485e-01 1.424536e-01 8.421623e-02 1.650880e-02 -1.948350e-01 5.537018e-02 8.369032e-02 8.996297e-03 3.766496e-02 9.985204e-03 1.787220e-01 2.958548e-02
1.763734e-02 7.857933e-01 4.830042e-02 1.116679e-01 2.933375e-02 -2.035584e-01 3.609371e-02 9.740289e-02 1.885394e-02 3.412353e-02 3.753409e-03 1.824730e-01 2.499629e-02
2.092565e-02 8.422757e-01 1.638908e-01 1.008802e-01 4.250368e-02 -2.443365e-01 6.461553e-02 9.484047e-02 1.111121e-02 3.281853e-02 2.370118e-02 2.409421e-01 1.854450e-02
2.481185e-02 1.119368e+00 1.317493e-01 1.001565e-01 3.533126e-02 -3.176745e-01 5.388816e-02 1.120140e-01 1.159772e-02 3.435577e-02 1.461603e-02 2.777411e-01 3.743141e-02
1.345221e-02 1.345146e+00 1.334943e-01 1.313423e-01 3.179259e-02 -3.955571e-01 4.466398e-02 8.062252e-02 5.633297e-03 1.861706e-02 1.095016e-02 2.476908e-01 2.748759e-02
1.375114e-02 1.032736e+00 1.242768e-01 1.187304e-01 1.964154e-02 -2.695965e-01 4.695839e-02 8.558429e-02 6.886540e-03 2.979520e-02 5.701695e-03 1.885033e-01 2.110351e-02
1.464796e-02 1.047717e+00 1.663507e-01 1.356025e-01 2.721427e-02 -2.851907e-01 5.860256e-02 8.825429e-02 5.827315e-03 2.060865e-02 1.352268e-02 1.966114e-01 2.605216e-02
1.614265e-02 9.059928e-01 1.049335e-01 1.011046e-01 2.344740e-02 -2.369901e-01 2.566336e-02 8.417723e-02 7.772353e-03 1.566573e-02 5.388457e-03 1.626252e-01 1.317252e-02
1.823521e-02 8.954111e-01 1.695124e-01 9.710121e-02 3.627747e-02 -2.301949e-01 3.376780e-02 9.981583e-02 8.205422e-03 3.990875e-02 1.846710e-02 2.040722e-01 1.129140e-02
2.092565e-02 9.385015e-01 1.206641e-01 9.417175e-02 1.463896e-02 -2.729142e-01 5.322123e-02 8.838515e-02 1.164774e-02 2.005750e-02 1.525972e-02 2.206008e-01 1.856790e-02
2.421397e-02 7.569350e-01 1.110586e-01 9.207816e-02 2.155664e-02 -1.940514e-01 2.887337e-02 9.433437e-02 7.253938e-03 1.735226e-02 7.434498e-03 2.284694e-01 2.047220e-02
2.810017e-02 9.623228e-01 6.731834e-02 1.310384e-01 8.264493e-03 -2.555158e-01 3.804258e-02 1.339644e-01 1.452235e-02 2.166233e-02 1.447787e-02 2.749854e-01 2.143254e-02
1.733840e-02 7.908591e-01 8.305677e-02 1.171394e-01 1.617591e-02 -1.701588e-01 1.942716e-02 1.010496e-01 1.027845e-02 3.416588e-02 7.720961e-03 1.629375e-01 9.558276e-03
1.763734e-02 1.104479e+00 6.351178e-02 1.414838e-01 3.128194e-02 -2.889432e-01 4.022367e-02 1.027088e-01 9.664526e-03 3.096841e-02 1.299848e-02 2.316992e-01 2.127007e-02
1.853415e-02 8.996502e-01 1.088233e-01 1.037445e-01 2.127648e-02 -2.468598e-01 6.579937e-02 8.979787e-02 6.374233e-03 2.120450e-02 5.898650e-03 1.998677e-01 3.176061e-02
2.002884e-02 6.946106e-01 8.165846e-02 8.945408e-02 1.330330e-02 -1.831565e-01 2.512927e-02 8.914690e-02 8.493211e-03 2.433428e-02 7.505117e-03 2.012079e-01 2.490958e-02
2.212141e-02 9.049314e-01 4.880361e-02 7.924661e-02 2.984181e-02 -2.958413e-01 2.375552e-02 8.974031e-02 9.858117e-03 2.093913e-02 8.176376e-03 2.517056e-01 2.592714e-02
2.481185e-02 1.012544e+00 1.704839e-01 1.277898e-01 1.797407e-02 -2.793312e-01 8.793356e-02 1.240880e-01 9.522157e-03 1.508944e-02 1.531492e-02 2.471710e-01 3.458669e-02
2.810017e-02 1.014063e+00 1.698035e-01 1.350875e-01 4.035088e-02 -3.175407e-01 4.109962e-02 1.538128e-01 9.026985e-03 1.900149e-02 1.825596e-02 3.241637e-01 2.969327e-02
3.198636e-02 9.905019e-01 9.427992e-02 8.651203e-02 2.340927e-02 -3.157084e-01 5.330448e-02 1.330796e-01 1.067917e-02 1.593108e-02 1.239143e-02 3.585224e-01 3.423738e-02
4.783007e-03 1.858312e+00 1.140992e-01 1.477699e-01 2.743791e-02 -6.156792e-01 3.653627e-02 6.440907e-02 5.141547e-03 4.332202e-03 1.138228e-02 2.771904e-01 2.109752e-02
5.081945e-03 6.206321e-01 1.166393e-01 4.463326e-02 2.728169e-02 -2.003589e-01 2.411139e-02 4.908006e-02 4.385849e-03 2.933592e-02 9.252813e-03 1.303702e-01 9.661224e-03
5.978759e-03 7.695924e-01 1.117612e-01 7.768741e-02 1.869424e-02 -2.153231e-01 2.434849e-02 6.613804e-02 5.512959e-03 3.103140e-02 6.142427e-03 1.338078e-01 8.426290e-03
7.473448e-03 1.041169e+00 2.288352e-01 7.017931e-02 9.714696e-03 -3.354899e-01 8.491719e-02 6.310342e-02 3.501496e-03 2.843242e-02 5.270227e-03 1.822003e-01 3.341933e-02
9.566014e-03 9.773365e-01 1.453339e-01 8.371675e-02 2.386983e-02 -3.024916e-01 6.564108e-02 6.615959e-02 5.590548e-03 2.726722e-02 1.044548e-02 1.889459e-01 2.217290e-02
1.225646e-02 1.301799e+00 1.973721e-01 1.768355e-01 2.969447e-02 -3.285551e-01 6.697458e-02 7.307890e-02 6.393534e-03 -3.131030e-03 9.443889e-03 1.740695e-01 2.456958e-02
1.554477e-02 9.317579e-01 1.472867e-01 1.224595e-01 3.358218e-02 -2.552983e-01 3.562650e-02 9.171400e-02 1.384425e-02 2.510059e-02 5.070408e-03 1.847250e-01 1.423811e-02
1.943097e-02 8.385963e-01 6.593639e-02 6.797088e-02 8.840643e-03 -2.080793e-01 3.231818e-02 9.391360e-02 6.630322e-03 4.366653e-02 9.796975e-03 1.905660e-01 1.288283e-02
5.081945e-03 5.699211e-01 1.262646e-01 6.387656e-02 1.547302e-02 -1.602477e-01 4.275469e-02 5.667295e-02 9.085390e-03 3.143283e-02 8.503850e-03 1.148418e-01 1.884855e-02
5.380883e-03 1.267673e+00 2.752387e-01 1.167879e-01 1.670028e-02 -4.063099e-01 1.406293e-01 6.654919e-02 6.722324e-03 1.927416e-02 1.071277e-02 2.145245e-01 5.877761e-02
6.277696e-03 9.213517e-01 2.057936e-01 1.045590e-01 3.429003e-02 -2.635034e-01 4.121491e-02 6.703739e-02 4.594874e-03 2.387533e-02 9.000736e-03 1.545369e-01 9.009675e-03
7.772386e-03 8.364087e-01 8.537035e-02 8.156328e-02 1.959625e-02 -2.419586e-01 1.423530e-02 5.466235e-02 6.646976e-03 1.891869e-02 5.296093e-03 1.404082e-01 1.074596e-02
9.864952e-03 1.008798e+00 2.179802e-01 9.674083e-02 2.756995e-02 -3.057354e-01 7.423100e-02 6.673835e-02 8.268915e-03 1.959260e-02 6.791174e-03 1.791126e-01 3.438903e-02
1.255539e-02 9.712822e-01 1.752663e-01 1.226259e-01 2.311919e-02 -2.668400e-01 5.693615e-02 7.921083e-02 7.624381e-03 1.896332e-02 3.205489e-03 1.661628e-01 1.600579e-02
1.584371e-02 9.317184e-01 7.785875e-02 1.138632e-01 1.393941e-02 -2.161017e-01 2.187372e-02 7.773602e-02 8.205658e-03 2.029940e-02 4.886096e-03 1.627650e-01 1.556134e-02
1.972990e-02 8.586994e-01 1.541187e-01 9.927422e-02 2.040679e-02 -2.357223e-01 3.229250e-02 8.801224e-02 1.247101e-02 2.043747e-02 6.089697e-03 1.975506e-01 8.954747e-03
5.978759e-03 6.741348e-01 1.856420e-01 9.033167e-02 2.753971e-02 -1.742906e-01 5.059325e-02 6.303217e-02 4.397065e-03 2.974500e-02 6.726697e-03 1.270268e-01 1.683827e-02
6.277696e-03 1.265447e+00 2.290689e-01 1.283540e-01 4.280518e-02 -3.876300e-01 7.664141e-02 6.597249e-02 8.439936e-03 1.525335e-02 1.451735e-02 1.998824e-01 2.428319e-02
7.174510e-03 8.413991e-01 2.073209e-01 6.840462e-02 1.688322e-02 -2.556508e-01 6.747573e-02 5.416108e-02 3.721366e-03 2.284015e-02 6.471613e-03 1.437313e-01 2.841141e-02
8.669200e-03 1.041712e+00 1.342593e-01 1.168445e-01 3.817851e-02 -3.016725e-01 3.928480e-02 6.728055e-02 9.416466e-03 1.611080e-02 1.023162e-02 1.731409e-01 2.771153e-02
1.076177e-02 9.286485e-01 1.659526e-01 1.246410e-01 2.414748e-02 -2.404061e-01 4.599983e-02 7.028862e-02 6.827011e-03 1.406730e-02 6.177519e-03 1.496290e-01 1.772719e-02
1.345221e-02 7.379158e-01 1.327996e-01 1.033364e-01 2.085264e-02 -1.594226e-01 2.798493e-02 7.958295e-02 9.487473e-03 2.550400e-02 6.437312e-03 1.267687e-01 9.882276e-03
1.674052e-02 7.935445e-01 8.795462e-02 5.596318e-02 1.116575e-02 -2.322559e-01 3.305497e-02 8.124492e-02 4.919198e-03 3.365376e-02 6.912594e-03 1.767933e-01 1.131792e-02
2.062672e-02 1.080864e+00 1.545740e-01 1.467437e-01 3.455337e-02 -2.475462e-01 3.957208e-02 1.161854e-01 1.027267e-02 3.539575e-02 6.072879e-03 2.329088e-01 3.035713e-02
7.473448e-03 7.579228e-01 1.487177e-01 8.407133e-02 1.992593e-02 -2.110471e-01 5.904923e-02 7.383221e-02 4.884481e-03 3.609926e-02 9.954008e-03 1.430955e-01 2.730910e-02
7.772386e-03 1.105856e+00 1.829614e-01 8.587320e-02 2.839384e-02 -3.733936e-01 7.275996e-02 7.728199e-02 1.029490e-02 4.034020e-02 8.537568e-03 2.263987e-01 2.942148e-02
8.669200e-03 8.058159e-01 1.636211e-01 1.039663e-01 2.662484e-02 -2.159509e-01 6.622231e-02 7.526014e-02 4.965283e-03 3.208105e-02 8.684017e-03 1.602644e-01 2.406165e-02
1.016389e-02 1.086051e+00 1.907325e-01 1.031069e-01 2.641826e-02 -3.454879e-01 7.045292e-02 8.216479e-02 9.522957e-03 3.103083e-02 9.258751e-03 2.114758e-01 3.529646e-02
1.225646e-02 7.367621e-01 4.319980e-02 6.606585e-02 2.139851e-02 -2.278260e-01 1.829822e-02 6.277019e-02 3.142327e-03 2.782063e-02 8.216135e-03 1.697568e-01 1.583443e-02
1.494690e-02 6.626261e-01 8.155000e-02 6.520013e-02 8.837803e-03 -2.055573e-01 4.600696e-02 7.549208e-02 3.655827e-03 3.460802e-02 6.801565e-03 1.711642e-01 1.964397e-02
1.823521e-02 1.198445e+00 1.601503e-01 1.217534e-01 3.172493e-02 -3.201176e-01 5.184826e-02 8.374006e-02 4.989274e-03 1.512513e-02 1.137572e-02 2.143998e-01 2.745331e-02
2.212141e-02 1.093127e+00 1.828655e-01 1.040895e-01 3.673366e-02 -2.874127e-01 4.346444e-02 1.107110e-01 8.202772e-03 4.479358e-02 1.049940e-02 2.496741e-01 1.186636e-02
9.566014e-03 6.803513e-01 9.867543e-02 4.652769e-02 1.052391e-02 -2.242173e-01 4.255747e-02 6.752724e-02 5.932034e-03 4.619503e-02 5.400513e-03 1.796184e-01 1.615668e-02
9.864952e-03 9.965369e-01 1.493548e-01 9.361564e-02 1.856688e-02 -2.984695e-01 3.289928e-02 6.242564e-02 2.361146e-03 1.618948e-02 9.041214e-03 1.688159e-01 9.368031e-03
1.076177e-02 8.033667e-01 8.235855e-02 9.669733e-02 1.013595e-02 -2.199797e-01 2.018741e-02 6.945849e-02 4.076784e-03 2.751411e-02 6.866852e-03 1.624173e-01 7.393629e-03
1.225646e-02 8.851176e-01 1.740194e-01 1.192796e-01 2.597850e-02 -2.276574e-01 3.727135e-02 8.504514e-02 6.785810e-03 3.035723e-02 7.385865e-03 1.759854e-01 1.665240e-02
1.434902e-02 8.003781e-01 1.254576e-01 1.025722e-01 2.215688e-02 -1.891814e-01 2.907183e-02 7.906510e-02 6.621602e-03 2.433625e-02 8.318164e-03 1.537647e-01 1.034433e-02
1.703946e-02 9.616764e-01 1.447622e-01 1.011421e-01 9.807902e-03 -2.205943e-01 2.707960e-02 9.722558e-02 4.881121e-03 2.449888e-02 8.081406e-03 1.567380e-01 1.317072e-02
2.032778e-02 7.729435e-01 8.556299e-02 3.469337e-02 2.447509e-02 -2.817343e-01 4.706058e-02 7.505054e-02 8.859988e-03 3.682690e-02 1.371019e-02 2.465299e-01 3.407806e-02
2.421397e-02 9.120535e-01 1.003532e-01 1.380695e-01 3.017077e-02 -2.395674e-01 2.761829e-02 1.286688e-01 9.798242e-03 1.369706e-02 9.019216e-03 2.235168e-01 1.914147e-02
1.225646e-02 1.050001e+00 3.184218e-01 1.212580e-01 4.152341e-02 -3.116750e-01 1.113741e-01 8.776772e-02 7.455548e-03 2.342807e-02 1.387050e-02 1.951244e-01 4.930072e-02
1.255539e-02 6.088667e-01 1.041968e-01 6.850249e-02 8.843985e-03 -1.818968e-01 4.019590e-02 7.600049e-02 5.768287e-03 3.515056e-02 6.136782e-03 1.608307e-01 1.947358e-02
1.345221e-02 7.769774e-01 1.229941e-01 7.245626e-02 2.274285e-02 -2.339075e-01 4.466603e-02 7.810761e-02 7.102034e-03 3.828916e-02 6.642006e-03 1.855747e-01 2.448498e-02
1.494690e-02 9.859423e-01 1.312406e-01 1.015597e-01 1.696769e-02 -2.806011e-01 4.549908e-02 7.599666e-02 6.833853e-03 3.141153e-02 7.653876e-03 2.144620e-01 2.237666e-02
1.703946e-02 8.792070e-01 1.735074e-01 1.193100e-01 2.271460e-02 -2.212462e-01 6.189815e-02 8.486090e-02 3.595463e-03 1.843886e-02 6.122318e-03 1.711375e-01 2.079788e-02
1.972990e-02 7.528028e-01 6.537239e-02 5.540317e-02 1.889133e-02 -2.533938e-01 2.464106e-02 8.776359e-02 7.316270e-03 3.567254e-02 1.118188e-02 2.181947e-01 1.545985e-02
2.301822e-02 8.800447e-01 1.921886e-01 1.147223e-01 3.463409e-02 -2.725289e-01 5.494419e-02 1.093173e-01 5.640353e-03 1.324088e-03 1.427452e-02 2.224572e-01 1.550999e-02
2.690441e-02 9.570176e-01 1.894825e-01 9.318478e-02 1.409577e-02 -2.359289e-01 5.656523e-02 1.109890e-01 7.531375e-03 2.251711e-02 1.172919e-02 2.350885e-01 2.683513e-02
1.554477e-02 1.103531e+00 1.598293e-01 1.060161e-01 1.540862e-02 -3.263434e-01 5.945176e-02 8.830931e-02 6.920199e-03 3.226516e-02 9.517904e-03 2.292431e-01 1.747037e-02
1.584371e-02 9.878428e-01 1.244530e-01 1.292523e-01 1.154139e-02 -2.453345e-01 2.703832e-02 8.355183e-02 6.837216e-03 1.895449e-02 4.771345e-03 1.956064e-01 8.469243e-03
1.674052e-02 8.056800e-01 5.780865e-02 9.706906e-02 1.610721e-02 -2.198631e-01 2.578890e-02 9.183352e-02 7.903128e-03 3.539343e-02 7.234446e-03 1.889417e-01 1.104513e-02
1.823521e-02 8.554419e-01 1.785818e-01 1.062609e-01 1.541444e-02 -1.885266e-01 6.890370e-02 9.453929e-02 7.383992e-03 2.563675e-02 1.030451e-02 1.750893e-01 2.500903e-02
2.032778e-02 1.097180e+00 1.492592e-01 1.127235e-01 1.800427e-02 -3.088411e-01 5.504737e-02 8.592133e-02 8.895022e-03 5.769453e-03 5.440312e-03 2.242035e-01 1.949625e-02
2.301822e-02 9.121228e-01 1.829761e-01 9.812178e-02 3.338650e-02 -2.389140e-01 5.755166e-02 1.061724e-01 1.022113e-02 2.730183e-02 1.882415e-02 2.064323e-01 2.335995e-02
2.630654e-02 9.142406e-01 8.065998e-02 8.378292e-02 3.234492e-02 -2.659947e-01 2.540559e-02 1.213691e-01 1.065470e-02 1.694250e-02 1.603276e-02 2.430145e-01 1.874205e-02
3.019273e-02 1.024199e+00 1.217222e-01 1.171291e-01 3.091679e-02 -3.327847e-01 6.455293e-02 1.436609e-01 1.350854e-02 5.641398e-03 1.250179e-02 3.589123e-01 5.798187e-02
1.943097e-02 7.967650e-01 9.686766e-02 9.235000e-02 1.160423e-02 -1.945400e-01 3.342352e-02 9.340516e-02 1.063563e-02 3.260394e-02 1.015650e-02 1.940838e-01 2.164830e-02
1.972990e-02 9.047131e-01 1.858921e-01 9.350132e-02 1.319552e-02 -2.737474e-01 7.117275e-02 9.240227e-02 6.177299e-03 1.841620e-02 3.045643e-03 2.140095e-01 2.885562e-02
2.062672e-02 9.316243e-01 1.105791e-01 1.116818e-01 2.480727e-02 -2.806006e-01 3.831516e-02 1.095278e-01 9.889172e-03 2.764922e-02 1.024653e-02 2.286097e-01 1.102772e-02
2.212141e-02 9.939469e-01 7.771087e-02 1.299570e-01 4.687187e-02 -2.895135e-01 2.870382e-02 1.137694e-01 8.366276e-03 1.585610e-02 1.797624e-02 2.328141e-01 2.216018e-02
2.421397e-02 1.014846e+00 1.575827e-01 9.888987e-02 3.494633e-02 -3.228275e-01 5.207377e-02 1.047101e-01 9.374174e-03 2.384629e-02 1.583781e-02 2.676046e-01 3.053135e-02
2.690441e-02 1.079928e+00 1.400487e-01 1.073401e-01 2.092449e-02 -2.685670e-01 6.344690e-02 1.210984e-01 1.434097e-02 2.241724e-02 1.743315e-02 2.538363e-01 3.167772e-02
3.019273e-02 9.034934e-01 1.145809e-01 1.249996e-01 3.638934e-02 -2.092935e-01 3.246979e-02 1.444587e-01 9.411042e-03 3.450881e-02 7.829941e-03 2.532027e-01 2.575672e-02
3.407892e-02 7.949523e-01 8.939976e-02 9.330483e-02 2.176984e-02 -2.236662e-01 6.544894e-02 1.747953e-01 3.782490e-03 -4.851312e-03 1.018736e-02 3.144829e-01 3.544580e-02
7.473448e-03 8.007055e-01 1.453866e-01 9.977824e-02 2.812603e-02 -2.175999e-01 3.403069e-02 6.711862e-02 4.225458e-03 2.175438e-02 1.139425e-02 1.315397e-01 6.015182e-03
7.772386e-03 1.071760e+00 2.612365e-01 1.064612e-01 2.285712e-02 -3.211287e-01 9.339822e-02 6.356206e-02 8.331166e-03 2.039287e-02 4.162673e-03 1.846385e-01 3.760138e-02
8.669200e-03 9.419346e-01 1.988091e-01 9.173682e-02 2.620501e-02 -2.916825e-01 6.798984e-02 6.307551e-02 6.159816e-03 2.182718e-02 1.200618e-02 1.738616e-01 3.087716e-02
1.016389e-02 7.076555e-01 8.433531e-02 5.340874e-02 1.062807e-02 -2.213867e-01 4.132799e-02 6.427490e-02 6.195224e-03 4.031977e-02 9.679725e-03 1.671023e-01 2.379856e-02
1.225646e-02 7.879524e-01 1.161133e-01 1.243402e-01 3.829605e-02 -1.746711e-01 3.061806e-02 8.472458e-02 1.012076e-02 1.999581e-02 1.341552e-02 1.386668e-01 1.654115e-02
1.494690e-02 8.504619e-01 1.791973e-01 8.048330e-02 3.092353e-02 -2.608486e-01 4.527590e-02 8.316804e-02 4.319928e-03 4.003114e-02 1.104737e-02 2.125538e-01 1.557070e-02
1.823521e-02 7.765152e-01 8.712579e-02 8.719864e-02 9.573111e-03 -2.554499e-01 3.235604e-02 8.090668e-02 2.921458e-03 2.672386e-02 6.360911e-03 2.210161e-01 1.509163e-02
2.212141e-02 7.759049e-01 8.379815e-02 7.873533e-02 1.024754e-02 -1.947686e-01 3.245730e-02 1.078145e-01 4.961965e-03 2.994547e-02 7.017792e-03 2.128866e-01 2.056841e-02
7.772386e-03 9.903813e-01 1.058919e-01 1.103504e-01 2.530233e-02 -2.738714e-01 4.876925e-02 7.339851e-02 6.226192e-03 2.495332e-02 9.994722e-03 1.547688e-01 3.228432e-02
8.071324e-03 7.562035e-01 1.741693e-01 1.034572e-01 2.194656e-02 -1.971986e-01 5.117498e-02 7.126672e-02 4.353114e-03 2.843135e-02 1.143697e-02 1.366397e-01 9.972417e-03
8.968138e-03 8.660323e-01 1.724331e-01 6.944986e-02 1.852226e-02 -2.789610e-01 4.347769e-02 6.623074e-02 4.033965e-03 3.026945e-02 1.111714e-02 1.758873e-01 1.268072e-02
1.046283e-02 8.868873e-01 1.273853e-01 7.325512e-02 1.981346e-02 -3.025214e-01 4.364024e-02 6.701201e-02 7.136116e-03 3.087425e-02 8.328924e-03 1.967309e-01 1.501710e-02
1.255539e-02 7.542125e-01 7.822136e-02 7.569885e-02 2.572458e-02 -2.056722e-01 3.009816e-02 7.536473e-02 8.993632e-03 3.115999e-02 6.579689e-03 1.542416e-01 1.595267e-02
1.524583e-02 9.668514e-01 1.523282e-01 1.059506e-01 1.911818e-02 -3.144475e-01 5.394221e-02 8.560481e-02 9.105869e-03 1.323559e-02 1.518719e-02 2.116924e-01 1.797119e-02
1.853415e-02 1.004905e+00 2.107134e-01 1.158599e-01 1.762020e-02 -2.294231e-01 6.329562e-02 8.257147e-02 7.509852e-03 2.243222e-02 2.247722e-03 1.947185e-01 2.504413e-02
2.242034e-02 1.114940e+00 1.765227e-01 1.461950e-01 2.308571e-02 -2.691137e-01 6.241548e-02 1.163517e-01 1.824838e-02 1.355303e-02 2.031396e-02 2.292315e-01 2.494545e-02
8.669200e-03 8.797468e-01 1.607139e-01 7.814314e-02 2.467256e-02 -2.710651e-01 5.349425e-02 7.169176e-02 6.476760e-03 3.430229e-02 8.673007e-03 1.759299e-01 2.384967e-02
8.968138e-03 1.114383e+00 2.538300e-01 1.128361e-01 3.904637e-02 -3.355319e-01 1.013758e-01 8.125679e-02 7.770089e-03 2.908463e-02 1.446675e-02 2.027745e-01 5.079823e-02
9.864952e-03 1.017524e+00 1.795088e-01 1.115789e-01 2.034591e-02 -2.714802e-01 5.024995e-02 6.610184e-02 5.246431e-03 1.806885e-02 6.906846e-03 1.582165e-01 1.786587e-02
1.135964e-02 8.430619e-01 2.003670e-01 7.247575e-02 2.585672e-02 -2.415621e-01 4.851840e-02 6.408696e-02 3.161143e-03 2.929040e-02 4.459191e-03 1.683898e-01 1.552684e-02
1.345221e-02 1.008783e+00 1.532623e-01 8.454399e-02 9.261201e-03 -3.248581e-01 5.874533e-02 7.263570e-02 5.388664e-03 2.392669e-02 5.524154e-03 2.110524e-01 2.366215e-02
1.614265e-02 9.950221e-01 2.015946e-01 1.157589e-01 2.176674e-02 -3.047947e-01 9.141244e-02 7.751856e-02 9.157424e-03 1.500029e-02 9.304647e-03 2.110690e-01 4.586660e-02
1.943097e-02 7.028002e-01 6.901421e-02 1.123901e-01 2.834547e-02 -1.418771e-01 2.576026e-02 1.022890e-01 1.046897e-02 3.255441e-02 6.491011e-03 1.703718e-01 6.226107e-03
2.331716e-02 8.156692e-01 9.203133e-02 8.018411e-02 2.533920e-02 -2.326280e-01 3.302736e-02 1.068096e-01 1.346646e-02 2.367726e-02 1.219672e-02 2.314087e-01 1.228688e-02
1.016389e-02 9.028004e-01 2.110452e-01 1.079944e-01 4.100898e-02 -2.422256e-01 5.449947e-02 7.164871e-02 1.038377e-02 2.094432e-02 1.056215e-02 1.596273e-01 1.188976e-02
1.046283e-02 9.361509e-01 1.970588e-01 9.839894e-02 2.779392e-02 -2.598241e-01 5.537036e-02 6.797339e-02 5.784946e-03 2.317337e-02 1.022372e-02 1.683917e-01 1.606810e-02
1.135964e-02 8.171450e-01 1.736235e-01 8.463227e-02 2.412745e-02 -2.361387e-01 6.070746e-02 7.448499e-02 9.509657e-03 3.306110e-02 1.024057e-02 1.630298e-01 2.089404e-02
1.285433e-02 8.392353e-01 6.342357e-02 9.168852e-02 2.135341e-02 -2.529362e-01 3.243554e-02 6.720747e-02 3.637728e-03 1.623811e-02 1.117315e-02 1.687541e-01 2.664361e-02
1.494690e-02 8.984440e-01 5.907071e-02 1.075663e-01 2.139941e-02 -2.499443e-01 2.660420e-02 7.600152e-02 4.670814e-03 2.748558e-02 1.119890e-02 1.929762e-01 1.709785e-02
1.763734e-02 7.996305e-01 1.165358e-01 8.232354e-02 1.065449e-02 -2.014430e-01 5.412930e-02 8.113481e-02 2.900995e-03 3.160404e-02 2.037796e-03 1.984529e-01 2.135959e-02
2.092565e-02 7.987244e-01 9.701306e-02 1.110575e-01 4.341211e-02 -1.858368e-01 2.130945e-02 1.095978e-01 1.508566e-02 1.779450e-02 5.156135e-03 1.751363e-01 1.479695e-02
2.481185e-02 1.037394e+00 7.256567e-02 1.488447e-01 2.568190e-02 -2.704365e-01 3.880872e-02 1.179761e-01 1.036520e-02 1.412536e-03 5.628436e-03 2.461560e-01 2.741772e-02
1.225646e-02 8.626338e-01 1.162472e-01 1.010361e-01 2.297482e-02 -2.522642e-01 4.126263e-02 7.490603e-02 5.989819e-03 2.646550e-02 3.638081e-03 1.809753e-01 1.872867e-02
1.255539e-02 8.783251e-01 1.328727e-01 9.948609e-02 1.833215e-02 -2.297195e-01 3.811284e-02 7.041202e-02 8.041743e-03 2.365797e-02 9.206358e-03 1.470501e-01 5.447216e-03
1.345221e-02 1.035071e+00 1.170419e-01 1.260268e-01 1.732326e-02 -2.859059e-01 3.667409e-02 8.421834e-02 7.149983e-03 1.467825e-02 8.126866e-03 1.752377e-01 2.968808e-02
1.494690e-02 7.623434e-01 1.049953e-01 8.593437e-02 2.122160e-02 -2.136391e-01 2.571492e-02 9.209742e-02 6.052375e-03 3.890095e-02 1.121212e-02 1.732991e-01 1.302091e-02
1.703946e-02 8.375787e-01 9.086491e-02 1.207278e-01 1.016681e-02 -1.840746e-01 2.364607e-02 8.653263e-02 3.477243e-03 3.294125e-02 7.565548e-03 1.710551e-01 1.324890e-02
1.972990e-02 1.040180e+00 6.983905e-02 1.005222e-01 9.479604e-03 -3.272665e-01 3.567851e-02 8.891664e-02 6.669020e-03 1.219339e-02 5.126648e-03 2.286034e-01 2.344118e-02
2.301822e-02 7.985603e-01 8.319828e-02 1.020453e-01 2.141177e-02 -1.957549e-01 4.624964e-02 9.229773e-02 7.228751e-03 2.314490e-02 6.152561e-03 1.932526e-01 1.764970e-02
2.690441e-02 9.774325e-01 1.607730e-01 9.040576e-02 2.085574e-02 -2.538687e-01 6.137481e-02 1.237936e-01 1.486578e-02 2.355153e-02 9.363160e-03 2.338351e-01 2.532012e-02
1.494690e-02 1.091187e+00 1.524038e-01 8.364485e-02 1.851883e-02 -3.339821e-01 6.544146e-02 7.530074e-02 9.706477e-03 2.393512e-02 8.470350e-03 2.065863e-01 3.096263e-02
1.524583e-02 1.309270e+00 2.870651e-01 1.440560e-01 3.686451e-02 -3.687650e-01 8.660543e-02 8.206002e-02 8.092537e-03 1.343595e-02 6.945761e-03 2.118553e-01 2.737525e-02
1.614265e-02 8.902245e-01 1.269115e-01 1.115306e-01 2.400794e-02 -2.390983e-01 4.887967e-02 9.534717e-02 8.745653e-03 3.033580e-02 8.913910e-03 1.986625e-01 2.620275e-02
1.763734e-02 8.429494e-01 1.792570e-01 7.977560e-02 1.996801e-02 -2.500894e-01 5.419102e-02 8.817374e-02 7.956641e-03 3.083339e-02 3.930676e-03 2.019398e-01 2.706548e-02
1.972990e-02 1.070947e+00 1.220463e-01 9.344032e-02 1.927416e-02 -3.282657e-01 6.872275e-02 8.656977e-02 6.580126e-03 3.168180e-02 1.270653e-02 2.390524e-01 2.917661e-02
2.242034e-02 9.402147e-01 8.240260e-02 1.396846e-01 1.511421e-02 -2.348961e-01 2.176282e-02 1.091589e-01 9.863361e-03 2.903082e-02 4.525205e-03 2.523349e-01 2.423268e-02
2.570866e-02 9.182171e-01 5.596751e-02 1.407733e-01 3.659130e-02 -2.051370e-01 3.104638e-02 1.382660e-01 1.240254e-02 4.760733e-02 1.995585e-02 2.720600e-01 2.370154e-02
2.959485e-02 8.935907e-01 1.120591e-01 1.095326e-01 2.860022e-02 -2.430046e-01 2.998065e-02 1.250810e-01 1.037824e-02 2.420178e-02 1.083121e-02 2.876882e-01 2.961168e-02
1.823521e-02 8.959200e-01 1.115378e-01 1.280747e-01 1.030145e-02 -2.694618e-01 5.429613e-02 9.599751e-02 2.472554e-03 1.692296e-02 7.009951e-03 2.117432e-01 3.440812e-02
1.853415e-02 9.202754e-01 1.190283e-01 1.035292e-01 1.233069e-02 -2.525747e-01 3.159413e-02 8.378640e-02 3.377243e-03 2.435243e-02 4.185875e-03 2.013290e-01 1.654280e-02
1.943097e-02 9.039718e-01 1.760257e-01 8.535772e-02 2.192414e-02 -2.608232e-01 4.774146e-02 8.703122e-02 5.854990e-03 3.123867e-02 1.681159e-02 2.193980e-01 1.398436e-02
2.092565e-02 1.014138e+00 1.450325e-01 1.315989e-01 4.306926e-02 -3.058147e-01 4.626146e-02 1.201832e-01 2.296211e-02 1.453048e-02 1.037600e-02 2.527737e-01 2.525008e-02
2.301822e-02 8.983685e-01 8.743965e-02 1.107898e-01 1.623050e-02 -2.435663e-01 4.077347e-02 1.028930e-01 9.638871e-03 1.292321e-02 7.194370e-03 2.285087e-01 1.522988e-02
2.570866e-02 9.887641e-01 7.874927e-02 1.264770e-01 2.525405e-02 -2.503837e-01 3.958674e-02 1.298013e-01 1.303970e-02 2.867776e-02 1.058562e-02 2.312687e-01 1.709341e-02
2.899698e-02 9.959032e-01 5.049722e-02 8.384023e-02 2.954746e-02 -2.528469e-01 2.655812e-02 1.356834e-01 1.936802e-02 1.911031e-02 1.079669e-02 2.719483e-01 2.643809e-02
3.288317e-02 1.001786e+00 5.084322e-02 1.366105e-01 2.638328e-02 -3.152572e-01 1.977396e-02 1.429905e-01 8.324685e-03 -4.416542e-03 1.927900e-02 3.283702e-01 2.258287e-02
2.212141e-02 1.020501e+00 1.161901e-01 1.096611e-01 2.387320e-02 -3.126418e-01 5.951460e-02 1.071281e-01 9.839328e-03 2.273423e-02 7.324478e-03 2.528826e-01 2.287743e-02
2.242034e-02 9.079835e-01 1.224535e-01 1.469713e-01 3.180493e-02 -2.133087e-01 3.352831e-02 1.187565e-01 1.441909e-02 1.540401e-02 1.063703e-02 2.141383e-01 1.774669e-02
2.331716e-02 1.097559e+00 2.170110e-01 8.147401e-02 1.710538e-02 -3.785210e-01 7.867586e-02 1.118953e-01 1.156738e-02 2.300503e-02 1.882880e-02 3.194645e-01 1.599976e-02
2.481185e-02 1.011574e+00 1.201341e-01 1.380214e-01 1.494173e-02 -2.641028e-01 4.530795e-02 1.265237e-01 1.380972e-02 2.092673e-02 1.388458e-02 2.659478e-01 2.656976e-02
2.690441e-02 7.585250e-01 1.404251e-01 5.300290e-02 2.292991e-02 -2.191958e-01 3.147059e-02 1.164722e-01 4.588706e-03 2.625982e-02 8.133176e-03 2.485184e-01 2.384248e-02
2.959485e-02 8.289398e-01 9.667808e-02 1.335840e-01 2.436247e-02 -1.794968e-01 2.594615e-02 1.495901e-01 1.116924e-02 9.480447e-03 1.454816e-02 2.349582e-01 2.494576e-02
3.288317e-02 8.662345e-01 5.781356e-02 8.695689e-02 2.399467e-02 -2.539036e-01 4.770147e-02 1.394545e-01 1.458256e-02 1.946617e-02 1.264468e-02 3.161189e-01 4.956036e-02
3.676937e-02 8.790832e-01 9.517907e-02 9.573497e-02 2.472799e-02 -2.291443e-01 4.395496e-02 1.667075e-01 2.600736e-02 2.848026e-02 1.519550e-02 3.899733e-01 2.335538e-02
1.076177e-02 1.084665e+00 1.976948e-01 8.912585e-02 2.909330e-02 -3.364958e-01 7.368517e-02 7.435675e-02 1.246790e-02 2.980821e-02 8.240531e-03 2.020988e-01 2.839193e-02
1.106070e-02 8.797811e-01 7.465319e-02 1.051861e-01 2.033051e-02 -2.439127e-01 3.251596e-02 8.547938e-02 7.178600e-03 4.320792e-02 1.126206e-02 1.894378e-01 1.686079e-02
1.195752e-02 8.301107e-01 1.226341e-01 6.227269e-02 1.146948e-02 -2.526581e-01 5.578483e-02 6.837100e-02 2.872118e-03 4.156737e-02 9.233160e-03 1.908185e-01 3.005193e-02
1.345221e-02 1.072729e+00 1.290726e-01 1.266454e-01 2.659335e-02 -2.872673e-01 3.416197e-02 8.911028e-02 6.642286e-03 2.492398e-02 1.497864e-02 1.946148e-01 1.733875e-02
1.554477e-02 9.248577e-01 1.000288e-01 9.464013e-02 2.113427e-02 -2.636016e-01 5.192311e-02 8.383155e-02 8.499557e-03 3.577920e-02 2.377372e-03 2.004480e-01 2.718410e-02
1.823521e-02 8.241281e-01 1.995060e-01 9.263074e-02 4.096755e-02 -2.034484e-01 3.012307e-02 9.383814e-02 1.310054e-02 4.709480e-02 1.490524e-02 1.972616e-01 1.508019e-02
2.152353e-02 8.282673e-01 2.862321e-02 9.174944e-02 1.581284e-02 -2.395779e-01 1.715654e-02 9.518987e-02 2.173224e-03 2.903032e-02 7.579031e-03 2.070109e-01 2.157321e-02
2.540972e-02 7.759375e-01 6.050564e-02 9.227914e-02 1.959069e-02 -2.357645e-01 2.111670e-02 1.086649e-01 3.007652e-03 2.015246e-02 7.448969e-03 2.604013e-01 9.613102e-03
1.106070e-02 9.855534e-01 1.283535e-01 8.021356e-02 1.769036e-02 -3.001468e-01 5.095963e-02 7.280901e-02 4.845105e-03 4.231211e-02 8.514358e-03 2.040689e-01 1.587622e-02
1.135964e-02 8.980922e-01 9.675729e-02 1.083240e-01 3.790305e-03 -2.475853e-01 4.635222e-02 7.995263e-02 3.487612e-03 3.161119e-02 4.958345e-03 1.760609e-01 2.656806e-02
1.225646e-02 1.089516e+00 8.468329e-02 1.320203e-01 3.565535e-02 -2.761445e-01 2.613197e-02 8.031466e-02 7.972765e-03 1.593855e-02 6.523852e-03 1.655687e-01 1.537264e-02
1.375114e-02 1.068464e+00 1.048053e-01 1.001611e-01 1.367744e-02 -3.432380e-01 4.075063e-02 7.480292e-02 7.088741e-03 2.148996e-02 9.279595e-03 2.197289e-01 2.313039e-02
1.584371e-02 7.188217e-01 9.409726e-02 8.490988e-02 1.427917e-02 -1.833079e-01 3.361002e-02 8.803424e-02 3.410916e-03 3.538650e-02 8.798363e-03 1.627520e-01 1.713592e-02
1.853415e-02 9.595094e-01 1.304422e-01 1.080975e-01 1.355605e-02 -2.757775e-01 6.538484e-02 1.038941e-01 1.135020e-02 2.999928e-02 9.001016e-03 2.080309e-01 3.032559e-02
2.182247e-02 7.942021e-01 1.079022e-01 1.048544e-01 1.184181e-02 -2.146881e-01 5.203281e-02 1.020748e-01 1.098389e-02 3.334736e-02 1.153079e-02 2.175065e-01 3.097906e-02
2.570866e-02 1.015600e+00 6.566019e-02 1.395497e-01 2.567477e-02 -2.469650e-01 3.685023e-02 1.357262e-01 1.401778e-02 1.683776e-02 8.292665e-03 2.395005e-01 2.302541e-02
1.195752e-02 7.047210e-01 5.815861e-02 7.350467e-02 1.436963e-02 -1.955584e-01 2.776273e-02 7.561589e-02 8.619559e-03 4.060172e-02 1.666187e-02 1.699290e-01 3.603813e-02
1.225646e-02 8.764804e-01 1.524381e-01 1.152354e-01 1.341629e-02 -1.929511e-01 4.844711e-02 8.053269e-02 8.649571e-03 3.426579e-02 9.033633e-03 1.570665e-01 2.000900e-02
1.315327e-02 1.009395e+00 1.052135e-01 1.198852e-01 1.817249e-02 -2.988612e-01 4.927021e-02 8.205734e-02 8.137685e-03 1.570826e-02 6.720011e-03 1.930064e-01 2.171308e-02
1.464796e-02 1.030892e+00 1.842263e-01 8.409189e-02 2.307733e-02 -3.372813e-01 4.256123e-02 6.671296e-02 3.039946e-03 2.362535e-02 7.110586e-03 2.144551e-01 8.571432e-03
1.674052e-02 1.056082e+00 1.929427e-01 1.184646e-01 2.911219e-02 -2.995196e-01 6.232403e-02 8.581445e-02 9.040927e-03 2.393105e-02 8.503702e-03 2.037984e-01 1.933171e-02
1.943097e-02 9.955716e-01 6.889632e-02 8.441669e-02 2.906964e-02 -3.106663e-01 3.620306e-02 8.979485e-02 7.396042e-03 1.284407e-02 1.119943e-02 2.114309e-01 8.712702e-03
2.271928e-02 9.633428e-01 1.714479e-01 9.360671e-02 3.815584e-02 -2.943566e-01 3.605587e-02 1.028216e-01 1.457637e-02 2.953473e-02 8.096401e-03 2.423325e-01 2.030148e-02
2.660548e-02 1.047331e+00 1.876535e-01 7.812785e-02 1.290291e-02 -3.400242e-01 8.358335e-02 1.138138e-01 1.092714e-02 2.139607e-02 2.953455e-03 2.878142e-01 3.621058e-02
1.345221e-02 9.081754e-01 1.505406e-01 5.872450e-02 7.346405e-03 -2.990099e-01 5.740266e-02 8.155812e-02 3.320262e-03 4.619187e-02 6.979915e-03 2.246204e-01 2.487534e-02
1.375114e-02 1.016102e+00 2.162493e-01 1.189687e-01 1.965994e-02 -2.934562e-01 7.948379e-02 8.870010e-02 6.480251e-03 2.958653e-02 1.569646e-02 2.065321e-01 2.076196e-02
1.464796e-02 9.796292e-01 8.661228e-02 1.237071e-01 1.415420e-02 -2.416321e-01 1.369757e-02 8.017632e-02 3.800928e-03 1.989619e-02 4.286016e-03 1.720279e-01 1.169815e-02
1.614265e-02 8.892358e-01 6.920378e-02 1.161343e-01 2.379133e-02 -2.383608e-01 1.614455e-02 1.071072e-01 8.744398e-03 2.868114e-02 6.086193e-03 1.942178e-01 8.189905e-03
1.823521e-02 7.613252e-01 6.194153e-02 8.083896e-02 1.182358e-02 -2.038112e-01 2.407766e-02 9.351991e-02 1.058045e-02 4.689787e-02 9.068514e-03 1.920734e-01 1.053044e-02
2.092565e-02 7.943536e-01 8.472520e-02 9.200433e-02 1.141331e-02 -2.009422e-01 1.904200e-02 9.576530e-02 5.922592e-03 3.676615e-02 1.030983e-02 2.064644e-01 7.585987e-03
2.421397e-02 8.178676e-01 1.387419e-01 9.707314e-02 1.777501e-02 -2.586950e-01 7.273437e-02 1.044303e-01 7.492571e-03 1.305492e-02 8.082002e-03 2.403659e-01 3.524496e-02
2.810017e-02 6.958758e-01 7.968152e-02 9.289417e-02 2.239803e-02 -1.573412e-01 2.770599e-02 1.205318e-01 1.588074e-02 2.475419e-02 1.022243e-02 2.427097e-01 2.691793e-02
1.554477e-02 7.290134e-01 9.481432e-02 5.021654e-02 1.758796e-02 -2.383726e-01 3.026005e-02 6.867218e-02 6.294503e-03 3.624112e-02 4.417039e-03 2.081135e-01 1.535901e-02
1.584371e-02 1.005648e+00 5.261891e-02 1.430124e-01 5.978572e-03 -2.272856e-01 3.423200e-02 8.725536e-02 1.869799e-03 1.820861e-02 5.461122e-03 1.726065e-01 1.657299e-02
1.674052e-02 9.658014e-01 9.194487e-02 1.570404e-01 2.042363e-02 -2.440003e-01 3.390122e-02 8.783683e-02 1.028515e-02 2.562858e-03 9.731708e-03 1.797587e-01 5.174638e-03
1.823521e-02 7.133738e-01 4.853975e-02 8.867042e-02 1.339980e-02 -1.887861e-01 2.686198e-02 9.768433e-02 8.884214e-03 2.846215e-02 2.268016e-03 1.701655e-01 5.659967e-03
2.032778e-02 8.327290e-01 4.218396e-02 8.567633e-02 1.077710e-02 -2.217783e-01 3.522399e-02 9.230865e-02 1.131749e-02 3.238771e-02 9.577602e-03 2.105722e-01 1.701758e-02
2.301822e-02 8.773734e-01 1.772838e-01 1.300643e-01 2.781329e-02 -2.319500e-01 6.207143e-02 1.087494e-01 8.360787e-03 2.097725e-02 1.638449e-02 2.501283e-01 1.646309e-02
2.630654e-02 9.042373e-01 1.381345e-01 8.370711e-02 3.206983e-02 -2.476189e-01 2.311095e-02 1.155747e-01 1.341073e-02 2.195177e-02 1.107820e-02 2.650422e-01 1.360042e-02
3.019273e-02 1.084928e+00 1.621834e-01 1.715683e-01 2.946550e-02 -2.859394e-01 7.452642e-02 1.299184e-01 5.115241e-03 -7.881433e-03 1.924434e-02 3.181594e-01 3.598558e-02
1.823521e-02 9.352343e-01 5.862086e-02 9.047940e-02 1.152833e-02 -3.087095e-01 2.115790e-02 9.459779e-02 4.343273e-03 3.601144e-02 8.177438e-03 2.494048e-01 1.394836e-02
1.853415e-02 1.021523e+00 2.204035e-01 1.156618e-01 3.713154e-02 -2.869838e-01 5.708646e-02 8.821391e-02 8.039688e-03 1.092539e-02 1.107014e-02 2.137708e-01 1.819569e-02
1.943097e-02 1.118952e+00 8.965058e-02 1.150647e-01 3.304318e-02 -3.132595e-01 6.587124e-02 9.168880e-02 1.428316e-02 2.943486e-02 1.429762e-02 2.430018e-01 3.096137e-02
2.092565e-02 1.022586e+00 1.172632e-01 9.329450e-02 1.361864e-02 -3.096480e-01 5.275967e-02 9.222798e-02 4.223694e-03 2.007479e-02 1.065402e-02 2.131780e-01 2.367400e-02
2.301822e-02 8.964136e-01 7.581984e-02 9.584673e-02 1.286890e-02 -2.158349e-01 4.851050e-02 1.173168e-01 1.007510e-02 3.129473e-02 1.374197e-02 2.034976e-01 2.577552e-02
2.570866e-02 9.825458e-01 1.316111e-01 1.283037e-01 3.935371e-02 -2.099095e-01 4.685198e-02 1.313996e-01 1.068654e-02 1.877605e-02 9.770310e-03 2.088408e-01 3.126665e-02
2.899698e-02 9.605609e-01 9.140793e-02 1.066037e-01 3.849597e-02 -2.348761e-01 3.740099e-02 1.387702e-01 1.461202e-02 3.974649e-02 6.950928e-03 2.978347e-01 1.219193e-02
3.288317e-02 7.863763e-01 6.729705e-02 7.744910e-02 1.137597e-02 -1.839340e-01 1.322163e-02 1.346426e-01 1.304468e-02 7.528278e-03 1.228107e-02 2.856992e-01 1.209879e-02
2.152353e-02 8.893312e-01 9.501127e-02 1.028123e-01 1.748962e-02 -2.392112e-01 4.794638e-02 9.963889e-02 1.519871e-02 1.834820e-02 7.144128e-03 2.101447e-01 3.414675e-02
2.182247e-02 8.950537e-01 5.489579e-02 7.219171e-02 1.805664e-02 -2.447352e-01 2.921914e-02 9.357872e-02 1.253251e-02 2.371039e-02 8.190464e-03 1.989005e-01 9.094710e-03
2.271928e-02 8.920561e-01 9.069015e-02 9.581561e-02 2.740654e-02 -2.381840e-01 3.389095e-02 9.443113e-02 7.412948e-03 3.363928e-02 1.082030e-02 2.458885e-01 2.126028e-02
2.421397e-02 8.038347e-01 1.011043e-01 1.157371e-01 8.126446e-03 -2.067372e-01 6.972358e-02 1.114205e-01 7.542271e-03 1.393392e-02 6.236670e-03 2.266472e-01 4.199654e-02
2.630654e-02 1.005912e+00 1.078500e-01 1.658337e-01 1.379637e-02 -2.749803e-01 5.764866e-02 1.506408e-01 4.935488e-03 1.567950e-02 1.248286e-02 2.527880e-01 3.261224e-02
2.899698e-02 9.165449e-01 1.185023e-01 8.031482e-02 2.961331e-02 -2.499348e-01 4.157288e-02 1.306145e-01 1.450115e-02 3.028702e-02 5.959404e-03 2.958351e-01 4.052360e-02
3.228530e-02 8.371056e-01 1.011330e-01 8.349137e-02 2.604773e-02 -2.509722e-01 5.706518e-02 1.455544e-01 1.387629e-02 6.749746e-03 1.198790e-02 3.114562e-01 2.856168e-02
3.617149e-02 1.016529e+00 1.520367e-01 1.804462e-01 3.601138e-02 -2.534247e-01 8.088735e-02 2.098392e-01 1.444859e-02 5.816149e-03 1.387575e-02 3.495552e-01 6.142528e-02
2.540972e-02 9.694522e-01 2.076849e-01 1.013244e-01 3.265171e-02 -2.862580e-01 5.471555e-02 1.200960e-01 1.074195e-02 2.076803e-02 7.186649e-03 2.675991e-01 1.358531e-02
2.570866e-02 8.725392e-01 6.693513e-02 9.920409e-02 1.457614e-02 -2.455960e-01 4.720603e-02 1.082474e-01 1.171381e-02 2.122698e-02 7.389879e-03 2.464752e-01 1.401644e-02
2.660548e-02 9.871924e-01 1.306770e-01 1.192451e-01 1.501940e-02 -2.931540e-01 5.878486e-02 1.197318e-01 1.265618e-02 4.812249e-03 4.038513e-03 2.657414e-01 2.389125e-02
2.810017e-02 9.086265e-01 7.126200e-02 1.061969e-01 1.347317e-02 -2.005450e-01 2.899986e-02 1.347761e-01 4.854371e-03 2.379660e-02 7.873528e-03 2.607403e-01 2.679952e-02
3.019273e-02 1.043532e+00 1.007594e-01 1.514723e-01 1.313989e-02 -2.506262e-01 3.906862e-02 1.551645e-01 1.277399e-02 3.962024e-03 8.158732e-03 3.028727e-01 2.643374e-02
3.288317e-02 1.132636e+00 7.550213e-02 1.590896e-01 3.844208e-02 -3.229208e-01 3.314515e-02 1.664191e-01 2.391017e-02 2.421817e-03 1.535400e-02 3.191107e-01 3.603828e-02
3.617149e-02 8.890974e-01 1.206313e-01 1.071262e-01 1.919329e-02 -2.057578e-01 2.279294e-02 1.808794e-01 8.985812e-03 1.127096e-02 3.641375e-03 2.867125e-01 1.965057e-02
4.005768e-02 9.581559e-01 8.371258e-02 1.080604e-01 3.050733e-02 -2.542664e-01 4.085726e-02 2.404362e-01 2.069850e-02 -3.059974e-02 2.114991e-02 4.105738e-01 4.154488e-02
1.464796e-02 9.506566e-01 7.317118e-02 9.486643e-02 2.354547e-02 -2.520780e-01 1.879830e-02 8.446429e-02 7.528931e-03 2.981211e-02 1.175909e-02 1.898959e-01 9.033018e-03
1.494690e-02 1.340614e+00 6.820844e-02 1.345282e-01 3.570439e-02 -4.107618e-01 5.215255e-02 8.743399e-02 7.380957e-03 1.927189e-02 9.596517e-03 2.428279e-01 3.351601e-02
1.584371e-02 1.131666e+00 1.080691e-01 1.299938e-01 2.428730e-02 -3.142192e-01 3.194150e-02 8.175119e-02 8.891433e-03 1.250496e-02 8.278292e-03 2.027768e-01 2.037357e-02
1.733840e-02 1.068729e+00 1.941373e-01 1.576492e-01 2.085131e-02 -2.807830e-01 8.506221e-02 1.019066e-01 8.601968e-03 1.519257e-02 1.129552e-02 1.978084e-01 2.978303e-02
1.943097e-02 9.983703e-01 1.469950e-01 7.945487e-02 1.392978e-02 -3.082197e-01 5.900533e-02 9.382630e-02 1.032476e-02 2.994431e-02 9.266980e-03 2.474455e-01 2.690383e-02
2.212141e-02 7.989820e-01 6.182359e-02 7.765579e-02 1.476655e-02 -2.427507e-01 3.467032e-02 9.716790e-02 1.701309e-02 2.056829e-02 1.073120e-02 2.131902e-01 2.938425e-02
2.540972e-02 7.978701e-01 8.443657e-02 1.155537e-01 3.010460e-02 -1.949058e-01 2.784358e-02 1.374457e-01 1.312919e-02 4.070287e-02 1.173462e-02 2.363098e-01 2.635517e-02
2.929592e-02 7.914142e-01 7.057709e-02 1.131826e-01 2.171255e-02 -1.973402e-01 2.748691e-02 1.638183e-01 1.528094e-02 3.069337e-02 7.022165e-03 2.676602e-01 1.129591e-02
1.494690e-02 1.036185e+00 1.469715e-01 1.236788e-01 1.216143e-02 -2.836309e-01 5.409036e-02 1.052367e-01 8.212988e-03 3.076282e-02 6.867055e-03 1.990634e-01 2.790686e-02
1.524583e-02 8.274437e-01 7.135358e-02 8.607382e-02 1.362417e-02 -2.020555e-01 4.330483e-02 6.760351e-02 4.545507e-03 2.106502e-02 6.762937e-03 1.573162e-01 2.085523e-02
1.614265e-02 8.529259e-01 1.041797e-01 8.814347e-02 2.105109e-02 -2.283320e-01 3.134390e-02 9.567446e-02 9.633237e-03 4.047099e-02 9.711542e-03 2.004477e-01 1.503741e-02
1.763734e-02 7.750261e-01 1.296269e-01 8.014787e-02 1.678050e-02 -2.293071e-01 2.892423e-02 8.049450e-02 5.000607e-03 2.237042e-02 3.976786e-03 1.936066e-01 1.340148e-02
1.972990e-02 9.824898e-01 1.065324e-01 1.036914e-01 2.253526e-02 -2.632883e-01 8.137616e-03 8.747042e-02 5.479342e-03 2.345234e-02 7.880855e-03 2.077528e-01 1.702454e-02
2.242034e-02 1.060750e+00 2.592723e-01 9.672585e-02 1.436161e-02 -3.231365e-01 1.038973e-01 9.119364e-02 8.233447e-03 2.784926e-02 1.400019e-02 2.694095e-01 4.802217e-02
2.570866e-02 1.127770e+00 5.642647e-02 1.568509e-01 2.704196e-02 -3.040871e-01 3.368081e-02 1.146085e-01 3.393933e-03 7.104988e-03 1.640137e-02 2.352992e-01 2.180925e-02
2.959485e-02 9.633817e-01 8.977250e-02 8.014699e-02 7.674168e-03 -2.477615e-01 4.331669e-02 1.079861e-01 8.526716e-03 2.507694e-02 1.151575e-02 2.456684e-01 2.678952e-02
1.584371e-02 7.079079e-01 6.771006e-02 1.223225e-01 1.328890e-02 -1.584647e-01 2.095475e-02 7.741066e-02 5.828328e-03 1.429656e-02 8.725544e-03 1.547238e-01 1.937129e-02
1.614265e-02 8.628858e-01 1.470485e-01 9.071905e-02 2.404377e-02 -2.272612e-01 4.681839e-02 7.471602e-02 5.720342e-03 2.668768e-02 6.212546e-03 1.684262e-01 2.069277e-02
1.703946e-02 8.346079e-01 1.426215e-01 1.067131e-01 2.571650e-02 -2.475146e-01 5.522339e-02 8.560607e-02 7.422286e-03 3.076607e-02 6.392225e-03 2.227848e-01 2.860665e-02
1.853415e-02 1.227488e+00 1.487802e-01 1.597279e-01 3.154292e-02 -3.364027e-01 4.125427e-02 1.031811e-01 6.052126e-03 1.017603e-02 1.331707e-02 2.132134e-01 1.781922e-02
2.062672e-02 1.148643e+00 3.009277e-01 1.946815e-01 5.270241e-02 -2.983890e-01 7.933153e-02 1.200770e-01 1.325441e-02 2.363113e-03 1.802277e-02 2.136304e-01 2.160812e-02
2.331716e-02 8.294312e-01 8.369980e-02 7.868308e-02 1.653574e-02 -2.338731e-01 4.056276e-02 1.011106e-01 9.203459e-03 2.530219e-02 6.506399e-03 2.140116e-01 1.108491e-02
2.660548e-02 8.592650e-01 1.302321e-01 9.132475e-02 1.130670e-02 -2.180953e-01 4.213538e-02 1.206944e-01 6.833033e-03 4.676234e-02 1.737132e-02 2.632189e-01 2.829355e-02
3.049167e-02 8.669554e-01 8.100192e-02 1.250388e-01 4.048551e-02 -2.249635e-01 4.864109e-02 1.610200e-01 1.508989e-02 2.467732e-02 1.817170e-02 2.966252e-01 2.996601e-02
1.733840e-02 1.012634e+00 1.063714e-01 1.522286e-01 2.290457e-02 -2.609796e-01 3.892856e-02 1.032039e-01 5.933347e-03 2.231119e-02 6.741095e-03 2.001890e-01 2.249272e-02
1.763734e-02 8.970868e-01 1.750121e-01 8.732870e-02 1.156121e-02 -2.591127e-01 6.993449e-02 7.956698e-02 6.710485e-03 2.405629e-02 5.764002e-03 1.974863e-01 3.942958e-02
1.853415e-02 1.051032e+00 1.501981e-01 8.571247e-02 2.830768e-02 -3.494610e-01 6.982513e-02 8.376797e-02 7.337773e-03 1.718155e-02 1.406344e-02 2.441201e-01 3.590530e-02
2.002884e-02 8.264357e-01 1.176003e-01 7.921952e-02 3.405328e-02 -2.772351e-01 3.560957e-02 9.298373e-02 9.092980e-03 2.858096e-02 1.045165e-02 2.391203e-01 1.921834e-02
2.212141e-02 8.562137e-01 1.006570e-01 1.124866e-01 3.458096e-02 -2.339545e-01 2.429521e-02 1.094229e-01 1.280412e-02 1.526247e-02 1.421675e-02 2.134592e-01 1.392162e-02
2.481185e-02 7.691052e-01 6.090030e-02 9.424123e-02 2.338194e-02 -2.182399e-01 1.968587e-02 1.223051e-01 7.383029e-03 3.209944e-02 8.494221e-03 2.434466e-01 1.016852e-02
2.810017e-02 8.910251e-01 7.345313e-02 1.213167e-01 1.148272e-02 -2.432624e-01 4.055368e-02 1.181276e-01 9.123143e-03 1.519548e-02 1.083938e-02 2.729582e-01 2.203501e-02
3.198636e-02 9.963862e-01 5.845315e-02 1.517931e-01 2.544401e-02 -3.008147e-01 6.105331e-02 1.493768e-01 1.402101e-02 -1.917412e-02 1.823335e-02 3.223405e-01 4.253301e-02
1.943097e-02 9.070945e-01 8.113878e-02 8.396695e-02 1.209357e-02 -2.823881e-01 5.364040e-02 8.706460e-02 3.674504e-03 1.967171e-02 1.083386e-02 2.139792e-01 1.928368e-02
1.972990e-02 7.984287e-01 1.278652e-01 9.297757e-02 2.489077e-02 -1.947628e-01 4.371160e-02 9.147223e-02 6.148842e-03 3.874808e-02 8.296312e-03 2.215314e-01 1.439252e-02
2.062672e-02 8.245482e-01 1.191953e-01 6.086633e-02 1.403068e-02 -2.830943e-01 4.140292e-02 1.010197e-01 1.053787e-02 3.318714e-02 1.266234e-02 2.385502e-01 2.072632e-02
2.212141e-02 9.346884e-01 1.772634e-01 1.038498e-01 2.459473e-02 -2.663291e-01 7.409608e-02 1.055093e-01 9.119753e-03 3.526392e-02 1.330509e-02 2.637310e-01 3.835605e-02
2.421397e-02 1.186436e+00 1.117845e-01 1.171032e-01 1.711956e-02 -3.640099e-01 4.764523e-02 1.075009e-01 5.234507e-03 2.443845e-02 1.150259e-02 2.810553e-01 2.077137e-02
2.690441e-02 9.081854e-01 8.045609e-02 1.293269e-01 2.118626e-02 -2.499215e-01 3.292717e-02 1.260633e-01 1.063101e-02 2.176616e-02 3.460562e-03 2.594579e-01 2.476410e-02
3.019273e-02 9.678259e-01 2.296614e-01 8.550272e-02 3.871837e-02 -3.155113e-01 8.920610e-02 1.354258e-01 1.025709e-02 1.318358e-02 1.528505e-02 2.959786e-01 3.161725e-02
3.407892e-02 1.095000e+00 1.704857e-01 1.186874e-01 4.846099e-02 -3.030907e-01 9.966825e-02 1.737333e-01 7.552827e-03 9.355631e-03 2.186787e-02 3.618896e-01 4.743896e-02
2.212141e-02 8.658475e-01 9.602182e-02 1.068534e-01 2.030022e-02 -2.353839e-01 5.233875e-02 1.180002e-01 9.764491e-03 3.453961e-02 6.600795e-03 2.380851e-01 2.041489e-02
2.242034e-02 1.011600e+00 8.314893e-02 1.376904e-01 1.919153e-02 -2.326736e-01 2.287554e-02 1.021909e-01 8.076975e-03 1.499819e-02 7.543741e-03 2.079765e-01 1.940264e-02
2.331716e-02 8.716154e-01 1.081198e-01 1.343270e-01 2.270467e-02 -1.979486e-01 4.049062e-02 1.107990e-01 1.050217e-02 1.494714e-02 1.099885e-02 1.833916e-01 1.850501e-02
2.481185e-02 1.025559e+00 1.446530e-01 7.649587e-02 2.903165e-02 -3.042478e-01 3.148141e-02 1.184884e-01 1.293285e-02 2.713094e-02 5.571743e-03 2.488742e-01 1.568288e-02
2.690441e-02 9.150514e-01 1.320774e-01 9.524290e-02 2.248008e-02 -2.341005e-01 4.508384e-02 1.200706e-01 1.524687e-02 1.832871e-02 7.571416e-03 2.524550e-01 1.921828e-02
2.959485e-02 9.770288e-01 9.021636e-02 8.205094e-02 2.023110e-02 -3.263598e-01 4.692976e-02 1.543961e-01 9.570161e-03 1.809165e-02 1.788537e-02 3.081671e-01 4.060483e-02
3.288317e-02 9.912709e-01 9.500443e-02 1.154870e-01 1.120491e-02 -2.528891e-01 1.603828e-02 1.320952e-01 1.070581e-02 -1.607708e-03 7.461633e-03 3.497128e-01 1.924046e-02
3.676937e-02 9.399131e-01 1.250762e-01 1.075139e-01 2.334510e-02 -2.281117e-01 3.342974e-02 1.927041e-01 1.189888e-02 1.186369e-02 1.305203e-02 3.818973e-01 1.319364e-02
2.540972e-02 1.050755e+00 2.001876e-01 1.009443e-01 1.520057e-02 -3.337493e-01 1.084952e-01 1.163773e-01 1.222215e-02 1.865568e-02 7.379344e-03 2.827528e-01 5.308455e-02
2.570866e-02 8.405779e-01 9.866703e-02 9.056794e-02 2.628123e-02 -2.605575e-01 6.471003e-02 1.166362e-01 1.034137e-02 2.502466e-02 1.289269e-02 2.725909e-01 4.562026e-02
2.660548e-02 8.631649e-01 1.046753e-01 1.110197e-01 6.320294e-03 -2.321545e-01 4.760269e-02 1.277681e-01 6.820356e-03 2.463008e-02 1.733395e-02 2.609958e-01 2.551200e-02
2.810017e-02 8.660712e-01 6.760364e-02 1.155677e-01 1.702408e-02 -2.671818e-01 4.751739e-02 1.216051e-01 7.675794e-03 -9.882124e-03 3.885071e-03 2.630786e-01 2.243763e-02
3.019273e-02 9.025067e-01 9.002310e-02 1.131301e-01 1.660274e-02 -2.771539e-01 4.504665e-02 1.210427e-01 4.854618e-03 6.954768e-03 1.278640e-02 2.783301e-01 2.255354e-02
3.288317e-02 9.256162e-01 6.207436e-02 1.150095e-01 3.876630e-02 -2.090354e-01 3.460085e-02 1.781593e-01 1.978382e-02 1.719079e-02 2.056333e-02 3.208582e-01 3.810731e-02
3.617149e-02 1.092980e+00 1.539017e-01 1.665515e-01 1.850381e-02 -3.085540e-01 4.904089e-02 1.921898e-01 8.924108e-03 -2.215501e-02 1.351341e-02 3.606689e-01 2.769261e-02
4.005768e-02 1.120538e+00 1.828734e-01 1.086149e-01 2.848943e-02 -3.110965e-01 8.257647e-02 2.410950e-01 2.916621e-02 -3.093511e-02 2.400124e-02 4.048433e-01 4.571974e-02
2.929592e-02 1.013297e+00 1.221060e-01 1.251176e-01 1.632384e-02 -2.760657e-01 4.162022e-02 1.414061e-01 7.260944e-03 2.293044e-02 1.260460e-02 2.934127e-01 1.821706e-02
2.959485e-02 1.064482e+00 9.012104e-02 1.268549e-01 1.541363e-02 -2.837613e-01 3.906552e-02 1.401179e-01 8.792277e-03 1.387842e-02 1.100247e-02 2.966416e-01 4.612126e-02
3.049167e-02 8.664731e-01 5.631525e-02 7.804336e-02 2.014552e-02 -2.636377e-01 2.129863e-02 1.308683e-01 8.865476e-03 2.048837e-02 1.512693e-02 3.087836e-01 2.339805e-02
3.198636e-02 8.573915e-01 6.784885e-02 1.168937e-01 2.266767e-02 -2.984964e-01 4.242628e-02 1.610677e-01 6.016495e-03 1.172315e-02 2.346579e-02 3.565050e-01 3.918937e-02
3.407892e-02 1.072621e+00 7.528606e-02 1.412033e-01 2.461027e-02 -2.443526e-01 2.456482e-02 1.731785e-01 1.519280e-02 -5.539017e-04 1.477557e-02 3.405074e-01 1.952192e-02
3.676937e-02 8.598979e-01 6.094833e-02 1.370093e-01 1.676199e-02 -2.128943e-01 4.433487e-02 2.258195e-01 2.102300e-02 1.212193e-02 9.844753e-03 3.672291e-01 2.608301e-02
4.005768e-02 8.104643e-01 7.898090e-02 9.906820e-02 1.519522e-02 -1.816179e-01 4.369762e-02 2.385964e-01 2.690911e-02 3.589732e-03 1.101689e-02 3.820011e-01 3.129293e-02
4.394388e-02 9.396220e-01 1.302893e-02 1.747530e-01 2.854247e-02 -3.200734e-01 3.512322e-02 2.806253e-01 1.001287e-02 -1.114428e-01 2.497240e-02 5.369142e-01 5.056406e-02
