# k^2  LiLi LiLi_error  LiCl LiCl_error  LiNa LiNa_error  ClCl ClCl_error  ClNa ClNa_error  NaNa NaNa_error
0.000000e+00 3.040000e+03 0.000000e+00 3.118974e+03 0.000000e+00 6.974238e+02 0.000000e+00 3.200000e+03 0.000000e+00 7.155418e+02 0.000000e+00 1.600000e+02 0.000000e+00
3.358822e-04 1.324996e-01 1.210394e-02 7.512410e-02 9.311013e-03 -2.362079e-01 4.397454e-02 7.091012e-02 6.447950e-03 -6.777369e-03 1.920144e-02 1.012596e+00 2.594946e-01
1.343529e-03 1.408987e-01 2.565199e-02 7.659960e-02 1.526059e-02 -2.619336e-01 5.378679e-02 6.502483e-02 1.104167e-02 -4.175452e-02 2.876458e-02 1.000721e+00 1.253274e-01
3.022940e-03 1.435448e-01 2.486386e-02 7.990208e-02 1.410934e-02 -2.206697e-01 6.506435e-02 6.674790e-02 8.858373e-03 -3.947554e-02 1.798611e-02 8.019264e-01 2.654820e-01
5.374115e-03 1.475807e-01 1.596141e-02 7.603073e-02 1.029075e-02 -2.257788e-01 3.652816e-02 7.076978e-02 7.179131e-03 -1.936550e-02 2.589852e-02 9.148833e-01 1.625971e-01
8.397055e-03 1.551249e-01 2.485834e-02 7.758380e-02 1.056958e-02 -1.984583e-01 6.139358e-02 6.614176e-02 8.303870e-03 -1.613962e-02 1.492411e-02 9.089895e-01 1.564812e-01
1.209176e-02 1.646598e-01 6.976842e-03 7.508820e-02 7.729259e-03 -1.681407e-01 3.649818e-02 6.674867e-02 7.506546e-03 -1.515278e-02 2.276472e-02 8.950699e-01 3.593277e-02
1.645823e-02 2.407771e-01 2.491062e-02 1.022379e-01 2.125026e-02 -2.439291e-01 2.387750e-02 9.269200e-02 1.323296e-02 -4.854357e-02 3.002781e-02 8.243696e-01 3.001144e-02
3.358822e-04 1.178545e-01 1.010964e-02 9.233308e-02 7.612237e-03 -9.523902e-02 1.774289e-02 8.234681e-02 5.371370e-03 -3.390821e-02 1.137325e-02 2.612824e-01 5.613419e-02
6.717644e-04 1.774562e-01 1.674938e-02 8.693280e-02 1.017409e-02 -3.690159e-01 8.058786e-02 7.477303e-02 1.320105e-02 -3.807257e-02 1.560096e-02 1.437248e+00 3.330806e-01
1.679411e-03 1.064402e-01 1.382328e-02 7.581653e-02 5.482303e-03 -1.130888e-01 4.173450e-02 6.834508e-02 3.797770e-03 -2.853008e-02 1.708042e-02 3.913647e-01 1.241914e-01
3.358822e-03 1.715202e-01 1.779284e-02 8.860861e-02 1.019640e-02 -2.870332e-01 4.819567e-02 7.157561e-02 7.232183e-03 -5.293272e-02 2.839926e-02 1.010456e+00 1.222702e-01
5.709997e-03 1.707723e-01 1.999970e-02 8.156771e-02 1.171636e-02 -2.704164e-01 5.533418e-02 6.720875e-02 7.648126e-03 -4.608748e-02 1.959809e-02 1.001104e+00 2.108691e-01
8.732937e-03 1.850316e-01 3.599243e-02 9.260820e-02 1.603659e-02 -2.409581e-01 7.067392e-02 8.307221e-02 7.149227e-03 -2.530767e-02 3.031263e-02 1.002924e+00 2.008619e-01
1.242764e-02 1.784662e-01 2.221258e-02 8.212763e-02 4.339475e-03 -2.343863e-01 6.153500e-02 8.096376e-02 4.231538e-03 -1.802567e-02 1.790293e-02 1.115565e+00 1.614983e-01
1.679411e-02 2.126741e-01 2.749081e-02 1.034795e-01 1.470199e-02 -1.493062e-01 3.955271e-02 9.101646e-02 1.052849e-02 -8.409142e-03 2.434154e-02 7.383882e-01 6.002278e-02
1.343529e-03 1.925027e-01 4.214236e-02 1.013660e-01 1.237231e-02 -3.584667e-01 1.369731e-01 8.379341e-02 6.982345e-03 -5.840727e-02 3.222784e-02 1.298221e+00 4.829973e-01
1.679411e-03 2.429688e-01 8.038286e-02 1.302007e-01 4.396884e-02 -4.517387e-01 1.572973e-01 9.787787e-02 2.594219e-02 -1.288585e-01 7.658253e-02 1.402564e+00 3.484558e-01
2.687058e-03 1.948537e-01 4.522461e-02 1.060155e-01 1.993715e-02 -3.291139e-01 1.125396e-01 8.070039e-02 9.333996e-03 -9.154367e-02 5.088881e-02 1.047405e+00 2.736315e-01
4.366469e-03 1.318924e-01 1.282870e-02 7.374887e-02 8.300484e-03 -1.584827e-01 2.897347e-02 6.780220e-02 6.248944e-03 4.540267e-03 1.569706e-02 7.591421e-01 8.483727e-02
6.717644e-03 1.741184e-01 2.768901e-02 8.637999e-02 1.608892e-02 -2.788824e-01 4.872032e-02 7.188508e-02 1.028284e-02 -5.622165e-02 2.399175e-02 1.042161e+00 1.114236e-01
9.740584e-03 2.032537e-01 1.610121e-02 9.451353e-02 5.349728e-03 -2.784406e-01 3.023209e-02 8.058793e-02 6.884090e-03 -3.962038e-02 1.956531e-02 1.058486e+00 1.205926e-01
1.343529e-02 1.592721e-01 8.934716e-03 7.701668e-02 4.007124e-03 -1.883394e-01 3.485899e-02 8.019973e-02 5.906244e-03 -1.888847e-02 1.978342e-02 8.748098e-01 1.127431e-01
1.780176e-02 2.344271e-01 3.164315e-02 1.168306e-01 1.441470e-02 -2.073545e-01 6.112634e-02 1.025775e-01 1.112304e-02 -4.510707e-02 3.432645e-02 8.863596e-01 9.219232e-02
3.022940e-03 1.184560e-01 9.866630e-03 6.767368e-02 9.698081e-03 -1.629024e-01 3.008024e-02 6.800175e-02 9.948419e-03 1.243459e-02 5.658790e-03 7.413619e-01 1.310442e-01
3.358822e-03 1.472202e-01 1.612429e-02 8.454249e-02 6.872825e-03 -1.970861e-01 4.419404e-02 7.154896e-02 4.543677e-03 -3.444932e-02 1.808900e-02 6.785202e-01 1.234913e-01
4.366469e-03 1.387949e-01 1.316604e-02 7.492316e-02 8.558044e-03 -1.797826e-01 4.895742e-02 7.165421e-02 9.165028e-03 -2.777890e-03 2.811593e-02 7.303891e-01 1.163544e-01
6.045880e-03 1.774818e-01 3.174760e-02 6.547255e-02 1.127373e-02 -3.172191e-01 8.879037e-02 5.931075e-02 5.046093e-03 -3.109732e-03 3.133179e-02 1.307865e+00 2.767590e-01
8.397055e-03 1.517612e-01 8.420563e-03 7.341085e-02 7.105013e-03 -2.297690e-01 3.465268e-02 6.849207e-02 7.320138e-03 -2.655001e-02 7.729934e-03 9.804253e-01 1.748108e-01
1.141999e-02 1.793575e-01 1.865714e-02 8.354070e-02 7.219947e-03 -2.226622e-01 6.056739e-02 8.012594e-02 5.543269e-03 -3.132634e-02 1.714141e-02 9.599854e-01 2.242653e-01
1.511470e-02 2.068965e-01 2.934040e-02 8.318934e-02 1.348753e-02 -2.147224e-01 5.510557e-02 7.850104e-02 5.869048e-03 -3.616487e-02 2.643632e-02 7.920851e-01 1.197685e-01
1.948117e-02 2.423915e-01 2.168099e-02 9.051136e-02 1.408514e-02 -2.043871e-01 2.592815e-02 8.735567e-02 9.733327e-03 -1.408039e-02 1.107382e-02 8.089084e-01 1.011141e-01
5.374115e-03 1.630315e-01 1.510473e-02 9.108944e-02 4.310316e-03 -2.081048e-01 4.866439e-02 7.479538e-02 2.666112e-03 -4.166627e-02 1.501870e-02 7.130681e-01 1.353212e-01
5.709997e-03 2.474906e-01 2.745389e-02 1.177099e-01 6.426276e-03 -4.360722e-01 1.114515e-01 8.623426e-02 7.781533e-03 -1.031737e-01 1.106314e-02 1.405169e+00 4.395050e-01
6.717644e-03 1.711559e-01 8.746491e-03 9.165514e-02 6.712274e-03 -2.041306e-01 1.977217e-02 7.626892e-02 4.302299e-03 -1.611871e-02 1.813826e-02 9.149614e-01 9.654011e-02
8.397055e-03 1.902321e-01 2.650073e-02 9.957896e-02 1.148618e-02 -2.507010e-01 6.902155e-02 8.332464e-02 6.469115e-03 -6.216528e-02 1.957002e-02 8.437432e-01 1.745317e-01
1.074823e-02 1.941330e-01 2.224252e-02 8.700895e-02 1.115249e-02 -2.505350e-01 4.149465e-02 7.220881e-02 6.345430e-03 -4.302345e-02 3.375508e-02 9.882799e-01 1.132178e-01
1.377117e-02 1.859739e-01 1.924963e-02 8.426648e-02 9.710786e-03 -2.199653e-01 2.826629e-02 8.018253e-02 5.882615e-03 -1.148560e-02 1.517667e-02 9.776274e-01 7.026882e-02
1.746587e-02 2.500991e-01 3.128236e-02 1.154638e-01 1.559129e-02 -2.394694e-01 5.842537e-02 1.022866e-01 1.023328e-02 -6.717681e-02 2.670490e-02 8.201442e-01 6.866682e-02
2.183234e-02 2.713389e-01 1.576080e-02 1.010315e-01 1.109338e-02 -2.804475e-01 2.463539e-02 9.956909e-02 1.110335e-02 -4.366655e-02 2.064010e-02 1.071663e+00 5.112672e-02
8.397055e-03 2.226904e-01 2.660564e-02 1.018738e-01 1.523231e-02 -3.392218e-01 5.334262e-02 7.337061e-02 9.442487e-03 -8.376869e-02 2.185978e-02 1.129296e+00 1.229508e-01
8.732937e-03 1.672939e-01 2.167134e-02 7.857202e-02 6.634738e-03 -2.121703e-01 6.568889e-02 6.481423e-02 4.846176e-03 -3.990305e-02 1.833715e-02 7.790156e-01 1.609794e-01
9.740584e-03 2.026276e-01 1.806370e-02 9.530233e-02 6.783187e-03 -2.272533e-01 4.646428e-02 8.338632e-02 2.943003e-03 -1.905673e-02 2.124686e-02 9.273512e-01 1.473942e-01
1.141999e-02 1.841845e-01 2.452596e-02 8.789921e-02 1.227962e-02 -2.393930e-01 5.473369e-02 8.025806e-02 7.590483e-03 -3.670465e-02 2.346749e-02 9.855179e-01 1.361178e-01
1.377117e-02 1.877458e-01 1.091378e-02 7.890854e-02 4.335193e-03 -2.288526e-01 3.466403e-02 7.467942e-02 5.535553e-03 -3.554963e-02 4.837162e-03 9.249949e-01 1.571135e-01
1.679411e-02 2.196470e-01 3.573164e-03 1.053850e-01 6.518233e-03 -1.828890e-01 1.767162e-02 1.019835e-01 5.172429e-03 -1.243848e-02 1.779981e-02 7.374174e-01 3.751406e-02
2.048881e-02 2.608679e-01 2.768800e-02 1.134561e-01 8.405274e-03 -2.110062e-01 2.272828e-02 1.131206e-01 3.467773e-03 -3.450085e-02 1.591427e-02 7.929313e-01 7.982526e-02
2.485528e-02 2.690699e-01 1.898516e-02 1.044153e-01 8.088918e-03 -2.552344e-01 5.131112e-02 1.164617e-01 1.459894e-02 -3.890648e-02 2.157283e-02 9.582621e-01 1.359178e-01
1.209176e-02 1.930565e-01 2.396067e-02 7.774140e-02 1.142655e-02 -3.056567e-01 5.173892e-02 7.635082e-02 6.679059e-03 -1.927792e-02 3.486542e-02 1.222815e+00 9.579799e-02
1.242764e-02 2.077258e-01 1.185554e-02 1.085271e-01 1.018034e-02 -1.924890e-01 4.309218e-02 9.351244e-02 1.430709e-02 -3.341934e-02 2.094065e-02 8.114274e-01 1.738919e-01
1.343529e-02 2.529247e-01 4.235040e-02 1.089751e-01 1.750229e-02 -3.308663e-01 6.652870e-02 8.507128e-02 6.876768e-03 -7.504420e-02 2.584151e-02 1.112063e+00 1.500949e-01
1.511470e-02 2.673631e-01 2.698974e-02 1.183041e-01 1.156396e-02 -3.313779e-01 5.080041e-02 1.016665e-01 1.014074e-02 -5.943124e-02 3.328395e-02 1.199456e+00 1.165305e-01
1.746587e-02 2.276983e-01 2.653277e-02 1.009872e-01 1.355605e-02 -2.386916e-01 8.209892e-02 9.102675e-02 8.347736e-03 -6.970403e-02 3.610846e-02 8.635127e-01 1.524375e-01
2.048881e-02 2.299989e-01 1.786411e-02 1.031533e-01 1.795194e-02 -1.858497e-01 4.782088e-02 9.702883e-02 1.523061e-02 -3.915404e-02 1.150411e-02 9.245969e-01 9.857505e-02
2.418352e-02 2.638715e-01 1.658725e-02 1.044079e-01 8.133003e-03 -1.862101e-01 2.312841e-02 1.070422e-01 8.328951e-03 -4.903797e-02 2.096403e-02 8.013247e-01 8.041212e-02
2.854999e-02 3.024219e-01 1.192101e-02 1.159162e-01 8.290909e-03 -1.696118e-01 3.807390e-02 1.293269e-01 6.777604e-03 -3.270821e-02 2.121438e-02 8.673111e-01 1.030675e-01
1.645823e-02 2.194628e-01 1.138834e-02 1.015113e-01 8.517823e-03 -1.916649e-01 2.162860e-02 9.576597e-02 6.232727e-03 -8.338460e-03 1.387488e-02 9.240316e-01 1.053250e-01
1.679411e-02 2.515948e-01 2.004653e-02 9.655706e-02 1.440278e-02 -2.298732e-01 2.769089e-02 7.599867e-02 1.100976e-02 -3.726303e-02 1.853728e-02 8.178527e-01 1.016114e-01
1.780176e-02 2.130141e-01 1.709953e-02 8.885589e-02 1.525466e-02 -1.807189e-01 1.175682e-02 8.518796e-02 1.460693e-02 -2.016666e-02 1.176440e-02 7.227868e-01 6.179510e-02
1.948117e-02 2.371589e-01 3.097842e-02 9.040811e-02 1.645509e-02 -2.243272e-01 3.761530e-02 1.036420e-01 1.052732e-02 -1.323177e-02 2.022785e-02 8.616693e-01 1.363401e-01
2.183234e-02 2.337896e-01 2.053758e-02 9.000498e-02 1.176769e-02 -1.795760e-01 2.662636e-02 1.008227e-01 1.115386e-02 -1.396240e-02 1.410746e-02 8.963294e-01 6.439015e-02
2.485528e-02 2.950492e-01 1.912966e-02 1.152382e-01 1.179247e-02 -1.905527e-01 1.114433e-02 1.258332e-01 1.115364e-02 -4.301039e-02 1.463331e-02 8.306555e-01 1.345131e-01
2.854999e-02 3.366080e-01 3.018036e-02 1.160627e-01 9.179173e-03 -2.303718e-01 3.167363e-02 1.268160e-01 1.341556e-02 -3.728009e-02 1.107967e-02 1.054717e+00 5.711771e-02
3.291646e-02 3.186492e-01 1.960773e-02 9.610235e-02 8.551437e-03 -1.515946e-01 2.853777e-02 1.412995e-01 1.202303e-02 -1.209050e-02 1.465111e-02 9.160539e-01 5.378307e-02
3.358822e-04 1.362731e-01 3.284079e-02 9.382379e-02 1.994123e-02 -1.628261e-01 5.335968e-02 7.544566e-02 1.162159e-02 -6.653366e-02 3.539952e-02 4.081638e-01 7.998245e-02
6.717644e-04 1.319136e-01 3.936620e-02 7.271859e-02 1.346741e-02 -2.390779e-01 1.130802e-01 6.280651e-02 6.221532e-03 -3.531770e-02 4.667944e-02 8.799017e-01 2.880292e-01
1.679411e-03 1.540056e-01 1.528379e-02 8.827070e-02 1.027151e-02 -2.472363e-01 8.534228e-02 8.057958e-02 8.630412e-03 -1.802387e-02 1.182639e-02 1.003848e+00 3.639219e-01
3.358822e-03 1.244307e-01 1.132021e-02 6.148819e-02 9.545865e-03 -2.382621e-01 4.314713e-02 5.940434e-02 6.629972e-03 -3.467882e-03 1.485553e-02 1.121598e+00 2.757682e-01
5.709997e-03 1.530249e-01 4.294510e-03 8.577641e-02 4.411275e-03 -1.806061e-01 2.789268e-02 7.949093e-02 4.765432e-03 4.585514e-03 2.025836e-02 8.645300e-01 1.461944e-01
8.732937e-03 2.067216e-01 2.830066e-02 1.094896e-01 1.436276e-02 -2.740935e-01 7.046198e-02 9.176916e-02 8.314073e-03 -5.946007e-02 3.813452e-02 9.036892e-01 1.576242e-01
1.242764e-02 1.742295e-01 1.445380e-02 8.755414e-02 6.105683e-03 -1.901846e-01 3.149658e-02 8.171453e-02 8.198038e-03 -2.792236e-02 2.018675e-02 8.529281e-01 1.075043e-01
1.679411e-02 2.275015e-01 1.282125e-02 1.087600e-01 7.704933e-03 -1.815900e-01 4.581581e-02 9.748641e-02 5.448394e-03 -2.157760e-02 2.072211e-02 9.494761e-01 1.415114e-01
6.717644e-04 1.323128e-01 1.692286e-02 7.023968e-02 1.025303e-02 -2.522701e-01 4.418542e-02 6.733401e-02 2.511689e-03 -4.395120e-03 3.681458e-02 1.071683e+00 2.198659e-01
1.007647e-03 1.241923e-01 1.563604e-02 8.074469e-02 1.114563e-02 -1.605493e-01 2.312640e-02 7.597772e-02 6.670791e-03 -6.956107e-03 2.043327e-02 6.687931e-01 1.120969e-01
2.015293e-03 1.721542e-01 2.580989e-02 9.220257e-02 9.576852e-03 -2.931228e-01 7.313872e-02 7.859618e-02 5.538359e-03 -3.740666e-02 1.854084e-02 1.104988e+00 2.311371e-01
3.694704e-03 1.359124e-01 1.267269e-02 6.980519e-02 7.073012e-03 -2.445067e-01 4.018156e-02 6.130815e-02 5.769901e-03 -4.003497e-02 6.435832e-03 9.116581e-01 1.501979e-01
6.045880e-03 1.456363e-01 2.276763e-02 8.239360e-02 8.067191e-03 -1.571297e-01 6.201864e-02 7.512359e-02 6.383045e-03 -1.890220e-02 1.719878e-02 6.131694e-01 1.730855e-01
9.068820e-03 1.728408e-01 1.042440e-02 8.720672e-02 5.193821e-03 -2.216497e-01 4.106159e-02 7.200170e-02 4.838372e-03 -5.028203e-02 1.886821e-02 7.731003e-01 1.462606e-01
1.276352e-02 2.061657e-01 2.622386e-02 9.273887e-02 1.449511e-02 -2.574679e-01 5.189115e-02 8.544281e-02 1.204452e-02 -4.925487e-02 2.225628e-02 9.649193e-01 8.304060e-02
1.712999e-02 2.125509e-01 1.328262e-02 9.800823e-02 1.101027e-02 -2.072366e-01 1.840383e-02 8.886931e-02 1.192617e-02 -2.822195e-02 1.393079e-02 8.419580e-01 9.954078e-02
1.679411e-03 1.273334e-01 1.207228e-02 8.190106e-02 8.093909e-03 -1.642683e-01 1.525292e-02 7.111306e-02 4.923689e-03 -3.628480e-02 1.518312e-02 5.677017e-01 6.512417e-02
2.015293e-03 1.461572e-01 2.775206e-02 8.961604e-02 1.512906e-02 -1.900012e-01 5.521286e-02 7.486583e-02 1.325020e-02 -4.109038e-02 8.453667e-03 6.358451e-01 2.129113e-01
3.022940e-03 1.528021e-01 2.451894e-02 9.254682e-02 9.029098e-03 -1.897370e-01 5.939175e-02 8.866218e-02 6.208344e-03 1.131635e-02 3.524317e-02 9.222521e-01 1.836746e-01
4.702351e-03 1.500852e-01 1.745324e-02 7.785667e-02 5.000093e-03 -2.124923e-01 4.434457e-02 6.619046e-02 3.598520e-03 -3.448926e-02 9.766109e-03 7.985049e-01 1.214242e-01
7.053526e-03 1.870178e-01 2.298113e-02 1.131655e-01 1.371660e-02 -1.822039e-01 3.004326e-02 9.380812e-02 8.960532e-03 -5.113490e-02 1.756908e-02 5.804721e-01 4.844167e-02
1.007647e-02 1.958112e-01 1.754853e-02 1.044634e-01 8.790143e-03 -2.538856e-01 3.494734e-02 8.902195e-02 9.048075e-03 -6.122708e-02 9.437256e-03 8.997153e-01 9.182173e-02
1.377117e-02 2.548201e-01 2.755259e-02 1.103251e-01 1.090690e-02 -3.862268e-01 4.109788e-02 8.707985e-02 8.596592e-03 -1.071281e-01 7.727123e-03 1.241075e+00 1.727292e-01
1.813764e-02 2.456035e-01 2.853677e-02 9.405566e-02 1.269666e-02 -2.590392e-01 3.558787e-02 8.907692e-02 6.939166e-03 -2.427317e-02 1.724981e-02 1.032691e+00 8.282489e-02
3.358822e-03 1.371957e-01 6.497940e-03 7.669482e-02 2.918983e-03 -1.863136e-01 3.363461e-02 6.620630e-02 4.051383e-03 -2.180011e-02 1.953450e-02 7.220451e-01 9.890196e-02
3.694704e-03 2.048079e-01 2.339565e-02 1.083222e-01 8.596493e-03 -3.153810e-01 7.118819e-02 8.445569e-02 5.836024e-03 -7.104546e-02 3.117621e-02 1.007863e+00 2.363525e-01
4.702351e-03 1.347643e-01 2.250718e-02 7.199310e-02 7.823597e-03 -1.923466e-01 6.597402e-02 6.202113e-02 5.197428e-03 -2.301281e-02 1.890141e-02 8.021200e-01 2.310844e-01
6.381762e-03 1.784004e-01 2.693570e-02 8.299272e-02 1.143220e-02 -2.870812e-01 6.832182e-02 7.607525e-02 7.443059e-03 -1.238338e-02 2.671417e-02 1.131968e+00 1.970547e-01
8.732937e-03 1.697175e-01 1.544071e-02 9.195341e-02 1.550367e-02 -1.728117e-01 2.371261e-02 8.378880e-02 1.124588e-02 -1.810782e-02 1.227608e-02 7.278422e-01 7.504539e-02
1.175588e-02 2.320871e-01 1.244079e-02 1.026945e-01 5.866538e-03 -3.385208e-01 4.948202e-02 8.594106e-02 1.822511e-03 -7.788792e-02 2.305206e-02 1.036404e+00 1.938730e-01
1.545058e-02 2.401441e-01 1.827619e-02 9.440836e-02 8.503063e-03 -3.040667e-01 6.073263e-02 8.375505e-02 9.192042e-03 -7.394107e-02 2.346356e-02 9.776187e-01 1.724893e-01
1.981705e-02 2.330937e-01 1.417799e-02 9.653637e-02 1.151568e-02 -2.382600e-01 4.180849e-02 9.056825e-02 8.841679e-03 -5.910914e-02 1.588272e-02 9.857569e-01 1.792105e-01
5.709997e-03 1.589242e-01 2.273506e-02 8.896056e-02 8.582102e-03 -1.875957e-01 5.919457e-02 7.807766e-02 5.177896e-03 -2.046635e-02 3.323623e-02 7.915084e-01 1.074451e-01
6.045880e-03 1.911851e-01 7.257371e-03 9.433571e-02 8.813047e-03 -2.923682e-01 4.053817e-02 8.063964e-02 8.623759e-03 -3.153478e-02 1.600621e-02 1.143818e+00 1.560416e-01
7.053526e-03 1.879548e-01 2.858365e-02 8.545820e-02 1.579290e-02 -2.957087e-01 6.273160e-02 6.726183e-02 1.036640e-02 -6.294426e-02 1.779530e-02 9.882290e-01 2.182579e-01
8.732937e-03 2.066854e-01 1.120205e-02 1.011430e-01 8.448779e-03 -2.611494e-01 2.939258e-02 8.390671e-02 6.730421e-03 -4.555488e-02 1.279847e-02 8.745031e-01 8.051129e-02
1.108411e-02 2.058457e-01 1.174033e-02 9.990662e-02 1.263272e-02 -2.047840e-01 3.659277e-02 8.567077e-02 8.452518e-03 -2.520552e-02 2.061095e-02 7.761184e-01 1.378602e-01
1.410705e-02 2.143915e-01 3.024942e-02 1.052606e-01 1.335493e-02 -2.081585e-01 5.457739e-02 9.710489e-02 1.039561e-02 -1.317291e-02 1.854811e-02 9.272824e-01 1.429050e-01
1.780176e-02 2.024423e-01 2.349490e-02 9.162072e-02 1.552831e-02 -2.244884e-01 3.118398e-02 9.205098e-02 8.541855e-03 -4.085598e-02 2.521934e-02 9.817316e-01 9.410919e-02
2.216823e-02 2.797306e-01 3.668692e-02 1.198101e-01 2.134152e-02 -1.850387e-01 3.196156e-02 1.196171e-01 1.408958e-02 -2.863080e-02 1.926816e-02 7.326180e-01 9.714875e-02
8.732937e-03 1.516639e-01 1.432588e-02 8.090346e-02 8.418951e-03 -1.414258e-01 2.585009e-02 7.358531e-02 6.035145e-03 -1.553118e-02 1.524299e-02 5.630096e-01 5.609366e-02
9.068820e-03 1.650475e-01 1.790605e-02 9.094805e-02 1.117334e-02 -1.397651e-01 1.084758e-02 8.000858e-02 8.400704e-03 -1.450235e-02 1.013042e-02 5.689205e-01 5.696753e-02
1.007647e-02 2.426247e-01 2.996930e-02 1.177465e-01 1.612963e-02 -3.129211e-01 9.307748e-02 9.580338e-02 1.180077e-02 -6.177365e-02 4.059140e-02 1.093100e+00 2.596341e-01
1.175588e-02 1.732960e-01 1.478185e-02 8.310173e-02 1.124238e-02 -1.951607e-01 3.152150e-02 7.849529e-02 6.733777e-03 -1.685207e-02 1.607800e-02 8.853727e-01 1.172000e-01
1.410705e-02 2.337652e-01 3.376469e-02 1.078986e-01 2.051658e-02 -2.265764e-01 5.046142e-02 9.290378e-02 1.253017e-02 -4.095415e-02 2.963099e-02 8.346902e-01 1.260406e-01
1.712999e-02 2.169501e-01 2.517900e-02 7.928762e-02 8.253487e-03 -2.347521e-01 5.517580e-02 8.601627e-02 3.517501e-03 -5.500919e-03 1.642399e-02 1.010623e+00 1.785940e-01
2.082470e-02 2.880638e-01 3.721769e-02 1.145372e-01 1.357772e-02 -2.939728e-01 4.652908e-02 1.073141e-01 8.645326e-03 -4.545458e-02 3.976822e-02 1.124957e+00 1.122749e-01
2.519117e-02 2.860495e-01 1.692631e-02 1.213336e-01 7.977888e-03 -2.207804e-01 4.069236e-02 1.079429e-01 9.488819e-03 -5.375788e-02 2.023221e-02 8.419561e-01 1.145338e-01
1.242764e-02 2.214789e-01 3.096378e-02 9.888624e-02 1.146526e-02 -3.505724e-01 9.338545e-02 8.355081e-02 8.838000e-03 -8.890857e-02 2.824674e-02 1.312076e+00 2.882275e-01
1.276352e-02 2.092426e-01 1.038333e-02 9.272066e-02 7.556177e-03 -1.984021e-01 1.855909e-02 7.434272e-02 4.390139e-03 -2.639267e-02 1.910001e-02 8.253704e-01 1.158134e-01
1.377117e-02 2.278794e-01 1.960081e-02 1.032864e-01 9.782283e-03 -2.745456e-01 4.146544e-02 9.429433e-02 5.159825e-03 -3.891931e-02 1.630672e-02 1.064960e+00 9.593784e-02
1.545058e-02 2.535808e-01 2.032494e-02 1.087311e-01 5.938188e-03 -2.751190e-01 3.680816e-02 8.791105e-02 7.288035e-03 -5.197842e-02 1.382566e-02 1.049641e+00 1.579549e-01
1.780176e-02 2.045399e-01 2.093723e-02 7.854264e-02 6.434151e-03 -2.385882e-01 4.091746e-02 7.767417e-02 7.870839e-03 -6.318411e-02 1.262871e-02 8.465480e-01 4.340950e-02
2.082470e-02 2.332952e-01 1.696679e-02 9.809278e-02 7.481030e-03 -1.857565e-01 4.086591e-02 9.414984e-02 6.933381e-03 -3.692317e-02 1.911352e-02 7.547930e-01 1.261930e-01
2.451940e-02 3.005283e-01 3.835701e-02 1.068122e-01 1.611004e-02 -2.957268e-01 2.229091e-02 1.072677e-01 9.015257e-03 -5.373131e-02 1.565837e-02 1.133994e+00 6.104729e-02
2.888587e-02 3.297309e-01 3.426932e-02 1.204423e-01 1.882131e-02 -2.008298e-01 6.180051e-02 1.351235e-01 1.784941e-02 -4.687548e-02 3.003995e-02 9.728435e-01 1.583428e-01
1.679411e-02 2.341130e-01 1.334027e-02 9.569812e-02 4.669924e-03 -2.734457e-01 1.588414e-02 8.700033e-02 4.379071e-03 -5.302146e-02 1.795392e-02 9.900818e-01 5.921790e-02
1.712999e-02 2.795534e-01 1.910572e-02 1.151596e-01 1.430176e-02 -2.296592e-01 4.427307e-02 9.375082e-02 9.014160e-03 -3.526308e-02 3.196342e-02 8.778138e-01 8.845649e-02
1.813764e-02 2.470234e-01 3.363335e-02 1.000753e-01 1.859251e-02 -2.482891e-01 2.273143e-02 9.179362e-02 7.359731e-03 -5.152244e-02 2.622753e-02 8.790207e-01 6.728685e-02
1.981705e-02 2.472985e-01 2.498035e-02 1.005270e-01 1.435948e-02 -2.423177e-01 4.776907e-02 9.533882e-02 9.569556e-03 -5.929680e-02 2.134313e-02 9.741341e-01 1.124911e-01
2.216823e-02 2.520449e-01 2.549294e-02 1.087958e-01 7.122432e-03 -1.765458e-01 4.890915e-02 1.077874e-01 1.923675e-03 -3.905571e-02 3.488908e-02 8.775227e-01 6.437850e-02
2.519117e-02 2.688622e-01 1.228122e-02 1.129355e-01 1.342785e-02 -2.187783e-01 3.682659e-02 1.197200e-01 1.273639e-02 -4.073772e-02 1.869956e-02 9.709758e-01 1.398596e-01
2.888587e-02 3.279612e-01 3.066449e-02 1.257506e-01 1.757478e-02 -1.473184e-01 3.206032e-02 1.443816e-01 1.361413e-02 -5.251281e-02 3.220000e-02 8.657829e-01 6.788305e-02
3.325234e-02 3.197343e-01 3.854076e-02 9.986338e-02 1.486137e-02 -1.887295e-01 1.649344e-02 1.620202e-01 1.184273e-02 -7.606334e-02 1.877555e-02 9.952230e-01 1.130188e-01
1.343529e-03 1.418066e-01 2.276696e-02 8.352289e-02 1.188832e-02 -2.401082e-01 5.529490e-02 7.303309e-02 6.877389e-03 -4.026251e-02 3.407871e-02 9.137766e-01 2.271616e-01
1.679411e-03 1.604442e-01 1.464889e-02 9.255465e-02 4.024715e-03 -2.578523e-01 4.482196e-02 7.648941e-02 1.922772e-03 -5.672742e-02 1.785683e-02 8.704058e-01 1.299418e-01
2.687058e-03 1.114725e-01 5.860241e-03 7.124242e-02 2.444632e-03 -1.321309e-01 2.574005e-02 6.622930e-02 2.726730e-03 -7.305991e-03 2.066900e-02 5.532030e-01 7.707691e-02
4.366469e-03 1.434821e-01 2.435604e-02 8.091883e-02 7.122966e-03 -1.968511e-01 8.659101e-02 7.571987e-02 5.959840e-03 -6.674428e-03 3.782447e-02 8.903009e-01 2.155068e-01
6.717644e-03 1.742423e-01 2.213445e-02 9.159095e-02 9.508734e-03 -2.493307e-01 4.991512e-02 8.133648e-02 1.055611e-02 -3.692626e-02 1.794683e-02 9.129719e-01 1.325996e-01
9.740584e-03 1.707503e-01 9.818400e-03 6.832281e-02 6.684694e-03 -2.891301e-01 8.756186e-03 6.716607e-02 4.443914e-03 -1.885775e-02 1.128856e-02 1.181248e+00 8.647426e-02
1.343529e-02 2.164604e-01 1.558702e-02 1.021382e-01 9.875500e-03 -1.915671e-01 1.145655e-02 8.806822e-02 8.357915e-03 -3.208928e-02 2.094361e-02 6.643841e-01 6.224480e-02
1.780176e-02 2.116711e-01 2.802315e-02 9.586193e-02 1.615828e-02 -1.663793e-01 4.611013e-02 9.383956e-02 1.132748e-02 -1.259771e-02 1.398204e-02 8.619553e-01 1.671865e-01
1.679411e-03 1.823858e-01 3.958265e-02 9.689634e-02 2.418483e-02 -3.385371e-01 9.823743e-02 8.296616e-02 1.662278e-02 -4.506088e-02 2.918025e-02 1.310428e+00 3.771434e-01
2.015293e-03 1.737043e-01 4.042201e-02 9.868955e-02 1.324237e-02 -2.884071e-01 1.270394e-01 8.429909e-02 7.446308e-03 -5.373966e-02 3.694036e-02 1.027136e+00 4.028208e-01
3.022940e-03 2.289616e-01 5.441009e-02 1.071016e-01 2.048812e-02 -4.764415e-01 1.587273e-01 8.207178e-02 1.173923e-02 -9.774021e-02 4.084096e-02 1.660818e+00 5.276475e-01
4.702351e-03 1.856297e-01 3.178350e-02 9.514132e-02 1.137966e-02 -3.039325e-01 8.773245e-02 7.893391e-02 2.862428e-03 -5.415682e-02 4.551894e-02 1.060447e+00 1.796834e-01
7.053526e-03 1.752382e-01 1.469330e-02 9.421368e-02 5.936354e-03 -2.257312e-01 4.797884e-02 7.881678e-02 4.408827e-03 -4.938838e-02 1.731821e-02 7.681837e-01 1.383191e-01
1.007647e-02 1.854753e-01 2.957677e-02 8.974591e-02 1.362137e-02 -2.073302e-01 3.381287e-02 8.139573e-02 4.545334e-03 -2.746031e-02 1.696556e-02 7.894035e-01 1.357018e-01
1.377117e-02 2.061166e-01 1.102336e-02 8.918240e-02 8.847210e-03 -2.434262e-01 3.533695e-02 8.680597e-02 9.872225e-03 -5.510100e-03 2.279198e-02 1.170427e+00 1.847145e-01
1.813764e-02 2.211785e-01 1.509080e-02 1.011597e-01 8.451847e-03 -2.039950e-01 2.892313e-02 9.465132e-02 7.681340e-03 -2.466361e-02 2.658147e-02 9.257148e-01 1.178355e-01
2.687058e-03 1.574429e-01 1.625293e-02 8.220785e-02 8.319839e-03 -2.671553e-01 6.237395e-02 6.411018e-02 5.056353e-03 -5.660006e-02 1.913477e-02 9.204714e-01 2.247897e-01
3.022940e-03 1.294629e-01 1.761186e-02 6.614575e-02 5.042655e-03 -2.194750e-01 6.295377e-02 5.679545e-02 2.576976e-03 -2.756892e-02 1.961414e-02 8.447379e-01 1.890211e-01
4.030586e-03 1.525375e-01 2.435787e-02 8.568405e-02 1.006512e-02 -2.372593e-01 7.932630e-02 8.345001e-02 7.062622e-03 1.730211e-03 3.180106e-02 1.128215e+00 2.934901e-01
5.709997e-03 1.701626e-01 2.214189e-02 9.615614e-02 8.643400e-03 -1.982234e-01 4.282200e-02 8.310356e-02 5.093682e-03 -3.296958e-02 2.304016e-02 6.948833e-01 8.202489e-02
8.061173e-03 1.755426e-01 2.256100e-02 7.948409e-02 9.146218e-03 -2.610738e-01 5.974867e-02 7.533013e-02 7.892376e-03 -9.159311e-03 2.269393e-02 1.092471e+00 1.450268e-01
1.108411e-02 1.860576e-01 2.597508e-02 8.703966e-02 1.134424e-02 -2.090479e-01 5.845173e-02 7.948295e-02 1.038671e-02 -8.623093e-03 1.732661e-02 9.158499e-01 1.285057e-01
1.477882e-02 2.415449e-01 3.156136e-02 1.085906e-01 1.717901e-02 -2.590320e-01 6.476321e-02 9.569114e-02 1.009132e-02 -3.964992e-02 3.276704e-02 9.199078e-01 1.170056e-01
1.914529e-02 2.086358e-01 7.486058e-03 8.731746e-02 4.891017e-03 -1.770825e-01 3.048685e-02 9.180437e-02 1.104746e-02 -8.930974e-03 8.700966e-03 8.474012e-01 9.836552e-02
4.366469e-03 2.063545e-01 5.892724e-02 1.145345e-01 2.234470e-02 -3.025840e-01 1.372381e-01 9.436767e-02 8.095099e-03 -5.931329e-02 5.498775e-02 1.132460e+00 3.590820e-01
4.702351e-03 1.472922e-01 9.483974e-03 7.689124e-02 9.368647e-03 -2.023995e-01 5.102839e-02 6.645418e-02 6.522698e-03 -1.461259e-02 1.579982e-02 8.438087e-01 2.797813e-01
5.709997e-03 1.607767e-01 1.166601e-02 8.139393e-02 7.259794e-03 -2.217260e-01 2.280138e-02 6.550832e-02 5.083464e-03 -4.249847e-02 9.891714e-03 7.568655e-01 7.836478e-02
7.389409e-03 1.943603e-01 1.663921e-02 9.552982e-02 6.215751e-03 -2.526737e-01 4.896709e-02 7.306338e-02 3.675315e-03 -5.985112e-02 2.115734e-02 7.802961e-01 1.154185e-01
9.740584e-03 1.727486e-01 1.521522e-02 8.468555e-02 8.007848e-03 -2.216255e-01 3.457220e-02 7.959800e-02 4.264052e-03 8.198017e-04 1.605458e-02 1.084966e+00 1.573394e-01
1.276352e-02 2.100116e-01 2.304316e-02 9.920444e-02 9.483711e-03 -2.216405e-01 5.971710e-02 8.920941e-02 8.336173e-03 -3.852809e-02 2.503171e-02 7.871559e-01 1.217046e-01
1.645823e-02 2.081588e-01 1.529565e-02 1.015544e-01 8.568504e-03 -1.525167e-01 2.773661e-02 9.594900e-02 8.381499e-03 -2.205504e-04 2.111736e-02 7.229299e-01 2.872949e-02
2.082470e-02 2.880727e-01 4.186760e-02 1.200924e-01 1.564983e-02 -3.025854e-01 5.786280e-02 1.091173e-01 8.142162e-03 -8.201571e-02 2.022932e-02 1.043755e+00 1.159074e-01
6.717644e-03 1.773200e-01 1.484927e-02 9.583267e-02 1.163553e-02 -1.780143e-01 4.238921e-02 8.084276e-02 1.019243e-02 -2.687139e-02 2.317683e-02 6.517970e-01 9.133150e-02
7.053526e-03 1.838667e-01 2.163249e-02 9.371663e-02 1.054398e-02 -2.622686e-01 4.752358e-02 7.542382e-02 7.905766e-03 -5.733143e-02 2.085941e-02 9.482583e-01 9.948204e-02
8.061173e-03 1.775641e-01 5.933556e-03 8.902305e-02 7.322415e-03 -2.452850e-01 8.593130e-03 7.343105e-02 5.228027e-03 -5.615050e-02 1.524056e-02 8.133399e-01 6.825444e-02
9.740584e-03 2.079085e-01 3.045881e-02 9.737219e-02 1.329814e-02 -2.615764e-01 5.399027e-02 8.359603e-02 5.789305e-03 -3.349721e-02 2.663472e-02 9.410327e-01 9.080150e-02
1.209176e-02 2.389216e-01 3.026615e-02 1.077868e-01 1.887055e-02 -2.836268e-01 2.187451e-02 9.013832e-02 9.882938e-03 -5.804099e-02 2.096653e-02 9.868826e-01 1.033463e-01
1.511470e-02 2.208071e-01 2.559572e-02 1.154807e-01 1.406546e-02 -2.031489e-01 5.248922e-02 1.069226e-01 1.098299e-02 -6.651554e-02 2.824958e-02 7.126732e-01 9.674823e-02
1.880940e-02 2.238526e-01 3.439884e-02 1.013901e-01 1.494321e-02 -2.008541e-01 4.506490e-02 9.900436e-02 8.763520e-03 -2.213823e-02 3.040635e-02 8.845432e-01 9.279053e-02
2.317587e-02 2.772320e-01 1.869037e-02 1.157449e-01 9.570159e-03 -2.091834e-01 3.801091e-02 1.065054e-01 8.400721e-03 -3.722619e-02 2.333274e-02 8.961829e-01 9.545337e-02
9.740584e-03 2.490232e-01 3.365129e-02 1.191494e-01 1.475206e-02 -3.409313e-01 6.230781e-02 9.551638e-02 5.074876e-03 -6.617111e-02 2.626081e-02 1.166704e+00 1.526207e-01
1.007647e-02 1.836739e-01 2.326178e-02 9.025436e-02 1.469622e-02 -2.134352e-01 4.864458e-02 7.785195e-02 1.251718e-02 -6.292505e-02 2.171943e-02 7.365971e-01 1.392268e-01
1.108411e-02 1.986634e-01 3.794779e-02 8.654703e-02 1.339556e-02 -2.774105e-01 8.054658e-02 7.595916e-02 5.257366e-03 -5.954598e-02 2.147421e-02 9.861922e-01 2.110478e-01
1.276352e-02 1.771941e-01 1.898604e-02 8.513149e-02 8.539296e-03 -1.824608e-01 3.774341e-02 7.724887e-02 8.093534e-03 -3.848542e-02 2.014020e-02 7.973370e-01 1.042672e-01
1.511470e-02 2.862690e-01 2.035487e-02 1.272128e-01 1.689361e-02 -3.515340e-01 3.271619e-02 9.899739e-02 1.202357e-02 -1.088140e-01 2.706546e-02 1.133473e+00 1.032997e-01
1.813764e-02 2.316710e-01 1.659872e-02 1.106256e-01 7.287398e-03 -1.858724e-01 3.096717e-02 1.123199e-01 6.861234e-03 -3.976549e-02 1.585733e-02 7.591905e-01 1.437936e-01
2.183234e-02 2.482945e-01 1.828480e-02 1.057225e-01 9.494394e-03 -2.209058e-01 3.194813e-02 1.088701e-01 7.768947e-03 -4.481500e-02 2.215257e-02 8.796562e-01 1.427917e-01
2.619881e-02 2.716977e-01 3.101104e-02 1.048421e-01 1.396111e-02 -2.370836e-01 3.873898e-02 1.178591e-01 1.257100e-02 -6.193727e-02 1.078732e-02 1.037576e+00 1.337588e-01
1.343529e-02 1.957801e-01 2.166141e-02 9.732704e-02 1.027993e-02 -1.748209e-01 3.970272e-02 9.415622e-02 8.478089e-03 -5.978829e-03 1.138540e-02 7.487804e-01 1.224980e-01
1.377117e-02 2.122631e-01 1.757589e-02 9.858371e-02 7.799376e-03 -2.411347e-01 3.910422e-02 8.321073e-02 3.301303e-03 -6.288509e-02 1.850410e-02 9.525253e-01 1.521602e-01
1.477882e-02 1.975409e-01 1.662066e-02 9.363304e-02 9.145390e-03 -1.794391e-01 1.963848e-02 8.556241e-02 6.510235e-03 -1.716004e-02 1.843821e-02 8.681689e-01 7.963360e-02
1.645823e-02 2.230995e-01 1.885998e-02 9.939509e-02 1.682045e-02 -2.298442e-01 3.210509e-02 8.988259e-02 1.411997e-02 -4.912980e-02 2.462521e-02 7.794525e-01 7.362542e-02
1.880940e-02 2.928895e-01 2.831714e-02 1.240332e-01 1.641796e-02 -2.593231e-01 4.876630e-02 1.003630e-01 1.125088e-02 -7.705605e-02 3.270873e-02 8.847204e-01 4.096775e-02
2.183234e-02 2.945332e-01 3.182885e-02 1.130871e-01 2.095472e-02 -2.101627e-01 6.571714e-02 1.095300e-01 1.264555e-02 -1.139789e-02 1.059058e-02 8.641312e-01 1.086511e-01
2.552705e-02 3.036235e-01 2.529549e-02 1.178303e-01 8.571766e-03 -2.168632e-01 3.059649e-02 1.177107e-01 8.864824e-03 -4.746091e-02 1.531752e-02 9.344006e-01 1.115441e-01
2.989352e-02 3.509913e-01 4.184173e-02 1.261850e-01 2.387880e-02 -2.420999e-01 3.794418e-02 1.423884e-01 1.152735e-02 -6.581867e-02 3.608081e-02 9.208489e-01 8.849358e-02
1.780176e-02 2.194822e-01 2.267458e-02 9.898934e-02 1.027154e-02 -1.773577e-01 4.618747e-02 9.284509e-02 1.176778e-02 -3.951408e-02 1.432592e-02 7.520904e-01 1.616204e-01
1.813764e-02 2.464264e-01 1.991711e-02 9.849218e-02 6.562704e-03 -2.312311e-01 3.629957e-02 9.334897e-02 6.425116e-03 -1.657492e-02 2.133591e-02 9.434029e-01 1.288576e-01
1.914529e-02 2.338077e-01 2.418476e-02 1.019341e-01 1.653504e-02 -2.379436e-01 3.658079e-02 1.053251e-01 1.342247e-02 -4.054996e-02 1.952039e-02 9.872280e-01 9.179414e-02
2.082470e-02 2.345638e-01 9.411522e-03 8.606659e-02 3.356604e-03 -2.355279e-01 3.677600e-02 9.352240e-02 6.960817e-03 -3.812897e-02 2.290033e-02 9.966442e-01 1.337908e-01
2.317587e-02 2.285282e-01 2.682107e-02 9.396419e-02 1.241163e-02 -1.880467e-01 4.208239e-02 1.091902e-01 5.866629e-03 -5.859923e-02 2.448050e-02 8.420750e-01 1.263513e-01
2.619881e-02 2.711416e-01 2.521191e-02 1.009202e-01 6.546402e-03 -2.305925e-01 2.165396e-02 1.286310e-01 2.697984e-03 -4.505745e-02 1.111198e-02 1.008063e+00 1.794206e-02
2.989352e-02 2.618952e-01 3.127723e-02 8.717420e-02 1.223277e-02 -1.590717e-01 3.902320e-02 1.434279e-01 1.263806e-02 -1.012364e-02 2.708746e-02 8.582186e-01 4.042461e-02
3.425998e-02 3.842834e-01 2.280225e-02 1.429613e-01 6.274771e-03 -1.603947e-01 4.029751e-02 1.556874e-01 8.555053e-03 -6.912738e-02 1.932333e-02 1.029706e+00 1.701360e-01
3.022940e-03 1.837393e-01 1.879770e-02 9.587015e-02 7.155970e-03 -3.183423e-01 7.064078e-02 8.260764e-02 3.231348e-03 -3.991028e-02 1.760962e-02 1.210585e+00 2.698878e-01
3.358822e-03 1.685633e-01 3.506286e-02 8.629814e-02 1.320594e-02 -2.751733e-01 8.937888e-02 7.210816e-02 8.593290e-03 -4.047451e-02 3.054601e-02 1.017855e+00 2.492614e-01
4.366469e-03 1.496656e-01 2.327156e-02 8.103095e-02 9.307471e-03 -2.267128e-01 6.292338e-02 7.144270e-02 6.287323e-03 -3.445083e-02 1.598856e-02 8.400179e-01 2.237539e-01
6.045880e-03 1.517498e-01 1.200354e-02 9.041295e-02 8.560516e-03 -1.763825e-01 1.740697e-02 8.220338e-02 8.068591e-03 -3.064251e-02 1.114214e-02 6.928584e-01 8.909147e-02
8.397055e-03 1.646829e-01 9.713371e-03 9.181301e-02 5.843541e-03 -1.695452e-01 3.570693e-02 8.453422e-02 6.439830e-03 -3.086208e-02 1.210048e-02 6.086785e-01 6.876230e-02
1.141999e-02 1.850751e-01 1.923649e-02 9.205165e-02 1.692650e-02 -2.261151e-01 4.060311e-02 8.503218e-02 1.129857e-02 -4.050386e-02 2.677345e-02 8.460148e-01 1.199730e-01
1.511470e-02 1.772129e-01 1.045594e-02 8.051886e-02 6.881520e-03 -1.618289e-01 2.764483e-02 7.630648e-02 4.233236e-03 -1.487749e-02 1.260705e-02 7.557858e-01 1.080964e-01
1.948117e-02 2.270231e-01 1.767931e-02 1.010638e-01 1.224344e-02 -2.611413e-01 3.241074e-02 9.336792e-02 1.016103e-02 -5.648414e-02 1.399750e-02 9.730962e-01 8.195586e-02
3.358822e-03 1.986016e-01 3.213694e-02 9.610056e-02 1.605145e-02 -3.535974e-01 8.214799e-02 7.905108e-02 9.245082e-03 -5.318872e-02 4.384858e-02 1.244954e+00 1.663241e-01
3.694704e-03 1.631580e-01 1.123477e-02 8.165081e-02 6.549401e-03 -2.792772e-01 2.320826e-02 6.681604e-02 5.099797e-03 -5.574993e-02 1.230814e-02 9.308759e-01 5.834929e-02
4.702351e-03 1.650352e-01 1.800853e-02 8.932287e-02 8.482458e-03 -2.217809e-01 7.278959e-02 7.407087e-02 8.293239e-03 -3.385898e-02 2.925254e-02 8.491967e-01 2.015260e-01
6.381762e-03 1.599720e-01 1.000864e-02 7.992104e-02 1.325412e-02 -2.159974e-01 4.511789e-02 7.307163e-02 1.138532e-02 -1.030701e-02 1.451113e-02 8.970960e-01 1.911204e-01
8.732937e-03 2.413203e-01 3.172544e-02 1.080549e-01 1.040335e-02 -4.011855e-01 8.644513e-02 8.715851e-02 3.922261e-03 -8.963755e-02 2.075328e-02 1.301052e+00 2.790198e-01
1.175588e-02 1.672471e-01 1.344162e-02 7.797288e-02 8.562643e-03 -2.063944e-01 3.633226e-02 7.173501e-02 6.154022e-03 -2.057334e-02 1.691187e-02 8.968005e-01 6.371838e-02
1.545058e-02 2.788440e-01 2.759322e-02 1.215251e-01 1.833973e-02 -2.885797e-01 3.339457e-02 9.514048e-02 1.443711e-02 -6.524215e-02 1.679830e-02 9.154284e-01 1.326575e-01
1.981705e-02 2.571901e-01 2.732165e-02 9.617716e-02 1.943669e-02 -2.273358e-01 4.261602e-02 8.445813e-02 8.559543e-03 -4.511136e-02 3.749459e-02 1.016536e+00 1.844595e-01
4.366469e-03 1.641942e-01 5.440963e-03 9.373669e-02 3.354343e-03 -2.340485e-01 3.152133e-02 8.118376e-02 3.995729e-03 -2.837275e-02 2.348261e-02 9.930478e-01 8.619320e-02
4.702351e-03 1.613243e-01 1.797717e-02 9.269687e-02 1.386386e-02 -1.886768e-01 2.724287e-02 8.082292e-02 1.117339e-02 -3.153038e-02 7.966026e-03 6.663212e-01 9.802586e-02
5.709997e-03 1.611000e-01 1.405301e-02 8.629258e-02 9.195850e-03 -2.337691e-01 2.884110e-02 7.098785e-02 5.889753e-03 -5.763489e-02 1.717999e-02 7.484190e-01 1.148967e-01
7.389409e-03 1.951733e-01 2.592253e-02 8.871217e-02 1.340211e-02 -3.186206e-01 6.642805e-02 7.728424e-02 7.854237e-03 -3.577613e-02 2.974940e-02 1.222827e+00 2.449241e-01
9.740584e-03 2.334234e-01 3.836725e-02 1.029998e-01 1.474155e-02 -3.923008e-01 9.763514e-02 8.521105e-02 9.081081e-03 -9.665692e-02 4.915750e-02 1.260336e+00 2.217296e-01
1.276352e-02 2.416594e-01 2.286417e-02 1.188525e-01 1.008506e-02 -2.798145e-01 5.237433e-02 9.748439e-02 1.101374e-02 -6.839370e-02 2.378571e-02 1.029124e+00 1.373962e-01
1.645823e-02 2.096847e-01 1.161626e-02 9.126044e-02 8.080789e-03 -2.399180e-01 2.639960e-02 8.583903e-02 7.325455e-03 -6.435421e-02 1.763119e-02 9.482953e-01 1.213164e-01
2.082470e-02 2.701262e-01 2.934130e-02 1.216869e-01 1.490066e-02 -2.113092e-01 5.333293e-02 1.183345e-01 1.046003e-02 -2.069275e-02 1.831342e-02 9.847242e-01 1.552787e-01
6.045880e-03 1.866696e-01 1.656363e-02 9.506254e-02 1.026818e-02 -2.693121e-01 3.881044e-02 7.809653e-02 1.189247e-02 -5.268376e-02 8.500418e-03 9.076989e-01 1.498687e-01
6.381762e-03 1.666068e-01 2.628615e-02 7.929826e-02 9.806824e-03 -2.723106e-01 6.340021e-02 6.921816e-02 5.721214e-03 -2.929850e-02 2.608325e-02 1.087364e+00 1.550810e-01
7.389409e-03 1.852371e-01 1.438271e-02 9.014217e-02 3.426412e-03 -2.485349e-01 5.207165e-02 7.607968e-02 3.211248e-03 -3.045920e-02 1.534179e-02 9.884594e-01 1.377599e-01
9.068820e-03 1.960512e-01 2.390986e-02 9.694894e-02 1.622498e-02 -2.710466e-01 6.240448e-02 8.590880e-02 1.164656e-02 -3.244772e-02 2.570556e-02 1.001485e+00 2.057476e-01
1.141999e-02 1.932162e-01 1.676810e-02 9.173338e-02 8.751283e-03 -2.165602e-01 4.283423e-02 8.031768e-02 5.833994e-03 -3.048074e-02 1.260191e-02 8.789519e-01 1.810041e-01
1.444293e-02 2.070256e-01 2.255668e-02 8.464070e-02 1.058735e-02 -2.798631e-01 7.931758e-02 7.348198e-02 6.084210e-03 -3.538182e-02 2.569518e-02 1.108516e+00 2.824330e-01
1.813764e-02 2.499463e-01 1.601748e-02 1.058290e-01 1.030482e-02 -2.246549e-01 3.218272e-02 9.844871e-02 5.976735e-03 -3.529588e-02 2.269361e-02 9.062586e-01 1.045490e-01
2.250411e-02 3.089625e-01 2.410863e-02 1.221558e-01 9.775185e-03 -3.094330e-01 3.793304e-02 1.140540e-01 7.829110e-03 -6.839920e-02 1.102646e-02 1.105662e+00 1.121872e-01
8.397055e-03 2.082500e-01 2.242341e-02 9.160512e-02 1.287567e-02 -3.197828e-01 3.654788e-02 7.427065e-02 8.677986e-03 -5.777886e-02 1.310050e-02 1.097626e+00 1.182976e-01
8.732937e-03 1.863453e-01 3.219835e-02 8.265835e-02 1.026628e-02 -2.579149e-01 8.864613e-02 7.441464e-02 7.220803e-03 -1.584391e-02 2.096543e-02 1.051325e+00 3.025968e-01
9.740584e-03 2.376878e-01 2.293760e-02 1.036114e-01 4.803461e-03 -3.592867e-01 8.373421e-02 7.888975e-02 5.191564e-03 -8.340153e-02 2.642113e-02 1.114274e+00 2.190230e-01
1.141999e-02 1.827408e-01 1.488025e-02 8.650082e-02 9.171637e-03 -1.943696e-01 3.584857e-02 7.466631e-02 5.991854e-03 -4.897814e-02 2.174616e-02 7.157625e-01 7.157766e-02
1.377117e-02 2.462129e-01 3.436320e-02 1.040722e-01 1.337095e-02 -2.988950e-01 4.722751e-02 8.308475e-02 6.433837e-03 -6.436155e-02 1.592894e-02 1.027468e+00 1.828139e-01
1.679411e-02 2.879952e-01 3.129036e-02 1.263834e-01 1.545873e-02 -2.960579e-01 4.470091e-02 1.018239e-01 7.083859e-03 -6.467797e-02 1.530100e-02 1.023891e+00 1.297341e-01
2.048881e-02 2.388671e-01 9.571022e-03 1.048917e-01 3.278350e-03 -1.737156e-01 3.390738e-02 1.039629e-01 6.951067e-03 -4.285608e-02 1.718329e-02 7.399743e-01 5.886274e-02
2.485528e-02 2.618900e-01 1.472378e-02 9.747523e-02 8.428111e-03 -1.889683e-01 1.745917e-02 1.070843e-01 7.656016e-03 -1.625182e-02 2.947942e-02 8.653356e-01 5.658217e-02
1.141999e-02 2.003418e-01 1.091478e-02 9.174132e-02 9.059872e-03 -2.486722e-01 2.317528e-02 7.769398e-02 7.445981e-03 -4.240894e-02 1.662090e-02 9.316006e-01 1.174150e-01
1.175588e-02 1.967337e-01 2.603943e-02 8.387815e-02 1.622151e-02 -2.921428e-01 5.152401e-02 7.332759e-02 9.573000e-03 -6.815843e-02 3.494655e-02 9.940321e-01 1.189954e-01
1.276352e-02 2.104220e-01 3.301710e-02 1.049167e-01 1.646267e-02 -2.304049e-01 7.644652e-02 9.834033e-02 8.051014e-03 -4.635205e-02 3.640316e-02 8.328634e-01 1.474443e-01
1.444293e-02 2.454611e-01 2.287929e-02 1.016280e-01 1.206031e-02 -2.746382e-01 4.185345e-02 9.024368e-02 8.588402e-03 -5.187455e-02 2.767190e-02 8.641462e-01 4.416822e-02
1.679411e-02 2.525758e-01 2.211058e-02 9.908268e-02 1.471833e-02 -2.498844e-01 5.315033e-02 8.711129e-02 8.405194e-03 -1.961167e-02 2.699072e-02 1.101319e+00 2.002158e-01
1.981705e-02 2.604986e-01 2.951523e-02 1.078441e-01 1.319355e-02 -2.368707e-01 5.368401e-02 1.014192e-01 8.521401e-03 -5.010337e-02 2.304771e-02 1.074410e+00 7.607871e-02
2.351175e-02 2.772459e-01 2.531246e-02 1.210300e-01 1.358296e-02 -2.403484e-01 4.591494e-02 1.278908e-01 1.768866e-02 -5.258396e-02 3.074221e-02 1.062570e+00 1.490310e-01
2.787822e-02 3.117764e-01 2.705680e-02 1.157576e-01 1.222653e-02 -1.881286e-01 3.265714e-02 1.424267e-01 7.870537e-03 -8.538708e-03 2.252751e-02 9.636601e-01 1.039647e-01
1.511470e-02 2.521502e-01 3.706685e-02 1.268075e-01 2.503304e-02 -2.486122e-01 5.088407e-02 1.125519e-01 1.525522e-02 -6.625801e-02 4.896461e-02 1.035104e+00 1.032726e-01
1.545058e-02 2.130521e-01 1.389124e-02 8.690914e-02 9.420758e-03 -2.546893e-01 2.899027e-02 7.692276e-02 5.210114e-03 -3.530467e-02 1.569150e-02 1.072948e+00 1.007930e-01
1.645823e-02 2.103119e-01 2.829212e-02 8.513417e-02 1.317213e-02 -2.682614e-01 4.093976e-02 7.587711e-02 9.988975e-03 -5.784692e-02 2.696571e-02 1.026352e+00 1.333735e-01
1.813764e-02 2.398666e-01 1.445313e-02 9.746334e-02 4.857953e-03 -2.099136e-01 4.345712e-02 9.912537e-02 4.316013e-03 -1.694600e-02 1.978175e-02 9.384308e-01 1.139139e-01
2.048881e-02 2.506832e-01 2.245422e-02 1.070599e-01 1.698785e-02 -1.891752e-01 3.477383e-02 1.089656e-01 1.294392e-02 -2.781247e-02 1.626954e-02 8.453700e-01 1.059554e-01
2.351175e-02 2.987696e-01 4.355266e-02 1.037595e-01 1.677336e-02 -2.908419e-01 6.092187e-02 1.002315e-01 2.519193e-03 -6.308612e-02 2.711003e-02 1.153599e+00 1.753156e-01
2.720646e-02 3.129646e-01 3.298443e-02 1.146558e-01 1.372953e-02 -1.428407e-01 2.655435e-02 1.125100e-01 1.236375e-02 -1.657699e-02 1.886315e-02 8.234530e-01 1.550962e-01
3.157293e-02 3.542092e-01 2.888138e-02 1.316433e-01 1.044235e-02 -2.195942e-01 4.809920e-02 1.388792e-01 1.105135e-02 -4.912919e-02 2.983198e-02 1.035430e+00 5.162887e-02
1.948117e-02 2.696379e-01 1.859193e-02 1.171415e-01 1.569160e-02 -2.626392e-01 1.557543e-02 9.970860e-02 1.090080e-02 -8.194044e-02 1.616312e-02 9.012566e-01 9.027131e-02
1.981705e-02 2.173182e-01 8.360372e-03 8.668327e-02 4.517431e-03 -1.515066e-01 2.614636e-02 9.691854e-02 4.970441e-03 1.403869e-02 1.565941e-02 8.862688e-01 8.771715e-02
2.082470e-02 3.039182e-01 1.784749e-02 1.231505e-01 1.026140e-02 -2.644747e-01 7.911492e-02 1.131390e-01 5.496897e-03 -3.155972e-02 1.340099e-02 9.234119e-01 1.921264e-01
2.250411e-02 2.998622e-01 3.090000e-02 1.013666e-01 9.253056e-03 -2.957806e-01 3.423804e-02 1.013442e-01 1.222918e-02 -5.699926e-02 2.193709e-02 1.113611e+00 1.497721e-01
2.485528e-02 3.147230e-01 1.651268e-02 1.140709e-01 1.163380e-02 -2.746349e-01 2.660880e-02 1.055406e-01 9.486541e-03 -6.745085e-02 1.035021e-02 1.017045e+00 1.244728e-01
2.787822e-02 3.037584e-01 2.489844e-02 9.781801e-02 1.667587e-02 -1.095576e-01 4.521022e-02 1.030664e-01 1.184426e-02 -8.569206e-03 1.312805e-02 7.857989e-01 7.319897e-02
3.157293e-02 3.229919e-01 2.365811e-02 1.150950e-01 1.143438e-02 -2.177253e-01 2.334984e-02 1.314785e-01 1.152927e-02 -7.008963e-02 2.646212e-02 1.021161e+00 1.130974e-01
3.593940e-02 3.517175e-01 3.566348e-02 1.512443e-01 2.098404e-02 -2.166437e-01 2.228568e-02 2.017657e-01 2.138499e-02 -8.038277e-02 1.903556e-02 1.030271e+00 1.342431e-01
5.374115e-03 1.831865e-01 2.036306e-02 1.104863e-01 9.367458e-03 -2.113851e-01 6.123966e-02 9.174542e-02 5.671103e-03 -5.782067e-02 3.171092e-02 7.055679e-01 1.142024e-01
5.709997e-03 1.431576e-01 1.996972e-02 7.500295e-02 1.314166e-02 -1.787254e-01 3.465863e-02 6.658648e-02 9.846133e-03 -2.884509e-02 1.885080e-02 6.583495e-01 9.869488e-02
6.717644e-03 1.744304e-01 1.528590e-02 1.017185e-01 4.331643e-03 -1.879247e-01 4.218373e-02 8.760323e-02 4.058170e-03 -3.027458e-02 2.171280e-02 7.467295e-01 7.273743e-02
8.397055e-03 1.755109e-01 2.640494e-02 8.495184e-02 8.239403e-03 -2.477131e-01 5.719595e-02 7.683203e-02 4.333585e-03 -3.764672e-02 1.693736e-02 9.254974e-01 1.551917e-01
1.074823e-02 1.922188e-01 9.760453e-03 9.127117e-02 1.109693e-02 -2.840621e-01 2.475396e-02 8.274831e-02 7.884638e-03 -3.758389e-02 2.214730e-02 1.223775e+00 1.503712e-01
1.377117e-02 2.039082e-01 2.735412e-02 9.355161e-02 1.260655e-02 -1.914295e-01 5.334544e-02 8.053777e-02 3.537884e-03 -3.818339e-02 1.666145e-02 6.988671e-01 1.575594e-01
1.746587e-02 2.368500e-01 1.694596e-02 9.827936e-02 1.158220e-02 -2.625529e-01 3.433244e-02 9.622267e-02 4.521341e-03 -2.477336e-02 1.223770e-02 1.053316e+00 1.735457e-01
2.183234e-02 3.098790e-01 3.668093e-02 1.174720e-01 1.731505e-02 -2.661393e-01 6.592518e-02 1.085908e-01 1.126602e-02 -7.106073e-02 3.494123e-02 9.398966e-01 1.041347e-01
5.709997e-03 1.928418e-01 1.016970e-02 9.618980e-02 8.446120e-03 -3.012495e-01 7.208795e-03 7.885856e-02 5.198461e-03 -3.960729e-02 1.529159e-02 1.139512e+00 8.995666e-02
6.045880e-03 1.594427e-01 2.730933e-02 8.289672e-02 1.572445e-02 -2.470671e-01 5.958552e-02 7.054149e-02 8.660634e-03 -4.147267e-02 2.498666e-02 9.888447e-01 2.253248e-01
7.053526e-03 1.830965e-01 1.848942e-02 9.279747e-02 9.619105e-03 -2.735999e-01 4.804621e-02 7.395801e-02 5.002958e-03 -6.607388e-02 2.141068e-02 9.023507e-01 1.505536e-01
8.732937e-03 1.657104e-01 6.427028e-03 8.527054e-02 4.327210e-03 -2.126131e-01 2.028594e-02 7.577681e-02 4.426261e-03 -2.634946e-02 1.016625e-02 8.392717e-01 1.241443e-01
1.108411e-02 1.934696e-01 2.077317e-02 8.797534e-02 1.388704e-02 -2.834553e-01 2.124076e-02 7.595349e-02 8.038627e-03 -4.961590e-02 1.611656e-02 1.050800e+00 4.814368e-02
1.410705e-02 2.308356e-01 2.049680e-02 1.039387e-01 4.877024e-03 -2.149529e-01 2.811582e-02 8.527186e-02 1.536943e-03 -3.624892e-02 1.462057e-02 8.350527e-01 1.115829e-01
1.780176e-02 2.407397e-01 3.277404e-02 1.009895e-01 1.881024e-02 -2.747762e-01 4.078356e-02 9.439480e-02 1.445236e-02 -6.514686e-02 2.194323e-02 1.023678e+00 1.779248e-01
2.216823e-02 2.531136e-01 3.097333e-02 9.907404e-02 9.613152e-03 -2.102635e-01 4.485480e-02 1.008311e-01 7.325248e-03 -4.790840e-02 3.131805e-02 9.712552e-01 1.723370e-01
6.717644e-03 1.611326e-01 1.006428e-02 8.398526e-02 8.937934e-03 -2.015182e-01 2.333652e-02 7.270540e-02 6.882377e-03 -3.079445e-02 1.070271e-02 7.032675e-01 9.055865e-02
7.053526e-03 1.484462e-01 1.883520e-02 9.080860e-02 7.403860e-03 -1.564545e-01 2.644307e-02 8.240921e-02 4.248159e-03 -2.463980e-02 2.287372e-02 6.609174e-01 9.261938e-02
8.061173e-03 1.856720e-01 4.116418e-02 9.807788e-02 1.795631e-02 -2.215651e-01 7.026358e-02 8.289006e-02 6.349530e-03 -3.376677e-02 3.568858e-02 8.561112e-01 1.058839e-01
9.740584e-03 2.206156e-01 1.109059e-02 1.176308e-01 7.287677e-03 -2.431196e-01 5.174262e-02 9.935189e-02 9.643407e-03 -4.432139e-02 1.767826e-02 9.405183e-01 1.421055e-01
1.209176e-02 1.916289e-01 1.949145e-02 8.881479e-02 3.750769e-03 -2.384132e-01 5.374954e-02 8.338927e-02 3.019191e-03 -4.301733e-02 1.301357e-02 9.080155e-01 1.822445e-01
1.511470e-02 2.626090e-01 4.650910e-02 1.173967e-01 2.784913e-02 -3.035760e-01 7.249357e-02 9.503709e-02 1.152225e-02 -8.009081e-02 5.157690e-02 9.493252e-01 9.001755e-02
1.880940e-02 2.752686e-01 2.098087e-02 1.123064e-01 1.217666e-02 -2.218395e-01 1.792946e-02 1.009980e-01 9.139790e-03 -4.050706e-02 1.561523e-02 8.383834e-01 7.904926e-02
2.317587e-02 2.665172e-01 3.077003e-02 1.044432e-01 2.040043e-02 -2.415130e-01 3.229440e-02 1.129937e-01 1.593195e-02 -2.628497e-02 1.215826e-02 9.601674e-01 1.350623e-01
8.397055e-03 1.646460e-01 1.133295e-02 8.552732e-02 1.066583e-02 -2.092042e-01 2.898560e-02 7.802160e-02 8.317522e-03 -1.013273e-02 7.462005e-03 1.034675e+00 1.334113e-01
8.732937e-03 2.196283e-01 1.760413e-02 1.059849e-01 6.463652e-03 -3.370311e-01 6.303337e-02 8.893758e-02 5.683409e-03 -5.775032e-02 2.368608e-02 1.217608e+00 1.917319e-01
9.740584e-03 1.706099e-01 2.492782e-02 8.546199e-02 9.231091e-03 -1.796794e-01 7.039122e-02 7.313179e-02 4.638695e-03 -2.672473e-02 2.801078e-02 7.463960e-01 1.506582e-01
1.141999e-02 2.362686e-01 4.038494e-02 1.128976e-01 2.155752e-02 -3.070177e-01 5.429032e-02 8.843765e-02 1.103710e-02 -8.154884e-02 2.707091e-02 1.042978e+00 1.221863e-01
1.377117e-02 2.141937e-01 2.420447e-02 9.621296e-02 1.187877e-02 -2.572045e-01 2.440085e-02 8.588769e-02 9.962213e-03 -4.001314e-02 1.337637e-02 1.082476e+00 1.004006e-01
1.679411e-02 2.438921e-01 3.407788e-02 9.742504e-02 1.620350e-02 -2.286860e-01 4.412480e-02 8.379608e-02 6.618934e-03 -4.622396e-02 2.449743e-02 9.040864e-01 7.951992e-02
2.048881e-02 2.499964e-01 1.626059e-02 1.114966e-01 1.313632e-02 -1.771635e-01 3.267559e-02 1.088686e-01 9.291121e-03 -3.328696e-02 1.788648e-02 8.225133e-01 1.312235e-01
2.485528e-02 3.207554e-01 1.163765e-02 1.234467e-01 1.315219e-02 -2.493989e-01 2.876341e-02 1.243991e-01 1.122309e-02 -5.896869e-02 2.986496e-02 1.048710e+00 1.072711e-01
1.074823e-02 1.522246e-01 2.712490e-02 6.777061e-02 9.053686e-03 -1.577299e-01 5.171250e-02 6.404319e-02 7.223038e-03 -1.420452e-02 1.478213e-02 6.679221e-01 1.237240e-01
1.108411e-02 2.030722e-01 2.489135e-02 9.065607e-02 1.271288e-02 -2.590178e-01 3.624713e-02 8.022580e-02 8.368802e-03 -1.665819e-02 1.525467e-02 1.111071e+00 1.484015e-01
1.209176e-02 2.069890e-01 1.135737e-02 9.198227e-02 7.794268e-03 -3.176550e-01 1.915127e-02 8.560650e-02 4.049073e-03 -5.250478e-02 1.869351e-02 1.261213e+00 1.146988e-01
1.377117e-02 2.527521e-01 1.815249e-02 1.172207e-01 6.419346e-03 -3.024725e-01 4.359754e-02 9.689779e-02 9.528431e-03 -6.158139e-02 1.743704e-02 1.073262e+00 1.338483e-01
1.612235e-02 2.077727e-01 2.551909e-02 7.135365e-02 8.038063e-03 -2.378611e-01 4.104872e-02 6.733302e-02 4.740694e-03 -2.304767e-02 1.661755e-02 1.009183e+00 1.563220e-01
1.914529e-02 2.087220e-01 2.086735e-02 8.396652e-02 1.278083e-02 -2.008921e-01 1.583779e-02 8.946467e-02 1.182443e-02 -2.574917e-02 1.518928e-02 8.999661e-01 5.928502e-02
2.283999e-02 2.447628e-01 1.932947e-02 1.022574e-01 1.708628e-02 -1.834598e-01 4.155505e-02 9.774403e-02 8.762240e-03 -3.170295e-02 1.853884e-02 1.004594e+00 1.119353e-01
2.720646e-02 3.146891e-01 3.610240e-02 1.217683e-01 1.612382e-02 -2.152767e-01 2.870009e-02 1.253403e-01 6.372833e-03 -5.445781e-02 2.844632e-02 8.486819e-01 4.685620e-02
1.377117e-02 2.188760e-01 2.103064e-02 1.075573e-01 1.244849e-02 -2.709617e-01 4.057559e-02 9.828085e-02 1.101683e-02 -6.415698e-02 1.540073e-02 9.565262e-01 1.065715e-01
1.410705e-02 2.343001e-01 1.383126e-02 1.171027e-01 1.345257e-02 -2.714130e-01 1.315338e-02 1.009270e-01 1.047143e-02 -8.048609e-02 2.094405e-02 9.404440e-01 4.031965e-02
1.511470e-02 2.255759e-01 1.540067e-02 9.170764e-02 1.444183e-02 -3.284661e-01 5.416245e-02 8.413856e-02 1.392914e-02 -2.099093e-02 1.644610e-02 1.477547e+00 3.478717e-01
1.679411e-02 2.080944e-01 1.090735e-02 9.605107e-02 9.311552e-03 -2.054290e-01 1.955207e-02 9.394013e-02 6.446050e-03 -4.557064e-02 1.193668e-02 7.399992e-01 4.507354e-02
1.914529e-02 2.638483e-01 2.377798e-02 1.055440e-01 1.033248e-02 -2.306624e-01 5.787774e-02 8.816586e-02 9.362976e-03 -3.005911e-02 2.925533e-02 9.991576e-01 1.315422e-01
2.216823e-02 2.685057e-01 1.680473e-02 1.089340e-01 6.862286e-03 -2.254060e-01 3.273212e-02 1.098725e-01 5.577523e-03 -3.594585e-02 1.100039e-02 9.882489e-01 1.300365e-01
2.586293e-02 3.375256e-01 1.887291e-02 1.134392e-01 1.276355e-02 -2.634589e-01 7.157700e-02 1.090430e-01 1.433245e-02 -1.607121e-02 1.715001e-02 8.916522e-01 1.559812e-01
3.022940e-02 2.542281e-01 2.542504e-02 9.839829e-02 1.337499e-02 -1.535856e-01 5.772705e-02 1.309277e-01 7.147669e-03 -3.419958e-02 1.549449e-02 9.491549e-01 1.271698e-01
1.746587e-02 2.456161e-01 2.067212e-02 1.087546e-01 1.516645e-02 -2.438951e-01 2.632205e-02 1.003912e-01 1.229547e-02 -5.283709e-02 3.053284e-02 1.014700e+00 5.839324e-02
1.780176e-02 2.731701e-01 1.520864e-02 1.082672e-01 3.366184e-03 -3.084806e-01 3.600393e-02 9.177696e-02 2.520159e-03 -7.369805e-02 2.648412e-02 1.012087e+00 1.205117e-01
1.880940e-02 2.831503e-01 2.389631e-02 1.110517e-01 1.054252e-02 -2.813309e-01 5.380646e-02 1.021519e-01 7.134399e-03 -2.400425e-02 1.450264e-02 1.145229e+00 1.634540e-01
2.048881e-02 2.096043e-01 1.160325e-02 7.999344e-02 7.332087e-03 -1.380790e-01 3.193590e-02 8.714938e-02 9.966722e-03 6.639633e-03 1.722101e-02 8.272438e-01 3.743762e-02
2.283999e-02 2.563809e-01 2.972520e-02 7.472158e-02 1.026898e-02 -2.850973e-01 4.033044e-02 8.769192e-02 3.629740e-03 -4.568081e-02 1.714511e-02 1.065801e+00 1.574067e-01
2.586293e-02 3.121228e-01 3.368498e-02 1.119145e-01 1.771078e-02 -2.542764e-01 3.360947e-02 1.155704e-01 1.435062e-02 -6.324600e-02 3.214851e-02 9.350211e-01 1.274025e-01
2.955763e-02 3.167932e-01 3.971840e-02 1.202568e-01 1.493683e-02 -1.855181e-01 2.631423e-02 1.317883e-01 1.160072e-02 -4.357461e-02 1.615550e-02 9.947101e-01 9.761298e-02
3.392410e-02 3.318092e-01 2.900665e-02 9.345197e-02 1.526632e-02 -1.428439e-01 3.425058e-02 1.360456e-01 1.134342e-02 -4.616619e-02 2.099855e-02 7.327760e-01 7.522702e-02
2.183234e-02 2.071511e-01 1.922840e-02 8.004327e-02 9.053388e-03 -1.624385e-01 1.498807e-02 1.039653e-01 9.420155e-03 -4.131154e-03 1.388762e-02 9.791461e-01 1.566439e-01
2.216823e-02 2.524306e-01 2.967445e-02 1.079115e-01 2.488883e-02 -1.910955e-01 1.722137e-02 1.114748e-01 1.621623e-02 -4.314095e-02 1.903623e-02 8.599166e-01 9.898535e-02
2.317587e-02 2.787700e-01 1.120710e-02 1.077885e-01 9.748566e-03 -2.547791e-01 3.010405e-02 1.069979e-01 6.712929e-03 -6.144414e-02 1.138704e-02 1.006292e+00 1.288465e-01
2.485528e-02 3.039533e-01 3.049021e-02 1.122601e-01 2.267832e-02 -2.296227e-01 5.497074e-02 1.101967e-01 1.989735e-02 -5.254317e-02 2.665207e-02 8.434283e-01 9.387115e-02
2.720646e-02 3.379814e-01 2.935206e-02 1.074991e-01 6.744964e-03 -2.569210e-01 3.565904e-02 1.077256e-01 7.863551e-03 -3.873700e-02 2.362636e-02 1.143041e+00 5.518589e-02
3.022940e-02 3.026370e-01 2.838267e-02 1.042271e-01 2.215166e-02 -2.214884e-01 2.945722e-02 1.226301e-01 1.802699e-02 -5.206699e-02 2.332846e-02 9.395429e-01 8.210046e-02
3.392410e-02 3.037607e-01 1.582397e-02 9.834008e-02 1.239739e-02 -1.496509e-01 4.287838e-02 1.511582e-01 1.003086e-02 -1.978670e-02 2.637425e-02 9.523293e-01 4.564473e-02
3.829057e-02 3.054755e-01 2.469318e-02 9.552849e-02 1.702582e-02 -6.134716e-02 5.856436e-02 1.872826e-01 1.302170e-02 -8.982222e-03 1.767514e-02 1.012437e+00 3.657711e-02
8.397055e-03 2.048582e-01 2.053539e-02 1.050330e-01 1.546384e-02 -2.808626e-01 4.149393e-02 8.756949e-02 1.022816e-02 -5.467470e-02 1.884187e-02 1.002106e+00 1.950979e-01
8.732937e-03 1.462795e-01 1.466305e-02 7.707761e-02 1.057320e-02 -1.834553e-01 2.748383e-02 8.109589e-02 8.171709e-03 6.819934e-03 1.949781e-02 8.531711e-01 4.121786e-02
9.740584e-03 2.053918e-01 1.327056e-02 9.828112e-02 1.384791e-02 -2.556570e-01 5.493730e-02 7.665524e-02 1.255697e-02 -6.379953e-02 1.163538e-02 8.273366e-01 2.193420e-01
1.141999e-02 2.060489e-01 1.924693e-02 9.401704e-02 6.408024e-03 -2.571827e-01 4.702917e-02 7.498895e-02 3.372681e-03 -3.983098e-02 2.447435e-02 1.059350e+00 1.828990e-01
1.377117e-02 2.313586e-01 6.006570e-03 1.014176e-01 6.928945e-03 -3.435670e-01 2.877266e-02 8.127051e-02 6.293576e-03 -8.604673e-02 1.691368e-02 1.179020e+00 1.359798e-01
1.679411e-02 2.355178e-01 3.696918e-02 1.091637e-01 1.557484e-02 -2.530196e-01 7.414102e-02 9.475680e-02 8.302964e-03 -6.415947e-02 3.410036e-02 1.103967e+00 2.100035e-01
2.048881e-02 2.566606e-01 3.560276e-02 1.038464e-01 1.689862e-02 -2.074264e-01 6.807112e-02 1.018586e-01 1.207792e-02 -2.829367e-02 2.256390e-02 8.544918e-01 1.260665e-01
2.485528e-02 2.550762e-01 9.583151e-03 1.074171e-01 6.122228e-03 -2.101757e-01 9.932853e-03 1.165661e-01 3.866264e-03 -6.405532e-02 1.630111e-02 8.305014e-01 3.980829e-02
8.732937e-03 2.303730e-01 2.753463e-02 8.687618e-02 9.438645e-03 -4.311611e-01 9.747437e-02 6.730294e-02 3.697341e-03 -6.848245e-02 2.642511e-02 1.501030e+00 2.908838e-01
9.068820e-03 1.850346e-01 1.176324e-02 7.917531e-02 6.847069e-03 -2.501001e-01 2.951572e-02 6.827215e-02 6.563001e-03 -3.012825e-02 1.277129e-02 8.903736e-01 1.379968e-01
1.007647e-02 2.114803e-01 1.224084e-02 1.016342e-01 7.191587e-03 -2.870161e-01 2.241781e-02 9.136143e-02 7.413027e-03 -3.054196e-02 1.540491e-02 1.071089e+00 6.059209e-02
1.175588e-02 2.055767e-01 2.754110e-02 9.880974e-02 1.338408e-02 -2.028622e-01 4.974375e-02 8.639260e-02 4.951787e-03 -3.472077e-02 2.867448e-02 7.407595e-01 1.048877e-01
1.410705e-02 2.186357e-01 3.499871e-02 1.022247e-01 1.182313e-02 -2.667148e-01 7.541596e-02 9.162130e-02 7.380069e-03 -4.659121e-02 2.966115e-02 1.045625e+00 2.289641e-01
1.712999e-02 2.343804e-01 1.957119e-02 9.741655e-02 1.077608e-02 -2.225906e-01 1.958741e-02 8.627385e-02 9.463416e-03 -3.946962e-02 2.367176e-02 8.397320e-01 6.999566e-02
2.082470e-02 2.805533e-01 2.669478e-02 1.222113e-01 1.026484e-02 -2.196703e-01 3.840729e-02 1.101570e-01 1.080801e-02 -6.214631e-02 2.085442e-02 7.739113e-01 6.084904e-02
2.519117e-02 2.870155e-01 3.959694e-02 1.126554e-01 1.691993e-02 -2.204707e-01 3.093569e-02 1.173293e-01 9.583100e-03 -7.184594e-02 1.336774e-02 9.547934e-01 1.411880e-01
9.740584e-03 1.896519e-01 1.846696e-02 9.608835e-02 1.022809e-02 -2.226450e-01 5.558547e-02 8.558341e-02 8.645054e-03 -2.298995e-02 1.174022e-02 8.609998e-01 1.673831e-01
1.007647e-02 2.131403e-01 2.646666e-02 1.036051e-01 1.920003e-02 -2.466635e-01 4.368459e-02 8.959461e-02 1.212313e-02 -3.332034e-02 2.227534e-02 9.128851e-01 1.886301e-01
1.108411e-02 1.804142e-01 2.070356e-02 9.195501e-02 8.075604e-03 -2.304925e-01 5.688602e-02 8.504068e-02 7.325184e-03 -3.214265e-02 3.100382e-02 8.960051e-01 1.602011e-01
1.276352e-02 2.140095e-01 1.324883e-02 9.719799e-02 1.030414e-02 -2.563055e-01 5.453837e-02 8.147408e-02 7.396628e-03 -3.147113e-02 2.381425e-02 1.091639e+00 8.245750e-02
1.511470e-02 2.317739e-01 2.078501e-02 8.876456e-02 6.388370e-03 -2.536122e-01 5.974371e-02 7.016472e-02 2.783625e-03 -3.501211e-02 2.648702e-02 9.077918e-01 1.586316e-01
1.813764e-02 2.508443e-01 1.670633e-02 1.130317e-01 1.037622e-02 -2.152907e-01 4.790301e-02 9.368647e-02 8.656808e-03 -3.954237e-02 2.133840e-02 9.104667e-01 1.153518e-01
2.183234e-02 2.420776e-01 3.935880e-02 9.670058e-02 1.389095e-02 -2.008281e-01 4.357619e-02 1.030107e-01 8.188046e-03 -1.603582e-02 1.310425e-02 9.640861e-01 1.374572e-01
2.619881e-02 2.918786e-01 2.649721e-02 9.873168e-02 9.346065e-03 -2.289320e-01 4.926454e-02 1.020166e-01 3.023042e-03 -3.489778e-02 2.375074e-02 1.082325e+00 1.338767e-01
1.141999e-02 1.934384e-01 1.292727e-02 9.281936e-02 4.498230e-03 -2.539127e-01 3.060456e-02 8.833479e-02 5.994769e-03 -3.159786e-02 2.386238e-02 1.047535e+00 5.435853e-02
1.175588e-02 2.371560e-01 2.263463e-02 1.058408e-01 1.140265e-02 -2.990464e-01 3.498296e-02 8.796872e-02 8.431892e-03 -5.602818e-02 1.733150e-02 9.529439e-01 9.760416e-02
1.276352e-02 2.080349e-01 1.047668e-02 9.634373e-02 8.488464e-03 -2.286038e-01 2.596286e-02 8.647330e-02 6.075986e-03 -3.579350e-02 1.854694e-02 8.695187e-01 1.266570e-01
1.444293e-02 1.961026e-01 1.868863e-02 8.973034e-02 6.401156e-03 -2.195198e-01 5.326857e-02 8.214341e-02 3.523930e-03 -3.993002e-02 2.596617e-02 8.334828e-01 1.142364e-01
1.679411e-02 2.606029e-01 3.910511e-02 9.705230e-02 1.405441e-02 -3.196839e-01 8.127023e-02 8.727914e-02 5.017449e-03 -3.309580e-02 2.685274e-02 1.074200e+00 1.749947e-01
1.981705e-02 3.290373e-01 2.250705e-02 1.323164e-01 9.850352e-03 -3.547451e-01 2.630522e-02 1.053856e-01 9.247163e-03 -7.330292e-02 1.416392e-02 1.410080e+00 1.734674e-01
2.351175e-02 2.334337e-01 2.084220e-02 9.783756e-02 1.033346e-02 -1.580808e-01 2.952256e-02 1.077076e-01 6.017773e-03 -2.631325e-02 1.851795e-02 8.609508e-01 1.011473e-01
2.787822e-02 2.934411e-01 2.319450e-02 1.085570e-01 7.537979e-03 -2.028159e-01 3.743158e-02 1.233866e-01 7.484538e-03 -4.072859e-02 2.259285e-02 9.171699e-01 1.272150e-01
1.377117e-02 2.326940e-01 1.286792e-02 1.213080e-01 1.197136e-02 -2.074845e-01 2.402929e-02 1.035045e-01 9.463516e-03 -4.239066e-02 2.112088e-02 7.963630e-01 1.294491e-01
1.410705e-02 1.992262e-01 1.077088e-02 9.346920e-02 3.208931e-03 -2.319555e-01 2.263123e-02 9.204415e-02 5.783753e-03 -4.988117e-02 1.609764e-02 9.114048e-01 9.164716e-02
1.511470e-02 2.352884e-01 4.761825e-02 1.039704e-01 2.174609e-02 -2.840084e-01 9.612643e-02 8.631472e-02 1.029219e-02 -6.716815e-02 4.729238e-02 9.689916e-01 2.066786e-01
1.679411e-02 2.791952e-01 1.908593e-02 1.171922e-01 6.829130e-03 -2.814718e-01 5.418664e-02 9.467320e-02 2.368341e-03 -7.141912e-02 1.644531e-02 9.001964e-01 1.547642e-01
1.914529e-02 2.558990e-01 3.717713e-02 1.064207e-01 1.165669e-02 -2.330405e-01 8.276596e-02 9.908427e-02 4.555453e-03 -3.588672e-02 2.883099e-02 1.045828e+00 2.083879e-01
2.216823e-02 2.269060e-01 2.827671e-02 8.951440e-02 1.479597e-02 -1.695198e-01 1.306534e-02 9.769704e-02 9.404637e-03 -4.664754e-02 1.701863e-02 8.343104e-01 7.232749e-02
2.586293e-02 2.582752e-01 3.367200e-02 9.970952e-02 1.294034e-02 -1.699105e-01 2.621785e-02 1.018270e-01 1.035259e-02 -2.866895e-02 1.745339e-02 1.023993e+00 1.035248e-01
3.022940e-02 3.443656e-01 1.678535e-02 9.980872e-02 1.361931e-02 -2.185873e-01 4.174718e-02 1.332778e-01 6.418228e-03 -4.589832e-02 3.959269e-02 1.178457e+00 1.122794e-01
1.679411e-02 2.342645e-01 2.531903e-02 1.054438e-01 1.725869e-02 -2.284282e-01 3.271265e-02 9.558655e-02 1.211185e-02 -5.324226e-02 1.723043e-02 8.674454e-01 1.523671e-01
1.712999e-02 2.094174e-01 1.932821e-02 8.815376e-02 1.118943e-02 -2.178492e-01 1.346656e-02 8.418353e-02 2.621175e-03 -1.576183e-02 2.353693e-02 1.018011e+00 1.063732e-01
1.813764e-02 2.501685e-01 2.877107e-02 1.156407e-01 2.355256e-02 -2.243684e-01 2.841898e-02 1.077437e-01 1.609053e-02 -4.189965e-02 2.383685e-02 8.322747e-01 5.744364e-02
1.981705e-02 2.220140e-01 3.117641e-02 1.000937e-01 1.608134e-02 -2.457573e-01 4.555433e-02 9.301903e-02 1.577293e-02 -4.622369e-02 2.158788e-02 1.043417e+00 1.105752e-01
2.216823e-02 2.607041e-01 1.723464e-02 9.985781e-02 1.001410e-02 -2.500733e-01 2.155119e-02 1.089151e-01 1.080466e-02 -4.869985e-02 2.274580e-02 1.053775e+00 4.692911e-02
2.519117e-02 3.061046e-01 2.756975e-02 1.104350e-01 1.554568e-02 -2.367005e-01 2.808843e-02 1.113701e-01 3.802366e-03 -6.666481e-02 2.130961e-02 9.750107e-01 1.630716e-01
2.888587e-02 3.391616e-01 2.721456e-02 1.461205e-01 1.098010e-02 -2.198504e-01 2.647019e-02 1.546029e-01 8.145955e-03 -3.914248e-02 2.114743e-02 1.039050e+00 6.830891e-02
3.325234e-02 3.773171e-01 2.477910e-02 1.360160e-01 1.396534e-02 -2.447516e-01 5.696514e-02 1.412754e-01 7.015370e-03 -9.615243e-02 3.620404e-02 1.081323e+00 1.129225e-01
2.048881e-02 2.650071e-01 1.985477e-02 1.116518e-01 8.321786e-03 -2.313395e-01 3.727583e-02 1.027715e-01 7.787621e-03 -5.415955e-02 3.231887e-02 1.078754e+00 9.472776e-02
2.082470e-02 2.704924e-01 3.211570e-02 1.061345e-01 1.295555e-02 -1.989658e-01 2.366702e-02 1.026493e-01 1.052294e-02 -2.766332e-02 2.536251e-02 8.561414e-01 5.933865e-02
2.183234e-02 2.706486e-01 2.950047e-02 1.136025e-01 1.572440e-02 -2.385176e-01 4.272902e-02 1.177947e-01 1.338529e-02 -4.485439e-02 1.273718e-02 1.080625e+00 1.134961e-01
2.351175e-02 2.683398e-01 1.814780e-02 1.019012e-01 1.778163e-02 -2.340223e-01 2.573222e-02 1.175535e-01 1.429759e-02 -1.948855e-02 3.068791e-02 8.850312e-01 8.314140e-02
2.586293e-02 2.926704e-01 2.441599e-02 1.217345e-01 1.718210e-02 -2.288510e-01 4.463357e-02 1.272650e-01 1.135911e-02 -5.891794e-02 1.390622e-02 1.016146e+00 1.909405e-01
2.888587e-02 3.533724e-01 2.421920e-02 1.254725e-01 1.865449e-02 -3.519172e-01 5.908562e-02 1.305263e-01 1.145501e-02 -8.297124e-02 2.246423e-02 1.207276e+00 1.251554e-01
3.258057e-02 3.685584e-01 3.016427e-02 1.220809e-01 2.053672e-02 -2.072096e-01 4.414083e-02 1.494992e-01 1.770297e-02 -2.286104e-02 2.010394e-02 9.713495e-01 7.634117e-02
3.694704e-02 4.557801e-01 3.363624e-02 1.592453e-01 8.736009e-03 -2.348156e-01 2.736285e-02 1.692758e-01 1.429227e-02 -7.432808e-02 3.813659e-02 1.037498e+00 6.614085e-02
2.485528e-02 3.287807e-01 2.006022e-02 1.282423e-01 1.358470e-02 -2.487382e-01 3.685616e-02 1.195005e-01 8.366256e-03 -3.660720e-02 2.538908e-02 9.619882e-01 6.576175e-02
2.519117e-02 2.509752e-01 1.409613e-02 8.068084e-02 1.137020e-02 -1.430460e-01 4.631675e-02 9.497460e-02 1.122157e-02 -1.823038e-02 2.350333e-02 7.709247e-01 1.182030e-01
2.619881e-02 2.297267e-01 1.795688e-02 8.579565e-02 3.234165e-03 -2.067113e-01 2.772037e-02 9.032345e-02 4.435920e-03 -5.956369e-02 1.068274e-02 8.371949e-01 3.153427e-02
2.787822e-02 2.916102e-01 2.594829e-02 1.075077e-01 1.477208e-02 -1.931293e-01 2.826112e-02 1.240460e-01 1.230569e-02 -3.711228e-02 2.031504e-02 9.125273e-01 9.379341e-02
3.022940e-02 2.627891e-01 2.761364e-02 8.005568e-02 1.611219e-02 -2.157573e-01 2.853423e-02 1.109723e-01 9.780594e-03 -2.936607e-02 3.027463e-02 1.110790e+00 1.061728e-01
3.325234e-02 3.184159e-01 1.771980e-02 1.020595e-01 1.006878e-02 -1.655482e-01 5.480081e-03 1.414593e-01 6.015327e-03 -1.017675e-02 2.361919e-02 8.794747e-01 1.047063e-01
3.694704e-02 3.286948e-01 2.363398e-02 9.121312e-02 1.612765e-02 -8.681305e-02 3.984431e-02 1.520890e-01 1.183645e-02 -2.389231e-02 3.362694e-02 8.540790e-01 1.439794e-01
4.131351e-02 3.981922e-01 4.092084e-02 1.047811e-01 9.997286e-03 -1.672938e-01 4.614792e-02 2.085425e-01 1.900173e-02 -7.651663e-02 2.591059e-02 9.723229e-01 1.075508e-01
1.209176e-02 1.798600e-01 5.871981e-03 9.421843e-02 4.133770e-03 -1.699642e-01 2.107133e-02 8.786798e-02 6.485534e-03 -1.718870e-02 1.960781e-02 7.815339e-01 1.426343e-01
1.242764e-02 2.100560e-01 1.331649e-02 8.434302e-02 6.910522e-03 -2.670775e-01 1.337851e-02 7.269738e-02 8.169737e-03 -4.348118e-02 2.049402e-02 9.879493e-01 8.674527e-02
1.343529e-02 2.423825e-01 2.453846e-02 1.168123e-01 1.945293e-02 -3.157322e-01 3.713852e-02 9.555839e-02 1.275736e-02 -1.001536e-01 2.978600e-02 1.214777e+00 5.743837e-02
1.511470e-02 2.162121e-01 2.095572e-02 9.803779e-02 1.456030e-02 -2.120799e-01 2.839238e-02 8.437815e-02 1.077071e-02 -4.447683e-02 1.534746e-02 7.855697e-01 4.466475e-02
1.746587e-02 2.547316e-01 1.847822e-02 1.113535e-01 1.023375e-02 -2.871615e-01 4.170297e-02 9.439660e-02 8.357927e-03 -8.699296e-02 1.323457e-02 8.560937e-01 1.120185e-01
2.048881e-02 2.645227e-01 3.145430e-02 1.096527e-01 9.478295e-03 -2.146695e-01 4.923194e-02 1.203512e-01 9.718153e-03 -2.844330e-02 2.065277e-02 9.828719e-01 1.367960e-01
2.418352e-02 2.503305e-01 1.714243e-02 1.016599e-01 1.030880e-02 -2.452348e-01 3.501394e-02 1.154489e-01 9.805591e-03 -4.664653e-02 2.976317e-02 9.411253e-01 9.721800e-02
2.854999e-02 3.144187e-01 2.152353e-02 1.140385e-01 9.490119e-03 -2.569621e-01 2.203807e-02 1.276253e-01 4.654748e-03 -4.801539e-02 1.222887e-02 1.145562e+00 1.318241e-01
1.242764e-02 1.899341e-01 2.680622e-02 8.052306e-02 1.359113e-02 -2.567385e-01 4.745655e-02 8.195007e-02 1.047373e-02 -3.923322e-02 1.128694e-02 9.451623e-01 1.302240e-01
1.276352e-02 1.863851e-01 1.725346e-02 8.589514e-02 5.877062e-03 -2.269785e-01 2.919462e-02 8.237767e-02 3.634494e-03 -2.324382e-02 1.848712e-02 1.005513e+00 1.290704e-01
1.377117e-02 2.228874e-01 2.132325e-02 1.019858e-01 9.391493e-03 -2.458248e-01 5.781114e-02 8.880076e-02 5.257095e-03 -3.897905e-02 2.081574e-02 9.696845e-01 1.478265e-01
1.545058e-02 2.076892e-01 2.395402e-02 8.868960e-02 1.006911e-02 -2.288170e-01 6.010541e-02 9.196865e-02 1.058916e-02 -1.079384e-02 2.011494e-02 9.912801e-01 2.398899e-01
1.780176e-02 2.398930e-01 2.600431e-02 1.074765e-01 1.536451e-02 -2.299057e-01 4.211999e-02 1.007244e-01 1.421195e-02 -5.389757e-02 1.853645e-02 8.465561e-01 6.846149e-02
2.082470e-02 2.905630e-01 2.478788e-02 1.198257e-01 1.415000e-02 -2.592178e-01 4.725742e-02 1.111615e-01 6.801749e-03 -3.362705e-02 3.623530e-02 9.525765e-01 1.515195e-01
2.451940e-02 2.730136e-01 9.888769e-03 1.047142e-01 1.021751e-02 -2.438357e-01 3.744287e-02 1.053266e-01 9.055390e-03 -4.131800e-02 1.120008e-02 1.054552e+00 1.367522e-01
2.888587e-02 3.066434e-01 2.624837e-02 1.101519e-01 1.176209e-02 -1.882571e-01 2.953843e-02 1.426238e-01 7.628816e-03 -3.329909e-02 1.644592e-02 8.252075e-01 9.479510e-02
1.343529e-02 1.883159e-01 1.886066e-02 9.263630e-02 1.124937e-02 -1.910832e-01 2.403284e-02 8.837035e-02 1.016804e-02 -2.382135e-02 2.259035e-02 8.068465e-01 7.996620e-02
1.377117e-02 2.273545e-01 2.059975e-02 1.121090e-01 8.092139e-03 -2.151858e-01 4.407221e-02 9.399864e-02 5.311900e-03 -6.139312e-02 2.089826e-02 6.753158e-01 4.342438e-02
1.477882e-02 1.984017e-01 7.009286e-03 8.231863e-02 8.485996e-03 -2.516165e-01 2.406364e-02 7.687316e-02 1.131373e-02 -3.091993e-02 1.759071e-02 9.841231e-01 1.094185e-01
1.645823e-02 2.146136e-01 2.109454e-02 8.536516e-02 1.152805e-02 -2.280361e-01 3.149169e-02 8.370551e-02 1.198146e-02 -1.721400e-02 8.555320e-03 1.005734e+00 8.390045e-02
1.880940e-02 2.105291e-01 8.487720e-03 9.719076e-02 5.542559e-03 -1.673268e-01 5.089320e-02 9.574608e-02 7.238722e-03 -2.477147e-02 2.279041e-02 9.074283e-01 9.790801e-02
2.183234e-02 2.520816e-01 3.644046e-02 9.287820e-02 1.532421e-02 -2.204247e-01 1.836088e-02 8.928965e-02 1.204413e-02 -4.432327e-02 8.667499e-03 9.153579e-01 9.680283e-02
2.552705e-02 2.931852e-01 1.233128e-02 9.777914e-02 5.700080e-03 -2.082141e-01 3.317820e-02 1.039515e-01 5.208820e-03 -5.689179e-02 1.706201e-02 8.667600e-01 8.258367e-02
2.989352e-02 3.306808e-01 2.238047e-02 1.221715e-01 8.570317e-03 -1.897779e-01 7.909686e-03 1.381915e-01 1.603413e-02 -4.092210e-02 9.554314e-03 8.437855e-01 6.175863e-02
1.511470e-02 2.151316e-01 2.834471e-02 1.031310e-01 1.739137e-02 -1.766282e-01 4.877401e-02 1.031406e-01 1.532396e-02 6.858743e-03 1.759238e-02 7.653303e-01 1.253874e-01
1.545058e-02 1.690967e-01 1.159883e-02 7.386287e-02 9.608471e-03 -1.631706e-01 2.625205e-02 8.003526e-02 9.767662e-03 2.635299e-03 2.155241e-02 8.449704e-01 8.984625e-02
1.645823e-02 2.042816e-01 1.387939e-02 8.776854e-02 9.490836e-03 -1.600866e-01 1.880636e-02 8.984484e-02 9.245850e-03 -2.113449e-02 6.042232e-03 5.794004e-01 5.972929e-02
1.813764e-02 2.015460e-01 1.240858e-02 8.100743e-02 4.256735e-03 -1.880669e-01 3.340371e-02 8.266744e-02 4.662754e-03 -3.085969e-02 2.060272e-02 7.189421e-01 1.257846e-01
2.048881e-02 2.332263e-01 1.916508e-02 9.196123e-02 7.811656e-03 -1.478856e-01 2.841603e-02 1.106871e-01 8.924958e-03 8.567092e-03 2.418153e-02 7.592766e-01 8.338109e-02
2.351175e-02 2.514235e-01 2.972219e-02 8.951322e-02 1.046488e-02 -1.865094e-01 5.664002e-02 9.821346e-02 7.720848e-03 -2.619943e-02 2.103145e-02 9.716372e-01 1.078884e-01
2.720646e-02 2.808228e-01 3.180592e-02 1.136326e-01 1.479623e-02 -2.106750e-01 3.963927e-02 1.330060e-01 1.236779e-02 -3.909250e-02 1.818851e-02 9.559679e-01 1.262253e-01
3.157293e-02 3.484018e-01 3.689701e-02 1.252232e-01 9.867924e-03 -1.587606e-01 3.780571e-02 1.499003e-01 1.063781e-02 -1.438137e-02 2.589785e-02 9.211538e-01 8.958850e-02
1.746587e-02 2.338572e-01 6.695212e-03 9.205412e-02 6.919179e-03 -1.963590e-01 1.727900e-02 9.158877e-02 5.792045e-03 8.195161e-03 1.201728e-02 1.036785e+00 1.319168e-01
1.780176e-02 2.282275e-01 1.762350e-02 1.055734e-01 1.232428e-02 -2.444454e-01 1.965653e-02 1.050215e-01 4.538896e-03 -6.540890e-02 2.168696e-02 8.515770e-01 3.758542e-02
1.880940e-02 2.550802e-01 2.896308e-02 1.177134e-01 1.387496e-02 -2.518909e-01 3.352132e-02 1.128473e-01 1.061891e-02 -4.878939e-02 2.259447e-02 1.003687e+00 7.408599e-02
2.048881e-02 2.628845e-01 4.873401e-03 1.073678e-01 3.328631e-03 -2.651849e-01 3.966534e-02 1.044067e-01 7.015558e-03 -5.210558e-02 1.583373e-02 9.432694e-01 9.578409e-02
2.283999e-02 2.448143e-01 1.487686e-02 8.167743e-02 9.349100e-03 -2.020373e-01 3.179869e-02 8.667467e-02 1.003953e-02 -1.695789e-02 1.856227e-02 8.997840e-01 6.176850e-02
2.586293e-02 3.529953e-01 3.097003e-02 1.241773e-01 1.036072e-02 -2.496711e-01 6.441611e-02 1.150125e-01 1.062639e-02 -4.946376e-02 3.914135e-02 1.026048e+00 1.537174e-01
2.955763e-02 2.631006e-01 6.833101e-03 9.774985e-02 1.240443e-02 -1.801672e-01 4.674615e-02 1.441660e-01 1.763935e-02 -2.572826e-02 4.179521e-02 1.134687e+00 1.632372e-01
3.392410e-02 3.732106e-01 3.353292e-02 1.391286e-01 1.766489e-02 -1.673469e-01 3.947348e-02 1.448622e-01 1.030712e-02 -6.711348e-02 3.565132e-02 8.774572e-01 1.065213e-01
2.048881e-02 2.403932e-01 2.991785e-02 9.979518e-02 1.848151e-02 -2.620296e-01 4.050490e-02 9.590670e-02 9.618114e-03 -4.806267e-02 3.080738e-02 1.144584e+00 1.141715e-01
2.082470e-02 2.388931e-01 3.086168e-02 9.736396e-02 1.537134e-02 -1.881504e-01 5.911041e-02 1.016097e-01 4.532371e-03 -8.359719e-03 9.739026e-03 8.978524e-01 1.782904e-01
2.183234e-02 2.188759e-01 8.454906e-03 1.015316e-01 8.369068e-03 -1.219706e-01 2.351257e-02 1.212415e-01 6.259263e-03 9.757698e-03 1.610155e-02 8.664349e-01 4.777324e-02
2.351175e-02 2.276809e-01 2.768610e-02 7.418131e-02 1.020508e-02 -1.621314e-01 5.841224e-02 8.379313e-02 5.806871e-03 -2.724525e-02 1.619646e-02 9.587596e-01 1.170674e-01
2.586293e-02 2.693499e-01 2.238785e-02 9.190907e-02 1.081198e-02 -2.256721e-01 3.769544e-02 1.010047e-01 3.392526e-03 -5.822330e-02 1.872291e-02 8.445630e-01 9.541820e-02
2.888587e-02 3.332450e-01 5.215970e-02 1.320561e-01 2.515856e-02 -2.297204e-01 5.122514e-02 1.319622e-01 1.694440e-02 -6.782420e-02 2.681184e-02 9.723498e-01 1.284130e-01
3.258057e-02 3.489344e-01 3.050208e-02 1.086670e-01 2.155121e-02 -2.505554e-01 8.152291e-02 1.512619e-01 1.964219e-02 -6.840955e-02 2.876098e-02 1.234868e+00 1.611581e-01
3.694704e-02 3.355515e-01 4.409566e-02 1.247728e-01 1.777560e-02 -1.291542e-01 7.310389e-02 1.861992e-01 4.182935e-03 -5.566621e-02 1.790770e-02 1.080491e+00 7.495297e-02
2.418352e-02 2.948854e-01 2.149502e-02 1.243397e-01 1.461456e-02 -2.569246e-01 2.702280e-02 1.177767e-01 1.247824e-02 -8.473518e-02 2.105799e-02 9.231735e-01 8.431424e-02
2.451940e-02 2.349488e-01 1.144893e-02 8.943446e-02 8.891182e-03 -1.403415e-01 2.653584e-02 1.029861e-01 5.583811e-03 -2.874453e-02 1.324816e-02 7.378199e-01 8.736213e-02
2.552705e-02 2.833513e-01 2.979571e-02 1.023381e-01 1.327776e-02 -2.077629e-01 2.882715e-02 1.061652e-01 1.241899e-02 -6.119422e-02 2.169911e-02 9.371969e-01 5.846757e-02
2.720646e-02 2.945537e-01 2.475746e-02 1.245826e-01 1.707260e-02 -1.695962e-01 2.192903e-02 1.280662e-01 1.312883e-02 -3.187974e-02 7.381807e-03 6.970811e-01 8.298000e-02
2.955763e-02 3.347533e-01 4.938597e-02 1.149679e-01 1.354498e-02 -1.883003e-01 2.459232e-02 1.117174e-01 1.464480e-02 -4.718283e-02 1.745689e-02 9.019030e-01 9.387185e-02
3.258057e-02 3.544406e-01 5.915041e-02 1.166661e-01 1.519572e-02 -1.948111e-01 4.499151e-02 1.588144e-01 1.173462e-02 -4.711409e-02 1.338489e-02 9.169553e-01 3.505576e-02
3.627528e-02 3.991599e-01 1.497989e-02 1.381520e-01 2.434439e-02 -2.166323e-01 3.232011e-02 1.838168e-01 1.893988e-02 -6.539154e-02 2.857733e-02 9.654154e-01 9.680109e-02
4.064175e-02 4.182886e-01 3.982126e-02 9.763203e-02 1.821522e-02 -1.945174e-01 5.414108e-02 1.620144e-01 1.181974e-02 -9.291464e-03 3.198947e-02 1.073942e+00 1.002089e-01
2.854999e-02 2.804197e-01 2.405912e-02 9.888229e-02 1.253558e-02 -1.610156e-01 1.862076e-02 1.187166e-01 1.322201e-02 -5.331962e-02 1.257494e-02 8.083117e-01 4.892733e-02
2.888587e-02 3.359745e-01 3.262742e-02 1.120457e-01 1.636575e-02 -2.092724e-01 4.954437e-02 1.364609e-01 3.130217e-03 -7.047726e-02 3.591710e-02 9.083471e-01 6.994361e-02
2.989352e-02 2.995649e-01 2.699385e-02 1.065171e-01 1.191559e-02 -1.786212e-01 2.719227e-02 1.377594e-01 9.151482e-03 -2.118769e-02 3.528522e-02 1.081761e+00 1.022583e-01
3.157293e-02 2.722736e-01 1.295066e-02 9.103575e-02 8.119264e-03 -2.027165e-01 4.749425e-02 1.367732e-01 1.452147e-02 -6.207356e-02 2.554498e-02 9.367648e-01 1.185696e-01
3.392410e-02 3.100018e-01 3.135359e-02 1.017047e-01 1.491662e-02 -2.061334e-01 6.024321e-02 1.625534e-01 1.513224e-02 -5.149529e-02 5.466469e-02 1.019006e+00 1.773288e-01
3.694704e-02 3.818073e-01 4.741479e-02 1.159816e-01 1.576460e-02 -1.696918e-01 6.519921e-02 1.721175e-01 5.065018e-03 -6.332532e-02 3.845914e-02 9.712725e-01 1.771386e-01
4.064175e-02 3.515551e-01 4.305375e-02 1.022643e-01 2.486638e-02 -1.674924e-01 3.254170e-02 1.660302e-01 1.725106e-02 -9.756691e-02 2.088989e-02 1.177575e+00 4.589242e-02
4.500822e-02 4.981315e-01 2.611338e-02 9.161718e-02 2.460279e-02 -1.098788e-01 6.979977e-02 2.145980e-01 1.586596e-02 -6.042249e-02 1.656775e-02 9.695841e-01 6.586547e-02
1.645823e-02 2.335976e-01 2.244831e-02 9.691115e-02 7.749664e-03 -2.481657e-01 2.102221e-02 8.569010e-02 2.166152e-03 -4.746337e-02 1.625018e-02 8.756276e-01 3.696573e-02
1.679411e-02 2.419921e-01 1.587286e-02 1.047702e-01 1.398057e-02 -2.637578e-01 4.384735e-02 1.007822e-01 1.228613e-02 -3.608803e-02 2.437397e-02 1.133742e+00 1.590097e-01
1.780176e-02 2.134536e-01 1.425227e-02 9.827335e-02 6.793265e-03 -1.910633e-01 2.965003e-02 8.774217e-02 8.596209e-03 -3.732460e-02 1.220678e-02 8.418880e-01 6.172889e-02
1.948117e-02 2.289027e-01 2.345497e-02 1.014385e-01 1.387113e-02 -2.367493e-01 3.747568e-02 9.620306e-02 1.151899e-02 -4.789587e-02 1.715581e-02 1.154886e+00 1.218460e-01
2.183234e-02 2.792730e-01 1.172680e-02 1.165856e-01 1.153894e-02 -2.273828e-01 3.806373e-02 1.202789e-01 7.816944e-03 -3.858806e-02 1.086795e-02 1.013276e+00 1.489510e-01
2.485528e-02 3.084784e-01 1.547777e-02 1.240959e-01 1.326717e-02 -2.622947e-01 2.932140e-02 1.268028e-01 1.806754e-02 -4.229697e-02 3.066122e-02 1.181075e+00 1.104868e-01
2.854999e-02 3.083046e-01 2.618803e-02 1.138867e-01 9.931034e-03 -2.536255e-01 3.239873e-02 1.234068e-01 1.116650e-02 -6.459052e-02 1.477033e-02 1.081797e+00 9.220581e-02
3.291646e-02 3.556556e-01 2.633280e-02 1.237027e-01 1.371249e-02 -2.589866e-01 7.482902e-02 1.445370e-01 1.268080e-02 -8.361331e-02 2.680433e-02 1.384275e+00 1.201579e-01
1.679411e-02 2.562345e-01 1.785384e-02 1.007356e-01 1.380039e-02 -3.530198e-01 3.376022e-02 8.259084e-02 1.081387e-02 -8.643909e-02 1.762725e-02 1.316953e+00 9.594138e-02
1.712999e-02 2.433004e-01 9.920794e-03 9.117619e-02 5.466477e-03 -2.732195e-01 4.250512e-02 8.821395e-02 5.122417e-03 -1.088404e-02 2.600853e-02 1.025823e+00 1.924486e-01
1.813764e-02 2.500202e-01 2.355776e-02 1.061914e-01 9.924248e-03 -3.015004e-01 4.379287e-02 9.888101e-02 8.870278e-03 -6.073204e-02 1.700919e-02 1.176613e+00 1.967448e-01
1.981705e-02 2.526666e-01 2.006303e-02 1.120556e-01 1.600415e-02 -2.380821e-01 3.181964e-02 9.954396e-02 7.362100e-03 -7.797832e-02 2.293569e-02 9.336153e-01 7.391251e-02
2.216823e-02 2.262165e-01 2.042781e-02 9.581870e-02 1.622762e-02 -1.813957e-01 1.626625e-02 1.049369e-01 1.427791e-02 -3.578075e-02 2.099600e-02 8.425536e-01 9.657949e-02
2.519117e-02 2.679424e-01 4.789809e-02 1.035210e-01 1.835403e-02 -1.736768e-01 8.410308e-02 1.152068e-01 8.014151e-03 -3.088399e-02 4.414854e-02 9.779256e-01 2.049653e-01
2.888587e-02 2.967694e-01 3.895002e-02 1.246058e-01 2.205407e-02 -1.919089e-01 3.137367e-02 1.329371e-01 1.607841e-02 -5.513079e-02 2.516644e-02 9.254945e-01 4.849072e-02
3.325234e-02 3.164373e-01 2.054922e-02 9.528580e-02 2.288247e-02 -1.430503e-01 1.412770e-02 1.288050e-01 1.512604e-02 -4.017540e-02 3.464847e-02 9.604288e-01 1.002595e-01
1.780176e-02 2.203998e-01 2.909214e-02 1.084576e-01 1.697551e-02 -1.919108e-01 4.351552e-02 1.122924e-01 8.535415e-03 -1.521127e-02 2.533204e-02 9.756654e-01 8.243611e-02
1.813764e-02 2.688599e-01 2.013746e-02 1.130639e-01 8.154979e-03 -2.586759e-01 3.066848e-02 9.866759e-02 6.681624e-03 -5.320710e-02 2.296019e-02 8.979201e-01 9.782208e-02
1.914529e-02 2.100708e-01 2.053401e-02 8.211405e-02 1.285377e-02 -1.899961e-01 2.786799e-02 7.898603e-02 5.846376e-03 -4.584220e-02 1.082252e-02 7.967583e-01 5.652120e-02
2.082470e-02 3.047700e-01 3.495980e-02 1.321549e-01 1.212823e-02 -2.433581e-01 3.893273e-02 1.151896e-01 1.019747e-02 -5.414527e-02 2.313806e-02 8.226437e-01 1.097054e-01
2.317587e-02 2.465778e-01 1.776837e-02 1.005131e-01 3.946980e-03 -1.659993e-01 2.197046e-02 1.091884e-01 9.648374e-03 -2.564105e-02 1.522736e-02 9.197254e-01 1.190800e-01
2.619881e-02 3.123778e-01 1.750019e-02 1.215384e-01 8.851502e-03 -2.169519e-01 3.131004e-02 1.291841e-01 6.589073e-03 -7.584793e-02 1.645012e-02 8.394430e-01 6.293583e-02
2.989352e-02 3.336053e-01 2.308477e-02 1.163028e-01 1.106466e-02 -1.948185e-01 3.135360e-02 1.226021e-01 1.071854e-02 -1.660245e-02 1.676017e-02 1.005025e+00 1.027917e-01
3.425998e-02 3.329463e-01 3.690267e-02 9.900505e-02 1.511953e-02 -1.360995e-01 1.467529e-02 1.510070e-01 1.455094e-02 -5.271691e-02 2.319940e-02 8.182377e-01 6.730323e-02
1.948117e-02 2.052672e-01 1.456208e-02 7.886184e-02 6.802003e-03 -1.530027e-01 3.034545e-02 8.921284e-02 7.228485e-03 -1.421761e-02 1.052135e-02 6.832812e-01 9.421383e-02
1.981705e-02 2.595091e-01 1.958298e-02 1.132291e-01 1.752941e-02 -2.166858e-01 3.141263e-02 1.059702e-01 1.475888e-02 -6.292592e-02 2.872013e-02 7.775991e-01 5.583403e-02
2.082470e-02 2.354531e-01 1.857738e-02 9.064714e-02 1.267823e-02 -1.893900e-01 3.534954e-02 9.025569e-02 6.626709e-03 -3.795817e-02 2.386389e-02 9.213763e-01 1.000337e-01
2.250411e-02 2.862006e-01 1.080347e-02 1.199675e-01 1.259256e-02 -2.013040e-01 2.792952e-02 1.108035e-01 1.223953e-02 -5.028922e-02 1.215361e-02 7.187634e-01 5.461469e-02
2.485528e-02 3.501975e-01 8.698798e-03 1.394730e-01 1.078348e-02 -2.805896e-01 7.475543e-02 1.248713e-01 1.414121e-02 -8.803194e-02 2.439940e-02 1.085612e+00 1.657416e-01
2.787822e-02 3.515757e-01 3.621799e-02 1.181675e-01 1.249763e-02 -2.592056e-01 2.485479e-02 1.252958e-01 8.423892e-03 -2.943664e-02 1.330899e-02 1.028314e+00 1.015417e-01
3.157293e-02 3.108651e-01 4.030406e-02 1.108126e-01 1.299013e-02 -1.390489e-01 2.715732e-02 1.424223e-01 8.431735e-03 -1.683017e-02 1.559318e-02 7.840224e-01 3.724739e-02
3.593940e-02 3.117627e-01 2.261588e-02 1.030666e-01 1.799128e-02 -1.580839e-01 3.551978e-02 1.643819e-01 9.408031e-03 -5.029515e-02 1.568723e-02 9.801301e-01 9.647457e-02
2.183234e-02 2.864757e-01 2.022278e-02 1.254527e-01 8.146206e-03 -2.177612e-01 4.263470e-02 1.174223e-01 1.087575e-02 -5.062269e-02 2.287417e-02 8.871930e-01 9.814775e-02
2.216823e-02 2.905020e-01 2.340081e-02 1.133646e-01 1.047663e-02 -2.422914e-01 3.485788e-02 1.119098e-01 1.233677e-02 -3.251967e-02 2.098620e-02 1.045228e+00 1.094364e-01
2.317587e-02 2.641355e-01 1.541887e-02 9.167128e-02 1.073330e-02 -1.735979e-01 2.509227e-02 9.216209e-02 8.085698e-03 -1.444598e-02 1.975798e-02 7.870749e-01 5.214174e-02
2.485528e-02 2.669459e-01 3.052585e-02 1.016496e-01 1.450481e-02 -1.949075e-01 4.704789e-02 1.135104e-01 7.092447e-03 -4.818233e-02 2.824003e-02 8.299405e-01 6.845608e-02
2.720646e-02 2.710203e-01 9.935438e-03 9.665816e-02 1.333719e-02 -2.097958e-01 3.721529e-02 1.065249e-01 7.699463e-03 -6.701615e-02 3.427108e-02 8.623609e-01 1.361894e-01
3.022940e-02 3.094604e-01 3.067293e-02 1.013904e-01 1.368969e-02 -1.957192e-01 5.334325e-02 1.339114e-01 1.430340e-02 -4.246502e-02 1.126158e-02 1.046120e+00 8.243788e-02
3.392410e-02 3.814694e-01 3.049365e-02 1.385252e-01 1.655357e-02 -2.080351e-01 2.559681e-02 1.704429e-01 2.169647e-02 -3.196591e-02 1.230139e-02 8.727243e-01 8.440371e-02
3.829057e-02 4.327659e-01 5.967354e-02 1.264378e-01 1.582117e-02 -2.372377e-01 5.247420e-02 1.874424e-01 4.449846e-03 -3.459112e-02 1.941963e-02 9.400285e-01 1.073251e-01
2.485528e-02 2.996857e-01 3.261574e-02 1.224373e-01 2.164819e-02 -2.535188e-01 2.183439e-02 1.198134e-01 1.344612e-02 -3.452149e-02 1.826955e-02 1.056632e+00 1.001474e-01
2.519117e-02 2.396776e-01 1.992734e-02 8.437891e-02 1.002150e-02 -1.966404e-01 3.092547e-02 1.062344e-01 1.228085e-02 -1.812857e-02 2.190086e-02 9.102687e-01 1.330411e-01
2.619881e-02 3.084011e-01 4.335520e-02 1.065586e-01 2.252233e-02 -2.167024e-01 5.897967e-02 1.243806e-01 1.124236e-02 -1.652656e-02 4.377755e-02 1.085435e+00 6.161912e-02
2.787822e-02 2.965573e-01 1.901222e-02 1.048682e-01 4.876083e-03 -2.206501e-01 1.970802e-02 1.138047e-01 6.338110e-03 -3.831476e-02 1.356391e-02 9.398472e-01 8.358813e-02
3.022940e-02 3.237081e-01 2.330421e-02 1.329813e-01 1.487206e-02 -1.801643e-01 3.638141e-02 1.526181e-01 1.114553e-02 8.292579e-03 2.051588e-02 9.587736e-01 8.649121e-02
3.325234e-02 2.976057e-01 2.950254e-02 9.434791e-02 1.072294e-02 -1.246402e-01 6.227027e-02 1.306809e-01 6.525043e-03 -3.047377e-02 1.516493e-02 8.458374e-01 1.110450e-01
3.694704e-02 4.374779e-01 6.558353e-02 1.333523e-01 4.195779e-02 -1.653792e-01 3.813932e-02 1.751903e-01 2.366274e-02 -2.652341e-04 7.011023e-03 9.743953e-01 1.110380e-01
4.131351e-02 3.867903e-01 1.166581e-02 1.302549e-01 1.164016e-02 -1.872730e-01 2.925400e-02 2.231049e-01 1.156420e-02 -5.361132e-02 3.104705e-02 8.124431e-01 5.174759e-02
2.854999e-02 3.158823e-01 2.527954e-02 1.253644e-01 1.935483e-02 -1.921752e-01 3.663955e-02 1.411209e-01 1.504023e-02 -2.792136e-02 2.037856e-02 9.798699e-01 7.860414e-02
2.888587e-02 3.308402e-01 2.146815e-02 1.197633e-01 1.926912e-02 -1.895692e-01 2.935557e-02 1.276049e-01 1.337932e-02 -4.735851e-02 2.306402e-02 9.948423e-01 1.386430e-01
2.989352e-02 2.971728e-01 3.829700e-02 1.053750e-01 1.836949e-02 -2.277266e-01 6.231529e-02 1.374853e-01 1.017582e-02 -8.255558e-02 5.468794e-02 9.600676e-01 1.377106e-01
3.157293e-02 3.547714e-01 2.285242e-02 1.248154e-01 1.639759e-02 -1.781730e-01 1.569829e-02 1.443869e-01 1.069975e-02 -2.906991e-02 2.006049e-02 8.296632e-01 7.817210e-02
3.392410e-02 4.023622e-01 4.178318e-02 1.303324e-01 1.986948e-02 -2.084471e-01 4.694950e-02 1.609436e-01 1.503722e-02 -3.020759e-02 3.534492e-02 1.038052e+00 6.193216e-02
3.694704e-02 3.606565e-01 4.908646e-02 9.635551e-02 1.987594e-02 -1.749757e-01 3.757837e-02 1.649920e-01 1.643308e-02 6.576692e-03 2.381975e-02 1.050641e+00 1.405869e-01
4.064175e-02 4.352531e-01 2.783000e-02 9.922080e-02 1.594421e-02 -1.189044e-01 3.597398e-02 1.853152e-01 1.393849e-02 -7.112674e-02 2.389900e-02 8.324399e-01 5.886225e-02
4.500822e-02 4.300603e-01 4.692587e-02 1.029158e-01 2.083028e-02 -7.467837e-02 1.113270e-02 1.993038e-01 7.365549e-03 -6.704982e-02 1.918438e-02 1.137327e+00 1.035367e-01
3.291646e-02 3.810077e-01 3.247242e-02 1.397036e-01 2.156543e-02 -2.400219e-01 3.419204e-02 1.611699e-01 1.684830e-02 -7.189032e-02 2.251414e-02 1.045142e+00 8.456366e-02
3.325234e-02 3.793792e-01 2.866284e-02 1.478267e-01 2.409077e-02 -1.170461e-01 3.350098e-02 1.701381e-01 1.875690e-02 -1.598500e-02 3.804264e-02 8.852044e-01 5.335974e-02
3.425998e-02 3.650730e-01 4.310308e-02 1.241894e-01 1.745288e-02 -1.447085e-01 2.060336e-02 1.608006e-01 9.858825e-03 -2.485107e-02 9.553952e-03 9.394608e-01 4.296659e-02
3.593940e-02 4.177469e-01 3.133732e-02 1.169322e-01 1.792639e-02 -2.384870e-01 3.578250e-02 1.665372e-01 8.100002e-03 -4.495657e-02 2.242797e-02 1.047969e+00 8.196641e-02
3.829057e-02 3.490039e-01 4.262206e-02 1.003421e-01 9.765885e-03 -1.813978e-01 3.714648e-02 1.956373e-01 1.219023e-02 -9.569331e-02 2.133874e-02 1.164774e+00 1.660550e-01
4.131351e-02 3.878927e-01 1.712354e-02 1.420505e-01 2.091878e-02 -1.884635e-01 2.672717e-02 2.213342e-01 1.956425e-02 -8.380733e-02 1.617782e-02 1.217019e+00 5.845062e-02
4.500822e-02 3.856439e-01 1.599842e-02 8.488851e-02 1.024378e-02 -3.578192e-03 5.168669e-02 1.964603e-01 2.098096e-02 7.565747e-03 3.614197e-02 8.736325e-01 4.140463e-02
4.937468e-02 4.609882e-01 1.176204e-02 9.131720e-02 3.672060e-02 -4.592531e-02 3.499652e-02 2.866642e-01 1.893120e-02 -7.188641e-02 2.506048e-02 9.408868e-01 8.734717e-02
