# k^2  LiLi LiLi_error  LiCl LiCl_error  LiNa LiNa_error  ClCl ClCl_error  ClNa ClNa_error  NaNa NaNa_error
0.000000e+00 3.040000e+03 0.000000e+00 3.118974e+03 0.000000e+00 6.974238e+02 0.000000e+00 3.200000e+03 0.000000e+00 7.155418e+02 0.000000e+00 1.600000e+02 0.000000e+00
3.358859e-04 1.025624e-01 8.699538e-03 6.882139e-02 3.263713e-03 -1.359207e-01 3.027826e-02 6.534675e-02 3.276430e-03 -7.700653e-03 1.143774e-02 5.653143e-01 1.038073e-01
1.343543e-03 1.451454e-01 1.819216e-02 7.961647e-02 6.734536e-03 -2.546856e-01 6.398050e-02 6.787466e-02 5.117743e-03 -3.843416e-02 8.125587e-03 9.441960e-01 2.515258e-01
3.022973e-03 1.618448e-01 1.376891e-02 8.766621e-02 4.948364e-03 -2.646498e-01 4.626169e-02 7.317558e-02 3.285341e-03 -4.798570e-02 1.151780e-02 9.519139e-01 1.753311e-01
5.374174e-03 1.393627e-01 3.020051e-03 7.605286e-02 2.208976e-03 -2.024927e-01 9.811212e-03 7.006830e-02 2.941537e-03 -2.566264e-02 4.789931e-03 7.835884e-01 4.234372e-02
8.397147e-03 1.843829e-01 7.831633e-03 9.015706e-02 3.247713e-03 -2.519178e-01 2.254265e-02 7.656952e-02 2.470978e-03 -3.987652e-02 6.679611e-03 9.666030e-01 7.276977e-02
1.209189e-02 1.786291e-01 1.712203e-02 8.337955e-02 6.897028e-03 -1.815795e-01 2.833418e-02 7.633696e-02 4.547785e-03 -1.333993e-02 8.231020e-03 8.355426e-01 7.740982e-02
1.645841e-02 2.212058e-01 1.473204e-02 9.209571e-02 5.183015e-03 -2.306019e-01 2.070655e-02 8.549186e-02 3.399019e-03 -3.341984e-02 1.221488e-02 8.622711e-01 4.785743e-02
3.358859e-04 1.375866e-01 1.243049e-02 8.731016e-02 3.368769e-03 -2.024499e-01 4.942306e-02 7.736081e-02 2.038658e-03 -3.276270e-02 1.028494e-02 7.347167e-01 1.950119e-01
6.717717e-04 2.040901e-01 4.270806e-02 9.403738e-02 8.144932e-03 -4.551539e-01 1.532730e-01 7.737722e-02 3.274894e-03 -5.991429e-02 3.787815e-02 1.712273e+00 4.948812e-01
1.679429e-03 1.388338e-01 1.178154e-02 8.354550e-02 4.847431e-03 -2.070913e-01 2.736893e-02 7.015771e-02 2.371131e-03 -4.654082e-02 9.151091e-03 7.035103e-01 8.143678e-02
3.358859e-03 1.558879e-01 1.238876e-02 8.086069e-02 6.129832e-03 -2.678263e-01 2.330753e-02 6.660441e-02 3.063983e-03 -4.930452e-02 1.467372e-02 9.616494e-01 3.236845e-02
5.710060e-03 1.700350e-01 1.861831e-02 8.354294e-02 5.675462e-03 -2.525494e-01 5.743447e-02 6.867534e-02 3.505106e-03 -4.355544e-02 1.542006e-02 9.051076e-01 1.680172e-01
8.733032e-03 1.811125e-01 8.822391e-03 9.008872e-02 4.517390e-03 -2.413856e-01 1.049893e-02 7.685510e-02 3.686470e-03 -4.549529e-02 5.761933e-03 9.052025e-01 2.272456e-02
1.242778e-02 1.809640e-01 7.683295e-03 8.121364e-02 2.771733e-03 -2.245241e-01 2.049700e-02 7.546509e-02 3.841214e-03 -2.701538e-02 7.629988e-03 9.378855e-01 9.305417e-02
1.679429e-02 2.144141e-01 1.188818e-02 9.759203e-02 5.260651e-03 -1.909983e-01 2.905303e-02 9.422564e-02 3.845108e-03 -2.182051e-02 1.395120e-02 8.954316e-01 7.551611e-02
1.343543e-03 1.640538e-01 1.983754e-02 9.369604e-02 7.198065e-03 -2.701339e-01 5.442512e-02 7.861762e-02 3.818845e-03 -5.061530e-02 1.526912e-02 9.527291e-01 1.904642e-01
1.679429e-03 1.552826e-01 2.594643e-02 9.372800e-02 1.211857e-02 -2.324025e-01 6.291930e-02 8.104082e-02 6.596257e-03 -4.531155e-02 2.529331e-02 8.118880e-01 1.721487e-01
2.687087e-03 1.968127e-01 3.376655e-02 1.031948e-01 1.473696e-02 -3.511517e-01 8.321307e-02 8.105306e-02 6.873278e-03 -7.985030e-02 3.633916e-02 1.185660e+00 2.059933e-01
4.366516e-03 1.387479e-01 4.475217e-03 7.965287e-02 4.094281e-03 -1.798407e-01 1.023623e-02 7.528847e-02 2.350480e-03 -5.025028e-03 9.607529e-03 7.826808e-01 2.644243e-02
6.717717e-03 1.649228e-01 1.154077e-02 8.536327e-02 3.255404e-03 -2.237557e-01 3.762892e-02 7.492218e-02 8.551510e-04 -2.743272e-02 1.700837e-02 9.043276e-01 9.216891e-02
9.740690e-03 1.970463e-01 5.943775e-03 9.562861e-02 3.112926e-03 -2.531146e-01 1.810684e-02 8.423187e-02 3.212947e-03 -3.703070e-02 1.041901e-02 9.732300e-01 6.359761e-02
1.343543e-02 1.902148e-01 1.162501e-02 8.412191e-02 5.122910e-03 -2.305304e-01 8.183617e-03 7.559128e-02 1.236025e-03 -3.750446e-02 9.898931e-03 9.010103e-01 2.945893e-02
1.780195e-02 2.416244e-01 1.027829e-02 1.077432e-01 3.984226e-03 -2.297509e-01 3.277572e-02 9.858259e-02 3.980147e-03 -4.250637e-02 1.079335e-02 9.188162e-01 5.918626e-02
3.022973e-03 1.464612e-01 1.285652e-02 7.664660e-02 4.881640e-03 -2.370639e-01 3.193652e-02 6.871877e-02 1.700281e-03 -1.685569e-02 1.494723e-02 9.490907e-01 1.209830e-01
3.358859e-03 1.582079e-01 1.375689e-02 8.346556e-02 2.548212e-03 -2.536107e-01 4.811751e-02 6.871786e-02 1.978001e-03 -4.647374e-02 1.870818e-02 8.724342e-01 1.190864e-01
4.366516e-03 1.524412e-01 5.264243e-03 8.324504e-02 4.574129e-03 -2.294316e-01 2.188502e-02 7.345472e-02 2.379019e-03 -3.161158e-02 1.162065e-02 8.829525e-01 1.316878e-01
6.045945e-03 1.809059e-01 3.299785e-03 8.204857e-02 1.367383e-03 -3.031456e-01 1.762292e-02 6.761830e-02 7.042270e-04 -4.221845e-02 6.280929e-03 1.153234e+00 7.304929e-02
8.397147e-03 1.760610e-01 8.573412e-03 9.140201e-02 5.561642e-03 -2.215746e-01 1.602175e-02 7.832861e-02 3.733590e-03 -4.082198e-02 8.224322e-03 8.347888e-01 5.581738e-02
1.142012e-02 1.882245e-01 6.906269e-03 8.809145e-02 5.545063e-03 -2.183062e-01 7.799201e-03 8.112441e-02 3.804640e-03 -2.912268e-02 4.578883e-03 8.507520e-01 5.554649e-02
1.511486e-02 2.122064e-01 9.302357e-03 8.660819e-02 7.209445e-03 -2.194223e-01 7.662591e-03 8.046747e-02 4.005832e-03 -2.461430e-02 1.437001e-02 8.726407e-01 4.891322e-02
1.948138e-02 2.403301e-01 1.167650e-02 9.749568e-02 7.484210e-03 -2.252761e-01 1.693483e-02 9.554455e-02 5.380290e-03 -3.100525e-02 1.162970e-02 9.217955e-01 4.622392e-02
5.374174e-03 1.568980e-01 3.730958e-03 8.591968e-02 3.053025e-03 -2.093158e-01 9.001583e-03 7.290992e-02 2.140818e-03 -3.754313e-02 2.061745e-03 7.549795e-01 4.539641e-02
5.710060e-03 2.118712e-01 9.894080e-03 1.012108e-01 5.848218e-03 -3.614776e-01 2.901231e-02 8.067941e-02 5.403427e-03 -6.530502e-02 1.218876e-02 1.275095e+00 8.834032e-02
6.717717e-03 1.700943e-01 6.572227e-03 9.327294e-02 3.574125e-03 -2.086537e-01 1.618064e-02 8.138417e-02 4.079370e-03 -2.424384e-02 1.015798e-02 8.593001e-01 7.090107e-02
8.397147e-03 1.850197e-01 8.173037e-03 9.249446e-02 3.810682e-03 -2.449336e-01 2.176173e-02 7.978836e-02 2.284550e-03 -3.680741e-02 6.200839e-03 9.100418e-01 6.459575e-02
1.074835e-02 1.869014e-01 8.594113e-03 8.644693e-02 3.638005e-03 -2.257974e-01 1.767143e-02 7.649630e-02 1.917118e-03 -2.727179e-02 1.120835e-02 9.138790e-01 4.421170e-02
1.377132e-02 2.118741e-01 8.934626e-03 9.634992e-02 4.408814e-03 -2.268587e-01 1.796659e-02 8.660451e-02 3.017590e-03 -2.937893e-02 1.095838e-02 9.021495e-01 5.063876e-02
1.746606e-02 2.485311e-01 7.748543e-03 1.114296e-01 1.992486e-03 -2.563582e-01 1.987137e-02 1.000470e-01 3.057224e-03 -5.683229e-02 4.766948e-03 9.822698e-01 4.240609e-02
2.183258e-02 2.594265e-01 9.381070e-03 1.069371e-01 6.111360e-03 -2.108978e-01 2.140132e-02 1.081863e-01 3.248781e-03 -3.233513e-02 7.508679e-03 8.973723e-01 5.538922e-02
8.397147e-03 2.122226e-01 1.450551e-02 9.725558e-02 5.136054e-03 -3.133016e-01 5.405499e-02 7.793142e-02 2.174823e-03 -5.766472e-02 1.726671e-02 1.140912e+00 1.739753e-01
8.733032e-03 1.692082e-01 9.901334e-03 8.129562e-02 2.606341e-03 -2.169814e-01 1.812469e-02 6.852998e-02 1.808448e-03 -3.214272e-02 8.473178e-03 8.445078e-01 3.940476e-02
9.740690e-03 2.036360e-01 1.642450e-02 9.787802e-02 5.073208e-03 -2.276743e-01 3.597642e-02 8.208429e-02 2.609838e-03 -3.782771e-02 1.255642e-02 8.320193e-01 7.477805e-02
1.142012e-02 1.797520e-01 1.021988e-02 8.571432e-02 5.421409e-03 -2.279398e-01 1.674352e-02 8.145978e-02 3.123580e-03 -2.910123e-02 9.456763e-03 9.439042e-01 4.445086e-02
1.377132e-02 2.012750e-01 7.933665e-03 9.207630e-02 3.514777e-03 -2.264847e-01 2.612922e-02 8.572706e-02 1.992231e-03 -3.236254e-02 1.065101e-02 9.420467e-01 1.387001e-01
1.679429e-02 2.235895e-01 1.234777e-02 9.977005e-02 4.751302e-03 -2.207523e-01 2.883072e-02 9.669516e-02 2.679213e-03 -2.486195e-02 1.012716e-02 9.433668e-01 8.073870e-02
2.048904e-02 2.656641e-01 1.593529e-02 1.133196e-01 6.971494e-03 -2.258491e-01 2.072239e-02 1.083974e-01 2.939273e-03 -4.352729e-02 1.028449e-02 8.927770e-01 7.254448e-02
2.485555e-02 2.776912e-01 8.200141e-03 1.166888e-01 9.729206e-03 -2.369188e-01 1.648760e-02 1.218910e-01 7.667914e-03 -6.378531e-02 1.535443e-02 9.753894e-01 4.042624e-02
1.209189e-02 2.084742e-01 1.603719e-02 9.515273e-02 1.085851e-02 -2.632250e-01 1.672531e-02 8.144041e-02 6.089230e-03 -4.271516e-02 1.622625e-02 1.006957e+00 5.496529e-02
1.242778e-02 2.113411e-01 1.163701e-02 9.955181e-02 7.584242e-03 -2.416920e-01 2.645706e-02 8.483593e-02 7.132125e-03 -4.013118e-02 6.804343e-03 9.234222e-01 1.084820e-01
1.343543e-02 2.233107e-01 1.101958e-02 9.932541e-02 4.822902e-03 -2.880779e-01 1.006139e-02 8.461502e-02 2.239777e-03 -6.469124e-02 1.094955e-02 1.057380e+00 7.726570e-02
1.511486e-02 2.324538e-01 1.285790e-02 9.665429e-02 7.050751e-03 -2.874784e-01 1.036623e-02 8.952096e-02 3.793171e-03 -5.128582e-02 5.528290e-03 1.031300e+00 2.899211e-02
1.746606e-02 2.221198e-01 7.700463e-03 1.008108e-01 5.038930e-03 -2.314773e-01 9.656836e-03 9.408804e-02 5.125269e-03 -5.251576e-02 1.159749e-02 9.388408e-01 1.916190e-02
2.048904e-02 2.522636e-01 6.263096e-03 1.059831e-01 5.594737e-03 -1.979116e-01 1.928093e-02 1.015266e-01 3.326182e-03 -3.935663e-02 4.423686e-03 9.315193e-01 3.785597e-02
2.418378e-02 2.791173e-01 1.376133e-02 1.162063e-01 8.267345e-03 -2.120100e-01 2.541176e-02 1.157333e-01 8.467842e-03 -4.345412e-02 1.139854e-02 9.900047e-01 5.451763e-02
2.855030e-02 3.052849e-01 2.101259e-02 1.023924e-01 8.367282e-03 -2.169498e-01 2.781243e-02 1.178034e-01 6.203688e-03 -4.374380e-02 1.318547e-02 1.017400e+00 5.200359e-02
1.645841e-02 2.154823e-01 8.585386e-03 9.618285e-02 3.661430e-03 -2.288928e-01 2.574842e-02 9.058642e-02 6.621303e-04 -3.317600e-02 1.362037e-02 9.761143e-01 5.957530e-02
1.679429e-02 2.299880e-01 3.776579e-03 1.001973e-01 1.727096e-03 -2.162676e-01 9.150800e-03 9.048378e-02 3.921095e-03 -3.758001e-02 1.090112e-02 8.908338e-01 8.075830e-02
1.780195e-02 2.488373e-01 1.567176e-02 1.086589e-01 6.898061e-03 -2.401024e-01 3.558947e-02 9.681874e-02 3.962150e-03 -4.415144e-02 1.223412e-02 9.172647e-01 9.339186e-02
1.948138e-02 2.336570e-01 7.415401e-03 9.892596e-02 1.484691e-03 -2.190178e-01 8.095444e-03 9.783909e-02 2.237884e-03 -3.933471e-02 8.568150e-03 9.008026e-01 5.156805e-02
2.183258e-02 2.568440e-01 1.167123e-02 1.025448e-01 6.838508e-03 -1.945951e-01 1.388696e-02 1.025511e-01 5.749605e-03 -2.284059e-02 1.206541e-02 9.271456e-01 5.371316e-02
2.485555e-02 2.750222e-01 6.587584e-03 1.046754e-01 2.933464e-03 -1.693202e-01 1.801206e-02 1.150897e-01 6.394561e-03 -1.739081e-02 1.043271e-02 8.377596e-01 7.166277e-02
2.855030e-02 3.103287e-01 2.106118e-02 1.150392e-01 6.668180e-03 -2.101332e-01 1.833711e-02 1.287648e-01 5.145202e-03 -4.634448e-02 5.938156e-03 1.020623e+00 7.881538e-02
3.291681e-02 3.185908e-01 7.105528e-03 1.022898e-01 6.448385e-03 -1.947285e-01 2.826088e-02 1.396479e-01 5.841292e-03 -3.352741e-02 2.008634e-02 9.678493e-01 5.292868e-02
3.358859e-04 1.319200e-01 1.129977e-02 8.767462e-02 5.308588e-03 -1.735507e-01 2.920349e-02 7.444153e-02 3.862133e-03 -4.533817e-02 9.368983e-03 5.515158e-01 8.920194e-02
6.717717e-04 1.077627e-01 1.660080e-02 7.121150e-02 7.997327e-03 -1.407068e-01 4.294326e-02 6.517662e-02 4.555181e-03 -1.687111e-02 1.822798e-02 5.403173e-01 1.206409e-01
1.679429e-03 1.287532e-01 9.552088e-03 7.781496e-02 5.712264e-03 -1.857225e-01 3.856087e-02 7.322257e-02 4.642511e-03 -8.402295e-03 7.544270e-03 7.736643e-01 1.498009e-01
3.358859e-03 1.668724e-01 2.542558e-02 8.471145e-02 9.379412e-03 -2.965497e-01 7.150826e-02 7.224403e-02 3.989566e-03 -4.039340e-02 2.120969e-02 1.149647e+00 2.318290e-01
5.710060e-03 1.707609e-01 1.043629e-02 9.115628e-02 5.878168e-03 -2.336156e-01 1.653794e-02 8.056157e-02 4.422342e-03 -2.475499e-02 1.160354e-02 9.300570e-01 5.212209e-02
8.733032e-03 1.839566e-01 5.815732e-03 9.293940e-02 4.120413e-03 -2.345845e-01 1.999676e-02 7.981629e-02 4.015480e-03 -4.018839e-02 1.178142e-02 8.675420e-01 4.953137e-02
1.242778e-02 1.970456e-01 1.138727e-02 9.708051e-02 7.291228e-03 -1.970863e-01 9.835768e-03 8.517362e-02 6.485211e-03 -2.632507e-02 5.487849e-03 8.504448e-01 6.370067e-02
1.679429e-02 2.227235e-01 6.211779e-03 9.912724e-02 4.553779e-03 -2.167485e-01 9.105571e-03 8.953010e-02 3.375891e-03 -3.575370e-02 5.740005e-03 9.451038e-01 5.178008e-02
6.717717e-04 1.325095e-01 6.290374e-03 7.749571e-02 3.775105e-03 -2.189244e-01 2.356242e-02 7.094995e-02 2.798977e-03 -1.987164e-02 8.102001e-03 8.565959e-01 1.155575e-01
1.007658e-03 1.196407e-01 6.767346e-03 7.621251e-02 4.462531e-03 -1.609458e-01 1.167166e-02 7.060558e-02 3.503275e-03 -1.230734e-02 1.009183e-02 6.450283e-01 6.897186e-02
2.015315e-03 1.570339e-01 1.199294e-02 8.213762e-02 1.967540e-03 -2.793833e-01 4.299505e-02 7.040468e-02 1.703400e-03 -3.715782e-02 1.449513e-02 1.044725e+00 1.209026e-01
3.694744e-03 1.597734e-01 2.837004e-03 8.417134e-02 3.346114e-03 -2.684458e-01 1.803445e-02 7.211475e-02 2.571861e-03 -4.443887e-02 3.373613e-03 9.826183e-01 8.609812e-02
6.045945e-03 1.720397e-01 1.307126e-02 9.369568e-02 5.469433e-03 -2.240105e-01 3.203516e-02 8.005453e-02 2.803540e-03 -3.879121e-02 1.102411e-02 7.922410e-01 1.102343e-01
9.068918e-03 1.955109e-01 7.910007e-03 9.196303e-02 2.906318e-03 -2.778696e-01 2.054782e-02 7.455233e-02 1.294507e-03 -5.611866e-02 1.276853e-02 1.000282e+00 7.588312e-02
1.276366e-02 2.058332e-01 8.408327e-03 9.095787e-02 5.253041e-03 -2.604642e-01 1.489941e-02 8.221838e-02 5.273861e-03 -4.244196e-02 3.193071e-03 1.002786e+00 6.973714e-02
1.713018e-02 2.247315e-01 3.471846e-03 9.494969e-02 4.109120e-03 -2.374536e-01 6.003116e-03 8.939361e-02 1.374994e-03 -3.614845e-02 9.965378e-03 9.211293e-01 1.930641e-02
1.679429e-03 1.426885e-01 6.117988e-03 8.777022e-02 2.423028e-03 -2.023264e-01 1.774043e-02 7.533519e-02 1.612186e-03 -4.080134e-02 6.570735e-03 7.098281e-01 5.185546e-02
2.015315e-03 1.586452e-01 2.020285e-02 8.864378e-02 8.883136e-03 -2.523008e-01 4.644337e-02 7.418732e-02 4.183641e-03 -4.250330e-02 2.114041e-02 9.016113e-01 1.542754e-01
3.022973e-03 1.504461e-01 1.017963e-02 8.584490e-02 3.774118e-03 -2.109342e-01 3.239119e-02 7.479194e-02 4.686899e-03 -2.339881e-02 1.745290e-02 8.330750e-01 8.823602e-02
4.702402e-03 1.605025e-01 2.115893e-02 8.242983e-02 8.831451e-03 -2.468931e-01 5.350991e-02 7.031620e-02 3.063634e-03 -3.621581e-02 2.612627e-02 9.520481e-01 1.176024e-01
7.053603e-03 1.775866e-01 4.200679e-03 9.287076e-02 4.462778e-03 -2.456977e-01 9.952226e-03 7.612486e-02 3.733139e-03 -6.149552e-02 5.154869e-03 8.363249e-01 5.254976e-02
1.007658e-02 2.061771e-01 6.770125e-03 1.005126e-01 6.300429e-03 -2.743890e-01 1.947186e-02 8.681651e-02 5.414492e-03 -3.992533e-02 1.071987e-02 1.042319e+00 8.616426e-02
1.377132e-02 2.198752e-01 1.863536e-02 9.919318e-02 8.312668e-03 -2.544895e-01 3.378383e-02 8.568290e-02 4.928996e-03 -5.522032e-02 1.323602e-02 9.016493e-01 9.099659e-02
1.813784e-02 2.455534e-01 9.255409e-03 1.048432e-01 6.945752e-03 -2.488546e-01 1.509538e-02 9.818696e-02 4.018533e-03 -4.466118e-02 1.165856e-02 9.950772e-01 2.813312e-02
3.358859e-03 1.424803e-01 1.012382e-02 8.115568e-02 6.699334e-03 -2.021071e-01 1.971868e-02 7.300027e-02 3.717436e-03 -2.302212e-02 1.377293e-02 7.685283e-01 6.412664e-02
3.694744e-03 1.562782e-01 6.621386e-03 8.888164e-02 2.710599e-03 -2.201502e-01 1.779222e-02 7.619647e-02 3.228912e-03 -3.851282e-02 5.504092e-03 8.046849e-01 7.410041e-02
4.702402e-03 1.561457e-01 1.660056e-02 8.275468e-02 5.703137e-03 -2.243748e-01 4.514355e-02 7.206934e-02 3.913346e-03 -2.372487e-02 1.347334e-02 8.970459e-01 1.384346e-01
6.381831e-03 1.533020e-01 1.208540e-02 7.678034e-02 6.719398e-03 -2.125873e-01 2.612687e-02 7.160573e-02 4.086428e-03 -7.503888e-03 1.064570e-02 9.076779e-01 6.186997e-02
8.733032e-03 1.853394e-01 1.321136e-02 9.671468e-02 6.926437e-03 -2.307709e-01 3.347474e-02 8.273643e-02 3.179191e-03 -4.806367e-02 1.754093e-02 8.293083e-01 7.788969e-02
1.175601e-02 2.099527e-01 1.001182e-02 9.171171e-02 5.529703e-03 -2.772652e-01 2.521367e-02 8.300501e-02 3.267526e-03 -3.499069e-02 1.870689e-02 1.031541e+00 1.059290e-01
1.545075e-02 2.365882e-01 1.258178e-02 9.986124e-02 7.312519e-03 -2.963332e-01 1.650285e-02 9.392056e-02 4.361724e-03 -6.118715e-02 1.277028e-02 1.090149e+00 1.962636e-02
1.981727e-02 2.477631e-01 1.687594e-02 1.021828e-01 9.883702e-03 -2.256868e-01 2.053651e-02 1.007280e-01 8.957204e-03 -3.746006e-02 1.271267e-02 9.735356e-01 4.518444e-02
5.710060e-03 1.627890e-01 6.914776e-03 8.842933e-02 3.922054e-03 -2.194646e-01 2.574352e-02 7.826738e-02 2.687334e-03 -2.963125e-02 1.484390e-02 8.566504e-01 6.920595e-02
6.045945e-03 1.695881e-01 1.088669e-02 8.417036e-02 6.275579e-03 -2.594376e-01 2.677262e-02 7.413342e-02 4.872992e-03 -2.532293e-02 9.372660e-03 1.033578e+00 9.790221e-02
7.053603e-03 1.645494e-01 1.150615e-02 8.217815e-02 5.545700e-03 -2.118605e-01 2.457953e-02 7.173601e-02 3.893838e-03 -2.289952e-02 1.135885e-02 8.346360e-01 5.077316e-02
8.733032e-03 1.794025e-01 8.345626e-03 9.191570e-02 4.446567e-03 -2.123687e-01 1.888054e-02 7.813689e-02 2.995841e-03 -3.923099e-02 6.514392e-03 7.737847e-01 6.708338e-02
1.108423e-02 1.930908e-01 9.752691e-03 8.901860e-02 5.344623e-03 -2.410444e-01 2.746676e-02 7.982636e-02 3.377963e-03 -2.935381e-02 1.018429e-02 9.322927e-01 8.354150e-02
1.410721e-02 2.038161e-01 1.072427e-02 9.831012e-02 4.921339e-03 -1.979144e-01 2.387037e-02 8.982185e-02 3.229577e-03 -2.644079e-02 1.164950e-02 8.175752e-01 8.570834e-02
1.780195e-02 2.242274e-01 1.684394e-02 9.861972e-02 9.894057e-03 -2.219032e-01 2.123714e-02 9.398817e-02 5.456142e-03 -3.554455e-02 1.282092e-02 9.308546e-01 5.471768e-02
2.216847e-02 2.503809e-01 1.144608e-02 1.034358e-01 7.687507e-03 -1.909274e-01 1.412672e-02 1.041720e-01 5.277611e-03 -4.049619e-02 1.627285e-02 9.478307e-01 5.006905e-02
8.733032e-03 1.612171e-01 1.026571e-02 8.259325e-02 4.419295e-03 -1.872644e-01 2.396931e-02 7.654665e-02 3.864681e-03 -1.375002e-02 4.643925e-03 7.820054e-01 7.300003e-02
9.068918e-03 1.826399e-01 1.272609e-02 9.029226e-02 4.836450e-03 -2.338150e-01 3.946262e-02 7.664366e-02 2.400805e-03 -3.876004e-02 1.351670e-02 9.100547e-01 1.495734e-01
1.007658e-02 1.971952e-01 1.014093e-02 9.449734e-02 4.849590e-03 -2.409456e-01 3.159723e-02 8.370104e-02 1.484977e-03 -2.520165e-02 1.012785e-02 9.591289e-01 9.055236e-02
1.175601e-02 1.956730e-01 9.910555e-03 8.572653e-02 7.485535e-03 -2.226325e-01 1.366151e-02 7.439393e-02 5.674357e-03 -2.635942e-02 4.883784e-03 9.146881e-01 4.980562e-02
1.410721e-02 2.376598e-01 1.379155e-02 1.099325e-01 8.139672e-03 -2.389676e-01 2.071549e-02 9.556912e-02 4.098219e-03 -3.897290e-02 1.152805e-02 9.077157e-01 4.799691e-02
1.713018e-02 2.226507e-01 1.430982e-02 9.165625e-02 6.770146e-03 -2.246639e-01 1.546484e-02 9.098666e-02 5.022134e-03 -3.103686e-02 4.825200e-03 8.865302e-01 8.014940e-02
2.082492e-02 2.686576e-01 1.079944e-02 1.059199e-01 1.906418e-03 -2.393373e-01 1.733693e-02 1.043790e-01 3.434081e-03 -2.379642e-02 6.747299e-03 1.013480e+00 4.684600e-02
2.519144e-02 2.905017e-01 9.479630e-03 1.210280e-01 8.099770e-03 -2.345833e-01 1.694495e-02 1.307475e-01 1.158570e-02 -5.288984e-02 9.479525e-03 9.505959e-01 5.646540e-02
1.242778e-02 2.009370e-01 9.409681e-03 9.050502e-02 5.602805e-03 -2.399172e-01 3.082356e-02 7.873281e-02 4.084121e-03 -3.835305e-02 1.227494e-02 9.258827e-01 1.036917e-01
1.276366e-02 2.050647e-01 1.218794e-02 9.755049e-02 6.447276e-03 -2.195251e-01 2.204815e-02 8.619165e-02 5.174533e-03 -3.301617e-02 1.127819e-02 8.792856e-01 3.711222e-02
1.377132e-02 2.039562e-01 9.235950e-03 9.450396e-02 7.468902e-03 -2.187234e-01 1.412691e-02 8.460624e-02 6.380143e-03 -3.260819e-02 8.335787e-03 9.236062e-01 3.347298e-02
1.545075e-02 2.090718e-01 1.179818e-02 9.491124e-02 3.419629e-03 -2.073512e-01 2.581770e-02 8.679195e-02 5.590080e-03 -3.190506e-02 9.036587e-03 8.651204e-01 7.798427e-02
1.780195e-02 2.126077e-01 6.795248e-03 9.342239e-02 5.863781e-03 -1.957381e-01 2.393939e-02 9.179404e-02 4.450090e-03 -4.282480e-02 1.158420e-02 8.198040e-01 6.857061e-02
2.082492e-02 2.742988e-01 1.770240e-02 1.152908e-01 8.897363e-03 -2.234568e-01 2.157433e-02 1.061577e-01 3.771317e-03 -4.801987e-02 1.307224e-02 8.994226e-01 7.902318e-02
2.451967e-02 2.938064e-01 1.041411e-02 1.105028e-01 7.385313e-03 -2.452392e-01 1.467008e-02 1.098720e-01 7.497152e-03 -4.715932e-02 1.122966e-02 9.421793e-01 5.213961e-02
2.888618e-02 2.989193e-01 1.372474e-02 1.109763e-01 5.901540e-03 -1.788910e-01 1.297773e-02 1.306095e-01 4.687578e-03 -3.949201e-02 8.949272e-03 8.979371e-01 2.958593e-02
1.679429e-02 2.318503e-01 1.444221e-02 1.042856e-01 5.688775e-03 -2.343939e-01 3.320263e-02 9.589838e-02 2.662106e-03 -4.080510e-02 1.084011e-02 9.853726e-01 7.705086e-02
1.713018e-02 2.347246e-01 1.683619e-02 1.031210e-01 6.291027e-03 -2.284062e-01 2.339524e-02 9.425685e-02 2.233246e-03 -4.410646e-02 6.580706e-03 9.186171e-01 6.795236e-02
1.813784e-02 2.415662e-01 1.070525e-02 1.006637e-01 5.231972e-03 -2.463168e-01 1.837848e-02 9.675271e-02 3.015578e-03 -3.833587e-02 7.847208e-03 9.989773e-01 6.569026e-02
1.981727e-02 2.387811e-01 1.213026e-02 1.004922e-01 8.108279e-03 -1.904899e-01 1.889830e-02 9.649802e-02 4.335551e-03 -2.529828e-02 1.382331e-02 9.562402e-01 4.153279e-02
2.216847e-02 2.726754e-01 1.479110e-02 1.143664e-01 6.841351e-03 -2.100365e-01 2.164646e-02 1.083662e-01 4.213743e-03 -4.354703e-02 1.281681e-03 9.263209e-01 6.813423e-02
2.519144e-02 2.953017e-01 1.397868e-02 1.176022e-01 5.588546e-03 -2.411235e-01 2.178709e-02 1.178443e-01 5.484432e-03 -5.144125e-02 7.603762e-03 1.017908e+00 7.079873e-02
2.888618e-02 3.082314e-01 1.859328e-02 1.142457e-01 1.255793e-02 -1.814812e-01 6.525207e-03 1.348695e-01 5.241676e-03 -3.330148e-02 1.490039e-02 8.903718e-01 1.845208e-02
3.325270e-02 3.343217e-01 1.197968e-02 1.067662e-01 8.154621e-03 -2.034754e-01 3.000733e-02 1.448807e-01 5.307560e-03 -5.524154e-02 1.295562e-02 9.906425e-01 7.599667e-02
1.343543e-03 1.523992e-01 1.891995e-02 8.799994e-02 6.694167e-03 -2.534607e-01 5.756569e-02 7.450328e-02 2.765340e-03 -4.768829e-02 1.881275e-02 9.062736e-01 1.769358e-01
1.679429e-03 1.412794e-01 1.251112e-02 8.209203e-02 2.945834e-03 -2.203601e-01 4.468937e-02 7.128426e-02 2.030359e-03 -3.663231e-02 9.809608e-03 7.887609e-01 1.524747e-01
2.687087e-03 1.353637e-01 8.979655e-03 7.767677e-02 3.439409e-03 -2.119240e-01 2.824698e-02 7.072674e-02 2.306601e-03 -2.103444e-02 1.040241e-02 8.524807e-01 9.448013e-02
4.366516e-03 1.499204e-01 9.709845e-03 8.163730e-02 3.465435e-03 -2.115947e-01 3.680173e-02 7.152131e-02 2.158201e-03 -2.827574e-02 1.376407e-02 8.052642e-01 9.857554e-02
6.717717e-03 1.812796e-01 1.126147e-02 9.313273e-02 3.280964e-03 -2.679096e-01 2.930654e-02 8.065260e-02 2.419282e-03 -4.220765e-02 8.817752e-03 1.029756e+00 7.120860e-02
9.740690e-03 2.000371e-01 1.720189e-02 8.619658e-02 7.731902e-03 -2.873191e-01 2.036401e-02 7.428013e-02 2.309272e-03 -4.062761e-02 1.102857e-02 1.046760e+00 6.434897e-02
1.343543e-02 2.138804e-01 5.426391e-03 9.724925e-02 4.352096e-03 -2.258409e-01 4.911544e-03 8.507342e-02 3.322685e-03 -4.810748e-02 5.115109e-03 7.525127e-01 1.953760e-02
1.780195e-02 2.245751e-01 1.015860e-02 9.858903e-02 4.977541e-03 -1.963049e-01 1.533241e-02 9.497188e-02 2.999668e-03 -2.353572e-02 6.227062e-03 8.738840e-01 4.992132e-02
1.679429e-03 1.364846e-01 1.208752e-02 7.956770e-02 3.610184e-03 -2.121260e-01 3.800174e-02 7.252515e-02 2.565662e-03 -1.547737e-02 5.374051e-03 8.761793e-01 1.506068e-01
2.015315e-03 1.623925e-01 2.125719e-02 8.767243e-02 9.086428e-03 -2.849596e-01 5.370264e-02 7.583727e-02 4.753607e-03 -4.342170e-02 2.017926e-02 1.045721e+00 1.587749e-01
3.022973e-03 1.821924e-01 2.504554e-02 9.591016e-02 6.357817e-03 -3.089711e-01 8.233103e-02 7.997933e-02 3.367118e-03 -4.858189e-02 1.756260e-02 1.130338e+00 2.830794e-01
4.702402e-03 1.562071e-01 1.535681e-02 8.212289e-02 5.814570e-03 -2.390704e-01 3.998019e-02 7.070433e-02 2.432402e-03 -3.822029e-02 1.445135e-02 8.673269e-01 1.215091e-01
7.053603e-03 1.700187e-01 6.758822e-03 8.945746e-02 2.657631e-03 -2.105161e-01 2.250707e-02 7.598306e-02 1.676017e-03 -3.886016e-02 9.103742e-03 7.676236e-01 6.824130e-02
1.007658e-02 1.891660e-01 7.715028e-03 9.215694e-02 4.287691e-03 -2.233974e-01 2.138448e-02 8.085111e-02 3.425742e-03 -3.612307e-02 7.015064e-03 8.524386e-01 6.851252e-02
1.377132e-02 2.150227e-01 1.131853e-02 9.592827e-02 5.388783e-03 -2.333473e-01 1.336097e-02 8.615434e-02 2.613389e-03 -3.198918e-02 1.010468e-02 9.315057e-01 5.823854e-02
1.813784e-02 2.330645e-01 1.164729e-02 9.901344e-02 4.403081e-03 -2.235695e-01 1.875361e-02 9.389774e-02 4.852854e-03 -2.033883e-02 6.190749e-03 9.595172e-01 6.861867e-02
2.687087e-03 1.584924e-01 1.356522e-02 8.427306e-02 4.279765e-03 -2.716091e-01 4.719886e-02 6.929814e-02 2.874569e-03 -5.038930e-02 8.990614e-03 9.711235e-01 1.892239e-01
3.022973e-03 1.414809e-01 1.221131e-02 7.910076e-02 6.692262e-03 -2.020971e-01 3.076796e-02 6.778312e-02 4.936886e-03 -3.145947e-02 1.327784e-02 7.260479e-01 7.490596e-02
4.030630e-03 1.595496e-01 1.137679e-02 8.932331e-02 3.139656e-03 -2.317582e-01 3.303727e-02 7.836927e-02 2.067296e-03 -2.871979e-02 1.219945e-02 9.097269e-01 1.055901e-01
5.710060e-03 1.663864e-01 9.559926e-03 8.932840e-02 2.166678e-03 -2.226360e-01 3.547641e-02 7.650298e-02 3.125232e-03 -3.727399e-02 1.236869e-02 7.863535e-01 9.637877e-02
8.061261e-03 1.862792e-01 9.317099e-03 9.173167e-02 5.555090e-03 -2.445882e-01 1.558135e-02 8.005131e-02 3.612479e-03 -3.115101e-02 4.801055e-03 9.235139e-01 6.667995e-02
1.108423e-02 1.998735e-01 1.038178e-02 9.683152e-02 4.952624e-03 -2.438400e-01 2.219505e-02 8.416565e-02 5.378108e-03 -3.634772e-02 8.826985e-03 9.828673e-01 5.395174e-02
1.477898e-02 2.141931e-01 1.160376e-02 9.530095e-02 5.814164e-03 -2.369229e-01 1.692509e-02 8.662616e-02 3.001025e-03 -3.811034e-02 8.312207e-03 9.235866e-01 4.215777e-02
1.914549e-02 2.367842e-01 1.273913e-02 1.017321e-01 6.837038e-03 -2.162418e-01 1.333855e-02 9.462831e-02 2.946246e-03 -3.743396e-02 1.091287e-02 9.452746e-01 4.011717e-02
4.366516e-03 1.672341e-01 1.415847e-02 8.821076e-02 8.073927e-03 -2.466612e-01 2.679035e-02 7.838594e-02 5.450462e-03 -1.789012e-02 1.052187e-02 1.004103e+00 1.036138e-01
4.702402e-03 1.778110e-01 1.726855e-02 9.270398e-02 6.738379e-03 -2.830552e-01 4.657010e-02 7.636994e-02 4.746789e-03 -5.090083e-02 1.166250e-02 1.033839e+00 1.716938e-01
5.710060e-03 1.609110e-01 8.976616e-03 8.482363e-02 3.749488e-03 -2.152258e-01 2.143197e-02 7.288467e-02 2.599317e-03 -2.958886e-02 7.728693e-03 8.220218e-01 9.018609e-02
7.389489e-03 1.687459e-01 9.770552e-03 8.416247e-02 5.705010e-03 -2.262577e-01 1.383847e-02 7.420768e-02 2.316399e-03 -2.668489e-02 4.914425e-03 8.792680e-01 7.009360e-02
9.740690e-03 1.923636e-01 4.386735e-03 9.555533e-02 3.452406e-03 -2.232372e-01 1.075370e-02 8.038041e-02 2.297047e-03 -2.834401e-02 3.762450e-03 9.018335e-01 5.613623e-02
1.276366e-02 2.142763e-01 8.378261e-03 1.052991e-01 2.474794e-03 -2.219110e-01 1.585876e-02 9.089446e-02 3.197422e-03 -4.089712e-02 6.378317e-03 8.300944e-01 4.791266e-02
1.645841e-02 2.332403e-01 1.089585e-02 9.837732e-02 5.795045e-03 -2.408884e-01 1.907716e-02 8.843376e-02 2.922498e-03 -4.107501e-02 1.104310e-02 9.247552e-01 4.882690e-02
2.082492e-02 2.639011e-01 1.275384e-02 1.069847e-01 4.559714e-03 -2.511868e-01 1.848251e-02 9.984441e-02 2.810549e-03 -4.255947e-02 9.292572e-03 1.059272e+00 7.331009e-02
6.717717e-03 1.771288e-01 8.370191e-03 9.025766e-02 5.265666e-03 -2.493265e-01 2.218924e-02 7.538475e-02 3.576418e-03 -4.920592e-02 8.260682e-03 9.020212e-01 8.371896e-02
7.053603e-03 1.611865e-01 6.198337e-03 8.352111e-02 5.442438e-03 -2.098386e-01 2.011208e-02 7.116179e-02 4.323055e-03 -3.190319e-02 7.812109e-03 8.048319e-01 5.820636e-02
8.061261e-03 1.938381e-01 1.698313e-02 9.211536e-02 9.023716e-03 -2.833104e-01 2.966310e-02 7.266715e-02 5.351759e-03 -6.078519e-02 1.023269e-02 9.770470e-01 9.085448e-02
9.740690e-03 1.869139e-01 1.419349e-02 8.756458e-02 5.692764e-03 -2.337863e-01 2.885690e-02 7.447357e-02 4.068036e-03 -3.178386e-02 8.238276e-03 8.869376e-01 6.753830e-02
1.209189e-02 2.093298e-01 1.800249e-02 9.758467e-02 9.427696e-03 -2.256543e-01 2.598700e-02 8.552926e-02 5.868149e-03 -2.858502e-02 1.705563e-02 8.857824e-01 3.090063e-02
1.511486e-02 2.096818e-01 1.372283e-02 1.011125e-01 5.517066e-03 -2.041629e-01 2.307819e-02 9.243551e-02 3.923593e-03 -4.213172e-02 8.643272e-03 8.671261e-01 7.080495e-02
1.880961e-02 2.579391e-01 1.197691e-02 1.053131e-01 4.334078e-03 -2.478534e-01 1.893696e-02 9.719708e-02 3.997257e-03 -4.039280e-02 7.171821e-03 9.834035e-01 6.206218e-02
2.317612e-02 2.547635e-01 1.360197e-02 9.925756e-02 8.876187e-03 -1.842133e-01 2.184396e-02 1.022444e-01 6.305292e-03 -1.920630e-02 1.113294e-02 8.883362e-01 4.707594e-02
9.740690e-03 1.978608e-01 2.250080e-02 9.204706e-02 9.939033e-03 -2.694600e-01 3.929911e-02 7.909970e-02 4.976318e-03 -2.702126e-02 1.702746e-02 1.096695e+00 9.277089e-02
1.007658e-02 2.148395e-01 5.711912e-03 1.061764e-01 4.064008e-03 -2.559206e-01 1.742409e-02 8.616573e-02 2.776101e-03 -5.618422e-02 1.061620e-02 8.917494e-01 3.990785e-02
1.108423e-02 1.935957e-01 5.913022e-03 9.138919e-02 4.359762e-03 -2.515310e-01 2.239862e-02 7.991122e-02 5.111525e-03 -4.653970e-02 6.877402e-03 9.650451e-01 8.742921e-02
1.276366e-02 2.217446e-01 1.614159e-02 1.035136e-01 1.100490e-02 -2.762772e-01 2.680054e-02 8.939406e-02 8.790236e-03 -6.041374e-02 9.013026e-03 9.865188e-01 1.096286e-01
1.511486e-02 2.254550e-01 1.802363e-02 9.810965e-02 7.874886e-03 -2.668496e-01 3.127320e-02 8.825199e-02 4.465292e-03 -5.980668e-02 1.048014e-02 9.589290e-01 7.182001e-02
1.813784e-02 2.371018e-01 3.296832e-03 1.030110e-01 4.072444e-03 -2.393172e-01 1.585537e-02 9.888065e-02 4.185057e-03 -4.522935e-02 9.813247e-03 9.554068e-01 4.402275e-02
2.183258e-02 2.668865e-01 1.346148e-02 1.166606e-01 6.391586e-03 -2.258160e-01 1.947238e-02 1.137617e-01 2.926891e-03 -4.591182e-02 5.016369e-03 8.955348e-01 5.661257e-02
2.619910e-02 2.785700e-01 1.134057e-02 9.403708e-02 7.644808e-03 -2.221893e-01 1.629048e-02 1.123705e-01 5.989556e-03 -2.535181e-02 1.151673e-02 1.038324e+00 5.261914e-02
1.343543e-02 2.077897e-01 1.025316e-02 9.453318e-02 5.557930e-03 -2.368345e-01 3.101724e-02 8.587634e-02 5.534326e-03 -3.348229e-02 8.845158e-03 9.181735e-01 1.268061e-01
1.377132e-02 2.192464e-01 1.461541e-02 9.666582e-02 7.165135e-03 -2.328560e-01 3.053825e-02 8.400457e-02 4.079765e-03 -4.402272e-02 1.611325e-02 9.048419e-01 7.225416e-02
1.477898e-02 2.269099e-01 1.390812e-02 1.054771e-01 5.268492e-03 -2.369507e-01 2.690469e-02 9.631130e-02 8.425250e-04 -4.377368e-02 1.326687e-02 9.638857e-01 8.064451e-02
1.645841e-02 2.414111e-01 1.082830e-02 1.123097e-01 5.447986e-03 -2.578771e-01 1.168273e-02 1.014878e-01 2.441307e-03 -5.318582e-02 8.733090e-03 9.169367e-01 5.199977e-02
1.880961e-02 2.615063e-01 1.515492e-02 1.091775e-01 8.610384e-03 -2.619981e-01 1.787631e-02 9.905062e-02 3.856165e-03 -6.631810e-02 8.900712e-03 1.004601e+00 4.753303e-02
2.183258e-02 2.794348e-01 1.865679e-02 1.135472e-01 8.378859e-03 -2.231255e-01 1.288539e-02 1.111305e-01 6.291417e-03 -3.936780e-02 9.166644e-03 9.079476e-01 4.272769e-02
2.552733e-02 2.844203e-01 1.916059e-02 1.123720e-01 8.891939e-03 -1.921033e-01 2.310408e-02 1.171693e-01 3.340181e-03 -4.764507e-02 1.466416e-02 9.388340e-01 5.489997e-02
2.989384e-02 3.371022e-01 9.810572e-03 1.186013e-01 4.435274e-03 -2.186974e-01 2.376476e-02 1.333838e-01 3.754056e-03 -4.997011e-02 1.131343e-02 9.615987e-01 4.816019e-02
1.780195e-02 2.210416e-01 1.106973e-02 9.521660e-02 3.932029e-03 -2.265944e-01 1.814485e-02 9.063753e-02 1.171790e-03 -3.714705e-02 8.229650e-03 9.527435e-01 6.211935e-02
1.813784e-02 2.546424e-01 6.430242e-03 1.060338e-01 2.880677e-03 -2.511372e-01 1.528615e-02 9.624131e-02 2.878610e-03 -4.494663e-02 9.260614e-03 9.192418e-01 4.376535e-02
1.914549e-02 2.445158e-01 1.288230e-02 1.082533e-01 7.436540e-03 -2.174625e-01 1.878868e-02 1.038463e-01 6.079383e-03 -4.065974e-02 8.099208e-03 8.525074e-01 4.502622e-02
2.082492e-02 2.571821e-01 1.210196e-02 1.072536e-01 6.367955e-03 -2.270332e-01 2.161566e-02 1.058942e-01 6.692742e-03 -4.219197e-02 9.380855e-03 9.185208e-01 4.064973e-02
2.317612e-02 2.606233e-01 1.594941e-02 9.778062e-02 5.732133e-03 -2.437959e-01 1.918437e-02 1.042118e-01 2.474635e-03 -5.590976e-02 1.541491e-02 9.428590e-01 6.013370e-02
2.619910e-02 3.066939e-01 2.105757e-02 1.168626e-01 1.085716e-02 -2.251809e-01 1.867287e-02 1.239147e-01 5.113436e-03 -4.795617e-02 4.618462e-03 9.763368e-01 4.885904e-02
2.989384e-02 3.115047e-01 1.872641e-02 1.191259e-01 1.226281e-02 -1.835288e-01 2.263611e-02 1.458793e-01 6.739525e-03 -2.000018e-02 1.451194e-02 9.189325e-01 3.078758e-02
3.426036e-02 3.785678e-01 2.314947e-02 1.362002e-01 6.709623e-03 -1.888933e-01 3.053085e-02 1.486545e-01 1.653770e-03 -6.446982e-02 1.576570e-02 9.887438e-01 1.161494e-01
3.022973e-03 1.468455e-01 6.892329e-03 7.851956e-02 3.830658e-03 -2.381319e-01 2.193971e-02 7.002436e-02 3.419238e-03 -2.024703e-02 9.214266e-03 9.723415e-01 6.111585e-02
3.358859e-03 1.837027e-01 1.823417e-02 9.075999e-02 5.052046e-03 -3.261109e-01 5.732394e-02 7.451179e-02 2.562508e-03 -4.771550e-02 9.610819e-03 1.195036e+00 2.038568e-01
4.366516e-03 1.649311e-01 1.768043e-02 9.001795e-02 8.977946e-03 -2.450404e-01 3.246333e-02 7.394235e-02 4.632577e-03 -4.786019e-02 1.528149e-02 8.899288e-01 9.108379e-02
6.045945e-03 1.726299e-01 1.541917e-02 8.843026e-02 5.852920e-03 -2.458592e-01 3.804732e-02 7.459855e-02 3.559897e-03 -4.202102e-02 1.416870e-02 8.879530e-01 1.188385e-01
8.397147e-03 1.861453e-01 9.209205e-03 9.388787e-02 4.422869e-03 -2.399233e-01 1.988338e-02 8.226698e-02 2.735196e-03 -3.717614e-02 6.810257e-03 8.585449e-01 8.348306e-02
1.142012e-02 2.188570e-01 1.281277e-02 1.014521e-01 4.252938e-03 -2.766983e-01 2.937915e-02 8.388384e-02 2.623125e-03 -5.155827e-02 7.618564e-03 9.945879e-01 9.245066e-02
1.511486e-02 2.018299e-01 7.693678e-03 8.741223e-02 3.430964e-03 -1.937964e-01 2.128001e-02 8.036813e-02 1.875142e-03 -1.938429e-02 8.819153e-03 8.747192e-01 4.875729e-02
1.948138e-02 2.384880e-01 1.793440e-02 9.893624e-02 8.966509e-03 -2.214693e-01 1.781498e-02 9.789534e-02 5.890844e-03 -3.056325e-02 1.285665e-02 9.395716e-01 4.664490e-02
3.358859e-03 1.672954e-01 1.673883e-02 8.576532e-02 4.377971e-03 -2.817712e-01 5.260698e-02 7.071731e-02 2.949629e-03 -5.193389e-02 1.433655e-02 9.690580e-01 1.610775e-01
3.694744e-03 1.579704e-01 1.416286e-02 8.007881e-02 7.225456e-03 -2.587391e-01 3.545370e-02 6.712391e-02 4.858187e-03 -4.340179e-02 1.275746e-02 9.012077e-01 1.150624e-01
4.702402e-03 1.510935e-01 6.484029e-03 8.412624e-02 5.150537e-03 -2.011538e-01 1.333467e-02 7.378962e-02 3.042672e-03 -2.521944e-02 7.008478e-03 7.789264e-01 5.928799e-02
6.381831e-03 1.702262e-01 9.825282e-03 8.101582e-02 4.727719e-03 -2.701492e-01 2.678309e-02 7.189409e-02 3.439831e-03 -2.714260e-02 3.549402e-03 1.077687e+00 1.072280e-01
8.733032e-03 2.051695e-01 1.728476e-02 9.859741e-02 6.762496e-03 -2.861695e-01 5.084521e-02 8.601191e-02 3.423735e-03 -3.852596e-02 1.853107e-02 1.064118e+00 1.436467e-01
1.175601e-02 1.770792e-01 7.843821e-03 8.044599e-02 4.522211e-03 -1.976331e-01 1.312310e-02 7.128877e-02 2.333718e-03 -2.797218e-02 8.130378e-03 7.989059e-01 3.645393e-02
1.545075e-02 2.547632e-01 1.053875e-02 1.116565e-01 4.334017e-03 -2.489768e-01 2.162016e-02 9.359412e-02 2.302010e-03 -3.991443e-02 1.004436e-02 9.197620e-01 4.430031e-02
1.981727e-02 2.616402e-01 3.035114e-03 1.089079e-01 6.023438e-03 -2.674480e-01 9.503915e-03 9.735560e-02 5.425386e-03 -5.047241e-02 8.054637e-03 1.094109e+00 4.726292e-02
4.366516e-03 1.736814e-01 1.257485e-02 9.531568e-02 5.689891e-03 -2.621146e-01 5.258901e-02 7.902286e-02 4.544140e-03 -5.047779e-02 1.727935e-02 9.668739e-01 1.774991e-01
4.702402e-03 1.495184e-01 9.901699e-03 8.347082e-02 5.249248e-03 -1.909056e-01 2.206617e-02 7.128438e-02 4.283699e-03 -3.413825e-02 6.634159e-03 6.871806e-01 7.030726e-02
5.710060e-03 1.639168e-01 1.157128e-02 8.337539e-02 3.657657e-03 -2.534421e-01 3.219182e-02 7.249478e-02 2.482297e-03 -3.984386e-02 7.544169e-03 9.405545e-01 1.272637e-01
7.389489e-03 1.863202e-01 6.387278e-03 9.505925e-02 3.828765e-03 -2.442194e-01 1.990702e-02 7.987728e-02 3.764378e-03 -3.483934e-02 4.983529e-03 9.312775e-01 5.375336e-02
9.740690e-03 2.009769e-01 1.285288e-02 9.272911e-02 5.874626e-03 -2.877140e-01 3.278323e-02 8.209262e-02 3.645649e-03 -4.306486e-02 1.844768e-02 1.049344e+00 6.250665e-02
1.276366e-02 2.218163e-01 1.127603e-02 1.045746e-01 4.847917e-03 -2.519643e-01 2.892482e-02 8.950454e-02 3.891735e-03 -4.302482e-02 1.064315e-02 9.590973e-01 5.888647e-02
1.645841e-02 2.178003e-01 5.244341e-03 9.034014e-02 3.476707e-03 -2.415591e-01 2.165464e-02 8.383875e-02 2.925250e-03 -4.243383e-02 1.408546e-02 1.001823e+00 7.299063e-02
2.082492e-02 2.535555e-01 1.275230e-02 1.111122e-01 8.110818e-03 -1.983724e-01 2.035181e-02 1.105243e-01 6.787401e-03 -3.378855e-02 1.062093e-02 8.847133e-01 5.522594e-02
6.045945e-03 1.848063e-01 1.017079e-02 9.383237e-02 4.066902e-03 -2.763856e-01 2.750152e-02 7.981145e-02 2.161346e-03 -4.532302e-02 1.413598e-02 9.916662e-01 8.690044e-02
6.381831e-03 1.689114e-01 1.570300e-02 8.546190e-02 9.349008e-03 -2.443686e-01 2.718115e-02 7.431775e-02 5.117960e-03 -2.846643e-02 1.193330e-02 1.004772e+00 6.848179e-02
7.389489e-03 1.834394e-01 7.173473e-03 9.648272e-02 2.451368e-03 -2.233007e-01 2.768446e-02 8.255606e-02 2.579239e-03 -2.937258e-02 7.442341e-03 8.836815e-01 1.181702e-01
9.068918e-03 1.920269e-01 7.075356e-03 9.527449e-02 6.713761e-03 -2.573003e-01 2.958302e-02 8.337862e-02 6.719551e-03 -4.065690e-02 5.000504e-03 9.469042e-01 1.117347e-01
1.142012e-02 2.048467e-01 4.707791e-03 9.355851e-02 4.629994e-03 -2.666895e-01 1.653145e-02 8.014346e-02 3.733882e-03 -5.296947e-02 1.547766e-03 9.544297e-01 4.864161e-02
1.444309e-02 2.117982e-01 1.339148e-02 9.670825e-02 6.630078e-03 -2.392651e-01 2.558029e-02 8.579680e-02 4.903968e-03 -3.894614e-02 1.057182e-02 9.478253e-01 6.144013e-02
1.813784e-02 2.293086e-01 1.122254e-02 9.623742e-02 4.299358e-03 -2.191259e-01 1.297161e-02 9.338900e-02 2.419291e-03 -3.346408e-02 1.107756e-02 8.607531e-01 5.172473e-02
2.250435e-02 3.020179e-01 1.269167e-02 1.191761e-01 7.510213e-03 -2.793495e-01 3.716250e-02 1.166485e-01 3.821111e-03 -5.730427e-02 2.194583e-02 1.083515e+00 1.283429e-01
8.397147e-03 1.740870e-01 7.341915e-03 8.283810e-02 3.040578e-03 -2.442215e-01 2.682594e-02 7.071440e-02 4.533200e-03 -3.999958e-02 1.131599e-02 9.003542e-01 6.436419e-02
8.733032e-03 1.731353e-01 7.265030e-03 8.523444e-02 4.816447e-03 -2.098622e-01 1.890048e-02 7.714199e-02 5.291100e-03 -1.817971e-02 5.731363e-03 8.312682e-01 5.760708e-02
9.740690e-03 2.092249e-01 1.429515e-02 9.363408e-02 7.683717e-03 -2.993984e-01 1.231842e-02 7.912792e-02 3.811865e-03 -4.544752e-02 8.803934e-03 1.064644e+00 3.595137e-02
1.142012e-02 1.954459e-01 9.132613e-03 9.477019e-02 5.712088e-03 -2.186879e-01 2.076888e-02 8.576481e-02 6.482796e-03 -3.290002e-02 8.384107e-03 8.896503e-01 6.958013e-02
1.377132e-02 2.202725e-01 1.580477e-02 1.005388e-01 7.108154e-03 -2.237180e-01 2.002217e-02 8.634506e-02 2.769316e-03 -3.340162e-02 1.189915e-02 8.898207e-01 4.680084e-02
1.679429e-02 2.532655e-01 5.175246e-03 1.078658e-01 2.808664e-03 -2.949083e-01 3.612210e-02 9.470921e-02 3.906334e-03 -5.434203e-02 1.375882e-02 1.111793e+00 1.078686e-01
2.048904e-02 2.541980e-01 9.240113e-03 1.067932e-01 3.318122e-03 -2.153287e-01 1.819114e-02 1.032143e-01 1.807408e-03 -4.848762e-02 3.823859e-03 9.054357e-01 5.638214e-02
2.485555e-02 2.602462e-01 8.726576e-03 1.029141e-01 3.608382e-03 -1.784220e-01 2.405318e-02 1.113711e-01 3.477154e-03 -2.140259e-02 9.998756e-03 8.999516e-01 4.366933e-02
1.142012e-02 2.154580e-01 1.002282e-02 9.626137e-02 6.469038e-03 -2.858145e-01 1.989136e-02 8.174043e-02 3.769796e-03 -5.248025e-02 8.895318e-03 1.041600e+00 7.325750e-02
1.175601e-02 2.123766e-01 1.097906e-02 9.509826e-02 7.172308e-03 -2.825893e-01 1.611215e-02 8.268212e-02 4.060687e-03 -4.667893e-02 9.987962e-03 1.022289e+00 2.790862e-02
1.276366e-02 2.119438e-01 1.029539e-02 9.977506e-02 6.881577e-03 -2.513368e-01 2.694766e-02 9.092249e-02 3.566880e-03 -3.533457e-02 1.051161e-02 9.829304e-01 8.524806e-02
1.444309e-02 2.113339e-01 1.321779e-02 9.129207e-02 4.606136e-03 -2.246401e-01 2.755405e-02 8.229178e-02 3.319045e-03 -3.710068e-02 1.197086e-02 8.464265e-01 4.522432e-02
1.679429e-02 2.426911e-01 7.275928e-03 1.026282e-01 2.046651e-03 -2.268619e-01 2.466208e-02 9.302629e-02 1.115288e-03 -1.496282e-02 1.052859e-02 9.863252e-01 6.472352e-02
1.981727e-02 2.377673e-01 1.313703e-02 1.035245e-01 6.339258e-03 -2.027438e-01 1.157238e-02 1.010119e-01 4.302384e-03 -3.434835e-02 9.658231e-03 8.928402e-01 5.166589e-02
2.351201e-02 3.032925e-01 9.770847e-03 1.216035e-01 7.684003e-03 -2.321362e-01 1.486501e-02 1.176480e-01 7.159855e-03 -4.988473e-02 6.083757e-03 9.285526e-01 2.613101e-02
2.787853e-02 3.058322e-01 1.284628e-02 1.227206e-01 7.019320e-03 -1.859645e-01 1.272130e-02 1.404447e-01 4.757562e-03 -1.637958e-02 1.397665e-02 9.597045e-01 2.251996e-02
1.511486e-02 2.341412e-01 1.003373e-02 1.082387e-01 5.689675e-03 -2.543554e-01 3.009292e-02 9.624519e-02 4.225609e-03 -4.574415e-02 1.563032e-02 1.021421e+00 7.357747e-02
1.545075e-02 2.221383e-01 9.145742e-03 9.432242e-02 4.304834e-03 -2.392950e-01 2.205146e-02 8.475094e-02 2.292902e-03 -3.812959e-02 9.623302e-03 9.571017e-01 7.303245e-02
1.645841e-02 2.278017e-01 1.086614e-02 9.710122e-02 6.551652e-03 -2.520136e-01 2.238411e-02 8.750886e-02 5.043827e-03 -4.609799e-02 8.822260e-03 9.607290e-01 6.694639e-02
1.813784e-02 2.187534e-01 1.011430e-02 9.405749e-02 4.858098e-03 -2.304136e-01 1.225408e-02 9.289754e-02 4.997056e-03 -4.059895e-02 8.624003e-03 9.706797e-01 6.391323e-02
2.048904e-02 2.638689e-01 9.349167e-03 1.101673e-01 3.753595e-03 -2.377549e-01 2.742128e-02 1.031158e-01 3.081856e-03 -4.273764e-02 1.529067e-02 1.015592e+00 6.206034e-02
2.351201e-02 2.913953e-01 9.120015e-03 1.047369e-01 1.666492e-03 -2.395656e-01 2.863256e-02 1.054667e-01 5.540349e-03 -4.124586e-02 1.005012e-02 9.196791e-01 1.134457e-01
2.720675e-02 3.223919e-01 1.153523e-02 1.306576e-01 6.405837e-03 -1.983876e-01 1.876880e-02 1.303630e-01 2.143565e-03 -3.868278e-02 1.898417e-02 9.025361e-01 5.167036e-02
3.157327e-02 3.303329e-01 1.514984e-02 1.205788e-01 4.140848e-03 -2.287479e-01 2.985589e-02 1.392311e-01 5.527469e-03 -6.839136e-02 1.536737e-02 9.797612e-01 7.765244e-02
1.948138e-02 2.491076e-01 1.961965e-02 1.013844e-01 7.005896e-03 -2.542602e-01 2.757504e-02 9.591648e-02 3.617421e-03 -4.117693e-02 1.366292e-02 1.050606e+00 3.700409e-02
1.981727e-02 2.543791e-01 1.119637e-02 1.067216e-01 6.499139e-03 -2.336762e-01 2.441154e-02 1.020693e-01 6.703712e-03 -4.374686e-02 8.125664e-03 9.786903e-01 6.675282e-02
2.082492e-02 2.723482e-01 1.467523e-02 1.147856e-01 1.000361e-02 -2.384600e-01 2.074405e-02 1.120298e-01 6.612506e-03 -4.195540e-02 6.044668e-03 9.394111e-01 5.432767e-02
2.250435e-02 3.004025e-01 1.368063e-02 1.217851e-01 6.819335e-03 -2.585844e-01 2.304215e-02 1.151492e-01 2.502570e-03 -6.207444e-02 5.204730e-03 1.026060e+00 8.548252e-02
2.485555e-02 2.784517e-01 1.511823e-02 9.937619e-02 3.731645e-03 -2.255160e-01 1.619711e-02 1.066070e-01 3.465697e-03 -4.076703e-02 1.136369e-02 9.016526e-01 5.914172e-02
2.787853e-02 3.027075e-01 1.119456e-02 1.078569e-01 4.178890e-03 -2.054406e-01 1.936461e-02 1.159467e-01 5.221393e-03 -3.507540e-02 5.257142e-03 9.760756e-01 6.418936e-02
3.157327e-02 3.097592e-01 1.060387e-02 1.144096e-01 5.473308e-03 -2.059806e-01 1.493521e-02 1.497180e-01 8.951831e-03 -4.691188e-02 2.049193e-02 9.924618e-01 8.249524e-02
3.593979e-02 3.754151e-01 2.102132e-02 1.301368e-01 1.343626e-02 -1.714298e-01 3.003679e-02 1.721300e-01 6.144791e-03 -4.372150e-02 9.711161e-03 9.823807e-01 6.919127e-02
5.374174e-03 1.713533e-01 8.357618e-03 9.151254e-02 4.246171e-03 -2.441573e-01 3.028938e-02 7.852003e-02 3.632413e-03 -3.973726e-02 5.787372e-03 9.242314e-01 1.191983e-01
5.710060e-03 1.581940e-01 5.240456e-03 8.557670e-02 4.708250e-03 -2.065112e-01 1.891235e-02 7.433114e-02 3.710716e-03 -3.316296e-02 9.130545e-03 7.538210e-01 4.812654e-02
6.717717e-03 1.903531e-01 9.834517e-03 9.321842e-02 3.501373e-03 -2.888261e-01 3.841983e-02 7.843589e-02 2.490440e-03 -4.038143e-02 8.370852e-03 1.080042e+00 1.535265e-01
8.397147e-03 1.966701e-01 8.568518e-03 9.989423e-02 5.134716e-03 -2.590736e-01 1.790407e-02 8.586940e-02 3.930653e-03 -4.229567e-02 1.045268e-02 9.528389e-01 5.152203e-02
1.074835e-02 1.899146e-01 1.008605e-02 8.861725e-02 7.198875e-03 -2.570593e-01 1.178729e-02 7.896263e-02 4.593714e-03 -3.923791e-02 9.370626e-03 1.033211e+00 5.026548e-02
1.377132e-02 2.070484e-01 1.331569e-02 9.228058e-02 6.750936e-03 -2.235983e-01 2.598310e-02 8.281017e-02 5.081963e-03 -3.247686e-02 7.314500e-03 9.131127e-01 1.183024e-01
1.746606e-02 2.341525e-01 1.507433e-02 9.835262e-02 4.911940e-03 -2.507659e-01 2.480270e-02 9.203167e-02 2.741689e-03 -3.780196e-02 8.330651e-03 9.972439e-01 1.074908e-01
2.183258e-02 2.626856e-01 1.328912e-02 1.084510e-01 5.885194e-03 -2.283399e-01 2.327000e-02 1.058907e-01 3.142846e-03 -6.261951e-02 9.680458e-03 8.719449e-01 4.595835e-02
5.710060e-03 1.805842e-01 7.431623e-03 9.292436e-02 2.973190e-03 -2.579665e-01 3.783486e-02 7.772004e-02 3.258790e-03 -3.539788e-02 4.330090e-03 9.395296e-01 1.188876e-01
6.045945e-03 1.838816e-01 2.031757e-02 9.746168e-02 9.977426e-03 -2.543477e-01 3.474094e-02 8.093425e-02 6.210321e-03 -4.649035e-02 1.150261e-02 9.124628e-01 8.453335e-02
7.053603e-03 1.834347e-01 1.601919e-02 9.708084e-02 6.707823e-03 -2.347238e-01 3.309517e-02 7.867913e-02 3.214821e-03 -5.592747e-02 1.416504e-02 7.823395e-01 8.134518e-02
8.733032e-03 1.907995e-01 1.968826e-02 9.695111e-02 7.147429e-03 -2.319539e-01 4.935310e-02 8.164106e-02 3.608162e-03 -3.838055e-02 1.994229e-02 8.474701e-01 1.247081e-01
1.108423e-02 1.972087e-01 8.830753e-03 9.934521e-02 2.082607e-03 -2.456920e-01 2.723369e-02 8.612545e-02 2.677127e-03 -5.748599e-02 1.015634e-02 8.805391e-01 6.842786e-02
1.410721e-02 2.076414e-01 6.544133e-03 9.816021e-02 3.349614e-03 -2.128552e-01 2.248787e-02 8.863243e-02 1.984969e-03 -3.173037e-02 9.455239e-03 8.956484e-01 7.474586e-02
1.780195e-02 2.326670e-01 1.351586e-02 9.774073e-02 5.954219e-03 -2.447332e-01 1.740794e-02 8.771627e-02 4.060264e-03 -4.972647e-02 7.325011e-03 9.628424e-01 5.898972e-02
2.216847e-02 2.587198e-01 9.602890e-03 9.975189e-02 3.797118e-03 -2.075049e-01 1.909510e-02 9.767656e-02 2.656368e-03 -3.886527e-02 1.045179e-02 9.460344e-01 3.326817e-02
6.717717e-03 1.701172e-01 7.332005e-03 8.500717e-02 6.437290e-03 -2.476956e-01 1.574844e-02 7.484262e-02 5.149401e-03 -3.075788e-02 3.880483e-03 9.330224e-01 8.264048e-02
7.053603e-03 1.584336e-01 7.988178e-03 8.359906e-02 5.588230e-03 -2.210964e-01 2.432890e-02 7.586289e-02 4.743594e-03 -2.795446e-02 7.224788e-03 8.871257e-01 7.344289e-02
8.061261e-03 1.815781e-01 9.453409e-03 9.128766e-02 5.034976e-03 -2.227566e-01 1.893314e-02 7.777857e-02 3.384588e-03 -3.623835e-02 1.061750e-02 8.139655e-01 3.747340e-02
9.740690e-03 1.926007e-01 8.747518e-03 9.849221e-02 5.002681e-03 -2.222826e-01 1.284211e-02 8.503314e-02 3.671096e-03 -3.318041e-02 2.545935e-03 8.558675e-01 7.400157e-02
1.209189e-02 1.846739e-01 7.541558e-03 8.560360e-02 2.981490e-03 -2.355644e-01 1.424375e-02 8.070572e-02 2.101939e-03 -3.533792e-02 6.106645e-03 9.836712e-01 3.200678e-02
1.511486e-02 2.155727e-01 1.837797e-02 1.000054e-01 8.664509e-03 -2.175053e-01 2.925868e-02 9.391414e-02 4.241115e-03 -3.376423e-02 1.800118e-02 8.736639e-01 3.567160e-02
1.880961e-02 2.500593e-01 5.136905e-03 1.030922e-01 4.180045e-03 -2.249669e-01 1.456969e-02 9.523896e-02 2.087345e-03 -3.818232e-02 5.447063e-03 9.246211e-01 5.745011e-02
2.317612e-02 2.592033e-01 1.360271e-02 1.021259e-01 5.461730e-03 -2.294209e-01 2.147126e-02 1.077372e-01 3.906129e-03 -4.047919e-02 9.666273e-03 9.474777e-01 4.327538e-02
8.397147e-03 1.734591e-01 7.375292e-03 8.339120e-02 4.525879e-03 -2.454848e-01 1.218824e-02 7.296528e-02 4.452202e-03 -3.105613e-02 1.272914e-02 9.893729e-01 6.492684e-02
8.733032e-03 2.056980e-01 1.365345e-02 9.854914e-02 6.770772e-03 -2.967015e-01 3.575806e-02 8.229794e-02 4.873601e-03 -5.186351e-02 1.359221e-02 1.066789e+00 9.806101e-02
9.740690e-03 1.767811e-01 8.836968e-03 8.663606e-02 4.570601e-03 -2.321748e-01 1.878393e-02 7.705880e-02 3.678249e-03 -3.768152e-02 1.162481e-02 9.065167e-01 3.710737e-02
1.142012e-02 2.046482e-01 2.047671e-02 9.638478e-02 9.625292e-03 -2.479782e-01 2.968004e-02 8.031844e-02 4.048432e-03 -4.480620e-02 1.417115e-02 9.324188e-01 5.913681e-02
1.377132e-02 2.169513e-01 1.344988e-02 9.169232e-02 6.400753e-03 -2.506320e-01 2.296338e-02 8.304116e-02 1.664892e-03 -3.558426e-02 1.269753e-02 9.877314e-01 6.251381e-02
1.679429e-02 2.444373e-01 1.103072e-02 1.011884e-01 2.363780e-03 -2.526175e-01 2.282502e-02 8.960391e-02 3.428474e-03 -4.462847e-02 9.235188e-03 9.861396e-01 5.714650e-02
2.048904e-02 2.403309e-01 7.371060e-03 9.840635e-02 3.663035e-03 -2.226777e-01 1.039426e-02 9.531591e-02 3.108004e-03 -4.387219e-02 6.799803e-03 9.378302e-01 3.839816e-02
2.485555e-02 2.945320e-01 1.312725e-02 1.093210e-01 1.019664e-02 -2.215501e-01 2.412123e-02 1.146171e-01 6.536529e-03 -3.136322e-02 1.378953e-02 1.052729e+00 5.058528e-02
1.074835e-02 1.799291e-01 1.208289e-02 8.395056e-02 3.362476e-03 -1.997826e-01 3.145622e-02 7.458457e-02 1.949718e-03 -2.893277e-02 7.423401e-03 8.192671e-01 7.550842e-02
1.108423e-02 2.064914e-01 9.513602e-03 1.019653e-01 5.399109e-03 -2.469271e-01 1.105232e-02 8.995936e-02 3.954449e-03 -4.090578e-02 7.810833e-03 9.425095e-01 8.195287e-02
1.209189e-02 2.032478e-01 6.486432e-03 9.470244e-02 3.880674e-03 -2.646414e-01 1.587062e-02 8.423872e-02 1.701773e-03 -4.042990e-02 6.398539e-03 1.070519e+00 5.525687e-02
1.377132e-02 2.313944e-01 9.375679e-03 1.066554e-01 5.238847e-03 -2.608412e-01 2.174366e-02 9.065847e-02 4.127947e-03 -4.910923e-02 1.050702e-02 9.826640e-01 7.318036e-02
1.612252e-02 2.233952e-01 1.181007e-02 9.067595e-02 5.883387e-03 -2.252171e-01 8.776148e-03 8.089986e-02 3.467743e-03 -3.984991e-02 1.154592e-02 8.922545e-01 2.270496e-02
1.914549e-02 2.211760e-01 1.248484e-02 8.738070e-02 3.399541e-03 -2.350147e-01 1.991239e-02 8.551403e-02 3.646486e-03 -4.532026e-02 1.074737e-02 9.503511e-01 4.848954e-02
2.284024e-02 2.662487e-01 8.720408e-03 1.112089e-01 6.671999e-03 -2.145181e-01 2.315218e-02 1.056496e-01 3.173806e-03 -4.180231e-02 1.110385e-02 9.721807e-01 4.109807e-02
2.720675e-02 3.161965e-01 1.151461e-02 1.189860e-01 3.350891e-03 -2.107654e-01 2.668508e-02 1.232176e-01 4.016863e-03 -4.225532e-02 1.131406e-02 9.569787e-01 7.033909e-02
1.377132e-02 2.140509e-01 9.542596e-03 9.873126e-02 4.004521e-03 -2.511005e-01 2.904842e-02 8.774151e-02 4.345505e-03 -4.841374e-02 1.199143e-02 9.313637e-01 6.764819e-02
1.410721e-02 2.325437e-01 9.536976e-03 1.067072e-01 5.117280e-03 -2.677420e-01 2.300745e-02 9.294457e-02 5.020552e-03 -5.442006e-02 1.283121e-02 9.580374e-01 4.006801e-02
1.511486e-02 2.217565e-01 1.160595e-02 9.934893e-02 6.574186e-03 -2.614803e-01 2.846691e-02 9.042889e-02 6.359943e-03 -3.619279e-02 8.934130e-03 1.076184e+00 1.253783e-01
1.679429e-02 2.284563e-01 1.537495e-02 9.956425e-02 6.997385e-03 -2.454738e-01 2.289291e-02 9.136801e-02 3.800182e-03 -3.995788e-02 1.181192e-02 9.346539e-01 6.814626e-02
1.914549e-02 2.683557e-01 1.364324e-02 1.105876e-01 5.207964e-03 -2.441734e-01 2.971479e-02 9.845370e-02 3.439214e-03 -4.427820e-02 1.088322e-02 9.893483e-01 5.661262e-02
2.216847e-02 2.745996e-01 1.726382e-02 1.042276e-01 1.036879e-02 -2.266075e-01 1.885458e-02 1.013822e-01 6.327864e-03 -3.560922e-02 1.368021e-02 9.159757e-01 2.394179e-02
2.586321e-02 3.035683e-01 9.024888e-03 1.135347e-01 8.128983e-03 -2.107176e-01 2.307651e-02 1.188225e-01 5.475774e-03 -2.708573e-02 7.450895e-03 9.103928e-01 4.278220e-02
3.022973e-02 2.835983e-01 8.385244e-03 1.041467e-01 3.168356e-03 -1.881543e-01 2.587409e-02 1.283773e-01 2.841929e-03 -3.338239e-02 9.360933e-03 9.874658e-01 4.060437e-02
1.746606e-02 2.390986e-01 1.515036e-02 1.031626e-01 7.019969e-03 -2.406218e-01 1.827521e-02 9.638587e-02 2.302187e-03 -4.058335e-02 1.264927e-02 9.702833e-01 5.039703e-02
1.780195e-02 2.329471e-01 8.370928e-03 9.869712e-02 8.239355e-04 -2.225999e-01 3.908490e-02 9.225230e-02 2.964863e-03 -4.160172e-02 1.407079e-02 8.985326e-01 7.518292e-02
1.880961e-02 2.512403e-01 8.884040e-03 1.033937e-01 6.318182e-03 -2.326749e-01 1.279984e-02 9.692194e-02 1.768481e-03 -2.791211e-02 8.853340e-03 9.695224e-01 7.760662e-02
2.048904e-02 2.589359e-01 2.394557e-02 1.045243e-01 9.628538e-03 -2.166574e-01 2.609229e-02 1.029006e-01 4.367208e-03 -3.700095e-02 1.473063e-02 9.365546e-01 3.244061e-02
2.284024e-02 2.738413e-01 1.541037e-02 1.127827e-01 1.186354e-02 -2.214551e-01 1.124027e-02 1.118351e-01 6.985671e-03 -4.191344e-02 4.067487e-03 9.007318e-01 6.500359e-02
2.586321e-02 3.011670e-01 2.392934e-02 1.124887e-01 9.367506e-03 -2.612560e-01 3.302323e-02 1.180945e-01 6.641070e-03 -5.812556e-02 1.843630e-02 1.079110e+00 6.840868e-02
2.955796e-02 3.117889e-01 1.908923e-02 1.141638e-01 9.615482e-03 -1.762158e-01 1.270848e-02 1.350503e-01 6.596409e-03 -4.108500e-02 1.626611e-02 8.873574e-01 3.843175e-02
3.392447e-02 3.402596e-01 4.921063e-03 1.074434e-01 1.046420e-02 -1.940100e-01 1.958194e-02 1.427912e-01 6.509026e-03 -5.956418e-02 1.429725e-02 9.068832e-01 4.655246e-02
2.183258e-02 2.421505e-01 6.128375e-03 1.029841e-01 5.447071e-03 -1.703190e-01 9.659282e-03 1.078873e-01 4.962042e-03 -1.971424e-02 7.818671e-03 8.770819e-01 2.950726e-02
2.216847e-02 2.559599e-01 1.066892e-02 1.113929e-01 5.503482e-03 -1.905806e-01 1.550635e-02 1.163502e-01 3.880762e-03 -2.620250e-02 1.523312e-02 9.312408e-01 4.670281e-02
2.317612e-02 2.970761e-01 1.607441e-02 1.172626e-01 9.046905e-03 -2.584924e-01 2.309798e-02 1.129116e-01 5.357193e-03 -7.070393e-02 1.657484e-02 9.940682e-01 3.161023e-02
2.485555e-02 2.927256e-01 2.092402e-02 1.121619e-01 1.033568e-02 -2.380070e-01 2.306974e-02 1.195344e-01 9.370868e-03 -4.198547e-02 1.481400e-02 9.786820e-01 6.310341e-02
2.720675e-02 3.209340e-01 7.525249e-03 1.053490e-01 1.920313e-03 -2.299050e-01 1.982754e-02 1.174449e-01 2.519334e-03 -3.816371e-02 1.115955e-03 1.025150e+00 5.869917e-02
3.022973e-02 3.269060e-01 2.231964e-02 1.152522e-01 7.149880e-03 -2.080060e-01 1.396798e-02 1.362834e-01 5.235075e-03 -5.176465e-02 1.324134e-02 9.513950e-01 3.934878e-02
3.392447e-02 3.231633e-01 1.298504e-02 1.123717e-01 3.683190e-03 -1.754091e-01 1.919949e-02 1.501608e-01 4.792302e-03 -5.473871e-02 1.130999e-02 9.518139e-01 2.901972e-02
3.829099e-02 3.714590e-01 1.964944e-02 1.071745e-01 5.232386e-03 -1.497185e-01 2.536153e-02 1.695009e-01 5.352722e-03 -4.660035e-02 9.544365e-03 9.254559e-01 4.212954e-02
8.397147e-03 1.919775e-01 1.545431e-02 9.995909e-02 7.842986e-03 -2.541199e-01 2.115696e-02 8.701664e-02 4.343479e-03 -4.629976e-02 8.202301e-03 9.396342e-01 4.541793e-02
8.733032e-03 2.046961e-01 1.780951e-02 1.001537e-01 8.281400e-03 -3.094268e-01 3.864963e-02 8.625568e-02 4.925644e-03 -5.306988e-02 1.583037e-02 1.113146e+00 1.050673e-01
9.740690e-03 1.904099e-01 1.055073e-02 9.257169e-02 5.034551e-03 -2.366137e-01 2.999112e-02 7.922934e-02 3.532113e-03 -4.272562e-02 1.370531e-02 8.666817e-01 8.131581e-02
1.142012e-02 1.988386e-01 5.986378e-03 9.163559e-02 5.123792e-03 -2.362296e-01 1.512871e-02 7.791365e-02 5.231443e-03 -3.618241e-02 4.902975e-03 9.070897e-01 7.455508e-02
1.377132e-02 2.484402e-01 6.498230e-03 1.097473e-01 5.506497e-03 -3.269734e-01 1.589567e-02 8.814418e-02 4.874121e-03 -7.364909e-02 6.925696e-03 1.073234e+00 5.331991e-02
1.679429e-02 2.433771e-01 1.054930e-02 1.042644e-01 6.408179e-03 -2.733687e-01 2.001888e-02 9.346824e-02 4.787126e-03 -5.215005e-02 1.001297e-02 1.114761e+00 9.304262e-02
2.048904e-02 2.633249e-01 1.135365e-02 1.035225e-01 2.853268e-03 -2.336356e-01 3.448038e-02 9.584548e-02 2.930163e-03 -3.925150e-02 1.539208e-02 9.222245e-01 8.677920e-02
2.485555e-02 2.760615e-01 9.592540e-03 1.097467e-01 5.424615e-03 -2.043532e-01 2.191204e-02 1.159516e-01 3.778899e-03 -4.420182e-02 1.130235e-02 8.930387e-01 2.570013e-02
8.733032e-03 1.979258e-01 1.157668e-02 9.123478e-02 5.163574e-03 -2.825603e-01 4.554083e-02 7.570184e-02 3.796247e-03 -4.940089e-02 1.378878e-02 1.007894e+00 1.418723e-01
9.068918e-03 2.026480e-01 7.890569e-03 9.206592e-02 3.789861e-03 -2.807332e-01 2.120866e-02 7.698070e-02 2.215861e-03 -4.846776e-02 7.941684e-03 9.501626e-01 6.310646e-02
1.007658e-02 1.782275e-01 8.275269e-03 8.981386e-02 3.240152e-03 -2.155708e-01 1.458610e-02 8.219382e-02 2.796739e-03 -2.215215e-02 8.455717e-03 8.754526e-01 5.426600e-02
1.175601e-02 1.902444e-01 7.175257e-03 8.938539e-02 4.046587e-03 -2.125835e-01 2.013884e-02 8.045070e-02 3.858954e-03 -3.090578e-02 1.222816e-02 8.308167e-01 4.901693e-02
1.410721e-02 2.098652e-01 1.290845e-02 9.482743e-02 5.250961e-03 -2.557407e-01 3.345197e-02 8.656549e-02 4.870278e-03 -4.186378e-02 1.321488e-02 1.030017e+00 1.136430e-01
1.713018e-02 2.311829e-01 1.243751e-02 9.850646e-02 5.058523e-03 -2.149746e-01 2.120778e-02 9.628080e-02 1.980569e-03 -1.936359e-02 8.025423e-03 8.769997e-01 6.117117e-02
2.082492e-02 2.597580e-01 1.483910e-02 1.137366e-01 5.007484e-03 -2.481004e-01 3.872543e-02 1.069202e-01 2.196260e-03 -6.515977e-02 1.131551e-02 9.570541e-01 1.127955e-01
2.519144e-02 2.879662e-01 2.156525e-02 1.148519e-01 8.925868e-03 -2.228652e-01 1.535888e-02 1.208971e-01 3.815274e-03 -5.261705e-02 1.168917e-02 9.750882e-01 5.062715e-02
9.740690e-03 1.801182e-01 2.824275e-03 8.908008e-02 7.628812e-04 -2.126137e-01 1.091124e-02 8.054593e-02 1.774736e-03 -1.635437e-02 3.323970e-03 8.901184e-01 3.315807e-02
1.007658e-02 1.959637e-01 7.045286e-03 9.146170e-02 5.662494e-03 -2.500049e-01 2.044694e-02 7.731662e-02 4.328063e-03 -4.059742e-02 9.113710e-03 9.525529e-01 7.269156e-02
1.108423e-02 1.846016e-01 1.518728e-02 8.870215e-02 8.099805e-03 -2.279215e-01 2.942733e-02 8.066083e-02 6.082851e-03 -3.088386e-02 1.388446e-02 8.880340e-01 6.688423e-02
1.276366e-02 1.942286e-01 1.011934e-02 8.690081e-02 5.973380e-03 -2.295254e-01 1.897896e-02 7.589786e-02 3.625547e-03 -3.018037e-02 1.268882e-02 9.477962e-01 4.104846e-02
1.511486e-02 2.164363e-01 9.423651e-03 9.779187e-02 3.701838e-03 -2.141175e-01 9.222816e-03 8.507957e-02 2.974957e-03 -3.928154e-02 7.694609e-03 7.996212e-01 2.799273e-02
1.813784e-02 2.476533e-01 1.142810e-02 1.084463e-01 3.492757e-03 -2.299047e-01 2.767065e-02 9.481465e-02 3.391039e-03 -4.036874e-02 7.660502e-03 9.372095e-01 6.858763e-02
2.183258e-02 2.770590e-01 1.544453e-02 1.148810e-01 1.025684e-02 -2.307230e-01 2.118969e-02 1.098307e-01 6.934635e-03 -5.226888e-02 7.690577e-03 9.709189e-01 5.562540e-02
2.619910e-02 2.849625e-01 2.387679e-02 1.042314e-01 1.247046e-02 -2.197963e-01 3.956510e-02 1.160068e-01 7.535965e-03 -3.866293e-02 2.090702e-02 9.875589e-01 7.466623e-02
1.142012e-02 2.067214e-01 1.018778e-02 9.274275e-02 4.158583e-03 -2.684238e-01 2.071872e-02 8.352042e-02 7.668824e-04 -2.829281e-02 1.384540e-02 1.082091e+00 9.439107e-02
1.175601e-02 2.166345e-01 6.241149e-03 9.915992e-02 2.947220e-03 -2.685952e-01 1.828119e-02 8.426766e-02 1.727540e-03 -4.147792e-02 7.884882e-03 9.935157e-01 6.691035e-02
1.276366e-02 2.116551e-01 6.420948e-03 9.635388e-02 1.415028e-03 -2.479335e-01 3.045639e-02 8.446633e-02 2.454269e-03 -3.797947e-02 7.031142e-03 9.605973e-01 1.105167e-01
1.444309e-02 1.996706e-01 4.341517e-03 8.802882e-02 4.394499e-03 -2.173556e-01 8.067392e-03 8.228569e-02 4.556049e-03 -2.905470e-02 5.575371e-03 9.039605e-01 4.819058e-02
1.679429e-02 2.441612e-01 1.882812e-02 1.029782e-01 7.750577e-03 -2.505721e-01 1.992766e-02 9.542598e-02 3.358578e-03 -3.020692e-02 8.367854e-03 9.723042e-01 3.533497e-02
1.981727e-02 2.605245e-01 1.162543e-02 1.076619e-01 6.060223e-03 -2.516546e-01 2.133299e-02 1.002696e-01 3.947366e-03 -5.150961e-02 1.178442e-02 1.043225e+00 6.882779e-02
2.351201e-02 2.641274e-01 2.545473e-02 1.164809e-01 1.261228e-02 -1.884426e-01 2.989346e-02 1.159173e-01 6.049199e-03 -4.406647e-02 1.902819e-02 8.887177e-01 5.770995e-02
2.787853e-02 2.869864e-01 1.656802e-02 9.686494e-02 1.067631e-02 -2.046031e-01 1.634285e-02 1.130532e-01 8.238873e-03 -4.185791e-02 9.857285e-03 9.478822e-01 1.892488e-02
1.377132e-02 2.392787e-01 1.140212e-02 1.088674e-01 6.849239e-03 -2.606501e-01 2.672815e-02 8.975631e-02 6.142882e-03 -5.178123e-02 1.097764e-02 9.702187e-01 8.337284e-02
1.410721e-02 2.319147e-01 9.375744e-03 1.030321e-01 4.090619e-03 -2.760388e-01 1.327018e-02 8.937557e-02 5.129095e-03 -5.524121e-02 4.777257e-03 1.020044e+00 2.683804e-02
1.511486e-02 2.248728e-01 1.244989e-02 9.804503e-02 1.458926e-03 -2.630740e-01 3.631272e-02 8.719473e-02 1.762652e-03 -4.422266e-02 9.196172e-03 1.041175e+00 8.799010e-02
1.679429e-02 2.388687e-01 7.659427e-03 1.011993e-01 2.384071e-03 -2.640367e-01 4.857716e-03 8.979673e-02 1.175415e-03 -5.110650e-02 7.388305e-03 1.008720e+00 7.562635e-02
1.914549e-02 2.473010e-01 1.510700e-02 1.025022e-01 6.556705e-03 -2.373860e-01 2.905080e-02 9.450900e-02 2.506474e-03 -4.606060e-02 1.357299e-02 9.246543e-01 4.823268e-02
2.216847e-02 2.354581e-01 1.028949e-02 9.004414e-02 3.122406e-03 -1.815411e-01 1.708513e-02 9.816136e-02 3.490020e-03 -3.997333e-02 9.175364e-03 8.690751e-01 4.925844e-02
2.586321e-02 2.802486e-01 1.609287e-02 1.055079e-01 4.803067e-03 -1.747923e-01 1.282974e-02 1.091047e-01 3.991473e-03 -2.980271e-02 1.357391e-02 9.074221e-01 5.938757e-02
3.022973e-02 3.423259e-01 7.403426e-03 1.101106e-01 5.160881e-03 -1.964318e-01 1.848804e-02 1.315725e-01 3.269238e-03 -3.694464e-02 1.485277e-02 9.796638e-01 6.804077e-02
1.679429e-02 2.262728e-01 1.099257e-02 9.798866e-02 6.089700e-03 -2.263217e-01 1.777300e-02 9.138215e-02 4.514401e-03 -3.504294e-02 1.237510e-02 9.038431e-01 4.873384e-02
1.713018e-02 2.239136e-01 7.642175e-03 9.726032e-02 2.593444e-03 -2.007419e-01 2.711423e-02 9.071067e-02 1.903848e-03 -2.319182e-02 7.930518e-03 9.163971e-01 6.476813e-02
1.813784e-02 2.431658e-01 1.119522e-02 1.057532e-01 8.529196e-03 -2.337925e-01 1.286707e-02 9.806955e-02 6.669068e-03 -4.068966e-02 6.617868e-03 9.577725e-01 7.222698e-02
1.981727e-02 2.420416e-01 1.338726e-02 9.822689e-02 6.795037e-03 -2.183731e-01 2.346684e-02 9.353138e-02 2.712172e-03 -2.193064e-02 6.874480e-03 9.940922e-01 4.181617e-02
2.216847e-02 2.633513e-01 6.479349e-03 9.806031e-02 6.789872e-03 -2.264143e-01 1.248271e-02 1.012875e-01 5.980367e-03 -4.052880e-02 1.294265e-02 9.311533e-01 3.400355e-02
2.519144e-02 3.021131e-01 2.701869e-02 1.211199e-01 1.645548e-02 -2.354941e-01 1.515257e-02 1.219198e-01 1.159237e-02 -5.800970e-02 9.857024e-03 9.824424e-01 6.380235e-02
2.888618e-02 3.165268e-01 1.585026e-02 1.207311e-01 1.231192e-02 -1.786994e-01 1.145983e-02 1.342710e-01 5.464675e-03 -3.579804e-02 6.634147e-03 9.341318e-01 3.891066e-02
3.325270e-02 3.483133e-01 8.364005e-03 1.123082e-01 3.931663e-03 -2.090479e-01 1.073093e-02 1.452627e-01 4.449916e-03 -6.221584e-02 5.467485e-03 9.580184e-01 2.227810e-02
2.048904e-02 2.354449e-01 8.013454e-03 9.823282e-02 3.662568e-03 -2.191176e-01 1.816848e-02 1.006408e-01 3.235750e-03 -4.016268e-02 9.252434e-03 9.553227e-01 5.758424e-02
2.082492e-02 2.454239e-01 9.676297e-03 9.951954e-02 7.721915e-03 -2.017218e-01 1.382021e-02 9.901582e-02 5.188362e-03 -3.586494e-02 1.558586e-02 8.751063e-01 3.263508e-02
2.183258e-02 2.675585e-01 7.553863e-03 1.082743e-01 7.044544e-03 -1.998893e-01 2.103480e-02 1.062578e-01 7.294753e-03 -3.209060e-02 5.297370e-03 9.238051e-01 4.771376e-02
2.351201e-02 2.708194e-01 9.486872e-03 1.080550e-01 5.598117e-03 -2.331687e-01 2.547647e-02 1.121145e-01 3.050033e-03 -3.950366e-02 1.321771e-02 1.004685e+00 6.768260e-02
2.586321e-02 2.914019e-01 7.500332e-03 1.141009e-01 7.186722e-03 -2.262586e-01 4.431742e-03 1.249526e-01 4.354166e-03 -4.281692e-02 7.803953e-03 9.440868e-01 2.164509e-02
2.888618e-02 3.120355e-01 2.554597e-02 1.113209e-01 7.301426e-03 -2.162355e-01 4.495895e-02 1.258973e-01 5.387783e-03 -3.974707e-02 1.209387e-02 1.000625e+00 6.836418e-02
3.258093e-02 3.440955e-01 2.090966e-02 1.182196e-01 5.282803e-03 -1.988140e-01 1.970510e-02 1.501506e-01 5.355401e-03 -5.581738e-02 2.133831e-02 1.000643e+00 4.472365e-02
3.694744e-02 3.903053e-01 2.417327e-02 1.172103e-01 1.259362e-02 -1.779296e-01 2.579304e-02 1.578591e-01 2.594633e-03 -4.665295e-02 1.602705e-02 9.556706e-01 5.037249e-02
2.485555e-02 3.033567e-01 1.409656e-02 1.112517e-01 4.453946e-03 -2.300792e-01 1.618786e-02 1.121159e-01 1.854957e-03 -3.402034e-02 7.407311e-03 9.600066e-01 3.365866e-02
2.519144e-02 2.851160e-01 1.009167e-02 1.031219e-01 6.124013e-03 -1.888187e-01 2.154731e-02 1.075558e-01 4.607153e-03 -3.949741e-02 8.059861e-03 8.578882e-01 8.316791e-02
2.619910e-02 2.798153e-01 1.586169e-02 1.011076e-01 3.973632e-03 -2.120019e-01 2.491894e-02 1.070014e-01 6.249783e-03 -5.712583e-02 1.141450e-02 9.221921e-01 3.180821e-02
2.787853e-02 3.121487e-01 1.274611e-02 1.169602e-01 6.360641e-03 -2.261711e-01 1.899016e-02 1.270475e-01 3.118999e-03 -5.065950e-02 8.701654e-03 9.939835e-01 4.364460e-02
3.022973e-02 3.326199e-01 2.085015e-02 1.166386e-01 1.042848e-02 -2.033580e-01 1.890231e-02 1.352164e-01 7.615587e-03 -4.440212e-02 9.945343e-03 9.877496e-01 5.059881e-02
3.325270e-02 3.253262e-01 8.048556e-03 1.164391e-01 1.161128e-02 -1.937207e-01 1.662315e-02 1.393499e-01 4.149177e-03 -5.972215e-02 1.824962e-02 1.040330e+00 1.768337e-02
3.694744e-02 3.634559e-01 1.718035e-02 1.153178e-01 9.521873e-03 -1.607524e-01 3.037551e-02 1.706948e-01 6.686527e-03 -3.824053e-02 1.142879e-02 9.221147e-01 3.250497e-02
4.131396e-02 3.961903e-01 1.468547e-02 1.132045e-01 7.182651e-03 -1.721707e-01 2.366384e-02 2.071659e-01 1.131887e-02 -6.231337e-02 1.013141e-02 1.002906e+00 4.970619e-02
1.209189e-02 1.870543e-01 2.223481e-03 8.961092e-02 3.779655e-03 -1.923275e-01 1.364665e-02 8.281911e-02 3.963972e-03 -2.234928e-02 7.655201e-03 7.729712e-01 5.007345e-02
1.242778e-02 2.030253e-01 1.001453e-02 9.123890e-02 3.486324e-03 -2.371877e-01 2.469682e-02 8.122108e-02 3.893353e-03 -4.011294e-02 1.008012e-02 8.604329e-01 7.749559e-02
1.343543e-02 2.291893e-01 1.082322e-02 1.091270e-01 7.098270e-03 -2.400342e-01 2.669190e-02 9.656655e-02 3.320780e-03 -4.723423e-02 1.802839e-02 9.397216e-01 7.691313e-02
1.511486e-02 2.305794e-01 1.373550e-02 1.054816e-01 7.652226e-03 -2.522044e-01 2.017662e-02 9.160099e-02 6.247170e-03 -5.245014e-02 6.531245e-03 9.427974e-01 8.043438e-02
1.746606e-02 2.413824e-01 4.314829e-03 1.071914e-01 2.388484e-03 -2.443894e-01 1.898169e-02 9.538977e-02 3.397373e-03 -5.265652e-02 1.044512e-02 8.981534e-01 1.537847e-02
2.048904e-02 2.439503e-01 5.198202e-03 1.027445e-01 4.040554e-03 -2.106337e-01 9.220363e-03 1.024702e-01 2.118304e-03 -2.913825e-02 9.584257e-03 9.029549e-01 5.504669e-02
2.418378e-02 2.693546e-01 1.179346e-02 1.104730e-01 5.281553e-03 -2.271639e-01 1.250930e-02 1.144051e-01 2.647292e-03 -5.873951e-02 1.122314e-02 9.331363e-01 2.744110e-02
2.855030e-02 3.064812e-01 7.484859e-03 1.126284e-01 3.247517e-03 -2.134886e-01 1.367937e-02 1.287455e-01 2.170453e-03 -3.156789e-02 9.119979e-03 1.002170e+00 8.476408e-02
1.242778e-02 2.026787e-01 1.264021e-02 8.781560e-02 6.495800e-03 -2.625259e-01 1.945283e-02 7.767964e-02 4.395327e-03 -4.220618e-02 8.846762e-03 9.783690e-01 5.642947e-02
1.276366e-02 2.183410e-01 8.314624e-03 9.811817e-02 3.585625e-03 -2.700548e-01 2.331671e-02 8.441095e-02 3.179339e-03 -4.810542e-02 6.105243e-03 1.014305e+00 7.450003e-02
1.377132e-02 2.123968e-01 5.699811e-03 9.889216e-02 3.957488e-03 -2.305450e-01 1.953761e-02 8.787941e-02 3.497189e-03 -4.551235e-02 1.315422e-02 8.818840e-01 3.064197e-02
1.545075e-02 2.094545e-01 1.339420e-02 9.618854e-02 5.331447e-03 -2.218522e-01 3.188637e-02 9.040668e-02 2.980217e-03 -2.298238e-02 1.448091e-02 9.217808e-01 8.140322e-02
1.780195e-02 2.417017e-01 8.756900e-03 1.018945e-01 7.777993e-03 -2.428494e-01 1.007504e-02 9.317577e-02 8.096646e-03 -4.835155e-02 7.667652e-03 8.981370e-01 2.726213e-02
2.082492e-02 2.890831e-01 1.616758e-02 1.146288e-01 4.584258e-03 -2.801174e-01 3.322984e-02 1.024237e-01 3.768027e-03 -5.806545e-02 1.215613e-02 1.005682e+00 8.833933e-02
2.451967e-02 2.855220e-01 6.776046e-03 1.159217e-01 4.300071e-03 -2.163069e-01 1.824595e-02 1.161210e-01 4.330110e-03 -4.738415e-02 7.990325e-03 9.602727e-01 4.096389e-02
2.888618e-02 3.192268e-01 1.168451e-02 1.150421e-01 9.157249e-03 -1.836224e-01 1.226895e-02 1.352732e-01 8.123244e-03 -3.059614e-02 7.546133e-03 8.727176e-01 5.850035e-02
1.343543e-02 2.032039e-01 7.591497e-03 9.016315e-02 4.068090e-03 -2.438418e-01 2.001186e-02 8.349522e-02 3.913971e-03 -2.858310e-02 7.331385e-03 9.971108e-01 5.131287e-02
1.377132e-02 2.234577e-01 1.327565e-02 1.022729e-01 5.400626e-03 -2.285426e-01 3.106497e-02 8.597852e-02 3.447546e-03 -4.666862e-02 1.062824e-02 8.284164e-01 9.249185e-02
1.477898e-02 2.251238e-01 1.706764e-02 1.009696e-01 7.942507e-03 -2.580657e-01 3.059887e-02 8.712554e-02 5.001147e-03 -5.545930e-02 1.060357e-03 9.475764e-01 7.981832e-02
1.645841e-02 2.231446e-01 1.951336e-02 9.070246e-02 7.078356e-03 -2.393363e-01 3.778156e-02 8.351724e-02 6.183569e-03 -3.224709e-02 1.619696e-02 9.296390e-01 6.494324e-02
1.880961e-02 2.200331e-01 8.079605e-03 9.426961e-02 5.731310e-03 -1.963494e-01 2.104898e-02 9.259610e-02 5.249004e-03 -3.651572e-02 1.255802e-02 9.004613e-01 6.645042e-02
2.183258e-02 2.642716e-01 1.577936e-02 1.038726e-01 7.067314e-03 -2.433361e-01 1.860820e-02 1.031614e-01 4.726006e-03 -3.860211e-02 8.718514e-03 9.825995e-01 3.342952e-02
2.552733e-02 2.802164e-01 6.061727e-03 1.042400e-01 1.734613e-03 -2.033168e-01 7.700181e-03 1.146519e-01 3.642936e-03 -3.369449e-02 9.702925e-03 9.521978e-01 5.760134e-02
2.989384e-02 3.288417e-01 1.081757e-02 1.143887e-01 7.849477e-03 -2.007127e-01 2.326076e-02 1.275202e-01 8.882082e-03 -2.707802e-02 9.951808e-03 1.005068e+00 2.958616e-02
1.511486e-02 2.234785e-01 6.727307e-03 1.003533e-01 5.053397e-03 -2.419595e-01 1.551021e-02 9.495864e-02 4.429674e-03 -3.492588e-02 4.295523e-03 9.488292e-01 8.064913e-02
1.545075e-02 2.064133e-01 7.221645e-03 9.405398e-02 4.041209e-03 -1.988152e-01 1.253039e-02 8.750064e-02 3.997283e-03 -2.539244e-02 5.623273e-03 8.186527e-01 4.643649e-02
1.645841e-02 2.404856e-01 1.118976e-02 1.114641e-01 8.055312e-03 -2.433259e-01 2.125335e-02 9.770761e-02 5.759744e-03 -5.972691e-02 1.630147e-02 8.662349e-01 8.554823e-02
1.813784e-02 2.212878e-01 1.360977e-02 9.153329e-02 5.975892e-03 -2.145965e-01 2.840637e-02 9.249997e-02 5.685959e-03 -2.402617e-02 1.976049e-02 9.128736e-01 5.101327e-02
2.048904e-02 2.331799e-01 1.347389e-02 9.141983e-02 5.331704e-03 -1.928754e-01 2.671233e-02 1.004731e-01 6.755344e-03 -1.006048e-02 6.517454e-03 9.290791e-01 6.641322e-02
2.351201e-02 2.677856e-01 9.784839e-03 9.787028e-02 5.925016e-03 -2.087371e-01 2.669487e-02 1.064819e-01 4.429864e-03 -1.131837e-02 1.271583e-02 9.903604e-01 3.958571e-02
2.720675e-02 2.905261e-01 1.515902e-02 1.135313e-01 1.036688e-02 -2.280155e-01 1.445686e-02 1.290049e-01 6.751747e-03 -4.150620e-02 3.836022e-03 9.667912e-01 7.529219e-02
3.157327e-02 3.163491e-01 1.887325e-02 1.080167e-01 6.143272e-03 -1.554444e-01 2.018344e-02 1.310136e-01 5.438600e-03 -2.561936e-02 1.258370e-02 8.885697e-01 4.632197e-02
1.746606e-02 2.481598e-01 1.660272e-02 1.088088e-01 7.904102e-03 -2.335373e-01 2.424204e-02 9.636577e-02 3.121556e-03 -4.081907e-02 1.908691e-02 9.700125e-01 6.179426e-02
1.780195e-02 2.427297e-01 2.307171e-02 1.053784e-01 8.452035e-03 -2.463359e-01 2.824292e-02 9.704898e-02 3.520853e-03 -5.108881e-02 1.434118e-02 8.799441e-01 3.630032e-02
1.880961e-02 2.498929e-01 8.630855e-03 1.170631e-01 4.267807e-03 -2.541336e-01 2.198901e-02 1.047297e-01 3.187865e-03 -6.068086e-02 1.164144e-02 9.805286e-01 1.885282e-02
2.048904e-02 2.663648e-01 8.191410e-03 1.076316e-01 2.205506e-03 -2.547799e-01 1.724290e-02 9.884079e-02 1.829154e-03 -4.589984e-02 4.742828e-03 9.879188e-01 3.980107e-02
2.284024e-02 2.607454e-01 1.115900e-02 9.117235e-02 3.591100e-03 -2.254426e-01 7.945447e-03 1.012031e-01 4.012467e-03 -2.110065e-02 9.276183e-03 9.651251e-01 2.574216e-02
2.586321e-02 3.063640e-01 1.800197e-02 1.114593e-01 6.217922e-03 -2.149408e-01 2.324373e-02 1.145171e-01 2.963392e-03 -4.472228e-02 1.493304e-02 9.657376e-01 4.977383e-02
2.955796e-02 3.098988e-01 2.196489e-02 1.087461e-01 8.812571e-03 -2.334335e-01 2.822060e-02 1.309424e-01 9.115970e-03 -4.047292e-02 9.828060e-03 1.110089e+00 2.891711e-02
3.392447e-02 3.814451e-01 1.617054e-02 1.339641e-01 1.086685e-02 -1.855040e-01 1.651734e-02 1.546222e-01 7.789666e-03 -6.501766e-02 9.344178e-03 9.328155e-01 8.126120e-02
2.048904e-02 2.705795e-01 1.260592e-02 1.110181e-01 6.516403e-03 -2.426982e-01 2.203060e-02 9.871922e-02 4.434215e-03 -4.006126e-02 1.246289e-02 9.736187e-01 3.685896e-02
2.082492e-02 2.481288e-01 1.132929e-02 1.030434e-01 5.726360e-03 -2.208713e-01 1.480174e-02 1.024290e-01 3.702885e-03 -3.980003e-02 8.620214e-03 8.977088e-01 7.211980e-02
2.183258e-02 2.626090e-01 1.454949e-02 1.151434e-01 7.626924e-03 -1.966499e-01 2.233074e-02 1.177329e-01 2.681100e-03 -3.328170e-02 1.302183e-02 9.182200e-01 3.809264e-02
2.351201e-02 2.589673e-01 9.056930e-03 9.702591e-02 4.983831e-03 -2.007312e-01 7.992283e-03 1.021702e-01 3.859714e-03 -3.578001e-02 3.430645e-03 9.172295e-01 4.958965e-02
2.586321e-02 2.980791e-01 1.253986e-02 1.074863e-01 7.826343e-03 -2.481406e-01 1.857265e-02 1.132218e-01 6.904322e-03 -5.598162e-02 1.265291e-02 1.007958e+00 6.000432e-02
2.888618e-02 3.133981e-01 1.666022e-02 1.142164e-01 6.751769e-03 -2.202260e-01 2.411216e-02 1.296854e-01 6.586528e-03 -5.152654e-02 1.073524e-02 1.005549e+00 3.779120e-02
3.258093e-02 3.293326e-01 8.942087e-03 1.018730e-01 6.762664e-03 -2.011261e-01 2.929943e-02 1.408607e-01 3.608052e-03 -5.133738e-02 1.538853e-02 1.017775e+00 1.053656e-01
3.694744e-02 3.558990e-01 2.857978e-02 1.166515e-01 1.076320e-02 -1.516498e-01 2.899383e-02 1.644879e-01 8.362097e-03 -5.200683e-02 1.130637e-02 9.379875e-01 4.077313e-02
2.418378e-02 2.812453e-01 1.471647e-02 1.144353e-01 8.535380e-03 -2.050829e-01 3.339319e-02 1.192257e-01 2.488505e-03 -4.052237e-02 1.545461e-02 9.346983e-01 6.304770e-02
2.451967e-02 2.682522e-01 1.442277e-02 1.079285e-01 7.491006e-03 -2.124421e-01 3.458916e-02 1.140119e-01 2.949075e-03 -5.100954e-02 1.607396e-02 8.762438e-01 7.445076e-02
2.552733e-02 2.857895e-01 1.206945e-02 1.071388e-01 4.650238e-03 -2.142454e-01 2.242809e-02 1.163769e-01 2.988615e-03 -5.175269e-02 6.334204e-03 9.177940e-01 5.433480e-02
2.720675e-02 2.980175e-01 1.396786e-02 1.107699e-01 5.829347e-03 -1.944446e-01 3.399358e-02 1.194652e-01 3.921690e-03 -3.265033e-02 1.167323e-02 8.612566e-01 6.001222e-02
2.955796e-02 3.045730e-01 9.019614e-03 1.159376e-01 3.243570e-03 -1.756244e-01 3.378141e-03 1.329142e-01 7.416983e-03 -3.603991e-02 1.835741e-03 8.538561e-01 4.690090e-02
3.258093e-02 3.517281e-01 1.784956e-02 1.151274e-01 8.191007e-03 -1.722667e-01 1.414925e-02 1.476190e-01 7.745516e-03 -4.111859e-02 1.081826e-02 8.887110e-01 2.227572e-02
3.627567e-02 3.694878e-01 1.393831e-02 1.315736e-01 1.007144e-02 -1.783626e-01 3.157198e-02 1.768557e-01 7.212340e-03 -4.683227e-02 1.842376e-02 9.146738e-01 3.168090e-02
4.064219e-02 3.904311e-01 1.111848e-02 1.129633e-01 1.047840e-02 -1.505548e-01 1.327999e-02 1.863758e-01 9.278127e-03 -5.698802e-03 1.523636e-02 9.418208e-01 4.306097e-02
2.855030e-02 2.906082e-01 8.502147e-03 1.151761e-01 6.538036e-03 -1.674674e-01 1.209403e-02 1.366447e-01 8.218330e-03 -4.119776e-02 1.133556e-02 9.012171e-01 3.804633e-02
2.888618e-02 3.103653e-01 1.801149e-02 1.050426e-01 7.802358e-03 -1.938532e-01 4.742133e-03 1.261968e-01 4.749839e-03 -3.519467e-02 1.521095e-03 9.568938e-01 1.477022e-02
2.989384e-02 3.041022e-01 1.041766e-02 1.084183e-01 6.636218e-03 -1.865844e-01 9.828005e-03 1.341130e-01 4.696045e-03 -3.820720e-02 1.082804e-02 9.676558e-01 4.224689e-02
3.157327e-02 3.052486e-01 1.436616e-02 1.077356e-01 7.875271e-03 -1.852095e-01 2.110514e-02 1.365560e-01 7.747601e-03 -4.268587e-02 1.162282e-02 9.706245e-01 5.693811e-02
3.392447e-02 3.232999e-01 6.084944e-03 1.047511e-01 5.753680e-03 -1.672745e-01 1.676204e-02 1.528461e-01 6.612973e-03 -4.476429e-02 1.080234e-02 9.405457e-01 2.938468e-02
3.694744e-02 3.756046e-01 1.553140e-02 1.177628e-01 8.408435e-03 -1.325347e-01 1.765107e-02 1.710843e-01 9.660209e-03 -4.102280e-02 1.318706e-02 8.635041e-01 4.628385e-02
4.064219e-02 3.912421e-01 9.080651e-03 1.089948e-01 9.090523e-03 -1.162208e-01 2.163937e-02 1.834528e-01 5.763339e-03 -5.521822e-02 1.113039e-02 9.962157e-01 6.758325e-02
4.500871e-02 4.879872e-01 1.572383e-02 1.181399e-01 9.976350e-03 -1.287203e-01 1.058939e-02 2.303418e-01 1.102172e-02 -4.346327e-02 8.683759e-03 9.582051e-01 4.464593e-02
1.645841e-02 2.301164e-01 1.001277e-02 9.842770e-02 7.265509e-03 -2.492753e-01 1.331775e-02 8.842668e-02 5.844720e-03 -4.611502e-02 5.405283e-03 9.395268e-01 5.231739e-02
1.679429e-02 2.569111e-01 1.010907e-02 1.174679e-01 8.167580e-03 -2.538975e-01 2.010405e-02 1.052758e-01 4.915769e-03 -4.768684e-02 1.494653e-02 9.799351e-01 6.043591e-02
1.780195e-02 2.181866e-01 1.242182e-02 9.581689e-02 4.683433e-03 -2.065341e-01 2.391250e-02 8.877538e-02 1.963184e-03 -3.608108e-02 7.242375e-03 8.731103e-01 5.689309e-02
1.948138e-02 2.530897e-01 1.219148e-02 1.102123e-01 5.996335e-03 -2.184110e-01 1.184896e-02 1.029426e-01 2.995666e-03 -4.200993e-02 8.702143e-03 9.385701e-01 6.654197e-02
2.183258e-02 2.635198e-01 9.249699e-03 1.086090e-01 5.784360e-03 -2.124049e-01 2.393203e-02 1.071198e-01 6.100822e-03 -2.950299e-02 1.487314e-02 9.446176e-01 4.057158e-02
2.485555e-02 2.751508e-01 1.298700e-02 1.076830e-01 5.635942e-03 -2.098628e-01 2.470448e-02 1.132366e-01 3.982581e-03 -3.366372e-02 1.410178e-02 9.514301e-01 8.333929e-02
2.855030e-02 3.222780e-01 2.017324e-02 1.172148e-01 1.037554e-02 -2.250266e-01 1.526715e-02 1.337770e-01 7.524194e-03 -4.619483e-02 7.911240e-03 9.756591e-01 3.837281e-02
3.291681e-02 3.278461e-01 1.188873e-02 1.094859e-01 1.228812e-02 -2.120810e-01 2.415956e-02 1.406105e-01 7.951191e-03 -4.857499e-02 1.664786e-02 1.094258e+00 1.061023e-01
1.679429e-02 2.461883e-01 1.773701e-02 1.027908e-01 9.061291e-03 -2.875255e-01 2.396013e-02 9.018527e-02 6.098779e-03 -6.063505e-02 8.030954e-03 1.064826e+00 7.034951e-02
1.713018e-02 2.405379e-01 4.426687e-03 1.017142e-01 3.880708e-03 -2.399906e-01 2.430707e-02 9.472346e-02 3.713733e-03 -2.974049e-02 1.346953e-02 9.011174e-01 9.780554e-02
1.813784e-02 2.324186e-01 9.129199e-03 9.606717e-02 2.433313e-03 -2.268923e-01 2.744369e-02 9.037167e-02 5.230492e-03 -3.961690e-02 1.141452e-02 9.666644e-01 4.886065e-02
1.981727e-02 2.544596e-01 7.327307e-03 1.134648e-01 5.263347e-03 -2.093561e-01 2.850404e-02 1.044749e-01 3.336840e-03 -5.789423e-02 1.369245e-02 8.243444e-01 5.116462e-02
2.216847e-02 2.433131e-01 9.450835e-03 1.051670e-01 7.922677e-03 -1.933667e-01 9.795203e-03 1.058785e-01 5.566908e-03 -3.725440e-02 1.403660e-02 9.179133e-01 4.295104e-02
2.519144e-02 2.605258e-01 1.868208e-02 1.040761e-01 8.639245e-03 -1.914179e-01 3.144289e-02 1.144834e-01 3.882894e-03 -4.080641e-02 1.484678e-02 9.358630e-01 9.818077e-02
2.888618e-02 2.903928e-01 1.306232e-02 1.085274e-01 7.434926e-03 -1.921498e-01 2.262599e-02 1.256164e-01 4.804456e-03 -5.559327e-02 1.886693e-02 1.013276e+00 3.833295e-02
3.325270e-02 3.246101e-01 2.462437e-03 1.140114e-01 6.885354e-03 -1.857229e-01 1.725505e-02 1.433251e-01 4.528550e-03 -4.243830e-02 8.238066e-03 1.005577e+00 4.449075e-02
1.780195e-02 2.257570e-01 6.226677e-03 1.018423e-01 5.784106e-03 -2.226822e-01 1.092885e-02 9.705634e-02 5.365251e-03 -3.548444e-02 8.877442e-03 9.125370e-01 3.711025e-02
1.813784e-02 2.581881e-01 1.637001e-02 1.156171e-01 8.245860e-03 -2.539683e-01 2.104782e-02 1.060360e-01 5.835540e-03 -6.051122e-02 7.444468e-03 9.086771e-01 4.130897e-02
1.914549e-02 2.111114e-01 1.107911e-02 8.345566e-02 4.490835e-03 -2.043997e-01 2.119401e-02 8.441325e-02 2.487887e-03 -3.726302e-02 5.433820e-03 8.696889e-01 5.882314e-02
2.082492e-02 2.559592e-01 1.332632e-02 1.062395e-01 4.808831e-03 -2.121067e-01 2.654535e-02 1.021101e-01 3.459889e-03 -3.023350e-02 1.333759e-02 8.979573e-01 7.337538e-02
2.317612e-02 2.597584e-01 1.036366e-02 1.006812e-01 3.753653e-03 -2.021968e-01 1.869132e-02 1.037054e-01 3.025168e-03 -3.955768e-02 1.375564e-02 8.441432e-01 5.571380e-02
2.619910e-02 3.077275e-01 7.467707e-03 1.215406e-01 3.867474e-03 -2.361376e-01 1.923613e-02 1.297149e-01 3.630409e-03 -5.903271e-02 7.462056e-03 9.456753e-01 6.648257e-02
2.989384e-02 3.206902e-01 1.540631e-02 1.120543e-01 6.306533e-03 -1.711379e-01 1.365462e-02 1.280690e-01 3.662873e-03 -2.066406e-02 7.789576e-03 9.628439e-01 2.740356e-02
3.426036e-02 3.270389e-01 2.401382e-02 1.101625e-01 6.698936e-03 -1.659290e-01 1.609305e-02 1.534183e-01 5.545997e-03 -4.720375e-02 1.279206e-02 8.840226e-01 3.513084e-02
1.948138e-02 2.165725e-01 8.582661e-03 8.765084e-02 6.307004e-03 -1.763684e-01 1.714627e-02 9.143821e-02 3.473775e-03 -2.386737e-02 1.158916e-02 7.985972e-01 3.544479e-02
1.981727e-02 2.269262e-01 1.108210e-02 9.707225e-02 7.508484e-03 -2.057180e-01 9.843778e-03 1.024319e-01 2.754543e-03 -3.663527e-02 6.535871e-03 9.167160e-01 1.981629e-02
2.082492e-02 2.608782e-01 1.207045e-02 1.087068e-01 7.336013e-03 -2.208644e-01 1.229045e-02 1.030512e-01 3.701832e-03 -4.715340e-02 5.994337e-03 8.900946e-01 5.350996e-02
2.250435e-02 2.549363e-01 1.471158e-02 1.055533e-01 7.672848e-03 -1.832459e-01 2.206330e-02 1.060927e-01 3.727977e-03 -4.865803e-02 6.987310e-03 8.136737e-01 5.196053e-02
2.485555e-02 2.946610e-01 1.070746e-02 1.155546e-01 6.466598e-03 -2.187251e-01 3.686679e-02 1.137321e-01 7.244823e-03 -4.093014e-02 1.787890e-02 9.915440e-01 6.116909e-02
2.787853e-02 3.115903e-01 1.309179e-02 1.121361e-01 9.495722e-03 -2.182639e-01 1.755281e-02 1.213760e-01 8.538687e-03 -3.687173e-02 1.632017e-02 9.590667e-01 7.983281e-02
3.157327e-02 3.320866e-01 1.715950e-02 1.096615e-01 6.078713e-03 -1.788149e-01 1.185154e-02 1.319176e-01 5.292055e-03 -3.508034e-02 1.008478e-02 8.807485e-01 2.297312e-02
3.593979e-02 3.472788e-01 1.450946e-02 1.137234e-01 4.646507e-03 -1.554423e-01 6.261206e-03 1.553370e-01 6.693368e-03 -3.747407e-02 1.099048e-02 9.699713e-01 8.113242e-02
2.183258e-02 2.648008e-01 9.694039e-03 1.092579e-01 4.957778e-03 -2.025732e-01 2.516126e-02 1.078606e-01 5.264310e-03 -3.003238e-02 1.019498e-02 8.574552e-01 2.731331e-02
2.216847e-02 2.847891e-01 1.940041e-02 1.182580e-01 1.347711e-02 -2.247137e-01 2.538307e-02 1.165025e-01 1.082603e-02 -4.004779e-02 1.794822e-02 9.640742e-01 5.340514e-02
2.317612e-02 2.638303e-01 9.958224e-03 1.058442e-01 7.826877e-03 -1.757860e-01 1.428349e-02 1.070101e-01 6.576694e-03 -2.692378e-02 1.323525e-02 8.827869e-01 1.209224e-02
2.485555e-02 2.761225e-01 4.830246e-03 9.883643e-02 9.353257e-03 -2.111015e-01 1.959256e-02 1.117305e-01 7.765794e-03 -3.441708e-02 1.382139e-02 8.846195e-01 7.286794e-02
2.720675e-02 2.974900e-01 1.383944e-02 1.193771e-01 5.695391e-03 -1.945768e-01 2.253021e-02 1.298536e-01 7.013094e-03 -3.557187e-02 1.925985e-02 9.530286e-01 7.237886e-02
3.022973e-02 3.195819e-01 9.115643e-03 1.063764e-01 6.419140e-03 -2.072147e-01 5.959205e-03 1.237632e-01 5.094417e-03 -5.471410e-02 7.704942e-03 1.074513e+00 2.366293e-02
3.392447e-02 3.422822e-01 1.483910e-02 1.145024e-01 7.017313e-03 -1.858035e-01 1.731260e-02 1.557764e-01 5.028980e-03 -4.039727e-02 8.220404e-03 8.915331e-01 3.589483e-02
3.829099e-02 3.892681e-01 2.867222e-02 1.204186e-01 9.603388e-03 -1.782631e-01 2.544899e-02 1.827063e-01 8.806619e-03 -4.250327e-02 1.084617e-02 8.888667e-01 3.178973e-02
2.485555e-02 2.838613e-01 7.931712e-03 1.146481e-01 4.409918e-03 -2.174706e-01 1.850971e-02 1.196895e-01 4.545429e-03 -2.819668e-02 4.346108e-03 9.847873e-01 4.701232e-02
2.519144e-02 2.605908e-01 1.570040e-02 9.750552e-02 9.038342e-03 -1.790905e-01 1.778650e-02 1.085869e-01 6.295327e-03 -4.581439e-02 1.392124e-02 9.022529e-01 5.434478e-02
2.619910e-02 3.186092e-01 1.899485e-02 1.215960e-01 1.214795e-02 -2.307971e-01 2.038810e-02 1.226738e-01 6.484207e-03 -4.958614e-02 1.623900e-02 1.011905e+00 6.189992e-02
2.787853e-02 3.123925e-01 5.505979e-03 1.198404e-01 6.097701e-03 -2.070890e-01 1.608004e-02 1.283720e-01 3.477606e-03 -3.858779e-02 9.939040e-03 9.870975e-01 4.438270e-02
3.022973e-02 3.185393e-01 1.135251e-02 1.232042e-01 6.325623e-03 -1.868210e-01 1.601487e-02 1.419676e-01 4.946722e-03 -3.815362e-02 9.441870e-03 9.344883e-01 6.190596e-02
3.325270e-02 3.410595e-01 9.566513e-03 1.072942e-01 7.945411e-03 -1.682025e-01 1.412551e-02 1.484576e-01 7.475755e-03 -1.501411e-02 1.223932e-02 9.138771e-01 2.919785e-02
3.694744e-02 3.849897e-01 2.189964e-02 1.220442e-01 1.232454e-02 -1.618738e-01 1.584444e-02 1.815241e-01 1.145213e-02 -2.472809e-02 1.452351e-02 9.818654e-01 4.268227e-02
4.131396e-02 4.318556e-01 2.842120e-02 1.214602e-01 6.019629e-03 -1.359132e-01 1.337136e-02 2.021600e-01 7.153917e-03 -4.559166e-02 1.136428e-02 9.535201e-01 4.661664e-02
2.855030e-02 3.048879e-01 7.809369e-03 1.032102e-01 1.018360e-02 -1.756295e-01 2.555985e-02 1.245383e-01 5.498162e-03 -1.121499e-02 1.846161e-02 9.172050e-01 3.011303e-02
2.888618e-02 3.294784e-01 1.233713e-02 1.266681e-01 3.553764e-03 -2.014138e-01 1.721447e-02 1.391395e-01 3.597808e-03 -4.956932e-02 1.027061e-02 9.417854e-01 6.360210e-02
2.989384e-02 3.113270e-01 2.296471e-02 1.100502e-01 7.742201e-03 -2.222422e-01 2.115513e-02 1.353459e-01 2.819779e-03 -6.259386e-02 1.917001e-02 9.659495e-01 4.805094e-02
3.157327e-02 3.386440e-01 1.278247e-02 1.185966e-01 8.746475e-03 -1.547084e-01 1.628842e-02 1.371219e-01 8.516320e-03 -2.582721e-02 6.522024e-03 8.885711e-01 2.947828e-02
3.392447e-02 3.573886e-01 1.908330e-02 1.133302e-01 5.290747e-03 -1.816734e-01 2.737306e-02 1.444152e-01 4.186472e-03 -3.375959e-02 1.318985e-02 9.344248e-01 1.729360e-02
3.694744e-02 3.621288e-01 2.324492e-02 1.078281e-01 1.569942e-02 -1.635741e-01 1.560107e-02 1.683400e-01 1.223373e-02 -3.225834e-02 9.599773e-03 9.810342e-01 4.388663e-02
4.064219e-02 3.987164e-01 2.752291e-02 9.836725e-02 1.540639e-02 -1.274152e-01 8.249938e-03 1.801356e-01 1.004377e-02 -4.917897e-02 1.392254e-02 9.443155e-01 1.546743e-02
4.500871e-02 4.294529e-01 2.609229e-02 1.104895e-01 9.460151e-03 -1.252352e-01 9.311368e-03 2.180981e-01 8.009914e-03 -3.862574e-02 1.427186e-02 9.771698e-01 3.529189e-02
3.291681e-02 3.680830e-01 1.002750e-02 1.346339e-01 6.744627e-03 -2.188395e-01 1.553961e-02 1.536289e-01 7.721234e-03 -5.487838e-02 8.330773e-03 1.003050e+00 5.127979e-02
3.325270e-02 3.417039e-01 2.370422e-02 1.206337e-01 9.127457e-03 -1.706894e-01 1.469245e-02 1.512384e-01 1.093123e-02 -5.227648e-02 1.346429e-02 9.338915e-01 4.223885e-02
3.426036e-02 3.552722e-01 1.824435e-02 1.090253e-01 9.814404e-03 -1.982462e-01 1.604991e-02 1.567817e-01 7.895942e-03 -4.690593e-02 1.283358e-02 9.577451e-01 3.517219e-02
3.593979e-02 3.479955e-01 2.564410e-02 8.937762e-02 1.238041e-02 -1.950419e-01 1.757310e-02 1.515661e-01 6.428386e-03 -4.292724e-02 1.292352e-02 1.035176e+00 6.020484e-02
3.829099e-02 3.675296e-01 3.024303e-02 1.043442e-01 1.070643e-02 -1.447338e-01 9.781751e-03 1.733590e-01 1.189321e-02 -5.183594e-02 1.200330e-02 9.667503e-01 7.733499e-02
4.131396e-02 4.187349e-01 2.157869e-02 1.269354e-01 9.344746e-03 -1.526557e-01 2.097876e-02 2.094670e-01 1.111344e-02 -4.749010e-02 8.478269e-03 1.022781e+00 4.914654e-02
4.500871e-02 4.408478e-01 1.851898e-02 1.172581e-01 1.342606e-02 -8.064373e-02 2.518162e-02 2.377276e-01 2.173674e-02 -3.245064e-02 2.208387e-02 9.549647e-01 4.247531e-02
4.937522e-02 4.629933e-01 1.240025e-02 1.085272e-01 5.526856e-03 -9.554288e-02 9.444181e-03 2.981480e-01 9.020931e-03 -7.077113e-02 2.182638e-02 9.852661e-01 3.005461e-02
