# k^2  MgMg MgMg_error  MgCl MgCl_error  MgNa MgNa_error  ClCl ClCl_error  ClNa ClNa_error  NaNa NaNa_error
0.000000e+00 4.480000e+02 0.000000e+00 1.238528e+03 0.000000e+00 1.064211e+03 0.000000e+00 3.424000e+03 0.000000e+00 2.942086e+03 0.000000e+00 2.528000e+03 0.000000e+00
2.932915e-04 8.650888e-01 6.998397e-02 1.463028e-01 2.263007e-02 -5.551297e-01 5.760878e-02 8.851176e-02 1.052316e-02 -1.860203e-02 1.349553e-02 4.465326e-01 5.191242e-02
1.173166e-03 2.704767e-01 4.703322e-02 5.068499e-02 2.096105e-02 -1.657139e-01 3.685035e-02 6.337247e-02 9.513852e-03 3.067616e-02 1.093881e-02 1.768498e-01 3.883394e-02
2.639623e-03 2.582002e-01 9.793557e-02 7.080317e-02 2.534757e-02 -1.163345e-01 5.001232e-02 6.320856e-02 8.668782e-03 1.896330e-02 1.420484e-02 1.222662e-01 2.579119e-02
4.692664e-03 2.777448e-01 3.631076e-02 7.334220e-02 9.491637e-03 -1.280415e-01 2.309468e-02 7.618305e-02 7.944640e-03 2.728170e-02 7.691627e-03 1.475776e-01 2.148211e-02
7.332287e-03 6.503976e-01 6.776898e-02 1.466897e-01 1.017640e-02 -2.891046e-01 3.958063e-02 8.670329e-02 3.994668e-03 -3.123366e-03 8.945200e-03 2.371612e-01 2.523987e-02
1.055849e-02 7.957018e-01 1.151176e-01 2.108625e-01 4.314767e-02 -2.910950e-01 5.738930e-02 1.197156e-01 2.165747e-02 -1.467488e-02 1.593771e-02 2.221955e-01 2.998256e-02
1.437128e-02 5.806788e-01 8.209541e-02 1.387247e-01 1.127086e-02 -1.785041e-01 3.040518e-02 1.052233e-01 4.123776e-03 1.866293e-02 4.643325e-03 1.705702e-01 1.190419e-02
2.932915e-04 3.233913e-01 9.404305e-02 3.487869e-02 1.787446e-02 -2.317855e-01 7.528610e-02 6.022174e-02 8.014219e-03 4.130173e-02 1.349818e-02 2.452652e-01 6.536991e-02
5.865830e-04 1.427472e-01 2.165684e-02 5.915935e-02 9.910417e-03 -4.939869e-02 1.093643e-02 7.181725e-02 9.740120e-03 3.472020e-02 8.177584e-03 8.433393e-02 1.332358e-02
1.466457e-03 3.850185e-01 1.078856e-01 1.017614e-01 1.638400e-02 -1.958838e-01 6.975709e-02 8.132633e-02 4.679842e-03 1.104640e-02 1.095342e-02 1.781449e-01 4.539973e-02
2.932915e-03 3.431478e-01 9.330341e-02 8.726270e-02 2.356169e-02 -1.651260e-01 4.800444e-02 7.904755e-02 8.575579e-03 2.310946e-02 1.087653e-02 1.684804e-01 2.698809e-02
4.985955e-03 7.809997e-01 3.391889e-01 1.718284e-01 5.516475e-02 -3.872707e-01 1.969153e-01 9.271989e-02 1.555077e-02 -2.598978e-02 3.117592e-02 2.797903e-01 1.109710e-01
7.625579e-03 7.412024e-01 2.518185e-01 1.404091e-01 4.081064e-02 -3.623054e-01 1.350596e-01 8.167727e-02 9.863012e-03 -1.068953e-02 2.012009e-02 2.740736e-01 7.498595e-02
1.085179e-02 5.249805e-01 1.023083e-01 1.301271e-01 2.384499e-02 -1.955644e-01 5.382297e-02 9.344313e-02 5.122192e-03 6.370322e-03 1.631158e-02 1.845340e-01 2.735741e-02
1.466457e-02 8.286523e-01 1.634429e-01 1.890841e-01 3.085090e-02 -3.003144e-01 7.649105e-02 1.148684e-01 7.156412e-03 -4.050048e-03 2.359300e-02 2.501309e-01 2.738398e-02
1.173166e-03 2.717050e-01 6.404544e-02 8.754595e-02 2.328778e-02 -1.229120e-01 4.128792e-02 7.118591e-02 1.093177e-02 1.073536e-02 8.610896e-03 1.200495e-01 2.992352e-02
1.466457e-03 2.768830e-01 7.431653e-02 8.505924e-02 1.614867e-02 -1.268955e-01 4.513262e-02 7.920312e-02 7.393799e-03 2.264463e-02 9.648250e-03 1.362386e-01 2.800614e-02
2.346332e-03 2.886569e-01 7.094960e-02 6.762319e-02 2.763665e-02 -1.531002e-01 3.526892e-02 7.582050e-02 7.486066e-03 3.456897e-02 1.673389e-02 1.753220e-01 2.413523e-02
3.812789e-03 4.843043e-01 1.606486e-01 9.585306e-02 3.391694e-02 -2.584661e-01 7.914116e-02 7.668782e-02 1.263815e-02 1.319749e-02 1.608719e-02 2.269699e-01 4.078390e-02
5.865830e-03 8.173517e-01 2.153024e-01 2.063115e-01 4.900894e-02 -3.603991e-01 1.090230e-01 9.914241e-02 1.948963e-02 -4.051393e-02 2.199590e-02 2.410649e-01 6.358966e-02
8.505453e-03 5.525104e-01 1.485147e-01 1.324187e-01 2.846638e-02 -2.341306e-01 6.639356e-02 8.219683e-02 9.370848e-03 -2.542682e-03 1.159586e-02 1.956342e-01 3.482719e-02
1.173166e-02 5.040165e-01 6.166801e-02 1.148948e-01 1.440573e-02 -1.892543e-01 3.790020e-02 9.116790e-02 5.437400e-03 1.340710e-02 5.926143e-03 1.817307e-01 2.229008e-02
1.554445e-02 7.449419e-01 1.778944e-01 2.046275e-01 4.373925e-02 -2.129295e-01 6.870176e-02 1.301488e-01 1.411132e-02 3.963723e-03 1.607479e-02 2.188424e-01 3.206390e-02
2.639623e-03 4.561163e-01 2.491749e-01 1.029239e-01 4.975447e-02 -2.442079e-01 1.382231e-01 7.184118e-02 1.309641e-02 1.405725e-03 2.564123e-02 2.103206e-01 8.389161e-02
2.932915e-03 4.070605e-01 1.751863e-01 1.122438e-01 3.996198e-02 -1.931900e-01 8.942034e-02 8.383140e-02 1.042266e-02 3.478004e-03 1.902911e-02 1.662645e-01 4.808295e-02
3.812789e-03 2.417950e-01 3.407658e-02 8.253501e-02 1.060435e-02 -8.164448e-02 1.667151e-02 7.801778e-02 6.294382e-03 2.962478e-02 8.625885e-03 1.113485e-01 1.659037e-02
5.279247e-03 3.440107e-01 4.826744e-02 7.560933e-02 1.251443e-02 -1.681325e-01 3.222417e-02 7.460775e-02 5.728805e-03 2.642754e-02 1.045968e-02 1.782999e-01 2.297049e-02
7.332287e-03 5.618349e-01 9.735496e-02 1.268403e-01 2.141858e-02 -2.590341e-01 6.167826e-02 8.413059e-02 8.132942e-03 6.654605e-04 7.853269e-03 2.208935e-01 3.845209e-02
9.971911e-03 5.677514e-01 1.328428e-01 1.363215e-01 2.388093e-02 -2.133233e-01 5.478453e-02 9.029279e-02 1.448107e-02 7.337742e-03 7.810855e-03 1.936582e-01 2.966061e-02
1.319812e-02 1.069778e+00 1.396741e-01 2.093702e-01 2.260549e-02 -4.259270e-01 7.255253e-02 1.020246e-01 5.339976e-03 -2.562735e-02 1.845714e-02 2.951233e-01 3.635802e-02
1.701091e-02 7.994254e-01 2.176031e-01 1.816785e-01 4.312044e-02 -2.379217e-01 7.320761e-02 1.098403e-01 1.113885e-02 5.450211e-03 1.392919e-02 2.479641e-01 4.220919e-02
4.692664e-03 3.827264e-01 4.572664e-02 1.111283e-01 1.135274e-02 -1.556209e-01 3.844010e-02 9.226940e-02 1.119198e-02 2.330198e-02 8.102896e-03 1.639503e-01 2.696048e-02
4.985955e-03 5.925838e-01 1.445074e-01 1.427707e-01 4.069825e-02 -2.833308e-01 6.131198e-02 9.211545e-02 1.272641e-02 -1.333928e-03 1.626774e-02 2.366818e-01 2.932635e-02
5.865830e-03 6.708914e-01 1.561148e-01 1.501480e-01 4.061091e-02 -3.299407e-01 8.055563e-02 9.722773e-02 1.306729e-02 -7.684860e-03 1.937847e-02 2.593398e-01 4.390224e-02
7.332287e-03 5.871643e-01 1.340111e-01 1.420436e-01 2.541223e-02 -2.700557e-01 7.439031e-02 9.495973e-02 8.279654e-03 -5.068931e-03 1.360455e-02 2.161820e-01 4.089705e-02
9.385328e-03 4.870592e-01 8.057488e-02 1.119986e-01 1.973521e-02 -2.001719e-01 4.194075e-02 8.105615e-02 7.541541e-03 6.970829e-03 6.894458e-03 1.792283e-01 2.420541e-02
1.202495e-02 4.890465e-01 1.236025e-01 1.083647e-01 2.772811e-02 -1.792368e-01 4.973588e-02 9.306507e-02 5.007651e-03 3.242404e-02 1.210010e-02 2.069767e-01 2.639899e-02
1.525116e-02 8.818100e-01 2.408358e-01 1.887850e-01 4.173657e-02 -3.214634e-01 9.217192e-02 1.045444e-01 1.115582e-02 -1.962963e-02 1.527991e-02 2.428829e-01 3.705788e-02
1.906395e-02 8.592355e-01 1.507863e-01 1.660438e-01 4.106954e-02 -3.024282e-01 2.873025e-02 1.043878e-01 7.161346e-03 -9.081737e-03 1.276038e-02 2.704586e-01 1.018266e-02
7.332287e-03 4.961158e-01 8.248464e-02 1.312239e-01 2.058797e-02 -1.904171e-01 3.025469e-02 8.859919e-02 6.523446e-03 3.892673e-03 1.224667e-02 1.585888e-01 1.189421e-02
7.625579e-03 6.086861e-01 1.064410e-01 1.187591e-01 1.575760e-02 -2.856396e-01 5.549881e-02 8.551794e-02 8.649122e-03 6.468455e-03 7.940918e-03 2.321866e-01 3.230527e-02
8.505453e-03 6.300373e-01 1.045597e-01 1.408245e-01 2.178402e-02 -2.559319e-01 4.627741e-02 8.276938e-02 6.361653e-03 -6.816729e-03 1.160909e-02 2.000231e-01 2.454283e-02
9.971911e-03 5.776765e-01 1.095306e-01 1.494586e-01 3.483618e-02 -2.053468e-01 3.447897e-02 9.840139e-02 1.275592e-02 3.096913e-03 1.234701e-02 1.733866e-01 1.880055e-02
1.202495e-02 5.487261e-01 9.405274e-02 1.210590e-01 3.561981e-02 -2.133933e-01 3.757023e-02 9.029286e-02 1.005848e-02 7.214122e-03 1.308284e-02 1.872703e-01 2.098349e-02
1.466457e-02 1.097597e+00 1.962283e-01 2.281751e-01 3.892229e-02 -4.178857e-01 8.676196e-02 1.231063e-01 1.273542e-02 -1.996368e-02 1.935465e-02 3.031374e-01 3.311599e-02
1.789078e-02 6.613881e-01 7.089392e-02 1.402105e-01 1.354490e-02 -2.466898e-01 3.004278e-02 1.125151e-01 9.774558e-03 1.629918e-02 1.069154e-02 2.621432e-01 2.034330e-02
2.170357e-02 1.241321e+00 2.022733e-01 2.616842e-01 5.069254e-02 -3.247979e-01 4.355744e-02 1.467526e-01 1.866413e-02 -4.905543e-03 4.322955e-03 2.829136e-01 2.506945e-02
1.055849e-02 8.626340e-01 9.315613e-02 1.947318e-01 3.499081e-02 -3.286371e-01 3.550140e-02 1.082113e-01 1.037631e-02 -1.439499e-02 1.646369e-02 2.334773e-01 2.426487e-02
1.085179e-02 6.170380e-01 1.581842e-01 1.392095e-01 4.175406e-02 -2.603692e-01 5.330981e-02 9.321888e-02 1.179818e-02 1.176375e-03 1.935793e-02 2.428394e-01 2.685638e-02
1.173166e-02 6.287154e-01 9.400940e-02 1.400353e-01 2.486914e-02 -2.603941e-01 4.077988e-02 8.172038e-02 1.175542e-02 -8.976427e-03 1.685463e-02 2.098993e-01 1.117141e-02
1.319812e-02 5.867156e-01 1.087394e-01 1.262667e-01 1.270665e-02 -2.355776e-01 5.535064e-02 9.713836e-02 4.470860e-03 1.904917e-02 6.112715e-03 2.377155e-01 3.530575e-02
1.525116e-02 7.358238e-01 4.722987e-02 1.637434e-01 1.477939e-02 -2.947920e-01 3.128606e-02 9.477211e-02 7.130373e-03 -2.382394e-02 1.578830e-02 2.470961e-01 2.395955e-02
1.789078e-02 8.426521e-01 2.124324e-01 1.888947e-01 5.348810e-02 -2.625962e-01 6.785819e-02 1.067556e-01 1.664427e-02 -1.311090e-02 1.837402e-02 2.227407e-01 2.878946e-02
2.111699e-02 1.044997e+00 1.462684e-01 2.195130e-01 2.699745e-02 -3.354013e-01 5.644883e-02 1.196391e-01 6.571222e-03 -1.149523e-02 1.356705e-02 2.900975e-01 2.995000e-02
2.492978e-02 1.035668e+00 1.668900e-01 2.532487e-01 4.797470e-02 -2.809345e-01 4.428550e-02 1.531566e-01 1.396499e-02 -4.011753e-02 9.669763e-03 2.644170e-01 3.419026e-02
1.437128e-02 7.448112e-01 8.064439e-02 2.029939e-01 2.081881e-02 -2.436508e-01 5.105446e-02 1.109938e-01 1.409727e-02 -2.066254e-02 1.375443e-02 2.018995e-01 1.965574e-02
1.466457e-02 1.000992e+00 1.081581e-01 2.426857e-01 2.340798e-02 -3.193638e-01 4.620033e-02 1.242584e-01 6.909772e-03 -2.861392e-02 8.624531e-03 2.185014e-01 2.086920e-02
1.554445e-02 5.811458e-01 1.285974e-01 1.436283e-01 4.347053e-02 -2.034874e-01 4.443350e-02 9.738742e-02 1.776811e-02 -8.026041e-04 1.140706e-02 1.889473e-01 2.011624e-02
1.701091e-02 1.203711e+00 2.672590e-01 2.712522e-01 4.565333e-02 -4.041571e-01 1.419087e-01 1.299004e-01 1.414552e-02 -3.223927e-02 2.048660e-02 2.983483e-01 7.337480e-02
1.906395e-02 8.889585e-01 1.898435e-01 1.834489e-01 2.525912e-02 -2.467985e-01 7.123723e-02 1.220346e-01 1.015213e-02 6.520946e-03 9.869692e-03 2.218034e-01 2.630241e-02
2.170357e-02 8.113074e-01 8.100509e-02 1.631294e-01 1.591136e-02 -2.963960e-01 6.557402e-02 1.238940e-01 1.013278e-02 3.186660e-03 8.939551e-03 3.152008e-01 4.023729e-02
2.492978e-02 1.057850e+00 1.683787e-01 1.706478e-01 4.224559e-02 -3.044914e-01 5.657573e-02 1.280380e-01 1.465512e-02 -7.240900e-03 1.129621e-02 2.643358e-01 2.846601e-02
2.874257e-02 1.119360e+00 1.130397e-01 2.777449e-01 4.749123e-02 -2.779564e-01 3.825828e-02 1.939472e-01 1.496080e-02 -1.041888e-02 1.930999e-02 3.534763e-01 2.003283e-02
2.932915e-04 6.658359e-01 8.767623e-02 1.765333e-01 4.008211e-02 -3.497338e-01 6.075618e-02 1.084570e-01 2.140765e-02 -1.933128e-02 2.149941e-02 2.725063e-01 4.830821e-02
5.865830e-04 6.091588e-01 1.125789e-01 1.078987e-01 1.975460e-02 -3.828153e-01 9.345122e-02 7.562109e-02 6.852751e-03 -1.601708e-03 9.926482e-03 3.213063e-01 7.811778e-02
1.466457e-03 3.536708e-01 1.142440e-01 8.392653e-02 2.370662e-02 -1.887293e-01 7.075385e-02 6.529400e-02 1.209282e-02 6.216554e-03 1.354150e-02 1.645183e-01 4.103725e-02
2.932915e-03 2.685162e-01 7.794251e-02 3.633004e-02 7.958497e-03 -1.748177e-01 6.380079e-02 6.870683e-02 7.003036e-03 4.989855e-02 3.822382e-03 2.127934e-01 5.417058e-02
4.985955e-03 8.967714e-01 2.667252e-01 2.015115e-01 5.464312e-02 -4.436475e-01 1.511572e-01 1.037132e-01 7.718892e-03 -3.644899e-02 3.632982e-02 3.115599e-01 8.096486e-02
7.625579e-03 3.188400e-01 6.783764e-02 7.684180e-02 1.521378e-02 -1.373251e-01 4.008013e-02 7.123636e-02 4.496904e-03 3.205871e-02 1.534381e-02 1.749300e-01 1.549772e-02
1.085179e-02 8.803998e-01 1.808274e-01 1.903745e-01 4.097090e-02 -3.955272e-01 6.828243e-02 1.120248e-01 1.363288e-02 -1.226780e-02 1.660650e-02 3.089099e-01 3.366489e-02
1.466457e-02 6.663561e-01 7.697906e-02 1.388230e-01 1.394367e-02 -2.396116e-01 3.350263e-02 1.013104e-01 5.729424e-03 1.430696e-02 8.875271e-03 2.171220e-01 1.698775e-02
5.865830e-04 5.096320e-01 2.007977e-01 1.107915e-01 3.000491e-02 -2.939414e-01 1.331955e-01 7.136750e-02 6.161237e-03 -9.447634e-03 2.099884e-02 2.346199e-01 8.701138e-02
8.798745e-04 2.042796e-01 6.322998e-02 7.499591e-02 2.434085e-02 -7.942819e-02 2.417678e-02 7.703601e-02 8.187567e-03 2.816213e-02 1.243524e-02 1.010248e-01 8.844530e-03
1.759749e-03 4.928159e-01 1.150841e-01 1.264244e-01 2.572530e-02 -2.497803e-01 7.283475e-02 9.068126e-02 6.023819e-03 3.333693e-03 1.627278e-02 2.126018e-01 4.435950e-02
3.226206e-03 4.703180e-01 9.068062e-02 1.008393e-01 1.207876e-02 -2.571765e-01 6.496059e-02 8.168907e-02 9.416836e-03 1.211209e-02 2.945864e-03 2.320674e-01 5.513048e-02
5.279247e-03 6.263603e-01 1.349489e-01 1.373898e-01 3.258040e-02 -3.154368e-01 6.627204e-02 8.221178e-02 9.689551e-03 -1.316928e-02 1.659228e-02 2.447237e-01 3.588533e-02
7.918870e-03 4.421271e-01 1.190160e-01 1.182870e-01 3.640859e-02 -1.971962e-01 7.108795e-02 1.059585e-01 1.537539e-02 2.968937e-02 1.248018e-02 2.182000e-01 4.602934e-02
1.114508e-02 6.291182e-01 8.285467e-02 1.522179e-01 6.086019e-03 -2.503876e-01 6.375011e-02 1.036853e-01 7.393801e-03 4.177806e-03 7.514530e-03 2.191126e-01 3.994763e-02
1.495787e-02 9.007899e-01 6.808490e-02 1.783659e-01 2.873071e-02 -3.537971e-01 2.963409e-02 1.033610e-01 8.257699e-03 -1.685727e-02 1.095622e-02 2.762989e-01 9.707758e-03
1.466457e-03 1.569445e-01 4.845578e-02 4.898214e-02 1.034848e-02 -7.031967e-02 3.531683e-02 7.503443e-02 8.239859e-03 4.852142e-02 8.294347e-03 1.210569e-01 2.405726e-02
1.759749e-03 2.349881e-01 6.120804e-02 6.835608e-02 1.378857e-02 -1.097315e-01 4.510330e-02 7.226907e-02 8.177124e-03 2.871101e-02 9.477246e-03 1.306778e-01 3.107778e-02
2.639623e-03 5.137351e-01 1.429936e-01 1.297719e-01 3.912176e-02 -2.710980e-01 7.665020e-02 9.460702e-02 1.318927e-02 3.164401e-03 1.834201e-02 2.369121e-01 4.606664e-02
4.106081e-03 3.602582e-01 1.212751e-01 7.291586e-02 2.725446e-02 -1.976992e-01 6.498235e-02 7.184297e-02 8.780335e-03 2.191148e-02 1.626767e-02 1.962221e-01 3.972396e-02
6.159121e-03 3.433676e-01 7.878400e-02 7.652735e-02 1.674372e-02 -1.625062e-01 3.264741e-02 6.639192e-02 3.665767e-03 1.603721e-02 7.975790e-03 1.651906e-01 1.493943e-02
8.798745e-03 6.461949e-01 1.266905e-01 1.549312e-01 2.835733e-02 -2.765815e-01 4.915207e-02 9.933022e-02 5.735804e-03 -1.529581e-03 1.635264e-02 2.312601e-01 1.542942e-02
1.202495e-02 5.981685e-01 5.276221e-02 1.380462e-01 3.123364e-02 -2.239375e-01 1.678384e-02 9.129754e-02 1.061551e-02 4.314332e-03 1.099822e-02 1.989745e-01 1.841226e-02
1.583774e-02 1.300899e+00 1.406109e-01 2.450393e-01 3.634694e-02 -5.311473e-01 8.409805e-02 1.107979e-01 1.659338e-02 -4.565570e-02 6.107610e-03 3.517962e-01 5.613853e-02
2.932915e-03 7.283247e-01 2.437864e-01 1.721813e-01 4.372313e-02 -3.785226e-01 1.415535e-01 9.502161e-02 1.116605e-02 -3.256637e-02 2.246743e-02 2.696290e-01 8.595776e-02
3.226206e-03 4.961261e-01 5.617126e-02 1.100020e-01 1.131187e-02 -2.630946e-01 4.828010e-02 7.577951e-02 8.547844e-03 -8.944269e-04 1.020327e-02 2.179809e-01 3.175049e-02
4.106081e-03 4.198518e-01 1.003984e-01 7.565772e-02 9.858324e-03 -2.274209e-01 7.165762e-02 7.188655e-02 3.266175e-03 2.622455e-02 5.134500e-03 2.183165e-01 5.318418e-02
5.572538e-03 5.913501e-01 1.865143e-01 1.339632e-01 2.844915e-02 -2.936672e-01 1.052955e-01 8.718843e-02 1.056217e-02 -8.681352e-03 1.388799e-02 2.291604e-01 6.009422e-02
7.625579e-03 4.365169e-01 5.304682e-02 1.018769e-01 2.300152e-02 -1.982042e-01 2.167763e-02 8.286510e-02 8.906793e-03 9.324664e-03 8.680877e-03 1.789118e-01 1.460713e-02
1.026520e-02 6.135982e-01 1.005180e-01 1.332568e-01 2.909536e-02 -2.628789e-01 5.034063e-02 9.510220e-02 8.826006e-03 8.432066e-03 1.554880e-02 2.328032e-01 2.998106e-02
1.349141e-02 9.667783e-01 9.118970e-02 2.466850e-01 3.800347e-02 -3.173039e-01 2.696200e-02 1.296626e-01 1.040116e-02 -2.071708e-02 1.777782e-02 2.392459e-01 1.594915e-02
1.730420e-02 7.886270e-01 8.050749e-02 1.797294e-01 2.962728e-02 -2.371241e-01 2.870494e-02 1.213886e-01 1.665961e-02 -4.647719e-03 8.314923e-03 2.031889e-01 2.476723e-02
4.985955e-03 3.947644e-01 8.567249e-02 7.641275e-02 2.907862e-02 -2.139873e-01 4.245275e-02 8.121674e-02 5.022146e-03 2.836661e-02 1.686331e-02 2.151718e-01 2.816729e-02
5.279247e-03 4.187189e-01 7.544733e-02 1.206426e-01 2.458377e-02 -1.724784e-01 3.130525e-02 9.366897e-02 8.266342e-03 2.038313e-02 1.050519e-02 1.799575e-01 1.651253e-02
6.159121e-03 6.007607e-01 9.498276e-02 1.317303e-01 2.365186e-02 -2.882238e-01 4.605934e-02 7.583220e-02 7.184598e-03 -1.345862e-02 1.199847e-02 2.204593e-01 1.692659e-02
7.625579e-03 4.492896e-01 1.492592e-01 9.121559e-02 4.687160e-02 -2.372078e-01 7.293973e-02 8.320769e-02 1.476085e-02 1.951430e-02 2.187069e-02 2.414022e-01 4.824156e-02
9.678619e-03 5.246552e-01 4.741056e-02 1.592772e-01 2.236502e-02 -1.477626e-01 1.017247e-02 1.069095e-01 4.463685e-03 9.591973e-03 1.116775e-02 1.404402e-01 1.482125e-02
1.231824e-02 6.926298e-01 1.738580e-01 1.510087e-01 3.584608e-02 -2.840047e-01 8.748141e-02 9.466002e-02 7.633572e-03 -7.257533e-03 2.177640e-02 2.241864e-01 3.601125e-02
1.554445e-02 7.563194e-01 1.237635e-01 1.325646e-01 2.758299e-02 -3.002202e-01 4.543050e-02 1.117278e-01 6.986887e-03 1.581195e-02 1.586919e-02 2.547843e-01 2.676481e-02
1.935724e-02 8.703221e-01 1.468277e-01 2.013081e-01 4.430081e-02 -2.817608e-01 4.849473e-02 1.179016e-01 1.474721e-02 -1.771157e-02 2.112643e-02 2.340830e-01 2.861174e-02
7.625579e-03 6.616825e-01 1.496582e-01 1.586116e-01 3.894448e-02 -2.904006e-01 5.857206e-02 8.522212e-02 7.694750e-03 -2.249906e-02 2.219970e-02 2.056281e-01 1.818783e-02
7.918870e-03 7.348780e-01 2.060306e-01 1.683189e-01 5.403405e-02 -3.538208e-01 9.602725e-02 8.452015e-02 1.407885e-02 -3.743869e-02 2.740781e-02 2.496396e-01 4.643089e-02
8.798745e-03 4.143107e-01 6.720596e-02 9.539479e-02 1.762939e-02 -1.890258e-01 4.231443e-02 8.493530e-02 1.172610e-02 2.764563e-02 1.393341e-02 2.117723e-01 3.288518e-02
1.026520e-02 4.757018e-01 7.422655e-02 9.909164e-02 2.254251e-02 -1.881610e-01 2.046049e-02 7.580615e-02 6.498400e-03 1.268575e-02 6.848633e-03 1.752742e-01 2.085029e-02
1.231824e-02 7.898052e-01 1.291032e-01 1.859746e-01 3.340628e-02 -3.101559e-01 4.582967e-02 1.066813e-01 6.703565e-03 -1.427726e-02 1.661356e-02 2.413871e-01 1.356903e-02
1.495787e-02 8.296184e-01 2.002354e-01 2.088675e-01 6.723929e-02 -2.767450e-01 6.075837e-02 1.216663e-01 2.154942e-02 -6.789302e-03 2.145737e-02 2.346271e-01 2.217781e-02
1.818407e-02 8.580752e-01 1.195603e-01 1.940033e-01 2.965869e-02 -2.631435e-01 2.893433e-02 1.262535e-01 1.271589e-02 -1.503209e-02 9.493105e-03 2.070120e-01 1.316729e-02
2.199686e-02 8.805874e-01 1.461171e-01 2.431478e-01 4.320298e-02 -2.221316e-01 4.620350e-02 1.677610e-01 1.116434e-02 5.819031e-03 1.447147e-02 2.495948e-01 3.891598e-02
1.085179e-02 6.898810e-01 6.881056e-02 1.491512e-01 2.106375e-02 -2.960623e-01 3.425689e-02 9.219941e-02 1.052518e-02 -1.164028e-02 1.258361e-02 2.323580e-01 1.367855e-02
1.114508e-02 6.647502e-01 6.106956e-02 1.538846e-01 1.457043e-02 -2.695298e-01 4.039338e-02 9.298182e-02 8.370610e-03 -9.759269e-03 5.508528e-03 2.087411e-01 2.502389e-02
1.202495e-02 7.341008e-01 1.433190e-01 1.731558e-01 3.931754e-02 -2.615319e-01 5.127185e-02 9.574790e-02 1.122977e-02 -1.134131e-02 1.456958e-02 1.982636e-01 1.831253e-02
1.349141e-02 6.493564e-01 2.664963e-02 1.487807e-01 1.367332e-02 -2.186179e-01 2.604907e-02 8.945289e-02 5.479042e-03 1.223362e-03 7.220866e-03 1.892106e-01 3.121803e-02
1.554445e-02 6.823739e-01 1.318952e-01 1.438551e-01 2.560332e-02 -2.606651e-01 5.101081e-02 1.015854e-01 7.314703e-03 2.305628e-05 9.789380e-03 2.346332e-01 2.320993e-02
1.818407e-02 1.647415e+00 3.242119e-01 3.433608e-01 6.010073e-02 -5.330354e-01 1.194265e-01 1.462386e-01 5.296831e-03 -4.740061e-02 2.696739e-02 3.463673e-01 4.168579e-02
2.141028e-02 8.580196e-01 1.203938e-01 2.026308e-01 3.106606e-02 -2.513153e-01 3.963410e-02 1.343842e-01 1.208722e-02 1.253822e-03 8.124972e-03 2.395738e-01 2.824877e-02
2.522307e-02 7.849365e-01 8.733050e-02 1.970290e-01 5.590498e-02 -2.658523e-01 2.169228e-02 1.414715e-01 2.437055e-02 -1.588503e-02 1.465979e-02 2.894229e-01 2.066386e-02
1.466457e-02 6.841300e-01 1.006145e-01 1.729877e-01 2.745310e-02 -2.459405e-01 3.620690e-02 1.188405e-01 1.662127e-02 7.413709e-03 5.083759e-03 2.311769e-01 3.806316e-02
1.495787e-02 8.193721e-01 1.300477e-01 2.276340e-01 3.725644e-02 -2.582648e-01 5.729781e-02 1.258943e-01 1.204893e-02 -1.281499e-02 1.395299e-02 2.261365e-01 2.656153e-02
1.583774e-02 8.240717e-01 1.325421e-01 1.720541e-01 5.284352e-02 -3.145737e-01 2.787531e-02 1.095343e-01 1.982088e-02 -1.393380e-02 1.744148e-02 2.544741e-01 1.640592e-02
1.730420e-02 1.156250e+00 3.854153e-01 2.318725e-01 6.214204e-02 -4.047566e-01 1.473064e-01 1.239480e-01 1.135310e-02 -3.044265e-02 2.919520e-02 2.996005e-01 4.998781e-02
1.935724e-02 1.214789e+00 2.701211e-01 2.583882e-01 7.804615e-02 -4.519707e-01 8.053076e-02 1.246666e-01 2.335675e-02 -4.642032e-02 1.966587e-02 3.276175e-01 3.140789e-02
2.199686e-02 8.712870e-01 1.696928e-01 1.886298e-01 3.744316e-02 -2.397818e-01 4.470711e-02 1.221258e-01 1.429316e-02 -1.030152e-02 1.710733e-02 2.368576e-01 1.285195e-02
2.522307e-02 1.249786e+00 1.231525e-01 2.801998e-01 3.052770e-02 -3.421361e-01 1.865500e-02 1.760521e-01 1.572250e-02 -2.803502e-03 1.727966e-02 3.408881e-01 2.389388e-02
2.903586e-02 1.488699e+00 1.897359e-01 3.366797e-01 5.110711e-02 -4.313447e-01 8.498683e-02 1.976938e-01 2.475268e-02 -3.727925e-02 1.691352e-02 3.717235e-01 4.166189e-02
1.173166e-03 3.774895e-01 9.237928e-02 9.682881e-02 2.211532e-02 -1.960037e-01 5.310167e-02 7.040014e-02 8.183958e-03 1.483200e-03 1.159015e-02 1.656432e-01 3.110106e-02
1.466457e-03 6.145520e-01 1.366317e-01 1.288174e-01 3.616516e-02 -3.545321e-01 7.506970e-02 8.143687e-02 6.666095e-03 -1.019790e-02 2.321450e-02 2.865480e-01 4.981045e-02
2.346332e-03 8.943169e-01 2.362946e-01 2.188241e-01 5.765234e-02 -4.606374e-01 1.297357e-01 1.136164e-01 1.743692e-02 -4.594420e-02 2.856329e-02 3.201561e-01 7.916272e-02
3.812789e-03 1.702943e-01 4.284161e-02 6.386942e-02 1.252121e-02 -6.071046e-02 2.331777e-02 7.935098e-02 3.350369e-03 3.700241e-02 1.105248e-02 1.045297e-01 1.237121e-02
5.865830e-03 5.247585e-01 9.494390e-02 9.823652e-02 2.102206e-02 -2.640589e-01 4.773762e-02 7.066819e-02 4.895564e-03 6.502160e-03 9.676986e-03 2.213009e-01 3.257705e-02
8.505453e-03 7.553328e-01 3.586333e-01 2.000064e-01 8.853188e-02 -2.868731e-01 1.391491e-01 1.102597e-01 2.046180e-02 -2.449981e-02 3.596439e-02 1.942107e-01 5.383157e-02
1.173166e-02 8.247321e-01 1.285887e-01 2.090224e-01 2.991177e-02 -2.790718e-01 4.649262e-02 1.197066e-01 1.113977e-02 -2.691998e-03 5.652482e-03 2.292799e-01 2.960155e-02
1.554445e-02 6.798355e-01 1.157147e-01 1.252904e-01 2.794742e-02 -2.541122e-01 5.973546e-02 9.409790e-02 1.310719e-02 7.684873e-03 8.705714e-03 2.308660e-01 2.824109e-02
1.466457e-03 2.423079e-01 7.513205e-02 5.612864e-02 1.698802e-02 -1.337580e-01 4.530507e-02 6.148897e-02 4.059430e-03 2.203481e-02 1.317513e-02 1.386070e-01 2.550861e-02
1.759749e-03 2.667824e-01 7.559613e-02 8.979454e-02 2.722906e-02 -1.093004e-01 3.418519e-02 7.724653e-02 1.384618e-02 1.591133e-02 8.707905e-03 1.118031e-01 2.191337e-02
2.639623e-03 2.002789e-01 5.196367e-02 7.270932e-02 1.730854e-02 -7.490404e-02 2.786295e-02 7.867636e-02 7.153661e-03 3.231274e-02 6.246400e-03 1.073016e-01 2.195248e-02
4.106081e-03 3.579266e-01 3.682900e-02 7.755607e-02 1.119501e-02 -1.843839e-01 1.786952e-02 8.266746e-02 5.970619e-03 3.345143e-02 1.272347e-02 1.969238e-01 1.281572e-02
6.159121e-03 3.403965e-01 7.990234e-02 8.593968e-02 1.233125e-02 -1.392880e-01 4.166534e-02 7.556667e-02 7.093265e-03 2.185882e-02 7.094290e-03 1.438389e-01 2.524805e-02
8.798745e-03 5.029879e-01 7.180721e-02 1.089171e-01 2.264775e-02 -2.124660e-01 3.049376e-02 8.243044e-02 1.083610e-02 8.009673e-03 1.139119e-02 1.870410e-01 1.687679e-02
1.202495e-02 4.925224e-01 8.752887e-02 1.026556e-01 1.401003e-02 -2.178754e-01 6.092185e-02 8.106670e-02 4.378504e-03 8.005424e-03 1.509134e-02 2.288986e-01 3.525299e-02
1.583774e-02 6.839996e-01 9.928899e-02 1.949855e-01 3.122533e-02 -1.829859e-01 2.471062e-02 1.222588e-01 5.346938e-03 -1.632553e-03 1.053759e-02 1.734955e-01 1.782659e-02
2.346332e-03 3.830444e-01 6.282736e-02 9.257561e-02 1.333770e-02 -2.000204e-01 4.566252e-02 7.789304e-02 8.657634e-03 1.418669e-02 7.831228e-03 1.853287e-01 3.071860e-02
2.639623e-03 2.157173e-01 8.714941e-02 4.888983e-02 1.153419e-02 -1.121723e-01 6.075552e-02 6.598835e-02 8.731663e-03 3.730583e-02 4.684470e-03 1.411056e-01 4.413134e-02
3.519498e-03 4.783703e-01 1.223196e-01 1.375632e-01 4.095195e-02 -2.050464e-01 6.166706e-02 9.694325e-02 1.535531e-02 5.099312e-03 1.852011e-02 1.749690e-01 3.392727e-02
4.985955e-03 4.386984e-01 5.751458e-02 1.345723e-01 2.443277e-02 -1.684122e-01 3.260582e-02 9.515831e-02 1.079803e-02 9.259048e-03 1.188306e-02 1.565016e-01 1.970387e-02
7.038996e-03 4.905287e-01 8.691854e-02 9.783969e-02 1.436746e-02 -2.216378e-01 5.241394e-02 8.373427e-02 6.474499e-03 1.895241e-02 1.109814e-02 1.944885e-01 2.729698e-02
9.678619e-03 7.612669e-01 1.758100e-01 1.640385e-01 3.290887e-02 -3.368409e-01 8.643674e-02 8.802412e-02 7.936733e-03 -2.255922e-02 1.780518e-02 2.462376e-01 4.735522e-02
1.290483e-02 5.514116e-01 8.350710e-02 1.292023e-01 1.490147e-02 -2.159160e-01 5.325122e-02 1.005975e-01 6.986770e-03 9.666000e-03 1.018965e-02 2.193579e-01 3.419703e-02
1.671762e-02 1.162793e+00 1.802918e-01 2.776219e-01 4.286638e-02 -3.924366e-01 8.619137e-02 1.342844e-01 1.366870e-02 -4.305060e-02 2.031580e-02 2.728145e-01 3.614654e-02
3.812789e-03 3.384821e-01 7.298976e-02 9.568799e-02 1.737497e-02 -1.482312e-01 4.160579e-02 8.173447e-02 1.000297e-02 1.908400e-02 5.386973e-03 1.493991e-01 3.144920e-02
4.106081e-03 4.177556e-01 1.277454e-01 8.740350e-02 3.515349e-02 -2.232141e-01 7.061256e-02 7.297235e-02 1.085023e-02 1.480392e-02 1.933014e-02 2.054450e-01 4.760094e-02
4.985955e-03 3.198964e-01 8.404527e-02 9.130083e-02 2.068239e-02 -1.287690e-01 3.650658e-02 8.823843e-02 9.497673e-03 3.421377e-02 8.321107e-03 1.566829e-01 1.963388e-02
6.452413e-03 7.009557e-01 2.210722e-01 1.842056e-01 5.162612e-02 -2.828220e-01 1.016877e-01 1.065990e-01 1.000584e-02 -1.100168e-02 2.669785e-02 2.160305e-01 4.580482e-02
8.505453e-03 6.290675e-01 1.004140e-01 1.234485e-01 2.089833e-02 -2.882058e-01 5.674794e-02 7.835703e-02 1.024633e-02 -3.256503e-04 1.152612e-02 2.273305e-01 2.711609e-02
1.114508e-02 8.151807e-01 1.013704e-01 1.793635e-01 2.700717e-02 -3.363502e-01 5.217689e-02 9.843744e-02 6.718695e-03 -1.841858e-02 1.199655e-02 2.470624e-01 2.887815e-02
1.437128e-02 5.630181e-01 1.373941e-01 1.233887e-01 2.498248e-02 -2.071374e-01 5.964295e-02 9.900205e-02 8.295022e-03 1.821507e-02 9.187043e-03 2.052159e-01 2.627312e-02
1.818407e-02 1.009792e+00 1.415597e-01 2.492307e-01 3.301330e-02 -3.224442e-01 4.174758e-02 1.338804e-01 5.762765e-03 -3.232872e-02 8.714402e-03 2.695039e-01 2.068404e-02
5.865830e-03 5.411277e-01 1.464793e-01 1.111795e-01 1.732130e-02 -2.670782e-01 8.969118e-02 7.742935e-02 3.502646e-03 5.493221e-03 1.447322e-02 2.257845e-01 5.018162e-02
6.159121e-03 4.662748e-01 8.935786e-02 1.252096e-01 1.719204e-02 -2.074075e-01 5.987903e-02 8.250120e-02 6.005158e-03 -8.379499e-05 7.623024e-03 1.885474e-01 4.249620e-02
7.038996e-03 6.730633e-01 9.156109e-02 1.335035e-01 2.016877e-02 -3.086278e-01 5.909406e-02 7.846923e-02 7.478911e-03 -2.845137e-03 7.639538e-03 2.447220e-01 4.453150e-02
8.505453e-03 6.514325e-01 1.130162e-01 1.439644e-01 3.819119e-02 -2.874718e-01 5.153289e-02 9.202133e-02 8.907865e-03 -6.679194e-03 1.697615e-02 2.200504e-01 3.010638e-02
1.055849e-02 7.208372e-01 6.338832e-02 2.026143e-01 2.915658e-02 -2.545971e-01 2.519263e-02 1.214625e-01 1.670046e-02 -1.048532e-03 1.571800e-02 2.174840e-01 1.729814e-02
1.319812e-02 6.700507e-01 9.181015e-02 1.439981e-01 1.794832e-02 -2.500323e-01 5.137805e-02 9.219702e-02 7.671480e-03 -1.380068e-03 1.321362e-02 2.065267e-01 3.203061e-02
1.642432e-02 6.621504e-01 1.148685e-01 1.471306e-01 2.785844e-02 -2.328023e-01 4.346786e-02 1.115349e-01 5.323932e-03 1.440640e-02 8.108100e-03 2.399904e-01 2.427735e-02
2.023711e-02 8.417056e-01 1.685895e-01 1.683299e-01 4.378206e-02 -2.666948e-01 4.563638e-02 1.116385e-01 1.238992e-02 -4.419743e-03 2.126950e-02 2.490668e-01 2.937653e-02
8.505453e-03 4.967186e-01 7.443057e-02 1.082045e-01 2.031414e-02 -2.223823e-01 3.698830e-02 8.043810e-02 7.941897e-03 3.334764e-03 1.136668e-02 1.866800e-01 2.547730e-02
8.798745e-03 5.482881e-01 1.597480e-01 1.320210e-01 4.791046e-02 -2.305805e-01 6.069075e-02 9.596600e-02 1.293394e-02 6.533234e-03 2.382182e-02 2.036027e-01 2.522667e-02
9.678619e-03 6.313650e-01 4.566601e-02 1.239417e-01 9.316162e-03 -2.959465e-01 2.933765e-02 8.628616e-02 7.042015e-03 5.520938e-03 3.869114e-03 2.481842e-01 2.257829e-02
1.114508e-02 7.243081e-01 1.017866e-01 1.496033e-01 1.888893e-02 -3.255968e-01 5.070926e-02 8.566426e-02 3.330698e-03 -1.970739e-02 5.183241e-03 2.465324e-01 3.628173e-02
1.319812e-02 8.347920e-01 1.359549e-01 2.138941e-01 3.146000e-02 -2.917632e-01 5.379318e-02 1.192818e-01 1.111030e-02 -2.063247e-02 9.516482e-03 2.210245e-01 2.313176e-02
1.583774e-02 5.559703e-01 3.391210e-02 1.195377e-01 8.545211e-03 -1.857755e-01 2.054505e-02 8.475695e-02 6.839805e-03 1.162558e-02 7.099913e-03 2.011056e-01 1.217294e-02
1.906395e-02 1.130788e+00 2.283236e-01 2.834652e-01 7.350336e-02 -3.872582e-01 7.578653e-02 1.397072e-01 2.441887e-02 -5.643853e-02 2.541514e-02 2.687263e-01 3.249280e-02
2.287674e-02 9.408083e-01 1.396381e-01 2.045488e-01 2.558683e-02 -3.105394e-01 7.990582e-02 1.404176e-01 6.711770e-03 -6.381647e-03 1.910177e-02 2.977988e-01 5.371669e-02
1.173166e-02 5.829140e-01 1.330302e-01 1.347466e-01 3.048548e-02 -2.160828e-01 3.850981e-02 8.588241e-02 8.787808e-03 -1.124143e-03 1.052238e-02 1.975238e-01 1.551430e-02
1.202495e-02 6.808194e-01 1.316237e-01 1.492545e-01 3.206422e-02 -2.771895e-01 6.128027e-02 8.589499e-02 8.293682e-03 -1.697563e-02 1.745614e-02 2.131196e-01 1.878065e-02
1.290483e-02 5.648487e-01 8.227590e-02 1.433168e-01 2.507136e-02 -1.881587e-01 2.634076e-02 1.029798e-01 6.192492e-03 1.474002e-02 1.190062e-02 1.967657e-01 1.340937e-02
1.437128e-02 8.001736e-01 1.246191e-01 1.921669e-01 1.522511e-02 -2.978506e-01 7.664697e-02 1.271345e-01 1.205500e-02 8.857568e-03 2.010228e-02 2.731951e-01 1.622564e-02
1.642432e-02 9.914492e-01 2.227744e-01 2.340714e-01 4.027539e-02 -3.281520e-01 1.203283e-01 1.232902e-01 1.074517e-02 -2.216273e-02 2.315552e-02 2.591964e-01 5.822067e-02
1.906395e-02 9.684801e-01 1.536130e-01 2.021121e-01 4.590403e-02 -3.374727e-01 7.122832e-02 1.118045e-01 1.850363e-02 -1.666733e-02 1.474087e-02 2.792128e-01 3.724607e-02
2.229015e-02 1.089649e+00 2.239991e-01 2.298301e-01 4.186176e-02 -3.483117e-01 6.168451e-02 1.249807e-01 1.173330e-02 -2.673122e-02 1.773835e-02 3.022312e-01 1.891524e-02
2.610294e-02 1.066217e+00 2.251625e-01 2.377092e-01 5.913026e-02 -3.228119e-01 6.340722e-02 1.371016e-01 1.752411e-02 -2.588533e-02 2.039715e-02 2.884226e-01 3.083188e-02
1.554445e-02 7.000391e-01 7.009033e-02 1.607817e-01 3.307636e-02 -2.257108e-01 1.759790e-02 1.031861e-01 9.828097e-03 1.145887e-02 8.550052e-03 2.096160e-01 1.904036e-02
1.583774e-02 8.803742e-01 1.933696e-01 1.785280e-01 3.952036e-02 -3.011232e-01 7.342733e-02 9.866196e-02 1.065604e-02 -1.608433e-02 1.006407e-02 2.254304e-01 3.496991e-02
1.671762e-02 7.780774e-01 1.660683e-01 1.808134e-01 4.970000e-02 -2.312647e-01 5.770135e-02 1.126415e-01 1.159762e-02 9.306099e-03 1.284251e-02 2.142887e-01 2.674455e-02
1.818407e-02 9.161499e-01 8.141299e-02 2.071437e-01 2.438117e-02 -3.221436e-01 4.254766e-02 1.377911e-01 1.190177e-02 5.311669e-04 8.380392e-03 2.967311e-01 3.620265e-02
2.023711e-02 7.710561e-01 1.348238e-01 1.926280e-01 4.248909e-02 -2.144445e-01 2.812139e-02 1.369050e-01 1.889925e-02 1.930918e-03 5.603986e-03 2.105697e-01 1.561445e-02
2.287674e-02 1.049466e+00 2.178494e-01 2.029059e-01 2.909761e-02 -3.638478e-01 1.260874e-01 1.289135e-01 8.062025e-03 -2.128722e-02 2.259199e-02 3.168206e-01 5.856622e-02
2.610294e-02 1.137066e+00 1.319766e-01 2.268586e-01 2.360344e-02 -3.608408e-01 4.479767e-02 1.490087e-01 1.149900e-02 -3.609662e-02 9.032280e-03 3.324854e-01 3.714641e-02
2.991573e-02 1.229155e+00 2.244071e-01 2.834617e-01 6.173373e-02 -3.048669e-01 3.767299e-02 1.719618e-01 1.286498e-02 -4.431025e-02 1.705112e-02 3.209107e-01 2.114104e-02
2.639623e-03 2.465359e-01 7.792060e-02 6.858280e-02 2.033754e-02 -1.140376e-01 3.898607e-02 6.818185e-02 7.039793e-03 2.519379e-02 1.605786e-02 1.295330e-01 1.450261e-02
2.932915e-03 2.969418e-01 4.865243e-02 6.576673e-02 2.573887e-02 -1.525617e-01 3.623441e-02 6.986817e-02 8.468186e-03 2.733157e-02 1.429811e-02 1.585970e-01 3.412626e-02
3.812789e-03 5.468099e-01 8.984734e-02 1.367104e-01 2.253010e-02 -2.576234e-01 5.596123e-02 9.263960e-02 6.976486e-03 9.231140e-05 1.340751e-02 2.099864e-01 3.564235e-02
5.279247e-03 4.483906e-01 9.167158e-02 9.912602e-02 2.045543e-02 -2.117946e-01 4.462721e-02 7.985754e-02 4.487091e-03 1.548981e-02 1.392796e-02 1.946221e-01 1.726081e-02
7.332287e-03 4.925236e-01 7.034506e-02 1.134733e-01 2.900077e-02 -2.115148e-01 2.503964e-02 7.886184e-02 1.317003e-02 6.825012e-03 1.189511e-02 1.859430e-01 1.850515e-02
9.971911e-03 5.817347e-01 1.133079e-01 1.229723e-01 1.976477e-02 -2.688906e-01 5.562323e-02 8.518147e-02 4.808828e-03 -2.899747e-03 1.322602e-02 2.284350e-01 2.954478e-02
1.319812e-02 6.934114e-01 7.587969e-02 1.703386e-01 2.297622e-02 -2.499340e-01 4.855610e-02 1.088934e-01 1.590354e-02 1.119697e-03 8.404327e-03 2.271820e-01 3.038528e-02
1.701091e-02 7.558278e-01 1.780187e-01 1.651632e-01 3.903908e-02 -2.866492e-01 5.880390e-02 1.057314e-01 9.200402e-03 -1.564675e-02 1.188232e-02 2.411739e-01 2.731112e-02
2.932915e-03 4.284960e-01 1.508252e-01 9.788838e-02 2.977802e-02 -2.293137e-01 9.418786e-02 8.272309e-02 1.136441e-02 1.749134e-02 1.919139e-02 2.188283e-01 6.325916e-02
3.226206e-03 4.169498e-01 9.119912e-02 1.055606e-01 2.863925e-02 -2.054091e-01 4.689009e-02 7.991132e-02 9.941786e-03 1.134289e-02 1.443172e-02 1.927958e-01 3.132763e-02
4.106081e-03 3.516262e-01 3.763713e-02 1.058085e-01 1.220518e-02 -1.472869e-01 2.835014e-02 8.358594e-02 9.216625e-03 1.042839e-02 1.246108e-02 1.407138e-01 1.454836e-02
5.572538e-03 4.962692e-01 1.937773e-01 1.149913e-01 3.944024e-02 -2.448073e-01 1.038572e-01 8.688027e-02 1.521835e-02 6.487220e-03 2.357340e-02 2.167386e-01 5.609898e-02
7.625579e-03 4.884932e-01 1.233107e-01 1.308492e-01 2.286787e-02 -2.133315e-01 6.099497e-02 8.632385e-02 8.104406e-03 -1.082800e-02 9.870590e-03 1.812885e-01 3.350280e-02
1.026520e-02 7.479294e-01 1.787785e-01 1.765544e-01 3.897585e-02 -2.893151e-01 7.326704e-02 9.624559e-02 1.401922e-02 -1.665034e-02 1.255473e-02 2.040359e-01 3.669012e-02
1.349141e-02 6.927702e-01 1.272862e-01 1.530195e-01 2.387727e-02 -2.635171e-01 4.668055e-02 9.967441e-02 9.948423e-03 -3.765786e-03 1.042639e-02 2.349445e-01 1.648137e-02
1.730420e-02 7.383407e-01 1.050932e-01 1.712791e-01 2.646459e-02 -2.377727e-01 4.866715e-02 1.233097e-01 1.045325e-02 1.220105e-02 1.156097e-02 2.420190e-01 2.005096e-02
3.812789e-03 3.561291e-01 7.542947e-02 8.523681e-02 2.333797e-02 -1.677565e-01 2.804434e-02 8.453901e-02 8.865077e-03 2.872714e-02 8.920583e-03 1.690377e-01 7.509842e-03
4.106081e-03 4.108091e-01 1.296028e-01 9.517571e-02 1.408990e-02 -2.027687e-01 9.589879e-02 7.254796e-02 3.474680e-03 7.993065e-03 9.992435e-03 1.798409e-01 6.849801e-02
4.985955e-03 4.361665e-01 1.164391e-01 9.043395e-02 2.895095e-02 -2.285509e-01 5.412056e-02 6.712637e-02 8.004767e-03 6.406378e-03 1.752032e-02 2.044216e-01 2.074112e-02
6.452413e-03 4.158511e-01 6.597320e-02 8.194320e-02 2.628794e-02 -2.063464e-01 3.929426e-02 6.977531e-02 1.057265e-02 1.620910e-02 1.259185e-02 1.952238e-01 3.643024e-02
8.505453e-03 5.892887e-01 9.366445e-02 1.445943e-01 2.597691e-02 -2.334204e-01 3.605312e-02 1.020654e-01 8.135407e-03 1.445966e-02 9.547449e-03 2.244820e-01 2.318394e-02
1.114508e-02 6.048989e-01 1.559336e-01 1.399979e-01 4.108562e-02 -2.473958e-01 7.555429e-02 1.048962e-01 1.449371e-02 9.217884e-03 1.822151e-02 2.313025e-01 4.349147e-02
1.437128e-02 7.167191e-01 7.907895e-02 1.503494e-01 2.507281e-02 -2.434944e-01 3.888742e-02 9.666946e-02 1.061294e-02 7.730609e-03 7.936389e-03 2.257134e-01 2.302694e-02
1.818407e-02 1.054881e+00 1.944985e-01 2.545036e-01 4.932275e-02 -3.250241e-01 5.746140e-02 1.343454e-01 1.027945e-02 -2.755582e-02 1.947342e-02 2.691413e-01 2.509190e-02
5.279247e-03 3.900930e-01 1.293997e-01 9.864940e-02 3.842655e-02 -1.759709e-01 5.196900e-02 8.491061e-02 1.297211e-02 1.640583e-02 1.332010e-02 1.656617e-01 2.450383e-02
5.572538e-03 4.493489e-01 6.398483e-02 1.035776e-01 1.357045e-02 -2.151652e-01 4.678655e-02 7.903357e-02 1.361250e-02 1.097987e-02 1.179591e-02 1.958015e-01 2.445294e-02
6.452413e-03 4.073465e-01 4.729508e-02 1.120014e-01 1.312211e-02 -1.649288e-01 2.243236e-02 8.633033e-02 8.752227e-03 1.262047e-02 6.752884e-03 1.537472e-01 1.564329e-02
7.918870e-03 3.568311e-01 7.141377e-02 8.156230e-02 1.745026e-02 -1.508982e-01 3.514684e-02 6.958604e-02 2.722343e-03 2.330534e-02 1.472916e-02 1.710850e-01 2.124674e-02
9.971911e-03 4.274509e-01 1.043041e-01 8.272710e-02 1.995063e-02 -1.841772e-01 4.108778e-02 6.922166e-02 3.646129e-03 1.581076e-02 1.109220e-02 1.852022e-01 2.093082e-02
1.261153e-02 5.180646e-01 8.488437e-02 1.191130e-01 2.242889e-02 -1.685806e-01 3.659950e-02 8.991958e-02 1.281997e-02 1.776243e-02 7.308298e-03 1.848770e-01 2.413600e-02
1.583774e-02 7.284989e-01 1.157709e-01 1.601488e-01 2.569217e-02 -2.797732e-01 5.807975e-02 1.048187e-01 1.041785e-02 -1.583278e-02 9.146896e-03 2.260860e-01 2.868361e-02
1.965053e-02 8.606492e-01 1.422041e-01 1.962347e-01 3.898846e-02 -3.133548e-01 7.710103e-02 1.269159e-01 1.469273e-02 -7.180906e-03 8.409256e-03 2.873638e-01 4.882660e-02
7.332287e-03 2.977000e-01 4.546993e-02 8.967068e-02 1.551084e-02 -9.007314e-02 8.807947e-03 7.607593e-02 8.474586e-03 1.671249e-02 3.676343e-03 1.043750e-01 8.900179e-03
7.625579e-03 5.695143e-01 5.359905e-02 1.107362e-01 1.147233e-02 -2.859976e-01 3.280784e-02 7.057023e-02 7.292080e-03 -3.615121e-03 7.681501e-03 2.371255e-01 2.721910e-02
8.505453e-03 5.336433e-01 7.387097e-02 1.312180e-01 1.624991e-02 -2.165572e-01 4.626223e-02 9.845616e-02 6.328850e-03 1.503066e-02 1.062142e-02 2.003166e-01 2.709949e-02
9.971911e-03 5.084321e-01 1.443993e-01 1.001583e-01 1.703194e-02 -2.218697e-01 8.691696e-02 7.880857e-02 5.542336e-03 1.131213e-02 1.081550e-02 1.951894e-01 5.130362e-02
1.202495e-02 1.204923e+00 1.352790e-01 2.897863e-01 3.553409e-02 -4.550451e-01 6.228773e-02 1.294668e-01 9.186374e-03 -5.446182e-02 1.735960e-02 2.909227e-01 2.189403e-02
1.466457e-02 1.000028e+00 2.110944e-01 2.032426e-01 5.360901e-02 -4.155987e-01 8.512760e-02 1.055198e-01 1.519682e-02 -2.541556e-02 2.088592e-02 3.086047e-01 3.343560e-02
1.789078e-02 9.575144e-01 1.897473e-01 1.893417e-01 3.757735e-02 -3.309096e-01 7.549597e-02 1.263863e-01 4.252669e-03 4.515097e-03 2.471636e-02 2.711439e-01 2.075813e-02
2.170357e-02 6.679348e-01 8.722643e-02 1.325573e-01 2.236368e-02 -1.939734e-01 2.595080e-02 1.001288e-01 9.722755e-03 6.589519e-03 7.806014e-03 2.070677e-01 2.077953e-02
9.971911e-03 7.544916e-01 2.189470e-01 1.675692e-01 4.113971e-02 -3.143948e-01 9.444921e-02 8.985786e-02 7.143111e-03 -2.455905e-02 1.807303e-02 2.229392e-01 3.741438e-02
1.026520e-02 8.382806e-01 1.580276e-01 1.832862e-01 3.580229e-02 -3.501221e-01 8.366637e-02 9.937882e-02 1.402367e-02 -2.107700e-02 1.559465e-02 2.634357e-01 4.672486e-02
1.114508e-02 7.831537e-01 1.400743e-01 1.604057e-01 3.606803e-02 -3.249398e-01 5.972348e-02 9.636714e-02 1.136657e-02 -8.195570e-03 1.446337e-02 2.471569e-01 3.137072e-02
1.261153e-02 6.372683e-01 1.447668e-01 1.441353e-01 2.669178e-02 -2.337432e-01 6.450355e-02 1.067440e-01 8.406964e-03 1.660467e-02 1.569280e-02 2.229436e-01 2.527900e-02
1.466457e-02 1.032881e+00 2.622480e-01 2.469821e-01 6.641421e-02 -3.407053e-01 1.015878e-01 1.388026e-01 1.906285e-02 -1.348160e-02 2.245550e-02 2.508176e-01 5.142374e-02
1.730420e-02 1.029040e+00 1.598273e-01 2.060366e-01 5.000310e-02 -3.593087e-01 8.283249e-02 1.092941e-01 1.128631e-02 -1.594135e-02 2.420477e-02 2.974474e-01 3.710424e-02
2.053040e-02 1.026322e+00 2.256743e-01 2.154757e-01 4.788404e-02 -3.342731e-01 8.438481e-02 1.250829e-01 1.389299e-02 -2.170368e-02 1.834884e-02 2.757719e-01 3.649913e-02
2.434319e-02 9.434294e-01 2.501851e-01 1.703240e-01 5.516760e-02 -3.038039e-01 8.363859e-02 1.243411e-01 1.016606e-02 -8.338024e-03 2.033396e-02 3.070076e-01 3.443528e-02
1.319812e-02 8.598132e-01 1.523231e-01 2.271315e-01 4.059618e-02 -2.813465e-01 5.694741e-02 1.195307e-01 1.333589e-02 -2.293129e-02 1.209944e-02 2.080491e-01 2.589735e-02
1.349141e-02 1.280633e+00 3.487490e-01 2.807230e-01 8.490394e-02 -4.612244e-01 1.199241e-01 1.204666e-01 2.038391e-02 -5.178937e-02 2.892934e-02 2.806902e-01 5.054462e-02
1.437128e-02 1.008010e+00 1.955740e-01 2.461181e-01 5.681025e-02 -3.476229e-01 8.150707e-02 1.281373e-01 1.815556e-02 -2.908003e-02 1.958345e-02 2.470352e-01 4.319402e-02
1.583774e-02 7.412020e-01 1.193748e-01 1.876677e-01 3.306707e-02 -2.052148e-01 4.004156e-02 1.137766e-01 7.327662e-03 -5.217224e-03 1.054836e-02 1.763793e-01 1.850971e-02
1.789078e-02 6.492246e-01 4.099132e-02 1.508344e-01 1.542508e-02 -2.086520e-01 3.028741e-02 1.040086e-01 4.694635e-03 -1.127433e-03 5.979368e-03 2.066665e-01 1.635130e-02
2.053040e-02 8.603011e-01 1.833219e-01 1.797062e-01 2.603206e-02 -2.880361e-01 8.303189e-02 1.125135e-01 1.040525e-02 -1.115873e-03 6.940480e-03 2.726443e-01 4.494220e-02
2.375661e-02 8.746649e-01 1.720400e-01 1.518280e-01 1.919332e-02 -3.165544e-01 7.018562e-02 1.286304e-01 7.381949e-03 3.406365e-03 1.457241e-02 3.319137e-01 5.722577e-02
2.756940e-02 8.637217e-01 4.007832e-02 1.866729e-01 2.933371e-02 -2.371455e-01 1.946897e-02 1.478456e-01 8.331277e-03 -5.561426e-03 1.583890e-02 2.962770e-01 2.318995e-02
1.701091e-02 5.649767e-01 1.217305e-01 1.049633e-01 1.756340e-02 -2.364319e-01 8.098414e-02 8.257309e-02 6.149274e-03 1.118712e-02 1.697709e-02 2.587115e-01 5.120540e-02
1.730420e-02 8.078490e-01 1.045299e-01 1.789589e-01 3.854849e-02 -2.923839e-01 4.078341e-02 1.142955e-01 1.662594e-02 -8.371926e-03 3.380494e-03 2.422235e-01 2.324561e-02
1.818407e-02 1.233709e+00 1.623125e-01 2.765658e-01 3.102134e-02 -3.989465e-01 6.716141e-02 1.299569e-01 1.230924e-02 -2.894654e-02 2.297293e-02 3.065368e-01 2.834987e-02
1.965053e-02 6.963605e-01 5.069167e-02 1.458051e-01 1.584211e-02 -2.668627e-01 3.599971e-02 1.186336e-01 1.289571e-02 1.051942e-03 1.055026e-02 2.498481e-01 1.857219e-02
2.170357e-02 1.282501e+00 1.800327e-01 2.962646e-01 4.281120e-02 -4.065833e-01 6.381866e-02 1.403517e-01 1.644828e-02 -3.813506e-02 2.236831e-02 3.102028e-01 2.353914e-02
2.434319e-02 1.141049e+00 3.071954e-01 2.531120e-01 6.136201e-02 -3.292886e-01 8.433637e-02 1.581511e-01 1.447204e-02 -1.646814e-02 1.692534e-02 2.849829e-01 3.297084e-02
2.756940e-02 1.112242e+00 1.053989e-01 2.362621e-01 2.335317e-02 -3.044198e-01 2.817677e-02 1.459109e-01 1.246688e-02 -2.839949e-02 1.718311e-02 3.015812e-01 1.130900e-02
3.138219e-02 9.013831e-01 1.233170e-01 1.812521e-01 2.293691e-02 -1.477876e-01 3.119962e-02 1.539425e-01 9.780140e-03 1.232378e-02 1.392792e-02 3.160365e-01 1.984545e-02
4.692664e-03 3.694073e-01 1.226263e-01 7.581384e-02 2.160880e-02 -1.890401e-01 6.924716e-02 7.370229e-02 6.329556e-03 2.337408e-02 1.239785e-02 1.811607e-01 3.987251e-02
4.985955e-03 3.497493e-01 1.113098e-01 6.373284e-02 7.361581e-03 -1.913102e-01 8.775589e-02 7.307199e-02 6.671492e-03 3.300372e-02 6.588840e-03 2.010787e-01 6.944941e-02
5.865830e-03 7.345159e-01 7.182416e-02 1.562764e-01 2.341723e-02 -3.501685e-01 4.407890e-02 8.317199e-02 1.080322e-02 -1.876659e-02 8.883527e-03 2.546610e-01 2.267422e-02
7.332287e-03 6.084184e-01 9.261519e-02 1.191097e-01 2.309174e-02 -2.839608e-01 6.260722e-02 7.073593e-02 8.672208e-03 -4.007039e-03 9.203036e-03 2.273369e-01 4.483846e-02
9.385328e-03 1.022466e+00 1.454353e-01 2.113255e-01 3.476322e-02 -4.592149e-01 7.807521e-02 1.028464e-01 7.306027e-03 -3.805599e-02 1.434359e-02 3.106328e-01 5.367368e-02
1.202495e-02 6.511877e-01 1.007221e-01 1.262775e-01 1.435092e-02 -2.997993e-01 5.769913e-02 8.956664e-02 3.031242e-03 3.707302e-03 9.023109e-03 2.594900e-01 4.203162e-02
1.525116e-02 7.956544e-01 1.664557e-01 2.026717e-01 6.847952e-02 -2.220338e-01 4.862405e-02 1.078376e-01 2.312738e-02 -1.452155e-02 1.568186e-02 1.766191e-01 1.810713e-02
1.906395e-02 1.993455e+00 2.720016e-01 3.876031e-01 6.245094e-02 -6.926045e-01 1.088380e-01 1.471821e-01 1.144546e-02 -8.787196e-02 2.214132e-02 3.969701e-01 5.254135e-02
4.985955e-03 5.905425e-01 1.491355e-01 1.447361e-01 4.259026e-02 -2.704885e-01 6.505660e-02 9.166224e-02 1.441141e-02 -6.743038e-03 1.681907e-02 2.112442e-01 3.130381e-02
5.279247e-03 5.624181e-01 1.345470e-01 1.268609e-01 4.972574e-02 -2.800789e-01 6.126659e-02 8.647980e-02 1.974702e-02 2.171910e-03 1.178281e-02 2.384043e-01 4.712996e-02
6.159121e-03 4.447088e-01 3.032216e-02 1.033995e-01 1.791300e-02 -1.937240e-01 2.125974e-02 8.068286e-02 7.845837e-03 1.745397e-02 1.158421e-02 1.870899e-01 2.135698e-02
7.625579e-03 5.480796e-01 6.623384e-02 1.206822e-01 1.553259e-02 -2.459026e-01 3.572667e-02 8.696076e-02 1.034503e-02 6.928049e-03 6.622502e-03 2.109431e-01 1.822749e-02
9.678619e-03 6.023971e-01 1.366387e-01 1.348265e-01 3.508725e-02 -2.464711e-01 6.159868e-02 8.744057e-02 6.690224e-03 2.517271e-03 1.633121e-02 2.093583e-01 3.300071e-02
1.231824e-02 6.286114e-01 1.110856e-01 1.243908e-01 2.557706e-02 -2.579761e-01 4.707264e-02 9.403222e-02 1.080015e-02 9.572083e-03 7.015870e-03 2.236643e-01 3.472492e-02
1.554445e-02 8.397075e-01 2.201019e-01 1.911276e-01 4.523266e-02 -2.941166e-01 7.931600e-02 1.074814e-01 1.346424e-02 -1.353931e-02 6.914766e-03 2.467905e-01 3.716544e-02
1.935724e-02 9.152741e-01 1.210594e-01 1.861234e-01 3.957523e-02 -2.960532e-01 4.255168e-02 1.182302e-01 1.996469e-02 3.790411e-03 2.015180e-02 2.559352e-01 2.510070e-02
5.865830e-03 7.024148e-01 1.343649e-01 1.705110e-01 3.359694e-02 -3.070504e-01 6.352600e-02 9.599426e-02 9.447233e-03 -1.806034e-02 1.515919e-02 2.190593e-01 3.151122e-02
6.159121e-03 8.498238e-01 2.169114e-01 1.967782e-01 7.725067e-02 -3.942380e-01 6.536406e-02 9.782199e-02 2.505333e-02 -3.401391e-02 2.984385e-02 2.762018e-01 1.047732e-02
7.038996e-03 5.047864e-01 1.974330e-01 1.026216e-01 2.461631e-02 -2.429209e-01 1.150791e-01 8.672828e-02 8.818723e-03 2.336923e-02 1.294832e-02 2.357224e-01 6.983044e-02
8.505453e-03 4.917313e-01 1.068793e-01 1.283602e-01 2.477636e-02 -1.818121e-01 3.442954e-02 8.836549e-02 6.582408e-03 8.809893e-03 8.382995e-03 1.636401e-01 1.308802e-02
1.055849e-02 7.200475e-01 1.810915e-01 1.755228e-01 2.885999e-02 -2.704689e-01 9.520488e-02 1.008587e-01 9.090380e-03 -9.734841e-03 1.803558e-02 2.114529e-01 4.850969e-02
1.319812e-02 8.026182e-01 7.460053e-02 1.813486e-01 3.032600e-02 -3.076019e-01 4.467467e-02 1.057343e-01 1.154042e-02 -2.891947e-03 9.284835e-03 2.584612e-01 2.257141e-02
1.642432e-02 6.228145e-01 1.948812e-01 1.449350e-01 4.084721e-02 -2.309512e-01 7.842872e-02 1.068909e-01 1.057599e-02 5.963682e-03 1.924882e-02 2.416976e-01 3.400901e-02
2.023711e-02 6.661915e-01 4.340371e-02 1.243976e-01 1.594866e-02 -2.632441e-01 1.199439e-02 1.017549e-01 7.870749e-03 1.627241e-02 1.246540e-02 2.980529e-01 2.563433e-02
7.332287e-03 5.207061e-01 8.915167e-02 1.595576e-01 2.501244e-02 -2.028018e-01 3.420830e-02 1.057312e-01 1.121242e-02 -3.656385e-03 9.798120e-03 1.810684e-01 1.612909e-02
7.625579e-03 4.963127e-01 9.533635e-02 1.167120e-01 1.873824e-02 -2.141646e-01 5.603876e-02 8.497793e-02 8.079278e-03 1.088731e-02 1.211134e-02 1.917616e-01 2.699289e-02
8.505453e-03 5.075741e-01 7.546425e-02 1.079651e-01 9.236650e-03 -2.308293e-01 4.157076e-02 7.675920e-02 6.425106e-03 4.444719e-03 6.617857e-03 1.976328e-01 2.547375e-02
9.971911e-03 4.427653e-01 1.141206e-01 8.588442e-02 1.592074e-02 -2.059832e-01 6.780460e-02 8.406883e-02 1.092715e-02 2.339032e-02 1.394270e-02 2.117688e-01 3.530159e-02
1.202495e-02 4.379981e-01 2.879338e-02 8.800272e-02 1.817229e-02 -1.816020e-01 1.113000e-02 7.139870e-02 9.479042e-03 1.349190e-02 3.912701e-03 1.796219e-01 4.897788e-03
1.466457e-02 8.565133e-01 6.043674e-02 1.809513e-01 1.801487e-02 -3.065215e-01 2.013332e-02 1.087959e-01 7.662094e-03 -1.875337e-03 1.010891e-02 2.508481e-01 2.043220e-02
1.789078e-02 7.226078e-01 8.484982e-02 1.514471e-01 2.945040e-02 -2.299763e-01 2.876852e-02 1.029808e-01 1.126817e-02 1.242200e-02 1.718290e-02 2.295467e-01 1.501958e-02
2.170357e-02 1.425570e+00 3.359121e-01 2.823433e-01 8.077512e-02 -4.443720e-01 1.043148e-01 1.365367e-01 2.135133e-02 -5.280973e-02 2.889771e-02 2.971014e-01 2.967239e-02
9.385328e-03 5.343948e-01 8.907187e-02 1.613431e-01 2.862701e-02 -1.793756e-01 3.007705e-02 1.130014e-01 2.075285e-02 1.198672e-02 7.334562e-03 1.755782e-01 1.122250e-02
9.678619e-03 7.078465e-01 9.328795e-02 1.273615e-01 8.785144e-03 -3.461106e-01 5.334572e-02 7.677327e-02 4.547735e-03 -5.332464e-03 4.086475e-03 2.816959e-01 3.213604e-02
1.055849e-02 6.425256e-01 1.344814e-01 1.551745e-01 4.668032e-02 -2.528928e-01 4.829403e-02 1.073441e-01 1.208458e-02 9.301270e-03 2.284712e-02 2.338559e-01 3.187098e-02
1.202495e-02 5.293091e-01 9.865584e-02 1.200075e-01 2.249267e-02 -2.073624e-01 3.907085e-02 8.770480e-02 3.282440e-03 1.222938e-02 1.061699e-02 2.112262e-01 1.068651e-02
1.407799e-02 7.548136e-01 1.196013e-01 1.565521e-01 3.207542e-02 -2.899308e-01 3.235293e-02 1.026749e-01 9.051769e-03 -7.670898e-03 1.023630e-02 2.263102e-01 1.709443e-02
1.671762e-02 9.632233e-01 1.633759e-01 2.450985e-01 3.632642e-02 -2.841628e-01 6.845560e-02 1.399242e-01 9.274417e-03 -1.063318e-02 2.376657e-02 2.212992e-01 2.455255e-02
1.994382e-02 1.208254e+00 3.015682e-01 2.477398e-01 7.789506e-02 -3.606173e-01 7.171724e-02 1.292428e-01 1.980954e-02 -2.177519e-02 1.961974e-02 2.520308e-01 2.121822e-02
2.375661e-02 8.465998e-01 2.169384e-01 1.936439e-01 5.769196e-02 -2.334020e-01 5.087069e-02 1.313355e-01 1.662592e-02 2.705807e-03 1.680332e-02 2.716818e-01 1.461449e-02
1.202495e-02 6.698957e-01 5.923078e-02 1.563197e-01 2.138422e-02 -2.469197e-01 1.558495e-02 1.013176e-01 5.642563e-03 3.021235e-03 8.230758e-03 2.062478e-01 1.739446e-02
1.231824e-02 9.792026e-01 1.874951e-01 2.216780e-01 4.328959e-02 -3.757520e-01 8.017907e-02 1.133826e-01 1.489641e-02 -2.528244e-02 1.650087e-02 2.734662e-01 4.220234e-02
1.319812e-02 1.127393e+00 1.574136e-01 2.261475e-01 3.871076e-02 -4.529353e-01 7.356301e-02 1.063807e-01 1.188335e-02 -4.105686e-02 1.752255e-02 2.989540e-01 3.597456e-02
1.466457e-02 4.967760e-01 8.975315e-02 1.054666e-01 2.437270e-02 -1.980799e-01 3.858988e-02 8.924095e-02 6.067109e-03 9.736353e-03 9.382385e-03 1.951736e-01 1.774811e-02
1.671762e-02 1.196505e+00 3.721434e-01 2.758043e-01 9.050314e-02 -3.977361e-01 1.145631e-01 1.405324e-01 1.859917e-02 -3.135861e-02 3.441416e-02 2.794462e-01 3.664370e-02
1.935724e-02 9.897937e-01 1.573397e-01 1.683534e-01 1.595184e-02 -4.069056e-01 9.034750e-02 1.113376e-01 2.860205e-03 -2.057080e-02 1.511407e-02 3.358445e-01 5.817259e-02
2.258345e-02 9.965531e-01 1.226164e-01 2.050284e-01 3.172238e-02 -2.666940e-01 6.586527e-02 1.321321e-01 1.147188e-02 3.739419e-03 1.300511e-02 2.698732e-01 3.938029e-02
2.639623e-02 1.206121e+00 1.811885e-01 2.210047e-01 2.471045e-02 -3.643825e-01 6.351976e-02 1.377550e-01 7.372536e-03 -1.763822e-02 1.170346e-02 3.372937e-01 3.677781e-02
1.525116e-02 7.834990e-01 1.317652e-01 1.939655e-01 5.577901e-02 -2.549148e-01 2.988724e-02 1.245819e-01 2.195500e-02 -2.638586e-05 1.201546e-02 2.233477e-01 1.966388e-02
1.554445e-02 8.758375e-01 2.030209e-01 1.926708e-01 3.906588e-02 -2.930017e-01 7.420364e-02 1.154653e-01 1.064045e-02 -4.663560e-03 1.748486e-02 2.446328e-01 2.469749e-02
1.642432e-02 8.764497e-01 1.213556e-01 2.113943e-01 3.548325e-02 -2.962875e-01 3.142783e-02 1.159502e-01 1.213729e-02 -2.085839e-02 1.016857e-02 2.493200e-01 2.387434e-02
1.789078e-02 1.070983e+00 1.207718e-01 2.495069e-01 1.675773e-02 -3.229331e-01 3.785186e-02 1.314669e-01 4.539392e-03 -2.474697e-02 1.267387e-02 2.588842e-01 2.471466e-02
1.994382e-02 1.119978e+00 1.695050e-01 2.386383e-01 3.193107e-02 -3.334590e-01 5.984912e-02 1.268268e-01 6.217977e-03 -1.753431e-02 1.352865e-02 2.483716e-01 2.409131e-02
2.258345e-02 1.161057e+00 2.096140e-01 2.719579e-01 5.535075e-02 -3.399403e-01 4.698203e-02 1.472921e-01 9.658590e-03 -3.458449e-02 1.181776e-02 2.697628e-01 1.330112e-02
2.580965e-02 1.068883e+00 1.246816e-01 2.373340e-01 6.222893e-02 -3.431804e-01 4.473685e-02 1.397125e-01 2.704275e-02 -3.727010e-02 1.648912e-02 3.146758e-01 4.951829e-02
2.962244e-02 1.825609e+00 3.398329e-01 3.567521e-01 7.829642e-02 -6.051909e-01 1.399209e-01 1.748700e-01 2.373525e-02 -6.502214e-02 2.210721e-02 4.828619e-01 6.648320e-02
1.906395e-02 1.003326e+00 3.211986e-01 2.200221e-01 4.267312e-02 -3.463519e-01 1.327695e-01 1.169147e-01 6.325197e-03 -2.780286e-02 2.352823e-02 2.567546e-01 5.020818e-02
1.935724e-02 4.995185e-01 4.433045e-02 1.177883e-01 2.025675e-02 -1.914601e-01 4.571769e-02 1.096137e-01 8.881462e-03 1.260745e-02 1.166573e-02 2.396080e-01 4.023211e-02
2.023711e-02 9.304264e-01 1.674260e-01 2.562955e-01 5.025463e-02 -2.427450e-01 3.232568e-02 1.410651e-01 1.683577e-02 -1.873209e-02 9.202250e-03 2.092150e-01 1.684310e-02
2.170357e-02 1.573187e+00 3.709845e-01 3.318745e-01 8.768171e-02 -5.146984e-01 1.303369e-01 1.581861e-01 3.125455e-02 -5.382947e-02 2.556272e-02 3.393562e-01 5.093302e-02
2.375661e-02 9.482536e-01 1.492031e-01 2.290949e-01 4.670147e-02 -2.782188e-01 5.123251e-02 1.369103e-01 1.276460e-02 -2.031788e-02 1.511402e-02 2.751296e-01 3.350674e-02
2.639623e-02 1.138006e+00 1.007191e-01 2.265302e-01 2.736476e-02 -2.964848e-01 2.679423e-02 1.393617e-01 6.554741e-03 -8.196460e-03 1.271679e-02 2.782636e-01 1.986045e-02
2.962244e-02 1.206496e+00 2.231384e-01 2.387213e-01 3.911323e-02 -2.941525e-01 6.974032e-02 1.688279e-01 8.288972e-03 -3.585165e-02 1.111984e-02 2.941944e-01 2.511057e-02
3.343523e-02 1.050318e+00 1.138142e-01 1.886841e-01 4.537257e-02 -3.364725e-01 2.730856e-02 1.754111e-01 2.571096e-02 -3.099504e-02 1.077772e-02 3.873352e-01 3.529242e-02
7.332287e-03 5.346395e-01 8.864808e-02 1.379446e-01 1.952712e-02 -2.316502e-01 4.333647e-02 8.523568e-02 1.002034e-02 -6.076089e-03 4.233800e-03 1.957694e-01 3.489082e-02
7.625579e-03 2.474766e-01 4.462112e-02 7.016743e-02 1.468331e-02 -8.519720e-02 1.726420e-02 7.958674e-02 6.826397e-03 3.444880e-02 1.141951e-02 1.251361e-01 1.308097e-02
8.505453e-03 4.092733e-01 1.141059e-01 9.153674e-02 1.371884e-02 -1.579183e-01 6.179758e-02 7.892708e-02 6.700459e-03 2.647266e-02 1.757341e-02 1.715806e-01 2.826070e-02
9.971911e-03 1.111354e+00 1.233921e-01 2.526695e-01 2.434144e-02 -4.806963e-01 7.777884e-02 1.214668e-01 6.998848e-03 -4.280689e-02 1.395761e-02 3.245847e-01 4.780709e-02
1.202495e-02 4.687827e-01 7.610993e-02 1.159072e-01 2.029943e-02 -1.864939e-01 2.182449e-02 8.589640e-02 6.579048e-03 7.919697e-03 8.030085e-03 1.886694e-01 9.810816e-03
1.466457e-02 8.658158e-01 1.894356e-01 1.824303e-01 3.907449e-02 -3.439823e-01 9.712759e-02 9.509188e-02 1.214919e-02 -2.073614e-02 1.828248e-02 2.679701e-01 4.614913e-02
1.789078e-02 1.075857e+00 1.034043e-01 2.587817e-01 2.792764e-02 -3.463740e-01 5.486561e-02 1.378515e-01 9.171228e-03 -3.169746e-02 1.384791e-02 2.600641e-01 2.671047e-02
2.170357e-02 1.559289e+00 2.419188e-01 3.566932e-01 8.463803e-02 -4.989815e-01 6.988576e-02 1.584895e-01 2.953066e-02 -4.828413e-02 1.546016e-02 3.461388e-01 3.326488e-02
7.625579e-03 3.108220e-01 5.216834e-02 9.967665e-02 3.050663e-02 -1.093520e-01 1.988392e-02 9.632303e-02 1.520790e-02 3.431801e-02 7.951090e-03 1.511028e-01 1.928660e-02
7.918870e-03 5.657713e-01 5.940800e-02 1.187445e-01 2.388425e-02 -2.608746e-01 3.547568e-02 7.306736e-02 9.904122e-03 -5.518670e-03 9.215659e-03 2.166092e-01 2.467113e-02
8.798745e-03 7.959833e-01 1.460163e-01 1.844572e-01 3.077470e-02 -3.234589e-01 5.241445e-02 9.349610e-02 9.645114e-03 -3.015908e-02 9.775856e-03 2.172307e-01 2.196919e-02
1.026520e-02 4.888304e-01 4.921074e-02 1.561556e-01 9.489564e-03 -1.603514e-01 3.421463e-02 1.060896e-01 3.699212e-03 6.248324e-03 1.255005e-02 1.654706e-01 2.137571e-02
1.231824e-02 6.059970e-01 1.134914e-01 1.077673e-01 2.464159e-02 -2.492376e-01 4.771890e-02 8.061405e-02 5.732810e-03 1.572175e-02 1.444681e-02 2.256743e-01 2.448422e-02
1.495787e-02 7.060322e-01 2.621575e-01 1.625214e-01 5.648880e-02 -2.471722e-01 1.169805e-01 1.220752e-01 1.601852e-02 7.208316e-03 2.628183e-02 2.163059e-01 5.097927e-02
1.818407e-02 8.475269e-01 1.676158e-01 1.597814e-01 4.465835e-02 -2.820087e-01 5.500698e-02 1.066360e-01 1.228832e-02 -1.323993e-03 4.933058e-03 2.506909e-01 4.283535e-02
2.199686e-02 1.192809e+00 2.160640e-01 2.768358e-01 6.295873e-02 -3.580875e-01 4.877773e-02 1.534086e-01 2.428429e-02 -2.255227e-02 1.483134e-02 2.584000e-01 2.314342e-02
8.505453e-03 8.049125e-01 1.189729e-01 1.687921e-01 3.673110e-02 -3.742085e-01 7.446093e-02 9.110108e-02 1.512526e-02 -1.568603e-02 9.613991e-03 2.914016e-01 5.332412e-02
8.798745e-03 5.746129e-01 1.492044e-01 1.303448e-01 3.770859e-02 -2.571311e-01 6.122250e-02 8.430565e-02 9.564231e-03 -1.598179e-03 1.675291e-02 2.195095e-01 3.306011e-02
9.678619e-03 7.677972e-01 2.250262e-01 1.983771e-01 6.227007e-02 -2.941869e-01 7.958285e-02 1.098588e-01 1.613898e-02 -2.152345e-02 2.501973e-02 2.173592e-01 3.643594e-02
1.114508e-02 1.138685e+00 1.607557e-01 2.024701e-01 3.157415e-02 -5.390092e-01 8.390344e-02 9.382381e-02 1.046459e-02 -4.468722e-02 1.382547e-02 3.626216e-01 5.031516e-02
1.319812e-02 6.101782e-01 1.078027e-01 1.411510e-01 3.434191e-02 -2.287056e-01 4.503009e-02 9.804311e-02 8.347783e-03 -1.528453e-03 1.833740e-02 1.956361e-01 2.034586e-02
1.583774e-02 1.094888e+00 2.753962e-01 2.409165e-01 6.534003e-02 -4.240853e-01 9.028451e-02 1.300256e-01 1.763053e-02 -3.706798e-02 2.142412e-02 2.992821e-01 3.218446e-02
1.906395e-02 8.177510e-01 1.112735e-01 2.078166e-01 3.109475e-02 -2.137280e-01 3.659288e-02 1.316259e-01 1.456561e-02 -1.256221e-03 6.963773e-03 2.141701e-01 2.330134e-02
2.287674e-02 9.149059e-01 7.059572e-02 1.839926e-01 3.707414e-02 -2.950432e-01 3.211473e-02 1.352295e-01 1.831975e-02 -1.071221e-02 1.352959e-02 2.925179e-01 2.167297e-02
9.971911e-03 5.053111e-01 1.337074e-01 1.336904e-01 2.657739e-02 -1.964581e-01 6.446557e-02 9.113711e-02 9.327252e-03 2.986838e-03 1.754807e-02 1.771123e-01 2.766023e-02
1.026520e-02 7.247479e-01 8.594363e-02 2.012868e-01 3.127759e-02 -2.239478e-01 2.646070e-02 1.119263e-01 1.644730e-02 -1.610081e-02 7.632574e-03 1.545193e-01 1.170157e-02
1.114508e-02 6.845778e-01 1.797363e-01 1.712962e-01 3.688578e-02 -2.508561e-01 9.480704e-02 9.967369e-02 8.515133e-03 -1.041353e-02 2.204448e-02 2.034691e-01 4.844364e-02
1.261153e-02 6.894527e-01 1.231029e-01 1.737978e-01 2.709258e-02 -2.389773e-01 7.365776e-02 1.180679e-01 1.291250e-02 7.597775e-03 2.336606e-02 2.166435e-01 2.879480e-02
1.466457e-02 7.729664e-01 1.928317e-01 1.574758e-01 4.842825e-02 -2.879015e-01 6.345493e-02 9.680444e-02 8.915212e-03 1.279035e-03 2.022663e-02 2.422516e-01 1.974371e-02
1.730420e-02 7.879486e-01 5.475923e-02 1.288681e-01 1.088217e-02 -3.102184e-01 3.580700e-02 1.015788e-01 5.772670e-03 5.985218e-03 1.107405e-02 2.526955e-01 2.833772e-02
2.053040e-02 1.124544e+00 2.677567e-01 2.455352e-01 5.712136e-02 -3.374276e-01 1.013670e-01 1.241211e-01 1.622370e-02 -1.860242e-02 1.912044e-02 2.614866e-01 4.122260e-02
2.434319e-02 1.482295e+00 3.632395e-01 3.164166e-01 7.786230e-02 -4.826126e-01 1.089376e-01 1.521352e-01 2.130282e-02 -5.807474e-02 2.294217e-02 3.485405e-01 3.436519e-02
1.202495e-02 5.751159e-01 1.015591e-01 1.395357e-01 2.268898e-02 -2.168103e-01 4.253418e-02 9.467358e-02 6.404219e-03 6.371695e-03 5.279846e-03 2.070550e-01 1.787125e-02
1.231824e-02 6.077145e-01 1.256525e-01 1.453153e-01 3.185749e-02 -2.172652e-01 6.092039e-02 1.010410e-01 1.196399e-02 4.593368e-03 1.128914e-02 1.952130e-01 2.807939e-02
1.319812e-02 1.019724e+00 2.306881e-01 2.179679e-01 4.451218e-02 -4.056842e-01 1.046831e-01 1.076120e-01 1.266946e-02 -3.392646e-02 1.719981e-02 2.726010e-01 5.557432e-02
1.466457e-02 5.023387e-01 7.313628e-02 1.187214e-01 1.439570e-02 -1.990177e-01 4.215401e-02 9.923073e-02 4.329627e-03 1.139186e-02 1.210969e-02 2.089091e-01 2.583174e-02
1.671762e-02 5.770014e-01 1.022948e-01 1.027423e-01 1.553542e-02 -2.246714e-01 3.748441e-02 7.578484e-02 3.734814e-03 7.325829e-03 3.180199e-03 2.259506e-01 2.205526e-02
1.935724e-02 8.404030e-01 1.297652e-01 1.766651e-01 1.488301e-02 -2.660591e-01 4.924759e-02 1.234906e-01 8.935416e-03 -2.230795e-04 1.616080e-02 2.303436e-01 2.460781e-02
2.258345e-02 8.779734e-01 5.839140e-02 1.842124e-01 3.410912e-02 -2.846767e-01 4.326340e-02 1.322606e-01 1.690192e-02 1.449753e-02 5.437112e-03 2.955473e-01 2.848163e-02
2.639623e-02 1.452110e+00 3.371882e-01 3.531501e-01 9.539928e-02 -3.321433e-01 7.571631e-02 1.790831e-01 2.965396e-02 -3.694386e-02 2.757440e-02 2.992360e-01 2.047862e-02
1.466457e-02 6.623215e-01 1.483173e-01 1.493070e-01 3.521371e-02 -2.086949e-01 6.217296e-02 1.124303e-01 1.235729e-02 2.700293e-02 9.248992e-03 2.085601e-01 2.855986e-02
1.495787e-02 7.994312e-01 1.151704e-01 1.755755e-01 2.240262e-02 -2.960952e-01 4.661287e-02 1.006887e-01 1.002617e-02 -1.398517e-02 9.882105e-03 2.400502e-01 2.492897e-02
1.583774e-02 1.014341e+00 1.134545e-01 2.157524e-01 1.387718e-02 -3.320769e-01 4.255651e-02 1.163817e-01 3.729305e-03 -1.224194e-02 1.139907e-02 2.612802e-01 1.043943e-02
1.730420e-02 7.021382e-01 1.806545e-01 1.405789e-01 2.489197e-02 -2.563708e-01 7.935201e-02 1.137763e-01 6.994449e-03 5.739999e-03 1.666375e-02 2.626019e-01 3.036005e-02
1.935724e-02 6.731352e-01 8.032605e-02 1.501624e-01 1.578233e-02 -2.192235e-01 3.853964e-02 1.035380e-01 8.603656e-03 -4.295023e-03 8.898718e-03 2.212488e-01 1.476108e-02
2.199686e-02 7.162967e-01 7.295406e-02 1.657875e-01 2.156866e-02 -2.215720e-01 2.208682e-02 1.147994e-01 1.153104e-02 -5.639394e-03 1.277395e-02 2.410417e-01 2.002428e-02
2.522307e-02 1.111237e+00 1.939984e-01 2.754701e-01 6.093407e-02 -2.917599e-01 3.253026e-02 1.707672e-01 1.501739e-02 -2.075939e-02 1.695923e-02 2.556546e-01 2.482191e-02
2.903586e-02 1.215698e+00 2.503267e-01 2.775975e-01 7.738857e-02 -3.141453e-01 3.303854e-02 1.775973e-01 1.807777e-02 -1.926466e-02 2.137497e-02 3.414260e-01 3.599083e-02
1.789078e-02 9.893731e-01 1.297300e-01 2.353354e-01 4.026852e-02 -2.979839e-01 4.714581e-02 1.244957e-01 1.170047e-02 -1.583241e-02 1.252059e-02 2.470830e-01 1.853862e-02
1.818407e-02 5.680315e-01 6.730840e-02 1.409195e-01 1.488423e-02 -1.942943e-01 2.790578e-02 1.103266e-01 7.101726e-03 2.670535e-03 9.805600e-03 2.184648e-01 2.300973e-02
1.906395e-02 7.365241e-01 7.556337e-02 1.847666e-01 3.097761e-02 -2.363251e-01 2.665237e-02 1.291509e-01 1.896290e-02 1.560995e-02 7.043435e-03 2.660133e-01 1.550896e-02
2.053040e-02 1.047613e+00 2.251867e-01 2.081527e-01 4.334818e-02 -3.597475e-01 7.797649e-02 1.370627e-01 5.676961e-03 -1.139492e-02 1.248098e-02 2.838826e-01 3.072008e-02
2.258345e-02 1.204004e+00 1.780338e-01 2.617779e-01 4.457138e-02 -3.788799e-01 5.609944e-02 1.575269e-01 7.204160e-03 -2.931051e-02 2.885903e-02 3.001525e-01 1.622422e-02
2.522307e-02 1.069063e+00 1.419935e-01 1.935669e-01 4.298795e-02 -3.664107e-01 5.038064e-02 1.392793e-01 1.371926e-02 3.443517e-03 1.744151e-02 3.862223e-01 3.100179e-02
2.844928e-02 9.931404e-01 1.982801e-01 2.209261e-01 5.700743e-02 -2.752860e-01 4.360848e-02 1.694060e-01 1.601468e-02 -1.027627e-02 1.254724e-02 3.168177e-01 3.162810e-02
3.226206e-02 1.118612e+00 1.352600e-01 2.616231e-01 3.973979e-02 -2.561603e-01 5.156111e-02 2.106476e-01 1.016575e-02 -2.020552e-02 1.895665e-02 3.320527e-01 3.949309e-02
2.170357e-02 7.160062e-01 1.261727e-01 1.292704e-01 3.481479e-02 -1.938007e-01 3.145389e-02 1.125085e-01 1.205076e-02 2.670706e-02 3.525945e-03 2.443583e-01 3.345447e-02
2.199686e-02 1.299495e+00 1.827414e-01 3.258613e-01 4.195789e-02 -3.716845e-01 7.456751e-02 1.598809e-01 1.620474e-02 -4.889755e-02 2.515116e-02 2.937712e-01 3.270561e-02
2.287674e-02 1.019462e+00 3.049531e-01 2.162525e-01 7.443739e-02 -2.444394e-01 8.535274e-02 1.399782e-01 2.081265e-02 7.402662e-03 2.421770e-02 2.475993e-01 2.915872e-02
2.434319e-02 8.046584e-01 1.541555e-01 1.899677e-01 5.785489e-02 -2.324196e-01 6.835465e-02 1.462847e-01 2.718424e-02 -5.800910e-03 1.575685e-02 2.463252e-01 3.094645e-02
2.639623e-02 1.353263e+00 1.213961e-01 3.025850e-01 3.933157e-02 -4.171843e-01 5.614239e-02 1.717209e-01 1.572044e-02 -3.691378e-02 1.757320e-02 3.567099e-01 2.028149e-02
2.903586e-02 1.309219e+00 1.817449e-01 2.823824e-01 5.227034e-02 -3.546354e-01 7.076029e-02 1.745849e-01 1.550587e-02 -2.190246e-02 3.161997e-02 3.712734e-01 3.882708e-02
3.226206e-02 1.329063e+00 2.489419e-01 2.547552e-01 4.854983e-02 -3.283237e-01 7.565002e-02 1.883166e-01 1.655016e-02 -3.159904e-02 1.138179e-02 3.427459e-01 4.163485e-02
3.607485e-02 1.155815e+00 1.956380e-01 2.326030e-01 4.759260e-02 -2.885734e-01 9.097860e-02 1.919457e-01 2.378085e-02 -4.079747e-02 1.874630e-02 3.727973e-01 2.366809e-02
1.055849e-02 4.693650e-01 7.602394e-02 9.475000e-02 2.647276e-02 -2.010488e-01 4.094398e-02 8.260639e-02 1.153502e-02 1.781228e-02 1.092210e-02 1.960455e-01 2.685261e-02
1.085179e-02 6.969195e-01 1.308833e-01 1.526110e-01 3.318087e-02 -2.739805e-01 5.072902e-02 9.108653e-02 1.705712e-02 1.154913e-03 8.012795e-03 2.368402e-01 3.424368e-02
1.173166e-02 5.345863e-01 4.222305e-02 1.312234e-01 1.278807e-02 -1.828248e-01 3.586874e-02 9.082267e-02 1.149929e-02 9.603037e-03 7.223054e-03 1.798677e-01 2.484843e-02
1.319812e-02 7.494678e-01 1.101267e-01 2.089108e-01 4.105251e-02 -2.464213e-01 2.759448e-02 1.239994e-01 1.327365e-02 -5.879534e-03 1.243009e-02 2.194130e-01 1.048267e-02
1.525116e-02 9.986952e-01 1.811234e-01 2.069390e-01 5.278670e-02 -3.515118e-01 7.585964e-02 1.044641e-01 1.993191e-02 -2.259982e-02 1.734487e-02 2.674801e-01 3.521286e-02
1.789078e-02 8.161151e-01 7.651564e-02 1.985388e-01 1.568826e-02 -2.244871e-01 4.208329e-02 1.235910e-01 6.301617e-03 9.670808e-04 1.783320e-02 2.074110e-01 1.866728e-02
2.111699e-02 1.053894e+00 2.259983e-01 2.381723e-01 4.985076e-02 -3.262250e-01 8.887791e-02 1.331950e-01 2.514531e-02 -2.399571e-02 1.407681e-02 2.543832e-01 3.757149e-02
2.492978e-02 1.107149e+00 2.118905e-01 1.840876e-01 2.576368e-02 -3.495201e-01 8.842199e-02 1.297861e-01 1.173100e-02 8.238096e-04 1.333438e-02 3.454929e-01 5.392659e-02
1.085179e-02 6.688762e-01 1.615029e-01 1.469859e-01 4.424618e-02 -2.643255e-01 6.966378e-02 8.774281e-02 1.770159e-02 -1.106015e-02 1.320970e-02 2.077415e-01 3.431661e-02
1.114508e-02 6.998599e-01 1.491523e-01 1.740697e-01 4.826613e-02 -2.441591e-01 3.749682e-02 1.094205e-01 1.333898e-02 6.175968e-03 1.420852e-02 2.089958e-01 1.440616e-02
1.202495e-02 1.203704e+00 2.180685e-01 2.729990e-01 3.874777e-02 -5.149336e-01 1.227019e-01 1.141665e-01 7.979137e-03 -7.474236e-02 2.300801e-02 3.324906e-01 6.388832e-02
1.349141e-02 8.728163e-01 1.677370e-01 1.946348e-01 4.141577e-02 -3.361809e-01 7.488865e-02 1.132849e-01 1.546669e-02 -1.029824e-02 1.418427e-02 2.691167e-01 3.701487e-02
1.554445e-02 1.013852e+00 1.785573e-01 2.523643e-01 5.372315e-02 -3.626309e-01 3.300777e-02 1.159913e-01 1.613218e-02 -4.336347e-02 1.479585e-02 2.523118e-01 1.513727e-02
1.818407e-02 9.584460e-01 2.095636e-01 2.437755e-01 7.049970e-02 -2.281945e-01 4.675337e-02 1.445228e-01 2.187346e-02 -3.050866e-04 1.567378e-02 2.179487e-01 2.382352e-02
2.141028e-02 9.584030e-01 1.860182e-01 2.271805e-01 4.832862e-02 -2.786771e-01 4.611697e-02 1.361474e-01 1.626487e-02 -7.805786e-03 6.705841e-03 2.686859e-01 1.817898e-02
2.522307e-02 1.105862e+00 1.524733e-01 2.319680e-01 4.806539e-02 -3.228211e-01 3.356764e-02 1.609996e-01 1.554520e-02 -2.984313e-02 1.347258e-02 2.512970e-01 1.653831e-02
1.173166e-02 1.087507e+00 1.167194e-01 1.935194e-01 2.498467e-02 -4.723631e-01 5.451029e-02 1.010585e-01 9.092253e-03 -2.119482e-02 7.855138e-03 3.425235e-01 3.329698e-02
1.202495e-02 7.281434e-01 6.681625e-02 1.734679e-01 1.309032e-02 -2.736494e-01 2.994692e-02 1.064268e-01 3.607387e-03 5.609083e-03 1.365905e-02 2.465072e-01 2.101534e-02
1.290483e-02 6.857684e-01 1.069610e-01 1.429378e-01 1.535348e-02 -2.312659e-01 3.357354e-02 8.730683e-02 4.696444e-03 2.746977e-03 9.476307e-03 2.118647e-01 2.888730e-02
1.437128e-02 8.562602e-01 9.767946e-02 2.084011e-01 4.208204e-02 -2.614292e-01 2.825188e-02 1.209186e-01 1.656349e-02 -1.429016e-02 9.460825e-03 1.935308e-01 1.339405e-02
1.642432e-02 7.273257e-01 1.471017e-01 1.599863e-01 3.414394e-02 -2.393707e-01 6.481474e-02 1.115233e-01 4.096870e-03 1.282898e-02 2.019029e-02 2.221667e-01 3.033372e-02
1.906395e-02 9.823569e-01 8.931805e-02 2.181170e-01 3.798788e-02 -2.870696e-01 4.813675e-02 1.370539e-01 1.137900e-02 -6.892460e-03 1.596863e-02 2.343466e-01 1.445080e-02
2.229015e-02 6.750725e-01 1.831577e-01 1.480151e-01 4.548693e-02 -1.762549e-01 7.284131e-02 1.176017e-01 1.602567e-02 1.559075e-02 1.909712e-02 2.271587e-01 2.693355e-02
2.610294e-02 1.187349e+00 2.347775e-01 2.346094e-01 6.562586e-02 -3.548908e-01 7.865874e-02 1.403418e-01 2.259969e-02 -2.647947e-02 2.277960e-02 3.051980e-01 3.345376e-02
1.319812e-02 5.838080e-01 7.121407e-02 1.473550e-01 2.617123e-02 -1.740995e-01 2.576406e-02 1.018948e-01 8.975693e-03 1.403756e-02 3.797562e-03 1.848078e-01 2.158792e-02
1.349141e-02 6.638043e-01 1.256368e-01 1.517096e-01 3.679864e-02 -2.535133e-01 4.032687e-02 1.013848e-01 8.401365e-03 -5.068439e-03 1.447859e-02 2.159948e-01 1.972471e-02
1.437128e-02 5.886300e-01 1.020339e-01 1.543347e-01 1.365304e-02 -1.946125e-01 4.035229e-02 1.033610e-01 6.099625e-03 1.011855e-02 1.095326e-02 2.053029e-01 1.841104e-02
1.583774e-02 7.640405e-01 1.572984e-01 1.964976e-01 5.156205e-02 -2.032833e-01 5.293150e-02 1.181061e-01 1.593837e-02 2.303877e-03 1.363571e-02 1.972389e-01 2.464987e-02
1.789078e-02 1.079206e+00 1.251669e-01 2.460151e-01 3.541360e-02 -3.684687e-01 5.102654e-02 1.366958e-01 1.614288e-02 -3.099534e-02 1.597466e-02 2.819100e-01 2.007529e-02
2.053040e-02 1.241120e+00 1.384019e-01 2.755919e-01 2.317217e-02 -3.805958e-01 5.350276e-02 1.516918e-01 1.476766e-02 -1.481972e-02 5.967535e-03 2.970960e-01 2.387620e-02
2.375661e-02 1.073541e+00 1.752263e-01 2.348049e-01 2.714270e-02 -3.106029e-01 6.995334e-02 1.535114e-01 1.044727e-02 -1.042070e-02 1.168318e-02 3.005394e-01 4.026508e-02
2.756940e-02 1.021328e+00 8.106889e-02 1.952399e-01 1.908458e-02 -3.544479e-01 4.613032e-02 1.485320e-01 6.305490e-03 -2.292842e-02 2.038609e-02 3.842238e-01 3.100536e-02
1.525116e-02 8.003782e-01 1.590209e-01 2.043283e-01 5.859446e-02 -2.479939e-01 5.351529e-02 1.353883e-01 2.497480e-02 6.537965e-03 1.367551e-02 2.249485e-01 2.382281e-02
1.554445e-02 8.820973e-01 2.453556e-01 1.956127e-01 5.678978e-02 -3.186211e-01 7.321090e-02 1.035886e-01 1.665346e-02 -2.147392e-02 1.420546e-02 2.400113e-01 2.868295e-02
1.642432e-02 9.455400e-01 2.450791e-01 1.780812e-01 4.653517e-02 -3.464743e-01 1.016882e-01 9.963829e-02 1.158309e-02 -2.118288e-02 1.954018e-02 2.547744e-01 4.641131e-02
1.789078e-02 1.396305e+00 3.763631e-01 3.369623e-01 9.304813e-02 -4.789437e-01 1.330312e-01 1.473211e-01 2.278223e-02 -7.021778e-02 3.920859e-02 3.105670e-01 4.713836e-02
1.994382e-02 9.015775e-01 2.654634e-01 1.645631e-01 5.657015e-02 -3.314404e-01 9.537190e-02 1.063500e-01 1.169825e-02 1.116921e-03 2.142183e-02 2.947065e-01 3.815716e-02
2.258345e-02 9.770931e-01 1.809351e-01 1.689789e-01 5.156009e-02 -3.695577e-01 7.047904e-02 1.075796e-01 1.842096e-02 -1.513079e-02 1.237498e-02 3.148362e-01 3.430596e-02
2.580965e-02 8.131488e-01 6.018516e-02 1.483966e-01 1.808318e-02 -2.843010e-01 2.887669e-02 1.229616e-01 9.731433e-03 -1.017896e-03 6.636844e-03 3.260480e-01 2.569230e-02
2.962244e-02 1.461718e+00 2.985740e-01 3.614114e-01 5.521565e-02 -3.335175e-01 1.030228e-01 2.113614e-01 1.825225e-02 -2.452025e-02 1.636791e-02 3.627688e-01 4.389451e-02
1.789078e-02 7.550454e-01 1.594282e-01 1.684585e-01 4.133055e-02 -2.966331e-01 6.026255e-02 1.130912e-01 1.741173e-02 -1.843365e-02 9.502512e-03 2.667590e-01 4.095639e-02
1.818407e-02 1.122279e+00 2.010764e-01 2.225215e-01 4.812947e-02 -3.541162e-01 7.128203e-02 1.225306e-01 8.591315e-03 -1.092639e-02 2.028756e-02 2.743487e-01 2.549508e-02
1.906395e-02 7.622965e-01 1.161579e-01 1.671066e-01 2.755094e-02 -2.252217e-01 4.893923e-02 1.309754e-01 1.676467e-03 2.852789e-02 1.201846e-02 2.400190e-01 2.335881e-02
2.053040e-02 8.981697e-01 2.763141e-01 1.846566e-01 5.421442e-02 -3.445927e-01 1.253360e-01 1.206212e-01 1.398640e-02 -1.013051e-02 1.964712e-02 3.029127e-01 5.610855e-02
2.258345e-02 1.075220e+00 1.502671e-01 2.372239e-01 5.234276e-02 -3.037361e-01 6.773414e-02 1.528075e-01 1.974634e-02 -1.156723e-02 2.047302e-02 2.837480e-01 3.528054e-02
2.522307e-02 8.108214e-01 1.982569e-01 1.682147e-01 3.667022e-02 -2.757349e-01 8.058695e-02 1.456148e-01 1.053644e-02 3.582437e-03 2.149464e-02 2.981262e-01 2.468082e-02
2.844928e-02 1.219640e+00 1.387574e-01 2.642603e-01 3.436010e-02 -3.845837e-01 4.950779e-02 1.686164e-01 1.943891e-02 -1.461203e-02 1.289007e-02 4.032967e-01 3.210175e-02
3.226206e-02 1.137781e+00 1.663457e-01 2.073122e-01 4.402170e-02 -2.862834e-01 5.089761e-02 1.653232e-01 1.681057e-02 -3.617122e-02 1.626627e-02 3.460298e-01 2.375617e-02
2.111699e-02 1.156748e+00 1.041323e-01 2.644093e-01 3.803545e-02 -3.707182e-01 3.260775e-02 1.299080e-01 1.307705e-02 -3.702965e-02 1.788310e-02 3.039002e-01 2.116231e-02
2.141028e-02 1.273595e+00 2.503173e-01 2.762875e-01 2.934870e-02 -4.051653e-01 1.097656e-01 1.424926e-01 1.197265e-02 -3.731718e-02 9.344526e-03 3.058384e-01 6.995719e-02
2.229015e-02 1.170591e+00 2.167026e-01 2.268904e-01 5.516839e-02 -3.608585e-01 6.065689e-02 1.442139e-01 1.694900e-02 -1.186103e-02 1.464734e-02 3.185620e-01 3.565857e-02
2.375661e-02 7.287250e-01 1.229634e-01 1.623024e-01 3.335371e-02 -2.072654e-01 3.963197e-02 1.407829e-01 1.033370e-02 2.535673e-02 7.925177e-03 2.949399e-01 2.367418e-02
2.580965e-02 7.456618e-01 1.550759e-01 1.271717e-01 3.988079e-02 -2.906330e-01 7.749756e-02 1.208688e-01 5.702369e-03 -3.497577e-03 1.831159e-02 3.168133e-01 5.193929e-02
2.844928e-02 9.609892e-01 6.117814e-02 2.857003e-01 1.978423e-02 -2.473261e-01 3.522480e-02 1.997777e-01 1.725698e-02 -3.211792e-02 1.723159e-02 2.832042e-01 3.615133e-02
3.167548e-02 9.096624e-01 1.173976e-01 1.480985e-01 2.816532e-02 -2.236854e-01 7.419115e-02 1.735530e-01 2.238154e-02 2.051841e-03 9.628858e-03 3.354770e-01 3.005686e-02
3.548827e-02 1.214356e+00 1.035000e-01 2.275036e-01 3.920284e-02 -3.660828e-01 4.889607e-02 2.129459e-01 1.457395e-02 -3.262177e-02 9.852863e-03 4.253712e-01 2.980635e-02
2.492978e-02 8.351789e-01 6.846306e-02 2.182086e-01 3.378314e-02 -2.040057e-01 4.407249e-02 1.538325e-01 1.275673e-02 -1.160108e-03 1.175275e-02 2.661806e-01 2.770814e-02
2.522307e-02 7.536370e-01 8.221281e-02 2.052251e-01 1.148263e-02 -1.774736e-01 2.500012e-02 1.515346e-01 2.443571e-03 -1.044987e-02 3.053057e-03 2.185510e-01 1.822182e-02
2.610294e-02 1.134240e+00 1.243960e-01 2.401398e-01 4.354776e-02 -3.128839e-01 5.753245e-02 1.642883e-01 6.222332e-03 -1.186620e-02 1.952726e-02 3.080467e-01 4.207813e-02
2.756940e-02 1.065842e+00 3.532471e-01 2.369335e-01 4.949503e-02 -2.716283e-01 1.336951e-01 1.628688e-01 3.678340e-03 -4.318994e-03 2.671071e-02 3.003201e-01 4.647608e-02
2.962244e-02 1.356523e+00 3.701910e-01 2.639828e-01 7.950781e-02 -3.540208e-01 6.852886e-02 1.596765e-01 1.669379e-02 -3.418818e-02 9.018191e-03 3.226536e-01 1.841488e-02
3.226206e-02 1.008750e+00 4.447309e-02 2.332329e-01 1.281111e-02 -2.246927e-01 2.915840e-02 1.945199e-01 8.933051e-03 -1.295051e-02 1.959038e-02 3.095915e-01 1.717298e-02
3.548827e-02 1.153753e+00 1.982884e-01 2.125992e-01 6.701736e-02 -3.352677e-01 9.340178e-02 2.055835e-01 3.000547e-02 -3.232124e-02 2.872223e-02 3.617061e-01 2.575164e-02
3.930106e-02 1.235554e+00 3.116270e-01 2.511187e-01 9.459943e-02 -2.904741e-01 6.514172e-02 2.558923e-01 1.521200e-02 -7.308049e-02 3.494014e-02 4.786273e-01 4.374438e-02
1.437128e-02 8.042573e-01 1.557257e-01 1.801655e-01 4.318948e-02 -2.764038e-01 5.435754e-02 1.079494e-01 8.807440e-03 -1.194260e-02 1.370810e-02 2.210319e-01 2.666412e-02
1.466457e-02 5.858426e-01 7.475575e-02 9.807788e-02 1.694779e-02 -2.346714e-01 3.826059e-02 7.931120e-02 5.177793e-03 1.802606e-02 1.195528e-02 2.400183e-01 1.916796e-02
1.554445e-02 8.020555e-01 1.494343e-01 1.686959e-01 2.689207e-02 -2.823984e-01 6.764179e-02 9.539952e-02 8.228261e-03 -1.285729e-02 1.208851e-02 2.161335e-01 3.518105e-02
1.701091e-02 1.177235e+00 1.650973e-01 2.338875e-01 3.582256e-02 -3.994496e-01 6.960890e-02 1.338584e-01 1.315966e-02 -1.992927e-02 1.737391e-02 2.806288e-01 3.702840e-02
1.906395e-02 1.085351e+00 7.294888e-02 2.018484e-01 2.719735e-02 -3.831542e-01 9.696117e-03 1.176924e-01 1.154987e-02 -2.328275e-02 5.984012e-03 2.915590e-01 2.076157e-02
2.170357e-02 1.053695e+00 8.486201e-02 2.518480e-01 1.787391e-02 -2.569112e-01 2.761642e-02 1.443416e-01 9.279163e-03 -5.283888e-03 1.313351e-02 2.819144e-01 1.004752e-02
2.492978e-02 1.341945e+00 2.041446e-01 2.659773e-01 4.665701e-02 -3.602382e-01 4.835043e-02 1.509086e-01 1.863973e-02 -1.289788e-02 1.652633e-02 3.065942e-01 2.143237e-02
2.874257e-02 1.133646e+00 1.353023e-01 2.699976e-01 4.022892e-02 -2.544176e-01 4.058621e-02 1.846040e-01 1.758578e-02 -3.354632e-02 1.721495e-02 2.837504e-01 1.124137e-02
1.466457e-02 7.825944e-01 8.766711e-02 2.086581e-01 2.194500e-02 -2.441374e-01 3.664613e-02 1.189610e-01 4.044785e-03 -1.276817e-02 1.588733e-02 2.030481e-01 1.634069e-02
1.495787e-02 8.646579e-01 2.290320e-01 1.876470e-01 6.455936e-02 -3.030895e-01 6.999351e-02 1.238687e-01 1.873543e-02 -1.667162e-03 2.475489e-02 2.397993e-01 1.646598e-02
1.583774e-02 7.869184e-01 9.726044e-02 1.528687e-01 2.709251e-02 -2.935065e-01 4.211307e-02 1.003277e-01 1.771603e-02 -6.926267e-03 4.170848e-03 2.473546e-01 2.287891e-02
1.730420e-02 7.892105e-01 1.595427e-01 1.801768e-01 3.412491e-02 -2.273614e-01 6.485554e-02 1.145633e-01 1.068784e-02 2.845573e-03 1.001152e-02 2.001850e-01 3.333668e-02
1.935724e-02 1.004543e+00 2.312738e-01 2.382223e-01 4.485373e-02 -3.012205e-01 8.747418e-02 1.318945e-01 6.712369e-03 -1.034471e-02 2.415166e-02 2.721231e-01 5.290829e-02
2.199686e-02 1.164052e+00 1.570497e-01 2.212153e-01 4.844210e-02 -4.249685e-01 7.556800e-02 1.217796e-01 1.727764e-02 -2.378173e-02 1.687681e-02 3.457755e-01 5.243274e-02
2.522307e-02 8.799228e-01 1.400872e-01 2.094716e-01 2.921209e-02 -2.279536e-01 5.518592e-02 1.416815e-01 3.554210e-03 -4.566197e-03 1.872352e-02 2.991756e-01 9.505492e-03
2.903586e-02 1.196210e+00 1.075336e-01 1.880811e-01 4.285846e-02 -3.893027e-01 2.959073e-02 1.514609e-01 2.012708e-02 -1.351530e-03 1.718735e-02 3.594511e-01 1.550912e-02
1.554445e-02 8.406134e-01 9.655343e-02 1.853982e-01 4.610984e-02 -3.168099e-01 3.711533e-02 1.070399e-01 1.936007e-02 -1.821450e-02 4.945599e-03 2.545291e-01 1.259604e-02
1.583774e-02 7.569317e-01 1.353666e-01 2.006214e-01 3.319940e-02 -2.330179e-01 5.527820e-02 1.115912e-01 1.382872e-02 -1.486476e-02 8.887552e-03 2.100609e-01 3.432583e-02
1.671762e-02 8.935387e-01 2.879697e-01 1.626191e-01 6.648585e-02 -3.459882e-01 1.060873e-01 9.969889e-02 1.274260e-02 -9.972210e-03 2.946185e-02 2.848180e-01 4.748149e-02
1.818407e-02 4.579812e-01 7.346669e-02 1.148606e-01 2.511361e-02 -1.465004e-01 3.103254e-02 1.039131e-01 1.193627e-02 2.266021e-02 2.452373e-03 2.004270e-01 2.112821e-02
2.023711e-02 1.019781e+00 1.448549e-01 1.880546e-01 1.651693e-02 -3.602020e-01 6.723812e-02 1.179792e-01 6.497210e-03 -8.713393e-03 7.471806e-03 3.043912e-01 3.581778e-02
2.287674e-02 1.075808e+00 2.318223e-01 2.466180e-01 6.996868e-02 -2.932004e-01 7.871328e-02 1.427485e-01 2.609699e-02 -1.451868e-02 2.003880e-02 2.639451e-01 2.729219e-02
2.610294e-02 1.157992e+00 1.205532e-01 2.350064e-01 4.387664e-02 -2.936188e-01 3.387899e-02 1.421537e-01 1.147386e-02 -1.058552e-02 1.391630e-02 2.949854e-01 2.448105e-02
2.991573e-02 1.143215e+00 1.986165e-01 2.725706e-01 8.334470e-02 -3.277474e-01 5.763158e-02 1.879228e-01 3.505414e-02 -2.633924e-02 1.219512e-02 3.875485e-01 3.979346e-02
1.701091e-02 1.028061e+00 2.266158e-01 1.981500e-01 4.958534e-02 -3.813598e-01 7.054292e-02 9.911063e-02 1.523426e-02 -1.765721e-02 1.200304e-02 2.971887e-01 2.761438e-02
1.730420e-02 8.970423e-01 2.756789e-01 2.109310e-01 7.025441e-02 -3.125377e-01 1.081612e-01 1.257137e-01 1.764376e-02 -9.153500e-03 2.471384e-02 2.442561e-01 4.324998e-02
1.818407e-02 9.378482e-01 1.447337e-01 2.052047e-01 4.292670e-02 -3.316414e-01 5.284525e-02 1.118382e-01 1.292759e-02 -1.492422e-02 1.919423e-02 2.656530e-01 2.418368e-02
1.965053e-02 1.380813e+00 2.446480e-01 2.734248e-01 6.386343e-02 -4.130339e-01 6.869771e-02 1.294508e-01 1.826526e-02 -3.717568e-02 1.745531e-02 2.696903e-01 2.585605e-02
2.170357e-02 9.255828e-01 1.766675e-01 1.958502e-01 3.517622e-02 -3.055206e-01 6.176936e-02 1.226408e-01 8.105256e-03 -1.180458e-02 1.618017e-02 2.909179e-01 3.532931e-02
2.434319e-02 1.039550e+00 1.869244e-01 2.070231e-01 4.371485e-02 -2.919822e-01 6.367014e-02 1.223619e-01 8.541085e-03 -3.765308e-02 1.650186e-02 2.510581e-01 2.989275e-02
2.756940e-02 1.047324e+00 1.023290e-01 1.841154e-01 2.977087e-02 -2.415724e-01 4.267286e-02 1.368389e-01 1.566124e-02 -1.727131e-03 7.094189e-03 2.922435e-01 1.625628e-02
3.138219e-02 9.109519e-01 1.166688e-01 1.612801e-01 3.749028e-02 -2.943833e-01 4.112968e-02 1.540148e-01 1.114637e-02 2.668000e-04 9.476642e-03 3.705442e-01 6.709738e-02
1.906395e-02 1.115306e+00 1.885204e-01 2.331654e-01 3.359308e-02 -3.724013e-01 8.802898e-02 1.162028e-01 7.266574e-03 -2.765744e-02 1.616446e-02 2.893421e-01 4.660724e-02
1.935724e-02 9.016155e-01 9.019057e-02 2.133035e-01 2.567594e-02 -2.847936e-01 7.885783e-03 1.246638e-01 1.480873e-02 -1.196236e-02 1.371341e-02 2.547698e-01 1.287404e-02
2.023711e-02 1.053426e+00 1.641523e-01 2.590433e-01 4.454743e-02 -3.383467e-01 7.591142e-02 1.413430e-01 1.036493e-02 -3.692560e-02 1.796929e-02 2.746290e-01 2.713359e-02
2.170357e-02 1.451270e+00 3.367422e-01 3.148176e-01 1.124201e-01 -4.825458e-01 9.879984e-02 1.629186e-01 3.193270e-02 -4.907921e-02 3.049110e-02 3.252049e-01 3.563475e-02
2.375661e-02 1.204737e+00 2.101926e-01 2.256511e-01 3.277600e-02 -3.750793e-01 8.336627e-02 1.331250e-01 9.764045e-03 -2.471785e-02 1.667210e-02 2.965713e-01 3.758347e-02
2.639623e-02 1.078671e+00 1.201079e-01 1.987621e-01 3.694588e-02 -2.889265e-01 6.289766e-02 1.373386e-01 1.256902e-02 -9.895992e-03 1.310663e-02 2.988765e-01 4.466675e-02
2.962244e-02 1.609840e+00 2.000120e-01 3.194897e-01 2.429296e-02 -4.415922e-01 8.273322e-02 1.987567e-01 2.766852e-02 -4.426113e-02 1.371866e-02 3.521498e-01 4.125813e-02
3.343523e-02 8.852684e-01 8.426730e-02 1.655061e-01 2.781146e-02 -1.887172e-01 4.624281e-02 1.712366e-01 1.823200e-02 -1.320832e-02 1.286507e-02 3.243528e-01 2.312074e-02
2.170357e-02 8.196142e-01 1.277587e-01 1.586084e-01 2.748702e-02 -2.493758e-01 5.086292e-02 1.045396e-01 1.069292e-02 -8.606252e-03 1.322057e-02 2.348981e-01 3.693134e-02
2.199686e-02 8.277501e-01 6.631464e-02 1.807702e-01 1.596283e-02 -2.589826e-01 2.958570e-02 1.117110e-01 8.478669e-03 2.272567e-04 1.181794e-02 2.769510e-01 2.132859e-02
2.287674e-02 7.163044e-01 7.026198e-02 1.842360e-01 2.345245e-02 -1.765560e-01 4.533975e-02 1.258868e-01 6.558323e-03 3.741940e-03 8.927247e-03 2.596807e-01 4.092819e-02
2.434319e-02 9.476490e-01 2.105099e-01 2.208003e-01 5.955489e-02 -2.538146e-01 4.010649e-02 1.638075e-01 1.773585e-02 -7.740554e-03 1.844111e-02 2.866519e-01 1.104115e-02
2.639623e-02 1.149452e+00 1.704769e-01 2.400939e-01 4.123225e-02 -2.944280e-01 6.448048e-02 1.460813e-01 1.983215e-02 -1.866278e-02 1.948032e-02 2.771788e-01 2.001991e-02
2.903586e-02 1.234471e+00 1.746552e-01 2.200838e-01 4.262259e-02 -3.786356e-01 8.374158e-02 1.434362e-01 1.261781e-02 -2.375610e-02 1.721805e-02 3.905007e-01 5.464943e-02
3.226206e-02 1.020774e+00 1.228483e-01 1.966399e-01 4.107995e-02 -3.448237e-01 5.322854e-02 1.854642e-01 1.303256e-02 -2.372219e-02 1.198047e-02 4.134817e-01 3.693960e-02
3.607485e-02 1.101906e+00 6.635161e-02 1.932251e-01 2.432593e-02 -2.029734e-01 6.372357e-02 2.096939e-01 1.860895e-02 -4.428955e-03 1.126383e-02 3.378487e-01 3.829898e-02
2.492978e-02 8.897386e-01 1.073055e-01 2.029918e-01 2.463496e-02 -2.869642e-01 2.905293e-02 1.468616e-01 1.944369e-02 -1.320582e-02 4.038900e-03 2.824471e-01 3.204328e-02
2.522307e-02 7.543370e-01 9.001359e-02 1.506606e-01 2.775789e-02 -2.360610e-01 3.050075e-02 1.189620e-01 1.185112e-02 -2.220382e-03 7.626002e-03 3.008342e-01 3.095709e-02
2.610294e-02 1.258073e+00 1.311758e-01 2.075013e-01 2.452795e-02 -4.121246e-01 7.030677e-02 1.332521e-01 1.039442e-02 -9.643441e-03 1.973135e-02 3.601412e-01 3.545466e-02
2.756940e-02 1.171131e+00 2.295212e-01 2.484972e-01 6.716693e-02 -2.666922e-01 1.506557e-02 1.413172e-01 1.618432e-02 -1.808380e-02 9.388111e-03 2.912827e-01 1.495738e-02
2.962244e-02 9.008325e-01 2.127549e-01 2.114913e-01 3.823709e-02 -2.386184e-01 7.748001e-02 1.601157e-01 1.598959e-02 -2.660157e-02 2.025765e-02 3.011402e-01 3.348530e-02
3.226206e-02 1.274432e+00 1.670004e-01 3.024600e-01 4.266647e-02 -2.669816e-01 6.128760e-02 2.191700e-01 2.061286e-02 -3.243710e-02 1.125339e-02 3.429075e-01 4.232560e-02
3.548827e-02 9.947793e-01 1.322942e-01 1.481793e-01 1.937799e-02 -2.442338e-01 2.189774e-02 1.765060e-01 1.795470e-02 5.075427e-03 8.466485e-03 4.011966e-01 2.568894e-02
3.930106e-02 9.889500e-01 7.288558e-02 1.558926e-01 3.996848e-02 -1.834348e-01 4.145012e-02 2.305402e-01 3.573247e-02 -1.187010e-02 2.917783e-02 4.394077e-01 7.154669e-02
2.874257e-02 1.200769e+00 1.204742e-01 2.419259e-01 3.907472e-02 -3.129751e-01 6.498784e-02 1.582577e-01 9.964914e-03 -5.537533e-03 2.896475e-02 3.123504e-01 1.549994e-02
2.903586e-02 1.358021e+00 2.390536e-01 2.506283e-01 6.470398e-02 -4.407779e-01 5.483852e-02 1.477112e-01 1.990774e-02 -3.833955e-02 1.198990e-02 3.755786e-01 3.382168e-02
2.991573e-02 1.019190e+00 1.619359e-01 2.184356e-01 3.927857e-02 -2.979631e-01 6.959133e-02 1.662084e-01 1.529093e-02 -2.357044e-02 1.730902e-02 3.704858e-01 2.832646e-02
3.138219e-02 1.213501e+00 2.088747e-01 2.245515e-01 4.914347e-02 -3.656720e-01 6.793807e-02 1.908165e-01 2.068393e-02 -2.279871e-03 2.738316e-02 4.089634e-01 5.229599e-02
3.343523e-02 9.678924e-01 1.116866e-01 1.612688e-01 3.905289e-02 -3.313830e-01 4.868477e-02 1.771481e-01 1.992008e-02 1.278713e-02 2.769591e-02 4.546162e-01 4.114345e-02
3.607485e-02 1.245435e+00 1.241517e-01 2.722806e-01 4.009409e-02 -3.469170e-01 4.225895e-02 2.016904e-01 1.893658e-02 -6.854739e-02 1.678794e-02 4.470080e-01 4.038035e-02
3.930106e-02 1.275294e+00 1.743225e-01 2.647186e-01 1.060150e-02 -2.539095e-01 3.775252e-02 2.533860e-01 2.184773e-02 -4.855665e-02 1.129502e-02 3.854114e-01 2.659511e-02
4.311385e-02 1.079334e+00 1.643547e-01 2.242558e-01 4.509206e-02 -3.575806e-01 9.708493e-02 2.737961e-01 1.620421e-02 -1.061083e-01 3.148469e-02 6.430424e-01 9.791488e-02
