# k^2  MgMg MgMg_error  MgCl MgCl_error  MgNa MgNa_error  ClCl ClCl_error  ClNa ClNa_error  NaNa NaNa_error
0.000000e+00 1.600000e+03 0.000000e+00 2.529822e+03 0.000000e+00 1.131371e+03 0.000000e+00 4.000000e+03 0.000000e+00 1.788854e+03 0.000000e+00 8.000000e+02 0.000000e+00
2.887667e-04 1.968174e-01 5.456838e-02 7.429225e-02 1.293741e-02 -3.881567e-01 1.364202e-01 9.942213e-02 9.200140e-03 1.453805e-02 3.202670e-02 1.133398e+00 3.531235e-01
1.155067e-03 1.208975e-01 1.426277e-02 9.111083e-02 9.337512e-03 -1.250668e-01 2.234689e-02 1.169968e-01 1.028756e-02 1.349882e-02 1.176074e-02 3.875061e-01 6.915143e-02
2.598900e-03 1.459128e-01 8.440523e-03 9.823923e-02 8.563907e-03 -1.578162e-01 3.189388e-02 1.203336e-01 9.010988e-03 1.335500e-02 1.408363e-02 4.780412e-01 8.401832e-02
4.620267e-03 1.643924e-01 1.027700e-02 9.951562e-02 9.010247e-03 -1.737265e-01 1.105050e-02 1.130751e-01 6.289209e-03 1.071470e-02 9.951471e-03 5.207481e-01 3.878772e-02
7.219167e-03 2.884607e-01 3.932353e-02 1.728133e-01 2.414681e-02 -2.450829e-01 3.331233e-02 1.491219e-01 1.538648e-02 -5.776614e-02 2.553360e-02 5.301472e-01 2.657788e-02
1.039560e-02 3.503736e-01 4.066645e-02 1.894685e-01 1.870521e-02 -2.948468e-01 5.091407e-02 1.502995e-01 9.321297e-03 -8.034927e-02 2.559054e-02 5.947005e-01 5.494679e-02
1.414957e-02 4.314784e-01 4.397771e-02 2.017530e-01 2.339470e-02 -3.182173e-01 4.196774e-02 1.496930e-01 1.451844e-02 -6.368556e-02 1.625351e-02 6.948413e-01 4.480368e-02
2.887667e-04 1.285266e-01 1.710584e-02 7.916647e-02 5.411620e-03 -1.825355e-01 3.968665e-02 1.130778e-01 7.675224e-03 3.307583e-02 1.756447e-02 5.933523e-01 1.317634e-01
5.775333e-04 1.543247e-01 4.754186e-02 1.047924e-01 1.760696e-02 -1.942757e-01 9.665818e-02 1.272839e-01 8.141792e-03 -5.674162e-03 3.771346e-02 5.380220e-01 1.891844e-01
1.443833e-03 1.514739e-01 1.687273e-02 1.061922e-01 1.312429e-02 -1.677577e-01 2.775592e-02 1.304972e-01 1.473304e-02 9.231891e-03 7.092251e-03 4.970272e-01 7.614463e-02
2.887667e-03 1.326465e-01 9.970330e-03 9.395338e-02 3.329422e-03 -1.288963e-01 2.643370e-02 1.123958e-01 5.708315e-03 8.201988e-03 8.671578e-03 3.917170e-01 5.160441e-02
4.909033e-03 2.442088e-01 3.098719e-02 1.479901e-01 1.617919e-02 -2.586483e-01 4.502139e-02 1.415190e-01 8.235325e-03 -4.885086e-02 2.597921e-02 5.920227e-01 7.619716e-02
7.507933e-03 2.384345e-01 2.688671e-02 1.363555e-01 1.485499e-02 -2.160635e-01 3.038722e-02 1.287831e-01 8.209419e-03 -2.084155e-02 2.128648e-02 5.449882e-01 5.457818e-02
1.068437e-02 3.455979e-01 2.583261e-02 1.754562e-01 1.565440e-02 -2.902317e-01 1.777082e-02 1.354812e-01 8.655838e-03 -6.590513e-02 1.257870e-02 6.113861e-01 1.779084e-02
1.443833e-02 5.185921e-01 8.309869e-02 2.405068e-01 3.164424e-02 -3.792400e-01 8.579769e-02 1.650076e-01 1.085913e-02 -9.921217e-02 3.519107e-02 7.204348e-01 7.933880e-02
1.155067e-03 1.367653e-01 1.596605e-02 1.014163e-01 9.237559e-03 -1.439079e-01 3.253157e-02 1.278706e-01 6.283276e-03 1.205256e-02 1.470626e-02 4.368024e-01 7.757209e-02
1.443833e-03 1.134005e-01 1.021810e-02 9.039496e-02 4.875455e-03 -1.049046e-01 1.773349e-02 1.183165e-01 3.590080e-03 2.018924e-02 1.090456e-02 3.541375e-01 3.444157e-02
2.310133e-03 1.491121e-01 1.810414e-02 9.930382e-02 9.721617e-03 -1.710342e-01 3.021334e-02 1.208963e-01 6.499853e-03 1.133779e-02 2.187905e-02 5.171527e-01 6.825414e-02
3.753967e-03 1.763901e-01 1.661399e-02 1.107148e-01 9.694858e-03 -1.911714e-01 2.628488e-02 1.263910e-01 8.288836e-03 7.508921e-03 1.108312e-02 5.607167e-01 6.203791e-02
5.775333e-03 2.053508e-01 2.465112e-02 1.298403e-01 1.393701e-02 -1.826711e-01 3.091043e-02 1.284081e-01 1.048526e-02 -2.263209e-02 1.491407e-02 4.553743e-01 4.424738e-02
8.374233e-03 3.012926e-01 2.098957e-02 1.691357e-01 1.404654e-02 -2.692319e-01 2.112981e-02 1.428038e-01 8.551120e-03 -6.343156e-02 1.394805e-02 5.804938e-01 6.022613e-02
1.155067e-02 4.180773e-01 2.148423e-02 2.108393e-01 1.129271e-02 -3.608452e-01 4.617006e-02 1.565914e-01 7.646453e-03 -9.476843e-02 1.671262e-02 7.327873e-01 8.565703e-02
1.530463e-02 4.758568e-01 5.587515e-02 2.274319e-01 3.014724e-02 -3.370691e-01 3.780282e-02 1.618531e-01 1.676781e-02 -8.496164e-02 1.984303e-02 6.981208e-01 2.960488e-02
2.598900e-03 1.162963e-01 1.583059e-02 8.560797e-02 9.633213e-03 -1.109587e-01 2.373173e-02 1.151201e-01 1.094864e-02 3.614898e-02 2.446452e-02 4.163899e-01 4.320771e-02
2.887667e-03 1.619343e-01 1.321988e-02 1.136399e-01 9.017127e-03 -1.578479e-01 2.682082e-02 1.328548e-01 6.910577e-03 6.553263e-03 1.280736e-02 4.631677e-01 6.766637e-02
3.753967e-03 2.262956e-01 3.696134e-02 1.489974e-01 1.952372e-02 -2.283764e-01 5.003052e-02 1.411349e-01 1.056513e-02 -5.494930e-02 3.529731e-02 5.101149e-01 4.682441e-02
5.197800e-03 2.331491e-01 1.499749e-02 1.554200e-01 9.975456e-03 -2.045712e-01 2.011608e-02 1.520539e-01 7.715588e-03 -3.288166e-02 1.200958e-02 4.938779e-01 2.905646e-02
7.219167e-03 2.132408e-01 1.948348e-02 1.293484e-01 1.513701e-02 -1.705987e-01 1.425274e-02 1.244595e-01 1.076427e-02 -1.273447e-02 7.608550e-03 4.562921e-01 4.859027e-02
9.818067e-03 3.356917e-01 2.664339e-02 1.727715e-01 1.051315e-02 -3.018732e-01 3.777472e-02 1.374697e-01 5.697732e-03 -6.954408e-02 2.306522e-02 6.166350e-01 4.810887e-02
1.299450e-02 4.463440e-01 4.893199e-02 2.324914e-01 2.886276e-02 -3.296590e-01 3.370480e-02 1.742470e-01 1.431515e-02 -9.030175e-02 1.796218e-02 6.791774e-01 4.513015e-02
1.674847e-02 6.515968e-01 7.342828e-02 2.950682e-01 3.353532e-02 -4.631887e-01 4.915882e-02 1.907504e-01 1.571189e-02 -1.465862e-01 2.031883e-02 7.562122e-01 4.739471e-02
4.620267e-03 1.732247e-01 1.036148e-02 1.208387e-01 7.307277e-03 -1.449803e-01 1.995133e-02 1.328473e-01 3.161108e-03 3.414629e-03 1.721735e-02 4.237169e-01 6.536529e-02
4.909033e-03 1.852516e-01 1.555058e-02 1.198326e-01 7.188692e-03 -1.758833e-01 2.167928e-02 1.194548e-01 5.656621e-03 -2.390020e-02 7.006651e-03 4.459291e-01 3.725313e-02
5.775333e-03 1.923005e-01 1.739348e-02 1.283084e-01 7.571452e-03 -1.678470e-01 2.790788e-02 1.308391e-01 4.597683e-03 -1.769802e-02 1.555906e-02 4.501538e-01 4.104032e-02
7.219167e-03 2.749525e-01 2.963446e-02 1.552959e-01 1.806594e-02 -2.686887e-01 3.026580e-02 1.352843e-01 1.208410e-02 -5.550270e-02 1.856455e-02 6.018067e-01 3.556326e-02
9.240533e-03 2.800968e-01 1.733930e-02 1.506155e-01 9.434720e-03 -2.493287e-01 2.477579e-02 1.292044e-01 5.934114e-03 -4.864316e-02 1.307604e-02 5.675307e-01 6.364811e-02
1.183943e-02 4.054810e-01 3.046715e-02 2.130850e-01 1.705199e-02 -3.068810e-01 3.274057e-02 1.570531e-01 1.194643e-02 -8.564588e-02 1.847717e-02 6.063799e-01 4.588306e-02
1.501587e-02 4.857974e-01 4.017632e-02 2.295253e-01 1.881684e-02 -3.085349e-01 2.615578e-02 1.590492e-01 1.100032e-02 -7.975459e-02 1.080961e-02 6.059500e-01 3.570771e-02
1.876983e-02 6.429307e-01 8.110950e-02 2.843858e-01 3.736181e-02 -3.724815e-01 3.673866e-02 1.824603e-01 1.794548e-02 -1.040257e-01 1.142688e-02 7.150478e-01 5.067165e-02
7.219167e-03 2.630714e-01 2.382201e-02 1.604161e-01 1.581514e-02 -2.272513e-01 2.475054e-02 1.435176e-01 1.068815e-02 -4.889016e-02 1.458322e-02 5.061965e-01 2.912639e-02
7.507933e-03 2.734877e-01 2.376638e-02 1.566843e-01 1.207897e-02 -2.501290e-01 2.892181e-02 1.355486e-01 8.155699e-03 -5.325901e-02 1.182485e-02 5.498479e-01 4.339865e-02
8.374233e-03 2.549071e-01 1.995451e-02 1.533051e-01 1.679172e-02 -1.856365e-01 1.381520e-02 1.381404e-01 1.331231e-02 -2.602573e-02 1.255654e-02 4.507618e-01 3.944190e-02
9.818067e-03 3.088981e-01 3.947801e-02 1.646197e-01 2.261147e-02 -2.598731e-01 3.894128e-02 1.376604e-01 1.206709e-02 -4.758983e-02 2.321249e-02 5.916365e-01 3.466658e-02
1.183943e-02 4.265901e-01 2.306308e-02 2.273458e-01 1.020045e-02 -3.539205e-01 2.926937e-02 1.723458e-01 5.562067e-03 -9.800593e-02 1.016520e-02 7.006753e-01 4.319179e-02
1.443833e-02 4.332249e-01 4.880591e-02 1.995188e-01 2.032336e-02 -3.165137e-01 4.860122e-02 1.441248e-01 9.543023e-03 -6.586051e-02 1.872697e-02 7.056625e-01 4.181401e-02
1.761477e-02 5.127121e-01 2.419288e-02 2.324532e-01 8.048514e-03 -3.498576e-01 3.878013e-02 1.570588e-01 5.710538e-03 -1.009620e-01 1.236822e-02 7.023602e-01 5.616443e-02
2.136873e-02 7.632350e-01 6.435179e-02 3.043746e-01 2.735858e-02 -4.580749e-01 4.194430e-02 1.842123e-01 1.343945e-02 -1.413223e-01 1.261777e-02 7.592080e-01 6.464901e-02
1.039560e-02 3.445644e-01 3.218215e-02 1.927724e-01 2.326050e-02 -2.684185e-01 1.890850e-02 1.562236e-01 1.440542e-02 -6.719685e-02 1.664418e-02 5.557801e-01 1.909392e-02
1.068437e-02 3.764349e-01 4.890966e-02 1.903867e-01 2.714861e-02 -3.323600e-01 3.447045e-02 1.493488e-01 1.461278e-02 -7.030814e-02 2.560633e-02 6.949864e-01 3.643264e-02
1.155067e-02 3.395618e-01 2.247666e-02 1.748010e-01 1.307404e-02 -2.793443e-01 1.581881e-02 1.412565e-01 7.740606e-03 -5.777812e-02 1.260631e-02 6.048929e-01 3.143292e-02
1.299450e-02 4.921284e-01 3.253888e-02 2.378793e-01 2.231370e-02 -3.866667e-01 1.505538e-02 1.661219e-01 1.541967e-02 -1.038853e-01 3.786151e-03 7.111789e-01 3.992645e-02
1.501587e-02 4.893359e-01 7.624138e-02 2.367286e-01 4.298373e-02 -3.509768e-01 4.964158e-02 1.711710e-01 2.227683e-02 -9.333566e-02 2.740131e-02 6.933623e-01 5.307205e-02
1.761477e-02 6.631125e-01 7.362102e-02 2.795177e-01 3.608537e-02 -4.800210e-01 4.908359e-02 1.718322e-01 1.848304e-02 -1.464338e-01 2.496718e-02 8.110483e-01 5.439662e-02
2.079120e-02 8.694896e-01 1.097968e-01 3.474230e-01 4.185197e-02 -5.369606e-01 6.808819e-02 1.997414e-01 1.590067e-02 -1.554112e-01 2.737197e-02 8.526958e-01 4.726306e-02
2.454517e-02 7.390417e-01 6.687176e-02 2.764273e-01 2.989196e-02 -3.962381e-01 5.507947e-02 1.780371e-01 1.347400e-02 -1.005353e-01 2.376856e-02 8.132604e-01 8.352031e-02
1.414957e-02 4.124763e-01 4.165716e-02 2.089119e-01 1.687054e-02 -2.972688e-01 5.370483e-02 1.541711e-01 8.452996e-03 -8.599537e-02 1.932450e-02 5.997336e-01 5.603943e-02
1.443833e-02 4.970919e-01 4.323696e-02 2.291481e-01 2.661406e-02 -4.141657e-01 1.231430e-02 1.616932e-01 1.308733e-02 -1.132700e-01 1.554908e-02 7.952226e-01 4.200544e-02
1.530463e-02 5.586140e-01 6.057112e-02 2.688364e-01 2.145911e-02 -4.043574e-01 6.182083e-02 1.883721e-01 9.732646e-03 -1.147514e-01 2.139938e-02 7.458535e-01 7.360136e-02
1.674847e-02 6.191902e-01 6.977559e-02 2.710085e-01 4.046584e-02 -4.248276e-01 5.198850e-02 1.767821e-01 2.427909e-02 -1.129308e-01 2.391676e-02 7.520593e-01 5.824128e-02
1.876983e-02 6.164257e-01 6.729428e-02 2.765794e-01 3.104986e-02 -3.738890e-01 5.361572e-02 1.815616e-01 1.476597e-02 -1.153542e-01 2.442559e-02 6.606771e-01 4.619900e-02
2.136873e-02 7.390334e-01 7.038113e-02 3.156965e-01 3.036202e-02 -3.734101e-01 2.830087e-02 2.005777e-01 1.390845e-02 -1.077445e-01 1.728685e-02 6.737509e-01 3.033565e-02
2.454517e-02 7.731222e-01 7.072324e-02 2.865026e-01 3.188313e-02 -4.246965e-01 4.119676e-02 1.845673e-01 1.320515e-02 -1.142788e-01 2.797841e-02 8.218357e-01 3.209215e-02
2.829913e-02 9.596305e-01 8.847496e-02 3.373493e-01 3.160280e-02 -5.076658e-01 4.737847e-02 2.154387e-01 1.400934e-02 -1.422088e-01 1.710433e-02 9.383902e-01 5.693932e-02
2.887667e-04 1.394030e-01 2.092620e-02 1.093020e-01 7.500726e-03 -1.456163e-01 5.118928e-02 1.320527e-01 1.104473e-02 -9.839321e-03 1.432639e-02 3.915024e-01 1.357335e-01
5.775333e-04 8.529391e-02 1.001354e-02 8.614967e-02 5.584683e-03 -4.146552e-02 1.465171e-02 1.274530e-01 7.179592e-03 4.839532e-02 1.694748e-02 2.311236e-01 3.839603e-02
1.443833e-03 1.830194e-01 2.462286e-02 1.151882e-01 8.873295e-03 -2.382757e-01 5.081362e-02 1.263379e-01 3.506677e-03 -2.788592e-02 1.957529e-02 6.098652e-01 1.007293e-01
2.887667e-03 1.671762e-01 1.695078e-02 1.215092e-01 8.390908e-03 -1.594189e-01 2.912041e-02 1.365483e-01 7.292339e-03 -9.026064e-03 1.203149e-02 4.353303e-01 6.674577e-02
4.909033e-03 1.997397e-01 1.756720e-02 1.273389e-01 1.425162e-02 -1.957467e-01 2.094741e-02 1.263961e-01 1.006730e-02 -2.806755e-02 1.690997e-02 4.839847e-01 3.616000e-02
7.507933e-03 2.956083e-01 4.266461e-02 1.685573e-01 2.460843e-02 -2.781179e-01 4.685355e-02 1.431382e-01 1.432277e-02 -5.696021e-02 2.311926e-02 6.487884e-01 7.567102e-02
1.068437e-02 4.608376e-01 5.355733e-02 2.461238e-01 2.842718e-02 -3.861870e-01 6.136334e-02 1.836955e-01 1.755503e-02 -1.158318e-01 2.730433e-02 7.008580e-01 8.089784e-02
1.443833e-02 4.846830e-01 3.838790e-02 2.219394e-01 1.546823e-02 -3.635822e-01 3.255027e-02 1.515265e-01 8.624765e-03 -1.016660e-01 1.073300e-02 6.686379e-01 1.683572e-02
5.775333e-04 1.670656e-01 2.213361e-02 1.189179e-01 1.198504e-02 -1.985071e-01 4.007910e-02 1.363802e-01 9.304292e-03 -2.590564e-02 1.685445e-02 5.030273e-01 7.874664e-02
8.663000e-04 1.332334e-01 2.757651e-02 9.348813e-02 1.010531e-02 -1.584701e-01 5.826367e-02 1.149514e-01 5.523371e-03 5.312587e-05 2.628650e-02 4.545378e-01 1.095065e-01
1.732600e-03 1.172644e-01 1.157164e-02 8.819012e-02 1.017984e-02 -1.165659e-01 1.994267e-02 1.184135e-01 1.215221e-02 2.915514e-02 1.667265e-02 4.078934e-01 6.270243e-02
3.176433e-03 1.583703e-01 5.673108e-03 1.049399e-01 5.881468e-03 -1.643262e-01 1.323646e-02 1.215780e-01 5.323251e-03 5.484279e-03 9.583170e-03 4.788331e-01 4.729584e-02
5.197800e-03 1.600582e-01 9.550053e-03 1.030501e-01 4.826543e-03 -1.417096e-01 1.795168e-02 1.133732e-01 5.331417e-03 4.242187e-03 1.222652e-02 4.193025e-01 2.311033e-02
7.796700e-03 2.409683e-01 2.395494e-02 1.476734e-01 1.607046e-02 -1.950018e-01 2.618045e-02 1.386834e-01 1.283799e-02 -2.194321e-02 2.206933e-02 5.000763e-01 2.335592e-02
1.097313e-02 3.122933e-01 1.465422e-02 1.635997e-01 7.526423e-03 -2.362292e-01 1.815162e-02 1.348110e-01 5.739593e-03 -4.408924e-02 9.778551e-03 5.481305e-01 3.194276e-02
1.472710e-02 5.507847e-01 4.494245e-02 2.561382e-01 2.323498e-02 -3.746450e-01 3.730929e-02 1.727085e-01 1.088168e-02 -1.005714e-01 1.877745e-02 6.916256e-01 3.426016e-02
1.443833e-03 1.534300e-01 2.422777e-02 9.347118e-02 1.010370e-02 -2.068718e-01 4.602047e-02 1.137827e-01 1.036167e-02 1.126884e-03 2.776618e-02 5.871194e-01 7.954836e-02
1.732600e-03 1.194072e-01 1.656181e-02 9.132123e-02 1.195490e-02 -1.101167e-01 1.887603e-02 1.152448e-01 7.164706e-03 1.773991e-02 1.761733e-02 3.614195e-01 3.789616e-02
2.598900e-03 1.484884e-01 2.193002e-02 9.621910e-02 1.241541e-02 -1.690785e-01 3.209470e-02 1.153058e-01 7.749178e-03 5.385281e-03 1.987623e-02 4.878864e-01 5.427809e-02
4.042733e-03 2.129631e-01 1.960909e-02 1.418337e-01 1.433844e-02 -2.070278e-01 2.173205e-02 1.412199e-01 1.217769e-02 -3.707814e-02 1.486886e-02 4.894374e-01 2.870208e-02
6.064100e-03 2.089820e-01 1.341148e-02 1.317946e-01 8.545313e-03 -1.866798e-01 1.845934e-02 1.310024e-01 7.633691e-03 -1.703411e-02 8.755724e-03 4.985203e-01 2.850545e-02
8.663000e-03 2.858992e-01 8.505859e-03 1.708280e-01 8.242470e-03 -2.080433e-01 1.238372e-02 1.444826e-01 7.282701e-03 -4.826229e-02 7.416865e-03 4.497660e-01 2.970826e-02
1.183943e-02 4.466413e-01 2.565077e-02 2.288773e-01 1.367369e-02 -3.466269e-01 2.990746e-02 1.699155e-01 8.998671e-03 -9.671936e-02 1.316323e-02 6.515966e-01 4.121032e-02
1.559340e-02 5.062337e-01 1.845864e-02 2.387715e-01 9.552218e-03 -3.146777e-01 2.130967e-02 1.727532e-01 6.501753e-03 -7.299957e-02 9.359243e-03 6.324231e-01 1.764437e-02
2.887667e-03 1.604890e-01 1.396951e-02 1.162938e-01 9.909355e-03 -1.528482e-01 1.994472e-02 1.345125e-01 8.468379e-03 1.624928e-03 9.155037e-03 4.460037e-01 4.335060e-02
3.176433e-03 1.804818e-01 1.473908e-02 1.233062e-01 8.190492e-03 -1.801435e-01 2.716515e-02 1.299633e-01 5.591477e-03 -2.295814e-02 1.429263e-02 4.531277e-01 4.698031e-02
4.042733e-03 2.066343e-01 3.485717e-02 1.306471e-01 2.136159e-02 -2.143640e-01 4.155854e-02 1.375967e-01 1.251104e-02 -1.634282e-02 3.542059e-02 5.454027e-01 3.017885e-02
5.486567e-03 2.263627e-01 2.933936e-02 1.359250e-01 1.376664e-02 -2.294394e-01 4.798532e-02 1.263328e-01 7.732883e-03 -4.172544e-02 2.038271e-02 5.410464e-01 9.023327e-02
7.507933e-03 2.544828e-01 5.612296e-03 1.446652e-01 7.832418e-03 -2.350200e-01 1.374025e-02 1.302576e-01 8.511396e-03 -3.936276e-02 9.928265e-03 5.475537e-01 2.854760e-02
1.010683e-02 4.163808e-01 1.826310e-02 2.329426e-01 1.808329e-02 -3.281851e-01 1.857212e-02 1.780432e-01 1.525450e-02 -9.286959e-02 1.054134e-02 6.419522e-01 3.810292e-02
1.328327e-02 3.804180e-01 3.398285e-02 1.884767e-01 1.261786e-02 -2.904597e-01 4.109366e-02 1.476978e-01 5.341024e-03 -5.853388e-02 2.032951e-02 6.484888e-01 4.595608e-02
1.703723e-02 5.114017e-01 4.654873e-02 2.352984e-01 2.212030e-02 -3.269670e-01 3.909827e-02 1.668788e-01 1.117862e-02 -7.108995e-02 1.468982e-02 6.746585e-01 5.134082e-02
4.909033e-03 2.112535e-01 2.964766e-02 1.281028e-01 1.534291e-02 -2.234073e-01 4.231644e-02 1.273319e-01 9.467001e-03 -2.826893e-02 2.014330e-02 5.587411e-01 6.712927e-02
5.197800e-03 2.127683e-01 1.653283e-02 1.385610e-01 1.455083e-02 -1.894402e-01 2.205440e-02 1.327247e-01 1.635377e-02 -3.569703e-02 1.793170e-02 4.499255e-01 3.751245e-02
6.064100e-03 2.467795e-01 3.916567e-02 1.515794e-01 2.203310e-02 -2.305848e-01 4.720483e-02 1.399618e-01 1.427158e-02 -4.932048e-02 2.272115e-02 5.132532e-01 6.409897e-02
7.507933e-03 2.887386e-01 3.167430e-02 1.676901e-01 2.199830e-02 -2.666212e-01 2.115520e-02 1.451220e-01 1.481711e-02 -5.878543e-02 2.354347e-02 6.036319e-01 1.811271e-02
9.529300e-03 3.158036e-01 3.320332e-02 1.816167e-01 1.890056e-02 -2.327966e-01 3.174809e-02 1.537064e-01 1.149903e-02 -4.784223e-02 1.478085e-02 5.333038e-01 4.825184e-02
1.212820e-02 4.409464e-01 5.013954e-02 2.267819e-01 2.736616e-02 -3.567307e-01 4.639589e-02 1.632439e-01 1.544958e-02 -1.126380e-01 2.545105e-02 6.486510e-01 5.382308e-02
1.530463e-02 5.564526e-01 5.407307e-02 2.567672e-01 2.305653e-02 -4.126618e-01 6.365021e-02 1.758376e-01 1.182818e-02 -1.131429e-01 2.920079e-02 7.384030e-01 7.825814e-02
1.905860e-02 6.690106e-01 6.298302e-02 2.924134e-01 3.167593e-02 -4.051407e-01 1.380279e-02 1.910143e-01 1.349968e-02 -1.206994e-01 1.146135e-02 7.593033e-01 2.855090e-02
7.507933e-03 2.404090e-01 2.783291e-02 1.369130e-01 1.370257e-02 -2.284229e-01 3.560711e-02 1.229758e-01 6.331003e-03 -3.766426e-02 2.045206e-02 5.573933e-01 3.949827e-02
7.796700e-03 3.268824e-01 3.537926e-02 1.940184e-01 1.522525e-02 -2.770674e-01 4.595849e-02 1.646544e-01 4.863980e-03 -6.679938e-02 2.811513e-02 5.838117e-01 4.883227e-02
8.663000e-03 3.185309e-01 3.792994e-02 1.827740e-01 2.247907e-02 -2.665766e-01 3.109422e-02 1.539569e-01 1.503362e-02 -6.341112e-02 1.865623e-02 5.514504e-01 3.735892e-02
1.010683e-02 3.640827e-01 2.494538e-02 1.977527e-01 1.533818e-02 -3.102557e-01 1.409723e-02 1.602777e-01 8.563619e-03 -6.775870e-02 1.419350e-02 6.715438e-01 1.435957e-02
1.212820e-02 5.008797e-01 5.615109e-02 2.577730e-01 3.463546e-02 -4.137055e-01 3.327041e-02 1.883801e-01 2.078358e-02 -1.186923e-01 2.856972e-02 7.694077e-01 2.408801e-02
1.472710e-02 5.601872e-01 6.823384e-02 2.612255e-01 3.205648e-02 -4.088854e-01 4.939720e-02 1.748082e-01 1.450428e-02 -1.172622e-01 2.258890e-02 7.230680e-01 5.876429e-02
1.790353e-02 6.111683e-01 7.027299e-02 2.735176e-01 3.511069e-02 -3.907108e-01 3.380192e-02 1.806796e-01 1.727596e-02 -1.105775e-01 1.468716e-02 7.209633e-01 2.488245e-02
2.165750e-02 8.747263e-01 5.425091e-02 3.527262e-01 2.108199e-02 -5.086253e-01 4.330112e-02 2.129568e-01 6.297523e-03 -1.562739e-01 2.099833e-02 7.995623e-01 5.935319e-02
1.068437e-02 3.442939e-01 1.845872e-02 1.877193e-01 9.582666e-03 -2.799782e-01 2.877829e-02 1.507185e-01 5.758245e-03 -6.855128e-02 1.931205e-02 6.154576e-01 3.757930e-02
1.097313e-02 3.408529e-01 5.615812e-02 1.838958e-01 3.230424e-02 -2.661170e-01 5.626740e-02 1.506187e-01 2.004450e-02 -4.274461e-02 2.509558e-02 6.444452e-01 6.575038e-02
1.183943e-02 4.121167e-01 4.622170e-02 2.072660e-01 1.669032e-02 -3.184901e-01 6.530357e-02 1.593795e-01 6.346819e-03 -7.144727e-02 2.879411e-02 6.451656e-01 8.416390e-02
1.328327e-02 5.427573e-01 6.608716e-02 2.672045e-01 3.670619e-02 -4.198832e-01 4.806331e-02 1.809857e-01 2.139515e-02 -1.361796e-01 2.028593e-02 7.074253e-01 5.316707e-02
1.530463e-02 5.246562e-01 3.809293e-02 2.364339e-01 1.610342e-02 -3.787235e-01 2.375506e-02 1.638931e-01 7.574110e-03 -9.910244e-02 1.112476e-02 6.808798e-01 3.692993e-02
1.790353e-02 6.582145e-01 4.239387e-02 2.879392e-01 2.020863e-02 -4.876849e-01 5.474236e-02 1.800791e-01 9.855399e-03 -1.475037e-01 1.966024e-02 8.614775e-01 7.484184e-02
2.107997e-02 7.449956e-01 3.190366e-02 3.019091e-01 1.548251e-02 -4.529427e-01 3.518658e-02 1.873347e-01 7.155427e-03 -1.252842e-01 1.392400e-02 8.119718e-01 6.929730e-02
2.483393e-02 8.066430e-01 5.513759e-02 2.976686e-01 1.893695e-02 -4.234590e-01 3.862488e-02 1.838526e-01 6.834636e-03 -1.162810e-01 2.076890e-02 7.752355e-01 5.153418e-02
1.443833e-02 5.893077e-01 1.428384e-02 2.926432e-01 1.197514e-02 -3.991966e-01 2.230765e-02 1.966958e-01 1.018675e-02 -1.282132e-01 7.121049e-03 6.973006e-01 5.010939e-02
1.472710e-02 5.339662e-01 3.342305e-02 2.493192e-01 1.406573e-02 -4.133255e-01 1.863256e-02 1.688363e-01 6.766638e-03 -1.147132e-01 3.765556e-03 7.713034e-01 5.399521e-02
1.559340e-02 4.936669e-01 8.389548e-02 2.384527e-01 5.261280e-02 -3.119889e-01 2.724545e-02 1.752105e-01 3.081005e-02 -7.378583e-02 2.001229e-02 6.700615e-01 3.653974e-02
1.703723e-02 5.936293e-01 2.264769e-02 2.609120e-01 1.141323e-02 -4.006534e-01 2.689243e-02 1.742944e-01 6.556156e-03 -9.390153e-02 1.704280e-02 7.477310e-01 3.275996e-02
1.905860e-02 7.118263e-01 1.103943e-01 2.941084e-01 5.055852e-02 -4.974142e-01 8.493704e-02 1.854245e-01 2.444609e-02 -1.501713e-01 4.149794e-02 8.105986e-01 6.131084e-02
2.165750e-02 7.244072e-01 2.625309e-02 2.830486e-01 1.870410e-02 -4.723855e-01 3.158501e-02 1.809629e-01 1.094154e-02 -1.241699e-01 2.121046e-02 8.290221e-01 2.333622e-02
2.483393e-02 8.437726e-01 8.358426e-02 3.373891e-01 4.298651e-02 -4.474316e-01 6.412272e-02 2.131889e-01 2.236759e-02 -1.346478e-01 2.910545e-02 8.382931e-01 5.366945e-02
2.858790e-02 8.492792e-01 4.739678e-02 2.961093e-01 1.609766e-02 -4.595862e-01 2.038181e-02 1.860096e-01 6.871740e-03 -1.403215e-01 1.131399e-02 8.480639e-01 2.734849e-02
1.155067e-03 1.504086e-01 1.929175e-02 1.093792e-01 1.230602e-02 -1.648912e-01 3.087502e-02 1.315005e-01 9.757143e-03 -1.880108e-03 2.032269e-02 4.665303e-01 7.446299e-02
1.443833e-03 1.788615e-01 2.068011e-02 1.151050e-01 8.576492e-03 -2.253648e-01 4.462327e-02 1.279705e-01 6.033087e-03 -2.368845e-02 1.479792e-02 5.825009e-01 9.208758e-02
2.310133e-03 1.582215e-01 3.138854e-02 1.214484e-01 1.844578e-02 -1.392890e-01 4.283920e-02 1.395159e-01 1.619384e-02 -4.724356e-03 1.516662e-02 3.895375e-01 9.338982e-02
3.753967e-03 1.851949e-01 1.737578e-02 1.207292e-01 9.824290e-03 -1.945171e-01 2.508733e-02 1.232222e-01 7.924201e-03 -3.002317e-02 9.194987e-03 4.841791e-01 5.484207e-02
5.775333e-03 2.162195e-01 1.077294e-02 1.369627e-01 7.854679e-03 -1.923890e-01 1.770330e-02 1.328723e-01 7.843552e-03 -2.366701e-02 1.057231e-02 5.012107e-01 3.087569e-02
8.374233e-03 3.361222e-01 4.719775e-02 1.859351e-01 2.441869e-02 -3.075462e-01 4.551223e-02 1.524515e-01 1.333303e-02 -6.896690e-02 2.190858e-02 6.649601e-01 5.814021e-02
1.155067e-02 4.284948e-01 3.060931e-02 2.240572e-01 1.660038e-02 -3.403509e-01 2.498647e-02 1.718456e-01 8.612651e-03 -8.568781e-02 1.957839e-02 6.562969e-01 4.266028e-02
1.530463e-02 6.210963e-01 1.224520e-01 3.001316e-01 5.955117e-02 -4.445096e-01 7.901630e-02 1.975018e-01 2.749682e-02 -1.414491e-01 3.822743e-02 7.435616e-01 6.873577e-02
1.443833e-03 1.398020e-01 1.023254e-02 1.058053e-01 8.836422e-03 -1.352423e-01 1.358659e-02 1.301777e-01 8.984523e-03 9.272663e-03 1.741395e-02 4.032097e-01 2.400841e-02
1.732600e-03 1.267993e-01 1.292001e-02 8.197270e-02 4.040296e-03 -1.562177e-01 4.090083e-02 1.028804e-01 3.825770e-03 1.114664e-02 7.942324e-03 4.724799e-01 1.172071e-01
2.598900e-03 1.691224e-01 2.195193e-02 1.152337e-01 1.046976e-02 -1.818775e-01 4.561894e-02 1.297718e-01 9.503691e-03 -1.090484e-02 2.720573e-02 4.912814e-01 7.053462e-02
4.042733e-03 1.615424e-01 1.101101e-02 1.095829e-01 8.557015e-03 -1.517092e-01 2.134617e-02 1.208474e-01 9.257988e-03 -5.809269e-03 6.592508e-03 4.134342e-01 4.842326e-02
6.064100e-03 2.229548e-01 1.312923e-02 1.343889e-01 4.952945e-03 -2.119058e-01 2.524135e-02 1.234089e-01 4.184840e-03 -4.206022e-02 1.409061e-02 4.858750e-01 3.465887e-02
8.663000e-03 2.553417e-01 2.348614e-02 1.449295e-01 8.496232e-03 -2.302350e-01 4.937716e-02 1.290890e-01 7.831626e-03 -3.853902e-02 1.456158e-02 5.641312e-01 7.785156e-02
1.183943e-02 3.702423e-01 3.130919e-02 1.975410e-01 2.161924e-02 -2.741695e-01 3.850269e-02 1.597479e-01 1.613582e-02 -5.091197e-02 1.333270e-02 6.235177e-01 5.591886e-02
1.559340e-02 6.540450e-01 3.566067e-02 2.908489e-01 1.800478e-02 -5.032514e-01 3.579433e-02 1.901960e-01 8.279485e-03 -1.436209e-01 2.325605e-02 8.098991e-01 1.996898e-02
2.310133e-03 1.401941e-01 1.070324e-02 1.101763e-01 1.034103e-02 -1.191388e-01 1.391956e-02 1.356721e-01 1.247985e-02 1.329585e-02 5.307618e-03 3.741615e-01 2.439825e-02
2.598900e-03 1.935392e-01 2.079845e-02 1.288441e-01 6.644828e-03 -2.122343e-01 3.867125e-02 1.363577e-01 7.018706e-03 -3.047492e-02 2.605407e-02 5.187077e-01 5.124096e-02
3.465200e-03 1.507298e-01 1.067394e-02 1.120402e-01 1.163398e-02 -1.246875e-01 1.404485e-02 1.295764e-01 1.369872e-02 4.591380e-03 5.010381e-03 3.713498e-01 2.705181e-02
4.909033e-03 1.791241e-01 3.046568e-02 1.177862e-01 1.895077e-02 -1.639892e-01 4.383161e-02 1.248752e-01 1.285320e-02 -7.350064e-03 2.264744e-02 4.586224e-01 7.678513e-02
6.930400e-03 1.951792e-01 1.255728e-02 1.233940e-01 8.124319e-03 -1.612560e-01 2.257166e-02 1.267079e-01 7.138024e-03 3.665633e-03 1.067360e-02 4.979324e-01 4.927087e-02
9.529300e-03 3.054722e-01 1.319866e-02 1.630790e-01 7.965403e-03 -2.642140e-01 1.579916e-02 1.341610e-01 4.082152e-03 -5.416556e-02 1.460586e-02 5.832683e-01 1.753666e-02
1.270573e-02 4.492107e-01 2.932482e-02 2.174889e-01 1.271704e-02 -3.590924e-01 2.682975e-02 1.509883e-01 6.847727e-03 -1.042859e-01 9.684472e-03 6.549509e-01 3.587580e-02
1.645970e-02 5.810098e-01 4.946593e-02 2.630932e-01 2.249323e-02 -4.065183e-01 3.887746e-02 1.780446e-01 1.336880e-02 -1.097195e-01 1.484577e-02 7.088684e-01 2.602436e-02
3.753967e-03 1.742632e-01 2.319020e-02 1.234453e-01 1.486044e-02 -1.605254e-01 2.896662e-02 1.314700e-01 9.731288e-03 -2.248836e-02 2.220555e-02 4.064908e-01 3.626837e-02
4.042733e-03 1.825256e-01 1.841017e-02 1.339289e-01 1.238278e-02 -1.468389e-01 2.988310e-02 1.476879e-01 1.594469e-02 3.042669e-03 1.685119e-02 4.419454e-01 5.096002e-02
4.909033e-03 1.866167e-01 1.643037e-02 1.208551e-01 9.388262e-03 -1.696247e-01 2.214290e-02 1.218818e-01 6.549057e-03 -1.933787e-02 1.323781e-02 4.257301e-01 3.785091e-02
6.352867e-03 2.382842e-01 9.001545e-03 1.402535e-01 3.958546e-03 -2.241958e-01 1.793633e-02 1.278530e-01 3.577414e-03 -4.495025e-02 7.399491e-03 4.977682e-01 3.377695e-02
8.374233e-03 2.939634e-01 2.721691e-02 1.718416e-01 1.602034e-02 -2.400347e-01 2.669807e-02 1.421436e-01 1.150979e-02 -6.517596e-02 1.095327e-02 4.933901e-01 3.700288e-02
1.097313e-02 3.748451e-01 3.254340e-02 2.074959e-01 1.732440e-02 -2.746721e-01 3.382317e-02 1.655929e-01 8.436768e-03 -6.714633e-02 1.881590e-02 5.616813e-01 4.700128e-02
1.414957e-02 4.886202e-01 4.389069e-02 2.323901e-01 2.421268e-02 -3.647269e-01 4.959044e-02 1.628550e-01 1.330209e-02 -1.000301e-01 2.325225e-02 6.647138e-01 5.629406e-02
1.790353e-02 6.675483e-01 4.509998e-02 2.854671e-01 2.131104e-02 -4.923959e-01 4.345729e-02 1.816933e-01 1.037421e-02 -1.382926e-01 2.142629e-02 8.523121e-01 4.890151e-02
5.775333e-03 2.352821e-01 2.295454e-02 1.567492e-01 1.997636e-02 -1.820986e-01 2.380578e-02 1.522742e-01 1.592836e-02 -1.875559e-02 1.457202e-02 4.774617e-01 4.970417e-02
6.064100e-03 2.413249e-01 1.526220e-02 1.447438e-01 9.100627e-03 -2.334390e-01 2.313744e-02 1.323345e-01 8.392813e-03 -4.533719e-02 8.509920e-03 5.420747e-01 4.990735e-02
6.930400e-03 1.849372e-01 1.661523e-02 1.128442e-01 1.261756e-02 -1.578870e-01 1.314114e-02 1.184667e-01 9.145572e-03 -1.993195e-03 1.206147e-02 4.391299e-01 3.528343e-02
8.374233e-03 2.756355e-01 3.609145e-02 1.622502e-01 2.507450e-02 -2.177059e-01 2.514973e-02 1.427294e-01 1.664580e-02 -4.193225e-02 1.662038e-02 5.016367e-01 2.887895e-02
1.039560e-02 3.835988e-01 2.120674e-02 2.039159e-01 1.318214e-02 -3.110344e-01 2.158543e-02 1.591246e-01 7.147552e-03 -8.005391e-02 1.554137e-02 5.852416e-01 2.179143e-02
1.299450e-02 5.012670e-01 5.164500e-02 2.555779e-01 2.442510e-02 -3.482673e-01 4.494588e-02 1.855403e-01 1.168302e-02 -9.138397e-02 2.895568e-02 6.685386e-01 2.276187e-02
1.617093e-02 5.051849e-01 5.053495e-02 2.276342e-01 2.500475e-02 -3.715866e-01 3.093191e-02 1.568419e-01 1.526243e-02 -1.027570e-01 1.232327e-02 6.752315e-01 2.326183e-02
1.992490e-02 6.047426e-01 3.535886e-02 2.647431e-01 1.580799e-02 -3.524266e-01 4.433435e-02 1.848817e-01 8.456465e-03 -9.563351e-02 2.376909e-02 7.170769e-01 3.275240e-02
8.374233e-03 2.789855e-01 2.640517e-02 1.648877e-01 1.528322e-02 -2.295840e-01 2.725309e-02 1.464402e-01 7.294331e-03 -3.732478e-02 2.240483e-02 5.674534e-01 1.365263e-02
8.663000e-03 3.667956e-01 3.092073e-02 2.006913e-01 1.117334e-02 -3.367059e-01 4.644472e-02 1.602536e-01 3.024501e-03 -8.143223e-02 2.041917e-02 6.989585e-01 7.904007e-02
9.529300e-03 3.482846e-01 2.980654e-02 1.758959e-01 1.631221e-02 -3.425124e-01 1.901009e-02 1.361790e-01 9.593276e-03 -8.631733e-02 1.045355e-02 7.015062e-01 1.672601e-02
1.097313e-02 4.120301e-01 3.765589e-02 2.182252e-01 2.445419e-02 -3.209956e-01 1.647804e-02 1.677337e-01 1.667849e-02 -8.605419e-02 8.501338e-03 6.180577e-01 1.859445e-02
1.299450e-02 3.784863e-01 4.738747e-02 1.782141e-01 2.544142e-02 -3.123677e-01 3.676368e-02 1.340087e-01 9.208721e-03 -7.284386e-02 2.673920e-02 6.363499e-01 2.734745e-02
1.559340e-02 5.423417e-01 1.700871e-02 2.386693e-01 1.083352e-02 -4.182438e-01 1.170966e-02 1.580420e-01 7.258153e-03 -1.137494e-01 5.047555e-03 7.635521e-01 1.962736e-02
1.876983e-02 5.701918e-01 2.483251e-02 2.305081e-01 7.279643e-03 -3.810758e-01 3.619479e-02 1.543773e-01 2.865270e-03 -1.010612e-01 1.010577e-02 6.985018e-01 3.740552e-02
2.252380e-02 7.669913e-01 6.523021e-02 2.884474e-01 2.839355e-02 -4.480989e-01 3.548824e-02 1.792764e-01 1.343915e-02 -1.119541e-01 1.345591e-02 8.208059e-01 3.275947e-02
1.155067e-02 4.218833e-01 5.220957e-02 2.188735e-01 2.494792e-02 -3.539501e-01 5.082921e-02 1.599928e-01 1.092198e-02 -1.097649e-01 2.503622e-02 6.607873e-01 5.948650e-02
1.183943e-02 3.143060e-01 2.310613e-02 1.652132e-01 9.837454e-03 -2.456996e-01 3.175070e-02 1.377278e-01 7.536485e-03 -4.291257e-02 1.731150e-02 5.888488e-01 4.460335e-02
1.270573e-02 5.025548e-01 5.392467e-02 2.728800e-01 2.872722e-02 -3.561360e-01 4.279385e-02 1.982163e-01 1.479576e-02 -1.207907e-01 2.192544e-02 6.320379e-01 5.186504e-02
1.414957e-02 4.890393e-01 2.674673e-02 2.275761e-01 1.524065e-02 -3.826477e-01 2.331464e-02 1.577743e-01 8.905282e-03 -1.052029e-01 1.421625e-02 7.143150e-01 3.899368e-02
1.617093e-02 5.737297e-01 4.974333e-02 2.715185e-01 1.935230e-02 -3.922866e-01 4.819856e-02 1.843830e-01 9.939106e-03 -1.048414e-01 1.781239e-02 7.592304e-01 4.156421e-02
1.876983e-02 6.815595e-01 1.191184e-01 2.999353e-01 5.416033e-02 -4.115215e-01 7.577732e-02 1.944832e-01 2.388082e-02 -1.164368e-01 3.486396e-02 7.096599e-01 5.076067e-02
2.194627e-02 6.930960e-01 9.531668e-02 2.743707e-01 3.646805e-02 -4.506016e-01 8.816435e-02 1.806832e-01 1.421624e-02 -1.284222e-01 4.058973e-02 8.139185e-01 8.093381e-02
2.570023e-02 8.629665e-01 6.447424e-02 3.153545e-01 3.252718e-02 -4.788827e-01 4.119753e-02 1.988487e-01 1.665437e-02 -1.246129e-01 1.569030e-02 9.448851e-01 4.899294e-02
1.530463e-02 5.326099e-01 2.838572e-02 2.536251e-01 1.175973e-02 -3.552302e-01 2.972966e-02 1.740111e-01 4.486775e-03 -1.006544e-01 1.078299e-02 6.770897e-01 5.901208e-02
1.559340e-02 6.135849e-01 6.886400e-02 2.831620e-01 3.597544e-02 -4.285731e-01 5.409516e-02 1.863297e-01 1.792941e-02 -1.218519e-01 2.749074e-02 7.459963e-01 5.879247e-02
1.645970e-02 6.205914e-01 4.136312e-02 2.809245e-01 2.092402e-02 -4.144287e-01 4.382260e-02 1.835682e-01 1.007237e-02 -1.154623e-01 2.294645e-02 7.455934e-01 5.485173e-02
1.790353e-02 6.343185e-01 3.687699e-02 2.775328e-01 1.563319e-02 -4.321010e-01 3.441082e-02 1.817036e-01 6.670649e-03 -1.251108e-01 1.661350e-02 7.861276e-01 4.679124e-02
1.992490e-02 7.962746e-01 9.485442e-02 3.401191e-01 5.265946e-02 -5.225554e-01 5.485412e-02 2.102434e-01 2.940596e-02 -1.643570e-01 2.479004e-02 8.154788e-01 9.090141e-02
2.252380e-02 8.615086e-01 9.102641e-02 3.482084e-01 4.198018e-02 -4.833664e-01 2.686048e-02 2.129067e-01 2.357036e-02 -1.357931e-01 2.060707e-02 7.885791e-01 2.949247e-02
2.570023e-02 7.344403e-01 5.230165e-02 2.631066e-01 2.373574e-02 -4.324339e-01 5.474453e-02 1.746972e-01 7.831101e-03 -1.039400e-01 1.462096e-02 8.484703e-01 4.703407e-02
2.945420e-02 8.535024e-01 3.970521e-02 2.831837e-01 1.669442e-02 -4.022328e-01 3.196372e-02 1.956885e-01 1.089574e-02 -1.127063e-01 1.764012e-02 8.566652e-01 1.354282e-02
2.598900e-03 1.300609e-01 7.066770e-03 8.598758e-02 5.573484e-03 -1.491281e-01 1.800094e-02 1.000313e-01 5.941697e-03 -2.658965e-03 3.923691e-03 4.281033e-01 5.223180e-02
2.887667e-03 1.899554e-01 1.666288e-02 1.234981e-01 1.313426e-02 -2.119274e-01 3.321522e-02 1.320397e-01 1.283977e-02 -2.317338e-02 1.714474e-02 5.372304e-01 6.359776e-02
3.753967e-03 1.765434e-01 1.477010e-02 1.137508e-01 9.117106e-03 -1.869083e-01 2.562232e-02 1.179282e-01 8.316832e-03 -1.946080e-02 6.326457e-03 4.897926e-01 5.692906e-02
5.197800e-03 2.277554e-01 1.446127e-02 1.432971e-01 6.910835e-03 -2.236905e-01 2.694625e-02 1.420446e-01 4.876676e-03 -2.936993e-02 1.345144e-02 5.463947e-01 4.447524e-02
7.219167e-03 2.417967e-01 3.044853e-02 1.468766e-01 2.219484e-02 -2.091111e-01 2.521772e-02 1.394924e-01 1.703246e-02 -2.272916e-02 1.976747e-02 5.408656e-01 2.031238e-02
9.818067e-03 3.212922e-01 2.907084e-02 1.726469e-01 1.527892e-02 -2.609917e-01 3.531606e-02 1.410655e-01 8.883379e-03 -5.419979e-02 2.010594e-02 5.512349e-01 4.167866e-02
1.299450e-02 4.280991e-01 4.077353e-02 1.998161e-01 1.665337e-02 -3.694664e-01 5.151066e-02 1.428917e-01 5.759225e-03 -1.053062e-01 2.344488e-02 6.711237e-01 4.794474e-02
1.674847e-02 6.862541e-01 5.467685e-02 3.109095e-01 3.273277e-02 -4.769748e-01 2.899349e-02 1.978765e-01 1.964999e-02 -1.493408e-01 2.077721e-02 7.590791e-01 3.605542e-02
2.887667e-03 1.360480e-01 9.478340e-03 9.565233e-02 7.985297e-03 -1.353281e-01 2.293570e-02 1.154369e-01 9.957305e-03 1.292941e-02 6.838246e-03 4.270023e-01 5.483396e-02
3.176433e-03 1.841338e-01 2.692069e-02 1.274304e-01 1.559545e-02 -1.829306e-01 3.834286e-02 1.346136e-01 1.148353e-02 -2.590236e-02 2.282650e-02 4.545556e-01 4.949612e-02
4.042733e-03 1.826853e-01 2.366613e-02 1.282115e-01 2.004699e-02 -1.625874e-01 1.920689e-02 1.337448e-01 1.851808e-02 -2.055509e-02 1.230394e-02 4.215311e-01 3.890191e-02
5.486567e-03 2.387147e-01 2.540165e-02 1.431530e-01 8.947088e-03 -2.480747e-01 4.846389e-02 1.318469e-01 5.135348e-03 -5.435339e-02 1.815454e-02 5.519912e-01 8.284469e-02
7.507933e-03 2.485724e-01 2.081463e-02 1.540594e-01 1.214419e-02 -2.127455e-01 2.488449e-02 1.451923e-01 1.256274e-02 -2.984980e-02 1.466441e-02 5.400559e-01 6.444116e-02
1.010683e-02 4.203218e-01 4.770354e-02 2.191265e-01 1.732161e-02 -3.838020e-01 6.953975e-02 1.638452e-01 7.039802e-03 -1.074632e-01 2.891672e-02 7.477729e-01 8.499431e-02
1.328327e-02 4.674468e-01 6.194584e-02 2.332664e-01 3.146748e-02 -3.760438e-01 5.328062e-02 1.687759e-01 1.720258e-02 -1.123911e-01 2.485077e-02 6.893473e-01 6.108405e-02
1.703723e-02 5.537853e-01 5.008421e-02 2.398561e-01 2.616308e-02 -4.183128e-01 3.813331e-02 1.578200e-01 1.570062e-02 -1.154407e-01 1.393937e-02 7.640775e-01 3.712943e-02
3.753967e-03 1.652285e-01 1.356237e-02 1.054513e-01 6.288654e-03 -1.807195e-01 3.168910e-02 1.143045e-01 4.685718e-03 -1.214300e-02 5.761597e-03 4.885349e-01 8.230049e-02
4.042733e-03 1.632844e-01 1.507701e-02 1.059477e-01 7.051765e-03 -1.707669e-01 2.389294e-02 1.108286e-01 6.977692e-03 -1.892008e-02 9.561882e-03 4.534696e-01 5.419785e-02
4.909033e-03 1.914617e-01 1.344182e-02 1.237019e-01 8.185071e-03 -1.829741e-01 3.163272e-02 1.286325e-01 1.106033e-02 -1.812623e-02 1.975060e-02 4.766950e-01 4.007012e-02
6.352867e-03 2.408241e-01 1.963508e-02 1.451675e-01 8.349347e-03 -2.294038e-01 2.912609e-02 1.330654e-01 4.808944e-03 -4.194812e-02 8.970674e-03 5.546610e-01 5.872677e-02
8.374233e-03 2.988670e-01 2.055467e-02 1.693379e-01 1.191401e-02 -2.750083e-01 3.353861e-02 1.478779e-01 9.056862e-03 -5.264115e-02 1.248325e-02 6.174796e-01 6.369247e-02
1.097313e-02 4.204706e-01 2.681678e-02 2.301976e-01 1.595677e-02 -3.095404e-01 3.534035e-02 1.806017e-01 9.502148e-03 -7.728341e-02 2.374211e-02 6.110725e-01 2.483597e-02
1.414957e-02 5.017431e-01 5.181693e-02 2.563122e-01 1.926213e-02 -3.428401e-01 6.193367e-02 1.810797e-01 5.867888e-03 -1.022058e-01 2.690123e-02 6.630983e-01 7.056994e-02
1.790353e-02 5.111795e-01 8.721669e-02 2.359358e-01 4.342905e-02 -2.935452e-01 3.854338e-02 1.715255e-01 2.432245e-02 -6.662645e-02 1.833054e-02 6.080875e-01 3.815240e-02
5.197800e-03 2.127619e-01 2.133751e-02 1.447742e-01 1.520949e-02 -1.813535e-01 2.089499e-02 1.457533e-01 1.297701e-02 -2.531560e-02 7.406329e-03 4.534729e-01 4.640906e-02
5.486567e-03 2.257735e-01 2.930247e-02 1.417617e-01 1.207908e-02 -2.128154e-01 5.017629e-02 1.386523e-01 6.599633e-03 -2.651518e-02 1.948152e-02 5.297018e-01 8.617554e-02
6.352867e-03 2.490400e-01 3.488644e-02 1.585571e-01 2.656921e-02 -2.076265e-01 2.334153e-02 1.515563e-01 1.936743e-02 -2.990837e-02 2.157828e-02 5.017999e-01 4.299944e-02
7.796700e-03 2.520426e-01 2.553633e-02 1.546418e-01 1.792731e-02 -2.012165e-01 2.238077e-02 1.407509e-01 1.224565e-02 -3.815457e-02 2.064412e-02 4.768154e-01 1.524382e-02
9.818067e-03 3.587524e-01 3.954637e-02 1.885708e-01 2.532844e-02 -3.003344e-01 2.729497e-02 1.508672e-01 1.471841e-02 -5.304932e-02 2.515456e-02 6.940662e-01 5.005034e-02
1.241697e-02 4.154592e-01 5.083298e-02 2.155399e-01 2.427795e-02 -3.168159e-01 4.336547e-02 1.641959e-01 1.304817e-02 -8.120144e-02 2.411187e-02 6.530038e-01 3.872469e-02
1.559340e-02 5.190210e-01 3.095908e-02 2.429589e-01 1.649910e-02 -3.677640e-01 1.830716e-02 1.695707e-01 9.265776e-03 -1.028036e-01 9.747959e-03 6.788183e-01 3.679802e-02
1.934737e-02 8.003835e-01 1.582748e-01 3.483777e-01 7.171896e-02 -4.919926e-01 8.913544e-02 2.108952e-01 3.441818e-02 -1.578615e-01 3.883033e-02 7.612777e-01 7.080881e-02
7.219167e-03 2.796509e-01 2.515260e-02 1.734872e-01 1.732017e-02 -2.274604e-01 1.586188e-02 1.548689e-01 1.337364e-02 -4.594723e-02 8.553732e-03 5.206328e-01 2.822791e-02
7.507933e-03 2.875035e-01 2.376305e-02 1.702100e-01 1.619728e-02 -2.577977e-01 2.317911e-02 1.475513e-01 1.353735e-02 -6.178340e-02 8.357077e-03 5.634479e-01 3.192512e-02
8.374233e-03 3.543819e-01 2.211699e-02 2.110052e-01 1.981176e-02 -2.865210e-01 3.923974e-02 1.747101e-01 1.717364e-02 -7.743223e-02 1.054140e-02 5.875043e-01 1.010614e-01
9.818067e-03 3.553006e-01 3.624697e-02 1.819836e-01 1.710704e-02 -3.184146e-01 5.573568e-02 1.435518e-01 8.835290e-03 -6.538575e-02 2.705673e-02 7.013083e-01 7.228349e-02
1.183943e-02 3.498976e-01 6.277490e-02 1.842936e-01 2.792850e-02 -2.675451e-01 5.202399e-02 1.445996e-01 1.296370e-02 -6.490082e-02 2.404275e-02 5.943284e-01 5.716580e-02
1.443833e-02 4.496343e-01 3.037485e-02 2.098204e-01 1.662966e-02 -3.371876e-01 3.276574e-02 1.463523e-01 8.097813e-03 -8.982617e-02 1.790706e-02 6.538067e-01 4.415744e-02
1.761477e-02 5.428242e-01 8.389670e-02 2.303046e-01 2.847070e-02 -3.743668e-01 6.822742e-02 1.530730e-01 9.265037e-03 -1.002872e-01 2.315038e-02 6.836660e-01 4.717009e-02
2.136873e-02 7.085762e-01 4.286192e-02 2.798230e-01 2.017726e-02 -4.127159e-01 4.703441e-02 1.746606e-01 1.418259e-02 -9.835798e-02 1.206720e-02 7.616475e-01 6.151192e-02
9.818067e-03 3.046442e-01 2.190071e-02 1.589918e-01 1.426465e-02 -2.626940e-01 2.396187e-02 1.265551e-01 1.076808e-02 -6.322412e-02 1.097388e-02 5.637685e-01 3.073640e-02
1.010683e-02 3.423003e-01 1.714229e-02 1.790699e-01 4.978960e-03 -2.886416e-01 3.224760e-02 1.401121e-01 2.338069e-03 -7.459431e-02 1.025954e-02 5.665147e-01 6.145351e-02
1.097313e-02 3.946682e-01 1.381700e-02 2.079863e-01 8.234453e-03 -3.024498e-01 1.702001e-02 1.581845e-01 5.329959e-03 -7.321916e-02 1.020028e-02 6.171238e-01 2.806235e-02
1.241697e-02 4.508961e-01 2.116595e-02 2.182281e-01 1.113324e-02 -4.194881e-01 3.268749e-02 1.528183e-01 7.430043e-03 -1.352963e-01 1.324362e-02 7.382128e-01 4.929137e-02
1.443833e-02 5.822172e-01 6.147928e-02 2.746451e-01 3.032249e-02 -4.681218e-01 5.952780e-02 1.799870e-01 1.572207e-02 -1.597961e-01 3.118400e-02 7.669772e-01 6.086162e-02
1.703723e-02 6.450430e-01 3.074855e-02 2.878302e-01 1.813929e-02 -4.711726e-01 4.369767e-02 1.850479e-01 1.210057e-02 -1.511091e-01 1.589470e-02 8.070611e-01 6.615752e-02
2.021367e-02 6.953350e-01 9.855539e-02 2.901014e-01 3.672496e-02 -4.371829e-01 9.184037e-02 1.876492e-01 9.654624e-03 -1.339390e-01 3.545887e-02 7.892541e-01 9.477245e-02
2.396763e-02 6.494184e-01 2.568370e-02 2.439916e-01 1.655975e-02 -3.515756e-01 1.318652e-02 1.691576e-01 1.112449e-02 -8.478447e-02 1.316601e-02 7.739319e-01 3.087043e-02
1.299450e-02 4.976602e-01 5.738506e-02 2.473556e-01 2.925540e-02 -3.838867e-01 3.867391e-02 1.753825e-01 1.680815e-02 -1.067590e-01 1.823118e-02 7.042570e-01 3.002066e-02
1.328327e-02 4.736977e-01 4.477867e-02 2.372845e-01 2.355379e-02 -3.848929e-01 3.869302e-02 1.739898e-01 1.610566e-02 -1.036566e-01 1.210609e-02 7.661014e-01 4.806400e-02
1.414957e-02 5.146135e-01 4.163750e-02 2.492485e-01 1.885963e-02 -3.826695e-01 3.108094e-02 1.763967e-01 9.194753e-03 -1.080957e-01 1.403018e-02 7.130752e-01 4.516472e-02
1.559340e-02 4.811484e-01 4.962593e-02 2.312976e-01 2.251684e-02 -3.372982e-01 3.987370e-02 1.657750e-01 1.059900e-02 -9.551034e-02 1.901155e-02 6.527549e-01 2.410434e-02
1.761477e-02 7.229941e-01 8.734018e-02 3.171388e-01 4.498543e-02 -4.823051e-01 5.350627e-02 1.927415e-01 2.171726e-02 -1.455116e-01 3.035784e-02 8.089921e-01 4.189305e-02
2.021367e-02 7.853834e-01 9.069303e-02 3.341739e-01 3.523402e-02 -4.802464e-01 6.523457e-02 2.061449e-01 1.064936e-02 -1.443029e-01 2.635756e-02 8.267009e-01 4.528358e-02
2.339010e-02 7.603064e-01 6.432102e-02 2.826315e-01 1.968272e-02 -4.830856e-01 6.275600e-02 1.790355e-01 9.764295e-03 -1.282416e-01 2.111592e-02 8.512699e-01 6.835648e-02
2.714407e-02 6.906632e-01 7.233890e-02 2.487460e-01 3.130035e-02 -3.691415e-01 5.224707e-02 1.770847e-01 1.556544e-02 -8.759177e-02 2.263505e-02 8.282187e-01 8.204073e-02
1.674847e-02 5.131069e-01 3.553266e-02 2.220854e-01 2.004590e-02 -3.805261e-01 3.138949e-02 1.542579e-01 1.406639e-02 -1.021675e-01 1.383151e-02 7.113649e-01 4.763793e-02
1.703723e-02 6.653014e-01 5.259910e-02 3.050878e-01 2.640540e-02 -4.709219e-01 3.539030e-02 1.994605e-01 1.385987e-02 -1.526433e-01 1.795844e-02 7.742861e-01 2.875523e-02
1.790353e-02 6.828803e-01 4.771224e-02 2.962820e-01 2.642571e-02 -4.879283e-01 3.339291e-02 1.877293e-01 1.279590e-02 -1.387734e-01 1.963474e-02 8.339159e-01 4.084370e-02
1.934737e-02 6.793811e-01 4.157641e-02 2.875373e-01 1.212364e-02 -4.067993e-01 5.700547e-02 1.839014e-01 6.608226e-03 -1.062612e-01 2.434911e-02 7.514864e-01 7.949867e-02
2.136873e-02 7.967859e-01 6.443220e-02 3.193360e-01 2.859837e-02 -5.001870e-01 5.968824e-02 1.975492e-01 1.518773e-02 -1.421270e-01 2.614508e-02 8.788212e-01 6.875373e-02
2.396763e-02 8.132188e-01 1.223483e-01 3.076774e-01 4.795464e-02 -4.850406e-01 8.302603e-02 1.894366e-01 1.791674e-02 -1.390223e-01 3.643812e-02 8.755147e-01 6.399578e-02
2.714407e-02 1.060116e+00 8.598024e-02 3.926882e-01 3.133483e-02 -5.712834e-01 7.449640e-02 2.345400e-01 1.406151e-02 -1.666367e-01 2.924134e-02 9.666724e-01 7.336802e-02
3.089803e-02 7.755664e-01 3.199595e-02 2.481048e-01 1.927938e-02 -3.376177e-01 3.030458e-02 1.843108e-01 1.002280e-02 -8.857363e-02 1.555259e-02 7.853180e-01 3.165445e-02
4.620267e-03 2.210903e-01 1.925970e-02 1.495042e-01 9.267300e-03 -1.969326e-01 3.757405e-02 1.460836e-01 1.013417e-02 -3.543684e-02 7.493316e-03 4.657233e-01 8.157737e-02
4.909033e-03 2.193265e-01 2.375333e-02 1.466369e-01 1.570870e-02 -1.987867e-01 2.537167e-02 1.448166e-01 1.068977e-02 -3.057379e-02 1.439501e-02 4.980677e-01 3.899142e-02
5.775333e-03 2.215208e-01 1.685466e-02 1.367634e-01 1.119746e-02 -2.054216e-01 2.661033e-02 1.340508e-01 8.657387e-03 -2.360945e-02 1.265109e-02 5.216727e-01 4.788280e-02
7.219167e-03 2.807635e-01 4.368164e-02 1.657394e-01 2.179551e-02 -2.646002e-01 6.292783e-02 1.438074e-01 1.237760e-02 -6.434377e-02 2.893943e-02 5.697445e-01 9.619206e-02
9.240533e-03 3.353946e-01 2.260827e-02 1.934441e-01 1.362681e-02 -2.610885e-01 2.342031e-02 1.576431e-01 7.276238e-03 -6.699367e-02 1.634288e-02 5.353602e-01 3.049071e-02
1.183943e-02 4.013298e-01 6.204957e-03 2.025856e-01 6.386217e-03 -3.326965e-01 1.774822e-02 1.536430e-01 9.049923e-03 -8.353612e-02 5.192759e-03 6.658824e-01 3.368655e-02
1.501587e-02 5.089851e-01 6.544212e-02 2.459638e-01 3.320487e-02 -3.524851e-01 4.848983e-02 1.758950e-01 1.654172e-02 -9.379458e-02 2.336243e-02 6.785308e-01 5.993537e-02
1.876983e-02 7.221276e-01 8.125584e-02 3.152583e-01 3.435859e-02 -4.293503e-01 4.510672e-02 1.985782e-01 1.567062e-02 -1.304940e-01 2.275959e-02 7.599333e-01 3.221237e-02
4.909033e-03 1.885354e-01 1.327669e-02 1.251578e-01 5.726517e-03 -1.721634e-01 2.213356e-02 1.255990e-01 5.760981e-03 -2.059501e-02 9.956554e-03 4.620904e-01 4.489480e-02
5.197800e-03 2.259419e-01 2.108819e-02 1.451792e-01 1.379336e-02 -2.054095e-01 3.010681e-02 1.382665e-01 1.101160e-02 -3.602802e-02 1.037589e-02 4.857769e-01 5.995933e-02
6.064100e-03 2.018188e-01 1.235624e-02 1.321844e-01 1.096388e-02 -1.686068e-01 1.200885e-02 1.320117e-01 8.950513e-03 -1.688187e-02 7.790424e-03 4.558262e-01 3.211295e-02
7.507933e-03 2.642278e-01 2.219327e-02 1.529324e-01 1.206365e-02 -2.259574e-01 2.673041e-02 1.385225e-01 9.562365e-03 -2.914960e-02 9.021951e-03 5.479349e-01 4.962255e-02
9.529300e-03 2.693759e-01 1.874214e-02 1.388945e-01 1.093133e-02 -2.387877e-01 2.357671e-02 1.228599e-01 5.827882e-03 -2.401742e-02 1.366321e-02 5.932629e-01 5.114230e-02
1.212820e-02 4.150747e-01 4.189310e-02 2.095298e-01 2.531566e-02 -3.132155e-01 3.946384e-02 1.581761e-01 1.571627e-02 -6.694591e-02 1.942119e-02 6.576455e-01 7.101932e-02
1.530463e-02 5.597247e-01 2.219566e-02 2.646645e-01 1.487621e-02 -3.919591e-01 2.113080e-02 1.791718e-01 9.155192e-03 -1.135100e-01 1.176127e-02 6.776487e-01 3.961622e-02
1.905860e-02 7.211139e-01 1.152725e-01 3.104271e-01 4.620370e-02 -4.566731e-01 9.014057e-02 1.953225e-01 1.846790e-02 -1.396212e-01 3.603352e-02 7.528756e-01 6.925928e-02
5.775333e-03 2.513623e-01 1.905255e-02 1.590809e-01 9.694914e-03 -2.255379e-01 2.801604e-02 1.500246e-01 6.932273e-03 -3.969504e-02 1.213632e-02 5.227676e-01 5.919115e-02
6.064100e-03 2.229403e-01 1.463728e-02 1.360712e-01 1.030660e-02 -2.178284e-01 2.361729e-02 1.313512e-01 7.019039e-03 -2.789660e-02 1.797723e-02 5.540714e-01 4.987797e-02
6.930400e-03 2.130202e-01 1.199040e-02 1.294652e-01 6.404467e-03 -1.907633e-01 2.356698e-02 1.255525e-01 6.996991e-03 -2.330922e-02 1.279752e-02 4.822011e-01 3.198449e-02
8.374233e-03 2.981057e-01 3.705140e-02 1.642925e-01 1.956437e-02 -2.784578e-01 4.839580e-02 1.385400e-01 1.009345e-02 -6.335378e-02 2.745654e-02 6.113420e-01 6.195178e-02
1.039560e-02 4.046362e-01 5.317463e-02 2.184947e-01 3.159699e-02 -3.379916e-01 3.362259e-02 1.662294e-01 1.873327e-02 -9.768232e-02 2.257541e-02 6.508258e-01 2.378040e-02
1.299450e-02 5.228788e-01 5.077679e-02 2.677416e-01 2.729920e-02 -3.691544e-01 4.506734e-02 1.869193e-01 1.841223e-02 -1.142666e-01 2.360460e-02 6.441704e-01 3.060643e-02
1.617093e-02 4.694114e-01 3.539951e-02 2.191293e-01 2.117859e-02 -3.054812e-01 1.813403e-02 1.586094e-01 1.120895e-02 -7.743023e-02 9.944612e-03 6.194534e-01 1.698464e-02
1.992490e-02 7.598736e-01 8.704416e-02 3.199797e-01 3.110327e-02 -4.525228e-01 7.477977e-02 1.954178e-01 9.826178e-03 -1.402177e-01 2.244946e-02 7.225709e-01 9.048071e-02
7.219167e-03 2.839811e-01 2.014578e-02 1.713616e-01 1.343285e-02 -2.395131e-01 2.146545e-02 1.502860e-01 9.226348e-03 -4.899753e-02 1.599633e-02 5.407855e-01 4.098580e-02
7.507933e-03 2.624993e-01 2.071307e-02 1.541602e-01 1.645618e-02 -2.481643e-01 2.370799e-02 1.352664e-01 1.282991e-02 -5.404734e-02 1.298153e-02 5.706438e-01 3.838538e-02
8.374233e-03 2.895541e-01 3.307628e-02 1.560197e-01 1.401529e-02 -2.716357e-01 4.536127e-02 1.312769e-01 9.510215e-03 -5.520617e-02 2.105694e-02 6.201209e-01 5.470054e-02
9.818067e-03 3.924543e-01 4.382209e-02 2.213609e-01 2.133268e-02 -3.223463e-01 5.333379e-02 1.712781e-01 8.432210e-03 -9.602677e-02 3.019956e-02 6.270142e-01 5.371359e-02
1.183943e-02 4.298280e-01 3.269834e-02 2.240811e-01 2.080578e-02 -3.527191e-01 4.030139e-02 1.695641e-01 1.221134e-02 -9.182127e-02 2.308862e-02 7.113929e-01 3.752711e-02
1.443833e-02 4.465219e-01 4.449124e-02 2.060553e-01 2.129548e-02 -3.249923e-01 4.595526e-02 1.495888e-01 1.101299e-02 -7.237138e-02 1.947867e-02 6.625370e-01 5.773093e-02
1.761477e-02 6.854381e-01 5.667945e-02 2.942303e-01 3.317540e-02 -4.707108e-01 3.287035e-02 1.868016e-01 1.853981e-02 -1.282023e-01 1.854039e-02 7.933204e-01 4.606130e-02
2.136873e-02 6.181128e-01 2.733126e-02 2.420129e-01 1.301903e-02 -3.654968e-01 3.027035e-02 1.567051e-01 5.456097e-03 -9.497224e-02 1.200529e-02 7.387069e-01 4.861225e-02
9.240533e-03 3.272887e-01 3.122744e-02 1.884025e-01 1.710681e-02 -2.604006e-01 3.330920e-02 1.533184e-01 1.226428e-02 -6.745990e-02 1.346961e-02 5.408111e-01 5.685034e-02
9.529300e-03 3.223991e-01 4.323394e-02 1.852209e-01 2.693311e-02 -2.423706e-01 3.501549e-02 1.582005e-01 1.923845e-02 -4.503613e-02 2.020253e-02 5.509974e-01 3.510908e-02
1.039560e-02 3.309114e-01 3.191279e-02 1.772333e-01 1.671655e-02 -2.767192e-01 3.928381e-02 1.454125e-01 9.446240e-03 -6.338980e-02 2.407674e-02 5.845810e-01 3.730003e-02
1.183943e-02 4.097820e-01 3.654447e-02 2.149430e-01 2.256530e-02 -3.349939e-01 2.575930e-02 1.634013e-01 1.323898e-02 -9.761305e-02 1.415152e-02 6.426333e-01 3.839073e-02
1.386080e-02 4.430259e-01 5.865963e-02 2.105796e-01 2.881861e-02 -3.433619e-01 6.284229e-02 1.504314e-01 1.521045e-02 -9.372296e-02 2.545941e-02 6.615504e-01 8.745025e-02
1.645970e-02 5.888834e-01 2.759283e-02 2.658741e-01 1.583199e-02 -3.994157e-01 2.948840e-02 1.763851e-01 1.057565e-02 -1.127691e-01 1.285720e-02 7.313370e-01 3.490571e-02
1.963613e-02 6.561267e-01 7.236789e-02 2.776391e-01 2.846111e-02 -3.842108e-01 6.822961e-02 1.796467e-01 1.090912e-02 -1.019441e-01 3.361739e-02 7.049372e-01 5.677539e-02
2.339010e-02 7.466320e-01 8.598438e-02 2.930284e-01 3.254302e-02 -4.514747e-01 7.254858e-02 1.870944e-01 1.401172e-02 -1.280619e-01 2.639817e-02 8.143468e-01 7.589093e-02
1.183943e-02 4.065953e-01 2.952274e-02 2.063571e-01 1.076920e-02 -3.321965e-01 4.677659e-02 1.486748e-01 5.644336e-03 -9.887587e-02 1.787605e-02 6.341213e-01 6.379399e-02
1.212820e-02 4.183606e-01 2.673980e-02 2.192201e-01 1.190903e-02 -3.124253e-01 2.405227e-02 1.630074e-01 6.793766e-03 -8.957809e-02 1.071427e-02 6.093558e-01 2.717288e-02
1.299450e-02 4.512054e-01 2.888694e-02 2.196552e-01 9.220728e-03 -3.542475e-01 3.739853e-02 1.573666e-01 6.108130e-03 -9.646522e-02 1.363551e-02 6.698846e-01 5.815159e-02
1.443833e-02 4.680675e-01 4.930211e-02 2.175528e-01 2.292453e-02 -3.534805e-01 5.105337e-02 1.534446e-01 1.251256e-02 -8.760126e-02 1.831693e-02 7.011385e-01 7.505882e-02
1.645970e-02 5.677044e-01 4.823679e-02 2.581561e-01 1.975637e-02 -3.899436e-01 3.625945e-02 1.769625e-01 8.294351e-03 -1.022110e-01 1.723098e-02 7.494519e-01 2.243327e-02
1.905860e-02 7.804469e-01 1.077431e-01 3.445621e-01 4.655324e-02 -4.843555e-01 5.729422e-02 2.136859e-01 1.918588e-02 -1.472143e-01 2.752515e-02 8.134790e-01 2.280544e-02
2.223503e-02 6.794978e-01 2.235808e-02 2.760870e-01 1.235760e-02 -4.194304e-01 1.673784e-02 1.811062e-01 1.007546e-02 -1.206589e-01 4.509715e-03 7.739461e-01 3.667486e-02
2.598900e-02 7.221734e-01 2.987398e-02 2.522709e-01 1.098652e-02 -4.357519e-01 4.883586e-02 1.721769e-01 7.123063e-03 -1.179590e-01 1.990561e-02 8.723715e-01 7.497483e-02
1.501587e-02 5.510248e-01 7.009941e-02 2.619377e-01 3.005884e-02 -3.709209e-01 7.064786e-02 1.751977e-01 1.532899e-02 -1.047685e-01 2.706750e-02 6.783466e-01 8.762534e-02
1.530463e-02 5.085462e-01 3.956230e-02 2.339725e-01 2.107005e-02 -3.784516e-01 3.741417e-02 1.580620e-01 1.014525e-02 -1.124664e-01 1.741849e-02 6.714804e-01 6.777122e-02
1.617093e-02 6.416864e-01 9.084453e-02 2.940011e-01 4.100561e-02 -4.453944e-01 5.975357e-02 1.961223e-01 1.811383e-02 -1.231806e-01 2.938715e-02 7.747248e-01 5.334590e-02
1.761477e-02 5.898636e-01 3.764660e-02 2.609891e-01 1.693176e-02 -4.345924e-01 3.955467e-02 1.715443e-01 6.938209e-03 -1.298859e-01 1.947711e-02 8.053583e-01 3.561475e-02
1.963613e-02 8.308169e-01 9.186540e-02 3.607709e-01 4.331199e-02 -5.306491e-01 6.036793e-02 2.216115e-01 2.239151e-02 -1.531535e-01 2.646775e-02 8.821503e-01 5.099962e-02
2.223503e-02 7.074730e-01 3.280088e-02 2.882490e-01 1.607452e-02 -3.803056e-01 3.396195e-02 1.905684e-01 7.835587e-03 -9.320319e-02 1.727550e-02 7.319103e-01 3.464099e-02
2.541147e-02 8.826777e-01 7.618607e-02 3.505733e-01 3.081513e-02 -5.020486e-01 7.869957e-02 2.182140e-01 1.554395e-02 -1.610840e-01 2.759538e-02 9.037538e-01 7.960582e-02
2.916543e-02 8.056357e-01 3.505186e-02 2.914251e-01 2.717248e-02 -3.318167e-01 1.721863e-02 1.964791e-01 1.566502e-02 -9.296160e-02 8.115124e-03 8.306768e-01 1.600048e-02
1.876983e-02 6.413119e-01 8.101142e-02 2.753354e-01 3.539753e-02 -4.078650e-01 3.947443e-02 1.797435e-01 1.740973e-02 -1.117244e-01 1.362087e-02 7.349668e-01 4.174434e-02
1.905860e-02 6.576462e-01 5.361346e-02 2.851341e-01 2.986147e-02 -4.093192e-01 5.001354e-02 1.929152e-01 1.899056e-02 -1.110641e-01 1.666348e-02 7.455597e-01 6.707171e-02
1.992490e-02 6.990110e-01 7.738586e-02 2.878203e-01 3.040871e-02 -4.910505e-01 6.337692e-02 1.832051e-01 1.396887e-02 -1.354644e-01 2.857199e-02 8.333657e-01 4.030290e-02
2.136873e-02 7.833540e-01 5.918109e-02 3.008886e-01 2.716985e-02 -4.833292e-01 5.218463e-02 1.862582e-01 1.196365e-02 -1.281946e-01 2.143187e-02 8.178839e-01 5.308391e-02
2.339010e-02 5.937119e-01 8.254906e-02 2.344869e-01 3.260681e-02 -3.197453e-01 5.243379e-02 1.597572e-01 1.135177e-02 -8.370236e-02 1.879607e-02 7.341588e-01 3.398957e-02
2.598900e-02 8.265212e-01 6.507095e-02 3.119372e-01 2.464832e-02 -4.773177e-01 6.165460e-02 2.017171e-01 7.888770e-03 -1.435990e-01 3.182194e-02 9.049093e-01 4.216157e-02
2.916543e-02 7.489642e-01 4.200249e-02 2.540742e-01 1.851097e-02 -3.768011e-01 2.356106e-02 1.855015e-01 7.703457e-03 -1.025694e-01 4.743264e-03 8.758144e-01 6.820768e-02
3.291940e-02 7.636266e-01 9.936026e-02 2.374277e-01 4.183997e-02 -3.476728e-01 4.458677e-02 1.848546e-01 1.515443e-02 -8.189018e-02 1.982726e-02 8.468990e-01 6.445464e-02
7.219167e-03 2.125725e-01 1.900909e-02 1.259876e-01 1.180558e-02 -1.746684e-01 1.625670e-02 1.218755e-01 7.024882e-03 -7.227114e-03 1.218911e-02 4.835744e-01 1.923394e-02
7.507933e-03 2.833657e-01 2.136410e-02 1.730311e-01 1.519187e-02 -2.221261e-01 2.078964e-02 1.487654e-01 1.064298e-02 -5.522577e-02 1.458374e-02 4.759123e-01 1.524951e-02
8.374233e-03 3.108949e-01 3.713672e-02 1.744156e-01 2.001663e-02 -2.806866e-01 3.285166e-02 1.494162e-01 1.107547e-02 -5.674035e-02 1.824734e-02 6.236138e-01 2.583509e-02
9.818067e-03 3.210147e-01 3.597246e-02 1.777843e-01 1.925077e-02 -2.665976e-01 1.891402e-02 1.436420e-01 8.288494e-03 -6.668326e-02 1.636760e-02 5.640029e-01 2.558005e-02
1.183943e-02 4.328030e-01 1.135760e-02 2.291337e-01 1.188843e-02 -3.121628e-01 1.882010e-02 1.739977e-01 1.075270e-02 -7.263870e-02 5.768148e-03 6.526405e-01 4.188978e-02
1.443833e-02 5.155733e-01 4.848874e-02 2.530533e-01 2.177583e-02 -3.789072e-01 4.476626e-02 1.744796e-01 1.120840e-02 -1.282669e-01 2.111926e-02 6.453725e-01 4.990273e-02
1.761477e-02 6.048127e-01 8.450064e-02 2.684476e-01 3.545552e-02 -4.291561e-01 3.291523e-02 1.722909e-01 1.542638e-02 -1.277633e-01 1.145261e-02 8.017813e-01 3.549165e-02
2.136873e-02 8.733054e-01 9.972602e-02 3.607678e-01 5.079191e-02 -5.110194e-01 4.110375e-02 2.210545e-01 2.651934e-02 -1.549887e-01 1.450793e-02 8.014382e-01 3.395679e-02
7.507933e-03 2.441870e-01 1.352099e-02 1.418142e-01 7.486243e-03 -2.104976e-01 1.970118e-02 1.322997e-01 7.073292e-03 -2.029885e-02 9.636539e-03 5.292006e-01 4.220250e-02
7.796700e-03 3.185179e-01 2.630066e-02 1.754637e-01 1.260158e-02 -3.226157e-01 3.394166e-02 1.447663e-01 7.829818e-03 -7.595185e-02 1.046089e-02 6.964008e-01 7.763316e-02
8.663000e-03 3.042247e-01 2.268478e-02 1.668717e-01 1.342779e-02 -2.518978e-01 3.231803e-02 1.373807e-01 9.277459e-03 -5.095583e-02 1.333622e-02 5.465654e-01 6.013743e-02
1.010683e-02 3.276176e-01 2.602031e-02 1.858423e-01 1.658401e-02 -2.469004e-01 2.713753e-02 1.553806e-01 8.700494e-03 -5.057881e-02 1.760443e-02 5.569831e-01 3.429022e-02
1.212820e-02 4.887288e-01 7.813525e-02 2.414845e-01 3.628983e-02 -4.240155e-01 9.008463e-02 1.687867e-01 1.841286e-02 -1.317281e-01 4.023097e-02 7.498462e-01 1.061598e-01
1.472710e-02 5.152163e-01 5.322750e-03 2.549163e-01 8.772146e-03 -3.549641e-01 1.098831e-02 1.774017e-01 9.133450e-03 -1.088811e-01 3.770604e-03 6.407187e-01 4.162870e-02
1.790353e-02 6.205271e-01 4.991426e-02 2.700810e-01 2.724665e-02 -4.182025e-01 4.858170e-02 1.779995e-01 1.596398e-02 -1.035711e-01 1.779766e-02 7.845379e-01 6.838565e-02
2.165750e-02 8.089345e-01 9.316612e-02 3.251416e-01 3.415662e-02 -5.123874e-01 8.062298e-02 1.973801e-01 1.299301e-02 -1.471389e-01 3.423200e-02 8.497966e-01 6.109761e-02
8.374233e-03 2.488963e-01 1.082974e-02 1.525168e-01 6.522540e-03 -1.783245e-01 3.424693e-03 1.396029e-01 3.915018e-03 -1.975699e-02 5.591964e-03 4.615950e-01 1.743919e-02
8.663000e-03 3.196932e-01 3.085862e-02 1.811977e-01 1.762382e-02 -2.651818e-01 2.452667e-02 1.520635e-01 1.140226e-02 -5.239715e-02 1.638724e-02 5.937855e-01 3.307404e-02
9.529300e-03 3.126929e-01 1.602291e-02 1.629378e-01 1.054764e-02 -2.927986e-01 1.884321e-02 1.305802e-01 8.269882e-03 -7.327582e-02 6.032449e-03 6.194738e-01 3.739398e-02
1.097313e-02 4.183475e-01 6.454164e-02 2.138922e-01 3.326796e-02 -3.617767e-01 5.939697e-02 1.569130e-01 1.540011e-02 -1.074301e-01 3.712865e-02 6.986414e-01 3.453937e-02
1.299450e-02 4.399227e-01 4.404046e-02 2.211375e-01 2.197084e-02 -3.283868e-01 4.587164e-02 1.626947e-01 9.141106e-03 -8.743400e-02 2.291422e-02 6.301401e-01 7.468802e-02
1.559340e-02 5.719936e-01 5.464560e-02 2.727964e-01 3.110796e-02 -3.809724e-01 4.185428e-02 1.820070e-01 1.524538e-02 -1.141484e-01 1.670512e-02 6.984382e-01 6.067404e-02
1.876983e-02 6.039861e-01 6.712001e-02 2.537117e-01 2.456746e-02 -3.860811e-01 4.702204e-02 1.661257e-01 1.275072e-02 -1.037580e-01 1.602715e-02 7.209937e-01 2.549845e-02
2.252380e-02 9.265332e-01 3.335327e-02 3.758424e-01 1.645010e-02 -5.302669e-01 4.693555e-02 2.327960e-01 7.942079e-03 -1.605540e-01 2.483033e-02 8.205936e-01 4.444943e-02
9.818067e-03 3.136107e-01 2.503693e-02 1.784791e-01 1.282813e-02 -2.368908e-01 2.835739e-02 1.483188e-01 7.449282e-03 -4.738453e-02 1.626868e-02 5.439949e-01 3.787735e-02
1.010683e-02 3.466921e-01 3.001965e-02 1.875761e-01 2.084960e-02 -2.668236e-01 3.377823e-02 1.517122e-01 1.498646e-02 -4.755010e-02 1.974709e-02 6.150534e-01 4.836611e-02
1.097313e-02 3.085119e-01 4.564050e-02 1.503597e-01 1.997158e-02 -2.743761e-01 5.038928e-02 1.227178e-01 8.660250e-03 -4.844550e-02 2.285472e-02 6.354840e-01 6.133734e-02
1.241697e-02 4.138325e-01 2.130975e-02 2.140317e-01 1.127670e-02 -3.070607e-01 3.222732e-02 1.644956e-01 7.509398e-03 -7.493981e-02 1.481824e-02 6.159349e-01 4.387587e-02
1.443833e-02 5.723198e-01 3.589059e-02 2.838931e-01 1.952786e-02 -3.933532e-01 2.844642e-02 1.940596e-01 1.248132e-02 -1.127290e-01 1.158687e-02 6.928460e-01 2.178931e-02
1.703723e-02 6.213094e-01 5.502158e-02 2.760252e-01 2.510767e-02 -4.250627e-01 4.275469e-02 1.852720e-01 9.922579e-03 -1.181925e-01 2.104313e-02 7.660165e-01 4.598443e-02
2.021367e-02 7.248706e-01 2.928860e-02 2.875305e-01 1.665561e-02 -5.028287e-01 2.822807e-02 1.804759e-01 9.434354e-03 -1.346444e-01 8.539904e-03 8.933742e-01 6.863783e-02
2.396763e-02 8.187076e-01 5.325831e-02 3.282643e-01 2.497794e-02 -4.477799e-01 4.388435e-02 2.081130e-01 1.089410e-02 -1.410918e-01 2.071270e-02 8.132080e-01 5.221534e-02
1.183943e-02 3.884631e-01 3.051324e-02 2.076092e-01 1.294310e-02 -2.801561e-01 3.184712e-02 1.620431e-01 8.503526e-03 -6.553316e-02 1.164355e-02 5.841137e-01 3.584471e-02
1.212820e-02 4.726248e-01 1.766888e-02 2.427178e-01 1.090551e-02 -3.566461e-01 1.162713e-02 1.766428e-01 9.050944e-03 -1.012781e-01 9.048923e-03 6.466447e-01 1.562231e-02
1.299450e-02 4.294497e-01 1.916965e-02 2.139459e-01 6.514676e-03 -3.133038e-01 3.105626e-02 1.560459e-01 7.111427e-03 -8.160288e-02 1.623833e-02 6.127836e-01 1.285966e-02
1.443833e-02 5.468054e-01 3.523254e-02 2.695873e-01 2.132492e-02 -4.197850e-01 3.419548e-02 1.878442e-01 1.242707e-02 -1.292581e-01 1.726124e-02 7.865976e-01 4.035266e-02
1.645970e-02 6.545920e-01 4.455810e-02 3.049496e-01 1.627414e-02 -4.479754e-01 4.315136e-02 1.990927e-01 6.934883e-03 -1.408815e-01 2.112241e-02 7.483640e-01 3.160241e-02
1.905860e-02 7.627889e-01 4.352432e-02 3.310083e-01 2.119767e-02 -4.748669e-01 3.618833e-02 2.019225e-01 1.005869e-02 -1.493730e-01 1.611866e-02 7.946872e-01 3.273007e-02
2.223503e-02 7.554015e-01 6.369582e-02 2.964262e-01 2.415100e-02 -4.186079e-01 6.430614e-02 1.875088e-01 1.208614e-02 -1.090873e-01 2.207687e-02 7.675033e-01 7.106488e-02
2.598900e-02 7.147091e-01 4.149948e-02 2.596915e-01 1.539971e-02 -3.640990e-01 7.754391e-03 1.756407e-01 1.049171e-02 -1.041059e-01 6.222397e-03 7.779690e-01 1.048318e-02
1.443833e-02 5.245459e-01 4.318174e-02 2.505854e-01 1.913371e-02 -4.064363e-01 6.284210e-02 1.692943e-01 9.936563e-03 -1.328003e-01 2.848608e-02 7.270033e-01 6.627194e-02
1.472710e-02 5.532455e-01 4.045351e-02 2.569465e-01 1.925368e-02 -4.211845e-01 3.067587e-02 1.725274e-01 1.072566e-02 -1.242379e-01 1.437874e-02 7.535143e-01 3.563104e-02
1.559340e-02 5.334992e-01 9.538025e-02 2.472931e-01 4.254460e-02 -3.886610e-01 7.112312e-02 1.710004e-01 1.945308e-02 -1.026108e-01 3.463167e-02 7.555031e-01 6.197247e-02
1.703723e-02 5.559151e-01 3.912794e-02 2.519965e-01 2.341693e-02 -4.045952e-01 6.726398e-02 1.758619e-01 1.612110e-02 -9.934109e-02 2.088902e-02 8.172732e-01 8.498576e-02
1.905860e-02 6.812934e-01 4.336279e-02 2.898967e-01 2.139260e-02 -4.400790e-01 2.816693e-02 1.859072e-01 9.515851e-03 -1.325539e-01 1.821024e-02 7.530488e-01 1.102994e-02
2.165750e-02 7.041996e-01 5.487429e-02 2.929322e-01 2.461854e-02 -3.648135e-01 3.069440e-02 1.866850e-01 1.270661e-02 -1.015942e-01 1.731918e-02 7.490408e-01 3.814337e-02
2.483393e-02 8.096563e-01 8.055429e-02 2.978071e-01 2.440140e-02 -4.368778e-01 5.458144e-02 1.913198e-01 7.631255e-03 -1.359390e-01 1.332430e-02 7.802632e-01 4.545483e-02
2.858790e-02 8.797012e-01 6.946427e-02 3.170860e-01 3.005656e-02 -4.803351e-01 5.779825e-02 2.099595e-01 1.301093e-02 -1.360459e-01 2.086199e-02 9.478670e-01 5.050542e-02
1.761477e-02 6.134808e-01 1.001684e-01 2.715451e-01 5.340610e-02 -3.734726e-01 5.614727e-02 1.780552e-01 2.820191e-02 -9.792222e-02 3.364055e-02 7.292031e-01 3.346862e-02
1.790353e-02 6.065942e-01 9.676336e-02 2.758010e-01 3.704693e-02 -3.740089e-01 9.044336e-02 1.805864e-01 1.550027e-02 -1.151796e-01 3.226709e-02 6.990283e-01 7.191580e-02
1.876983e-02 6.585631e-01 6.302179e-02 2.857370e-01 2.664195e-02 -4.260929e-01 6.355506e-02 1.812103e-01 1.267714e-02 -1.253882e-01 2.598092e-02 7.602963e-01 6.848638e-02
2.021367e-02 6.845101e-01 7.184822e-02 2.925620e-01 3.099441e-02 -4.701181e-01 5.205644e-02 1.941816e-01 1.419475e-02 -1.352769e-01 2.579832e-02 8.468488e-01 4.727797e-02
2.223503e-02 7.724876e-01 2.684600e-02 3.092258e-01 8.477903e-03 -3.995741e-01 1.360518e-02 1.926459e-01 5.439126e-03 -1.104542e-01 6.533627e-03 7.415563e-01 3.623134e-02
2.483393e-02 8.272005e-01 6.903405e-02 3.158493e-01 3.126148e-02 -4.001162e-01 3.250850e-02 1.997867e-01 1.790693e-02 -1.207958e-01 1.243090e-02 7.406919e-01 2.428602e-02
2.801037e-02 7.877175e-01 7.137069e-02 2.635858e-01 2.290660e-02 -4.245011e-01 3.829822e-02 1.806027e-01 6.006217e-03 -1.157385e-01 1.590823e-02 8.711466e-01 2.524233e-02
3.176433e-02 7.915953e-01 8.922029e-02 2.684588e-01 3.598863e-02 -3.687594e-01 9.211047e-02 1.979367e-01 1.696742e-02 -1.186495e-01 3.290760e-02 8.614814e-01 6.777689e-02
2.136873e-02 7.039215e-01 7.488640e-02 2.896010e-01 3.669858e-02 -4.254017e-01 4.486608e-02 1.853133e-01 1.768644e-02 -1.195880e-01 1.796732e-02 7.946459e-01 5.829035e-02
2.165750e-02 7.491192e-01 8.365007e-02 3.088511e-01 4.298207e-02 -4.532756e-01 4.533463e-02 1.959892e-01 2.513390e-02 -1.438695e-01 1.804022e-02 7.451641e-01 3.166160e-02
2.252380e-02 7.709079e-01 3.794867e-02 2.921803e-01 8.491881e-03 -4.448340e-01 1.618608e-02 1.804545e-01 5.323000e-03 -1.086827e-01 9.289110e-03 8.011239e-01 5.211943e-02
2.396763e-02 7.266597e-01 4.007016e-02 2.840777e-01 1.515396e-02 -4.053086e-01 2.889782e-02 1.919154e-01 1.350404e-02 -1.130170e-01 1.259730e-02 7.678711e-01 4.064311e-02
2.598900e-02 8.523866e-01 6.791645e-02 3.115658e-01 2.702051e-02 -3.958182e-01 4.868377e-02 1.917276e-01 8.601793e-03 -1.087060e-01 1.981541e-02 8.029629e-01 4.020915e-02
2.858790e-02 9.036363e-01 5.719627e-02 3.052900e-01 3.111516e-02 -3.861859e-01 6.658625e-02 2.026601e-01 1.853129e-02 -1.003473e-01 2.523114e-02 8.127524e-01 6.731773e-02
3.176433e-02 8.163328e-01 7.620495e-02 2.507921e-01 2.450523e-02 -3.171222e-01 2.426120e-02 1.758142e-01 8.252367e-03 -9.303172e-02 1.154633e-02 8.484773e-01 3.617186e-02
3.551830e-02 7.766525e-01 4.381128e-02 2.344876e-01 2.052379e-02 -2.752455e-01 4.834135e-02 2.044295e-01 1.223267e-02 -8.182941e-02 1.509978e-02 8.607214e-01 2.032916e-02
1.039560e-02 3.818260e-01 3.079715e-02 1.974577e-01 1.781401e-02 -3.374833e-01 4.554278e-02 1.508095e-01 1.177849e-02 -8.969719e-02 1.997996e-02 6.527320e-01 6.102643e-02
1.068437e-02 3.716234e-01 3.912296e-02 1.919624e-01 2.124651e-02 -3.157819e-01 4.065633e-02 1.465475e-01 1.201030e-02 -7.618127e-02 2.173474e-02 6.446132e-01 3.712637e-02
1.155067e-02 3.760278e-01 3.286004e-02 1.955119e-01 1.753943e-02 -3.116955e-01 3.124092e-02 1.494001e-01 1.113352e-02 -8.093057e-02 1.732423e-02 6.493696e-01 3.293738e-02
1.299450e-02 4.505298e-01 6.613463e-02 2.324080e-01 3.573134e-02 -3.290011e-01 4.846259e-02 1.734135e-01 1.922155e-02 -8.064726e-02 3.005349e-02 6.847018e-01 2.970035e-02
1.501587e-02 4.788295e-01 4.481392e-02 2.269140e-01 2.702938e-02 -3.396559e-01 3.265176e-02 1.679108e-01 1.786998e-02 -7.361728e-02 1.337539e-02 6.964098e-01 2.937802e-02
1.761477e-02 7.275871e-01 1.514724e-01 3.276061e-01 6.720145e-02 -4.726308e-01 9.543508e-02 2.097534e-01 3.254058e-02 -1.459008e-01 4.180340e-02 7.625752e-01 5.838866e-02
2.079120e-02 7.510292e-01 8.239815e-02 3.061413e-01 2.710111e-02 -4.707909e-01 5.634201e-02 1.913726e-01 1.074007e-02 -1.286807e-01 1.969850e-02 8.505342e-01 7.882382e-02
2.454517e-02 7.263824e-01 1.071151e-01 2.909901e-01 4.465005e-02 -4.087541e-01 4.617085e-02 1.936222e-01 2.181481e-02 -1.098603e-01 1.676601e-02 8.477414e-01 3.665531e-02
1.068437e-02 3.844152e-01 2.461370e-02 1.995953e-01 1.341372e-02 -3.122300e-01 3.486605e-02 1.568978e-01 9.380346e-03 -7.747420e-02 1.851674e-02 6.089204e-01 4.245839e-02
1.097313e-02 3.999237e-01 6.696880e-02 2.146126e-01 3.638512e-02 -3.090525e-01 4.869865e-02 1.647841e-01 1.995128e-02 -8.180702e-02 2.610529e-02 6.105627e-01 5.363518e-02
1.183943e-02 3.718798e-01 2.957795e-02 1.960896e-01 1.976288e-02 -2.616370e-01 3.154156e-02 1.576593e-01 1.232702e-02 -4.619555e-02 1.020812e-02 5.763675e-01 6.906985e-02
1.328327e-02 4.716381e-01 2.467066e-02 2.401279e-01 1.049040e-02 -3.680562e-01 5.061094e-02 1.726352e-01 7.680451e-03 -1.091278e-01 1.663376e-02 6.837042e-01 7.499139e-02
1.530463e-02 5.484375e-01 2.356647e-02 2.556294e-01 1.652570e-02 -4.148619e-01 2.855279e-02 1.723736e-01 1.039967e-02 -1.225446e-01 1.332371e-02 7.444294e-01 4.203684e-02
1.790353e-02 5.279782e-01 4.913089e-02 2.283608e-01 1.849672e-02 -3.599482e-01 5.386682e-02 1.616208e-01 7.677478e-03 -7.716346e-02 2.203536e-02 7.394006e-01 5.415763e-02
2.107997e-02 7.847071e-01 5.319358e-02 3.175104e-01 2.555642e-02 -4.599173e-01 3.575760e-02 1.967251e-01 1.388479e-02 -1.246791e-01 1.107057e-02 8.177184e-01 4.517303e-02
2.483393e-02 8.364228e-01 1.169925e-01 3.041685e-01 4.011128e-02 -4.423529e-01 7.139690e-02 1.937846e-01 1.273952e-02 -9.815276e-02 2.130567e-02 8.638659e-01 5.369151e-02
1.155067e-02 3.800794e-01 2.731487e-02 1.969838e-01 1.336232e-02 -2.962258e-01 3.136132e-02 1.512785e-01 8.107527e-03 -6.834006e-02 1.677946e-02 6.126767e-01 3.473753e-02
1.183943e-02 4.589694e-01 1.972250e-02 2.277713e-01 1.070177e-02 -3.965440e-01 3.187899e-02 1.607931e-01 7.713241e-03 -1.245993e-01 1.619593e-02 7.162603e-01 3.170984e-02
1.270573e-02 3.474328e-01 4.013996e-02 1.781061e-01 2.458697e-02 -2.514068e-01 2.775691e-02 1.421669e-01 1.402139e-02 -4.594413e-02 2.151596e-02 6.209901e-01 2.643979e-02
1.414957e-02 4.298650e-01 3.557693e-02 2.099428e-01 1.695448e-02 -3.290464e-01 3.040847e-02 1.550777e-01 7.797484e-03 -8.126345e-02 1.658516e-02 6.832208e-01 2.965556e-02
1.617093e-02 5.018233e-01 4.651910e-02 2.273551e-01 1.880673e-02 -3.910624e-01 5.117248e-02 1.597183e-01 1.051576e-02 -1.018983e-01 2.351874e-02 7.630530e-01 5.965497e-02
1.876983e-02 6.764676e-01 4.544018e-02 2.965579e-01 2.440581e-02 -4.598537e-01 3.845962e-02 1.889838e-01 1.569341e-02 -1.366717e-01 1.608863e-02 8.050393e-01 3.957402e-02
2.194627e-02 8.277465e-01 7.041750e-02 3.312584e-01 2.655370e-02 -5.132689e-01 5.757673e-02 1.997239e-01 9.500075e-03 -1.530292e-01 2.090379e-02 8.275653e-01 6.617519e-02
2.570023e-02 7.266335e-01 4.322026e-02 2.571883e-01 2.102058e-02 -4.467418e-01 3.186429e-02 1.721534e-01 1.147067e-02 -1.071594e-01 6.019638e-03 8.630722e-01 6.368513e-02
1.299450e-02 4.670581e-01 1.926864e-02 2.305484e-01 8.703395e-03 -3.417865e-01 3.392712e-02 1.642374e-01 5.394027e-03 -8.877741e-02 1.081138e-02 6.331263e-01 6.028196e-02
1.328327e-02 4.272881e-01 3.919502e-02 2.001244e-01 1.867967e-02 -3.656543e-01 5.829315e-02 1.499357e-01 1.046957e-02 -8.476675e-02 1.803172e-02 7.712013e-01 9.327366e-02
1.414957e-02 5.732566e-01 6.504041e-02 2.857616e-01 2.836805e-02 -3.915078e-01 5.244395e-02 1.997359e-01 1.184164e-02 -1.082254e-01 2.240731e-02 6.920758e-01 5.051458e-02
1.559340e-02 4.598395e-01 3.412587e-02 2.152386e-01 1.933551e-02 -3.252149e-01 3.864204e-02 1.521611e-01 8.772527e-03 -8.628688e-02 1.137968e-02 6.733650e-01 6.168886e-02
1.761477e-02 7.015083e-01 3.826123e-02 3.127632e-01 2.433295e-02 -4.694366e-01 3.150452e-02 1.991696e-01 1.312029e-02 -1.340306e-01 1.560241e-02 8.041688e-01 2.987749e-02
2.021367e-02 6.707212e-01 3.524853e-02 2.651759e-01 1.493121e-02 -4.376473e-01 3.580368e-02 1.701002e-01 7.254215e-03 -1.180567e-01 9.512383e-03 8.090382e-01 6.572074e-02
2.339010e-02 8.389976e-01 1.232361e-01 3.346568e-01 4.346854e-02 -4.987826e-01 8.942985e-02 2.064020e-01 1.548972e-02 -1.518676e-01 3.314936e-02 8.750233e-01 5.105795e-02
2.714407e-02 8.467306e-01 9.660743e-02 3.004368e-01 3.636962e-02 -4.206727e-01 5.741681e-02 1.868633e-01 1.337745e-02 -1.232268e-01 2.134675e-02 8.256227e-01 9.682544e-02
1.501587e-02 5.022683e-01 2.153369e-02 2.328333e-01 9.000392e-03 -3.701569e-01 2.983803e-02 1.586533e-01 6.594742e-03 -1.011691e-01 1.245406e-02 6.959925e-01 3.207785e-02
1.530463e-02 5.243005e-01 6.080626e-02 2.405012e-01 2.719933e-02 -4.033591e-01 4.941916e-02 1.650608e-01 1.135495e-02 -1.187805e-01 2.328953e-02 7.646383e-01 4.144037e-02
1.617093e-02 6.604739e-01 5.429257e-02 3.047634e-01 3.134473e-02 -4.605128e-01 5.151590e-02 2.019665e-01 1.873509e-02 -1.292546e-01 2.345835e-02 8.038779e-01 7.048145e-02
1.761477e-02 5.523402e-01 3.179263e-02 2.465216e-01 1.670967e-02 -3.776785e-01 3.811873e-02 1.670403e-01 1.358305e-02 -1.001675e-01 1.749432e-02 7.036332e-01 3.868971e-02
1.963613e-02 7.117115e-01 9.725444e-02 3.201460e-01 4.725538e-02 -3.935541e-01 6.479371e-02 2.076390e-01 2.240084e-02 -1.086145e-01 3.877525e-02 7.305604e-01 3.422815e-02
2.223503e-02 7.076548e-01 5.532306e-02 2.775376e-01 2.694702e-02 -4.166180e-01 3.375666e-02 1.756896e-01 1.217051e-02 -1.133202e-01 1.766553e-02 7.883932e-01 6.017900e-02
2.541147e-02 8.449339e-01 7.179098e-02 3.153825e-01 2.638114e-02 -4.435123e-01 7.338672e-02 1.934705e-01 1.324352e-02 -1.247068e-01 2.393505e-02 8.501139e-01 4.659498e-02
2.916543e-02 8.057575e-01 4.259688e-02 2.461798e-01 2.033345e-02 -3.599472e-01 9.705751e-03 1.703558e-01 8.418182e-03 -8.674264e-02 7.896435e-03 8.177177e-01 3.769354e-02
1.761477e-02 5.845836e-01 6.997980e-02 2.610201e-01 2.263658e-02 -3.492471e-01 7.426559e-02 1.782602e-01 8.865216e-03 -7.330866e-02 2.597916e-02 7.173814e-01 8.958980e-02
1.790353e-02 6.408517e-01 7.033435e-02 2.845058e-01 2.771124e-02 -4.593723e-01 5.058625e-02 1.847915e-01 1.197501e-02 -1.427342e-01 1.658107e-02 7.985822e-01 5.724727e-02
1.876983e-02 7.024196e-01 3.831151e-02 2.968295e-01 1.551698e-02 -4.643293e-01 3.502138e-02 1.883158e-01 9.046588e-03 -1.351868e-01 8.638795e-03 7.704116e-01 4.692055e-02
2.021367e-02 6.931964e-01 7.887114e-02 3.026382e-01 3.917095e-02 -4.294860e-01 5.744430e-02 1.988123e-01 1.880608e-02 -1.287950e-01 2.791187e-02 8.079394e-01 6.879927e-02
2.223503e-02 8.217778e-01 8.434307e-02 3.334155e-01 3.571973e-02 -5.091718e-01 5.094983e-02 2.057563e-01 1.674498e-02 -1.436828e-01 2.137649e-02 8.948934e-01 5.272240e-02
2.483393e-02 9.554203e-01 1.367877e-01 3.599762e-01 6.279424e-02 -5.559488e-01 4.754676e-02 2.086423e-01 2.809082e-02 -1.587588e-01 2.303273e-02 9.164912e-01 3.636720e-02
2.801037e-02 7.150115e-01 4.643968e-02 2.492521e-01 1.992438e-02 -4.078539e-01 4.083719e-02 1.712506e-01 9.007924e-03 -1.182079e-01 1.425337e-02 7.973959e-01 7.646808e-02
3.176433e-02 7.775059e-01 3.492569e-02 2.376995e-01 7.074457e-03 -2.987595e-01 3.784755e-02 1.802310e-01 4.445646e-03 -7.672467e-02 1.440888e-02 7.706903e-01 4.047061e-02
2.079120e-02 7.592961e-01 3.029347e-02 3.022625e-01 1.861867e-02 -4.775838e-01 3.820613e-02 1.832952e-01 9.173510e-03 -1.237835e-01 2.030941e-02 8.378002e-01 5.843859e-02
2.107997e-02 6.375135e-01 8.583959e-02 2.643984e-01 3.534872e-02 -3.854130e-01 5.101413e-02 1.741474e-01 1.223932e-02 -9.367389e-02 2.303990e-02 7.643152e-01 4.034471e-02
2.194627e-02 8.209135e-01 6.022810e-02 3.227492e-01 2.213940e-02 -4.955975e-01 5.129274e-02 1.937426e-01 5.831686e-03 -1.502506e-01 2.082221e-02 8.110652e-01 7.933969e-02
2.339010e-02 6.525654e-01 3.682216e-02 2.373333e-01 1.180519e-02 -4.159631e-01 2.980770e-02 1.568179e-01 9.356254e-03 -1.025451e-01 1.124256e-02 8.225691e-01 2.906203e-02
2.541147e-02 7.297571e-01 5.408572e-02 2.730209e-01 2.199789e-02 -3.470597e-01 1.941641e-02 1.788315e-01 1.151660e-02 -8.138118e-02 8.679678e-03 7.469049e-01 5.408615e-02
2.801037e-02 8.250183e-01 3.952475e-02 3.001632e-01 2.354204e-02 -4.272566e-01 2.999398e-02 2.044934e-01 1.379298e-02 -1.203085e-01 1.623948e-02 8.691812e-01 6.022451e-02
3.118680e-02 8.022506e-01 5.373864e-02 2.741542e-01 1.617105e-02 -3.838426e-01 3.768367e-02 1.937722e-01 8.474996e-03 -1.109461e-01 1.824654e-02 9.237268e-01 5.920570e-02
3.494077e-02 8.550649e-01 4.701470e-02 2.617858e-01 1.870297e-02 -3.237711e-01 3.965102e-02 2.140600e-01 1.394993e-02 -9.506249e-02 2.267264e-02 8.852864e-01 3.231266e-02
2.454517e-02 7.633063e-01 1.244378e-02 2.861519e-01 8.383718e-03 -4.796322e-01 2.589347e-02 1.890732e-01 7.595034e-03 -1.317778e-01 1.730573e-02 9.045011e-01 4.523927e-02
2.483393e-02 6.737800e-01 4.744938e-02 2.543591e-01 1.655695e-02 -3.461424e-01 3.832525e-02 1.753594e-01 7.119243e-03 -7.442563e-02 1.549065e-02 7.954802e-01 2.011049e-02
2.570023e-02 7.437767e-01 3.529495e-02 2.601727e-01 1.459448e-02 -4.479972e-01 3.599722e-02 1.742646e-01 1.084505e-02 -1.225158e-01 9.405094e-03 8.657857e-01 6.035133e-02
2.714407e-02 7.474447e-01 5.724419e-02 2.745576e-01 2.364007e-02 -3.804904e-01 4.158530e-02 1.842927e-01 1.002725e-02 -1.125680e-01 1.164979e-02 8.023564e-01 6.229729e-02
2.916543e-02 9.028607e-01 7.810930e-02 3.115937e-01 3.099894e-02 -4.297162e-01 8.114545e-02 1.982743e-01 1.284130e-02 -1.252492e-01 2.344877e-02 8.769970e-01 8.933252e-02
3.176433e-02 8.139381e-01 2.942022e-02 2.593155e-01 1.328911e-02 -3.092458e-01 5.637168e-02 1.895095e-01 1.190588e-02 -8.483476e-02 1.249009e-02 8.450503e-01 4.586467e-02
3.494077e-02 8.122040e-01 3.451078e-02 2.589539e-01 1.793528e-02 -2.907550e-01 2.743820e-02 2.011865e-01 9.376413e-03 -7.924909e-02 9.402455e-03 9.323685e-01 4.910102e-02
3.869473e-02 7.536634e-01 6.006880e-02 1.918335e-01 1.140414e-02 -2.615763e-01 3.496843e-02 1.884782e-01 3.619870e-03 -9.015258e-02 1.204143e-02 9.836216e-01 4.535833e-02
1.414957e-02 4.834183e-01 3.345566e-02 2.289324e-01 1.679442e-02 -3.690285e-01 2.468770e-02 1.595076e-01 1.147193e-02 -1.001425e-01 7.803763e-03 6.796396e-01 2.483532e-02
1.443833e-02 5.185644e-01 6.395259e-02 2.571400e-01 3.322011e-02 -3.676453e-01 3.141513e-02 1.807417e-01 1.717025e-02 -1.108507e-01 2.070072e-02 6.799244e-01 3.638065e-02
1.530463e-02 5.100163e-01 3.304261e-02 2.429257e-01 1.452326e-02 -3.432287e-01 4.409320e-02 1.733225e-01 9.666850e-03 -8.543360e-02 2.015809e-02 6.541136e-01 4.859974e-02
1.674847e-02 5.689558e-01 2.637761e-02 2.567634e-01 1.465759e-02 -3.609149e-01 2.296258e-02 1.733337e-01 6.473708e-03 -9.088316e-02 1.286148e-02 7.164959e-01 2.988183e-02
1.876983e-02 5.997776e-01 5.857569e-02 2.527830e-01 2.410655e-02 -4.148856e-01 4.789798e-02 1.719513e-01 1.193011e-02 -1.142394e-01 1.445003e-02 7.537377e-01 5.521701e-02
2.136873e-02 6.711874e-01 2.396722e-02 2.747468e-01 8.175475e-03 -3.748494e-01 2.624528e-02 1.766521e-01 6.862715e-03 -1.053462e-01 1.587345e-02 7.396586e-01 5.302995e-02
2.454517e-02 7.768666e-01 9.181568e-02 3.016266e-01 4.285457e-02 -3.886306e-01 4.865597e-02 1.894904e-01 2.059829e-02 -1.019590e-01 2.183075e-02 8.109848e-01 4.179361e-02
2.829913e-02 6.948883e-01 4.850820e-02 2.386139e-01 2.199039e-02 -3.692190e-01 1.859196e-02 1.687804e-01 9.214264e-03 -9.049562e-02 6.223235e-03 8.451737e-01 5.870746e-02
1.443833e-02 4.844058e-01 7.554753e-02 2.391350e-01 3.555827e-02 -3.649919e-01 6.722762e-02 1.707645e-01 1.528258e-02 -1.048456e-01 3.539748e-02 6.961907e-01 5.438780e-02
1.472710e-02 5.744644e-01 5.020654e-02 2.672764e-01 2.603544e-02 -4.223920e-01 3.449494e-02 1.762557e-01 1.392602e-02 -1.256956e-01 1.934204e-02 7.167988e-01 4.387858e-02
1.559340e-02 4.746221e-01 3.484159e-02 2.201937e-01 1.577074e-02 -3.075451e-01 4.213698e-02 1.590351e-01 7.865040e-03 -6.497210e-02 1.378981e-02 6.425418e-01 5.684895e-02
1.703723e-02 6.281741e-01 4.366219e-02 2.787968e-01 1.400218e-02 -4.557154e-01 6.217098e-02 1.797826e-01 5.607934e-03 -1.348781e-01 2.486180e-02 7.717496e-01 5.992157e-02
1.905860e-02 8.577727e-01 7.595576e-02 3.806895e-01 3.698823e-02 -5.129812e-01 5.826254e-02 2.306475e-01 1.913216e-02 -1.597415e-01 2.297901e-02 8.128980e-01 6.119285e-02
2.165750e-02 7.319334e-01 8.243569e-02 2.974656e-01 3.561057e-02 -4.112225e-01 5.556051e-02 1.869406e-01 1.621343e-02 -1.106112e-01 1.992978e-02 7.533008e-01 4.818299e-02
2.483393e-02 8.263560e-01 9.429271e-02 3.194116e-01 4.012452e-02 -4.447993e-01 3.567585e-02 2.043681e-01 1.450059e-02 -1.361852e-01 1.117880e-02 8.063984e-01 5.308849e-02
2.858790e-02 9.422433e-01 7.600789e-02 3.495521e-01 2.790443e-02 -4.953503e-01 6.311611e-02 2.177132e-01 1.144370e-02 -1.589913e-01 2.481246e-02 8.859640e-01 5.958594e-02
1.530463e-02 5.105090e-01 5.748479e-02 2.304483e-01 2.697558e-02 -4.015487e-01 5.562049e-02 1.569861e-01 1.257906e-02 -1.069538e-01 2.643614e-02 7.691582e-01 6.073119e-02
1.559340e-02 5.525747e-01 5.397635e-02 2.571231e-01 2.791990e-02 -3.766380e-01 4.018116e-02 1.760736e-01 1.606831e-02 -1.016003e-01 2.047595e-02 6.958878e-01 4.135753e-02
1.645970e-02 5.982321e-01 4.413708e-02 2.844847e-01 1.703063e-02 -4.220505e-01 4.647218e-02 1.933302e-01 9.136986e-03 -1.262136e-01 1.717533e-02 7.565616e-01 6.915381e-02
1.790353e-02 6.060752e-01 4.978904e-02 2.684303e-01 1.542367e-02 -3.833207e-01 6.663992e-02 1.794572e-01 7.137672e-03 -1.086229e-01 2.418003e-02 7.018249e-01 7.454921e-02
1.992490e-02 7.502751e-01 5.085107e-02 3.270807e-01 1.724516e-02 -4.282745e-01 3.935295e-02 2.169508e-01 5.354358e-03 -1.276739e-01 1.297500e-02 7.460826e-01 5.121090e-02
2.252380e-02 7.986018e-01 5.749263e-02 3.279858e-01 2.359649e-02 -4.878483e-01 4.471260e-02 2.061322e-01 1.348959e-02 -1.583401e-01 2.092089e-02 8.656848e-01 6.036854e-02
2.570023e-02 9.476436e-01 1.066514e-01 3.367875e-01 3.966703e-02 -5.404147e-01 7.278240e-02 2.066454e-01 1.520186e-02 -1.517109e-01 2.687070e-02 8.547831e-01 4.430948e-02
2.945420e-02 7.856936e-01 7.217400e-02 2.750628e-01 2.519449e-02 -3.649975e-01 4.326233e-02 1.974943e-01 8.113963e-03 -1.058618e-01 1.966751e-02 8.337355e-01 5.812247e-02
1.674847e-02 6.039616e-01 2.815975e-02 2.744061e-01 9.833391e-03 -3.841314e-01 2.643147e-02 1.822600e-01 3.226904e-03 -1.001418e-01 1.039777e-02 7.037026e-01 3.665466e-02
1.703723e-02 6.784191e-01 4.933843e-02 3.009195e-01 2.543778e-02 -4.822596e-01 5.372572e-02 1.911771e-01 1.385365e-02 -1.548222e-01 1.795710e-02 7.571463e-01 8.344987e-02
1.790353e-02 6.152307e-01 5.228411e-02 2.673437e-01 2.503554e-02 -4.205007e-01 4.757760e-02 1.717066e-01 1.094543e-02 -1.188480e-01 2.687804e-02 7.259050e-01 3.515928e-02
1.934737e-02 6.361403e-01 4.742776e-02 2.774979e-01 2.006652e-02 -3.762410e-01 4.250918e-02 1.842224e-01 8.041802e-03 -1.055688e-01 2.057029e-02 6.777740e-01 2.934479e-02
2.136873e-02 7.358625e-01 6.569916e-02 2.996528e-01 3.107261e-02 -5.069422e-01 5.944357e-02 1.922406e-01 1.552033e-02 -1.421440e-01 2.641503e-02 8.995698e-01 4.534790e-02
2.396763e-02 7.348032e-01 3.996074e-02 2.836484e-01 1.338565e-02 -4.666445e-01 3.059939e-02 1.821656e-01 5.956756e-03 -1.377126e-01 3.902828e-03 8.870632e-01 6.036498e-02
2.714407e-02 7.556688e-01 3.868267e-02 2.697114e-01 1.317824e-02 -4.004637e-01 5.217864e-02 1.814409e-01 6.174548e-03 -1.167785e-01 2.647687e-02 8.042232e-01 5.548830e-02
3.089803e-02 8.485569e-01 8.132357e-02 2.877232e-01 3.809786e-02 -3.914279e-01 4.146818e-02 1.966070e-01 1.703252e-02 -1.006049e-01 2.230872e-02 9.115117e-01 2.439720e-02
1.876983e-02 6.317587e-01 5.845627e-02 2.777224e-01 2.394992e-02 -3.993639e-01 2.270736e-02 1.799141e-01 1.016158e-02 -1.114972e-01 1.307032e-02 7.496808e-01 4.349263e-02
1.905860e-02 7.614800e-01 5.282266e-02 3.290039e-01 2.477054e-02 -5.139943e-01 3.644350e-02 2.046475e-01 1.274358e-02 -1.555583e-01 1.661372e-02 8.341549e-01 4.001624e-02
1.992490e-02 7.937772e-01 8.257516e-02 3.309990e-01 3.952572e-02 -5.126147e-01 5.927617e-02 2.041431e-01 1.963773e-02 -1.565741e-01 2.971714e-02 8.192349e-01 4.688465e-02
2.136873e-02 7.592432e-01 6.847906e-02 3.112495e-01 3.398870e-02 -4.586336e-01 3.730217e-02 1.954091e-01 1.904702e-02 -1.219461e-01 2.032728e-02 8.178971e-01 2.733593e-02
2.339010e-02 7.650586e-01 7.249741e-02 2.985781e-01 3.197431e-02 -4.256620e-01 7.113742e-02 1.904790e-01 1.467649e-02 -1.124301e-01 2.252964e-02 8.126134e-01 8.887640e-02
2.598900e-02 9.328209e-01 1.471484e-01 3.307969e-01 5.474183e-02 -4.767634e-01 6.528748e-02 1.992094e-01 1.867094e-02 -1.372931e-01 2.186625e-02 7.987156e-01 4.153177e-02
2.916543e-02 7.749142e-01 5.206408e-02 2.587693e-01 1.759230e-02 -3.643756e-01 5.126179e-02 1.778039e-01 5.970286e-03 -1.036800e-01 1.132742e-02 8.770003e-01 6.985530e-02
3.291940e-02 8.194163e-01 4.805987e-02 2.399493e-01 1.267949e-02 -3.173034e-01 4.291270e-02 1.718904e-01 4.028115e-03 -7.833780e-02 1.679161e-02 7.978001e-01 5.310375e-02
2.136873e-02 7.353027e-01 7.841078e-02 2.865783e-01 2.737297e-02 -4.670897e-01 5.862288e-02 1.748668e-01 9.336338e-03 -1.279388e-01 1.747129e-02 7.845894e-01 7.816073e-02
2.165750e-02 7.622342e-01 6.306342e-02 3.076266e-01 2.817289e-02 -4.432577e-01 1.804740e-02 1.946252e-01 1.716916e-02 -1.333120e-01 1.414567e-02 7.600854e-01 2.784599e-02
2.252380e-02 7.061866e-01 4.988696e-02 2.706580e-01 1.849958e-02 -3.973533e-01 2.960921e-02 1.760340e-01 8.829792e-03 -1.006981e-01 1.127479e-02 7.849239e-01 4.000498e-02
2.396763e-02 7.583363e-01 9.570379e-02 2.961243e-01 4.402538e-02 -4.032830e-01 7.179182e-02 1.897828e-01 1.854606e-02 -1.086833e-01 3.073765e-02 8.079150e-01 5.507307e-02
2.598900e-02 8.860487e-01 5.592195e-02 3.368243e-01 1.688456e-02 -5.119354e-01 3.046821e-02 2.110737e-01 6.948206e-03 -1.495544e-01 9.185591e-03 8.976491e-01 3.158918e-02
2.858790e-02 7.742025e-01 3.170091e-02 2.533145e-01 1.168440e-02 -3.804074e-01 4.888313e-02 1.681855e-01 1.011741e-02 -9.421044e-02 2.169367e-02 8.267367e-01 4.366827e-02
3.176433e-02 7.819688e-01 3.544417e-02 2.409242e-01 1.526598e-02 -3.619388e-01 3.614298e-02 1.894165e-01 9.200134e-03 -1.060790e-01 2.111724e-02 8.998932e-01 4.169837e-02
3.551830e-02 7.983299e-01 2.139110e-02 2.378705e-01 6.526729e-03 -3.460646e-01 2.650740e-02 1.874764e-01 3.396623e-03 -1.122676e-01 1.757564e-02 9.517731e-01 6.256187e-02
2.454517e-02 8.847559e-01 5.096125e-02 3.365053e-01 1.994335e-02 -5.597456e-01 2.882535e-02 2.113431e-01 1.020391e-02 -1.671499e-01 1.403465e-02 9.583702e-01 2.782949e-02
2.483393e-02 7.739395e-01 6.311103e-02 2.886591e-01 2.408462e-02 -4.577981e-01 6.284392e-02 1.856882e-01 1.057685e-02 -1.294387e-01 2.546926e-02 8.718250e-01 6.262119e-02
2.570023e-02 7.686243e-01 6.552204e-02 2.762486e-01 2.513233e-02 -3.651315e-01 3.165132e-02 1.853493e-01 1.312868e-02 -7.517616e-02 1.785265e-02 8.010005e-01 4.003151e-02
2.714407e-02 9.028123e-01 5.832924e-02 3.236865e-01 2.372269e-02 -4.316597e-01 2.511021e-02 2.041340e-01 1.224710e-02 -1.155372e-01 1.212005e-02 8.380018e-01 4.499246e-02
2.916543e-02 7.351719e-01 7.523905e-02 2.543057e-01 3.092629e-02 -3.638392e-01 4.587781e-02 1.792971e-01 1.382371e-02 -9.918011e-02 1.443067e-02 8.117781e-01 4.484203e-02
3.176433e-02 8.437618e-01 9.755798e-02 2.783227e-01 3.286760e-02 -3.382183e-01 2.514610e-02 2.024315e-01 1.043617e-02 -8.907784e-02 8.278644e-03 9.288037e-01 5.123429e-02
3.494077e-02 8.748881e-01 8.453157e-02 2.784846e-01 2.449516e-02 -3.133932e-01 6.168367e-02 2.177619e-01 7.115178e-03 -1.089376e-01 1.621964e-02 8.853968e-01 7.148323e-02
3.869473e-02 8.425443e-01 4.849453e-02 2.108001e-01 1.367760e-02 -2.923332e-01 3.660838e-02 2.010180e-01 9.279526e-03 -1.106103e-01 2.012816e-02 1.032596e+00 4.215534e-02
2.829913e-02 8.611502e-01 8.008393e-02 3.053310e-01 3.245869e-02 -4.529062e-01 3.145005e-02 1.971624e-01 1.396878e-02 -1.364333e-01 2.088812e-02 8.785563e-01 3.039287e-02
2.858790e-02 8.125854e-01 4.397648e-02 2.993205e-01 1.281649e-02 -4.363637e-01 1.887028e-02 2.062096e-01 4.186436e-03 -1.302953e-01 1.607873e-02 9.016234e-01 4.788040e-02
2.945420e-02 9.238508e-01 1.030973e-01 3.209272e-01 4.086080e-02 -4.241870e-01 6.879525e-02 2.059281e-01 1.911028e-02 -1.207146e-01 3.130918e-02 8.122392e-01 5.181360e-02
3.089803e-02 7.756637e-01 6.107324e-02 2.497721e-01 1.825998e-02 -3.668199e-01 4.478138e-02 1.777305e-01 9.740521e-03 -1.088080e-01 1.742892e-02 8.559021e-01 4.055615e-02
3.291940e-02 8.591152e-01 9.814357e-02 2.572097e-01 3.136719e-02 -3.587214e-01 4.944729e-02 1.838522e-01 7.527672e-03 -1.168599e-01 1.743069e-02 8.744581e-01 5.872618e-02
3.551830e-02 7.378381e-01 4.311909e-02 2.108264e-01 1.738672e-02 -3.238227e-01 1.580010e-02 1.781267e-01 1.014539e-02 -9.438076e-02 1.330598e-02 9.415725e-01 3.035796e-02
3.869473e-02 7.642499e-01 1.681331e-02 2.000573e-01 7.668112e-03 -1.775751e-01 2.054159e-02 2.044290e-01 3.527951e-03 -6.178072e-02 8.487751e-03 9.283639e-01 5.076416e-02
4.244870e-02 7.781338e-01 4.389251e-02 1.829783e-01 2.370691e-02 -1.814142e-01 2.413593e-02 2.234296e-01 1.479731e-02 -8.762048e-02 1.430518e-02 1.010278e+00 6.718354e-02
