# k^2  MgMg MgMg_error  MgCl MgCl_error  MgNa MgNa_error  ClCl ClCl_error  ClNa ClNa_error  NaNa NaNa_error
0.000000e+00 1.600000e+03 0.000000e+00 2.529822e+03 0.000000e+00 1.131371e+03 0.000000e+00 4.000000e+03 0.000000e+00 1.788854e+03 0.000000e+00 8.000000e+02 0.000000e+00
2.889093e-04 8.777675e-02 1.652473e-02 4.843276e-02 6.811012e-03 -1.372079e-01 4.620582e-02 7.287576e-02 6.797929e-03 2.735234e-02 2.029936e-02 4.493519e-01 1.516409e-01
1.155637e-03 1.457153e-01 3.451360e-02 1.043522e-01 2.203034e-02 -1.662419e-01 6.170600e-02 1.373179e-01 2.185731e-02 2.591697e-02 1.758039e-02 5.430291e-01 1.590695e-01
2.600184e-03 1.689674e-01 3.181462e-02 1.209498e-01 1.782867e-02 -1.632696e-01 5.047849e-02 1.284720e-01 1.238532e-02 -1.850067e-02 2.470185e-02 4.297939e-01 9.947997e-02
4.622549e-03 1.740119e-01 3.118540e-02 1.179398e-01 1.481960e-02 -1.525235e-01 5.602232e-02 1.292137e-01 1.477060e-02 5.607690e-03 3.651948e-02 4.671160e-01 8.065955e-02
7.222732e-03 3.416831e-01 5.015365e-02 2.154226e-01 2.308729e-02 -2.491767e-01 6.824634e-02 1.753501e-01 1.615248e-02 -8.562290e-02 3.850089e-02 4.605008e-01 7.120595e-02
1.040073e-02 2.904168e-01 3.110446e-02 1.614986e-01 1.489829e-02 -2.294921e-01 4.604283e-02 1.333595e-01 1.029975e-02 -5.778617e-02 2.224645e-02 4.894161e-01 6.571034e-02
1.415656e-02 4.612886e-01 3.491566e-02 1.974021e-01 1.894113e-02 -3.750788e-01 5.199848e-02 1.356295e-01 9.666348e-03 -8.165276e-02 2.192786e-02 7.143313e-01 1.092053e-01
2.889093e-04 1.250454e-01 2.881116e-02 8.907954e-02 2.168291e-02 -1.499358e-01 3.437236e-02 1.108810e-01 1.801141e-02 -6.515962e-04 3.567110e-02 4.221691e-01 7.873599e-02
5.778186e-04 9.419145e-02 1.164908e-02 8.915009e-02 1.657109e-02 -5.601548e-02 1.416508e-02 1.358336e-01 1.908089e-02 5.968154e-02 2.030037e-02 2.900337e-01 5.894419e-02
1.444546e-03 1.194357e-01 2.108897e-02 9.261283e-02 1.453324e-02 -1.121779e-01 3.059793e-02 1.223533e-01 1.318117e-02 2.381363e-02 2.424352e-02 3.702975e-01 7.278912e-02
2.889093e-03 1.602311e-01 3.964200e-02 9.371690e-02 1.715930e-02 -2.015782e-01 5.955513e-02 1.023928e-01 5.037771e-03 -1.204185e-02 3.768554e-02 5.392981e-01 7.706531e-02
4.911458e-03 2.782300e-01 5.462575e-02 1.573167e-01 2.486172e-02 -3.310212e-01 9.891573e-02 1.445062e-01 1.745596e-02 -7.134589e-02 4.863831e-02 7.242575e-01 1.479633e-01
7.511642e-03 1.814078e-01 2.650289e-02 1.083367e-01 1.361336e-02 -1.511127e-01 3.066196e-02 1.063882e-01 8.367125e-03 -1.710511e-02 2.378591e-02 3.596586e-01 2.388452e-02
1.068964e-02 2.843508e-01 3.124521e-02 1.423445e-01 2.182305e-02 -2.496664e-01 2.175566e-02 1.186153e-01 1.621898e-02 -4.150881e-02 1.072522e-02 5.897002e-01 3.889705e-02
1.444546e-02 5.824689e-01 7.726364e-02 2.667090e-01 3.989332e-02 -3.862871e-01 7.557341e-02 1.759983e-01 2.118156e-02 -8.966850e-02 3.624663e-02 7.251500e-01 1.090654e-01
1.155637e-03 1.367644e-01 2.903615e-02 1.149393e-01 1.882100e-02 -1.097642e-01 4.031455e-02 1.308524e-01 1.448581e-02 -1.703282e-02 2.161937e-02 2.691067e-01 6.495018e-02
1.444546e-03 1.451470e-01 2.458187e-02 1.078161e-01 1.521266e-02 -1.491053e-01 4.942727e-02 1.277164e-01 1.498765e-02 1.722065e-03 1.649849e-02 4.398147e-01 1.306606e-01
2.311274e-03 1.215418e-01 1.499794e-02 8.465409e-02 8.039239e-03 -1.309785e-01 3.518303e-02 1.253250e-01 1.028313e-02 6.462755e-02 3.302391e-02 5.436852e-01 1.396693e-01
3.755821e-03 1.666624e-01 3.095575e-02 8.859517e-02 3.957341e-03 -2.254415e-01 8.401264e-02 1.143970e-01 9.646805e-03 4.022597e-02 1.917164e-02 7.529277e-01 2.338374e-01
5.778186e-03 1.746725e-01 1.684195e-02 1.109583e-01 1.109447e-02 -1.513941e-01 1.925865e-02 1.140180e-01 8.749477e-03 -1.083968e-02 1.668368e-02 4.176139e-01 2.364428e-02
8.378369e-03 3.204604e-01 7.505798e-02 1.902141e-01 4.350106e-02 -2.567656e-01 7.383693e-02 1.540356e-01 2.770585e-02 -8.538506e-02 4.348821e-02 4.893896e-01 8.174314e-02
1.155637e-02 3.769966e-01 4.715051e-02 2.032328e-01 2.552101e-02 -2.355705e-01 4.202092e-02 1.589066e-01 1.644036e-02 -4.814932e-02 1.958095e-02 5.416716e-01 6.336967e-02
1.531219e-02 5.539140e-01 8.912939e-02 2.668722e-01 4.419484e-02 -4.133388e-01 7.420643e-02 1.803650e-01 2.120856e-02 -1.273317e-01 3.839715e-02 7.321236e-01 3.443774e-02
2.600184e-03 1.279176e-01 2.470087e-02 1.027760e-01 2.192876e-02 -9.437830e-02 5.085470e-02 1.531775e-01 2.197222e-02 9.401766e-02 4.685328e-02 5.233608e-01 1.198983e-01
2.889093e-03 1.858842e-01 3.763729e-02 1.314972e-01 2.763058e-02 -1.850357e-01 5.300552e-02 1.388038e-01 2.230645e-02 -2.763023e-02 4.452755e-02 4.702245e-01 7.028160e-02
3.755821e-03 2.767804e-01 8.026164e-02 1.665808e-01 3.898823e-02 -3.306774e-01 1.207988e-01 1.383583e-01 2.051361e-02 -1.186152e-01 5.504108e-02 6.336421e-01 1.972935e-01
5.200367e-03 1.881791e-01 2.039688e-02 1.299293e-01 1.544509e-02 -1.471810e-01 3.068151e-02 1.291097e-01 1.324577e-02 -2.248289e-02 1.912643e-02 3.659803e-01 5.871887e-02
7.222732e-03 1.902668e-01 1.839891e-02 1.127196e-01 1.319500e-02 -1.640431e-01 1.365314e-02 1.107636e-01 1.120737e-02 -6.649356e-03 6.321328e-03 4.630326e-01 3.651778e-02
9.822916e-03 4.006725e-01 7.012204e-02 1.969905e-01 3.412814e-02 -3.622669e-01 8.896973e-02 1.480169e-01 1.736199e-02 -8.201290e-02 3.777552e-02 7.044124e-01 1.440601e-01
1.300092e-02 4.761096e-01 8.386723e-02 2.388044e-01 4.429210e-02 -3.776127e-01 4.439946e-02 1.737733e-01 2.213058e-02 -1.206200e-01 2.216076e-02 6.988549e-01 7.069477e-02
1.675674e-02 6.067392e-01 7.557704e-02 2.777085e-01 3.161367e-02 -4.732025e-01 6.446975e-02 1.840968e-01 1.333540e-02 -1.569487e-01 2.976042e-02 8.035531e-01 8.954117e-02
4.622549e-03 1.958301e-01 1.875384e-02 1.366852e-01 5.283762e-03 -1.588213e-01 3.801105e-02 1.401393e-01 6.096020e-03 -1.234695e-02 2.520535e-02 4.306010e-01 4.132489e-02
4.911458e-03 2.016402e-01 1.910462e-02 1.235486e-01 1.151691e-02 -2.051269e-01 3.154955e-02 1.157953e-01 7.970260e-03 -3.653737e-02 1.881399e-02 4.945476e-01 5.517120e-02
5.778186e-03 2.286678e-01 3.649956e-02 1.395920e-01 2.443451e-02 -2.299096e-01 7.384539e-02 1.302377e-01 2.662234e-02 -5.208733e-02 2.926232e-02 5.093426e-01 1.270113e-01
7.222732e-03 2.365078e-01 2.211431e-02 1.332274e-01 1.158031e-02 -2.396233e-01 6.472265e-02 1.280002e-01 1.416517e-02 -2.127965e-02 3.200759e-02 6.436729e-01 1.134130e-01
9.245097e-03 3.148298e-01 5.107404e-02 1.576538e-01 2.264956e-02 -2.852291e-01 6.977963e-02 1.247371e-01 1.542621e-02 -5.354965e-02 1.921499e-02 6.039472e-01 1.381951e-01
1.184528e-02 3.992993e-01 6.353883e-02 2.156975e-01 3.835022e-02 -3.072321e-01 3.747273e-02 1.589683e-01 2.524787e-02 -1.031008e-01 1.662107e-02 5.686884e-01 7.134399e-02
1.502328e-02 3.298448e-01 1.716301e-02 1.600783e-01 8.245185e-03 -1.977640e-01 2.326113e-02 1.199014e-01 6.347053e-03 -4.553939e-02 1.245801e-02 4.405847e-01 3.317173e-02
1.877910e-02 5.260140e-01 9.189350e-02 2.516323e-01 5.406492e-02 -2.617458e-01 6.055863e-02 1.771750e-01 2.886081e-02 -7.132480e-02 2.737389e-02 5.294998e-01 8.544170e-02
7.222732e-03 2.118982e-01 2.795424e-02 1.299483e-01 1.783953e-02 -1.705012e-01 2.767226e-02 1.255513e-01 1.720346e-02 -1.319185e-02 1.976535e-02 4.461539e-01 7.164738e-02
7.511642e-03 2.450064e-01 6.566264e-02 1.529387e-01 3.327783e-02 -2.076775e-01 8.994851e-02 1.375921e-01 1.866686e-02 -4.682809e-02 4.748454e-02 4.947121e-01 1.108949e-01
8.378369e-03 2.623401e-01 3.561783e-02 1.587835e-01 2.040985e-02 -1.892510e-01 3.334490e-02 1.508448e-01 1.499526e-02 -1.185693e-03 2.829447e-02 5.295687e-01 6.735366e-02
9.822916e-03 3.593005e-01 6.105823e-02 1.769935e-01 2.888336e-02 -3.565875e-01 8.733256e-02 1.354540e-01 1.346575e-02 -8.557078e-02 4.474392e-02 6.922273e-01 1.190444e-01
1.184528e-02 4.442906e-01 4.148890e-02 2.247639e-01 2.650057e-02 -3.699018e-01 3.296198e-02 1.628636e-01 1.667895e-02 -9.366163e-02 2.104688e-02 7.202684e-01 4.887201e-02
1.444546e-02 4.200660e-01 4.084126e-02 1.990182e-01 2.165643e-02 -2.675597e-01 4.199994e-02 1.431082e-01 1.369177e-02 -5.571758e-02 2.124440e-02 6.640405e-01 9.882377e-02
1.762347e-02 5.477297e-01 8.351074e-02 2.381899e-01 2.937883e-02 -4.094018e-01 1.100710e-01 1.503601e-01 1.417894e-02 -1.359897e-01 4.302548e-02 7.246184e-01 1.009694e-01
2.137929e-02 7.242437e-01 1.000990e-01 2.916459e-01 5.235619e-02 -4.585736e-01 6.318121e-02 1.811571e-01 2.816467e-02 -1.430724e-01 3.581607e-02 8.963473e-01 9.529489e-02
1.040073e-02 2.753847e-01 7.082481e-02 1.463490e-01 4.043957e-02 -2.454598e-01 4.452675e-02 1.284326e-01 2.355529e-02 -4.246324e-02 2.911228e-02 5.720798e-01 8.033490e-02
1.068964e-02 3.503077e-01 6.690991e-02 1.792653e-01 4.319261e-02 -3.185517e-01 3.287487e-02 1.437130e-01 2.994203e-02 -5.410511e-02 2.369320e-02 7.515015e-01 7.303103e-02
1.155637e-02 3.243020e-01 5.990861e-02 1.523215e-01 3.001447e-02 -2.917962e-01 5.516671e-02 1.177836e-01 1.831305e-02 -5.671669e-02 2.842971e-02 6.634519e-01 1.058245e-01
1.300092e-02 5.735828e-01 9.972139e-02 2.683534e-01 6.072119e-02 -4.800750e-01 8.365849e-02 1.787802e-01 3.439599e-02 -1.213426e-01 4.862916e-02 8.760923e-01 1.128867e-01
1.502328e-02 5.691805e-01 6.189607e-02 2.931833e-01 2.455720e-02 -3.891582e-01 7.650889e-02 2.049286e-01 1.668448e-02 -1.256685e-01 2.717327e-02 7.068548e-01 7.541716e-02
1.762347e-02 5.517254e-01 9.921848e-02 2.225263e-01 5.401898e-02 -4.351453e-01 9.471527e-02 1.415582e-01 2.479353e-02 -1.257016e-01 5.449404e-02 7.213140e-01 1.063961e-01
2.080147e-02 7.661690e-01 1.710040e-01 3.097742e-01 7.596152e-02 -4.266899e-01 7.158877e-02 1.821529e-01 2.861252e-02 -1.154251e-01 4.346796e-02 7.633086e-01 5.977090e-02
2.455729e-02 8.791094e-01 3.035097e-01 3.320153e-01 1.195554e-01 -5.152917e-01 1.980292e-01 1.967543e-01 4.625183e-02 -1.421680e-01 7.447843e-02 1.038804e+00 1.467849e-01
1.415656e-02 5.316394e-01 8.976850e-02 2.415830e-01 5.184659e-02 -4.690750e-01 8.399308e-02 1.574092e-01 2.890779e-02 -1.492918e-01 4.924577e-02 7.999974e-01 1.056954e-01
1.444546e-02 5.846290e-01 2.158956e-01 2.760715e-01 1.040087e-01 -4.495697e-01 1.344910e-01 1.791580e-01 5.042759e-02 -1.531855e-01 5.975763e-02 7.260322e-01 1.269385e-01
1.531219e-02 4.312627e-01 8.919240e-02 2.143960e-01 4.803993e-02 -3.025627e-01 6.983748e-02 1.615285e-01 2.732947e-02 -6.912699e-02 3.448207e-02 6.608119e-01 9.020433e-02
1.675674e-02 6.610010e-01 9.553807e-02 2.688105e-01 4.893861e-02 -4.672542e-01 8.732159e-02 1.653904e-01 2.969203e-02 -1.259205e-01 2.684065e-02 8.072496e-01 1.498564e-01
1.877910e-02 8.035056e-01 2.431500e-01 3.608688e-01 1.229468e-01 -5.079372e-01 1.465254e-01 2.161352e-01 6.068822e-02 -1.766631e-01 8.315377e-02 7.462189e-01 7.569247e-02
2.137929e-02 8.054036e-01 1.563717e-01 3.576192e-01 8.520549e-02 -3.774090e-01 6.044971e-02 2.272231e-01 4.634842e-02 -1.220717e-01 2.392329e-02 6.707485e-01 7.571271e-02
2.455729e-02 8.734087e-01 1.670061e-01 3.149932e-01 7.192686e-02 -4.482016e-01 9.817510e-02 1.952767e-01 3.017701e-02 -1.062658e-01 3.522139e-02 7.938912e-01 4.833326e-02
2.831311e-02 1.302818e+00 1.425040e-01 4.324632e-01 5.107152e-02 -6.568164e-01 1.685987e-01 2.396587e-01 1.995585e-02 -1.652008e-01 4.325302e-02 1.000689e+00 1.778707e-01
2.889093e-04 1.924390e-01 3.285588e-02 1.131613e-01 2.985930e-02 -2.867137e-01 5.455810e-02 1.345926e-01 1.415922e-02 -1.377858e-02 5.387545e-02 7.836447e-01 1.748679e-01
5.778186e-04 7.566857e-02 1.719769e-02 9.092210e-02 2.278320e-02 -2.767481e-03 4.639947e-03 1.379550e-01 3.661280e-02 5.800421e-02 2.435937e-02 1.394412e-01 4.417697e-02
1.444546e-03 2.531534e-01 5.156113e-02 1.332703e-01 1.475336e-02 -3.869257e-01 1.230361e-01 1.285856e-01 2.228504e-03 -7.397735e-02 4.309593e-02 9.009050e-01 3.045873e-01
2.889093e-03 1.677904e-01 4.606264e-02 1.258439e-01 2.925864e-02 -1.507307e-01 6.409807e-02 1.394409e-01 2.392821e-02 -1.855380e-02 4.199275e-02 3.793801e-01 7.567744e-02
4.911458e-03 2.268618e-01 6.470240e-02 1.420573e-01 3.061716e-02 -2.238402e-01 8.653568e-02 1.314508e-01 1.651286e-02 -5.086968e-02 4.657459e-02 4.885895e-01 9.476790e-02
7.511642e-03 3.199230e-01 5.816802e-02 1.748543e-01 3.676569e-02 -3.267176e-01 7.212647e-02 1.477721e-01 2.414007e-02 -5.303513e-02 4.135599e-02 7.973322e-01 1.211305e-01
1.068964e-02 5.207385e-01 7.486589e-02 2.952703e-01 5.444017e-02 -4.025238e-01 4.305456e-02 2.203630e-01 3.971944e-02 -1.343213e-01 2.928772e-02 6.867124e-01 7.604261e-02
1.444546e-02 5.800154e-01 7.931437e-02 2.527912e-01 3.727320e-02 -4.384589e-01 6.412797e-02 1.607048e-01 1.883071e-02 -1.198003e-01 2.617459e-02 7.160638e-01 7.892584e-02
5.778186e-04 1.366855e-01 3.930689e-02 8.728302e-02 1.718583e-02 -1.853619e-01 7.392618e-02 1.038101e-01 1.232592e-02 -1.171312e-02 3.579185e-02 4.990274e-01 1.343764e-01
8.667279e-04 2.088889e-01 3.416283e-02 1.064487e-01 1.881412e-02 -3.441255e-01 7.159968e-02 1.002992e-01 1.454080e-02 -7.265953e-02 3.092186e-02 8.099320e-01 1.664848e-01
1.733456e-03 9.038061e-02 1.526857e-02 6.003819e-02 1.023991e-02 -1.022690e-01 5.356291e-02 1.162085e-01 1.272394e-02 1.077646e-01 2.956153e-02 5.491177e-01 1.619551e-01
3.178002e-03 1.700961e-01 4.176763e-02 1.026795e-01 3.282612e-02 -2.061411e-01 2.862838e-02 1.163716e-01 2.237360e-02 -5.667441e-03 3.292698e-02 5.711611e-01 2.602784e-02
5.200367e-03 1.380674e-01 2.722697e-02 9.749214e-02 2.616336e-02 -9.154236e-02 1.274160e-02 1.176219e-01 2.455196e-02 3.579767e-02 6.492189e-03 3.494759e-01 3.851272e-02
7.800551e-03 2.628451e-01 7.429990e-02 1.622714e-01 3.852625e-02 -2.026380e-01 6.983035e-02 1.443079e-01 1.667867e-02 -4.667041e-02 4.385473e-02 4.458594e-01 5.408845e-02
1.097855e-02 2.675884e-01 3.451674e-02 1.368810e-01 1.288529e-02 -1.789872e-01 6.275669e-02 1.210563e-01 9.177585e-03 1.243512e-03 2.315901e-02 5.238264e-01 7.784845e-02
1.473437e-02 4.881690e-01 5.718955e-02 2.249573e-01 3.014801e-02 -3.665977e-01 6.324001e-02 1.583107e-01 1.704343e-02 -9.337289e-02 3.129993e-02 6.747629e-01 7.538000e-02
1.444546e-03 7.528496e-02 1.011076e-02 5.613782e-02 6.839914e-03 -7.625646e-02 3.162076e-02 8.926708e-02 1.655030e-02 4.688335e-02 2.666099e-02 3.265217e-01 4.380078e-02
1.733456e-03 1.615011e-01 4.197658e-02 1.224241e-01 2.699376e-02 -1.520989e-01 5.949964e-02 1.342108e-01 1.396931e-02 -2.327540e-02 4.809243e-02 3.788798e-01 9.174227e-02
2.600184e-03 9.193277e-02 1.128098e-02 6.298823e-02 6.011662e-03 -9.317091e-02 1.756006e-02 8.376579e-02 8.204021e-03 2.044068e-02 3.045436e-02 3.042751e-01 3.903843e-02
4.044730e-03 1.612115e-01 1.371822e-02 1.101694e-01 1.506848e-02 -1.499310e-01 2.030046e-02 1.176515e-01 1.339086e-02 -1.205808e-02 7.935252e-03 4.066733e-01 6.605940e-02
6.067095e-03 2.221029e-01 2.212382e-02 1.362169e-01 2.089876e-02 -2.367946e-01 3.026634e-02 1.282838e-01 1.966698e-02 -4.894893e-02 2.107204e-02 5.729885e-01 5.105330e-02
8.667279e-03 2.853739e-01 4.354943e-02 1.691827e-01 2.952558e-02 -2.001509e-01 4.751998e-02 1.400296e-01 2.221951e-02 -4.547507e-02 2.669246e-02 4.367423e-01 6.211926e-02
1.184528e-02 4.303190e-01 5.170841e-02 2.238492e-01 2.189646e-02 -3.269695e-01 5.765427e-02 1.685630e-01 1.233342e-02 -8.689414e-02 2.047270e-02 6.413798e-01 1.020775e-01
1.560110e-02 5.461065e-01 4.753420e-02 2.485881e-01 2.492676e-02 -3.885608e-01 7.490455e-02 1.734408e-01 2.562642e-02 -9.408454e-02 2.137590e-02 7.077301e-01 1.283099e-01
2.889093e-03 1.483538e-01 4.197560e-02 1.195260e-01 3.144302e-02 -1.133822e-01 4.995081e-02 1.376483e-01 2.823403e-02 1.281202e-03 3.375992e-02 3.453628e-01 7.604052e-02
3.178002e-03 2.201478e-01 2.965422e-02 1.308027e-01 1.953348e-02 -2.626384e-01 4.080066e-02 1.249895e-01 1.459111e-02 -5.476216e-02 2.353899e-02 5.896296e-01 6.022560e-02
4.044730e-03 1.957113e-01 3.265688e-02 9.800589e-02 1.057093e-02 -2.609086e-01 6.214622e-02 9.853883e-02 7.697732e-03 -2.354569e-02 2.345530e-02 6.334210e-01 1.063642e-01
5.489277e-03 1.811178e-01 4.989939e-02 1.087898e-01 2.457145e-02 -1.855576e-01 7.302908e-02 1.134754e-01 1.233853e-02 -9.251522e-03 4.650928e-02 5.098769e-01 9.942069e-02
7.511642e-03 2.694067e-01 3.446307e-02 1.498916e-01 2.260578e-02 -2.395889e-01 6.243776e-02 1.395947e-01 1.675993e-02 -1.399957e-02 3.027783e-02 5.920448e-01 9.519657e-02
1.011183e-02 4.077237e-01 9.361983e-02 2.333907e-01 5.784362e-02 -2.595521e-01 7.057923e-02 1.810983e-01 3.697391e-02 -5.614577e-02 3.843734e-02 5.240325e-01 1.015175e-01
1.328983e-02 4.082871e-01 8.496668e-02 1.905296e-01 3.633929e-02 -3.298017e-01 6.163150e-02 1.452657e-01 1.697054e-02 -6.008525e-02 2.817415e-02 7.312851e-01 1.047506e-01
1.704565e-02 4.933263e-01 8.014162e-02 2.194790e-01 3.936871e-02 -3.212905e-01 6.690498e-02 1.540533e-01 2.232228e-02 -7.381551e-02 2.819127e-02 6.377015e-01 5.823034e-02
4.911458e-03 2.898451e-01 4.758823e-02 1.630186e-01 2.429830e-02 -3.303361e-01 7.102820e-02 1.397722e-01 1.316428e-02 -8.514924e-02 2.764048e-02 6.728715e-01 1.303648e-01
5.200367e-03 2.140393e-01 5.280699e-02 1.418991e-01 3.521999e-02 -1.662638e-01 4.127453e-02 1.256962e-01 2.258510e-02 -4.785825e-02 2.699818e-02 3.406178e-01 5.870481e-02
6.067095e-03 1.502526e-01 3.125272e-02 9.511015e-02 1.491833e-02 -1.243514e-01 5.715060e-02 1.087021e-01 1.394186e-02 1.829861e-02 2.068288e-02 4.168878e-01 1.258865e-01
7.511642e-03 3.415095e-01 7.493016e-02 1.962282e-01 4.867189e-02 -3.037959e-01 5.935718e-02 1.551832e-01 3.205490e-02 -9.239655e-02 4.102914e-02 5.878332e-01 5.787566e-02
9.534007e-03 3.456012e-01 6.049936e-02 1.814187e-01 3.328395e-02 -2.825599e-01 4.948601e-02 1.482554e-01 1.702903e-02 -5.895194e-02 3.086623e-02 6.252732e-01 7.009156e-02
1.213419e-02 4.586830e-01 1.165375e-01 2.332142e-01 6.809624e-02 -3.943130e-01 1.000097e-01 1.565005e-01 3.860285e-02 -1.554467e-01 5.908987e-02 5.985414e-01 8.694862e-02
1.531219e-02 6.593337e-01 2.248321e-01 2.927987e-01 1.045691e-01 -5.684529e-01 2.171207e-01 1.871990e-01 4.728617e-02 -1.844742e-01 9.958044e-02 9.663004e-01 2.241199e-01
1.906801e-02 6.631651e-01 9.989263e-02 2.941793e-01 4.847377e-02 -4.189785e-01 5.189138e-02 1.929821e-01 2.687908e-02 -1.373330e-01 2.047329e-02 7.573908e-01 6.769071e-02
7.511642e-03 1.850085e-01 2.413651e-02 1.216535e-01 2.188825e-02 -1.118393e-01 3.491124e-02 1.263273e-01 2.298162e-02 1.981986e-02 1.789130e-02 4.080141e-01 5.335116e-02
7.800551e-03 4.076489e-01 7.943852e-02 2.317067e-01 2.775239e-02 -3.934237e-01 1.328153e-01 1.855663e-01 5.693961e-03 -1.089747e-01 5.610359e-02 7.710055e-01 1.992861e-01
8.667279e-03 4.069311e-01 5.410673e-02 2.383035e-01 3.192490e-02 -3.344233e-01 5.554453e-02 1.896300e-01 2.561934e-02 -1.022154e-01 1.409312e-02 6.061671e-01 1.247147e-01
1.011183e-02 3.883758e-01 7.095888e-02 2.031856e-01 3.878349e-02 -3.560003e-01 9.987858e-02 1.626226e-01 2.387619e-02 -8.591702e-02 5.241750e-02 7.391318e-01 1.550274e-01
1.213419e-02 3.382603e-01 2.520396e-02 1.648078e-01 8.153304e-03 -2.908008e-01 6.960056e-02 1.387553e-01 1.108136e-02 -2.906934e-02 4.217006e-02 7.606144e-01 1.395956e-01
1.473437e-02 4.298971e-01 8.919253e-02 2.066773e-01 4.881753e-02 -2.913811e-01 5.078572e-02 1.548359e-01 2.286337e-02 -5.873697e-02 3.507494e-02 6.269340e-01 6.326335e-02
1.791238e-02 8.648386e-01 8.090396e-02 3.988572e-01 4.704201e-02 -4.909625e-01 4.857338e-02 2.390257e-01 2.805405e-02 -1.498805e-01 2.553681e-02 8.028040e-01 6.617622e-02
2.166820e-02 9.385937e-01 2.081660e-01 3.765782e-01 8.520211e-02 -5.295753e-01 1.329697e-01 2.122928e-01 4.207130e-02 -1.757141e-01 3.966748e-02 7.617028e-01 1.157382e-01
1.068964e-02 3.751937e-01 9.120078e-02 2.074627e-01 4.482144e-02 -3.249750e-01 8.943770e-02 1.699649e-01 2.159595e-02 -7.366380e-02 4.352331e-02 7.232571e-01 1.041469e-01
1.097855e-02 2.073590e-01 3.568097e-02 1.160004e-01 2.264011e-02 -1.318980e-01 4.277771e-02 1.185270e-01 1.738778e-02 3.175096e-02 1.041703e-02 5.566199e-01 1.189109e-01
1.184528e-02 3.671339e-01 5.226113e-02 1.933637e-01 2.051898e-02 -2.310848e-01 7.248744e-02 1.594407e-01 1.484688e-02 -2.512635e-02 3.247828e-02 5.191943e-01 7.070784e-02
1.328983e-02 5.923888e-01 6.790733e-02 3.035255e-01 4.656737e-02 -4.552005e-01 4.647173e-02 2.006523e-01 3.545249e-02 -1.689678e-01 1.794194e-02 7.073831e-01 8.186932e-02
1.531219e-02 5.271427e-01 7.174254e-02 2.262622e-01 3.379968e-02 -4.026729e-01 8.605321e-02 1.481991e-01 2.028789e-02 -1.130269e-01 3.295149e-02 7.421099e-01 9.283373e-02
1.791238e-02 5.729765e-01 1.112640e-01 2.418708e-01 4.957103e-02 -4.940190e-01 9.084360e-02 1.532396e-01 2.137928e-02 -1.463660e-01 4.088818e-02 8.845202e-01 8.197233e-02
2.109038e-02 7.124722e-01 1.478793e-01 2.725107e-01 6.197404e-02 -4.405628e-01 3.921079e-02 1.670278e-01 2.114325e-02 -1.147179e-01 2.923745e-02 7.820040e-01 9.352560e-02
2.484620e-02 1.007831e+00 2.646222e-01 3.791801e-01 9.370764e-02 -5.307521e-01 9.557346e-02 2.183551e-01 3.340795e-02 -1.706966e-01 3.722534e-02 8.378106e-01 2.820088e-02
1.444546e-02 5.720971e-01 6.814517e-02 2.634284e-01 2.343973e-02 -4.186258e-01 8.884263e-02 1.719416e-01 1.226686e-02 -1.321359e-01 3.682055e-02 6.887763e-01 9.133001e-02
1.473437e-02 5.567085e-01 6.629799e-02 2.550733e-01 2.750060e-02 -4.118365e-01 6.450565e-02 1.672050e-01 1.653501e-02 -1.238834e-01 2.372309e-02 6.643367e-01 6.644084e-02
1.560110e-02 4.315595e-01 5.745995e-02 2.026034e-01 3.963269e-02 -3.122211e-01 5.933382e-02 1.537018e-01 2.973065e-02 -6.542805e-02 2.895354e-02 7.278356e-01 9.007457e-02
1.704565e-02 6.071308e-01 8.069774e-02 2.561770e-01 2.413470e-02 -4.132398e-01 1.061863e-01 1.705723e-01 9.854835e-03 -9.981922e-02 2.828655e-02 7.019501e-01 1.065291e-01
1.906801e-02 5.673735e-01 1.197946e-01 2.326532e-01 5.335846e-02 -3.875212e-01 9.824313e-02 1.749823e-01 2.681508e-02 -9.076202e-02 4.166277e-02 7.396038e-01 6.490510e-02
2.166820e-02 8.080241e-01 1.481053e-01 3.050951e-01 5.808398e-02 -6.034765e-01 1.063146e-01 1.844574e-01 2.682274e-02 -1.807650e-01 3.440564e-02 9.435590e-01 1.082657e-01
2.484620e-02 6.919697e-01 9.472662e-02 2.676488e-01 3.095881e-02 -3.980169e-01 7.608190e-02 1.861970e-01 2.309904e-02 -1.004391e-01 2.695675e-02 8.525642e-01 9.626966e-02
2.860202e-02 7.142553e-01 1.057179e-01 2.673280e-01 4.703904e-02 -4.321972e-01 1.174817e-01 1.872954e-01 2.240744e-02 -1.590625e-01 6.090343e-02 8.631179e-01 1.005857e-01
1.155637e-03 1.542332e-01 3.822673e-02 1.194362e-01 3.095490e-02 -1.551245e-01 4.174897e-02 1.325495e-01 2.310730e-02 -2.818705e-02 3.476558e-02 3.838409e-01 6.542307e-02
1.444546e-03 1.663556e-01 4.830794e-02 1.201214e-01 1.932668e-02 -1.764931e-01 8.920170e-02 1.367678e-01 1.008037e-02 -1.515481e-02 3.932825e-02 4.642353e-01 1.575157e-01
2.311274e-03 1.316276e-01 2.757676e-02 1.025591e-01 2.461257e-02 -1.077154e-01 4.318795e-02 1.214739e-01 3.066675e-02 3.434041e-03 1.879094e-02 3.077097e-01 8.093118e-02
3.755821e-03 1.275850e-01 1.523780e-02 8.588548e-02 5.046742e-03 -1.332995e-01 2.574179e-02 1.010914e-01 7.151442e-03 9.744614e-04 1.022421e-02 4.025780e-01 6.077618e-02
5.778186e-03 1.989604e-01 3.575921e-02 1.232568e-01 2.197356e-02 -1.846643e-01 3.437515e-02 1.168696e-01 1.331398e-02 -3.470876e-02 2.274194e-02 4.468289e-01 7.601656e-02
8.378369e-03 3.340689e-01 9.112465e-02 1.592008e-01 4.152140e-02 -3.909585e-01 1.248794e-01 1.326532e-01 2.248656e-02 -6.580955e-02 5.046140e-02 9.057119e-01 1.901661e-01
1.155637e-02 3.629823e-01 4.263145e-02 1.898972e-01 1.670231e-02 -2.777099e-01 7.077892e-02 1.499874e-01 1.119665e-02 -6.086079e-02 2.634396e-02 5.599416e-01 8.312720e-02
1.531219e-02 4.181677e-01 9.328588e-02 1.879098e-01 4.233183e-02 -3.292591e-01 6.868824e-02 1.458527e-01 1.767220e-02 -7.398272e-02 3.960143e-02 6.577095e-01 6.103938e-02
1.444546e-03 1.607089e-01 2.747974e-02 1.175900e-01 1.260850e-02 -1.691962e-01 5.699534e-02 1.293517e-01 1.836574e-02 -2.633410e-02 4.188051e-02 4.189291e-01 9.068210e-02
1.733456e-03 1.068843e-01 2.238174e-02 7.396514e-02 1.344173e-02 -1.155050e-01 3.812688e-02 9.403485e-02 9.069752e-03 1.446119e-02 1.814394e-02 3.563361e-01 1.002662e-01
2.600184e-03 1.793907e-01 4.740808e-02 1.107267e-01 2.454561e-02 -2.265652e-01 7.224682e-02 1.129835e-01 8.894458e-03 -4.098321e-02 5.044700e-02 5.505044e-01 1.088587e-01
4.044730e-03 1.345623e-01 1.926233e-02 9.317138e-02 1.224752e-02 -1.237665e-01 2.572015e-02 1.141084e-01 1.296316e-02 1.349687e-02 1.587986e-02 3.796619e-01 9.676190e-02
6.067095e-03 2.543334e-01 9.803549e-03 1.616349e-01 1.624323e-02 -2.254362e-01 3.827164e-02 1.457364e-01 2.184375e-02 -5.270697e-02 3.410853e-02 5.052083e-01 7.184256e-02
8.667279e-03 3.258726e-01 5.255951e-02 1.571964e-01 1.283930e-02 -3.760600e-01 7.594447e-02 1.288422e-01 1.116791e-02 -8.020556e-02 1.674537e-02 7.974728e-01 1.603035e-01
1.184528e-02 3.776075e-01 4.488359e-02 1.999838e-01 1.541790e-02 -2.635769e-01 5.654840e-02 1.512888e-01 6.934958e-03 -6.442007e-02 2.592014e-02 5.614743e-01 6.062704e-02
1.560110e-02 5.669007e-01 1.188901e-01 2.541222e-01 4.629470e-02 -4.156763e-01 1.678212e-01 1.783043e-01 2.727038e-02 -9.272557e-02 6.419945e-02 7.752846e-01 2.214971e-01
2.311274e-03 1.287912e-01 2.731871e-02 9.252705e-02 1.439128e-02 -1.265439e-01 5.019184e-02 1.155508e-01 1.278450e-02 1.215651e-02 3.594078e-02 3.819321e-01 7.732906e-02
2.600184e-03 2.201202e-01 3.032911e-02 1.410559e-01 2.426263e-02 -2.423353e-01 4.971188e-02 1.267845e-01 2.039018e-02 -7.390168e-02 2.403368e-02 4.934725e-01 1.023261e-01
3.466911e-03 1.244891e-01 1.424609e-02 8.460835e-02 1.374269e-02 -1.273715e-01 2.548486e-02 1.009906e-01 1.334099e-02 7.180268e-03 1.366746e-02 3.920766e-01 5.181420e-02
4.911458e-03 1.945462e-01 3.889871e-02 1.113048e-01 1.517633e-02 -2.303633e-01 6.414650e-02 1.152902e-01 9.110587e-03 -1.892413e-02 1.869899e-02 6.212516e-01 1.419093e-01
6.933823e-03 1.761541e-01 2.398861e-02 1.216902e-01 1.048878e-02 -1.002253e-01 3.221070e-02 1.320395e-01 5.042664e-03 2.844179e-02 2.544343e-02 3.992065e-01 5.880001e-02
9.534007e-03 3.050104e-01 5.864081e-02 1.612375e-01 3.073167e-02 -2.720000e-01 5.819219e-02 1.344015e-01 1.813444e-02 -5.696063e-02 4.022970e-02 6.039342e-01 7.831525e-02
1.271201e-02 5.339058e-01 6.512105e-02 2.591447e-01 2.721582e-02 -4.311112e-01 8.776962e-02 1.736040e-01 1.818108e-02 -1.304177e-01 2.938896e-02 7.255176e-01 1.280331e-01
1.646783e-02 5.954375e-01 7.419881e-02 2.560475e-01 3.540547e-02 -4.165167e-01 6.545811e-02 1.670848e-01 1.773653e-02 -1.060834e-01 4.013921e-02 7.435154e-01 6.956942e-02
3.755821e-03 1.175667e-01 7.851070e-03 9.017662e-02 1.460197e-02 -9.702788e-02 3.484180e-02 1.257980e-01 1.616991e-02 4.913390e-02 1.351294e-02 4.169208e-01 8.384283e-02
4.044730e-03 1.580036e-01 2.653876e-02 1.243910e-01 2.420087e-02 -9.509226e-02 2.696785e-02 1.409911e-01 2.512165e-02 1.731740e-02 1.287262e-02 3.309952e-01 4.717802e-02
4.911458e-03 2.005915e-01 4.285053e-02 1.245030e-01 2.701936e-02 -1.900070e-01 4.686823e-02 1.187653e-01 1.623974e-02 -1.989757e-02 3.090205e-02 4.974139e-01 6.543249e-02
6.356004e-03 2.372685e-01 4.939794e-02 1.492643e-01 3.191056e-02 -1.984788e-01 4.804709e-02 1.402060e-01 1.915020e-02 -3.682144e-02 3.727794e-02 4.599766e-01 5.945766e-02
8.378369e-03 3.145410e-01 5.935989e-02 1.858349e-01 2.651611e-02 -2.402428e-01 8.330285e-02 1.489670e-01 1.339613e-02 -7.436208e-02 3.952796e-02 4.626996e-01 1.054897e-01
1.097855e-02 4.121899e-01 6.250737e-02 2.158196e-01 3.481980e-02 -3.096301e-01 5.726665e-02 1.666154e-01 2.643293e-02 -7.330098e-02 2.158373e-02 5.657129e-01 9.649422e-02
1.415656e-02 4.551252e-01 6.249322e-02 2.405963e-01 4.121735e-02 -2.745458e-01 3.171630e-02 1.753447e-01 2.837472e-02 -8.382093e-02 2.914337e-02 5.426881e-01 5.441683e-02
1.791238e-02 6.222048e-01 1.369086e-01 2.657380e-01 5.189859e-02 -4.020172e-01 1.033702e-01 1.705688e-01 1.983450e-02 -8.341958e-02 5.577833e-02 8.426960e-01 6.071063e-02
5.778186e-03 2.791288e-01 7.264300e-02 1.918762e-01 4.045627e-02 -2.040719e-01 7.841288e-02 1.763849e-01 2.267859e-02 -4.885696e-02 4.956218e-02 4.579005e-01 6.680645e-02
6.067095e-03 2.100618e-01 2.015275e-02 1.416317e-01 1.770746e-02 -1.499828e-01 1.564287e-02 1.409057e-01 1.661156e-02 -1.824019e-02 1.406585e-02 3.606982e-01 4.568247e-02
6.933823e-03 1.630171e-01 2.738762e-02 9.368924e-02 1.607594e-02 -1.605479e-01 4.396467e-02 9.980019e-02 1.436043e-02 -3.074541e-03 1.442308e-02 4.542964e-01 9.099484e-02
8.378369e-03 2.207296e-01 4.005020e-02 1.261353e-01 1.489043e-02 -1.952202e-01 6.656800e-02 1.204697e-01 1.039903e-02 -1.951669e-02 2.480695e-02 5.173054e-01 1.113618e-01
1.040073e-02 5.028275e-01 1.525299e-01 2.700758e-01 8.466573e-02 -4.218524e-01 1.398767e-01 1.834896e-01 4.515513e-02 -1.667037e-01 7.705686e-02 6.382366e-01 1.322426e-01
1.300092e-02 4.490339e-01 6.887247e-02 2.196283e-01 3.680645e-02 -3.538940e-01 4.978036e-02 1.561115e-01 1.675073e-02 -1.036325e-01 2.803718e-02 6.949751e-01 6.429782e-02
1.617892e-02 3.690746e-01 3.086946e-02 1.721429e-01 1.839212e-02 -2.578865e-01 1.611055e-02 1.248250e-01 1.205688e-02 -6.114294e-02 1.313906e-02 5.974329e-01 3.681792e-02
1.993474e-02 5.770262e-01 1.486275e-01 2.717467e-01 8.378732e-02 -3.131388e-01 5.557460e-02 2.051665e-01 5.112491e-02 -7.986611e-02 3.946172e-02 6.788078e-01 4.308438e-02
8.378369e-03 3.571971e-01 8.044032e-02 2.160547e-01 5.868657e-02 -2.823735e-01 3.269616e-02 1.799644e-01 4.019569e-02 -7.084687e-02 3.536849e-02 6.024482e-01 4.585824e-02
8.667279e-03 4.580610e-01 4.390993e-02 2.239841e-01 2.260575e-02 -4.819927e-01 8.714398e-02 1.641111e-01 1.313318e-02 -1.214595e-01 4.238336e-02 9.291174e-01 1.443309e-01
9.534007e-03 3.075171e-01 1.449347e-02 1.682418e-01 7.783517e-03 -2.794996e-01 4.026662e-02 1.358012e-01 7.323438e-03 -6.620173e-02 1.475689e-02 6.079815e-01 1.115557e-01
1.097855e-02 3.534933e-01 4.115860e-02 1.883518e-01 2.743823e-02 -2.901437e-01 3.609781e-02 1.530798e-01 2.134020e-02 -7.709495e-02 2.658287e-02 5.770686e-01 6.485472e-02
1.300092e-02 2.523207e-01 1.711012e-02 1.211676e-01 9.475955e-03 -2.023684e-01 3.911229e-02 1.201165e-01 5.891232e-03 -7.352311e-03 1.572830e-02 5.648493e-01 1.070717e-01
1.560110e-02 5.163623e-01 4.813050e-02 2.307854e-01 2.473530e-02 -3.980078e-01 5.745997e-02 1.580791e-01 1.294043e-02 -1.015608e-01 1.949013e-02 7.663925e-01 1.179435e-01
1.877910e-02 5.386259e-01 3.534966e-02 2.152567e-01 2.422115e-02 -3.397933e-01 2.295125e-02 1.484771e-01 2.015319e-02 -7.351784e-02 1.475381e-02 6.903440e-01 2.893647e-02
2.253492e-02 5.917868e-01 3.920928e-02 2.080138e-01 2.656135e-02 -4.059825e-01 2.418763e-02 1.471448e-01 1.528321e-02 -1.022897e-01 1.633665e-02 8.074060e-01 5.312241e-02
1.155637e-02 4.910893e-01 6.676943e-02 2.626893e-01 3.431607e-02 -3.970823e-01 6.475354e-02 1.821308e-01 1.772609e-02 -1.536975e-01 3.173906e-02 6.158297e-01 6.451744e-02
1.184528e-02 2.916043e-01 4.450215e-02 1.615014e-01 1.862890e-02 -2.141735e-01 7.234983e-02 1.385873e-01 1.056380e-02 -2.718235e-02 3.172106e-02 6.140922e-01 1.420614e-01
1.271201e-02 6.176944e-01 1.023766e-01 3.361760e-01 7.030151e-02 -3.789028e-01 3.969507e-02 2.288086e-01 4.819556e-02 -1.340812e-01 3.278283e-02 6.642033e-01 2.920207e-02
1.415656e-02 5.566341e-01 4.590105e-02 2.551656e-01 2.393976e-02 -4.776209e-01 6.548861e-02 1.749105e-01 1.252745e-02 -1.324273e-01 4.449168e-02 8.379144e-01 3.925921e-02
1.617892e-02 5.471785e-01 8.667774e-02 2.740109e-01 4.953764e-02 -3.409907e-01 5.218457e-02 1.893412e-01 3.289008e-02 -8.721515e-02 2.425158e-02 7.439285e-01 9.266785e-02
1.877910e-02 7.383642e-01 1.580714e-01 3.339714e-01 7.348751e-02 -3.569322e-01 7.747966e-02 2.148659e-01 3.451206e-02 -9.182067e-02 3.292303e-02 6.395515e-01 6.347888e-02
2.195711e-02 6.352302e-01 5.503179e-02 2.802428e-01 1.722761e-02 -4.084777e-01 6.089889e-02 1.965079e-01 6.855384e-03 -1.446383e-01 4.182665e-02 7.774671e-01 9.266243e-02
2.571293e-02 5.934299e-01 1.423520e-01 1.877244e-01 3.840577e-02 -4.171998e-01 1.606305e-01 1.343973e-01 9.704304e-03 -8.941080e-02 4.429808e-02 9.295970e-01 1.483903e-01
1.531219e-02 4.854534e-01 8.668115e-02 2.344642e-01 4.312118e-02 -2.826120e-01 5.868809e-02 1.662553e-01 1.887990e-02 -7.105777e-02 3.836047e-02 5.528770e-01 5.579160e-02
1.560110e-02 7.186244e-01 1.778324e-01 3.481196e-01 1.012351e-01 -4.799346e-01 9.172493e-02 2.217228e-01 5.925338e-02 -1.539514e-01 4.736092e-02 7.830144e-01 1.286932e-01
1.646783e-02 6.493155e-01 9.557398e-02 2.996550e-01 4.996165e-02 -4.333960e-01 5.782240e-02 2.009086e-01 2.644707e-02 -1.024515e-01 3.330052e-02 8.069722e-01 6.962834e-02
1.791238e-02 5.583841e-01 1.228350e-01 2.470704e-01 6.018785e-02 -4.068046e-01 1.070547e-01 1.675137e-01 3.439613e-02 -1.197402e-01 4.304499e-02 7.554751e-01 1.333561e-01
1.993474e-02 7.315555e-01 1.055623e-01 3.333970e-01 3.993301e-02 -3.966708e-01 8.574039e-02 2.150886e-01 1.816464e-02 -1.174938e-01 3.206064e-02 5.905142e-01 9.587193e-02
2.253492e-02 1.023414e+00 2.088726e-01 4.130997e-01 8.683975e-02 -4.920777e-01 1.151781e-01 2.468315e-01 3.402023e-02 -1.650974e-01 4.320129e-02 6.902925e-01 1.121122e-01
2.571293e-02 6.869460e-01 4.230419e-02 2.537713e-01 1.293524e-02 -3.797504e-01 3.432284e-02 1.805269e-01 1.105984e-02 -9.570437e-02 1.341714e-02 7.756090e-01 5.720143e-02
2.946875e-02 8.322959e-01 8.041118e-02 2.611074e-01 4.886690e-02 -3.802466e-01 7.651101e-02 1.660921e-01 2.495019e-02 -9.951889e-02 3.757530e-02 8.786600e-01 8.165966e-02
2.600184e-03 1.229222e-01 1.854596e-02 7.432140e-02 6.986724e-03 -1.587511e-01 3.391626e-02 8.403294e-02 9.184243e-03 -5.455697e-03 1.133353e-02 4.612990e-01 8.296468e-02
2.889093e-03 1.835447e-01 4.265897e-02 1.205906e-01 2.298447e-02 -2.020935e-01 7.899726e-02 1.289981e-01 1.768095e-02 -1.959230e-02 3.751184e-02 5.250392e-01 1.441587e-01
3.755821e-03 1.436728e-01 2.002659e-02 8.056870e-02 1.273476e-02 -1.857287e-01 3.374138e-02 9.792893e-02 6.677716e-03 1.467079e-02 2.346082e-02 5.585700e-01 1.052451e-01
5.200367e-03 1.791527e-01 2.503467e-02 1.269234e-01 1.436989e-02 -1.452316e-01 3.610649e-02 1.404312e-01 1.374611e-02 7.061806e-03 1.028661e-02 4.387680e-01 8.397066e-02
7.222732e-03 3.268127e-01 4.391491e-02 1.948506e-01 3.008768e-02 -3.058525e-01 3.828131e-02 1.623377e-01 2.080988e-02 -9.103690e-02 2.599001e-02 6.213667e-01 9.158006e-02
9.822916e-03 2.653026e-01 3.179526e-02 1.366536e-01 2.139573e-02 -2.308855e-01 2.960657e-02 1.192434e-01 1.977375e-02 -2.343572e-02 1.526172e-02 5.617499e-01 4.092190e-02
1.300092e-02 4.559847e-01 9.762059e-02 2.016219e-01 3.853292e-02 -4.443243e-01 1.149055e-01 1.360514e-01 1.777495e-02 -1.260339e-01 4.320433e-02 7.815824e-01 1.301859e-01
1.675674e-02 6.738037e-01 8.386921e-02 3.016979e-01 4.741078e-02 -4.799864e-01 6.307774e-02 1.888453e-01 2.348106e-02 -1.590948e-01 4.594583e-02 7.702459e-01 5.499412e-02
2.889093e-03 1.432883e-01 1.106688e-02 8.724366e-02 6.815122e-03 -1.754186e-01 2.601525e-02 1.015817e-01 5.021624e-03 2.310296e-03 2.054962e-02 5.079207e-01 9.228302e-02
3.178002e-03 2.590257e-01 8.042889e-02 1.747997e-01 4.549805e-02 -2.618577e-01 1.227511e-01 1.679608e-01 3.120440e-02 -6.953599e-02 7.152276e-02 5.451736e-01 1.597218e-01
4.044730e-03 1.416727e-01 3.184887e-02 1.085883e-01 2.250873e-02 -1.019207e-01 4.025998e-02 1.183190e-01 1.824393e-02 -8.332661e-03 2.592662e-02 2.958893e-01 6.045971e-02
5.489277e-03 2.498192e-01 4.567550e-02 1.450942e-01 1.575841e-02 -2.839050e-01 8.094232e-02 1.349384e-01 9.399048e-03 -6.330496e-02 2.122428e-02 6.299138e-01 1.640090e-01
7.511642e-03 1.790986e-01 2.962498e-02 1.174392e-01 2.070382e-02 -1.290796e-01 3.409311e-02 1.174595e-01 1.685296e-02 -4.676952e-03 2.755759e-02 4.016996e-01 1.151162e-02
1.011183e-02 4.438839e-01 5.457313e-02 2.375148e-01 4.243633e-02 -3.734303e-01 5.212287e-02 1.720625e-01 2.899668e-02 -1.182705e-01 3.214116e-02 6.847789e-01 1.169853e-01
1.328983e-02 4.720016e-01 5.840358e-02 2.269322e-01 2.904136e-02 -3.794488e-01 6.848696e-02 1.613204e-01 2.240354e-02 -1.088329e-01 3.174432e-02 7.012712e-01 5.783681e-02
1.704565e-02 4.487164e-01 3.266859e-02 1.822926e-01 4.839255e-03 -3.175487e-01 4.735894e-02 1.207320e-01 9.488243e-03 -8.125637e-02 2.006267e-02 6.586811e-01 8.312461e-02
3.755821e-03 1.619387e-01 3.158736e-02 1.140113e-01 1.467683e-02 -1.453804e-01 5.988807e-02 1.206969e-01 1.324819e-02 -1.606999e-02 1.493171e-02 3.660679e-01 1.418774e-01
4.044730e-03 1.759278e-01 1.570275e-02 1.196965e-01 6.943388e-03 -1.726413e-01 3.305213e-02 1.215979e-01 9.421472e-03 -3.167311e-02 2.301178e-02 4.322169e-01 4.609652e-02
4.911458e-03 1.804800e-01 4.204968e-02 1.353309e-01 2.793046e-02 -1.206352e-01 3.611805e-02 1.557000e-01 2.199231e-02 1.570992e-02 2.188210e-02 3.905662e-01 6.386622e-02
6.356004e-03 2.060715e-01 4.341714e-02 1.331577e-01 1.937590e-02 -1.674779e-01 6.742605e-02 1.245332e-01 1.047306e-02 -2.996172e-02 2.826636e-02 4.082287e-01 1.322456e-01
8.378369e-03 2.787774e-01 4.916419e-02 1.563446e-01 2.458110e-02 -2.488966e-01 6.758160e-02 1.344517e-01 1.777581e-02 -4.312277e-02 1.584161e-02 5.495654e-01 1.610661e-01
1.097855e-02 4.764050e-01 6.829456e-02 2.720459e-01 2.523720e-02 -3.316312e-01 1.078605e-01 2.055614e-01 1.214104e-02 -1.101561e-01 4.721683e-02 5.598907e-01 1.251075e-01
1.415656e-02 4.235158e-01 3.151808e-02 2.191992e-01 2.141571e-02 -2.918780e-01 7.167841e-02 1.635707e-01 1.580656e-02 -6.293136e-02 3.084828e-02 6.993076e-01 7.483502e-02
1.791238e-02 4.202373e-01 9.379251e-02 1.776365e-01 4.082785e-02 -2.653097e-01 7.685049e-02 1.360861e-01 1.700438e-02 -5.476538e-02 2.631829e-02 5.932477e-01 9.606397e-02
5.200367e-03 2.166107e-01 3.594115e-02 1.459195e-01 1.505864e-02 -1.799341e-01 6.278277e-02 1.461391e-01 1.473763e-02 -2.333680e-02 3.129320e-02 4.446415e-01 8.523153e-02
5.489277e-03 2.011374e-01 4.495386e-02 1.440621e-01 2.789673e-02 -1.375774e-01 4.673124e-02 1.445714e-01 2.128523e-02 -1.396429e-02 2.129368e-02 3.543457e-01 5.655030e-02
6.356004e-03 2.994552e-01 6.765385e-02 1.915029e-01 3.478668e-02 -2.519214e-01 9.958436e-02 1.694468e-01 2.401735e-02 -7.648895e-02 3.868256e-02 4.810755e-01 1.657488e-01
7.800551e-03 2.922220e-01 5.554995e-02 1.874534e-01 2.691635e-02 -2.403702e-01 8.958013e-02 1.601555e-01 1.674614e-02 -9.127718e-02 4.037177e-02 4.360386e-01 1.427132e-01
9.822916e-03 3.216596e-01 4.575737e-02 1.790782e-01 3.255169e-02 -2.334183e-01 3.207789e-02 1.437840e-01 2.557371e-02 -6.047670e-02 1.753792e-02 4.944975e-01 4.808279e-02
1.242310e-02 5.600758e-01 1.464489e-01 2.864396e-01 8.381173e-02 -4.593483e-01 1.080857e-01 2.014578e-01 5.103343e-02 -1.535714e-01 6.214349e-02 7.728154e-01 9.373087e-02
1.560110e-02 5.433218e-01 5.467994e-02 2.600266e-01 2.643486e-02 -3.998572e-01 7.760110e-02 1.806945e-01 1.462718e-02 -1.237388e-01 4.275008e-02 7.497089e-01 8.172351e-02
1.935692e-02 6.252835e-01 8.649343e-02 2.689740e-01 4.077205e-02 -3.890730e-01 5.937751e-02 1.673407e-01 2.185374e-02 -1.278742e-01 3.186313e-02 6.411945e-01 4.410807e-02
7.222732e-03 3.347700e-01 5.496559e-02 2.123121e-01 3.506661e-02 -2.518887e-01 4.866302e-02 1.818317e-01 2.409299e-02 -6.449644e-02 2.680205e-02 5.086870e-01 4.692107e-02
7.511642e-03 2.234013e-01 3.885710e-02 1.425785e-01 2.235086e-02 -1.677648e-01 5.088901e-02 1.374603e-01 1.504369e-02 -1.408370e-02 3.840441e-02 4.652816e-01 5.270870e-02
8.378369e-03 3.104253e-01 5.964642e-02 2.001967e-01 4.024966e-02 -2.012721e-01 3.935837e-02 1.687980e-01 2.685808e-02 -7.073536e-02 2.496625e-02 3.693777e-01 3.107340e-02
9.822916e-03 3.241483e-01 7.063632e-02 1.473106e-01 2.202482e-02 -3.553711e-01 1.193292e-01 1.176111e-01 1.182237e-02 -6.281725e-02 4.182570e-02 8.048086e-01 1.630730e-01
1.184528e-02 2.635868e-01 2.717793e-02 1.296949e-01 1.841954e-02 -2.299432e-01 1.207814e-02 1.063055e-01 1.292062e-02 -5.230826e-02 1.063286e-02 5.485582e-01 4.330935e-02
1.444546e-02 4.449691e-01 4.202262e-02 2.058742e-01 9.420023e-03 -3.320862e-01 7.555895e-02 1.423621e-01 3.108042e-03 -8.359107e-02 3.167101e-02 6.094611e-01 1.107776e-01
1.762347e-02 6.475848e-01 9.011655e-02 2.561982e-01 3.977552e-02 -4.922938e-01 1.045258e-01 1.490636e-01 1.684548e-02 -1.414083e-01 3.242296e-02 8.237529e-01 1.372456e-01
2.137929e-02 6.477522e-01 1.352120e-01 2.845635e-01 6.772107e-02 -2.780539e-01 7.165160e-02 1.903722e-01 3.544400e-02 -6.359535e-02 3.115468e-02 6.187951e-01 2.186228e-02
9.822916e-03 2.387640e-01 2.615534e-02 1.263700e-01 1.431424e-02 -1.885192e-01 4.885491e-02 1.061507e-01 8.106377e-03 -3.484843e-02 2.232859e-02 4.749049e-01 7.712487e-02
1.011183e-02 2.735331e-01 9.255704e-02 1.613589e-01 5.507472e-02 -1.837921e-01 6.517675e-02 1.374862e-01 3.139365e-02 -4.120949e-02 4.478428e-02 4.191348e-01 5.050066e-02
1.097855e-02 3.980644e-01 4.961441e-02 2.145373e-01 2.306056e-02 -3.187759e-01 5.388118e-02 1.629193e-01 1.041227e-02 -8.375533e-02 2.604007e-02 6.577977e-01 5.469135e-02
1.242310e-02 5.331736e-01 3.798915e-02 2.558064e-01 1.105484e-02 -5.418449e-01 7.362282e-02 1.736837e-01 9.098195e-03 -1.776632e-01 2.376911e-02 9.263068e-01 1.223723e-01
1.444546e-02 4.674766e-01 1.164876e-01 2.344474e-01 5.890040e-02 -3.661896e-01 1.005401e-01 1.736919e-01 2.895177e-02 -1.086570e-01 5.592938e-02 7.387231e-01 7.315599e-02
1.704565e-02 7.183196e-01 1.091856e-01 3.164554e-01 5.251028e-02 -5.396764e-01 9.247701e-02 1.999878e-01 2.761753e-02 -1.728084e-01 4.378451e-02 9.015833e-01 6.789471e-02
2.022365e-02 8.959030e-01 3.192201e-01 3.654630e-01 1.134624e-01 -6.512329e-01 3.320396e-01 2.057218e-01 3.620929e-02 -2.053809e-01 1.274197e-01 1.026682e+00 3.294468e-01
2.397947e-02 7.023182e-01 1.105971e-01 2.556469e-01 3.624127e-02 -3.931880e-01 5.837784e-02 1.750847e-01 1.568330e-02 -1.078972e-01 8.195221e-03 8.125511e-01 6.073387e-02
1.300092e-02 4.244747e-01 4.236693e-02 2.090467e-01 3.222074e-02 -3.403576e-01 4.279916e-02 1.615632e-01 2.203255e-02 -7.399366e-02 1.643752e-02 6.870807e-01 7.811181e-02
1.328983e-02 3.726797e-01 9.558599e-02 1.838300e-01 5.700607e-02 -3.207453e-01 5.096115e-02 1.355695e-01 2.986712e-02 -9.334399e-02 3.882275e-02 7.472580e-01 4.268112e-02
1.415656e-02 3.547223e-01 4.232379e-02 1.785298e-01 2.415391e-02 -2.480690e-01 4.613698e-02 1.433638e-01 1.189815e-02 -5.213855e-02 3.170952e-02 6.068506e-01 5.566744e-02
1.560110e-02 5.903271e-01 9.363511e-02 2.794496e-01 3.235471e-02 -4.504921e-01 1.216829e-01 1.848610e-01 1.534444e-02 -1.511624e-01 4.244417e-02 7.203120e-01 1.531377e-01
1.762347e-02 7.872749e-01 1.582373e-01 3.339873e-01 7.029903e-02 -5.427083e-01 1.365086e-01 1.972309e-01 3.095782e-02 -1.765753e-01 6.928708e-02 8.775792e-01 1.451214e-01
2.022365e-02 8.097506e-01 1.162005e-01 3.474090e-01 5.458826e-02 -4.252008e-01 6.786489e-02 2.088860e-01 2.710210e-02 -1.225055e-01 3.462160e-02 7.551350e-01 1.114858e-01
2.340165e-02 7.491127e-01 1.008520e-01 2.977677e-01 2.703655e-02 -4.479784e-01 9.690996e-02 1.923608e-01 1.069695e-02 -1.307697e-01 3.371557e-02 8.213797e-01 9.500812e-02
2.715747e-02 7.990905e-01 9.684201e-02 2.794761e-01 5.015751e-02 -4.906978e-01 2.659857e-02 1.908563e-01 2.113868e-02 -1.369804e-01 2.415147e-02 9.857816e-01 8.408860e-02
1.675674e-02 5.352719e-01 8.390332e-02 2.330997e-01 4.427788e-02 -3.896256e-01 8.856171e-02 1.609187e-01 2.701486e-02 -1.028969e-01 2.547636e-02 6.776599e-01 1.443124e-01
1.704565e-02 6.701436e-01 1.007148e-01 3.120762e-01 5.120218e-02 -4.200235e-01 5.892650e-02 2.011688e-01 2.642629e-02 -1.517370e-01 3.487608e-02 6.648602e-01 6.486987e-02
1.791238e-02 5.551915e-01 7.073296e-02 2.215502e-01 2.635794e-02 -4.695515e-01 7.990340e-02 1.408063e-01 1.663561e-02 -1.420993e-01 3.048862e-02 7.545184e-01 1.190751e-01
1.935692e-02 6.527064e-01 2.114732e-01 2.980839e-01 8.458294e-02 -3.552317e-01 1.396712e-01 1.963469e-01 3.198570e-02 -1.107339e-01 6.712199e-02 6.903484e-01 9.416239e-02
2.137929e-02 7.936916e-01 1.222149e-01 3.159844e-01 5.661253e-02 -5.474819e-01 1.199788e-01 1.966401e-01 3.365707e-02 -1.724285e-01 5.900258e-02 9.025986e-01 1.128415e-01
2.397947e-02 5.351695e-01 3.805743e-02 2.122161e-01 2.203167e-02 -3.072490e-01 6.699707e-02 1.624068e-01 2.109465e-02 -8.602877e-02 4.007659e-02 7.353833e-01 6.328460e-02
2.715747e-02 1.182861e+00 2.240537e-01 4.133149e-01 6.814056e-02 -7.824814e-01 1.578121e-01 2.314411e-01 2.457573e-02 -2.275102e-01 3.013450e-02 1.231792e+00 1.341547e-01
3.091329e-02 7.562558e-01 7.375079e-02 2.561419e-01 1.961601e-02 -4.212919e-01 4.560149e-02 1.872345e-01 1.461743e-02 -1.224300e-01 3.356647e-02 8.594618e-01 5.000100e-02
4.622549e-03 1.927772e-01 1.696645e-02 1.424226e-01 2.215969e-02 -1.435611e-01 2.374349e-02 1.436728e-01 2.308672e-02 -1.965568e-02 1.314900e-02 3.885400e-01 5.118363e-02
4.911458e-03 2.569389e-01 3.653009e-02 1.802215e-01 3.199562e-02 -2.010521e-01 5.135641e-02 1.782181e-01 2.666523e-02 -2.489521e-02 3.028135e-02 5.085250e-01 9.745801e-02
5.778186e-03 2.465754e-01 3.629284e-02 1.501992e-01 2.100747e-02 -2.419685e-01 4.699267e-02 1.352714e-01 1.480501e-02 -5.171337e-02 2.077756e-02 5.553505e-01 8.212315e-02
7.222732e-03 2.092708e-01 3.655833e-02 1.283940e-01 2.237484e-02 -1.925280e-01 3.358120e-02 1.239478e-01 1.282566e-02 -2.605178e-02 3.347359e-02 5.028596e-01 1.476881e-02
9.245097e-03 3.329841e-01 9.338894e-02 1.848862e-01 5.455016e-02 -2.795818e-01 6.554778e-02 1.476904e-01 2.915412e-02 -6.349003e-02 5.000641e-02 6.020907e-01 3.169983e-02
1.184528e-02 3.807885e-01 6.826879e-02 1.843842e-01 2.379672e-02 -3.409538e-01 1.269372e-01 1.442288e-01 1.691762e-02 -8.333230e-02 3.242531e-02 6.685472e-01 2.161679e-01
1.502328e-02 5.010210e-01 5.575138e-02 2.305849e-01 2.220718e-02 -3.300439e-01 8.639629e-02 1.609386e-01 1.497592e-02 -8.923471e-02 2.486111e-02 5.781563e-01 1.146629e-01
1.877910e-02 9.002364e-01 7.157126e-02 3.883080e-01 3.035678e-02 -4.354207e-01 8.289491e-02 2.261985e-01 2.010039e-02 -1.140508e-01 2.741623e-02 7.255507e-01 1.057156e-01
4.911458e-03 2.140126e-01 2.459165e-02 1.348143e-01 1.310268e-02 -2.088861e-01 6.051398e-02 1.390067e-01 1.611113e-02 -8.346666e-03 3.227229e-02 5.852261e-01 1.057899e-01
5.200367e-03 1.768842e-01 3.421220e-02 1.158286e-01 1.544456e-02 -1.501562e-01 5.936903e-02 1.196287e-01 1.118023e-02 -6.407013e-03 2.863434e-02 4.108446e-01 9.171531e-02
6.067095e-03 1.781439e-01 1.010950e-02 1.085734e-01 6.762502e-03 -1.678471e-01 2.385379e-02 1.148452e-01 8.796720e-03 -4.628395e-03 2.035988e-02 4.625715e-01 4.387706e-02
7.511642e-03 3.036984e-01 6.198992e-02 1.672346e-01 2.744309e-02 -2.888466e-01 9.701074e-02 1.507782e-01 1.799663e-02 -3.893397e-02 3.258510e-02 6.914386e-01 1.675084e-01
9.534007e-03 2.756698e-01 4.127220e-02 1.506224e-01 2.074597e-02 -2.412381e-01 6.061162e-02 1.327499e-01 9.940661e-03 -3.720533e-02 3.239862e-02 5.515263e-01 8.909521e-02
1.213419e-02 3.841635e-01 6.805917e-02 2.009802e-01 3.026097e-02 -2.584639e-01 6.602410e-02 1.538233e-01 1.748236e-02 -6.089345e-02 2.024706e-02 5.160397e-01 1.036760e-01
1.531219e-02 6.299368e-01 8.925784e-02 3.156713e-01 4.891459e-02 -4.073050e-01 9.289705e-02 2.131770e-01 3.205140e-02 -1.404578e-01 5.288356e-02 6.212044e-01 9.089769e-02
1.906801e-02 5.380384e-01 9.197794e-02 2.241083e-01 5.170805e-02 -3.439931e-01 6.730798e-02 1.540227e-01 2.935427e-02 -8.450248e-02 3.697690e-02 6.432867e-01 6.661343e-02
5.778186e-03 2.889746e-01 6.173137e-02 1.716662e-01 3.437211e-02 -3.004803e-01 9.986181e-02 1.559557e-01 3.529196e-02 -5.901765e-02 4.732405e-02 7.045577e-01 1.371877e-01
6.067095e-03 1.792759e-01 5.170666e-02 1.016800e-01 2.429160e-02 -1.802852e-01 6.844159e-02 1.176530e-01 1.325044e-02 4.304459e-02 2.791529e-02 6.566680e-01 1.293351e-01
6.933823e-03 2.614957e-01 2.673520e-02 1.484756e-01 1.316638e-02 -2.675993e-01 4.197442e-02 1.314096e-01 1.268818e-02 -5.845121e-02 6.825800e-03 5.843594e-01 1.129421e-01
8.378369e-03 3.914708e-01 9.834814e-02 2.093603e-01 4.809659e-02 -4.087623e-01 1.238419e-01 1.579775e-01 2.211302e-02 -1.364528e-01 6.711635e-02 7.545496e-01 1.294418e-01
1.040073e-02 5.218672e-01 7.784533e-02 2.911068e-01 5.200986e-02 -3.713908e-01 4.884700e-02 2.133498e-01 3.566499e-02 -1.268935e-01 3.106488e-02 6.223703e-01 6.849370e-02
1.300092e-02 6.722722e-01 1.541663e-01 3.494757e-01 9.163932e-02 -4.874930e-01 1.063949e-01 2.332221e-01 6.517732e-02 -1.773327e-01 5.489978e-02 7.223437e-01 1.030249e-01
1.617892e-02 5.420457e-01 1.496944e-01 2.632301e-01 7.233593e-02 -3.453959e-01 1.084168e-01 1.766325e-01 3.604547e-02 -1.043704e-01 4.848457e-02 6.594668e-01 8.332024e-02
1.993474e-02 5.661055e-01 8.112641e-02 2.564628e-01 3.648987e-02 -3.110100e-01 5.069565e-02 1.809318e-01 1.446208e-02 -1.095000e-01 2.213045e-02 5.938997e-01 5.938647e-02
7.222732e-03 3.063672e-01 2.943125e-02 1.915441e-01 1.778958e-02 -2.705859e-01 3.747604e-02 1.665072e-01 9.410357e-03 -8.485586e-02 2.856320e-02 5.161685e-01 5.411087e-02
7.511642e-03 2.920375e-01 6.116606e-02 1.566194e-01 4.090871e-02 -3.314746e-01 5.866892e-02 1.268674e-01 2.652488e-02 -8.538576e-02 4.443391e-02 7.134500e-01 5.309573e-02
8.378369e-03 2.928262e-01 2.425996e-02 1.405534e-01 7.198110e-03 -3.027415e-01 5.271158e-02 1.095997e-01 6.992193e-03 -6.864251e-02 1.482350e-02 6.150874e-01 1.075928e-01
9.822916e-03 3.741148e-01 5.625511e-02 2.270600e-01 3.211811e-02 -2.658745e-01 6.758695e-02 1.842701e-01 2.112956e-02 -7.412195e-02 3.885833e-02 5.558182e-01 8.167625e-02
1.184528e-02 3.623446e-01 4.316687e-02 1.749557e-01 2.581272e-02 -3.153401e-01 3.718181e-02 1.354116e-01 1.297473e-02 -5.991659e-02 2.596399e-02 6.842022e-01 7.592525e-02
1.444546e-02 5.325464e-01 9.377245e-02 2.416642e-01 4.411536e-02 -4.367996e-01 9.400444e-02 1.615293e-01 2.239011e-02 -1.298913e-01 3.736680e-02 7.592377e-01 1.065783e-01
1.762347e-02 5.441715e-01 5.139054e-02 2.157076e-01 2.795757e-02 -3.859112e-01 5.232915e-02 1.460313e-01 1.233734e-02 -8.622588e-02 2.850175e-02 6.982830e-01 3.199573e-02
2.137929e-02 5.597977e-01 1.058365e-01 2.250036e-01 4.192869e-02 -3.719889e-01 9.307192e-02 1.422597e-01 2.173521e-02 -1.100445e-01 2.450523e-02 7.558315e-01 1.072813e-01
9.245097e-03 3.762638e-01 5.560060e-02 2.298709e-01 3.683981e-02 -2.710117e-01 4.026832e-02 1.857825e-01 2.910701e-02 -8.634706e-02 1.568250e-02 5.103842e-01 5.750448e-02
9.534007e-03 2.269846e-01 2.425483e-02 1.330553e-01 1.111404e-02 -1.626050e-01 4.771570e-02 1.283969e-01 1.201158e-02 1.951911e-03 2.583548e-02 5.090981e-01 5.692982e-02
1.040073e-02 3.211970e-01 6.988654e-02 1.688366e-01 3.661033e-02 -2.529859e-01 6.743629e-02 1.451387e-01 2.147270e-02 -3.615275e-02 3.832211e-02 5.856282e-01 5.703233e-02
1.184528e-02 4.582817e-01 9.539744e-02 2.404299e-01 5.498593e-02 -4.043217e-01 9.339133e-02 1.839621e-01 3.311069e-02 -1.243750e-01 5.811777e-02 7.492594e-01 8.529505e-02
1.386765e-02 5.331224e-01 9.270056e-02 2.645762e-01 4.563371e-02 -4.177120e-01 1.565645e-01 1.812193e-01 2.480658e-02 -1.388556e-01 6.958229e-02 7.347501e-01 2.051413e-01
1.646783e-02 6.415558e-01 1.148861e-01 3.078491e-01 5.467271e-02 -4.473788e-01 1.161243e-01 2.024066e-01 2.633854e-02 -1.413312e-01 4.773953e-02 8.071128e-01 1.223548e-01
1.964583e-02 8.391184e-01 1.739526e-01 3.383743e-01 8.401779e-02 -5.850943e-01 1.214041e-01 1.886103e-01 4.238418e-02 -2.075532e-01 6.788724e-02 8.379329e-01 1.123044e-01
2.340165e-02 8.341079e-01 7.301009e-02 3.613072e-01 3.576904e-02 -4.037634e-01 6.940757e-02 2.342207e-01 2.398270e-02 -1.292402e-01 2.346177e-02 6.943077e-01 9.041017e-02
1.184528e-02 4.118622e-01 7.623360e-02 2.210646e-01 3.913627e-02 -3.063287e-01 6.756368e-02 1.607188e-01 2.421226e-02 -9.710498e-02 3.298292e-02 5.733051e-01 9.086291e-02
1.213419e-02 3.720360e-01 4.626155e-02 1.916115e-01 1.288270e-02 -2.845180e-01 7.149279e-02 1.442926e-01 1.947248e-03 -8.360571e-02 3.193501e-02 5.828494e-01 9.246208e-02
1.300092e-02 5.245857e-01 7.606104e-02 2.337659e-01 4.208470e-02 -4.337027e-01 8.012998e-02 1.562787e-01 2.060121e-02 -1.065729e-01 5.588381e-02 7.703714e-01 9.754942e-02
1.444546e-02 4.884210e-01 9.865144e-02 2.341766e-01 4.497763e-02 -3.061525e-01 7.175155e-02 1.565781e-01 2.036912e-02 -9.489885e-02 3.079350e-02 5.328841e-01 7.479745e-02
1.646783e-02 6.796044e-01 1.206989e-01 3.082336e-01 4.950489e-02 -4.897221e-01 1.078238e-01 2.033919e-01 2.062537e-02 -1.439801e-01 4.790556e-02 8.151438e-01 1.068758e-01
1.906801e-02 1.013668e+00 1.108574e-01 4.521474e-01 4.202952e-02 -5.883447e-01 7.321172e-02 2.603520e-01 1.763414e-02 -2.002199e-01 3.370689e-02 8.719429e-01 7.010588e-02
2.224602e-02 6.982017e-01 1.217063e-01 2.897340e-01 6.562976e-02 -4.315805e-01 5.976958e-02 1.997616e-01 3.739996e-02 -1.275778e-01 4.292937e-02 6.619751e-01 3.929754e-02
2.600184e-02 7.576244e-01 6.483796e-02 2.419801e-01 2.281427e-02 -5.564308e-01 6.764216e-02 1.674714e-01 1.689898e-02 -1.299732e-01 2.849029e-02 9.692807e-01 9.828195e-02
1.502328e-02 5.614346e-01 8.354319e-02 2.465062e-01 2.638939e-02 -4.022661e-01 1.086065e-01 1.640311e-01 1.176221e-02 -9.617672e-02 3.132788e-02 6.869879e-01 1.539750e-01
1.531219e-02 5.640564e-01 9.724764e-02 2.861868e-01 5.107935e-02 -3.673564e-01 7.676424e-02 1.902694e-01 2.932163e-02 -1.379476e-01 4.142382e-02 5.742569e-01 6.724329e-02
1.617892e-02 8.855123e-01 2.655881e-01 4.048955e-01 1.051056e-01 -6.035050e-01 1.978988e-01 2.437037e-01 4.034397e-02 -2.070447e-01 7.832865e-02 8.211492e-01 1.721043e-01
1.762347e-02 5.764355e-01 8.283725e-02 2.669361e-01 4.134380e-02 -4.094556e-01 6.832489e-02 1.828710e-01 2.233124e-02 -1.251272e-01 2.866425e-02 7.460337e-01 5.043783e-02
1.964583e-02 6.779071e-01 1.819785e-01 2.957184e-01 8.782672e-02 -4.355986e-01 7.611247e-02 1.934119e-01 4.358548e-02 -9.766359e-02 4.603603e-02 7.993245e-01 9.524519e-02
2.224602e-02 6.983045e-01 9.766803e-02 2.872939e-01 4.534601e-02 -3.911024e-01 4.783791e-02 1.908481e-01 2.014192e-02 -1.165831e-01 2.369231e-02 6.826380e-01 5.118439e-02
2.542402e-02 8.119191e-01 1.527846e-01 3.326649e-01 5.952310e-02 -4.390062e-01 1.241144e-01 2.063519e-01 2.566556e-02 -1.462922e-01 4.878237e-02 8.182455e-01 1.450059e-01
2.917984e-02 7.758492e-01 7.887937e-02 2.585792e-01 4.062835e-02 -2.599996e-01 5.222567e-02 1.751750e-01 2.437369e-02 -5.240981e-02 2.009439e-02 8.477857e-01 5.847014e-02
1.877910e-02 6.807832e-01 1.347033e-01 3.018086e-01 5.785682e-02 -4.023333e-01 7.765493e-02 1.920563e-01 2.831542e-02 -1.297609e-01 2.739360e-02 6.784587e-01 6.248899e-02
1.906801e-02 7.418937e-01 2.011944e-01 3.457293e-01 9.496913e-02 -3.640518e-01 1.190932e-01 2.328818e-01 4.257237e-02 -1.051368e-01 5.790184e-02 7.069405e-01 9.281079e-02
1.993474e-02 6.246370e-01 8.818838e-02 2.743720e-01 4.484430e-02 -3.977980e-01 7.983889e-02 1.838707e-01 2.366984e-02 -9.582535e-02 2.270986e-02 7.817310e-01 1.568290e-01
2.137929e-02 7.052572e-01 1.242441e-01 2.493158e-01 5.470879e-02 -4.657515e-01 6.247595e-02 1.594852e-01 2.186279e-02 -1.028705e-01 3.038974e-02 8.244685e-01 7.459446e-02
2.340165e-02 5.088038e-01 7.754749e-02 2.025556e-01 4.331821e-02 -2.815957e-01 6.040781e-02 1.528795e-01 2.472552e-02 -5.814511e-02 3.185363e-02 7.373495e-01 6.591985e-02
2.600184e-02 6.343017e-01 1.450671e-01 2.313303e-01 6.032315e-02 -4.018175e-01 5.871343e-02 1.712555e-01 2.150256e-02 -8.631571e-02 3.412520e-02 8.387582e-01 4.959915e-02
2.917984e-02 6.563872e-01 2.884182e-02 2.186091e-01 1.908256e-02 -3.479766e-01 5.923992e-02 1.846721e-01 1.600635e-02 -9.194249e-02 1.772928e-02 8.409125e-01 5.511638e-02
3.293566e-02 8.084467e-01 1.512242e-01 2.421922e-01 5.929210e-02 -3.662281e-01 4.689772e-02 1.664298e-01 2.149020e-02 -9.127045e-02 2.690644e-02 7.915493e-01 8.726139e-02
7.222732e-03 1.811320e-01 2.885974e-02 1.048362e-01 1.503404e-02 -1.524207e-01 4.883977e-02 1.106740e-01 1.503736e-02 1.468732e-02 3.073802e-02 4.590803e-01 6.129129e-02
7.511642e-03 3.350235e-01 5.858443e-02 2.058708e-01 4.647282e-02 -2.733456e-01 4.222754e-02 1.690113e-01 3.643497e-02 -8.893934e-02 2.976704e-02 5.300973e-01 5.532226e-02
8.378369e-03 3.291638e-01 8.207176e-02 1.809279e-01 4.796681e-02 -2.969871e-01 7.768174e-02 1.576144e-01 3.021323e-02 -5.506716e-02 4.281364e-02 6.514442e-01 9.543011e-02
9.822916e-03 2.228789e-01 3.021099e-02 1.314662e-01 1.589957e-02 -1.975893e-01 3.840100e-02 1.241205e-01 6.588437e-03 -2.469554e-02 2.021798e-02 5.409636e-01 8.170351e-02
1.184528e-02 4.160782e-01 5.276066e-02 2.112553e-01 2.258321e-02 -3.404591e-01 4.985546e-02 1.596043e-01 1.130527e-02 -8.816312e-02 2.005772e-02 6.864858e-01 5.738898e-02
1.444546e-02 5.933580e-01 4.948762e-02 2.619612e-01 1.936845e-02 -4.575979e-01 6.828612e-02 1.725247e-01 1.406523e-02 -1.358506e-01 2.892892e-02 7.273130e-01 8.011221e-02
1.762347e-02 5.399170e-01 1.129972e-01 2.546811e-01 4.871360e-02 -4.213372e-01 1.006651e-01 1.665696e-01 2.450653e-02 -1.423924e-01 4.348643e-02 8.737701e-01 1.256097e-01
2.137929e-02 1.022297e+00 2.847637e-01 4.587463e-01 1.597759e-01 -5.084440e-01 1.076205e-01 2.824574e-01 9.018330e-02 -1.763852e-01 4.972262e-02 7.300573e-01 6.696972e-02
7.511642e-03 2.214256e-01 2.960812e-02 1.423787e-01 5.608261e-03 -1.452725e-01 6.348528e-02 1.423051e-01 9.340017e-03 1.492687e-02 2.625095e-02 4.465717e-01 8.511213e-02
7.800551e-03 2.915923e-01 2.949672e-02 1.684412e-01 2.011138e-02 -2.735383e-01 3.211299e-02 1.423783e-01 1.659608e-02 -6.923974e-02 2.499487e-02 5.786074e-01 5.651767e-02
8.667279e-03 2.740892e-01 4.634738e-02 1.456082e-01 1.956515e-02 -2.491291e-01 1.014696e-01 1.295036e-01 9.252222e-03 -1.843687e-02 3.597176e-02 6.668037e-01 2.065076e-01
1.011183e-02 4.047180e-01 1.053837e-01 2.268709e-01 6.167217e-02 -3.328279e-01 9.356125e-02 1.717473e-01 3.301389e-02 -1.063387e-01 5.742696e-02 5.969150e-01 8.074430e-02
1.213419e-02 4.771900e-01 1.005157e-01 2.623658e-01 5.481127e-02 -3.194081e-01 8.788401e-02 1.881950e-01 3.168451e-02 -1.054756e-01 4.650092e-02 5.728020e-01 7.397890e-02
1.473437e-02 4.894611e-01 1.557006e-01 2.463266e-01 8.464166e-02 -3.199064e-01 9.971088e-02 1.686489e-01 4.713503e-02 -1.077260e-01 5.728656e-02 4.869454e-01 6.092992e-02
1.791238e-02 7.470107e-01 1.939566e-01 3.489381e-01 9.718704e-02 -5.234094e-01 1.263977e-01 2.230410e-01 4.705479e-02 -1.565180e-01 6.862282e-02 8.296199e-01 7.799503e-02
2.166820e-02 6.757467e-01 1.256456e-01 2.705347e-01 5.550806e-02 -4.111173e-01 1.010223e-01 1.806058e-01 1.818010e-02 -7.867860e-02 5.047564e-02 8.197362e-01 4.542320e-02
8.378369e-03 1.951887e-01 2.810539e-02 1.207384e-01 1.693515e-02 -1.506501e-01 3.805888e-02 1.220355e-01 1.201975e-02 5.840791e-04 2.513478e-02 4.711067e-01 5.517993e-02
8.667279e-03 2.622540e-01 3.801154e-02 1.403657e-01 1.415602e-02 -2.482368e-01 4.949262e-02 1.289435e-01 1.140216e-02 -2.971606e-02 2.094526e-02 5.998581e-01 9.139267e-02
9.534007e-03 2.961406e-01 3.859873e-02 1.518692e-01 1.986338e-02 -2.862182e-01 8.255897e-02 1.240077e-01 1.421776e-02 -6.742702e-02 2.985969e-02 6.419604e-01 1.879261e-01
1.097855e-02 6.013788e-01 1.018079e-01 3.028146e-01 6.815542e-02 -5.330266e-01 7.190051e-02 1.934913e-01 4.153270e-02 -2.133620e-01 4.470966e-02 7.953606e-01 1.005671e-01
1.300092e-02 4.351967e-01 8.908787e-02 2.420111e-01 4.850191e-02 -2.470181e-01 4.667816e-02 1.760937e-01 2.917490e-02 -8.782379e-02 2.054625e-02 4.227340e-01 5.020421e-02
1.560110e-02 5.616456e-01 3.049253e-02 2.618243e-01 1.894153e-02 -3.775171e-01 5.804400e-02 1.775584e-01 9.623244e-03 -1.021124e-01 2.483488e-02 7.553763e-01 8.302216e-02
1.877910e-02 5.887305e-01 1.018219e-01 2.617553e-01 4.775849e-02 -3.303082e-01 6.650826e-02 1.684757e-01 2.425389e-02 -9.657302e-02 1.464743e-02 6.830061e-01 1.321567e-01
2.253492e-02 1.057214e+00 8.868514e-02 4.384759e-01 5.152007e-02 -6.580892e-01 1.309596e-01 2.464873e-01 3.026322e-02 -2.439315e-01 6.060055e-02 8.912236e-01 9.771500e-02
9.822916e-03 3.052308e-01 4.211754e-02 1.738814e-01 2.632076e-02 -2.552755e-01 4.723379e-02 1.408417e-01 1.741578e-02 -5.651844e-02 2.005128e-02 6.042035e-01 1.017027e-01
1.011183e-02 3.442655e-01 4.441617e-02 1.857406e-01 2.640272e-02 -2.401777e-01 3.391926e-02 1.511596e-01 1.619379e-02 -2.921148e-02 1.301708e-02 5.402983e-01 5.488960e-02
1.097855e-02 4.134257e-01 6.587439e-02 1.968320e-01 3.514537e-02 -3.810508e-01 8.690801e-02 1.453897e-01 2.232845e-02 -9.000128e-02 3.297773e-02 7.703343e-01 1.470139e-01
1.242310e-02 4.751636e-01 3.916786e-02 2.304028e-01 1.546967e-02 -4.179170e-01 4.238606e-02 1.655668e-01 1.354678e-02 -1.208679e-01 2.076894e-02 7.271336e-01 4.586008e-02
1.444546e-02 5.911830e-01 9.664533e-02 2.709956e-01 4.304318e-02 -4.561729e-01 7.328072e-02 1.740084e-01 2.353757e-02 -1.436944e-01 3.169032e-02 7.122581e-01 1.118047e-01
1.704565e-02 6.132293e-01 7.240845e-02 2.656839e-01 2.911130e-02 -3.925002e-01 9.400492e-02 1.748204e-01 1.705142e-02 -1.015359e-01 3.703557e-02 7.000034e-01 1.092186e-01
2.022365e-02 7.252933e-01 1.140083e-01 2.736032e-01 4.269279e-02 -5.090961e-01 9.004554e-02 1.722596e-01 1.644091e-02 -1.271288e-01 3.751585e-02 9.125382e-01 1.292233e-01
2.397947e-02 9.291337e-01 1.546372e-01 3.706745e-01 5.650437e-02 -5.173492e-01 1.309829e-01 2.313017e-01 1.838292e-02 -1.561809e-01 5.110356e-02 9.314284e-01 9.214765e-02
1.184528e-02 3.627505e-01 4.555612e-02 1.905104e-01 2.611659e-02 -2.710337e-01 7.635480e-02 1.469079e-01 1.426798e-02 -6.629345e-02 3.533112e-02 5.714128e-01 1.111184e-01
1.213419e-02 5.034709e-01 1.339079e-01 2.460557e-01 6.825658e-02 -3.957000e-01 1.197948e-01 1.687359e-01 3.518122e-02 -1.203486e-01 5.718924e-02 6.633806e-01 1.044026e-01
1.300092e-02 4.371039e-01 4.686993e-02 2.234318e-01 1.817867e-02 -3.328367e-01 4.316964e-02 1.590073e-01 8.677691e-03 -9.995198e-02 2.572528e-02 6.292769e-01 3.189094e-02
1.444546e-02 4.907195e-01 9.066389e-02 2.670910e-01 4.693831e-02 -3.136327e-01 8.784784e-02 1.990095e-01 2.914934e-02 -9.751120e-02 3.102093e-02 6.505214e-01 1.178517e-01
1.646783e-02 7.648769e-01 9.440481e-02 3.642368e-01 5.473197e-02 -5.430413e-01 7.423298e-02 2.311341e-01 3.123383e-02 -1.808843e-01 4.512187e-02 8.353426e-01 6.311275e-02
1.906801e-02 6.938265e-01 1.139794e-01 3.083888e-01 4.772955e-02 -4.434790e-01 1.023153e-01 1.944968e-01 2.115494e-02 -1.532588e-01 3.904733e-02 8.012813e-01 9.488863e-02
2.224602e-02 7.973093e-01 1.755427e-01 2.959687e-01 6.670633e-02 -4.723553e-01 1.498052e-01 1.765982e-01 2.584822e-02 -1.203585e-01 6.587858e-02 9.059820e-01 1.267333e-01
2.600184e-02 7.391271e-01 1.314759e-01 2.655214e-01 6.379397e-02 -3.865828e-01 8.579772e-02 1.707527e-01 2.810440e-02 -1.223874e-01 4.716243e-02 7.645433e-01 3.400614e-02
1.444546e-02 5.460283e-01 9.123851e-02 2.548442e-01 4.235875e-02 -4.773459e-01 7.614030e-02 1.636282e-01 2.315606e-02 -1.737726e-01 2.993054e-02 7.708823e-01 7.519219e-02
1.473437e-02 4.876979e-01 8.591024e-02 2.183454e-01 4.270632e-02 -3.998853e-01 8.415039e-02 1.449028e-01 2.219675e-02 -1.097038e-01 3.375100e-02 7.135620e-01 1.244627e-01
1.560110e-02 4.398187e-01 6.585209e-02 2.082646e-01 4.061131e-02 -3.000516e-01 4.887657e-02 1.607525e-01 2.576078e-02 -4.200242e-02 1.967705e-02 6.690696e-01 8.467010e-02
1.704565e-02 4.714877e-01 8.369479e-02 2.434807e-01 4.493245e-02 -2.124546e-01 5.215733e-02 1.802996e-01 2.471228e-02 -4.661352e-02 3.707941e-02 6.216908e-01 1.269790e-01
1.906801e-02 6.164066e-01 7.460904e-02 2.648581e-01 4.358062e-02 -3.830222e-01 6.857101e-02 1.777189e-01 3.397618e-02 -8.651925e-02 2.136265e-02 7.637953e-01 9.513258e-02
2.166820e-02 6.822962e-01 6.800234e-02 2.791714e-01 3.639911e-02 -3.234239e-01 6.964242e-02 1.914074e-01 1.860202e-02 -6.035363e-02 2.882519e-02 7.079678e-01 6.176564e-02
2.484620e-02 6.038551e-01 1.231663e-01 2.290734e-01 6.210888e-02 -3.517105e-01 1.067322e-01 1.684702e-01 3.946196e-02 -1.112297e-01 4.574799e-02 7.518019e-01 1.088298e-01
2.860202e-02 7.303794e-01 1.778113e-01 2.367598e-01 4.144345e-02 -4.349140e-01 1.472228e-01 1.751559e-01 1.409271e-02 -1.053024e-01 4.222650e-02 8.964402e-01 1.121527e-01
1.762347e-02 4.993453e-01 8.011908e-02 2.036287e-01 3.285659e-02 -3.453685e-01 8.416395e-02 1.384731e-01 9.980531e-03 -7.886681e-02 4.188559e-02 7.438881e-01 5.312151e-02
1.791238e-02 4.556106e-01 4.988415e-02 2.213994e-01 2.894332e-02 -2.266992e-01 4.746479e-02 1.582412e-01 2.064603e-02 -5.886219e-02 3.193544e-02 5.831933e-01 3.715690e-02
1.877910e-02 6.167087e-01 9.105406e-02 2.769036e-01 3.973309e-02 -3.601023e-01 6.844542e-02 1.845576e-01 1.962092e-02 -1.142821e-01 3.825960e-02 7.053324e-01 4.009691e-02
2.022365e-02 5.193302e-01 1.137123e-01 2.232949e-01 5.091859e-02 -3.221298e-01 1.303195e-01 1.581168e-01 2.526288e-02 -8.351755e-02 5.282995e-02 6.449249e-01 1.306719e-01
2.224602e-02 6.659174e-01 4.672171e-02 2.715375e-01 2.288436e-02 -4.116862e-01 4.385209e-02 1.703134e-01 1.284052e-02 -1.165567e-01 1.575236e-02 9.034252e-01 5.842288e-02
2.484620e-02 8.727479e-01 1.206922e-01 3.470893e-01 3.538231e-02 -3.837010e-01 4.778166e-02 2.142148e-01 1.215667e-02 -1.182461e-01 2.050022e-02 6.881117e-01 5.448036e-02
2.802420e-02 9.499935e-01 1.601650e-01 3.115011e-01 5.037897e-02 -4.326218e-01 1.509426e-01 1.987465e-01 1.747565e-02 -1.137225e-01 6.150691e-02 8.772097e-01 1.151004e-01
3.178002e-02 7.229162e-01 5.741411e-02 2.536985e-01 2.168984e-02 -3.396928e-01 4.672096e-02 1.865214e-01 1.312365e-02 -1.155356e-01 3.722878e-03 7.227121e-01 5.952791e-02
2.137929e-02 5.367780e-01 8.714565e-02 2.341302e-01 4.182090e-02 -3.105865e-01 8.263138e-02 1.764677e-01 2.236077e-02 -6.748013e-02 3.407474e-02 7.996652e-01 1.112017e-01
2.166820e-02 5.567341e-01 7.365115e-02 2.008115e-01 2.642851e-02 -3.754219e-01 4.880508e-02 1.353960e-01 1.516836e-02 -1.041014e-01 1.259167e-02 7.247807e-01 5.122420e-02
2.253492e-02 8.468833e-01 1.128747e-01 3.198157e-01 4.256739e-02 -4.913665e-01 7.066971e-02 1.952316e-01 1.638144e-02 -1.210413e-01 2.594603e-02 7.495739e-01 9.706898e-02
2.397947e-02 7.222458e-01 9.143723e-02 2.792294e-01 3.437336e-02 -4.483410e-01 5.937306e-02 1.861269e-01 2.294800e-02 -1.398579e-01 1.703363e-02 7.566669e-01 7.470523e-02
2.600184e-02 6.750396e-01 1.126343e-01 2.441959e-01 3.923836e-02 -4.117993e-01 1.341544e-01 1.779023e-01 1.366681e-02 -9.656792e-02 6.404033e-02 9.400246e-01 8.975909e-02
2.860202e-02 9.068992e-01 2.477364e-01 3.337147e-01 9.576408e-02 -5.357596e-01 1.918715e-01 2.312081e-01 3.393839e-02 -1.694814e-01 7.087546e-02 9.212553e-01 1.431609e-01
3.178002e-02 8.805600e-01 1.558540e-01 2.580417e-01 5.547164e-02 -3.945220e-01 1.213959e-01 1.780257e-01 2.890690e-02 -1.199942e-01 4.756616e-02 9.390582e-01 8.092745e-02
3.553584e-02 8.847221e-01 1.045904e-01 2.683738e-01 2.498712e-02 -3.593822e-01 5.267524e-02 2.266400e-01 2.634550e-02 -7.863780e-02 2.818581e-02 8.603191e-01 9.539274e-02
1.040073e-02 4.381942e-01 6.219378e-02 1.962975e-01 3.559845e-02 -4.722800e-01 6.610098e-02 1.403176e-01 1.862410e-02 -1.299861e-01 4.183787e-02 8.455395e-01 6.503377e-02
1.068964e-02 4.073696e-01 6.896628e-02 2.229249e-01 4.763063e-02 -3.223265e-01 6.869905e-02 1.668145e-01 3.175650e-02 -8.177255e-02 3.035912e-02 6.817648e-01 1.047523e-01
1.155637e-02 4.593988e-01 7.135914e-02 2.549053e-01 3.831675e-02 -3.294701e-01 9.452505e-02 1.914246e-01 2.030611e-02 -1.057834e-01 5.343660e-02 6.263713e-01 1.356013e-01
1.300092e-02 5.671073e-01 1.967555e-01 2.935549e-01 1.019052e-01 -4.268910e-01 1.835141e-01 2.055849e-01 4.867114e-02 -1.365438e-01 1.099871e-01 7.486220e-01 1.235665e-01
1.502328e-02 4.022415e-01 4.532703e-02 1.882317e-01 2.438907e-02 -3.060040e-01 7.410792e-02 1.473437e-01 1.858702e-02 -5.708006e-02 1.790215e-02 6.988626e-01 1.516045e-01
1.762347e-02 4.909521e-01 6.153996e-02 2.021225e-01 3.716345e-02 -3.753244e-01 6.197372e-02 1.370178e-01 2.330483e-02 -8.566159e-02 3.204946e-02 8.076074e-01 1.002028e-01
2.080147e-02 5.506794e-01 9.514338e-02 2.359634e-01 4.820735e-02 -3.529815e-01 6.808947e-02 1.643330e-01 2.602318e-02 -8.938809e-02 4.071233e-02 7.477681e-01 7.424121e-02
2.455729e-02 6.547176e-01 7.548602e-02 2.494964e-01 3.435974e-02 -4.119520e-01 7.471302e-02 1.651447e-01 2.408950e-02 -1.258865e-01 3.168436e-02 8.753053e-01 6.728257e-02
1.068964e-02 3.719975e-01 8.590481e-02 1.867284e-01 4.566016e-02 -3.086058e-01 6.206140e-02 1.483130e-01 2.495058e-02 -6.446539e-02 3.318126e-02 6.345486e-01 5.437135e-02
1.097855e-02 4.998650e-01 1.009138e-01 2.548877e-01 4.439884e-02 -4.112689e-01 1.094281e-01 1.809491e-01 2.705039e-02 -1.232444e-01 3.393209e-02 7.144871e-01 1.708043e-01
1.184528e-02 3.337122e-01 5.027156e-02 1.621178e-01 2.587283e-02 -2.963006e-01 4.603900e-02 1.339072e-01 1.580133e-02 -5.246578e-02 2.570237e-02 6.408183e-01 8.335210e-02
1.328983e-02 5.198165e-01 8.882406e-02 2.670563e-01 4.840040e-02 -4.254969e-01 7.714608e-02 1.928771e-01 2.858438e-02 -1.262429e-01 3.377669e-02 7.549112e-01 7.571938e-02
1.531219e-02 5.277475e-01 5.035558e-02 2.486310e-01 2.271013e-02 -4.350300e-01 8.214663e-02 1.730675e-01 1.593132e-02 -1.150642e-01 3.049457e-02 8.202318e-01 1.199206e-01
1.791238e-02 3.761024e-01 4.302142e-02 1.669832e-01 1.718155e-02 -2.199759e-01 5.137399e-02 1.390528e-01 7.762423e-03 -1.805964e-02 3.012398e-02 6.318162e-01 8.965396e-02
2.109038e-02 8.202630e-01 1.394706e-01 3.287250e-01 5.557702e-02 -4.712771e-01 8.141885e-02 2.103881e-01 2.560368e-02 -1.306378e-01 4.340065e-02 8.148949e-01 2.604077e-02
2.484620e-02 6.123163e-01 1.034409e-01 2.101798e-01 3.960587e-02 -3.668554e-01 5.819205e-02 1.647350e-01 1.937943e-02 -5.892823e-02 3.299486e-02 7.969711e-01 9.921437e-02
1.155637e-02 3.655329e-01 5.525299e-02 2.052064e-01 3.291324e-02 -2.392379e-01 5.979355e-02 1.682123e-01 2.329345e-02 -3.916867e-02 3.895127e-02 5.986261e-01 7.682954e-02
1.184528e-02 3.944152e-01 1.015673e-01 2.107370e-01 5.488106e-02 -2.763347e-01 6.080088e-02 1.620358e-01 2.844011e-02 -6.456522e-02 3.831499e-02 6.484727e-01 5.031030e-02
1.271201e-02 4.272877e-01 1.073452e-01 2.230336e-01 6.047774e-02 -3.180637e-01 1.072545e-01 1.655160e-01 3.052367e-02 -8.593199e-02 6.682893e-02 6.525753e-01 6.423909e-02
1.415656e-02 3.359156e-01 4.378065e-02 1.579917e-01 2.766680e-02 -2.995735e-01 1.986298e-02 1.292450e-01 1.841375e-02 -5.902945e-02 1.413303e-02 6.688719e-01 6.178180e-02
1.617892e-02 4.059452e-01 7.468874e-02 1.827123e-01 2.369780e-02 -2.921254e-01 1.055558e-01 1.380927e-01 6.569420e-03 -4.102423e-02 4.734906e-02 7.325064e-01 1.069173e-01
1.877910e-02 6.922281e-01 1.564789e-01 2.801966e-01 5.901931e-02 -5.423929e-01 1.523248e-01 1.700936e-01 2.416126e-02 -1.601011e-01 7.011324e-02 8.938299e-01 1.283961e-01
2.195711e-02 8.881372e-01 3.313865e-01 3.509553e-01 1.416239e-01 -5.641822e-01 2.001245e-01 2.045579e-01 6.638178e-02 -1.910162e-01 8.631412e-02 9.456075e-01 1.549556e-01
2.571293e-02 8.289375e-01 1.681492e-01 3.036444e-01 7.246544e-02 -4.737002e-01 1.214944e-01 2.013896e-01 3.556480e-02 -1.165177e-01 4.504218e-02 7.896607e-01 1.027850e-01
1.300092e-02 4.677668e-01 9.714395e-02 2.208788e-01 5.677250e-02 -3.960966e-01 6.978279e-02 1.510664e-01 3.299876e-02 -1.170934e-01 3.709908e-02 6.749667e-01 7.809518e-02
1.328983e-02 3.658564e-01 3.093470e-02 1.882727e-01 2.466495e-02 -2.104064e-01 2.939347e-02 1.528707e-01 1.749310e-02 -2.883197e-02 7.448555e-03 5.297573e-01 4.147488e-02
1.415656e-02 6.068903e-01 8.859540e-02 3.176067e-01 4.071297e-02 -4.091436e-01 6.255347e-02 2.147572e-01 1.869652e-02 -1.323570e-01 2.931115e-02 6.917286e-01 7.362811e-02
1.560110e-02 4.011028e-01 9.138415e-02 1.706569e-01 3.992334e-02 -3.843167e-01 9.605230e-02 1.338910e-01 2.447753e-02 -7.807482e-02 3.986695e-02 8.024629e-01 1.047534e-01
1.762347e-02 8.152351e-01 1.086555e-01 3.795300e-01 3.538169e-02 -5.324670e-01 1.304512e-01 2.271076e-01 1.216243e-02 -1.756312e-01 4.670430e-02 8.499755e-01 1.397177e-01
2.022365e-02 6.288378e-01 4.886669e-02 2.474686e-01 3.507750e-02 -3.468223e-01 4.406685e-02 1.676355e-01 1.997661e-02 -7.707784e-02 2.576320e-02 6.547018e-01 4.927968e-02
2.340165e-02 6.377669e-01 1.258977e-01 2.354059e-01 4.263084e-02 -3.031871e-01 4.959942e-02 1.593299e-01 1.302244e-02 -5.411682e-02 2.605701e-02 7.729359e-01 8.335964e-02
2.715747e-02 1.076963e+00 1.595649e-01 3.681414e-01 7.615660e-02 -4.710373e-01 2.829008e-02 2.069672e-01 3.489811e-02 -1.671550e-01 2.415129e-02 7.246224e-01 2.893672e-02
1.502328e-02 5.110004e-01 7.810573e-02 2.285575e-01 2.682813e-02 -4.068866e-01 8.026397e-02 1.516954e-01 1.303974e-02 -1.184315e-01 2.357487e-02 7.423592e-01 1.013447e-01
1.531219e-02 4.145626e-01 4.470869e-02 1.866581e-01 1.658490e-02 -3.024064e-01 8.810654e-02 1.479710e-01 1.314781e-02 -5.214645e-02 2.785823e-02 6.573459e-01 9.892644e-02
1.617892e-02 7.160153e-01 1.659175e-01 3.452993e-01 8.949630e-02 -4.431291e-01 1.198922e-01 2.312520e-01 4.991963e-02 -1.352526e-01 6.329441e-02 6.965266e-01 1.134480e-01
1.762347e-02 5.965192e-01 2.365952e-02 2.415363e-01 1.975975e-02 -4.368650e-01 5.471927e-02 1.487235e-01 1.730352e-02 -1.127815e-01 2.080504e-02 7.950054e-01 5.031546e-02
1.964583e-02 9.846188e-01 1.448805e-01 4.655077e-01 6.139614e-02 -5.703553e-01 8.688542e-02 2.801717e-01 2.569790e-02 -2.260204e-01 3.411266e-02 8.241924e-01 9.051568e-02
2.224602e-02 7.034812e-01 8.655631e-02 2.827782e-01 3.320098e-02 -4.561257e-01 4.510654e-02 1.787879e-01 1.100187e-02 -1.379984e-01 1.065514e-02 8.845037e-01 5.970525e-02
2.542402e-02 6.430852e-01 8.995193e-02 2.579330e-01 3.223492e-02 -4.117459e-01 9.961047e-02 1.718008e-01 1.085621e-02 -1.468127e-01 2.210190e-02 7.843852e-01 1.519013e-01
2.917984e-02 7.127508e-01 9.621582e-02 2.107267e-01 4.323463e-02 -3.906560e-01 8.553387e-02 1.612880e-01 1.883113e-02 -7.225002e-02 2.873698e-02 9.099248e-01 6.858272e-02
1.762347e-02 8.031274e-01 1.280050e-01 3.320476e-01 5.261470e-02 -5.886708e-01 1.596255e-01 1.909457e-01 2.528238e-02 -1.645070e-01 5.902129e-02 9.784827e-01 2.507836e-01
1.791238e-02 7.409128e-01 1.003252e-01 3.226619e-01 4.208414e-02 -5.098645e-01 1.024676e-01 2.015742e-01 2.421006e-02 -1.355230e-01 4.211155e-02 8.873587e-01 8.984093e-02
1.877910e-02 6.272548e-01 1.153050e-01 2.325723e-01 4.288757e-02 -4.572819e-01 1.048902e-01 1.477567e-01 1.866750e-02 -1.240687e-01 4.230293e-02 7.616409e-01 1.406419e-01
2.022365e-02 8.018959e-01 2.684269e-01 3.623684e-01 9.946237e-02 -5.836730e-01 2.988600e-01 2.293172e-01 4.008485e-02 -1.949254e-01 1.138183e-01 9.773151e-01 3.516560e-01
2.224602e-02 8.034924e-01 1.579167e-01 3.244114e-01 6.978652e-02 -4.588577e-01 1.288996e-01 2.030044e-01 3.203200e-02 -1.084676e-01 5.330274e-02 8.922624e-01 1.317593e-01
2.484620e-02 7.212756e-01 4.272168e-02 2.650919e-01 1.976123e-02 -4.542675e-01 3.315750e-02 1.717250e-01 7.881894e-03 -1.228142e-01 1.744780e-02 9.063216e-01 3.831714e-02
2.802420e-02 7.857772e-01 1.295250e-01 2.810145e-01 4.432656e-02 -4.563459e-01 9.887419e-02 1.867799e-01 2.108727e-02 -1.354105e-01 3.649492e-02 9.435426e-01 1.624436e-01
3.178002e-02 8.359416e-01 1.808219e-01 2.509827e-01 4.948002e-02 -3.912065e-01 3.500106e-02 1.946962e-01 1.999828e-02 -1.129010e-01 2.988493e-02 7.332625e-01 9.669414e-02
2.080147e-02 7.610891e-01 1.328326e-01 3.037862e-01 5.417274e-02 -5.402062e-01 1.267261e-01 1.808255e-01 2.123756e-02 -1.654625e-01 5.913890e-02 8.636675e-01 9.597653e-02
2.109038e-02 5.846336e-01 8.905007e-02 2.451080e-01 4.609396e-02 -3.737196e-01 9.286048e-02 1.737778e-01 2.274991e-02 -7.237448e-02 4.830708e-02 7.499447e-01 1.492161e-01
2.195711e-02 7.696541e-01 1.099435e-01 2.993305e-01 5.354981e-02 -4.511382e-01 6.950711e-02 1.851208e-01 2.880369e-02 -1.243014e-01 4.073722e-02 8.340552e-01 1.014035e-01
2.340165e-02 6.505640e-01 1.142686e-01 2.513377e-01 3.248671e-02 -4.555745e-01 8.478439e-02 1.603705e-01 9.021399e-03 -1.409216e-01 3.380388e-02 8.536433e-01 1.027612e-01
2.542402e-02 6.482405e-01 8.915467e-02 2.493965e-01 3.390315e-02 -3.748104e-01 7.297075e-02 1.618750e-01 1.275516e-02 -1.207477e-01 2.048148e-02 7.094385e-01 9.663019e-02
2.802420e-02 7.718797e-01 9.273010e-02 2.556488e-01 4.136272e-02 -4.430161e-01 8.770366e-02 1.784134e-01 1.326417e-02 -1.108638e-01 4.709698e-02 8.544980e-01 1.047315e-01
3.120220e-02 7.917724e-01 7.009672e-02 2.507420e-01 1.993197e-02 -4.563484e-01 9.527261e-02 1.779941e-01 1.081330e-02 -1.497796e-01 3.649686e-02 1.129044e+00 7.310181e-02
3.495802e-02 8.683379e-01 1.264350e-01 2.559441e-01 5.190293e-02 -4.101603e-01 4.258496e-02 1.841408e-01 2.238413e-02 -1.199077e-01 2.386981e-02 8.992365e-01 2.438704e-02
2.455729e-02 6.805298e-01 9.841410e-02 2.398321e-01 3.691279e-02 -4.789484e-01 7.503352e-02 1.664903e-01 1.257643e-02 -1.274432e-01 2.522183e-02 9.086749e-01 9.880443e-02
2.484620e-02 6.608166e-01 1.751128e-01 2.836815e-01 6.884766e-02 -2.760920e-01 1.097576e-01 1.921899e-01 2.705673e-02 -7.665748e-02 4.763931e-02 7.453320e-01 1.056751e-01
2.571293e-02 7.410982e-01 1.037512e-01 2.505283e-01 4.310001e-02 -4.043354e-01 6.589237e-02 1.651762e-01 1.942058e-02 -1.037498e-01 1.880157e-02 7.616432e-01 7.682651e-02
2.715747e-02 7.432748e-01 1.335868e-01 2.485411e-01 6.348657e-02 -4.938520e-01 9.269895e-02 1.691222e-01 2.715685e-02 -1.280111e-01 4.083814e-02 1.009467e+00 1.141150e-01
2.917984e-02 7.974979e-01 1.349750e-01 3.004990e-01 6.446088e-02 -2.722108e-01 7.798706e-02 2.183543e-01 3.169459e-02 -7.717809e-02 4.634191e-02 6.869208e-01 3.944410e-02
3.178002e-02 7.500905e-01 5.469534e-02 2.323925e-01 2.130228e-02 -1.852689e-01 6.010438e-02 1.742902e-01 1.403174e-02 -4.614666e-02 2.130515e-02 7.947549e-01 1.098978e-01
3.495802e-02 7.715413e-01 1.381308e-01 2.432583e-01 5.421876e-02 -3.116518e-01 8.155741e-02 1.955588e-01 2.258835e-02 -5.576910e-02 2.566890e-02 8.942480e-01 1.043669e-01
3.871384e-02 8.514473e-01 2.917637e-01 2.092054e-01 8.171161e-02 -3.218240e-01 1.572796e-01 2.056630e-01 1.858655e-02 -1.108328e-01 4.058885e-02 1.003741e+00 1.341143e-01
1.415656e-02 5.343567e-01 1.086621e-01 2.398672e-01 4.488505e-02 -4.137606e-01 1.077033e-01 1.626306e-01 1.983359e-02 -1.054864e-01 4.965772e-02 6.870346e-01 1.034364e-01
1.444546e-02 7.060567e-01 9.008913e-02 3.595850e-01 5.017649e-02 -4.235286e-01 7.018999e-02 2.366519e-01 2.773350e-02 -1.521401e-01 3.895118e-02 6.093864e-01 6.605616e-02
1.531219e-02 4.614167e-01 6.346366e-02 2.186320e-01 2.763149e-02 -2.748573e-01 4.760326e-02 1.568424e-01 1.678385e-02 -6.747732e-02 3.425883e-02 5.297262e-01 4.852488e-02
1.675674e-02 6.455572e-01 6.373115e-02 3.032829e-01 2.407840e-02 -3.847699e-01 6.016495e-02 1.984918e-01 1.667041e-02 -1.052125e-01 2.321981e-02 7.125707e-01 9.686603e-02
1.877910e-02 6.272845e-01 7.256223e-02 2.595147e-01 1.852734e-02 -4.766168e-01 8.075786e-02 1.739867e-01 9.557230e-03 -1.350796e-01 1.864210e-02 7.998811e-01 6.060460e-02
2.137929e-02 7.420197e-01 8.750418e-02 2.962917e-01 3.887324e-02 -3.640130e-01 9.299647e-02 1.818429e-01 2.331711e-02 -9.262251e-02 4.090316e-02 8.117613e-01 5.334024e-02
2.455729e-02 7.878553e-01 1.836823e-01 2.900983e-01 6.190908e-02 -4.487814e-01 1.740447e-01 1.787096e-01 1.869026e-02 -8.665053e-02 6.406027e-02 8.731822e-01 1.527372e-01
2.831311e-02 5.571689e-01 4.699396e-02 1.803456e-01 2.295022e-02 -3.370978e-01 1.938892e-02 1.481726e-01 1.275506e-02 -7.967562e-02 1.634051e-02 8.981464e-01 8.315025e-02
1.444546e-02 3.641478e-01 6.188276e-02 1.816101e-01 2.016824e-02 -2.501798e-01 7.388143e-02 1.455852e-01 7.815353e-03 -3.109425e-02 3.461585e-02 6.313774e-01 9.311241e-02
1.473437e-02 6.988848e-01 1.094878e-01 3.329791e-01 5.746515e-02 -4.680709e-01 9.247870e-02 2.088609e-01 2.977583e-02 -1.564404e-01 3.455735e-02 7.181765e-01 1.357739e-01
1.560110e-02 5.239955e-01 1.379629e-01 2.581712e-01 6.762301e-02 -3.125710e-01 1.110781e-01 1.797657e-01 2.790538e-02 -7.606226e-02 6.498506e-02 6.313112e-01 1.015335e-01
1.704565e-02 5.198695e-01 8.408386e-02 2.338979e-01 4.070155e-02 -3.460391e-01 7.470145e-02 1.608251e-01 1.981611e-02 -9.172375e-02 3.239662e-02 6.734774e-01 9.559198e-02
1.906801e-02 6.950135e-01 1.568090e-01 2.891912e-01 6.867923e-02 -4.668151e-01 8.723019e-02 1.795582e-01 2.943366e-02 -1.406930e-01 3.387397e-02 7.686771e-01 1.053954e-01
2.166820e-02 6.639759e-01 7.900095e-02 2.573354e-01 3.230680e-02 -3.953188e-01 4.956540e-02 1.627442e-01 1.401906e-02 -1.174189e-01 2.302667e-02 6.711983e-01 4.105663e-02
2.484620e-02 8.435269e-01 1.062755e-01 3.466352e-01 5.431279e-02 -3.841716e-01 5.345541e-02 2.168327e-01 3.143171e-02 -1.334548e-01 2.861332e-02 8.397655e-01 8.707498e-02
2.860202e-02 1.164040e+00 2.207622e-01 4.391730e-01 1.081708e-01 -6.757930e-01 2.113682e-01 2.575210e-01 4.445745e-02 -2.298581e-01 1.025943e-01 9.805815e-01 1.684049e-01
1.531219e-02 4.162318e-01 6.809391e-02 1.806148e-01 2.536941e-02 -3.392429e-01 7.844599e-02 1.337343e-01 1.018430e-02 -7.550523e-02 3.811975e-02 6.917409e-01 1.001514e-01
1.560110e-02 6.808172e-01 1.007414e-01 3.339963e-01 5.789615e-02 -4.496312e-01 7.100977e-02 2.205790e-01 3.075656e-02 -1.521472e-01 4.657205e-02 7.330631e-01 4.268818e-02
1.646783e-02 5.164239e-01 3.625533e-02 2.628141e-01 2.875176e-02 -3.125059e-01 2.269011e-02 1.965781e-01 2.151379e-02 -7.854490e-02 7.440298e-03 6.406804e-01 7.374054e-02
1.791238e-02 5.310338e-01 8.112285e-02 2.641669e-01 5.903208e-02 -2.381744e-01 5.161442e-02 1.978896e-01 3.966372e-02 -5.555536e-02 2.413405e-02 5.774770e-01 2.591976e-02
1.993474e-02 8.248283e-01 1.291565e-01 3.349590e-01 5.183722e-02 -5.102280e-01 1.134496e-01 2.041859e-01 2.916645e-02 -1.492471e-01 3.917839e-02 8.629884e-01 1.587566e-01
2.253492e-02 7.159880e-01 1.292665e-01 3.002057e-01 6.166254e-02 -4.172396e-01 8.550358e-02 1.931511e-01 3.801059e-02 -1.366527e-01 3.168901e-02 7.906220e-01 7.677969e-02
2.571293e-02 6.337596e-01 4.590011e-02 2.137799e-01 1.410923e-02 -4.214512e-01 3.475471e-02 1.586139e-01 1.150236e-02 -9.216343e-02 2.362377e-02 9.037086e-01 3.031669e-02
2.946875e-02 7.707892e-01 1.033511e-01 2.757593e-01 4.316766e-02 -4.480799e-01 5.513633e-02 2.018237e-01 2.346516e-02 -1.343870e-01 2.630857e-02 9.206428e-01 1.422900e-01
1.675674e-02 6.843283e-01 1.503516e-01 3.076943e-01 6.422014e-02 -4.562783e-01 9.878523e-02 1.970442e-01 3.443308e-02 -1.226029e-01 3.268807e-02 7.814808e-01 1.403877e-01
1.704565e-02 5.548313e-01 6.861236e-02 2.410623e-01 3.677407e-02 -3.906530e-01 6.149333e-02 1.614978e-01 1.785184e-02 -1.189430e-01 2.526675e-02 7.135213e-01 1.134498e-01
1.791238e-02 5.892767e-01 5.743583e-02 2.535908e-01 2.494053e-02 -4.233961e-01 5.695049e-02 1.623715e-01 1.481687e-02 -1.292705e-01 2.989169e-02 6.791441e-01 7.050689e-02
1.935692e-02 5.567083e-01 6.702957e-02 2.422351e-01 3.175196e-02 -3.291565e-01 4.239771e-02 1.709601e-01 1.439108e-02 -8.866939e-02 2.520766e-02 6.556788e-01 2.006309e-02
2.137929e-02 8.366199e-01 1.984258e-01 3.587295e-01 9.218952e-02 -6.158388e-01 1.756040e-01 2.250839e-01 3.910234e-02 -1.915846e-01 8.282139e-02 9.702822e-01 1.846225e-01
2.397947e-02 7.844784e-01 6.561078e-02 2.948175e-01 1.991947e-02 -4.789840e-01 6.424763e-02 1.804322e-01 7.835549e-03 -1.321733e-01 2.258851e-02 7.583618e-01 4.475282e-02
2.715747e-02 7.323309e-01 1.486439e-01 2.521664e-01 5.709192e-02 -4.418280e-01 9.988250e-02 1.685413e-01 2.900620e-02 -1.130451e-01 3.798979e-02 8.069255e-01 1.245956e-01
3.091329e-02 1.041241e+00 2.396345e-01 3.704280e-01 9.509587e-02 -4.344503e-01 2.021550e-01 2.282037e-01 3.693925e-02 -1.498126e-01 8.001963e-02 8.977576e-01 1.437709e-01
1.877910e-02 8.081312e-01 1.420818e-01 3.548877e-01 4.745140e-02 -4.436181e-01 1.053645e-01 2.105474e-01 2.117302e-02 -1.124320e-01 3.770947e-02 7.625881e-01 1.012365e-01
1.906801e-02 8.707509e-01 1.950159e-01 3.759795e-01 7.996529e-02 -5.651566e-01 1.626694e-01 2.246262e-01 3.437226e-02 -1.853383e-01 6.240498e-02 8.016391e-01 1.713488e-01
1.993474e-02 9.266120e-01 1.355798e-01 3.923573e-01 7.078832e-02 -6.649021e-01 1.329955e-01 2.303449e-01 3.938201e-02 -2.203549e-01 5.605669e-02 9.680604e-01 1.510517e-01
2.137929e-02 6.617641e-01 8.056111e-02 2.503979e-01 3.908130e-02 -4.395158e-01 5.022231e-02 1.525676e-01 2.201944e-02 -1.049676e-01 1.252536e-02 8.695527e-01 8.814390e-02
2.340165e-02 8.553027e-01 1.586961e-01 3.034161e-01 5.506053e-02 -6.413133e-01 1.529748e-01 1.737031e-01 1.552574e-02 -1.618771e-01 5.501676e-02 1.044993e+00 1.713441e-01
2.600184e-02 1.325361e+00 3.327275e-01 4.802423e-01 1.125320e-01 -6.184609e-01 1.098242e-01 2.479665e-01 4.008460e-02 -1.792332e-01 3.533460e-02 8.806641e-01 1.161133e-01
2.917984e-02 6.831167e-01 4.267336e-02 2.342115e-01 1.695980e-02 -2.571591e-01 9.180516e-02 1.747260e-01 1.195667e-02 -7.154439e-02 3.975078e-02 8.733557e-01 1.398973e-01
3.293566e-02 8.995720e-01 1.202123e-01 2.517969e-01 4.301939e-02 -4.251568e-01 1.649264e-01 1.708926e-01 2.184792e-02 -9.972420e-02 4.712883e-02 9.392078e-01 1.809552e-01
2.137929e-02 8.235789e-01 2.566754e-01 3.065999e-01 1.058423e-01 -5.572290e-01 1.838852e-01 1.690641e-01 4.828919e-02 -1.672410e-01 7.789458e-02 8.468962e-01 1.516757e-01
2.166820e-02 5.816674e-01 6.853393e-02 2.104676e-01 2.827163e-02 -4.249390e-01 5.471646e-02 1.340671e-01 1.292056e-02 -1.196839e-01 1.681680e-02 8.384616e-01 8.996619e-02
2.253492e-02 6.525008e-01 5.643463e-02 2.456802e-01 2.596448e-02 -3.637334e-01 4.256825e-02 1.597806e-01 1.294900e-02 -7.980775e-02 1.812452e-02 7.039315e-01 6.888396e-02
2.397947e-02 5.557555e-01 6.551448e-02 1.995437e-01 2.600928e-02 -2.318675e-01 1.797598e-02 1.425959e-01 9.377964e-03 -3.093502e-02 2.099147e-02 6.662771e-01 2.194762e-02
2.600184e-02 9.170703e-01 2.312894e-01 3.382512e-01 1.153159e-01 -5.420423e-01 1.197714e-01 2.112542e-01 5.204073e-02 -1.478914e-01 5.679746e-02 9.548343e-01 1.424925e-01
2.860202e-02 8.296048e-01 1.391326e-01 2.660038e-01 6.238380e-02 -4.473330e-01 1.094779e-01 1.666468e-01 2.947691e-02 -1.263708e-01 3.708313e-02 8.365493e-01 9.127467e-02
3.178002e-02 8.258382e-01 1.732852e-01 2.727418e-01 5.142201e-02 -4.218191e-01 1.089925e-01 2.067349e-01 2.170470e-02 -1.659271e-01 2.810343e-02 9.743205e-01 1.554331e-01
3.553584e-02 7.644370e-01 4.344307e-02 2.476614e-01 1.679633e-02 -2.858786e-01 2.854721e-02 1.990030e-01 1.201987e-02 -1.308172e-01 1.050569e-02 8.999842e-01 7.799392e-02
2.455729e-02 8.118423e-01 1.398105e-01 3.105986e-01 6.144745e-02 -5.195287e-01 1.259095e-01 1.885677e-01 3.044771e-02 -1.539595e-01 4.902645e-02 9.766622e-01 2.017723e-01
2.484620e-02 6.701963e-01 1.243113e-01 2.350893e-01 4.431573e-02 -4.495995e-01 1.103634e-01 1.612866e-01 1.265464e-02 -1.398696e-01 5.072379e-02 8.823457e-01 1.258508e-01
2.571293e-02 9.110452e-01 1.009018e-01 3.300982e-01 1.977110e-02 -4.587252e-01 1.189004e-01 2.181368e-01 7.040251e-03 -9.088382e-02 3.579113e-02 8.833555e-01 1.152341e-01
2.715747e-02 7.710865e-01 1.525544e-01 2.608726e-01 5.360429e-02 -3.265085e-01 1.088644e-01 1.730575e-01 2.897504e-02 -6.687942e-02 2.447212e-02 6.874323e-01 1.350973e-01
2.917984e-02 6.708707e-01 7.819146e-02 2.545421e-01 2.446166e-02 -3.227833e-01 3.659824e-02 1.884416e-01 1.655639e-02 -7.748832e-02 2.858192e-02 8.666276e-01 1.075687e-01
3.178002e-02 8.312459e-01 1.051347e-01 3.306108e-01 4.771786e-02 -3.191093e-01 1.197351e-01 2.457800e-01 3.574139e-02 -1.002223e-01 4.843190e-02 7.921014e-01 8.167013e-02
3.495802e-02 8.315955e-01 9.809377e-02 2.660310e-01 3.326548e-02 -4.558704e-01 9.298387e-02 2.152700e-01 2.412656e-02 -1.535706e-01 3.093004e-02 1.144384e+00 7.800295e-02
3.871384e-02 7.680054e-01 4.955532e-02 2.130640e-01 5.665521e-02 -2.862216e-01 6.097650e-02 2.141425e-01 2.469957e-02 -1.384218e-01 4.687166e-02 9.205565e-01 7.747206e-02
2.831311e-02 7.328193e-01 9.236276e-02 2.368843e-01 3.766682e-02 -3.816434e-01 6.991800e-02 1.653844e-01 1.713717e-02 -8.279471e-02 3.559556e-02 8.217347e-01 5.859162e-02
2.860202e-02 8.368969e-01 6.786181e-02 3.120750e-01 2.967207e-02 -3.765286e-01 7.849179e-02 2.064060e-01 1.720588e-02 -7.953204e-02 2.907952e-02 7.924562e-01 1.040516e-01
2.946875e-02 8.560794e-01 1.436590e-01 2.957613e-01 5.022710e-02 -3.902314e-01 5.966402e-02 2.018538e-01 1.237441e-02 -1.029738e-01 2.180243e-02 7.590100e-01 3.993584e-02
3.091329e-02 6.785659e-01 1.312118e-01 2.178623e-01 4.221836e-02 -2.804673e-01 9.025543e-02 1.753452e-01 2.039368e-02 -4.918497e-02 3.104949e-02 8.879760e-01 1.390771e-01
3.293566e-02 1.086923e+00 1.099544e-01 3.275174e-01 2.220193e-02 -4.985992e-01 4.541940e-02 1.869267e-01 9.056833e-03 -1.392062e-01 2.767235e-02 8.922567e-01 7.160455e-02
3.553584e-02 6.907246e-01 5.938753e-02 2.198639e-01 3.051176e-02 -2.985304e-01 6.009194e-02 1.992172e-01 1.709486e-02 -1.051384e-01 2.882753e-02 1.046514e+00 7.902469e-02
3.871384e-02 7.842879e-01 5.864349e-02 2.037756e-01 2.715010e-02 -2.273634e-01 9.502076e-02 2.055067e-01 1.265524e-02 -9.284236e-02 2.610430e-02 1.055184e+00 5.091517e-02
4.246967e-02 7.562326e-01 1.011895e-01 1.969067e-01 6.611462e-02 -2.184341e-01 8.091655e-02 2.266227e-01 2.874627e-02 -1.123949e-01 3.820919e-02 1.058688e+00 9.238195e-02
