# k^2  MgMg MgMg_error  MgCl MgCl_error  MgNa MgNa_error  ClCl ClCl_error  ClNa ClNa_error  NaNa NaNa_error
0.000000e+00 1.600000e+03 0.000000e+00 2.529822e+03 0.000000e+00 1.131371e+03 0.000000e+00 4.000000e+03 0.000000e+00 1.788854e+03 0.000000e+00 8.000000e+02 0.000000e+00
2.885417e-04 3.088297e-01 3.750301e-02 8.627175e-02 2.082042e-02 -6.785462e-01 1.113122e-01 1.059836e-01 1.581217e-02 -5.853936e-03 7.399601e-02 1.907762e+00 3.530098e-01
1.154167e-03 1.288745e-01 3.526187e-02 1.042433e-01 1.923283e-02 -1.142568e-01 6.298838e-02 1.293529e-01 1.610382e-02 6.211855e-03 4.260174e-02 3.347328e-01 8.467311e-02
2.596875e-03 1.264640e-01 1.261084e-02 1.021113e-01 1.437245e-02 -9.735492e-02 1.305957e-02 1.332758e-01 1.200956e-02 2.994272e-02 1.898930e-02 3.533535e-01 5.198464e-02
4.616667e-03 1.667596e-01 3.260721e-02 1.048594e-01 1.946013e-02 -1.529908e-01 4.100727e-02 1.146887e-01 1.077969e-02 1.139088e-02 2.900412e-02 4.564841e-01 8.270529e-02
7.213543e-03 2.417092e-01 1.196826e-02 1.395635e-01 8.208804e-03 -2.072884e-01 1.556981e-02 1.157929e-01 3.451301e-03 -5.155028e-02 1.826884e-02 4.585063e-01 2.216429e-02
1.038750e-02 2.941041e-01 4.802777e-02 1.698430e-01 3.383816e-02 -1.942854e-01 4.054596e-02 1.428773e-01 2.833212e-02 -3.987542e-02 2.231911e-02 4.562130e-01 6.183189e-02
1.413854e-02 3.666774e-01 7.276909e-02 1.726073e-01 4.188739e-02 -3.104350e-01 7.026565e-02 1.241953e-01 2.075959e-02 -8.020585e-02 4.372450e-02 7.041808e-01 5.394441e-02
2.885417e-04 8.665374e-02 2.758575e-02 8.174718e-02 2.120926e-02 -5.686937e-02 4.420236e-02 1.349054e-01 1.173284e-02 7.518324e-02 5.800244e-02 3.288416e-01 9.332529e-02
5.770834e-04 2.853010e-01 3.389909e-02 1.607748e-01 3.335251e-02 -4.386661e-01 2.494704e-02 1.402428e-01 2.158161e-02 -1.358040e-01 4.989549e-02 9.335546e-01 9.189401e-02
1.442709e-03 1.281058e-01 4.130835e-02 9.441020e-02 2.422091e-02 -1.342398e-01 8.613746e-02 1.265893e-01 2.995098e-02 2.982199e-02 4.097320e-02 4.576898e-01 1.470926e-01
2.885417e-03 1.044861e-01 1.486072e-02 8.634653e-02 1.308223e-02 -6.923012e-02 1.455159e-02 1.183488e-01 1.634511e-02 4.234715e-02 1.417363e-02 3.040286e-01 3.088735e-02
4.905209e-03 2.775747e-01 5.448265e-02 1.801229e-01 3.514908e-02 -2.511511e-01 5.678058e-02 1.661823e-01 1.994160e-02 -6.502192e-02 4.362183e-02 5.111915e-01 5.587158e-02
7.502084e-03 2.420144e-01 1.429992e-02 1.345111e-01 1.126408e-02 -2.363227e-01 4.994117e-02 1.331842e-01 1.840405e-02 -2.103804e-03 2.254177e-02 6.672926e-01 6.511542e-02
1.067604e-02 4.411393e-01 1.042447e-01 2.191893e-01 5.508996e-02 -3.674077e-01 8.336108e-02 1.532695e-01 2.798631e-02 -1.002153e-01 5.236371e-02 6.850229e-01 5.194871e-02
1.442709e-02 3.941062e-01 5.947182e-02 1.991387e-01 2.544844e-02 -2.161394e-01 4.081014e-02 1.538937e-01 1.738789e-02 -3.221080e-02 1.045586e-02 5.441338e-01 5.612736e-02
1.154167e-03 1.133796e-01 3.508107e-02 6.787890e-02 9.195291e-03 -1.582512e-01 8.215575e-02 9.719589e-02 8.352085e-03 3.394074e-02 2.580748e-02 5.305638e-01 1.709932e-01
1.442709e-03 8.438820e-02 1.695998e-02 8.367912e-02 1.232312e-02 -4.111668e-02 2.530141e-02 1.295221e-01 7.177843e-03 6.183556e-02 2.500120e-02 2.691982e-01 2.418451e-02
2.308334e-03 1.895064e-01 3.605688e-02 1.346397e-01 2.331305e-02 -2.016189e-01 4.777538e-02 1.487706e-01 1.471502e-02 -2.437228e-02 3.545725e-02 5.108087e-01 4.835165e-02
3.751042e-03 1.575007e-01 2.100211e-02 1.049567e-01 1.668597e-02 -1.641265e-01 3.287018e-02 1.131926e-01 1.658176e-02 -1.358016e-02 1.285259e-02 4.445705e-01 8.108370e-02
5.770834e-03 2.662622e-01 5.119453e-02 1.545327e-01 2.304752e-02 -2.648742e-01 7.536055e-02 1.399197e-01 1.018660e-02 -5.032159e-02 3.526961e-02 5.744583e-01 1.103328e-01
8.367709e-03 2.823504e-01 4.003158e-02 1.578746e-01 1.628217e-02 -2.362442e-01 5.805147e-02 1.338326e-01 9.473753e-03 -5.072891e-02 2.334896e-02 5.346583e-01 9.876011e-02
1.154167e-02 4.100925e-01 6.503244e-02 2.056641e-01 3.370149e-02 -3.840603e-01 8.233945e-02 1.533818e-01 1.793753e-02 -1.067195e-01 4.152054e-02 7.537787e-01 9.933058e-02
1.529271e-02 5.200046e-01 7.475497e-02 2.645046e-01 3.339991e-02 -2.823029e-01 7.527935e-02 1.835444e-01 1.873255e-02 -7.273099e-02 3.780055e-02 5.756233e-01 6.286471e-02
2.596875e-03 9.845151e-02 2.039281e-02 7.197327e-02 1.299940e-02 -9.541771e-02 3.190706e-02 9.646824e-02 1.127796e-02 2.904633e-02 2.070212e-02 3.568653e-01 6.710284e-02
2.885417e-03 1.351880e-01 1.623679e-02 1.034031e-01 1.414679e-02 -1.011606e-01 2.317219e-02 1.399719e-01 1.183940e-02 5.591614e-02 1.169088e-02 4.192586e-01 7.500676e-02
3.751042e-03 2.836174e-01 7.360760e-02 1.932151e-01 3.944723e-02 -2.599594e-01 9.740830e-02 1.902759e-01 2.232886e-02 -4.343058e-02 6.704816e-02 6.104378e-01 1.269685e-01
5.193751e-03 2.735450e-01 4.600189e-02 1.661899e-01 2.411902e-02 -2.900786e-01 7.527654e-02 1.502548e-01 1.437676e-02 -7.130704e-02 4.197827e-02 6.162238e-01 1.230115e-01
7.213543e-03 1.642154e-01 5.910252e-03 1.042071e-01 1.284508e-02 -1.254470e-01 3.818945e-02 1.152245e-01 1.411316e-02 1.672577e-02 1.651772e-02 4.275799e-01 9.670424e-02
9.810418e-03 2.916004e-01 3.229398e-02 1.517725e-01 1.434323e-02 -2.944980e-01 4.123719e-02 1.337745e-01 1.617792e-02 -5.727718e-02 2.588020e-02 6.489012e-01 6.704149e-02
1.298438e-02 4.403950e-01 6.645557e-02 2.371956e-01 3.876214e-02 -2.983747e-01 5.788986e-02 1.768770e-01 2.074724e-02 -7.464264e-02 3.215443e-02 6.872062e-01 1.290345e-01
1.673542e-02 5.445249e-01 4.599346e-02 2.483410e-01 3.062268e-02 -4.042902e-01 4.538538e-02 1.707360e-01 2.489747e-02 -1.281528e-01 2.485131e-02 6.694236e-01 6.213466e-02
4.616667e-03 1.463249e-01 1.842723e-02 1.046884e-01 1.681663e-02 -1.059096e-01 1.676689e-02 1.284251e-01 1.269404e-02 3.782391e-02 3.016656e-02 3.892452e-01 5.342079e-02
4.905209e-03 1.883466e-01 2.229679e-02 1.186968e-01 9.163264e-03 -1.874066e-01 3.653706e-02 1.212480e-01 9.006358e-03 -1.744588e-02 1.096957e-02 4.881007e-01 7.443205e-02
5.770834e-03 1.904308e-01 2.746407e-02 1.383679e-01 2.174920e-02 -1.292602e-01 3.227520e-02 1.454850e-01 1.883469e-02 -7.748350e-03 1.407927e-02 3.608517e-01 7.878376e-02
7.213543e-03 3.339701e-01 6.890481e-02 1.943618e-01 4.270900e-02 -3.280751e-01 6.234212e-02 1.666794e-01 2.687719e-02 -8.475335e-02 3.375253e-02 6.669459e-01 8.242217e-02
9.233335e-03 2.804962e-01 7.009642e-02 1.512927e-01 4.362396e-02 -2.418633e-01 5.918052e-02 1.293153e-01 2.597339e-02 -6.056025e-02 3.421119e-02 4.920713e-01 7.554468e-02
1.183021e-02 4.465198e-01 9.299105e-02 2.496442e-01 5.307108e-02 -2.794570e-01 7.327629e-02 1.923162e-01 3.071962e-02 -7.630328e-02 3.525799e-02 5.113041e-01 7.062177e-02
1.500417e-02 5.828863e-01 1.437183e-01 2.827066e-01 6.977992e-02 -3.422244e-01 1.111899e-01 1.921570e-01 3.358717e-02 -9.918246e-02 7.033669e-02 5.875730e-01 8.323817e-02
1.875521e-02 7.079494e-01 1.287281e-01 3.107228e-01 6.003885e-02 -3.627754e-01 1.234145e-01 1.866546e-01 2.811831e-02 -8.731319e-02 5.829578e-02 7.197500e-01 7.969798e-02
7.213543e-03 3.058612e-01 4.297876e-02 1.849571e-01 3.244506e-02 -2.852394e-01 3.219716e-02 1.613709e-01 2.116325e-02 -7.144895e-02 3.123478e-02 6.228282e-01 5.165456e-02
7.502084e-03 2.271714e-01 3.046919e-02 1.363210e-01 1.342591e-02 -1.701338e-01 5.589094e-02 1.277026e-01 1.064765e-02 -1.388309e-02 2.461517e-02 4.449951e-01 8.230507e-02
8.367709e-03 2.965064e-01 6.515482e-02 1.824059e-01 4.061368e-02 -2.376912e-01 6.136545e-02 1.517466e-01 2.589682e-02 -7.039512e-02 3.025968e-02 4.960922e-01 7.396012e-02
9.810418e-03 2.593696e-01 2.691190e-02 1.353074e-01 2.339243e-02 -2.135493e-01 2.460581e-02 1.249944e-01 1.784258e-02 -1.892815e-02 1.934683e-02 5.594949e-01 4.713607e-02
1.183021e-02 4.288698e-01 5.340726e-02 2.132627e-01 2.376383e-02 -3.983299e-01 9.422349e-02 1.520302e-01 1.584095e-02 -1.032752e-01 3.782740e-02 8.308092e-01 1.163088e-01
1.442709e-02 5.550941e-01 9.920053e-02 2.671157e-01 5.302781e-02 -3.914643e-01 9.809938e-02 1.803681e-01 3.042204e-02 -1.097238e-01 4.599096e-02 7.476466e-01 9.848508e-02
1.760104e-02 4.821757e-01 5.454803e-02 2.270967e-01 2.058823e-02 -2.770804e-01 7.995604e-02 1.571852e-01 1.510985e-02 -6.835082e-02 3.414964e-02 6.484015e-01 1.142652e-01
2.135209e-02 9.186292e-01 2.160205e-01 3.525991e-01 7.459074e-02 -6.189472e-01 1.550476e-01 1.889977e-01 2.480393e-02 -1.901425e-01 5.196341e-02 8.206883e-01 1.532292e-01
1.038750e-02 4.141516e-01 6.634284e-02 2.432419e-01 4.244986e-02 -3.096014e-01 7.077547e-02 1.840896e-01 2.992976e-02 -1.031428e-01 3.631214e-02 5.763730e-01 8.099594e-02
1.067604e-02 3.665922e-01 4.377988e-02 1.730428e-01 2.676243e-02 -3.426356e-01 4.641807e-02 1.345080e-01 1.790593e-02 -5.992778e-02 2.252112e-02 7.147227e-01 5.240078e-02
1.154167e-02 3.600355e-01 2.640381e-02 1.896069e-01 1.328792e-02 -2.890820e-01 3.693048e-02 1.539268e-01 1.080654e-02 -6.661400e-02 2.301858e-02 5.807683e-01 5.944603e-02
1.298438e-02 4.812346e-01 6.256564e-02 2.107467e-01 2.718312e-02 -4.079362e-01 5.868599e-02 1.375697e-01 1.657649e-02 -1.132329e-01 1.767766e-02 7.251251e-01 9.671802e-02
1.500417e-02 5.132999e-01 6.762386e-02 2.497435e-01 4.327139e-02 -3.819573e-01 1.914562e-02 1.770650e-01 2.393106e-02 -1.182737e-01 1.959945e-02 6.908195e-01 5.333587e-02
1.760104e-02 7.673048e-01 1.560342e-01 3.294509e-01 6.661205e-02 -5.355081e-01 1.093379e-01 1.914581e-01 2.913854e-02 -1.846027e-01 4.972556e-02 8.667155e-01 8.973801e-02
2.077500e-02 1.122858e+00 2.184472e-01 4.442215e-01 9.167853e-02 -6.848963e-01 1.405687e-01 2.354586e-01 4.144330e-02 -1.989765e-01 6.445145e-02 1.002481e+00 6.936452e-02
2.452604e-02 7.521740e-01 1.300818e-01 2.686292e-01 4.272351e-02 -3.545698e-01 6.696868e-02 1.769414e-01 1.383594e-02 -8.372509e-02 2.051105e-02 6.524540e-01 4.791792e-02
1.413854e-02 3.757792e-01 5.635369e-02 1.992410e-01 2.767066e-02 -2.545294e-01 7.575291e-02 1.519936e-01 1.909028e-02 -6.900772e-02 3.985930e-02 5.420901e-01 1.026286e-01
1.442709e-02 4.499466e-01 8.806385e-02 2.048571e-01 3.158357e-02 -4.141168e-01 1.182523e-01 1.626766e-01 1.200351e-02 -8.568853e-02 6.204849e-02 8.833617e-01 1.112421e-01
1.529271e-02 6.514334e-01 1.539830e-01 3.034080e-01 6.203745e-02 -4.529828e-01 1.569104e-01 2.033228e-01 2.644258e-02 -1.325768e-01 6.835053e-02 7.626919e-01 1.636393e-01
1.673542e-02 7.399455e-01 1.460248e-01 3.440586e-01 7.653505e-02 -5.133236e-01 6.574400e-02 2.230235e-01 3.829884e-02 -1.626179e-01 4.253713e-02 8.210651e-01 2.382766e-02
1.875521e-02 6.103051e-01 1.260249e-01 2.765035e-01 5.797261e-02 -3.498928e-01 8.345245e-02 1.884515e-01 2.957208e-02 -9.411217e-02 3.021800e-02 6.343177e-01 1.237331e-01
2.135209e-02 5.529228e-01 7.990425e-02 2.401456e-01 3.694903e-02 -2.899851e-01 7.043288e-02 1.721101e-01 2.383039e-02 -7.105320e-02 3.471140e-02 5.926692e-01 7.848390e-02
2.452604e-02 7.608814e-01 1.837014e-01 3.022393e-01 8.730368e-02 -3.818876e-01 8.853067e-02 1.935504e-01 4.145800e-02 -1.131935e-01 5.468472e-02 6.925844e-01 2.416625e-02
2.827709e-02 8.847687e-01 9.907542e-02 3.039536e-01 2.780474e-02 -4.649157e-01 5.626465e-02 2.000169e-01 8.685010e-03 -1.413321e-01 1.808443e-02 8.641275e-01 6.239313e-02
2.885417e-04 1.326157e-01 2.619393e-02 1.247166e-01 1.792079e-02 -9.179886e-02 3.739345e-02 1.374927e-01 1.340613e-02 -4.223030e-02 3.536148e-02 1.647658e-01 2.860345e-02
5.770834e-04 1.074788e-01 3.619511e-02 1.064690e-01 2.754435e-02 -5.596099e-02 4.402288e-02 1.487651e-01 2.346617e-02 4.203121e-02 4.703473e-02 2.586912e-01 3.762979e-02
1.442709e-03 1.277197e-01 2.673501e-02 9.775173e-02 2.051846e-02 -1.252100e-01 4.052985e-02 1.198760e-01 1.897770e-02 2.332319e-03 2.069320e-02 3.601485e-01 7.351472e-02
2.885417e-03 1.610440e-01 2.451471e-02 1.290436e-01 1.780388e-02 -1.271621e-01 4.040248e-02 1.473759e-01 1.912523e-02 -2.752890e-03 2.486662e-02 3.643264e-01 6.751863e-02
4.905209e-03 2.082514e-01 5.125537e-02 1.327582e-01 3.500120e-02 -2.083349e-01 5.196227e-02 1.288579e-01 2.526169e-02 -3.797924e-02 3.341277e-02 4.998893e-01 8.565392e-02
7.502084e-03 2.218885e-01 2.977130e-02 1.419732e-01 2.843143e-02 -1.591644e-01 1.161206e-02 1.347175e-01 2.377514e-02 -1.853255e-02 1.523832e-02 4.356605e-01 6.894393e-02
1.067604e-02 3.261546e-01 7.533313e-02 1.510167e-01 3.260122e-02 -3.126882e-01 9.547083e-02 1.184467e-01 1.369199e-02 -6.545827e-02 4.006404e-02 6.403270e-01 1.276544e-01
1.442709e-02 3.618752e-01 4.290234e-02 1.685095e-01 2.937162e-02 -2.818302e-01 1.993643e-02 1.231028e-01 1.704710e-02 -7.286600e-02 1.467983e-02 6.206020e-01 3.976382e-02
5.770834e-04 1.470022e-01 2.941774e-02 1.137143e-01 2.103632e-02 -1.540198e-01 3.898998e-02 1.320877e-01 1.822935e-02 -2.043446e-02 2.733817e-02 3.915153e-01 8.551557e-02
8.656251e-04 1.731772e-01 3.738948e-02 1.148915e-01 2.074773e-02 -2.222559e-01 7.720169e-02 1.331779e-01 1.068055e-02 -1.595759e-02 4.336254e-02 6.040011e-01 2.050109e-01
1.731250e-03 9.594711e-02 1.505213e-02 7.789651e-02 1.186658e-02 -7.680879e-02 2.721405e-02 1.041843e-01 1.277430e-02 2.598606e-02 1.172638e-02 2.793517e-01 5.807411e-02
3.173959e-03 1.445219e-01 1.913923e-02 9.797990e-02 1.075462e-02 -1.378472e-01 3.670827e-02 1.250461e-01 1.810926e-02 3.712875e-02 1.756656e-02 4.758458e-01 8.739546e-02
5.193751e-03 1.728877e-01 2.205800e-02 1.002822e-01 1.282891e-02 -1.744081e-01 6.196492e-02 1.100649e-01 1.744200e-02 6.404227e-03 2.556095e-02 5.012438e-01 1.227784e-01
7.790626e-03 2.455303e-01 3.917120e-02 1.584505e-01 2.680643e-02 -1.782251e-01 4.814244e-02 1.513217e-01 2.270819e-02 -1.363297e-02 3.723442e-02 4.948156e-01 6.336396e-02
1.096458e-02 2.687262e-01 3.307689e-02 1.485033e-01 1.701167e-02 -1.986304e-01 4.485428e-02 1.308186e-01 1.264433e-02 -3.321131e-02 3.194597e-02 5.091642e-01 3.740488e-02
1.471563e-02 5.817173e-01 1.072712e-01 2.880912e-01 5.305381e-02 -3.195392e-01 6.181780e-02 1.980568e-01 2.592730e-02 -9.106118e-02 3.101055e-02 5.875627e-01 4.455940e-02
1.442709e-03 2.152981e-01 5.260317e-02 1.140511e-01 1.459661e-02 -3.279718e-01 1.210845e-01 1.328571e-01 1.897954e-02 -1.137043e-02 2.738772e-02 8.879932e-01 3.078543e-01
1.731250e-03 7.756950e-02 1.084135e-02 6.380490e-02 8.489307e-03 -5.920602e-02 2.176369e-02 1.030191e-01 1.219759e-02 6.554403e-02 2.297537e-02 3.304135e-01 2.996676e-02
2.596875e-03 2.036879e-01 4.767424e-02 1.267334e-01 1.669202e-02 -2.481171e-01 9.277414e-02 1.371901e-01 6.192951e-03 -2.826187e-02 4.578151e-02 6.250485e-01 1.503571e-01
4.039584e-03 2.178318e-01 3.404348e-02 1.324773e-01 2.340247e-02 -2.400270e-01 6.136008e-02 1.364954e-01 2.307606e-02 -1.980778e-02 3.177771e-02 6.199794e-01 1.216722e-01
6.059376e-03 1.906733e-01 5.059234e-02 1.001353e-01 2.501931e-02 -2.050709e-01 6.303035e-02 1.041446e-01 1.343486e-02 -4.341300e-04 2.975053e-02 5.571810e-01 1.112191e-01
8.656251e-03 2.944691e-01 2.591890e-02 1.730372e-01 1.902209e-02 -1.999243e-01 2.106348e-02 1.460295e-01 1.316008e-02 -3.275718e-02 1.664894e-02 4.641072e-01 3.615273e-02
1.183021e-02 4.420690e-01 8.602312e-02 2.362311e-01 3.649959e-02 -2.907389e-01 9.836160e-02 1.787791e-01 1.745864e-02 -7.158943e-02 4.750536e-02 5.686867e-01 1.024573e-01
1.558125e-02 5.242381e-01 7.422513e-02 2.484961e-01 3.483206e-02 -3.330932e-01 6.532218e-02 1.798704e-01 1.787356e-02 -8.415989e-02 3.344657e-02 6.219400e-01 4.618029e-02
2.885417e-03 1.545633e-01 2.830367e-02 1.160966e-01 2.373380e-02 -1.408113e-01 4.438184e-02 1.448456e-01 2.494461e-02 2.824300e-02 2.069633e-02 4.971868e-01 7.948886e-02
3.173959e-03 1.969795e-01 3.568970e-02 1.345013e-01 2.421368e-02 -1.991182e-01 4.631132e-02 1.358771e-01 1.910700e-02 -3.948415e-02 3.299826e-02 4.613286e-01 5.864920e-02
4.039584e-03 1.415106e-01 1.626797e-02 8.420372e-02 1.815043e-02 -1.596161e-01 1.907520e-02 1.111921e-01 1.724199e-02 3.920784e-02 1.257446e-02 5.467403e-01 6.474333e-02
5.482292e-03 3.445532e-01 8.768640e-02 1.784144e-01 3.248221e-02 -4.280284e-01 1.549366e-01 1.447102e-01 1.490767e-02 -1.045381e-01 5.156539e-02 9.033079e-01 2.966172e-01
7.502084e-03 2.276705e-01 3.298564e-02 1.285491e-01 1.918875e-02 -2.222901e-01 3.806849e-02 1.235206e-01 1.204006e-02 -2.717331e-02 2.406543e-02 5.712911e-01 6.904474e-02
1.009896e-02 4.162551e-01 6.637171e-02 2.261006e-01 3.644852e-02 -3.365300e-01 3.407443e-02 1.683219e-01 2.420136e-02 -8.438230e-02 1.278509e-02 6.790943e-01 8.068164e-02
1.327292e-02 3.124440e-01 4.341821e-02 1.662478e-01 2.799962e-02 -1.743343e-01 3.615167e-02 1.435975e-01 1.861237e-02 -2.265267e-03 1.505361e-02 5.280363e-01 7.694219e-02
1.702396e-02 6.075312e-01 8.671035e-02 2.895514e-01 5.585677e-02 -3.373069e-01 6.655383e-02 1.967384e-01 3.427119e-02 -6.770993e-02 2.833243e-02 7.340064e-01 7.982908e-02
4.905209e-03 2.259763e-01 2.932165e-02 1.290828e-01 1.330971e-02 -2.574811e-01 5.797917e-02 1.196730e-01 8.645632e-03 -4.393329e-02 2.996289e-02 6.280767e-01 1.403895e-01
5.193751e-03 2.416880e-01 4.163862e-02 1.375357e-01 2.450339e-02 -2.850806e-01 5.415396e-02 1.173387e-01 1.839085e-02 -8.436722e-02 1.828358e-02 5.950104e-01 1.120690e-01
6.059376e-03 2.226292e-01 5.297918e-02 1.382902e-01 1.862329e-02 -2.091675e-01 9.956500e-02 1.283858e-01 8.715507e-03 -4.471157e-02 4.280417e-02 4.750851e-01 1.601101e-01
7.502084e-03 1.928556e-01 2.449543e-02 1.064109e-01 1.919439e-02 -1.906658e-01 5.277191e-02 1.165878e-01 1.888653e-02 1.392529e-02 3.029191e-02 5.949709e-01 9.397460e-02
9.521876e-03 2.955103e-01 4.274035e-02 1.773304e-01 2.507558e-02 -1.784588e-01 3.826042e-02 1.523309e-01 1.760310e-02 -2.946045e-02 2.558300e-02 4.344111e-01 5.687719e-02
1.211875e-02 3.337227e-01 5.967904e-02 1.792354e-01 4.040366e-02 -2.469979e-01 4.885443e-02 1.520162e-01 2.410210e-02 -4.476973e-02 3.478553e-02 5.704378e-01 4.398044e-02
1.529271e-02 4.634797e-01 5.491301e-02 2.173324e-01 3.239040e-02 -2.825353e-01 5.568152e-02 1.598622e-01 2.094417e-02 -5.782335e-02 2.716772e-02 5.595746e-01 7.264251e-02
1.904375e-02 6.646729e-01 1.442741e-01 2.808063e-01 7.764756e-02 -3.630588e-01 6.405879e-02 1.805851e-01 3.972784e-02 -8.832807e-02 2.138473e-02 6.936419e-01 1.020591e-01
7.502084e-03 2.162381e-01 3.636189e-02 1.178374e-01 1.734611e-02 -2.359928e-01 5.094020e-02 1.041335e-01 7.413869e-03 -4.269642e-02 3.741093e-02 5.961513e-01 4.241993e-02
7.790626e-03 4.081002e-01 1.154898e-01 2.394266e-01 6.105563e-02 -3.654157e-01 1.271920e-01 1.931086e-01 3.025330e-02 -1.066761e-01 7.245505e-02 7.241262e-01 1.250370e-01
8.656251e-03 2.845193e-01 3.314244e-02 1.631187e-01 2.238042e-02 -2.116206e-01 3.628513e-02 1.432591e-01 1.375550e-02 -2.956725e-02 1.112703e-02 5.131414e-01 8.417972e-02
1.009896e-02 3.998879e-01 7.230967e-02 2.242581e-01 4.621642e-02 -3.169940e-01 4.523006e-02 1.783288e-01 2.547437e-02 -7.623545e-02 3.873509e-02 6.477569e-01 5.272255e-02
1.211875e-02 5.076081e-01 7.098094e-02 2.810252e-01 4.302136e-02 -3.753402e-01 5.520638e-02 2.067374e-01 2.698480e-02 -1.263935e-01 3.701751e-02 6.896557e-01 7.096925e-02
1.471563e-02 7.934836e-01 1.114083e-01 3.735982e-01 5.884017e-02 -6.215624e-01 1.135868e-01 2.267383e-01 3.150017e-02 -2.065365e-01 4.162559e-02 1.015193e+00 2.007541e-01
1.788959e-02 6.351137e-01 5.975006e-02 2.837366e-01 2.657995e-02 -4.146114e-01 4.594303e-02 1.943627e-01 1.822649e-02 -1.305541e-01 1.601387e-02 6.785568e-01 4.572028e-02
2.164063e-02 6.243582e-01 9.424062e-02 2.598024e-01 5.135627e-02 -3.788853e-01 7.973805e-02 1.834494e-01 2.865568e-02 -7.612327e-02 3.029193e-02 7.987400e-01 1.553110e-01
1.067604e-02 2.625023e-01 4.444148e-02 1.377297e-01 1.595804e-02 -2.239865e-01 6.743560e-02 1.184488e-01 1.371126e-02 -3.951570e-02 2.771117e-02 6.122828e-01 8.952367e-02
1.096458e-02 3.409309e-01 4.805164e-02 1.634809e-01 1.699406e-02 -3.274648e-01 6.092641e-02 1.275433e-01 1.089178e-02 -5.680785e-02 1.448662e-02 7.564822e-01 1.155946e-01
1.183021e-02 3.602653e-01 5.283832e-02 1.848490e-01 2.440964e-02 -2.796587e-01 6.456451e-02 1.479257e-01 1.501790e-02 -5.793055e-02 2.458716e-02 5.982074e-01 1.035862e-01
1.327292e-02 4.578722e-01 1.310418e-01 2.125668e-01 5.567776e-02 -4.173572e-01 1.441781e-01 1.500394e-01 2.618884e-02 -1.149766e-01 5.702453e-02 7.872621e-01 1.676124e-01
1.529271e-02 5.356881e-01 1.211411e-01 2.507585e-01 6.087016e-02 -3.504675e-01 5.146732e-02 1.812400e-01 2.767794e-02 -8.973831e-02 2.900421e-02 5.943605e-01 4.634524e-02
1.788959e-02 6.851132e-01 9.418970e-02 3.190175e-01 4.031947e-02 -4.115805e-01 1.035199e-01 1.996573e-01 1.992065e-02 -1.261129e-01 3.240634e-02 7.192956e-01 1.051237e-01
2.106354e-02 8.938954e-01 1.397177e-01 3.711664e-01 4.375637e-02 -5.996876e-01 1.228574e-01 2.160091e-01 1.322683e-02 -1.788724e-01 4.118376e-02 9.737770e-01 1.933951e-01
2.481459e-02 7.256598e-01 1.323168e-01 2.859785e-01 4.809160e-02 -3.309633e-01 7.956121e-02 1.774128e-01 1.971019e-02 -7.938559e-02 3.189573e-02 6.961197e-01 4.678567e-02
1.442709e-02 6.178594e-01 1.296216e-01 3.187858e-01 7.072143e-02 -4.055696e-01 1.432289e-01 2.128364e-01 4.742371e-02 -1.437437e-01 5.612728e-02 6.643618e-01 1.738936e-01
1.471563e-02 3.962746e-01 7.870333e-02 1.869545e-01 4.558879e-02 -3.694443e-01 7.020984e-02 1.400930e-01 2.278028e-02 -8.924078e-02 4.812943e-02 7.987237e-01 5.864259e-02
1.558125e-02 6.556812e-01 1.369218e-01 3.240798e-01 7.853492e-02 -3.810615e-01 7.570210e-02 2.227440e-01 4.289709e-02 -1.087178e-01 5.209539e-02 7.037377e-01 1.063424e-01
1.702396e-02 5.920357e-01 1.471360e-01 2.494528e-01 6.013850e-02 -3.977025e-01 9.309377e-02 1.573072e-01 2.507688e-02 -8.199295e-02 4.149183e-02 8.375456e-01 1.035206e-01
1.904375e-02 1.046863e+00 2.566051e-01 4.459727e-01 1.041642e-01 -7.994405e-01 2.060967e-01 2.548632e-01 4.941003e-02 -2.849466e-01 9.143764e-02 1.088010e+00 1.637655e-01
2.164063e-02 8.115225e-01 8.834333e-02 3.244907e-01 3.492181e-02 -4.961522e-01 7.067488e-02 2.024998e-01 1.992655e-02 -1.237113e-01 2.049944e-02 8.912077e-01 1.172315e-01
2.481459e-02 9.656460e-01 1.725726e-01 3.754295e-01 6.560038e-02 -5.651041e-01 1.691606e-01 2.213904e-01 2.321964e-02 -2.015076e-01 7.302779e-02 9.074981e-01 1.192249e-01
2.856563e-02 8.006835e-01 3.664532e-02 2.455639e-01 2.104674e-02 -4.686937e-01 1.081192e-02 1.561092e-01 1.775620e-02 -1.025103e-01 1.441702e-02 8.514512e-01 4.463038e-02
1.154167e-03 1.634615e-01 3.500442e-02 1.253859e-01 1.944829e-02 -1.605901e-01 6.284480e-02 1.534757e-01 2.133591e-02 7.191828e-03 2.628830e-02 4.732077e-01 1.254756e-01
1.442709e-03 2.248099e-01 4.936236e-02 1.390528e-01 2.640777e-02 -2.981867e-01 9.559486e-02 1.365815e-01 2.062538e-02 -7.163285e-02 4.095106e-02 6.708418e-01 1.878460e-01
2.308334e-03 1.090876e-01 1.025062e-02 9.903903e-02 1.116911e-02 -5.668050e-02 2.009027e-02 1.314872e-01 1.298496e-02 4.121142e-02 2.483245e-02 2.792240e-01 5.052886e-02
3.751042e-03 2.615931e-01 3.523007e-02 1.579831e-01 3.509441e-02 -3.006477e-01 6.313025e-02 1.516853e-01 2.956133e-02 -5.305037e-02 3.580422e-02 7.190131e-01 1.613981e-01
5.770834e-03 2.013705e-01 2.368820e-02 1.177767e-01 1.592341e-02 -2.177810e-01 4.449493e-02 1.174466e-01 1.589177e-02 -2.102520e-02 9.060988e-03 5.897297e-01 1.024450e-01
8.367709e-03 3.673261e-01 7.265540e-02 2.050138e-01 2.921180e-02 -2.930847e-01 9.220682e-02 1.616774e-01 1.599972e-02 -7.922839e-02 3.967582e-02 5.344719e-01 9.934424e-02
1.154167e-02 4.203225e-01 1.035001e-01 2.276538e-01 4.321724e-02 -3.315193e-01 1.142270e-01 1.793060e-01 1.855053e-02 -8.334922e-02 5.947365e-02 6.575483e-01 7.880708e-02
1.529271e-02 4.979753e-01 1.725809e-02 2.380772e-01 1.649992e-02 -4.079724e-01 3.114682e-02 1.715153e-01 1.467854e-02 -1.055421e-01 1.646516e-02 8.237238e-01 9.920746e-02
1.442709e-03 8.440443e-02 1.250360e-02 6.819688e-02 5.420933e-03 -6.745943e-02 2.849338e-02 1.101410e-01 6.592807e-03 6.642357e-02 2.092613e-02 3.438999e-01 1.022897e-01
1.731250e-03 1.561030e-01 3.074963e-02 9.433066e-02 3.544497e-02 -2.131223e-01 5.395987e-02 1.140051e-01 2.636164e-02 9.300418e-04 4.423651e-02 6.120327e-01 1.806812e-01
2.596875e-03 2.165434e-01 4.738474e-02 1.220470e-01 2.816287e-02 -2.899437e-01 6.452250e-02 1.210035e-01 1.879822e-02 -4.369347e-02 3.352132e-02 7.087501e-01 9.928797e-02
4.039584e-03 1.670006e-01 3.151892e-02 1.166332e-01 1.941976e-02 -1.463370e-01 3.819152e-02 1.311995e-01 1.654733e-02 4.686876e-03 1.415655e-02 4.226616e-01 8.575284e-02
6.059376e-03 2.143155e-01 5.579483e-02 1.163075e-01 2.231108e-02 -2.290815e-01 7.523383e-02 1.083140e-01 7.624401e-03 -3.336300e-02 3.854001e-02 5.454454e-01 9.556442e-02
8.656251e-03 1.972624e-01 3.262212e-02 1.244852e-01 2.664939e-02 -1.477056e-01 3.568759e-02 1.170998e-01 1.973332e-02 -1.917322e-02 1.440177e-02 4.282146e-01 7.786943e-02
1.183021e-02 3.477966e-01 5.675458e-02 2.092640e-01 3.419491e-02 -2.057912e-01 4.752522e-02 1.805255e-01 2.178782e-02 -2.781671e-02 2.406506e-02 5.712328e-01 5.127797e-02
1.558125e-02 8.291225e-01 1.102376e-01 3.667950e-01 5.071845e-02 -6.988207e-01 1.034881e-01 2.160186e-01 2.578222e-02 -2.394135e-01 4.934631e-02 9.703159e-01 1.519706e-01
2.308334e-03 1.462454e-01 2.068112e-02 1.214946e-01 2.203991e-02 -1.089368e-01 2.082311e-02 1.515067e-01 2.356833e-02 1.931575e-02 1.723286e-02 3.553967e-01 6.918869e-02
2.596875e-03 1.637916e-01 3.606444e-02 1.161244e-01 1.708225e-02 -1.706529e-01 6.574791e-02 1.455577e-01 1.660602e-02 1.932889e-02 3.020093e-02 5.264025e-01 1.351280e-01
3.462500e-03 1.379994e-01 7.978279e-03 1.222971e-01 1.114919e-02 -6.716882e-02 2.719055e-02 1.507175e-01 1.680862e-02 2.904210e-02 2.066469e-02 2.800914e-01 5.590048e-02
4.905209e-03 1.759373e-01 2.266713e-02 1.165401e-01 1.059637e-02 -1.417720e-01 4.674239e-02 1.258969e-01 1.070028e-02 1.084050e-02 1.687309e-02 4.380823e-01 9.732721e-02
6.925001e-03 1.935117e-01 2.316339e-02 1.085213e-01 1.590507e-02 -2.123279e-01 2.247884e-02 1.054589e-01 9.561434e-03 -1.683896e-02 2.529189e-02 5.847684e-01 4.673460e-02
9.521876e-03 2.943069e-01 2.969073e-02 1.578096e-01 1.670821e-02 -2.431779e-01 3.386329e-02 1.351578e-01 1.269035e-02 -2.936029e-02 1.840810e-02 6.130558e-01 4.965709e-02
1.269583e-02 3.721056e-01 2.865486e-02 1.822656e-01 1.201416e-02 -3.210941e-01 4.762319e-02 1.362926e-01 1.085702e-02 -8.337601e-02 1.065705e-02 6.248239e-01 1.148530e-01
1.644688e-02 6.056948e-01 1.426102e-01 2.863462e-01 6.527203e-02 -3.923601e-01 1.122939e-01 1.917287e-01 3.137654e-02 -1.188128e-01 4.567437e-02 6.977930e-01 1.004407e-01
3.751042e-03 1.717837e-01 2.195727e-02 1.294499e-01 1.653314e-02 -1.285747e-01 1.658177e-02 1.342683e-01 1.898838e-02 -2.471342e-02 1.604048e-02 3.090173e-01 5.078211e-02
4.039584e-03 1.886996e-01 3.578153e-02 1.363131e-01 2.258984e-02 -1.654357e-01 6.241557e-02 1.463550e-01 2.025561e-02 -7.352582e-03 2.659625e-02 4.795733e-01 1.082506e-01
4.905209e-03 1.636125e-01 2.871411e-02 1.099881e-01 2.011167e-02 -1.351536e-01 3.772801e-02 1.176015e-01 1.960300e-02 -9.335084e-03 1.921873e-02 3.340962e-01 4.773398e-02
6.347917e-03 2.365451e-01 2.564122e-02 1.285735e-01 1.838413e-02 -2.562016e-01 2.854251e-02 1.200463e-01 1.744561e-02 -3.810349e-02 5.380243e-03 5.863313e-01 6.068186e-02
8.367709e-03 3.132565e-01 3.031598e-02 1.881087e-01 1.154675e-02 -2.403277e-01 3.947125e-02 1.536898e-01 1.009270e-02 -6.919619e-02 2.159739e-02 4.659889e-01 5.260489e-02
1.096458e-02 4.190381e-01 3.413727e-02 2.179954e-01 1.526168e-02 -3.450955e-01 3.423506e-02 1.608950e-01 8.025308e-03 -9.514975e-02 1.225517e-02 6.441372e-01 7.594636e-02
1.413854e-02 5.696950e-01 1.053617e-01 2.639200e-01 5.002615e-02 -4.401713e-01 1.137215e-01 1.746266e-01 2.599792e-02 -1.141896e-01 5.060418e-02 7.547020e-01 1.083902e-01
1.788959e-02 6.746759e-01 8.908689e-02 2.598318e-01 4.391454e-02 -6.074397e-01 5.526797e-02 1.613251e-01 2.695580e-02 -1.443450e-01 2.257289e-02 1.032318e+00 1.035722e-01
5.770834e-03 2.472422e-01 4.041988e-02 1.424860e-01 3.169033e-02 -2.594829e-01 7.173304e-02 1.287615e-01 2.798771e-02 -4.809562e-02 2.366836e-02 6.146365e-01 1.503393e-01
6.059376e-03 2.589468e-01 1.794033e-02 1.493151e-01 1.327816e-02 -2.615227e-01 2.569426e-02 1.360309e-01 1.347019e-02 -3.838937e-02 7.869559e-03 6.449007e-01 8.315646e-02
6.925001e-03 1.869140e-01 3.148182e-02 1.081132e-01 1.425560e-02 -1.767550e-01 4.964976e-02 1.135446e-01 1.027291e-02 -6.170161e-03 2.450009e-02 4.733709e-01 8.675849e-02
8.367709e-03 2.541229e-01 2.878423e-02 1.365282e-01 1.980467e-02 -2.434073e-01 2.567557e-02 1.257782e-01 1.108656e-02 -3.139959e-02 2.622142e-02 5.945177e-01 4.936280e-02
1.038750e-02 3.559886e-01 6.227631e-02 1.914097e-01 2.356198e-02 -2.863131e-01 6.693243e-02 1.547463e-01 1.043701e-02 -6.745956e-02 3.657796e-02 5.767009e-01 6.885321e-02
1.298438e-02 6.006083e-01 1.357872e-01 3.123367e-01 7.418830e-02 -3.083211e-01 7.664692e-02 2.183040e-01 3.913885e-02 -8.214482e-02 3.847695e-02 5.456069e-01 5.165249e-02
1.615834e-02 4.821400e-01 1.649077e-01 2.139489e-01 7.074308e-02 -3.565406e-01 1.364978e-01 1.512784e-01 3.076523e-02 -1.021291e-01 5.526424e-02 6.149338e-01 1.225236e-01
1.990938e-02 6.516527e-01 1.051681e-01 2.722527e-01 5.379898e-02 -4.094426e-01 1.282846e-01 1.789857e-01 2.928763e-02 -1.145573e-01 6.120836e-02 7.185217e-01 1.084453e-01
8.367709e-03 2.428956e-01 4.491984e-02 1.448723e-01 2.796801e-02 -1.840539e-01 4.253846e-02 1.343221e-01 2.267043e-02 -1.030055e-02 2.498921e-02 5.302024e-01 9.344296e-02
8.656251e-03 3.360037e-01 5.708683e-02 1.962961e-01 2.460469e-02 -2.827184e-01 7.081415e-02 1.595839e-01 1.225036e-02 -7.263841e-02 3.444341e-02 5.960456e-01 8.346291e-02
9.521876e-03 4.863656e-01 7.019822e-02 2.355310e-01 3.863104e-02 -4.799812e-01 7.692375e-02 1.614040e-01 2.272360e-02 -1.492941e-01 4.432760e-02 8.215231e-01 7.893140e-02
1.096458e-02 4.862315e-01 1.216606e-01 2.637339e-01 7.068559e-02 -3.685427e-01 9.051928e-02 1.946004e-01 4.370747e-02 -1.177202e-01 5.007788e-02 6.405544e-01 1.124770e-01
1.298438e-02 4.812818e-01 9.531830e-02 2.268209e-01 4.271491e-02 -4.141298e-01 9.604163e-02 1.483613e-01 1.910674e-02 -1.362737e-01 5.085664e-02 7.077752e-01 7.770661e-02
1.558125e-02 5.365032e-01 4.276639e-02 2.388216e-01 2.496329e-02 -3.757944e-01 2.916840e-02 1.569284e-01 1.319250e-02 -9.526630e-02 1.571440e-02 6.875064e-01 7.994288e-02
1.875521e-02 5.215965e-01 9.077749e-02 2.232451e-01 4.025377e-02 -3.576007e-01 1.021365e-01 1.533065e-01 1.702243e-02 -1.096203e-01 5.290473e-02 6.487443e-01 7.755074e-02
2.250625e-02 9.448366e-01 1.744344e-01 3.749438e-01 7.011876e-02 -4.958229e-01 9.966937e-02 2.176860e-01 2.647777e-02 -1.316418e-01 5.253380e-02 8.156529e-01 7.478236e-02
1.154167e-02 3.205880e-01 4.528377e-02 1.737759e-01 2.790613e-02 -2.556495e-01 4.722865e-02 1.459555e-01 2.043425e-02 -6.012556e-02 1.581528e-02 5.605443e-01 9.728033e-02
1.183021e-02 2.551555e-01 2.032754e-02 1.284030e-01 8.742569e-03 -2.125827e-01 2.428220e-02 1.081314e-01 5.326481e-03 -3.841041e-02 4.752402e-03 5.232566e-01 7.612705e-02
1.269583e-02 5.274943e-01 7.278245e-02 2.933426e-01 4.273444e-02 -3.624235e-01 5.988098e-02 2.075067e-01 2.643066e-02 -1.398999e-01 3.141874e-02 6.077261e-01 7.352172e-02
1.413854e-02 5.407679e-01 1.551402e-01 2.552138e-01 6.430411e-02 -4.383217e-01 1.681107e-01 1.657761e-01 2.685250e-02 -1.490167e-01 7.429732e-02 6.856333e-01 1.617082e-01
1.615834e-02 6.235960e-01 1.259743e-01 3.164490e-01 5.421770e-02 -3.819254e-01 1.133221e-01 2.189391e-01 2.373612e-02 -1.162560e-01 4.371819e-02 7.087261e-01 1.129457e-01
1.875521e-02 9.728200e-01 2.879470e-01 4.188141e-01 1.306808e-01 -6.758880e-01 1.344388e-01 2.430232e-01 5.530606e-02 -2.316517e-01 6.568939e-02 8.826108e-01 9.078517e-02
2.192917e-02 9.632919e-01 1.550107e-01 3.675545e-01 6.129758e-02 -7.052479e-01 1.385328e-01 2.063016e-01 2.236011e-02 -2.038622e-01 5.567822e-02 1.031911e+00 1.471301e-01
2.568021e-02 9.622075e-01 2.244500e-01 3.628356e-01 8.090468e-02 -5.625808e-01 1.686381e-01 2.176135e-01 3.110756e-02 -1.574648e-01 5.537619e-02 1.013037e+00 9.404832e-02
1.529271e-02 4.632988e-01 5.623166e-02 2.205118e-01 2.448606e-02 -2.916714e-01 5.413983e-02 1.555668e-01 1.000518e-02 -6.732384e-02 2.939143e-02 6.005961e-01 8.005059e-02
1.558125e-02 6.762627e-01 1.615631e-01 2.978989e-01 6.090199e-02 -5.065725e-01 1.560538e-01 1.890217e-01 2.359808e-02 -1.483612e-01 6.834449e-02 7.859319e-01 9.581016e-02
1.644688e-02 5.917098e-01 6.448698e-02 2.665662e-01 2.995696e-02 -3.868032e-01 5.865949e-02 1.812119e-01 1.732411e-02 -9.852578e-02 2.759321e-02 7.738182e-01 9.923141e-02
1.788959e-02 6.966587e-01 9.879029e-02 3.014816e-01 3.949893e-02 -5.105371e-01 7.502582e-02 1.936280e-01 1.861766e-02 -1.468558e-01 4.073880e-02 8.936464e-01 6.261186e-02
1.990938e-02 1.069190e+00 2.610012e-01 4.938011e-01 1.607963e-01 -7.178939e-01 1.324960e-01 2.959397e-01 9.339014e-02 -2.658542e-01 9.003899e-02 9.990264e-01 9.181542e-02
2.250625e-02 6.883079e-01 9.977129e-02 2.747026e-01 5.601329e-02 -4.983640e-01 7.880371e-02 1.767475e-01 2.856114e-02 -1.384033e-01 4.380017e-02 9.042199e-01 8.081451e-02
2.568021e-02 6.885516e-01 8.108903e-02 2.473456e-01 4.010373e-02 -4.451922e-01 9.656458e-02 1.658968e-01 1.352857e-02 -1.166442e-01 3.882650e-02 7.802201e-01 1.286773e-01
2.943125e-02 9.497275e-01 2.225497e-01 3.525587e-01 8.532170e-02 -3.496282e-01 1.332164e-01 2.336812e-01 3.328017e-02 -1.154765e-01 5.126866e-02 7.899689e-01 1.228508e-01
2.596875e-03 1.437899e-01 2.520750e-02 1.001341e-01 1.336216e-02 -1.580803e-01 5.368379e-02 1.145617e-01 1.035041e-02 -1.159057e-02 1.872736e-02 4.335457e-01 1.180441e-01
2.885417e-03 2.244937e-01 8.996323e-02 1.389769e-01 4.609867e-02 -2.659901e-01 1.379633e-01 1.401738e-01 2.269207e-02 -4.552674e-02 8.971275e-02 6.274832e-01 1.999772e-01
3.751042e-03 1.915632e-01 1.900173e-02 1.264865e-01 9.308859e-03 -1.880954e-01 4.837482e-02 1.233712e-01 1.365046e-02 -3.163699e-02 2.027233e-02 4.679619e-01 8.435182e-02
5.193751e-03 2.516769e-01 3.976255e-02 1.546514e-01 3.167591e-02 -2.701085e-01 6.070876e-02 1.515682e-01 2.919522e-02 -4.474159e-02 1.339668e-02 6.420829e-01 1.413287e-01
7.213543e-03 1.902251e-01 2.713209e-02 1.169518e-01 2.467373e-02 -1.643984e-01 1.844489e-02 1.241745e-01 2.152531e-02 6.146625e-03 3.237820e-02 5.048236e-01 2.803206e-02
9.810418e-03 3.623722e-01 5.013447e-02 1.894040e-01 2.884493e-02 -2.994411e-01 6.856933e-02 1.402900e-01 1.765280e-02 -8.638031e-02 2.850037e-02 5.380184e-01 1.128718e-01
1.298438e-02 4.096076e-01 8.251861e-02 2.098113e-01 4.785435e-02 -2.750687e-01 6.077589e-02 1.593122e-01 2.648505e-02 -7.673178e-02 4.071545e-02 5.168511e-01 4.108310e-02
1.673542e-02 8.949896e-01 1.842706e-01 4.147747e-01 9.938847e-02 -6.164376e-01 1.563922e-01 2.568930e-01 5.889825e-02 -2.082630e-01 7.209936e-02 8.707159e-01 1.532895e-01
2.885417e-03 1.353749e-01 2.677865e-02 1.097583e-01 2.193212e-02 -9.554862e-02 2.817085e-02 1.305868e-01 2.280948e-02 1.019207e-02 2.311446e-02 3.049350e-01 5.262717e-02
3.173959e-03 1.475189e-01 1.703563e-02 9.942729e-02 9.720277e-03 -1.541912e-01 5.150984e-02 1.187756e-01 1.799658e-02 1.037952e-02 2.867373e-02 4.782935e-01 9.079233e-02
4.039584e-03 1.363415e-01 1.899058e-02 9.175136e-02 1.683342e-02 -1.204867e-01 2.090290e-02 1.032820e-01 1.532901e-02 8.920860e-03 1.170881e-02 3.794524e-01 3.057024e-02
5.482292e-03 2.146441e-01 6.483872e-02 1.255651e-01 1.875417e-02 -2.362265e-01 1.247650e-01 1.153541e-01 6.580805e-03 -5.390069e-02 3.959902e-02 5.302452e-01 2.236662e-01
7.502084e-03 2.422384e-01 4.208645e-02 1.521324e-01 3.041992e-02 -2.035790e-01 2.896483e-02 1.447516e-01 2.405793e-02 -3.087031e-02 1.680242e-02 5.166783e-01 4.344067e-02
1.009896e-02 4.400004e-01 9.496230e-02 2.231550e-01 4.002879e-02 -4.281987e-01 1.315661e-01 1.628831e-01 1.372947e-02 -1.281166e-01 6.103951e-02 8.010031e-01 1.605948e-01
1.327292e-02 5.235428e-01 9.108140e-02 2.539230e-01 5.059478e-02 -4.278368e-01 7.915486e-02 1.795250e-01 2.939006e-02 -1.222716e-01 4.264443e-02 7.732665e-01 1.265889e-01
1.702396e-02 7.742849e-01 1.050893e-01 3.498958e-01 5.977789e-02 -5.617381e-01 8.902789e-02 2.138754e-01 3.558216e-02 -1.832519e-01 4.585017e-02 8.094265e-01 6.909752e-02
3.751042e-03 1.902948e-01 1.192707e-02 1.183767e-01 1.766711e-02 -2.154977e-01 7.314661e-02 1.257176e-01 2.072594e-02 -2.281127e-02 1.106738e-02 5.524783e-01 1.774573e-01
4.039584e-03 1.316222e-01 1.370301e-02 9.435481e-02 1.384729e-02 -1.134767e-01 2.728226e-02 1.123290e-01 2.305080e-02 1.354825e-02 2.351752e-02 3.674685e-01 8.067859e-02
4.905209e-03 1.820977e-01 3.253632e-02 1.323660e-01 2.641459e-02 -1.187127e-01 1.753216e-02 1.434840e-01 2.262206e-02 1.332390e-02 2.310715e-02 3.706909e-01 4.608823e-02
6.347917e-03 2.413611e-01 3.048238e-02 1.410408e-01 1.460856e-02 -2.550119e-01 5.183879e-02 1.329238e-01 1.625033e-02 -3.678671e-02 1.290092e-02 6.761184e-01 1.727595e-01
8.367709e-03 3.327729e-01 4.803046e-02 1.979512e-01 2.755640e-02 -2.980299e-01 8.600909e-02 1.798320e-01 1.874263e-02 -5.301541e-02 3.448274e-02 6.823689e-01 1.471180e-01
1.096458e-02 3.984320e-01 5.815909e-02 2.042436e-01 3.745117e-02 -3.729046e-01 5.686926e-02 1.599237e-01 2.661508e-02 -1.130725e-01 2.944740e-02 6.761957e-01 7.175665e-02
1.413854e-02 4.147542e-01 1.500056e-02 2.258092e-01 1.133552e-02 -2.504071e-01 2.613714e-02 1.673120e-01 1.085816e-02 -6.776298e-02 1.774099e-02 5.699374e-01 8.333482e-02
1.788959e-02 3.568977e-01 4.810269e-02 1.628647e-01 1.952057e-02 -2.652079e-01 6.303689e-02 1.279346e-01 9.971101e-03 -7.723877e-02 2.944495e-02 5.671503e-01 7.066497e-02
5.193751e-03 2.008921e-01 3.908508e-02 1.537654e-01 2.229546e-02 -1.302783e-01 5.785007e-02 1.650813e-01 1.607459e-02 4.699969e-03 3.862681e-02 4.009749e-01 7.551486e-02
5.482292e-03 2.103808e-01 5.653699e-02 1.273239e-01 3.295089e-02 -2.017461e-01 6.914660e-02 1.257566e-01 1.978362e-02 -1.646432e-02 4.097669e-02 5.170073e-01 8.208914e-02
6.347917e-03 2.401228e-01 4.684061e-02 1.666672e-01 3.794902e-02 -1.638397e-01 2.703551e-02 1.633475e-01 3.261259e-02 -2.260201e-02 1.883867e-02 4.154126e-01 2.501366e-02
7.790626e-03 1.936859e-01 4.508419e-02 1.139540e-01 3.396575e-02 -1.759021e-01 3.281502e-02 1.148230e-01 2.536716e-02 -1.366533e-02 2.258624e-02 4.887223e-01 5.576410e-02
9.810418e-03 3.338849e-01 4.513236e-02 1.805678e-01 3.569291e-02 -2.656140e-01 2.150601e-02 1.606855e-01 2.006821e-02 3.759321e-03 3.724885e-02 7.917693e-01 1.438931e-01
1.240729e-02 3.857852e-01 6.635924e-02 2.152431e-01 3.269960e-02 -2.506527e-01 6.764292e-02 1.688027e-01 1.595426e-02 -6.464787e-02 4.417888e-02 5.713538e-01 6.886576e-02
1.558125e-02 5.407918e-01 4.571704e-02 2.493433e-01 2.645734e-02 -3.817953e-01 4.167471e-02 1.678350e-01 1.661249e-02 -1.078302e-01 1.327237e-02 6.757934e-01 8.756152e-02
1.933229e-02 7.825652e-01 4.447807e-02 3.522334e-01 2.499632e-02 -4.887327e-01 5.910619e-02 2.188900e-01 1.666142e-02 -1.676862e-01 2.446396e-02 7.313949e-01 7.677673e-02
7.213543e-03 2.117116e-01 1.402907e-02 1.270745e-01 4.390281e-03 -1.724402e-01 4.143941e-02 1.294494e-01 9.737069e-03 7.237224e-03 3.282625e-02 5.321164e-01 7.937798e-02
7.502084e-03 3.285249e-01 3.731094e-02 1.913303e-01 1.615524e-02 -2.944756e-01 5.916902e-02 1.596361e-01 1.017988e-02 -8.033762e-02 2.209893e-02 5.953013e-01 8.501498e-02
8.367709e-03 4.500900e-01 8.234059e-02 2.940388e-01 5.036201e-02 -3.201553e-01 6.525500e-02 2.365297e-01 3.234250e-02 -1.309675e-01 3.357446e-02 5.705975e-01 8.079664e-02
9.810418e-03 4.090713e-01 8.789678e-02 2.106314e-01 4.565483e-02 -3.599360e-01 6.608134e-02 1.555559e-01 2.240167e-02 -1.046703e-01 3.616743e-02 6.638993e-01 7.458244e-02
1.183021e-02 3.142716e-01 5.730722e-02 1.722044e-01 2.997025e-02 -2.182051e-01 4.376052e-02 1.421670e-01 1.597791e-02 -3.769795e-02 2.499478e-02 5.635078e-01 9.367068e-02
1.442709e-02 4.159385e-01 2.805504e-02 1.838591e-01 1.097077e-02 -3.359246e-01 5.516674e-02 1.279480e-01 4.845359e-03 -7.966645e-02 3.242998e-02 6.902530e-01 4.783576e-02
1.760104e-02 4.538635e-01 4.210990e-02 2.119559e-01 1.747643e-02 -3.343910e-01 4.206461e-02 1.574168e-01 1.309520e-02 -1.023302e-01 1.874866e-02 6.794714e-01 5.458889e-02
2.135209e-02 9.250000e-01 1.280287e-01 3.445227e-01 4.285596e-02 -6.555675e-01 1.157047e-01 1.996245e-01 2.093850e-02 -1.910138e-01 2.564396e-02 1.003564e+00 1.426025e-01
9.810418e-03 3.698534e-01 3.149473e-02 1.969457e-01 1.852241e-02 -3.236365e-01 4.202362e-02 1.413932e-01 1.315424e-02 -1.107178e-01 2.870145e-02 5.734542e-01 3.374130e-02
1.009896e-02 4.079249e-01 1.638285e-02 1.958191e-01 7.313051e-03 -3.643019e-01 4.864725e-02 1.396973e-01 7.732542e-03 -1.009959e-01 1.552841e-02 6.183401e-01 7.307194e-02
1.096458e-02 3.316571e-01 5.561959e-02 1.780440e-01 3.135415e-02 -2.655976e-01 5.480232e-02 1.445680e-01 1.722618e-02 -5.628754e-02 3.094115e-02 5.865466e-01 5.663089e-02
1.240729e-02 4.865652e-01 5.067474e-02 2.264012e-01 2.782752e-02 -4.287667e-01 5.397126e-02 1.462195e-01 1.571118e-02 -1.490367e-01 2.428813e-02 6.814022e-01 7.373207e-02
1.442709e-02 6.995455e-01 1.744750e-01 3.438343e-01 9.607531e-02 -5.387090e-01 1.482805e-01 2.111919e-01 5.145198e-02 -2.256618e-01 8.798046e-02 7.353934e-01 1.466512e-01
1.702396e-02 6.664631e-01 7.985609e-02 3.124744e-01 4.926787e-02 -3.931607e-01 5.155735e-02 2.088107e-01 2.984300e-02 -1.216811e-01 2.568539e-02 6.683301e-01 6.709558e-02
2.019792e-02 7.091496e-01 1.399175e-01 3.036370e-01 6.643636e-02 -4.108180e-01 1.031211e-01 2.038889e-01 3.053209e-02 -1.302907e-01 5.498443e-02 7.268670e-01 8.560554e-02
2.394896e-02 7.865461e-01 1.733938e-01 3.226475e-01 7.515462e-02 -4.404334e-01 1.299534e-01 2.030084e-01 3.430198e-02 -1.229145e-01 5.397135e-02 8.048416e-01 1.414506e-01
1.298438e-02 6.800710e-01 2.852882e-01 3.412233e-01 1.501580e-01 -4.912415e-01 1.965175e-01 2.308326e-01 7.693151e-02 -1.481315e-01 1.143157e-01 7.787515e-01 1.161615e-01
1.327292e-02 5.712990e-01 8.113256e-02 2.824611e-01 3.997868e-02 -4.480350e-01 1.043990e-01 2.026343e-01 2.484969e-02 -1.063996e-01 4.259167e-02 8.538591e-01 1.418080e-01
1.413854e-02 3.232833e-01 3.744252e-02 1.514447e-01 1.555591e-02 -2.674282e-01 5.768781e-02 1.331487e-01 1.134896e-02 -2.433176e-02 2.674388e-02 6.842956e-01 1.009103e-01
1.558125e-02 5.222795e-01 7.121372e-02 2.385749e-01 3.523396e-02 -3.681304e-01 3.514311e-02 1.651998e-01 2.436972e-02 -1.063253e-01 2.448349e-02 6.430342e-01 3.259725e-02
1.760104e-02 7.946502e-01 1.102699e-01 3.354639e-01 4.835721e-02 -6.060613e-01 1.128078e-01 1.907859e-01 2.277662e-02 -1.936471e-01 5.724273e-02 8.833577e-01 9.201603e-02
2.019792e-02 6.919592e-01 2.029879e-01 2.832780e-01 8.749757e-02 -4.011210e-01 1.182338e-01 1.766498e-01 3.804232e-02 -1.065950e-01 4.259578e-02 7.374174e-01 1.371048e-01
2.337188e-02 6.875881e-01 1.584075e-01 2.465497e-01 5.070305e-02 -4.533689e-01 1.466625e-01 1.594681e-01 1.525384e-02 -1.267236e-01 5.406859e-02 7.930307e-01 1.264310e-01
2.712292e-02 5.624769e-01 7.722151e-02 1.831638e-01 3.018935e-02 -3.644744e-01 8.719915e-02 1.515774e-01 1.427687e-02 -6.428607e-02 2.595849e-02 8.492721e-01 7.960451e-02
1.673542e-02 4.906109e-01 7.839962e-02 2.232472e-01 3.535868e-02 -3.476902e-01 7.406633e-02 1.616282e-01 2.281574e-02 -1.013876e-01 2.961286e-02 7.135732e-01 1.070937e-01
1.702396e-02 7.505968e-01 1.123894e-01 3.317569e-01 3.628895e-02 -5.262380e-01 1.223214e-01 2.071137e-01 6.753415e-03 -1.747021e-01 4.445394e-02 7.720222e-01 1.559375e-01
1.788959e-02 4.910193e-01 4.676979e-02 2.347114e-01 2.852858e-02 -3.091589e-01 2.676264e-02 1.654624e-01 2.277371e-02 -7.891170e-02 1.123854e-02 6.508728e-01 3.082125e-02
1.933229e-02 6.750220e-01 1.378765e-01 2.983426e-01 4.717719e-02 -5.289695e-01 1.959413e-01 1.871650e-01 1.746112e-02 -1.708985e-01 7.048218e-02 9.558797e-01 2.384389e-01
2.135209e-02 7.815733e-01 2.621394e-01 3.607096e-01 1.313021e-01 -4.665906e-01 1.358391e-01 2.311616e-01 6.560093e-02 -1.724521e-01 7.732915e-02 8.255820e-01 4.782377e-02
2.394896e-02 6.523241e-01 8.787196e-02 2.215035e-01 2.498071e-02 -5.024145e-01 1.389429e-01 1.505160e-01 6.770992e-03 -1.288578e-01 5.681082e-02 1.041693e+00 1.568337e-01
2.712292e-02 1.089874e+00 2.582537e-01 3.954561e-01 1.068201e-01 -5.420980e-01 1.822834e-01 2.397562e-01 4.478738e-02 -1.451128e-01 8.350056e-02 9.959186e-01 6.726754e-02
3.087396e-02 5.296927e-01 2.319199e-02 1.389177e-01 1.692174e-02 -2.639725e-01 3.077471e-02 1.454147e-01 8.109487e-03 -6.915163e-02 1.671563e-02 7.669164e-01 3.197973e-02
4.616667e-03 2.009519e-01 7.175622e-02 1.539413e-01 5.244461e-02 -1.347098e-01 5.300292e-02 1.596006e-01 4.149253e-02 -1.429280e-02 3.241004e-02 3.484382e-01 6.677748e-02
4.905209e-03 2.533812e-01 3.618761e-02 1.620176e-01 1.985952e-02 -2.639932e-01 4.723554e-02 1.538655e-01 1.426137e-02 -5.502125e-02 1.294451e-02 6.323358e-01 9.734371e-02
5.770834e-03 1.827356e-01 1.767942e-02 1.158101e-01 1.044731e-02 -1.667063e-01 2.706232e-02 1.183873e-01 9.002864e-03 -1.903878e-02 1.615125e-02 4.284970e-01 4.704387e-02
7.213543e-03 3.652024e-01 8.769227e-02 2.008502e-01 3.568784e-02 -3.879627e-01 1.304829e-01 1.566883e-01 1.736512e-02 -1.150486e-01 5.976673e-02 7.630201e-01 1.805497e-01
9.233335e-03 3.386746e-01 2.577543e-02 1.964061e-01 1.891227e-02 -2.474627e-01 5.189396e-02 1.661141e-01 1.882050e-02 -4.829965e-02 2.980598e-02 5.272270e-01 7.799260e-02
1.183021e-02 4.047589e-01 6.432074e-02 2.046536e-01 3.515874e-02 -3.088764e-01 5.506346e-02 1.524906e-01 2.212004e-02 -6.208119e-02 4.085697e-02 6.718112e-01 3.323559e-02
1.500417e-02 4.528893e-01 1.464712e-01 2.198952e-01 7.420539e-02 -3.148839e-01 8.557743e-02 1.608128e-01 3.905833e-02 -8.862960e-02 3.499417e-02 6.339642e-01 9.977782e-02
1.875521e-02 4.971747e-01 7.627932e-02 2.216635e-01 3.865463e-02 -3.276338e-01 3.620832e-02 1.584211e-01 2.071521e-02 -9.629244e-02 3.100625e-02 7.182041e-01 6.208715e-02
4.905209e-03 2.087071e-01 3.150658e-02 1.360690e-01 1.196140e-02 -1.863510e-01 6.271129e-02 1.259934e-01 9.645846e-03 -3.834013e-02 3.315315e-02 4.483548e-01 1.030366e-01
5.193751e-03 2.143432e-01 3.174152e-02 1.482558e-01 2.934970e-02 -1.680853e-01 1.938914e-02 1.490394e-01 2.345955e-02 -1.773363e-02 1.635130e-02 4.200874e-01 6.095172e-02
6.059376e-03 2.457110e-01 3.188421e-02 1.659813e-01 2.613556e-02 -1.852814e-01 3.521042e-02 1.540538e-01 2.483609e-02 -4.019816e-02 2.815767e-02 4.353842e-01 4.452537e-02
7.502084e-03 2.414176e-01 3.038422e-02 1.434907e-01 2.433275e-02 -1.886013e-01 2.360919e-02 1.346124e-01 1.810169e-02 -1.420289e-02 1.290629e-02 4.834548e-01 6.572417e-02
9.521876e-03 3.616369e-01 5.433460e-02 1.850253e-01 3.225293e-02 -3.034638e-01 4.017513e-02 1.390284e-01 2.447462e-02 -7.297413e-02 1.868642e-02 6.041870e-01 6.143960e-02
1.211875e-02 4.824410e-01 1.017089e-01 2.534402e-01 5.230947e-02 -3.409280e-01 8.145973e-02 1.826158e-01 2.710020e-02 -7.531232e-02 3.817700e-02 7.302719e-01 1.570407e-01
1.529271e-02 5.719713e-01 1.535417e-01 2.799006e-01 7.994287e-02 -3.521167e-01 9.832057e-02 1.926255e-01 4.108817e-02 -1.045661e-01 4.523280e-02 6.191277e-01 1.100186e-01
1.904375e-02 6.656508e-01 1.135756e-01 2.918392e-01 4.807774e-02 -3.805257e-01 7.897872e-02 1.896962e-01 2.883953e-02 -1.185939e-01 2.869957e-02 6.970031e-01 8.384192e-02
5.770834e-03 1.905126e-01 3.505687e-02 1.240336e-01 1.744243e-02 -1.579235e-01 4.751443e-02 1.281941e-01 9.963911e-03 -4.455743e-03 3.380581e-02 4.384896e-01 3.614145e-02
6.059376e-03 2.453866e-01 2.455057e-02 1.563533e-01 5.222059e-03 -2.253080e-01 6.689017e-02 1.492490e-01 9.827484e-03 -3.648859e-02 3.093690e-02 5.521631e-01 1.161519e-01
6.925001e-03 1.826829e-01 9.219127e-03 1.237369e-01 1.340416e-02 -1.420089e-01 4.496312e-02 1.355374e-01 1.582324e-02 6.652541e-03 1.751227e-02 4.454096e-01 7.882872e-02
8.367709e-03 3.137917e-01 7.398328e-02 1.785454e-01 4.243754e-02 -2.534907e-01 7.049411e-02 1.572217e-01 2.259917e-02 -5.183278e-02 4.497488e-02 5.424374e-01 8.510399e-02
1.038750e-02 4.045429e-01 8.972848e-02 2.192120e-01 4.756823e-02 -3.703906e-01 1.150487e-01 1.677547e-01 2.234160e-02 -1.094832e-01 6.666210e-02 7.043220e-01 1.371783e-01
1.298438e-02 3.312316e-01 3.574950e-02 1.771384e-01 1.501228e-02 -1.928277e-01 4.455669e-02 1.418380e-01 6.402901e-03 -2.819126e-02 2.238963e-02 4.978922e-01 4.799752e-02
1.615834e-02 4.010592e-01 1.308608e-01 1.724250e-01 5.445127e-02 -2.464130e-01 1.088190e-01 1.286114e-01 2.393952e-02 -5.471845e-02 4.750837e-02 5.561799e-01 5.983747e-02
1.990938e-02 1.022033e+00 1.705153e-01 4.132562e-01 6.896854e-02 -5.587325e-01 1.301069e-01 2.178568e-01 2.953752e-02 -1.702174e-01 4.538930e-02 7.452335e-01 1.681561e-01
7.213543e-03 2.421381e-01 9.491792e-02 1.455648e-01 4.639150e-02 -1.990897e-01 1.097882e-01 1.423250e-01 2.096082e-02 1.022788e-02 6.111654e-02 6.110065e-01 1.445801e-01
7.502084e-03 2.227325e-01 2.312500e-02 1.199927e-01 2.030614e-02 -2.393121e-01 1.706437e-02 1.125792e-01 1.882542e-02 -3.293498e-02 1.591764e-02 5.836914e-01 5.182764e-02
8.367709e-03 2.987659e-01 6.656587e-02 1.655539e-01 2.819320e-02 -2.898949e-01 8.350482e-02 1.418457e-01 1.329591e-02 -5.834260e-02 3.099472e-02 7.139885e-01 1.422611e-01
9.810418e-03 3.546343e-01 7.246905e-02 1.922004e-01 3.974782e-02 -2.827849e-01 7.061891e-02 1.568366e-01 2.180473e-02 -4.999674e-02 3.523919e-02 6.405802e-01 8.110407e-02
1.183021e-02 4.217055e-01 5.533796e-02 2.336892e-01 2.187420e-02 -2.773896e-01 8.120568e-02 1.858640e-01 1.024853e-02 -6.339475e-02 4.110960e-02 6.132559e-01 1.089563e-01
1.442709e-02 3.828775e-01 5.496101e-02 1.857974e-01 3.219018e-02 -2.508802e-01 3.361055e-02 1.390603e-01 1.635496e-02 -6.621552e-02 1.187846e-02 5.000366e-01 7.651374e-02
1.760104e-02 9.251390e-01 1.847791e-01 4.170006e-01 9.150123e-02 -6.190975e-01 1.082563e-01 2.423629e-01 4.283709e-02 -2.186049e-01 5.948365e-02 8.691358e-01 7.135336e-02
2.135209e-02 7.709953e-01 2.355881e-01 3.040613e-01 1.043533e-01 -4.284615e-01 1.182281e-01 1.832894e-01 4.795909e-02 -1.149066e-01 5.448710e-02 7.540521e-01 9.255507e-02
9.233335e-03 2.893673e-01 3.303099e-02 1.708597e-01 1.720111e-02 -2.173987e-01 3.466426e-02 1.450356e-01 9.423893e-03 -5.267478e-02 1.644937e-02 4.868637e-01 6.669794e-02
9.521876e-03 3.113450e-01 4.076993e-02 1.598075e-01 2.784925e-02 -2.564794e-01 3.756991e-02 1.263863e-01 1.972702e-02 -5.393342e-02 1.863107e-02 5.616637e-01 5.260970e-02
1.038750e-02 2.857793e-01 3.228663e-02 1.555791e-01 1.870316e-02 -2.327334e-01 3.615839e-02 1.409734e-01 1.537985e-02 -3.120260e-02 1.546744e-02 5.327323e-01 4.222137e-02
1.183021e-02 3.427250e-01 3.670339e-02 1.809454e-01 3.333541e-02 -2.979347e-01 2.548815e-02 1.407721e-01 2.461756e-02 -8.886029e-02 2.171258e-02 6.176296e-01 8.780613e-02
1.385000e-02 5.148372e-01 1.180801e-01 2.352713e-01 5.703377e-02 -4.189487e-01 8.821703e-02 1.632222e-01 2.567894e-02 -1.122297e-01 3.940892e-02 7.837018e-01 1.767808e-01
1.644688e-02 4.871767e-01 9.894948e-02 2.235582e-01 3.563042e-02 -3.306005e-01 1.050845e-01 1.636258e-01 2.088170e-02 -8.250790e-02 3.355777e-02 6.853310e-01 9.716827e-02
1.962084e-02 6.030776e-01 9.109328e-02 2.683045e-01 4.003130e-02 -3.477650e-01 2.516694e-02 1.863216e-01 1.970022e-02 -8.618329e-02 1.469012e-02 6.398505e-01 4.852789e-02
2.337188e-02 5.705135e-01 1.116471e-01 2.433710e-01 4.748852e-02 -3.202739e-01 7.586394e-02 1.785709e-01 2.298690e-02 -8.942353e-02 3.455228e-02 7.122935e-01 1.023478e-01
1.183021e-02 4.361635e-01 3.487445e-02 2.265417e-01 2.595680e-02 -3.253588e-01 5.126809e-02 1.646170e-01 2.029190e-02 -9.653622e-02 1.648284e-02 6.369571e-01 1.050740e-01
1.211875e-02 3.529614e-01 2.560664e-02 1.906442e-01 1.400422e-02 -2.837292e-01 2.274556e-02 1.495653e-01 7.878326e-03 -8.147184e-02 2.211856e-02 5.958890e-01 6.163558e-02
1.298438e-02 4.025249e-01 6.351749e-02 1.930947e-01 4.687782e-02 -3.413126e-01 4.126806e-02 1.482716e-01 3.256402e-02 -8.149322e-02 1.551904e-02 7.301839e-01 9.911089e-02
1.442709e-02 4.642956e-01 1.120644e-01 2.205580e-01 4.880900e-02 -3.248355e-01 9.131139e-02 1.580570e-01 2.168958e-02 -8.069046e-02 4.422500e-02 6.434343e-01 1.092734e-01
1.644688e-02 5.291043e-01 8.731485e-02 2.414963e-01 3.766157e-02 -4.322519e-01 8.693689e-02 1.632042e-01 2.046135e-02 -1.215918e-01 4.022870e-02 8.922730e-01 7.869613e-02
1.904375e-02 6.567457e-01 4.715764e-02 2.779221e-01 2.851803e-02 -5.373104e-01 4.899198e-02 1.761000e-01 1.684409e-02 -1.643189e-01 1.533893e-02 9.043974e-01 9.609131e-02
2.221771e-02 7.499285e-01 5.520589e-02 3.114198e-01 2.711343e-02 -3.982693e-01 3.580134e-02 1.985052e-01 1.458707e-02 -1.215335e-01 2.586347e-02 6.899714e-01 3.693318e-02
2.596875e-02 6.998329e-01 7.892627e-02 2.454126e-01 3.673240e-02 -3.825790e-01 9.271378e-02 1.790059e-01 2.044744e-02 -1.440795e-01 3.560501e-02 7.362748e-01 9.999021e-02
1.500417e-02 5.500665e-01 1.082811e-01 2.576721e-01 5.160257e-02 -3.276894e-01 8.288624e-02 1.647761e-01 2.672714e-02 -9.880078e-02 3.159443e-02 5.394858e-01 7.233503e-02
1.529271e-02 4.382664e-01 5.469540e-02 1.985807e-01 2.466112e-02 -3.486752e-01 4.791120e-02 1.434558e-01 1.017117e-02 -9.532828e-02 2.698737e-02 6.554087e-01 3.425430e-02
1.615834e-02 6.242896e-01 1.280778e-01 2.929947e-01 6.021142e-02 -4.258118e-01 1.009677e-01 2.086006e-01 2.899609e-02 -9.123785e-02 3.988679e-02 8.403579e-01 1.671675e-01
1.760104e-02 6.850352e-01 3.280688e-02 3.084479e-01 1.502616e-02 -5.246645e-01 8.779633e-02 1.928989e-01 1.451029e-02 -1.747283e-01 4.508445e-02 8.340156e-01 9.795755e-02
1.962084e-02 7.564997e-01 5.208431e-02 3.155493e-01 3.879456e-02 -4.310263e-01 9.123815e-02 1.989285e-01 2.559780e-02 -1.031504e-01 2.818836e-02 8.044765e-01 1.118886e-01
2.221771e-02 6.382287e-01 2.177386e-01 2.619369e-01 1.023881e-01 -3.118266e-01 1.494788e-01 1.752680e-01 4.693213e-02 -5.279680e-02 6.288453e-02 7.018194e-01 1.160787e-01
2.539167e-02 9.550118e-01 1.122279e-01 3.643181e-01 2.882690e-02 -5.055129e-01 1.513469e-01 2.045413e-01 1.062152e-02 -1.428036e-01 4.819325e-02 8.817341e-01 1.209327e-01
2.914271e-02 8.325600e-01 8.842435e-02 3.055789e-01 4.221928e-02 -3.668992e-01 8.385434e-02 1.835309e-01 2.431717e-02 -1.047792e-01 3.530156e-02 8.401957e-01 7.392992e-02
1.875521e-02 5.829618e-01 4.425835e-02 2.609848e-01 1.710052e-02 -3.332937e-01 4.639284e-02 1.762242e-01 1.060769e-02 -9.701803e-02 1.768717e-02 7.034055e-01 1.031773e-01
1.904375e-02 5.349085e-01 4.696549e-02 2.408100e-01 3.171669e-02 -3.170959e-01 4.524750e-02 1.786135e-01 2.363921e-02 -7.485327e-02 2.243649e-02 6.233193e-01 1.079431e-01
1.990938e-02 4.833151e-01 4.612638e-02 2.086846e-01 3.057837e-02 -3.398975e-01 3.608682e-02 1.640472e-01 1.400015e-02 -6.158837e-02 2.161871e-02 7.442336e-01 5.952691e-02
2.135209e-02 7.368735e-01 1.003262e-01 2.955965e-01 4.034636e-02 -4.722214e-01 8.141731e-02 1.908154e-01 2.100604e-02 -1.378510e-01 4.099098e-02 7.848506e-01 8.986387e-02
2.337188e-02 7.276549e-01 1.685321e-01 2.936431e-01 6.428781e-02 -3.362998e-01 7.243994e-02 1.791553e-01 2.061454e-02 -1.117844e-01 2.837645e-02 6.943635e-01 7.562508e-02
2.596875e-02 6.361777e-01 8.562073e-02 2.356735e-01 3.022591e-02 -3.752819e-01 8.199440e-02 1.691815e-01 1.294527e-02 -1.159060e-01 2.677566e-02 8.696731e-01 8.370295e-02
2.914271e-02 6.738512e-01 5.764910e-02 2.199713e-01 3.291709e-02 -2.917536e-01 6.258624e-02 1.647583e-01 1.738128e-02 -9.783961e-02 3.415147e-02 7.273973e-01 8.910742e-02
3.289375e-02 6.511515e-01 1.043299e-01 1.908866e-01 3.821894e-02 -3.957061e-01 6.438946e-02 1.682319e-01 1.990736e-02 -6.727844e-02 1.437782e-02 8.962441e-01 9.830947e-02
7.213543e-03 2.241728e-01 2.016304e-02 1.237197e-01 1.560090e-02 -2.189170e-01 3.343427e-02 1.221762e-01 1.394042e-02 -4.933428e-03 1.365299e-02 5.931884e-01 4.999679e-02
7.502084e-03 2.012606e-01 2.532994e-02 1.191980e-01 1.544099e-02 -1.448836e-01 4.769496e-02 1.150331e-01 1.230100e-02 7.349443e-03 2.321655e-02 4.630348e-01 6.479105e-02
8.367709e-03 3.523003e-01 5.755784e-02 2.003990e-01 3.736212e-02 -3.120051e-01 6.260005e-02 1.584953e-01 2.547849e-02 -9.536141e-02 2.922838e-02 5.804054e-01 1.216898e-01
9.810418e-03 3.605940e-01 6.994820e-02 1.982249e-01 3.822089e-02 -2.836163e-01 5.114487e-02 1.444333e-01 2.092142e-02 -1.024342e-01 2.850329e-02 5.340967e-01 7.123407e-02
1.183021e-02 4.230556e-01 8.570569e-02 2.103057e-01 3.989339e-02 -3.340502e-01 8.688729e-02 1.564916e-01 2.216955e-02 -6.627205e-02 3.455632e-02 7.485750e-01 1.104009e-01
1.442709e-02 3.965711e-01 2.937007e-02 2.191905e-01 2.471275e-02 -2.432120e-01 2.741764e-02 1.662388e-01 1.734975e-02 -8.839044e-02 1.359557e-02 5.086557e-01 3.080001e-02
1.760104e-02 6.852451e-01 1.320345e-01 2.897623e-01 4.971282e-02 -4.764518e-01 1.149571e-01 1.798744e-01 1.969510e-02 -1.218355e-01 5.128372e-02 8.207346e-01 9.459167e-02
2.135209e-02 9.152056e-01 1.188848e-01 3.791317e-01 4.564456e-02 -5.674874e-01 6.814273e-02 2.249821e-01 1.135697e-02 -1.798425e-01 3.499401e-02 8.944054e-01 9.424594e-02
7.502084e-03 2.666133e-01 5.059302e-02 1.461201e-01 2.261153e-02 -2.632041e-01 6.689631e-02 1.238859e-01 1.283913e-02 -6.440226e-02 2.855992e-02 5.362284e-01 1.041471e-01
7.790626e-03 2.929988e-01 8.536278e-02 1.551819e-01 4.554712e-02 -3.413582e-01 1.069088e-01 1.365758e-01 2.459513e-02 -6.675311e-02 5.914834e-02 7.970872e-01 1.433192e-01
8.656251e-03 3.223180e-01 4.143365e-02 1.707885e-01 2.619937e-02 -2.816746e-01 6.486719e-02 1.353692e-01 2.151321e-02 -6.517470e-02 3.119079e-02 5.693284e-01 8.193160e-02
1.009896e-02 2.414302e-01 3.727463e-02 1.424700e-01 2.444718e-02 -1.644115e-01 2.954780e-02 1.318724e-01 1.415105e-02 -8.017912e-03 1.293264e-02 5.198004e-01 6.556444e-02
1.211875e-02 4.503473e-01 8.306402e-02 2.244408e-01 4.172897e-02 -3.921527e-01 8.258414e-02 1.600691e-01 2.307439e-02 -1.193795e-01 2.751280e-02 7.264383e-01 1.381886e-01
1.471563e-02 5.525259e-01 9.175406e-02 2.728226e-01 4.189816e-02 -3.622518e-01 1.063584e-01 1.869421e-01 2.168447e-02 -1.118454e-01 4.934416e-02 6.470044e-01 1.084238e-01
1.788959e-02 5.137068e-01 5.488566e-02 2.100452e-01 2.607307e-02 -3.855911e-01 9.464876e-02 1.417322e-01 1.344505e-02 -8.606585e-02 3.402399e-02 8.083933e-01 1.043444e-01
2.164063e-02 8.625648e-01 1.055232e-01 3.638159e-01 4.195200e-02 -5.439736e-01 7.541691e-02 2.203881e-01 1.762636e-02 -1.919268e-01 4.502499e-02 8.170689e-01 6.396735e-02
8.367709e-03 2.259375e-01 5.562019e-02 1.366811e-01 3.108537e-02 -1.477071e-01 5.241362e-02 1.305027e-01 2.102824e-02 3.454576e-03 2.499970e-02 4.338730e-01 5.387883e-02
8.656251e-03 2.477665e-01 2.836305e-02 1.514789e-01 1.962529e-02 -1.745611e-01 5.109461e-02 1.382546e-01 2.342231e-02 -1.395710e-02 3.437403e-02 5.005072e-01 7.867954e-02
9.521876e-03 3.570307e-01 3.777289e-02 1.752708e-01 2.386623e-02 -3.540507e-01 5.589931e-02 1.319444e-01 1.587234e-02 -9.922604e-02 3.288597e-02 6.832840e-01 7.272568e-02
1.096458e-02 3.379135e-01 5.895646e-02 1.729787e-01 2.463733e-02 -2.789840e-01 7.651895e-02 1.382297e-01 1.129939e-02 -4.820291e-02 3.073479e-02 6.554295e-01 9.458275e-02
1.298438e-02 5.122833e-01 1.048792e-01 2.499566e-01 5.344017e-02 -4.239609e-01 8.503099e-02 1.742107e-01 2.997063e-02 -1.327903e-01 4.734234e-02 7.316912e-01 8.220302e-02
1.558125e-02 6.053748e-01 1.386515e-01 2.912325e-01 6.591093e-02 -4.312302e-01 1.242274e-01 1.955955e-01 3.132392e-02 -1.238126e-01 6.248877e-02 8.161513e-01 1.709679e-01
1.875521e-02 8.435945e-01 1.973838e-01 3.526769e-01 8.081503e-02 -5.703959e-01 1.075832e-01 2.094280e-01 3.535895e-02 -1.898575e-01 3.832214e-02 7.938213e-01 9.105740e-02
2.250625e-02 8.147702e-01 8.705484e-02 3.290480e-01 1.340905e-02 -4.311441e-01 1.205557e-01 2.162532e-01 1.745986e-02 -1.118845e-01 5.460895e-02 7.396510e-01 1.192338e-01
9.810418e-03 3.688277e-01 8.678355e-02 2.051471e-01 4.197127e-02 -2.936575e-01 7.739176e-02 1.716719e-01 1.875099e-02 -5.273073e-02 4.678799e-02 6.378303e-01 7.680242e-02
1.009896e-02 2.960653e-01 4.340705e-02 1.460020e-01 2.286845e-02 -2.718647e-01 9.213385e-02 1.258052e-01 1.924417e-02 -1.961317e-02 2.091516e-02 7.362171e-01 1.833515e-01
1.096458e-02 2.727609e-01 1.652445e-02 1.264259e-01 1.128695e-02 -2.508190e-01 1.145319e-02 1.097913e-01 9.579349e-03 -4.150259e-02 1.246940e-02 5.535506e-01 3.933484e-02
1.240729e-02 4.442964e-01 8.372712e-02 2.313347e-01 4.698059e-02 -3.212012e-01 6.913212e-02 1.828640e-01 2.544424e-02 -6.779000e-02 3.517979e-02 6.488689e-01 8.142215e-02
1.442709e-02 7.124140e-01 1.397599e-01 3.707056e-01 7.346191e-02 -4.603985e-01 1.081963e-01 2.470387e-01 3.879082e-02 -1.637887e-01 5.961344e-02 6.836101e-01 8.513092e-02
1.702396e-02 6.284729e-01 1.133221e-01 2.736276e-01 4.209759e-02 -4.720315e-01 1.088512e-01 1.847011e-01 1.832740e-02 -1.263388e-01 4.399903e-02 8.432558e-01 1.388661e-01
2.019792e-02 7.743387e-01 1.005360e-01 2.979539e-01 4.973944e-02 -5.134484e-01 7.206060e-02 1.762752e-01 2.328091e-02 -1.341362e-01 3.229392e-02 9.646357e-01 7.519132e-02
2.394896e-02 8.471373e-01 1.469653e-01 3.550405e-01 6.535600e-02 -4.545049e-01 1.372732e-01 2.175593e-01 3.129559e-02 -1.619467e-01 5.465527e-02 7.469209e-01 1.170238e-01
1.183021e-02 4.627138e-01 8.208950e-02 2.503767e-01 4.329710e-02 -3.253670e-01 5.967218e-02 1.832655e-01 2.119891e-02 -9.788367e-02 2.875213e-02 5.933025e-01 9.112608e-02
1.211875e-02 5.524661e-01 9.646919e-02 2.890968e-01 5.482195e-02 -3.946094e-01 1.042444e-01 2.074506e-01 3.149351e-02 -1.166391e-01 6.141294e-02 6.762005e-01 1.007882e-01
1.298438e-02 5.281998e-01 9.710817e-02 2.460013e-01 3.653321e-02 -4.114521e-01 1.028873e-01 1.585232e-01 1.233955e-02 -1.270569e-01 4.740094e-02 6.562992e-01 9.808405e-02
1.442709e-02 6.893511e-01 1.164524e-01 3.498464e-01 5.253422e-02 -5.049294e-01 1.142665e-01 2.313146e-01 1.801474e-02 -1.887341e-01 6.630988e-02 8.198603e-01 8.487892e-02
1.644688e-02 7.622424e-01 1.678472e-01 3.403712e-01 6.993139e-02 -5.469089e-01 1.505517e-01 2.060978e-01 2.921900e-02 -1.862192e-01 6.129728e-02 8.036318e-01 1.714977e-01
1.904375e-02 7.769692e-01 2.103359e-01 3.600654e-01 9.700670e-02 -3.647488e-01 9.377371e-02 2.234308e-01 4.696126e-02 -1.161452e-01 3.968638e-02 6.551795e-01 8.117751e-02
2.221771e-02 7.015594e-01 8.770819e-02 2.680197e-01 2.994506e-02 -3.828158e-01 8.675517e-02 1.740489e-01 6.939898e-03 -1.016899e-01 3.369076e-02 7.203431e-01 9.306634e-02
2.596875e-02 8.838040e-01 6.164918e-02 3.083770e-01 2.288646e-02 -5.213415e-01 1.333639e-01 1.886746e-01 8.451424e-03 -1.706078e-01 5.767625e-02 8.504103e-01 1.561768e-01
1.442709e-02 6.317522e-01 7.808812e-02 2.915140e-01 4.366381e-02 -5.534897e-01 5.610429e-02 1.820315e-01 2.387639e-02 -1.938725e-01 4.007185e-02 9.051382e-01 4.880061e-02
1.471563e-02 5.931289e-01 8.473691e-02 2.859162e-01 4.120973e-02 -4.118977e-01 6.955261e-02 1.976325e-01 1.725637e-02 -1.349258e-01 4.085698e-02 6.847132e-01 6.460308e-02
1.558125e-02 5.518437e-01 1.713133e-01 2.357184e-01 6.515262e-02 -4.329787e-01 1.336300e-01 1.460098e-01 2.305517e-02 -1.296524e-01 4.987938e-02 7.583470e-01 1.050045e-01
1.702396e-02 6.204672e-01 8.568895e-02 2.905216e-01 5.321203e-02 -4.247997e-01 7.021341e-02 2.020392e-01 3.636685e-02 -1.080188e-01 1.368618e-02 7.855205e-01 1.299383e-01
1.904375e-02 7.655102e-01 3.016726e-01 3.353793e-01 1.331721e-01 -5.516051e-01 2.088873e-01 2.128507e-01 5.759424e-02 -2.000317e-01 9.392255e-02 8.143123e-01 1.458237e-01
2.164063e-02 7.473153e-01 1.330747e-01 3.052209e-01 5.991678e-02 -3.976020e-01 1.033487e-01 1.914504e-01 2.878634e-02 -1.212907e-01 3.852575e-02 7.289183e-01 1.225104e-01
2.481459e-02 6.568433e-01 7.466991e-02 2.598929e-01 3.957641e-02 -2.615257e-01 7.800782e-02 1.915422e-01 2.728183e-02 -9.433740e-02 3.798493e-02 6.826623e-01 1.032706e-01
2.856563e-02 8.375977e-01 1.758044e-01 2.917486e-01 8.112700e-02 -4.544151e-01 7.199881e-02 1.893558e-01 3.435019e-02 -1.106989e-01 3.883463e-02 9.579777e-01 5.559636e-02
1.760104e-02 8.028092e-01 2.658321e-01 3.524549e-01 1.429147e-01 -4.932837e-01 1.297939e-01 2.198295e-01 7.342993e-02 -1.507643e-01 8.275664e-02 7.578705e-01 7.531233e-02
1.788959e-02 5.310070e-01 4.520803e-02 2.461272e-01 2.450074e-02 -3.103316e-01 4.703900e-02 1.833382e-01 1.955634e-02 -8.185678e-02 1.734429e-02 6.755318e-01 7.093517e-02
1.875521e-02 6.046509e-01 7.918478e-02 2.457170e-01 2.592612e-02 -3.882802e-01 9.641778e-02 1.565482e-01 1.239995e-02 -9.487870e-02 3.790682e-02 6.854581e-01 9.171200e-02
2.019792e-02 8.074139e-01 7.907292e-02 3.790787e-01 3.969230e-02 -5.600491e-01 1.057888e-01 2.383245e-01 2.135587e-02 -2.288397e-01 4.672130e-02 9.109489e-01 1.283231e-01
2.221771e-02 7.431544e-01 1.083029e-01 2.807115e-01 6.669906e-02 -4.104094e-01 4.790296e-02 1.798907e-01 3.563453e-02 -1.090667e-01 3.279884e-02 7.606905e-01 6.269842e-02
2.481459e-02 7.707613e-01 1.603560e-01 2.866782e-01 6.059522e-02 -4.207553e-01 9.554037e-02 1.810335e-01 2.993051e-02 -1.437940e-01 3.198155e-02 8.146469e-01 1.079149e-01
2.798855e-02 5.814287e-01 8.468733e-02 2.029342e-01 4.118737e-02 -3.467029e-01 4.569690e-02 1.771371e-01 1.578511e-02 -8.124881e-02 2.811761e-02 9.656228e-01 8.907601e-02
3.173959e-02 5.936729e-01 4.045655e-02 1.846664e-01 2.741713e-02 -2.495291e-01 3.698330e-02 1.701725e-01 1.208013e-02 -7.155496e-02 1.491410e-02 8.319433e-01 7.437881e-02
2.135209e-02 7.642666e-01 2.927868e-01 3.299412e-01 1.450312e-01 -4.099570e-01 1.250409e-01 2.039285e-01 7.176548e-02 -1.295308e-01 5.248861e-02 7.187285e-01 6.738442e-02
2.164063e-02 5.830162e-01 1.282906e-01 2.353672e-01 6.223759e-02 -3.513717e-01 7.703761e-02 1.578661e-01 2.975112e-02 -1.065626e-01 3.055997e-02 6.953653e-01 7.539197e-02
2.250625e-02 7.570788e-01 1.231627e-01 3.155959e-01 5.349577e-02 -4.121810e-01 6.770693e-02 2.009422e-01 2.865565e-02 -1.119398e-01 2.581854e-02 8.149163e-01 1.266616e-01
2.394896e-02 6.019201e-01 5.736920e-02 2.368894e-01 2.843161e-02 -3.123724e-01 6.393897e-02 1.811475e-01 2.298147e-02 -8.027626e-02 2.131069e-02 6.987068e-01 6.548410e-02
2.596875e-02 9.866211e-01 1.853119e-01 3.634042e-01 7.670241e-02 -4.634806e-01 7.501666e-02 2.005700e-01 3.266788e-02 -1.480885e-01 3.776870e-02 6.746245e-01 4.694675e-02
2.856563e-02 8.069696e-01 1.579814e-01 2.751995e-01 4.610826e-02 -3.562690e-01 8.487789e-02 1.915118e-01 1.818578e-02 -8.087690e-02 3.335674e-02 8.067056e-01 9.424479e-02
3.173959e-02 9.291401e-01 1.072440e-01 2.724137e-01 2.572227e-02 -3.355116e-01 9.847828e-02 1.825625e-01 6.673950e-03 -1.055137e-01 3.679204e-02 9.005839e-01 1.069045e-01
3.549063e-02 6.713674e-01 1.535310e-01 1.857182e-01 6.643512e-02 -2.789786e-01 7.219224e-02 1.805660e-01 2.416301e-02 -8.914438e-02 1.944999e-02 8.511810e-01 8.928717e-02
1.038750e-02 3.251518e-01 4.927494e-02 1.697515e-01 3.435320e-02 -2.418541e-01 1.854396e-02 1.412975e-01 2.536168e-02 -1.905230e-02 1.986315e-02 6.060946e-01 2.976929e-02
1.067604e-02 2.861615e-01 4.392779e-02 1.419285e-01 2.193500e-02 -2.343145e-01 3.269222e-02 1.148072e-01 1.378019e-02 -2.908592e-02 2.633333e-02 5.679490e-01 8.160981e-02
1.154167e-02 3.894207e-01 2.093504e-02 1.965194e-01 1.832870e-02 -3.303384e-01 4.612867e-02 1.420947e-01 1.463357e-02 -9.566032e-02 1.838097e-02 6.296251e-01 7.593121e-02
1.298438e-02 4.023485e-01 7.294005e-02 2.016279e-01 4.799887e-02 -2.969458e-01 2.810097e-02 1.574930e-01 2.876953e-02 -4.534271e-02 1.560627e-02 6.761117e-01 6.568987e-02
1.500417e-02 4.789746e-01 5.239682e-02 2.160206e-01 2.590783e-02 -3.639967e-01 3.323158e-02 1.594267e-01 1.581995e-02 -7.527649e-02 2.330464e-02 7.357766e-01 8.075181e-02
1.760104e-02 1.020984e+00 3.185018e-01 4.645931e-01 1.250855e-01 -7.153270e-01 2.262663e-01 2.822352e-01 4.649197e-02 -2.558373e-01 9.531380e-02 9.433892e-01 1.539532e-01
2.077500e-02 5.572399e-01 5.605302e-02 2.410874e-01 1.755154e-02 -3.090312e-01 1.300230e-01 1.870078e-01 1.549585e-02 -3.375211e-02 5.879229e-02 8.668085e-01 1.760910e-01
2.452604e-02 7.794014e-01 1.714561e-01 3.364638e-01 9.115704e-02 -3.422644e-01 9.895988e-02 2.194974e-01 4.321582e-02 -9.623726e-02 6.229587e-02 7.445748e-01 8.987785e-02
1.067604e-02 3.674621e-01 8.207812e-03 2.026190e-01 1.680480e-02 -2.949276e-01 4.150620e-02 1.755160e-01 1.574553e-02 -5.258821e-02 2.639694e-02 6.333842e-01 8.312754e-02
1.096458e-02 2.162716e-01 2.573983e-02 1.128038e-01 1.724716e-02 -1.750443e-01 4.049397e-02 1.126243e-01 1.483752e-02 -9.036728e-03 2.575763e-02 4.857746e-01 5.217105e-02
1.183021e-02 4.130563e-01 4.536129e-02 2.149717e-01 3.752599e-02 -2.995940e-01 4.320666e-02 1.602712e-01 2.983111e-02 -8.331651e-02 2.157644e-02 5.362248e-01 7.725227e-02
1.327292e-02 4.531659e-01 6.218440e-02 2.373803e-01 4.842249e-02 -2.928120e-01 6.756781e-02 1.753973e-01 3.539233e-02 -8.152691e-02 3.479323e-02 5.651099e-01 7.581579e-02
1.529271e-02 4.761941e-01 8.752908e-02 2.086643e-01 3.281584e-02 -3.871727e-01 8.433691e-02 1.453930e-01 1.619512e-02 -1.033318e-01 1.990567e-02 7.567617e-01 1.178039e-01
1.788959e-02 6.281176e-01 1.808796e-01 2.646346e-01 7.508608e-02 -4.870517e-01 1.405191e-01 1.696996e-01 3.811844e-02 -1.268390e-01 5.666527e-02 9.133468e-01 1.546393e-01
2.106354e-02 5.585039e-01 5.000552e-02 2.367012e-01 2.400821e-02 -2.643008e-01 3.079156e-02 1.612370e-01 1.686156e-02 -5.413051e-02 1.063904e-02 6.175507e-01 3.489574e-02
2.481459e-02 1.235785e+00 2.431151e-01 4.540369e-01 1.156073e-01 -6.823272e-01 1.504235e-01 2.498370e-01 5.008102e-02 -1.918704e-01 7.052946e-02 9.974276e-01 1.174928e-01
1.154167e-02 4.015286e-01 1.209534e-01 2.104247e-01 5.290603e-02 -3.150480e-01 1.220529e-01 1.594625e-01 2.307494e-02 -9.256810e-02 5.704554e-02 5.844963e-01 1.158886e-01
1.183021e-02 3.916722e-01 6.120434e-02 2.023431e-01 4.243586e-02 -3.308378e-01 4.598666e-02 1.538635e-01 3.136541e-02 -1.022297e-01 2.270033e-02 6.100734e-01 6.336491e-02
1.269583e-02 2.648947e-01 5.424323e-02 1.318193e-01 2.974862e-02 -1.849134e-01 2.981050e-02 1.128781e-01 1.612072e-02 -9.188233e-03 8.781233e-03 5.759906e-01 8.543975e-02
1.413854e-02 4.860725e-01 8.099185e-02 2.320809e-01 3.881717e-02 -3.661324e-01 9.146327e-02 1.610501e-01 1.922062e-02 -1.089797e-01 4.343010e-02 6.712081e-01 9.766989e-02
1.615834e-02 5.399215e-01 6.052341e-02 2.444291e-01 2.682530e-02 -5.063320e-01 9.448674e-02 1.682579e-01 1.477325e-02 -1.539371e-01 4.828739e-02 9.269131e-01 1.375206e-01
1.875521e-02 7.928747e-01 1.909752e-01 3.402236e-01 1.012304e-01 -4.881370e-01 1.116126e-01 2.047911e-01 5.167437e-02 -1.396974e-01 5.565844e-02 8.123005e-01 9.816793e-02
2.192917e-02 7.759015e-01 1.340786e-01 3.168557e-01 5.914702e-02 -4.254220e-01 1.289904e-01 1.928916e-01 2.394806e-02 -1.251747e-01 5.662465e-02 7.085456e-01 9.877578e-02
2.568021e-02 6.836336e-01 1.063855e-01 2.559918e-01 3.707087e-02 -4.187548e-01 7.552589e-02 1.655266e-01 9.117904e-03 -1.148856e-01 2.535094e-02 8.476148e-01 1.176595e-01
1.298438e-02 3.371338e-01 5.543962e-02 1.639492e-01 3.696142e-02 -2.069918e-01 2.830152e-02 1.341437e-01 2.221531e-02 -1.585115e-02 1.064609e-02 5.444618e-01 9.480219e-02
1.327292e-02 4.850369e-01 9.901674e-02 2.308825e-01 5.295686e-02 -4.228055e-01 1.125626e-01 1.574981e-01 3.247275e-02 -1.180167e-01 5.133457e-02 8.303974e-01 1.186569e-01
1.413854e-02 4.596571e-01 6.786962e-02 2.225388e-01 3.948430e-02 -3.492714e-01 5.954649e-02 1.707598e-01 2.522061e-02 -8.396170e-02 3.392595e-02 6.473951e-01 3.383711e-02
1.558125e-02 3.902405e-01 3.907973e-02 1.733682e-01 1.445104e-02 -2.640123e-01 5.272540e-02 1.227213e-01 9.121412e-03 -6.062765e-02 2.410191e-02 5.711386e-01 3.051789e-02
1.760104e-02 7.350619e-01 1.097131e-01 3.026929e-01 6.274093e-02 -5.490234e-01 3.856628e-02 1.821435e-01 3.018480e-02 -1.655906e-01 2.439849e-02 8.310952e-01 4.261609e-02
2.019792e-02 6.602675e-01 1.250656e-01 2.521426e-01 6.040274e-02 -3.836448e-01 7.705350e-02 1.537378e-01 2.491944e-02 -8.545646e-02 4.893691e-02 7.940789e-01 4.773094e-02
2.337188e-02 1.026006e+00 1.545211e-01 3.797044e-01 6.084594e-02 -7.025521e-01 9.182754e-02 2.069413e-01 2.829083e-02 -2.145869e-01 3.460649e-02 1.040877e+00 8.415257e-02
2.712292e-02 9.330037e-01 1.027188e-01 3.531760e-01 5.848582e-02 -5.365479e-01 8.964963e-02 2.112166e-01 3.435240e-02 -1.724914e-01 2.998620e-02 1.046977e+00 1.693655e-01
1.500417e-02 5.715620e-01 1.556701e-01 2.722712e-01 8.154512e-02 -4.000185e-01 1.147924e-01 1.855903e-01 4.854350e-02 -1.192486e-01 5.024222e-02 6.795583e-01 1.108211e-01
1.529271e-02 5.329180e-01 1.097109e-01 2.394818e-01 5.304370e-02 -4.173938e-01 9.499893e-02 1.633301e-01 2.984966e-02 -1.328757e-01 4.352727e-02 7.663820e-01 7.700855e-02
1.615834e-02 6.140211e-01 1.165891e-01 2.969987e-01 5.803444e-02 -4.053568e-01 8.144861e-02 1.997737e-01 3.208103e-02 -1.161417e-01 3.155972e-02 7.518979e-01 9.722685e-02
1.760104e-02 4.815250e-01 6.620709e-02 2.140463e-01 2.949952e-02 -3.140053e-01 5.748819e-02 1.516873e-01 1.991323e-02 -6.617481e-02 3.358981e-02 6.371385e-01 3.972215e-02
1.962084e-02 6.863500e-01 1.396803e-01 3.145977e-01 5.847339e-02 -3.712986e-01 1.038199e-01 2.075812e-01 2.589720e-02 -8.604844e-02 4.589215e-02 7.622793e-01 3.528546e-02
2.221771e-02 5.165450e-01 6.686133e-02 1.911677e-01 2.934506e-02 -3.215764e-01 7.073294e-02 1.421134e-01 1.812908e-02 -4.879012e-02 2.751619e-02 7.471601e-01 8.850771e-02
2.539167e-02 7.620664e-01 1.026470e-01 2.825901e-01 5.018584e-02 -3.326444e-01 5.228793e-02 1.820613e-01 2.637460e-02 -7.753163e-02 2.184745e-02 7.620388e-01 4.601789e-02
2.914271e-02 8.743431e-01 8.701667e-02 2.413096e-01 2.873228e-02 -3.577186e-01 6.357515e-02 1.687811e-01 7.836457e-03 -8.997079e-02 4.318011e-02 7.865498e-01 5.555018e-02
1.760104e-02 5.406314e-01 6.556070e-02 2.507380e-01 3.093819e-02 -2.793123e-01 7.331995e-02 1.788950e-01 2.335758e-02 -4.248524e-02 2.779234e-02 6.868378e-01 7.673120e-02
1.788959e-02 5.147153e-01 8.525126e-02 2.202884e-01 3.827885e-02 -3.702017e-01 6.258404e-02 1.469889e-01 1.794583e-02 -1.233849e-01 2.009120e-02 6.724831e-01 7.185769e-02
1.875521e-02 8.121196e-01 8.209881e-02 3.548739e-01 4.513664e-02 -5.024984e-01 2.548413e-02 2.265373e-01 2.553349e-02 -1.423277e-01 1.906316e-02 8.486220e-01 6.903959e-02
2.019792e-02 5.164489e-01 1.056409e-01 2.434020e-01 5.284300e-02 -2.871550e-01 4.185769e-02 1.866870e-01 2.698943e-02 -6.127841e-02 3.383886e-02 6.870757e-01 3.987808e-02
2.221771e-02 7.472805e-01 1.865807e-01 2.916241e-01 6.549278e-02 -5.398875e-01 2.064760e-01 1.840818e-01 2.915546e-02 -1.335987e-01 7.040427e-02 1.006546e+00 2.092453e-01
2.481459e-02 9.871928e-01 1.425720e-01 3.692240e-01 7.280155e-02 -5.418305e-01 6.035166e-02 2.096833e-01 3.409432e-02 -1.530394e-01 2.985558e-02 8.194429e-01 9.664101e-02
2.798855e-02 7.904287e-01 4.253721e-02 2.636293e-01 1.189421e-02 -4.902247e-01 3.533731e-02 1.717316e-01 6.431518e-03 -1.488704e-01 1.130216e-02 8.636493e-01 9.047562e-02
3.173959e-02 7.810727e-01 6.407341e-02 2.569011e-01 2.898443e-02 -3.426464e-01 1.473795e-02 1.681467e-01 1.531618e-02 -1.120812e-01 1.752803e-02 8.115233e-01 5.297704e-02
2.077500e-02 7.746025e-01 9.679013e-02 3.065115e-01 3.773842e-02 -5.089964e-01 1.101712e-01 1.870173e-01 1.788580e-02 -1.296571e-01 5.076890e-02 9.420208e-01 9.539905e-02
2.106354e-02 8.507396e-01 7.310463e-02 3.561412e-01 3.800358e-02 -4.533653e-01 4.817589e-02 2.115801e-01 1.569661e-02 -1.178638e-01 2.491159e-02 7.911044e-01 8.469707e-02
2.192917e-02 8.306967e-01 6.236410e-02 3.283478e-01 3.618113e-02 -4.588264e-01 8.501573e-02 1.996084e-01 2.830204e-02 -1.481024e-01 3.499898e-02 6.789372e-01 1.133007e-01
2.337188e-02 6.874320e-01 6.431139e-02 2.421907e-01 2.800079e-02 -4.146680e-01 8.251543e-02 1.658357e-01 1.268694e-02 -1.014007e-01 2.731523e-02 7.734472e-01 5.451649e-02
2.539167e-02 6.988650e-01 9.886254e-02 2.376682e-01 3.166277e-02 -4.095134e-01 9.836413e-02 1.595878e-01 1.134722e-02 -6.964340e-02 2.739687e-02 8.958729e-01 1.136255e-01
2.798855e-02 6.920855e-01 6.898719e-02 2.630751e-01 4.917100e-02 -4.117134e-01 6.425460e-02 1.948038e-01 4.177978e-02 -1.223691e-01 3.742800e-02 7.870818e-01 9.132265e-02
3.116250e-02 8.283745e-01 1.061248e-01 2.699047e-01 2.671699e-02 -3.332982e-01 1.107382e-01 1.913045e-01 1.621453e-02 -6.421817e-02 3.439942e-02 8.975624e-01 7.906410e-02
3.491355e-02 6.099147e-01 6.107768e-02 1.774723e-01 3.406606e-02 -1.342037e-01 5.388245e-02 2.006392e-01 2.363225e-02 -3.300655e-02 1.896379e-02 9.251775e-01 9.794336e-02
2.452604e-02 6.438913e-01 6.089660e-02 2.764842e-01 2.715696e-02 -3.708719e-01 5.681301e-02 2.061286e-01 2.471426e-02 -7.881991e-02 3.429350e-02 9.270950e-01 1.564975e-01
2.481459e-02 5.494147e-01 9.041721e-02 1.909011e-01 2.285689e-02 -3.227694e-01 3.967793e-02 1.495942e-01 1.543103e-02 -4.982140e-02 1.706990e-02 8.090531e-01 4.364493e-02
2.568021e-02 6.350939e-01 9.515712e-02 2.337728e-01 4.193174e-02 -4.493891e-01 1.312807e-01 1.697870e-01 1.931031e-02 -1.041709e-01 5.852831e-02 9.777208e-01 1.436369e-01
2.712292e-02 8.238181e-01 1.397301e-01 3.064345e-01 5.894179e-02 -3.832700e-01 7.250636e-02 1.975450e-01 2.803654e-02 -1.310880e-01 2.789223e-02 7.157918e-01 1.027276e-01
2.914271e-02 8.875342e-01 1.597868e-01 3.134485e-01 6.532448e-02 -3.858666e-01 1.701092e-01 1.907194e-01 2.594901e-02 -1.100195e-01 5.710905e-02 9.059481e-01 1.682114e-01
3.173959e-02 7.385587e-01 1.392034e-01 2.425360e-01 4.847964e-02 -2.202718e-01 4.653805e-02 1.769436e-01 2.420869e-02 -7.581159e-02 4.006114e-02 8.103094e-01 7.538612e-02
3.491355e-02 7.860174e-01 6.008040e-02 2.196634e-01 3.018789e-02 -2.097281e-01 7.473129e-02 1.823024e-01 1.618962e-02 -7.613899e-02 5.908779e-02 8.526345e-01 1.218478e-01
3.866459e-02 6.582833e-01 8.610889e-02 1.762155e-01 2.504951e-02 -2.413665e-01 4.594670e-02 1.754900e-01 1.668442e-02 -7.282505e-02 2.064356e-02 9.480441e-01 6.868467e-02
1.413854e-02 5.115947e-01 7.080685e-02 2.501808e-01 3.989412e-02 -3.762438e-01 4.512786e-02 1.723984e-01 2.593091e-02 -1.001213e-01 2.927550e-02 7.759537e-01 6.469345e-02
1.442709e-02 4.139690e-01 2.414462e-02 2.067548e-01 1.148184e-02 -3.112549e-01 4.609757e-02 1.646438e-01 7.592537e-03 -6.304129e-02 2.312555e-02 7.023310e-01 5.505519e-02
1.529271e-02 6.197487e-01 1.250584e-01 2.757002e-01 6.138476e-02 -5.101581e-01 1.279425e-01 1.768133e-01 3.330068e-02 -1.460193e-01 5.177248e-02 8.879852e-01 1.573825e-01
1.673542e-02 6.433109e-01 6.060773e-02 2.725135e-01 2.077076e-02 -4.477565e-01 5.655564e-02 1.692781e-01 1.085710e-02 -1.278235e-01 1.355564e-02 7.734318e-01 8.303523e-02
1.875521e-02 5.126057e-01 6.115696e-02 2.165214e-01 1.847208e-02 -3.187072e-01 8.855372e-02 1.461044e-01 7.319067e-03 -8.725509e-02 3.091299e-02 6.481562e-01 9.341390e-02
2.135209e-02 6.568687e-01 1.021611e-01 2.799990e-01 6.089516e-02 -3.766397e-01 6.791454e-02 1.779209e-01 3.413102e-02 -1.165172e-01 3.550370e-02 6.816177e-01 8.355379e-02
2.452604e-02 9.203035e-01 1.313374e-01 3.746445e-01 7.241336e-02 -4.264413e-01 7.565788e-02 2.126716e-01 3.480059e-02 -1.596233e-01 4.538803e-02 7.860571e-01 1.173768e-01
2.827709e-02 6.491710e-01 6.030480e-02 2.023314e-01 2.704810e-02 -4.117995e-01 4.638364e-02 1.507239e-01 3.439892e-03 -7.029239e-02 3.141366e-02 9.121606e-01 7.489222e-02
1.442709e-02 3.645133e-01 2.898632e-02 1.738451e-01 1.162060e-02 -3.043579e-01 2.855813e-02 1.442983e-01 1.043446e-02 -6.569678e-02 1.990030e-02 6.628240e-01 2.712781e-02
1.471563e-02 5.075322e-01 7.206911e-02 2.217710e-01 3.569596e-02 -3.725155e-01 8.970772e-02 1.437089e-01 1.897324e-02 -9.869444e-02 4.241973e-02 6.912611e-01 9.867032e-02
1.558125e-02 4.452508e-01 6.418386e-02 2.034423e-01 2.997650e-02 -2.911910e-01 3.906294e-02 1.494669e-01 1.839680e-02 -4.312783e-02 1.739903e-02 6.701858e-01 4.888973e-02
1.702396e-02 6.244563e-01 1.001963e-01 2.864319e-01 6.198469e-02 -3.865424e-01 4.209593e-02 1.902817e-01 3.601443e-02 -9.471903e-02 2.046726e-02 6.863290e-01 5.959687e-02
1.904375e-02 1.217964e+00 2.010379e-01 5.484425e-01 8.826464e-02 -7.461312e-01 1.625286e-01 3.097852e-01 3.630334e-02 -2.528845e-01 7.783383e-02 9.977842e-01 1.504441e-01
2.164063e-02 9.906671e-01 1.935152e-01 4.223979e-01 7.497724e-02 -5.612272e-01 1.452785e-01 2.559761e-01 3.043725e-02 -1.539457e-01 5.841634e-02 8.905473e-01 1.488627e-01
2.481459e-02 8.970415e-01 3.344702e-01 3.461314e-01 1.509116e-01 -5.178214e-01 1.772709e-01 2.256732e-01 6.408516e-02 -1.817090e-01 7.970123e-02 7.810575e-01 1.109381e-01
2.856563e-02 8.725014e-01 1.207569e-01 3.181411e-01 3.606642e-02 -3.416112e-01 5.355693e-02 2.132390e-01 1.167965e-02 -8.773546e-02 2.350478e-02 7.939292e-01 3.097403e-02
1.529271e-02 6.395815e-01 1.812473e-01 2.846003e-01 6.853609e-02 -4.932170e-01 1.781211e-01 1.754998e-01 2.430114e-02 -1.550362e-01 5.585810e-02 8.298721e-01 2.163079e-01
1.558125e-02 5.292379e-01 7.970534e-02 2.430837e-01 3.530217e-02 -3.740621e-01 9.018992e-02 1.722127e-01 1.731813e-02 -9.376879e-02 2.985328e-02 7.289341e-01 1.345525e-01
1.644688e-02 7.279126e-01 1.012302e-01 3.379652e-01 4.473324e-02 -5.805817e-01 1.151892e-01 2.163403e-01 1.751844e-02 -1.887588e-01 5.666470e-02 9.971529e-01 1.211323e-01
1.788959e-02 6.357919e-01 6.931156e-02 2.681729e-01 3.318130e-02 -4.809200e-01 1.113151e-01 1.702966e-01 2.185814e-02 -1.426140e-01 3.932108e-02 8.313228e-01 1.209914e-01
1.990938e-02 7.443253e-01 9.139489e-02 3.267500e-01 4.857386e-02 -3.506547e-01 6.454139e-02 2.079792e-01 2.877687e-02 -1.065274e-01 2.004533e-02 6.343815e-01 5.050985e-02
2.250625e-02 9.348399e-01 9.529126e-02 3.887541e-01 5.539287e-02 -5.612941e-01 4.364940e-02 2.308250e-01 3.175733e-02 -1.772359e-01 2.925861e-02 9.680915e-01 6.109378e-02
2.568021e-02 9.064086e-01 1.690336e-01 2.953379e-01 6.001458e-02 -5.101929e-01 1.318691e-01 1.856495e-01 2.120109e-02 -1.428708e-01 4.784437e-02 7.428102e-01 5.112130e-02
2.943125e-02 7.475071e-01 9.526013e-02 2.501243e-01 4.132478e-02 -2.748990e-01 3.831389e-02 1.869659e-01 1.582648e-02 -6.107142e-02 3.182124e-02 7.191998e-01 4.058832e-02
1.673542e-02 5.454653e-01 9.890475e-02 2.533333e-01 4.816713e-02 -3.129021e-01 5.169150e-02 1.758624e-01 2.490265e-02 -6.597884e-02 1.055632e-02 6.045290e-01 7.809727e-02
1.702396e-02 7.261966e-01 1.441861e-01 3.353612e-01 7.374895e-02 -4.546827e-01 8.864593e-02 2.067127e-01 3.864640e-02 -1.586838e-01 4.556713e-02 6.297355e-01 6.495433e-02
1.788959e-02 7.316902e-01 1.477164e-01 3.251796e-01 6.935695e-02 -4.554169e-01 1.186134e-01 2.004831e-01 3.271709e-02 -1.313592e-01 6.053842e-02 7.052254e-01 8.227360e-02
1.933229e-02 5.208006e-01 3.988575e-02 2.329218e-01 1.911063e-02 -2.551253e-01 6.662458e-02 1.664071e-01 1.239614e-02 -5.355915e-02 2.348775e-02 5.183037e-01 7.615430e-02
2.135209e-02 7.129843e-01 1.020177e-01 2.826087e-01 4.614519e-02 -4.454902e-01 8.729805e-02 1.884388e-01 2.845719e-02 -1.101310e-01 3.578464e-02 8.691910e-01 1.083207e-01
2.394896e-02 7.370672e-01 9.617190e-02 2.834661e-01 4.735209e-02 -4.846078e-01 7.379664e-02 1.834889e-01 1.594909e-02 -1.451614e-01 3.934688e-02 9.405536e-01 1.063406e-01
2.712292e-02 6.480268e-01 1.455849e-01 2.496676e-01 6.823189e-02 -2.997245e-01 9.072979e-02 1.799867e-01 3.137935e-02 -1.042873e-01 4.108736e-02 7.308205e-01 8.113921e-02
3.087396e-02 6.744310e-01 9.935386e-02 1.999889e-01 2.944570e-02 -4.187668e-01 1.268169e-01 1.644181e-01 2.268284e-02 -7.500354e-02 4.652533e-02 9.600581e-01 1.471321e-01
1.875521e-02 6.854182e-01 5.900512e-02 3.019802e-01 2.874995e-02 -4.196212e-01 6.758262e-02 1.991125e-01 1.889085e-02 -1.284738e-01 2.884128e-02 7.396045e-01 9.495417e-02
1.904375e-02 7.556194e-01 1.454335e-01 3.587919e-01 6.184475e-02 -5.089207e-01 1.107025e-01 2.331395e-01 3.096015e-02 -1.728580e-01 3.939719e-02 8.763111e-01 1.139327e-01
1.990938e-02 7.399471e-01 1.399791e-01 3.243469e-01 7.474057e-02 -3.905792e-01 4.332054e-02 2.141118e-01 4.218305e-02 -1.061644e-01 2.578039e-02 6.589284e-01 4.572537e-02
2.135209e-02 9.125247e-01 7.349903e-02 3.828106e-01 1.907814e-02 -5.532256e-01 9.005638e-02 2.386308e-01 1.156498e-02 -1.658558e-01 3.122399e-02 8.716984e-01 1.012279e-01
2.337188e-02 5.959597e-01 5.158364e-02 2.243280e-01 2.476024e-02 -3.151408e-01 4.863436e-02 1.606781e-01 1.557301e-02 -6.011992e-02 1.887612e-02 8.287236e-01 4.018943e-02
2.596875e-02 8.515859e-01 1.301596e-01 3.287421e-01 5.401452e-02 -5.104311e-01 1.132012e-01 2.129078e-01 1.636897e-02 -1.854347e-01 3.567590e-02 8.489949e-01 8.702572e-02
2.914271e-02 8.723539e-01 1.201090e-01 2.994633e-01 3.526234e-02 -3.676681e-01 5.831001e-02 1.894887e-01 7.573662e-03 -1.136097e-01 3.217850e-02 8.320191e-01 5.597713e-02
3.289375e-02 8.206132e-01 7.620703e-02 2.615168e-01 2.193822e-02 -3.172094e-01 4.700433e-02 1.818699e-01 1.515371e-02 -8.232661e-02 2.889991e-02 7.850435e-01 1.100545e-01
2.135209e-02 7.242060e-01 1.588495e-01 2.807176e-01 5.213648e-02 -5.208257e-01 1.331522e-01 1.834092e-01 1.473093e-02 -1.273321e-01 4.780380e-02 9.395065e-01 1.310397e-01
2.164063e-02 8.779910e-01 1.433950e-01 4.019131e-01 8.423996e-02 -4.915057e-01 1.008323e-01 2.545016e-01 4.946685e-02 -1.765305e-01 4.835089e-02 8.213529e-01 1.418668e-01
2.250625e-02 6.822261e-01 1.056243e-01 2.818583e-01 4.840719e-02 -3.787023e-01 7.600961e-02 1.795765e-01 2.540657e-02 -1.208125e-01 3.520737e-02 8.250822e-01 6.896215e-02
2.394896e-02 8.118564e-01 1.695348e-01 3.147983e-01 5.304257e-02 -5.646936e-01 1.235561e-01 1.950717e-01 1.920518e-02 -1.762648e-01 3.766864e-02 8.727373e-01 1.182264e-01
2.596875e-02 7.697070e-01 1.178720e-01 3.042589e-01 5.288938e-02 -4.606350e-01 1.267071e-01 2.050845e-01 2.650897e-02 -1.095968e-01 4.600909e-02 9.007446e-01 1.320027e-01
2.856563e-02 7.556674e-01 7.290581e-02 2.437248e-01 3.340364e-02 -3.121500e-01 5.733726e-02 1.609689e-01 1.813223e-02 -4.524121e-02 2.878078e-02 7.648476e-01 4.276177e-02
3.173959e-02 7.426042e-01 8.207133e-02 2.395475e-01 2.112587e-02 -3.121258e-01 1.151612e-01 1.731150e-01 9.396576e-03 -7.997296e-02 4.082286e-02 8.472402e-01 5.782774e-02
3.549063e-02 7.908263e-01 1.154523e-01 2.238948e-01 4.214466e-02 -4.506083e-01 8.487965e-02 1.953295e-01 2.284381e-02 -1.574705e-01 4.168878e-02 1.015966e+00 1.294607e-01
2.452604e-02 8.816381e-01 1.739387e-01 3.351840e-01 5.944317e-02 -6.151810e-01 2.048319e-01 2.055854e-01 3.148519e-02 -2.051761e-01 6.840005e-02 9.724894e-01 1.963316e-01
2.481459e-02 8.312782e-01 8.919489e-02 3.318696e-01 2.882451e-02 -4.527365e-01 1.237007e-01 2.148297e-01 1.802242e-02 -1.322122e-01 4.982265e-02 8.594446e-01 1.118261e-01
2.568021e-02 7.057502e-01 5.688843e-02 2.314866e-01 2.501280e-02 -3.315562e-01 9.067316e-02 1.689052e-01 1.744249e-02 -5.894788e-02 2.254476e-02 7.694204e-01 1.364393e-01
2.712292e-02 8.641284e-01 1.558632e-01 3.264401e-01 5.971513e-02 -4.312517e-01 8.923350e-02 2.029468e-01 2.362892e-02 -1.253536e-01 4.595820e-02 9.004649e-01 8.298712e-02
2.914271e-02 6.480889e-01 8.898950e-02 2.100988e-01 2.240267e-02 -3.037055e-01 7.739265e-02 1.503120e-01 1.296045e-02 -9.030667e-02 2.321284e-02 7.124295e-01 9.269839e-02
3.173959e-02 1.121056e+00 1.017983e-01 3.436831e-01 3.476666e-02 -4.193274e-01 7.896489e-02 1.994539e-01 5.919979e-03 -1.178068e-01 1.819115e-02 9.128694e-01 7.382286e-02
3.491355e-02 8.097342e-01 1.114013e-01 2.368355e-01 3.496110e-02 -2.989006e-01 7.890767e-02 2.075549e-01 2.402339e-02 -7.450215e-02 3.129674e-02 9.791081e-01 9.658413e-02
3.866459e-02 7.478232e-01 9.916075e-02 1.962063e-01 4.190168e-02 -2.960605e-01 9.037314e-02 2.142019e-01 2.493372e-02 -1.477505e-01 5.214005e-02 1.072012e+00 1.429866e-01
2.827709e-02 6.761755e-01 1.128652e-01 2.476285e-01 3.881026e-02 -4.648117e-01 8.330460e-02 1.617717e-01 1.335109e-02 -1.622366e-01 3.061450e-02 9.498989e-01 8.178694e-02
2.856563e-02 9.749482e-01 1.735486e-01 3.346147e-01 8.288899e-02 -6.002213e-01 7.023739e-02 2.202540e-01 3.286673e-02 -1.988603e-01 3.422129e-02 9.475819e-01 1.421147e-01
2.943125e-02 6.944322e-01 1.098880e-01 2.508141e-01 4.260622e-02 -2.745126e-01 7.508219e-02 1.846353e-01 2.344755e-02 -6.133316e-02 3.831584e-02 7.525490e-01 7.482317e-02
3.087396e-02 9.202993e-01 1.753497e-01 2.723110e-01 5.324369e-02 -5.377091e-01 1.206941e-01 1.759120e-01 2.373760e-02 -1.515486e-01 5.266170e-02 9.074245e-01 8.276622e-02
3.289375e-02 6.686696e-01 1.159970e-01 1.814135e-01 5.212375e-02 -2.233329e-01 8.252628e-02 1.539967e-01 1.545884e-02 -8.679215e-02 3.372737e-02 7.482824e-01 7.256786e-02
3.549063e-02 6.376651e-01 4.496037e-02 1.691413e-01 1.685495e-02 -3.161985e-01 4.602165e-02 1.443572e-01 9.698936e-03 -1.012086e-01 2.302383e-02 9.613817e-01 8.450208e-02
3.866459e-02 8.107010e-01 1.263974e-01 2.091305e-01 4.328316e-02 -1.034657e-01 4.795160e-02 2.012792e-01 2.750599e-02 -4.037739e-02 1.452011e-02 9.711538e-01 1.324530e-01
4.241563e-02 8.912221e-01 1.396179e-01 2.308398e-01 3.888379e-02 -2.249956e-01 8.814036e-02 2.780866e-01 3.117623e-02 -1.312673e-01 3.451833e-02 9.711199e-01 1.188424e-01
