# k^2  LiLi LiLi_error  LiCl LiCl_error  LiNa LiNa_error  ClCl ClCl_error  ClNa ClNa_error  NaNa NaNa_error
0.000000e+00 1.600000e+02 0.000000e+00 7.155418e+02 0.000000e+00 6.974238e+02 0.000000e+00 3.200000e+03 0.000000e+00 3.118974e+03 0.000000e+00 3.040000e+03 0.000000e+00
2.949428e-04 6.525986e-01 1.932992e-01 -6.043475e-03 2.208971e-02 -1.589162e-01 6.355463e-02 5.722745e-02 4.397447e-03 6.078343e-02 9.660151e-03 1.012273e-01 2.464218e-02
1.179771e-03 6.963071e-01 6.170386e-02 6.912917e-02 2.103654e-02 -8.492186e-02 2.847572e-02 6.788978e-02 5.882643e-03 5.333752e-02 2.665027e-03 7.741700e-02 6.338657e-03
2.654485e-03 1.157611e+00 2.608739e-01 5.198231e-02 1.842260e-02 -2.050464e-01 6.425766e-02 6.073738e-02 8.415063e-03 4.600453e-02 1.014144e-02 9.646252e-02 1.329465e-02
4.719084e-03 8.376326e-01 1.254881e-01 7.337773e-02 2.307821e-02 -1.281583e-01 4.001651e-02 6.073755e-02 6.732289e-03 3.869829e-02 5.882426e-03 8.443422e-02 9.107511e-03
7.373569e-03 6.013239e-01 8.256411e-02 3.481712e-02 1.036842e-02 -1.058282e-01 2.187070e-02 5.775801e-02 3.698437e-03 4.509078e-02 2.616021e-03 9.013386e-02 5.228856e-03
1.061794e-02 8.548752e-01 1.247382e-01 4.705739e-02 1.802402e-02 -1.317094e-01 4.510983e-02 5.870166e-02 6.420299e-03 4.078676e-02 9.047579e-03 1.080997e-01 1.235415e-02
1.445220e-02 9.248069e-01 9.207251e-02 2.845468e-02 2.904194e-02 -1.759589e-01 4.173757e-02 6.898772e-02 7.559957e-03 4.245831e-02 6.006241e-03 1.267169e-01 1.709484e-02
2.949428e-04 2.128857e-01 6.755536e-02 2.897956e-02 1.460039e-02 -1.797681e-02 9.386843e-03 6.379816e-02 6.777634e-03 5.888435e-02 9.544478e-03 6.547054e-02 1.016294e-02
5.898855e-04 1.085667e+00 1.698688e-01 4.831846e-02 4.111017e-02 -2.000847e-01 5.128955e-02 5.885763e-02 7.253428e-03 5.076636e-02 9.623884e-03 1.015996e-01 1.728955e-02
1.474714e-03 1.069316e+00 3.315743e-01 8.038368e-02 1.965190e-02 -1.589363e-01 5.880358e-02 6.444898e-02 7.378400e-03 4.801947e-02 4.522468e-03 9.115075e-02 1.573946e-02
2.949428e-03 1.165281e+00 2.766402e-01 5.174662e-02 2.081186e-02 -2.016546e-01 5.874290e-02 5.850148e-02 5.705081e-03 4.738237e-02 4.064614e-03 1.018144e-01 1.291654e-02
5.014027e-03 7.814931e-01 2.531460e-01 5.934108e-03 8.615698e-03 -1.694483e-01 5.800884e-02 5.456936e-02 4.983994e-03 4.615757e-02 6.054916e-03 9.532790e-02 8.817063e-03
7.668512e-03 1.071439e+00 4.097497e-01 5.229302e-02 3.850680e-02 -1.841116e-01 5.443651e-02 6.412414e-02 5.790105e-03 5.015855e-02 6.084321e-03 1.192617e-01 1.074028e-02
1.091288e-02 1.007762e+00 1.834520e-01 6.360214e-02 2.277466e-02 -1.480602e-01 4.066466e-02 7.631681e-02 8.057736e-03 5.331126e-02 8.501789e-03 1.147687e-01 1.233304e-02
1.474714e-02 1.040965e+00 1.221419e-01 8.635866e-02 2.166617e-02 -1.463735e-01 2.512625e-02 7.921572e-02 9.589132e-03 3.914342e-02 1.002718e-02 1.202493e-01 1.284958e-02
1.179771e-03 7.237415e-01 1.956352e-01 3.246152e-02 1.431579e-02 -1.298620e-01 4.981023e-02 5.269732e-02 5.425483e-03 4.676273e-02 7.333978e-03 8.129013e-02 1.624010e-02
1.474714e-03 4.591882e-01 8.304996e-02 4.051776e-02 1.307948e-02 -6.208325e-02 2.194553e-02 6.132613e-02 2.069359e-03 5.138441e-02 3.226631e-03 6.960460e-02 5.397059e-03
2.359542e-03 1.499738e+00 1.540398e-01 6.329880e-02 3.235247e-02 -2.784411e-01 2.574994e-02 6.482689e-02 4.709377e-03 5.092192e-02 8.945221e-03 1.233947e-01 1.479773e-02
3.834256e-03 4.701081e-01 1.510382e-01 1.309414e-02 1.233485e-02 -8.696483e-02 4.618673e-02 5.822941e-02 6.911518e-03 5.456494e-02 7.395066e-03 8.624256e-02 1.346658e-02
5.898855e-03 8.379255e-01 1.040512e-01 5.948960e-02 1.389907e-02 -1.390761e-01 2.860578e-02 6.377712e-02 1.040570e-02 4.413541e-02 7.548782e-03 9.579086e-02 9.953756e-03
8.553340e-03 1.015325e+00 1.699498e-01 3.426898e-02 7.972101e-03 -1.892954e-01 4.147249e-02 6.043331e-02 6.039275e-03 4.169471e-02 6.983548e-03 1.095473e-01 1.445649e-02
1.179771e-02 1.269045e+00 2.758867e-01 1.026531e-01 3.424382e-02 -1.975229e-01 5.074561e-02 5.868563e-02 4.411264e-03 2.851979e-02 9.246208e-03 1.220005e-01 1.706091e-02
1.563197e-02 9.585210e-01 1.478692e-01 5.263294e-02 3.524685e-02 -1.446482e-01 2.407317e-02 8.085089e-02 5.459661e-03 4.843181e-02 6.373362e-03 1.302799e-01 1.825983e-02
2.654485e-03 1.399602e+00 2.539460e-01 4.015007e-02 2.856746e-02 -2.647373e-01 6.831939e-02 5.428884e-02 5.597918e-03 4.625431e-02 9.657135e-03 1.144885e-01 2.086356e-02
2.949428e-03 6.815050e-01 7.798451e-02 3.369496e-02 8.271695e-03 -1.184463e-01 1.998759e-02 5.376010e-02 8.067426e-03 4.522592e-02 7.359115e-03 8.077773e-02 6.484091e-03
3.834256e-03 9.349640e-01 3.476000e-01 7.061500e-02 3.838529e-02 -1.441809e-01 5.230904e-02 5.940521e-02 1.417220e-02 4.175722e-02 6.771584e-03 8.641915e-02 1.791015e-02
5.308970e-03 5.233491e-01 6.184185e-02 3.938113e-02 6.745039e-03 -7.755113e-02 1.374061e-02 5.577208e-02 5.584379e-03 4.380633e-02 4.140694e-03 7.853540e-02 4.102111e-03
7.373569e-03 7.813631e-01 1.146053e-01 4.577041e-02 9.655971e-03 -1.185532e-01 1.468287e-02 5.505092e-02 8.554155e-03 4.213836e-02 1.040962e-02 9.128422e-02 1.136545e-02
1.002805e-02 9.444085e-01 1.931656e-01 4.560231e-02 8.575682e-03 -1.534481e-01 4.689051e-02 5.728697e-02 3.962040e-03 3.960209e-02 4.467380e-03 1.031412e-01 7.925593e-03
1.327242e-02 9.173048e-01 8.231487e-02 4.675623e-02 1.305156e-02 -1.532889e-01 3.465824e-02 6.468487e-02 4.912436e-03 3.679597e-02 8.238851e-03 1.148718e-01 1.438812e-02
1.710668e-02 1.210358e+00 2.607594e-01 7.759108e-02 1.969618e-02 -1.772433e-01 6.467449e-02 7.474800e-02 9.082230e-03 3.498919e-02 6.218005e-03 1.222776e-01 1.490378e-02
4.719084e-03 9.531373e-01 1.376126e-01 5.172686e-02 2.814978e-02 -1.466424e-01 1.729992e-02 5.500884e-02 2.491087e-03 4.157878e-02 6.626754e-03 8.848743e-02 1.072151e-02
5.014027e-03 8.349267e-01 1.002590e-01 5.678399e-02 2.280626e-02 -1.314313e-01 2.163680e-02 6.024807e-02 1.054319e-02 4.597469e-02 8.322102e-03 9.175785e-02 1.324762e-02
5.898855e-03 8.250007e-01 1.169196e-01 5.112214e-02 2.763032e-02 -1.299465e-01 2.007257e-02 5.936572e-02 1.555656e-03 4.166526e-02 7.645721e-03 8.712735e-02 1.367283e-02
7.373569e-03 9.581333e-01 1.944352e-01 5.269398e-02 1.347549e-02 -1.641185e-01 4.218149e-02 6.060395e-02 7.926929e-03 4.400189e-02 6.313751e-03 1.048802e-01 7.776531e-03
9.438168e-03 9.720905e-01 1.539203e-01 4.071745e-02 1.847338e-02 -1.726858e-01 3.808151e-02 5.771307e-02 6.582941e-03 4.384641e-02 5.256392e-03 1.140838e-01 1.574145e-02
1.209265e-02 1.073218e+00 1.976368e-01 8.512558e-02 2.364711e-02 -1.712986e-01 3.840994e-02 6.803465e-02 6.600211e-03 3.057345e-02 5.004463e-03 1.137525e-01 8.761143e-03
1.533702e-02 9.261749e-01 8.557043e-02 8.711375e-02 1.968032e-02 -1.378028e-01 2.114627e-02 7.998568e-02 4.990099e-03 4.486920e-02 4.962961e-03 1.254576e-01 7.614277e-03
1.917128e-02 1.120873e+00 1.349527e-01 6.110413e-02 1.130243e-02 -1.595166e-01 4.432424e-02 8.341330e-02 9.136702e-03 4.453223e-02 7.139859e-03 1.477633e-01 1.308601e-02
7.373569e-03 1.002276e+00 2.134758e-01 5.181928e-02 1.544943e-02 -1.609053e-01 5.495082e-02 7.408073e-02 7.119603e-03 5.612594e-02 5.578450e-03 1.099238e-01 1.647234e-02
7.668512e-03 7.522926e-01 1.018081e-01 6.596469e-02 2.008772e-02 -9.391481e-02 1.868270e-02 5.729192e-02 5.263487e-03 3.483002e-02 5.858286e-03 7.407874e-02 1.050651e-02
8.553340e-03 1.131418e+00 2.261847e-01 6.526401e-02 2.978095e-02 -1.967847e-01 4.020714e-02 5.620432e-02 5.765883e-03 3.887959e-02 6.375637e-03 1.194052e-01 1.371521e-02
1.002805e-02 1.080516e+00 2.268187e-01 4.496506e-02 1.143335e-02 -1.794842e-01 4.611473e-02 6.681775e-02 6.858406e-03 4.416093e-02 6.487583e-03 1.125327e-01 9.342085e-03
1.209265e-02 7.992909e-01 1.448793e-01 7.755257e-02 2.686365e-02 -1.074722e-01 9.731897e-03 6.929858e-02 4.279984e-03 4.459894e-02 7.108068e-03 1.130862e-01 1.007833e-02
1.474714e-02 9.056478e-01 1.703337e-01 9.074041e-02 2.849913e-02 -1.201417e-01 3.215704e-02 7.948609e-02 6.866597e-03 4.171946e-02 5.570685e-03 1.240793e-01 1.469816e-02
1.799151e-02 8.855287e-01 6.996703e-02 5.180600e-02 2.000499e-02 -1.105975e-01 3.635797e-02 8.844197e-02 8.643544e-03 4.712469e-02 2.237793e-03 1.279111e-01 1.754328e-02
2.182576e-02 1.164903e+00 1.690103e-01 7.088659e-02 3.069861e-02 -1.874018e-01 3.106065e-02 1.003480e-01 6.337119e-03 3.429398e-02 1.662956e-02 1.764300e-01 1.489098e-02
1.061794e-02 1.148561e+00 1.238780e-01 6.596695e-02 2.232832e-02 -1.856504e-01 3.733015e-02 7.389744e-02 6.969433e-03 4.749464e-02 5.955884e-03 1.267652e-01 1.387510e-02
1.091288e-02 9.887865e-01 6.180405e-02 1.065558e-01 2.338878e-02 -1.053647e-01 3.064239e-02 7.469678e-02 7.134595e-03 4.068101e-02 4.064492e-03 1.000730e-01 4.305242e-03
1.179771e-02 1.000100e+00 2.706594e-01 7.333357e-02 2.430658e-02 -1.470190e-01 5.322390e-02 7.099177e-02 7.146589e-03 4.249738e-02 6.887116e-03 1.217340e-01 1.986898e-02
1.327242e-02 1.188160e+00 2.723555e-01 5.633460e-02 1.799176e-02 -2.109324e-01 5.892955e-02 6.269338e-02 4.804796e-03 3.561543e-02 3.764759e-03 1.273515e-01 1.489852e-02
1.533702e-02 1.045733e+00 2.859772e-01 5.050327e-02 2.383063e-02 -2.112752e-01 6.493276e-02 7.982717e-02 4.438498e-03 3.696137e-02 3.360368e-03 1.339439e-01 1.864053e-02
1.799151e-02 7.751938e-01 9.250582e-02 5.717182e-02 3.054197e-02 -1.065458e-01 3.541248e-02 9.287537e-02 9.558075e-03 4.792591e-02 2.330180e-03 1.308101e-01 1.022157e-02
2.123588e-02 1.269352e+00 2.022742e-01 9.686833e-02 4.245773e-02 -2.037156e-01 3.607445e-02 9.892182e-02 6.775493e-03 4.092848e-02 1.070767e-02 1.795235e-01 1.492737e-02
2.507013e-02 1.080719e+00 1.704256e-01 4.224488e-02 2.880623e-02 -1.956066e-01 4.450366e-02 1.096234e-01 9.463786e-03 3.887652e-02 1.520877e-02 1.902785e-01 1.487223e-02
1.445220e-02 1.010404e+00 8.586956e-02 6.305185e-02 1.992827e-02 -1.625439e-01 1.956734e-02 7.151683e-02 5.607880e-03 4.703508e-02 6.680308e-03 1.563117e-01 6.978041e-03
1.474714e-02 8.540911e-01 9.238171e-02 8.116588e-02 2.659968e-02 -9.442399e-02 2.633000e-02 7.716202e-02 1.145685e-02 4.803490e-02 1.127962e-02 1.222327e-01 2.178620e-02
1.563197e-02 1.234359e+00 1.643440e-01 6.279139e-02 1.861472e-02 -2.052397e-01 3.198136e-02 8.252672e-02 8.105708e-03 4.518461e-02 4.379615e-03 1.415274e-01 9.433891e-03
1.710668e-02 1.045204e+00 1.070329e-01 6.900940e-02 2.315828e-02 -1.309713e-01 1.435124e-02 8.864479e-02 6.969722e-03 4.923373e-02 8.553960e-03 1.377296e-01 1.625373e-02
1.917128e-02 8.253355e-01 1.289176e-01 7.442425e-02 2.767687e-02 -1.165648e-01 1.779655e-02 9.017909e-02 9.228801e-03 5.327398e-02 6.723705e-03 1.649138e-01 1.437507e-02
2.182576e-02 9.531043e-01 7.503320e-02 3.063919e-02 2.448504e-02 -1.601608e-01 2.797976e-02 9.146611e-02 8.192015e-03 5.190445e-02 7.338946e-03 1.660876e-01 1.483279e-02
2.507013e-02 8.490516e-01 1.104204e-01 1.104854e-01 1.591315e-02 -9.213427e-02 1.941795e-02 1.279148e-01 7.892360e-03 4.952429e-02 1.028256e-02 1.780012e-01 1.907626e-02
2.890439e-02 8.824454e-01 7.840478e-02 6.504462e-02 1.766368e-02 -1.922709e-01 2.649912e-02 1.297378e-01 1.100871e-02 3.387967e-02 5.230573e-03 2.423307e-01 9.342227e-03
2.949428e-04 2.016340e+00 3.469692e-01 1.981637e-01 7.421602e-02 -2.609169e-01 2.872702e-02 7.938736e-02 1.420755e-02 3.538531e-02 1.106023e-02 9.696060e-02 1.374179e-02
5.898855e-04 8.325961e-01 2.245130e-01 1.085482e-01 2.391805e-02 -8.005913e-02 3.644277e-02 7.266080e-02 7.172250e-03 5.059069e-02 6.327152e-03 7.344783e-02 5.303295e-03
1.474714e-03 1.022456e+00 2.062899e-01 3.908886e-02 3.310370e-02 -1.976661e-01 5.237437e-02 6.115067e-02 7.075102e-03 5.222984e-02 8.487441e-03 1.037560e-01 1.443729e-02
2.949428e-03 5.735942e-01 1.140802e-01 -7.807888e-03 1.565560e-02 -1.494304e-01 4.322380e-02 6.215043e-02 5.715554e-03 6.229000e-02 9.137817e-03 1.071793e-01 1.963308e-02
5.014027e-03 8.327683e-01 1.536003e-01 3.276600e-02 1.971792e-02 -1.527038e-01 3.606138e-02 6.295012e-02 8.022307e-03 5.137057e-02 4.672049e-03 1.005401e-01 1.052227e-02
7.668512e-03 1.232325e+00 4.850972e-01 6.312527e-02 4.830706e-02 -2.130776e-01 7.081188e-02 6.022406e-02 4.953763e-03 3.778927e-02 1.291251e-02 1.097333e-01 1.541840e-02
1.091288e-02 1.188067e+00 7.825781e-02 7.617499e-02 4.531527e-02 -1.608745e-01 1.771415e-02 7.781533e-02 9.643296e-03 4.231919e-02 8.143738e-03 9.562714e-02 7.972696e-03
1.474714e-02 8.192112e-01 1.247586e-01 4.273746e-02 1.688431e-02 -1.229247e-01 3.181018e-02 8.087038e-02 4.567840e-03 5.310323e-02 3.209731e-03 1.370364e-01 5.428710e-03
5.898855e-04 5.702797e-01 2.068935e-01 4.515255e-02 9.893620e-03 -8.530274e-02 4.000781e-02 5.168152e-02 3.484239e-03 4.242098e-02 3.141251e-03 6.506086e-02 7.408251e-03
8.848283e-04 6.291203e-01 2.020864e-01 6.354448e-02 3.069066e-02 -8.006048e-02 2.480855e-02 5.071188e-02 7.369480e-03 3.667204e-02 4.337161e-03 5.888178e-02 6.008737e-03
1.769657e-03 4.372720e-01 8.960660e-02 2.280890e-02 1.626949e-02 -7.447415e-02 1.548283e-02 5.584795e-02 6.824967e-03 5.332596e-02 6.985456e-03 7.931948e-02 1.018735e-02
3.244370e-03 6.370365e-01 2.083035e-01 5.304971e-02 2.347729e-02 -8.779465e-02 3.114524e-02 6.342603e-02 6.214004e-03 4.873995e-02 5.750818e-03 7.610975e-02 4.964668e-03
5.308970e-03 8.314068e-01 1.256848e-01 5.092617e-02 1.647172e-02 -1.340974e-01 2.341441e-02 5.498746e-02 4.541969e-03 4.052962e-02 2.780096e-03 8.995629e-02 5.031483e-03
7.963454e-03 8.780357e-01 1.854787e-01 4.012366e-02 2.112027e-02 -1.791030e-01 3.456374e-02 6.136057e-02 4.547082e-03 4.498830e-02 5.091194e-03 1.127735e-01 1.122954e-02
1.120782e-02 1.204239e+00 2.178847e-01 7.219719e-02 3.466184e-02 -2.051505e-01 5.580625e-02 6.146361e-02 6.772704e-03 3.603515e-02 3.104001e-03 1.208031e-01 9.189354e-03
1.504208e-02 8.603536e-01 1.153957e-01 6.254004e-02 1.191522e-02 -1.470568e-01 3.510228e-02 7.186741e-02 8.888309e-03 4.091235e-02 6.919315e-03 1.258211e-01 1.616638e-02
1.474714e-03 8.597630e-01 4.502751e-01 4.246245e-02 2.831536e-02 -1.496431e-01 7.777235e-02 5.422635e-02 5.410396e-03 4.634889e-02 5.227109e-03 8.728083e-02 1.435929e-02
1.769657e-03 1.311926e+00 2.964443e-01 5.100543e-02 2.816389e-02 -2.494392e-01 7.960277e-02 6.766670e-02 1.152864e-02 5.427951e-02 1.021226e-02 1.154656e-01 2.406713e-02
2.654485e-03 4.277739e-01 1.192486e-01 6.798175e-03 5.774273e-03 -8.669473e-02 2.988351e-02 5.825881e-02 3.107514e-03 5.684927e-02 2.898303e-03 8.448413e-02 5.872339e-03
4.129199e-03 9.537131e-01 1.902857e-01 4.465147e-02 9.831097e-03 -1.768678e-01 4.914258e-02 5.542824e-02 6.082582e-03 4.038936e-02 5.228950e-03 9.110547e-02 1.134784e-02
6.193798e-03 9.174585e-01 1.339621e-01 7.665421e-02 1.399925e-02 -1.318346e-01 2.527085e-02 6.479008e-02 5.417219e-03 4.234390e-02 2.704446e-03 8.899298e-02 3.377363e-03
8.848283e-03 8.993402e-01 1.202515e-01 5.654961e-02 1.779262e-02 -1.637454e-01 2.882021e-02 5.755267e-02 7.824074e-03 3.466737e-02 2.213021e-03 1.017714e-01 9.801577e-03
1.209265e-02 1.046672e+00 1.365666e-01 3.484205e-02 2.852849e-02 -1.882655e-01 5.797178e-02 5.961170e-02 9.151028e-03 4.766181e-02 1.517999e-02 1.391094e-01 2.953211e-02
1.592691e-02 1.149183e+00 1.040311e-01 4.529026e-02 1.072587e-02 -1.948465e-01 2.425945e-02 6.773205e-02 6.463945e-03 4.434949e-02 8.768010e-03 1.552262e-01 2.146314e-02
2.949428e-03 8.390671e-01 3.005434e-01 3.957638e-02 2.063105e-02 -1.550897e-01 4.994320e-02 5.598386e-02 4.130383e-03 4.701019e-02 6.036154e-03 9.401205e-02 1.220200e-02
3.244370e-03 8.866172e-01 2.251623e-01 5.262700e-02 2.281691e-02 -1.441128e-01 6.885202e-02 6.150895e-02 9.599338e-03 4.919158e-02 8.762946e-03 9.090005e-02 1.686362e-02
4.129199e-03 1.309005e+00 4.678905e-01 6.377041e-02 1.948877e-02 -2.306474e-01 9.620607e-02 5.010385e-02 1.712637e-03 3.565339e-02 4.556066e-03 1.021845e-01 1.887710e-02
5.603912e-03 1.051767e+00 2.163755e-01 7.659746e-03 3.232427e-03 -2.283016e-01 5.814501e-02 5.654662e-02 5.652959e-03 4.819909e-02 5.900212e-03 1.142098e-01 1.377426e-02
7.668512e-03 7.035683e-01 8.203960e-02 5.170095e-02 1.888627e-02 -1.019976e-01 2.420729e-02 7.071223e-02 6.186029e-03 5.519244e-02 8.285255e-03 1.084403e-01 1.421346e-02
1.032300e-02 1.223006e+00 2.359767e-01 6.386165e-02 3.459388e-02 -2.058029e-01 4.477577e-02 6.452066e-02 6.747195e-03 4.058660e-02 3.089308e-03 1.229483e-01 1.319881e-02
1.356737e-02 9.007373e-01 1.911082e-01 7.293763e-02 3.166420e-02 -1.309718e-01 1.122060e-02 8.456734e-02 4.150067e-03 4.951190e-02 7.566236e-03 1.266275e-01 1.060462e-02
1.740162e-02 8.996934e-01 1.624354e-01 7.707425e-02 2.237402e-02 -1.051295e-01 3.270496e-02 6.984786e-02 4.676913e-03 3.996812e-02 6.341033e-03 1.350951e-01 1.565195e-02
5.014027e-03 8.171295e-01 1.388517e-01 4.602681e-02 2.578664e-02 -1.195764e-01 4.735578e-02 6.639071e-02 4.265133e-03 5.164168e-02 6.559778e-03 8.911338e-02 1.467358e-02
5.308970e-03 1.009164e+00 1.770286e-01 6.638433e-02 2.590693e-02 -1.636162e-01 5.162123e-02 5.823498e-02 4.722195e-03 3.882708e-02 4.380130e-03 8.976295e-02 1.512832e-02
6.193798e-03 1.079551e+00 2.324113e-01 7.209277e-02 2.637195e-02 -1.712940e-01 2.651172e-02 6.253354e-02 6.153479e-03 4.375542e-02 5.687463e-03 1.071705e-01 4.119847e-03
7.668512e-03 7.257651e-01 6.271373e-02 4.090928e-02 7.563595e-03 -1.201256e-01 3.037876e-02 4.745117e-02 2.400123e-03 3.548215e-02 3.275790e-03 9.037687e-02 1.032641e-02
9.733111e-03 9.501595e-01 2.346900e-01 6.402650e-02 2.629245e-02 -1.518051e-01 2.786912e-02 6.749498e-02 8.129299e-03 4.032431e-02 6.687568e-03 1.022957e-01 9.074367e-03
1.238760e-02 7.967311e-01 8.228219e-02 5.436241e-02 1.429899e-02 -1.209416e-01 3.430091e-02 7.336214e-02 6.395958e-03 4.388483e-02 5.014020e-03 1.058162e-01 1.258503e-02
1.563197e-02 1.094862e+00 1.814254e-01 4.988824e-02 2.810611e-02 -1.737335e-01 3.431138e-02 8.158413e-02 9.909619e-03 4.933595e-02 1.157578e-02 1.319088e-01 1.074748e-02
1.946622e-02 9.101274e-01 5.663599e-02 5.204615e-02 3.051470e-02 -1.629478e-01 4.545142e-02 8.150845e-02 6.155076e-03 3.336839e-02 4.895594e-03 1.669303e-01 1.024192e-02
7.668512e-03 1.053661e+00 1.864370e-01 6.647073e-02 2.062660e-02 -1.482902e-01 2.944582e-02 7.022367e-02 7.171310e-03 5.126287e-02 5.162000e-03 1.045835e-01 6.184120e-03
7.963454e-03 8.433386e-01 1.130659e-01 3.607927e-02 2.481587e-02 -1.695115e-01 5.774998e-02 5.227225e-02 4.107956e-03 3.766042e-02 9.416805e-03 1.070759e-01 3.039623e-02
8.848283e-03 8.144979e-01 1.462315e-01 4.173773e-02 2.170075e-02 -1.305353e-01 2.234030e-02 5.622133e-02 6.631914e-03 3.487236e-02 1.783420e-03 8.527804e-02 5.097236e-03
1.032300e-02 1.488862e+00 1.755367e-01 5.801531e-02 1.766076e-02 -2.753884e-01 4.707062e-02 5.248055e-02 2.626999e-03 3.200688e-02 4.607625e-03 1.326575e-01 1.501088e-02
1.238760e-02 9.722847e-01 1.522910e-01 9.488815e-02 1.459179e-02 -1.172316e-01 3.241964e-02 7.357279e-02 5.572029e-03 4.834881e-02 5.983672e-03 1.248010e-01 6.560953e-03
1.504208e-02 7.721397e-01 1.261436e-01 1.593126e-02 2.073506e-02 -1.428647e-01 2.805146e-02 7.634561e-02 8.625341e-03 5.242030e-02 8.480843e-03 1.334744e-01 1.619843e-02
1.828645e-02 1.073782e+00 1.627103e-01 3.580228e-02 1.900717e-02 -2.192238e-01 4.815141e-02 7.887642e-02 8.728687e-03 4.071340e-02 3.582400e-03 1.697866e-01 1.469857e-02
2.212071e-02 9.647095e-01 4.715926e-02 4.923211e-02 1.210108e-02 -1.556475e-01 2.289510e-02 9.009182e-02 6.830214e-03 3.184199e-02 6.346415e-03 1.463745e-01 1.347097e-02
1.091288e-02 1.026708e+00 1.637453e-01 6.749126e-02 1.122896e-02 -1.328098e-01 1.863838e-02 6.854608e-02 4.015408e-03 4.110454e-02 3.326093e-03 1.004342e-01 6.387493e-03
1.120782e-02 1.060511e+00 1.837544e-01 6.998549e-02 2.949953e-02 -1.448144e-01 2.490526e-02 8.173514e-02 3.957229e-03 6.577457e-02 1.009477e-02 1.348893e-01 1.773737e-02
1.209265e-02 1.182763e+00 2.307244e-01 3.760409e-02 2.329371e-02 -2.214767e-01 6.857250e-02 6.681024e-02 5.787363e-03 4.329751e-02 2.399695e-03 1.321825e-01 1.585373e-02
1.356737e-02 1.000413e+00 9.011616e-02 5.488550e-02 3.496433e-02 -1.506708e-01 1.834052e-02 7.120610e-02 3.355141e-03 3.941986e-02 1.138009e-02 1.046483e-01 1.572581e-02
1.563197e-02 1.072884e+00 1.649911e-01 9.613892e-02 1.876868e-02 -1.432198e-01 3.312980e-02 8.425335e-02 3.480308e-03 3.829611e-02 4.989605e-03 1.274529e-01 1.278373e-02
1.828645e-02 9.514076e-01 8.464873e-02 1.034340e-02 2.178174e-02 -1.577771e-01 2.712003e-02 8.790463e-02 6.848347e-03 6.701552e-02 8.910878e-03 1.556139e-01 1.255852e-02
2.153082e-02 9.986383e-01 1.316695e-01 9.427103e-02 1.847401e-02 -1.530785e-01 2.145400e-02 1.124346e-01 1.081243e-02 3.415419e-02 5.781907e-03 1.576445e-01 1.157819e-02
2.536508e-02 8.994462e-01 9.225473e-02 5.952273e-02 2.156970e-02 -2.032710e-01 4.446381e-02 1.102935e-01 1.002021e-02 3.322724e-02 1.546650e-02 2.130490e-01 1.308828e-02
1.474714e-02 9.934525e-01 1.235258e-01 4.097687e-02 2.204076e-02 -1.685772e-01 3.847464e-02 6.481620e-02 4.764827e-03 3.767752e-02 7.329987e-03 1.317339e-01 8.838003e-03
1.504208e-02 1.060108e+00 1.077739e-01 7.105958e-02 1.010743e-02 -1.573702e-01 3.584740e-02 9.276694e-02 7.503546e-03 5.315195e-02 7.473713e-03 1.239525e-01 1.290981e-02
1.592691e-02 9.860693e-01 2.064668e-01 7.181652e-02 3.143768e-02 -1.282906e-01 3.152309e-02 7.183616e-02 6.531736e-03 4.456935e-02 5.800100e-03 1.396944e-01 1.292769e-02
1.740162e-02 1.054534e+00 2.530869e-01 4.844468e-02 3.036129e-02 -1.962588e-01 4.769123e-02 7.449838e-02 8.694556e-03 3.996451e-02 5.042725e-03 1.576194e-01 1.438114e-02
1.946622e-02 7.723583e-01 9.993857e-02 4.964654e-02 1.105525e-02 -1.258585e-01 2.036569e-02 8.517174e-02 1.278297e-02 3.253689e-02 8.492963e-03 1.347560e-01 1.110905e-02
2.212071e-02 1.219388e+00 9.736430e-02 7.935428e-02 5.754572e-02 -1.855815e-01 3.174657e-02 1.119513e-01 7.418813e-03 5.035855e-02 8.165224e-03 1.770149e-01 1.780333e-02
2.536508e-02 8.261061e-01 1.236733e-01 4.434413e-02 2.864008e-02 -1.148557e-01 1.301761e-02 1.267291e-01 1.046520e-02 5.053596e-02 1.235577e-02 1.681214e-01 2.065719e-02
2.919933e-02 1.015522e+00 1.549021e-01 7.744003e-02 4.268599e-02 -2.090098e-01 2.365033e-02 1.352144e-01 1.428484e-02 4.001894e-02 5.363354e-03 2.782545e-01 2.438615e-02
1.179771e-03 2.020357e+00 2.410079e-01 9.794492e-02 3.742131e-02 -3.590919e-01 4.938364e-02 6.408951e-02 9.501537e-03 4.391185e-02 3.250040e-03 1.310791e-01 9.159070e-03
1.474714e-03 6.107356e-01 1.303875e-01 1.949339e-02 2.379879e-02 -1.247846e-01 2.120221e-02 6.342266e-02 6.084449e-03 6.033518e-02 1.044717e-02 9.691096e-02 1.112826e-02
2.359542e-03 7.214695e-01 8.998211e-02 7.764672e-02 1.152886e-02 -8.630577e-02 1.779016e-02 5.439819e-02 2.215280e-03 3.461126e-02 1.435435e-03 5.997755e-02 3.093151e-03
3.834256e-03 8.260533e-01 1.526355e-01 6.190761e-02 1.534165e-02 -1.194352e-01 2.971734e-02 5.961454e-02 9.885713e-03 4.485969e-02 6.520085e-03 8.293456e-02 6.346013e-03
5.898855e-03 1.341119e+00 2.716820e-01 9.075291e-02 2.184334e-02 -2.055995e-01 4.494232e-02 6.263639e-02 8.515277e-03 3.998208e-02 6.812323e-03 1.085779e-01 1.334044e-02
8.553340e-03 1.085433e+00 1.587640e-01 5.471239e-02 1.211046e-02 -1.864407e-01 2.906199e-02 5.759817e-02 6.174285e-03 3.297566e-02 5.484973e-03 1.015900e-01 1.503025e-02
1.179771e-02 9.511083e-01 1.227125e-01 2.644873e-02 1.298083e-02 -1.854523e-01 2.990097e-02 6.124687e-02 3.305222e-03 4.311019e-02 4.598131e-03 1.267963e-01 1.089781e-02
1.563197e-02 7.006174e-01 9.241743e-02 3.896623e-02 1.644028e-02 -1.056145e-01 7.171964e-03 7.873256e-02 4.584311e-03 4.957703e-02 7.803006e-03 1.284979e-01 9.553366e-03
1.474714e-03 7.698377e-01 1.480336e-01 2.841987e-02 2.281359e-02 -1.435835e-01 4.763764e-02 5.803552e-02 3.140772e-03 5.342671e-02 8.311094e-03 9.234077e-02 1.726454e-02
1.769657e-03 5.855504e-01 1.891541e-01 7.437682e-03 9.691636e-03 -1.246450e-01 4.339072e-02 5.749109e-02 2.822807e-03 5.656430e-02 4.210275e-03 9.162084e-02 1.214664e-02
2.654485e-03 9.440675e-01 3.521588e-01 4.892646e-02 9.825642e-03 -1.580945e-01 7.917252e-02 5.623546e-02 3.267786e-03 4.712831e-02 3.736535e-03 9.139106e-02 1.665872e-02
4.129199e-03 9.579108e-01 3.158003e-01 5.434482e-02 1.893212e-02 -1.662782e-01 6.109204e-02 5.624834e-02 5.145749e-03 3.951687e-02 5.088569e-03 9.131354e-02 1.539902e-02
6.193798e-03 1.045677e+00 1.333947e-01 5.610093e-02 2.237111e-02 -1.746892e-01 2.182362e-02 7.005385e-02 1.211249e-02 5.533212e-02 1.175713e-02 1.178582e-01 1.352631e-02
8.848283e-03 8.118978e-01 9.454775e-02 2.479724e-02 1.196955e-02 -1.564347e-01 1.995148e-02 5.592066e-02 5.309776e-03 4.374163e-02 5.796124e-03 1.090578e-01 1.779803e-03
1.209265e-02 6.344754e-01 1.040861e-01 6.682151e-02 1.104999e-02 -7.445693e-02 2.141796e-02 7.539938e-02 6.856467e-03 4.002027e-02 4.753282e-03 8.427801e-02 5.186925e-03
1.592691e-02 1.162229e+00 3.130329e-01 2.861383e-02 2.463902e-02 -1.954191e-01 6.149931e-02 8.407451e-02 1.138637e-02 4.891445e-02 1.055727e-02 1.335662e-01 1.530642e-02
2.359542e-03 9.401999e-01 2.774339e-01 5.232278e-02 1.445416e-02 -1.639036e-01 4.767318e-02 4.855516e-02 3.961356e-03 3.657086e-02 3.841001e-03 8.369852e-02 1.044485e-02
2.654485e-03 9.506151e-01 1.563147e-01 7.394698e-02 2.102269e-02 -1.414210e-01 2.350160e-02 5.714974e-02 3.689459e-03 4.194631e-02 6.144507e-03 8.400343e-02 9.000272e-03
3.539313e-03 9.415039e-01 1.564739e-01 5.160408e-02 2.289759e-02 -1.616409e-01 3.627120e-02 6.129948e-02 6.114454e-03 4.756951e-02 9.498961e-03 9.408777e-02 1.360858e-02
5.014027e-03 8.064257e-01 1.402683e-01 5.041995e-02 2.547035e-02 -1.359617e-01 4.705870e-02 6.028512e-02 7.375710e-03 4.555219e-02 5.063837e-03 9.444524e-02 1.360524e-02
7.078626e-03 7.933936e-01 1.505834e-01 3.237079e-02 1.569474e-02 -1.571728e-01 2.544243e-02 6.059355e-02 5.768723e-03 4.688783e-02 5.118474e-03 1.108992e-01 7.889311e-03
9.733111e-03 1.274686e+00 3.148305e-01 2.623276e-02 2.003216e-02 -2.510748e-01 6.641387e-02 6.943159e-02 5.627700e-03 5.599493e-02 7.268614e-03 1.400499e-01 1.075709e-02
1.297748e-02 7.466895e-01 1.307610e-01 3.302371e-02 1.279322e-02 -1.275844e-01 2.593580e-02 6.944798e-02 6.971922e-03 3.694684e-02 6.052013e-03 1.074248e-01 9.405639e-03
1.681174e-02 1.037965e+00 1.015513e-01 6.907428e-02 1.911034e-02 -1.296143e-01 2.714054e-02 7.736008e-02 1.075914e-02 3.584053e-02 5.723548e-03 1.179082e-01 7.624213e-03
3.834256e-03 9.049773e-01 1.057977e-01 6.890630e-02 1.371163e-02 -1.278252e-01 1.685064e-02 6.521383e-02 3.545748e-03 4.764128e-02 6.181591e-03 8.592221e-02 9.091521e-03
4.129199e-03 6.971427e-01 7.708298e-02 4.391370e-02 1.145435e-02 -1.096059e-01 1.392114e-02 5.253310e-02 2.981620e-03 4.342731e-02 5.850090e-03 8.471805e-02 6.023867e-03
5.014027e-03 1.100446e+00 2.132077e-01 5.592168e-02 2.741068e-02 -1.958142e-01 5.843844e-02 4.687232e-02 1.940919e-03 3.288697e-02 4.290844e-03 9.588839e-02 1.437104e-02
6.488741e-03 7.167925e-01 9.737056e-02 3.134367e-02 1.160141e-02 -1.296568e-01 2.537875e-02 5.604701e-02 6.349901e-03 4.468675e-02 5.255616e-03 9.560448e-02 6.372696e-03
8.553340e-03 1.074278e+00 2.858658e-01 7.186658e-02 2.579459e-02 -1.938544e-01 5.267517e-02 6.714322e-02 5.495154e-03 4.091157e-02 6.177474e-03 1.138758e-01 1.014253e-02
1.120782e-02 1.062704e+00 1.134238e-01 6.678948e-02 3.137617e-02 -1.741158e-01 2.824289e-02 6.586287e-02 3.289840e-03 4.075961e-02 7.550775e-03 1.214150e-01 1.346080e-02
1.445220e-02 1.076547e+00 1.156570e-01 6.727702e-02 1.926846e-02 -1.689601e-01 4.100193e-02 7.522842e-02 7.820333e-03 4.125856e-02 5.385968e-03 1.219526e-01 1.261861e-02
1.828645e-02 9.013157e-01 1.209665e-01 6.193321e-02 1.384823e-02 -1.502522e-01 2.763155e-02 9.061956e-02 1.265214e-02 4.694655e-02 1.234202e-02 1.576753e-01 1.097267e-02
5.898855e-03 1.059240e+00 2.459351e-01 7.680730e-02 2.056820e-02 -1.941901e-01 4.542160e-02 6.183507e-02 5.744700e-03 3.856546e-02 6.183100e-03 1.053736e-01 1.378229e-02
6.193798e-03 7.316128e-01 1.281022e-01 5.143143e-02 5.937326e-03 -1.091381e-01 3.045056e-02 5.859239e-02 3.499262e-03 4.133350e-02 1.958515e-03 8.086297e-02 6.609366e-03
7.078626e-03 1.037395e+00 2.044532e-01 5.857605e-02 2.100272e-02 -1.646569e-01 3.234090e-02 6.845597e-02 2.560956e-03 4.492156e-02 4.218272e-03 9.806135e-02 4.687750e-03
8.553340e-03 9.356382e-01 1.423529e-01 4.137489e-02 2.163273e-02 -1.671826e-01 3.959710e-02 7.258323e-02 3.870881e-03 5.627385e-02 4.545008e-03 1.233300e-01 1.037287e-02
1.061794e-02 9.609491e-01 1.584495e-01 3.473438e-02 1.912967e-02 -1.797843e-01 4.825425e-02 6.323288e-02 2.080392e-03 4.625749e-02 2.542897e-03 1.236717e-01 1.265797e-02
1.327242e-02 8.726135e-01 9.379299e-02 6.075885e-02 1.531254e-02 -1.227694e-01 2.078427e-02 7.836432e-02 4.952638e-03 4.655861e-02 5.052956e-03 1.130918e-01 9.237238e-03
1.651679e-02 1.199943e+00 1.368377e-01 6.035446e-02 1.727217e-02 -2.010218e-01 3.154949e-02 6.957695e-02 9.803897e-03 3.400243e-02 1.795819e-03 1.314165e-01 9.418138e-03
2.035105e-02 8.267187e-01 3.171040e-02 6.145322e-02 2.338954e-02 -1.270362e-01 2.886042e-02 9.751569e-02 1.234698e-02 4.925926e-02 1.399485e-02 1.541822e-01 1.156167e-02
8.553340e-03 1.244932e+00 2.028677e-01 9.119512e-02 1.351183e-02 -2.048592e-01 6.048758e-02 6.315612e-02 3.370310e-03 3.124263e-02 3.498463e-03 1.083041e-01 1.808165e-02
8.848283e-03 1.268564e+00 2.460957e-01 1.021183e-01 2.606164e-02 -1.686135e-01 3.271572e-02 7.273855e-02 5.414254e-03 4.311620e-02 2.723001e-03 1.137049e-01 1.005844e-02
9.733111e-03 8.757782e-01 8.633928e-02 3.646619e-02 2.956612e-02 -1.715761e-01 4.703910e-02 7.692062e-02 6.552362e-03 5.722823e-02 1.213002e-02 1.295715e-01 2.203785e-02
1.120782e-02 1.264772e+00 2.644393e-01 6.233905e-02 1.725426e-02 -2.065388e-01 4.140392e-02 6.168908e-02 6.523217e-03 3.502362e-02 5.197075e-03 1.191046e-01 9.874443e-03
1.327242e-02 1.388306e+00 1.834293e-01 7.168980e-02 2.294939e-02 -2.430706e-01 5.067333e-02 6.603415e-02 3.084030e-03 3.818367e-02 3.229515e-03 1.414002e-01 1.355957e-02
1.592691e-02 1.029942e+00 1.630658e-01 1.061954e-01 2.902061e-02 -9.530736e-02 3.400973e-02 8.922328e-02 5.450243e-03 4.688262e-02 9.226875e-03 1.233154e-01 1.084493e-02
1.917128e-02 1.090342e+00 9.494592e-02 5.950610e-02 1.947504e-02 -2.012715e-01 2.454423e-02 9.396275e-02 1.281177e-02 3.525668e-02 3.722181e-03 1.441453e-01 8.915334e-03
2.300554e-02 1.004278e+00 8.633696e-02 3.716829e-02 8.426396e-03 -1.460273e-01 3.001194e-02 8.601742e-02 6.879126e-03 3.578439e-02 5.958831e-03 1.729157e-01 8.312785e-03
1.179771e-02 1.123258e+00 1.748993e-01 6.124442e-02 1.892468e-02 -2.030417e-01 3.051957e-02 7.004676e-02 5.554418e-03 4.370148e-02 3.833766e-03 1.255217e-01 7.439552e-03
1.209265e-02 9.881477e-01 1.695770e-01 5.282910e-02 1.247951e-02 -1.651627e-01 3.656801e-02 6.761095e-02 4.509329e-03 3.804626e-02 5.751065e-03 1.103620e-01 1.199442e-02
1.297748e-02 8.090611e-01 1.197348e-01 4.394605e-02 1.726858e-02 -1.228124e-01 2.943790e-02 7.413536e-02 6.145570e-03 4.683962e-02 4.284763e-03 1.080436e-01 1.020002e-02
1.445220e-02 1.546757e+00 2.919272e-01 1.105411e-01 1.412333e-02 -2.632338e-01 6.670618e-02 7.818842e-02 5.230953e-03 3.105443e-02 6.808263e-03 1.435588e-01 1.747919e-02
1.651679e-02 9.734878e-01 1.112263e-01 4.746879e-02 2.611843e-02 -1.092086e-01 4.779314e-02 7.778023e-02 3.643792e-03 4.429287e-02 7.807328e-03 1.159393e-01 1.996558e-02
1.917128e-02 7.757572e-01 1.296203e-01 3.214763e-02 1.341904e-02 -1.403572e-01 3.363824e-02 7.419875e-02 7.738454e-03 3.991724e-02 5.212165e-03 1.427389e-01 2.261638e-02
2.241565e-02 1.266607e+00 1.425157e-01 1.054706e-01 3.610814e-02 -1.610352e-01 1.339989e-02 1.103403e-01 8.520362e-03 5.425493e-02 4.647980e-03 1.832762e-01 1.235323e-02
2.624991e-02 1.046120e+00 1.077463e-01 6.785111e-02 3.518459e-02 -1.390308e-01 3.508492e-02 1.316694e-01 1.532902e-02 4.855466e-02 1.617107e-02 2.033763e-01 2.684338e-02
1.563197e-02 9.094362e-01 1.175317e-01 8.434119e-02 1.322314e-02 -1.071745e-01 2.865427e-02 9.210199e-02 9.944782e-03 4.472073e-02 7.860610e-03 1.216124e-01 4.711030e-03
1.592691e-02 9.832009e-01 2.410160e-01 1.042222e-01 2.639590e-02 -1.171936e-01 5.028674e-02 8.295630e-02 4.775772e-03 3.537855e-02 5.047547e-03 1.179556e-01 1.286251e-02
1.681174e-02 1.156523e+00 1.841374e-01 6.725524e-02 1.747821e-02 -1.846968e-01 3.693185e-02 7.716583e-02 1.276864e-02 4.338144e-02 1.018111e-02 1.542289e-01 1.295917e-02
1.828645e-02 9.335498e-01 1.166386e-01 4.851901e-02 2.535486e-02 -1.180455e-01 3.262186e-02 7.159794e-02 5.385609e-03 3.639638e-02 3.977647e-03 1.262955e-01 1.107300e-02
2.035105e-02 1.132782e+00 1.587501e-01 6.072459e-02 6.571567e-03 -1.795451e-01 3.561345e-02 9.332482e-02 8.305112e-03 4.663629e-02 5.638244e-03 1.707706e-01 1.630942e-02
2.300554e-02 1.014630e+00 1.453914e-01 2.743572e-02 1.790312e-02 -1.997769e-01 1.540852e-02 9.880688e-02 1.215925e-02 5.021709e-02 9.942270e-03 1.954064e-01 2.047279e-02
2.624991e-02 9.843426e-01 9.993724e-02 4.246100e-02 1.889946e-02 -1.683539e-01 5.022284e-02 1.092400e-01 9.192428e-03 3.052899e-02 1.310119e-02 1.988506e-01 1.317146e-02
3.008416e-02 9.772572e-01 9.647532e-02 1.002155e-01 3.810795e-02 -7.054019e-02 2.127056e-02 1.610110e-01 9.353117e-03 1.656931e-02 1.020346e-02 1.910922e-01 1.398217e-02
2.654485e-03 6.567976e-01 1.646069e-01 1.552986e-02 1.333054e-02 -1.468113e-01 3.897117e-02 5.395051e-02 7.389116e-03 5.004270e-02 8.065581e-03 9.493586e-02 5.891235e-03
2.949428e-03 8.039942e-01 2.039341e-01 2.091569e-02 1.791621e-02 -1.737074e-01 4.322992e-02 6.440851e-02 5.527554e-03 5.501393e-02 4.965455e-03 1.035292e-01 1.034261e-02
3.834256e-03 1.219080e+00 2.030180e-01 7.806643e-02 2.405390e-02 -2.094321e-01 3.551310e-02 6.105810e-02 4.911515e-03 3.926952e-02 6.405603e-03 9.869899e-02 8.231061e-03
5.308970e-03 1.010107e+00 2.040965e-01 3.867603e-02 1.598998e-02 -1.772692e-01 4.205181e-02 5.763572e-02 4.459720e-03 4.838215e-02 7.445297e-03 1.071309e-01 9.304612e-03
7.373569e-03 8.854808e-01 2.220746e-01 7.100599e-02 2.499743e-02 -1.298004e-01 2.827193e-02 6.993181e-02 7.360389e-03 4.954591e-02 4.830782e-03 1.054632e-01 5.733477e-03
1.002805e-02 1.289672e+00 3.370901e-01 7.201882e-02 2.034464e-02 -1.995391e-01 7.120150e-02 6.266091e-02 6.653434e-03 3.910299e-02 5.899384e-03 1.133834e-01 1.640210e-02
1.327242e-02 1.144280e+00 2.418097e-01 5.357176e-02 3.134741e-02 -1.872032e-01 5.886635e-02 6.863635e-02 9.492334e-03 4.518221e-02 5.024080e-03 1.386314e-01 1.538378e-02
1.710668e-02 9.771258e-01 1.582641e-01 9.790922e-02 3.109667e-02 -1.258673e-01 2.091164e-02 8.643112e-02 1.387560e-02 3.820562e-02 7.019009e-03 1.360485e-01 1.514109e-02
2.949428e-03 1.421340e+00 8.193254e-02 2.304864e-02 6.028037e-03 -2.977632e-01 1.957697e-02 5.557945e-02 4.654677e-03 4.877652e-02 3.962537e-03 1.262119e-01 7.639064e-03
3.244370e-03 1.304203e+00 2.223834e-01 6.978131e-02 2.020834e-02 -2.299757e-01 5.870217e-02 6.141594e-02 6.498479e-03 4.430807e-02 3.853013e-03 1.070329e-01 1.239539e-02
4.129199e-03 9.854365e-01 2.826638e-01 3.478640e-02 1.470964e-02 -1.846300e-01 7.464014e-02 5.685849e-02 4.298225e-03 4.678120e-02 7.532005e-03 1.004511e-01 1.959788e-02
5.603912e-03 8.103477e-01 2.352090e-01 4.298198e-02 9.427602e-03 -1.322901e-01 5.881156e-02 6.205526e-02 7.640931e-03 4.793691e-02 9.186475e-03 9.317842e-02 1.347199e-02
7.668512e-03 1.090107e+00 1.198022e-01 6.021084e-02 7.010904e-03 -1.691100e-01 2.826719e-02 6.214431e-02 7.817598e-03 4.295425e-02 7.725180e-03 1.110863e-01 7.763957e-03
1.032300e-02 7.948746e-01 1.280829e-01 5.108033e-02 1.703069e-02 -1.053312e-01 2.312639e-02 6.609052e-02 4.842144e-03 4.598309e-02 7.439290e-03 9.911139e-02 8.260169e-03
1.356737e-02 7.327000e-01 6.531875e-02 4.391508e-02 1.241314e-02 -9.539328e-02 2.434723e-02 7.654168e-02 3.161508e-03 4.747424e-02 5.906145e-03 1.114191e-01 1.791500e-02
1.740162e-02 8.604003e-01 3.587969e-02 6.034718e-02 1.076650e-02 -1.227216e-01 2.198804e-02 8.431634e-02 1.071841e-02 5.452334e-02 9.375213e-03 1.493108e-01 5.913643e-03
3.834256e-03 6.972829e-01 1.613410e-01 4.281105e-02 1.504117e-02 -1.201322e-01 3.568370e-02 4.935789e-02 3.460895e-03 3.797836e-02 2.747430e-03 7.868161e-02 1.071706e-02
4.129199e-03 9.331111e-01 3.597246e-01 6.612869e-02 2.624560e-02 -1.444115e-01 5.831110e-02 6.424748e-02 7.396561e-03 4.891751e-02 5.530188e-03 9.571485e-02 1.195961e-02
5.014027e-03 1.055393e+00 2.689971e-01 6.567022e-02 2.425718e-02 -1.659077e-01 4.497655e-02 5.982657e-02 4.494345e-03 4.338946e-02 4.983933e-03 9.661160e-02 9.217791e-03
6.488741e-03 1.045670e+00 5.009899e-01 7.735834e-02 3.586264e-02 -1.658015e-01 8.112421e-02 6.074546e-02 3.785500e-03 3.556225e-02 6.059828e-03 9.366400e-02 1.479505e-02
8.553340e-03 6.425582e-01 1.269241e-01 6.882714e-02 2.512027e-02 -6.024182e-02 1.876460e-02 7.779830e-02 3.965549e-03 5.955934e-02 4.525629e-03 1.044608e-01 1.017130e-02
1.120782e-02 1.201949e+00 1.132000e-01 7.735093e-02 2.456058e-02 -1.577631e-01 1.718981e-02 7.022468e-02 3.252448e-03 4.180208e-02 5.673804e-03 1.125683e-01 1.197210e-02
1.445220e-02 7.866198e-01 8.988805e-02 3.870619e-02 9.944968e-03 -1.247973e-01 2.112519e-02 7.654139e-02 9.162820e-03 5.468129e-02 8.639534e-03 1.370650e-01 1.776503e-02
1.828645e-02 1.080572e+00 1.473277e-01 5.691996e-02 7.484978e-03 -1.863898e-01 2.519477e-02 7.954691e-02 7.969456e-03 2.995424e-02 8.135475e-03 1.333450e-01 1.062430e-02
5.308970e-03 7.956077e-01 2.440142e-01 1.838505e-02 1.504080e-02 -1.717191e-01 7.221847e-02 5.625566e-02 8.117434e-03 4.973860e-02 1.245217e-02 1.068682e-01 2.737177e-02
5.603912e-03 1.209553e+00 3.469345e-01 7.906495e-02 2.109423e-02 -1.812091e-01 7.131020e-02 5.252363e-02 6.971846e-03 2.815628e-02 1.043452e-02 8.161562e-02 1.068763e-02
6.488741e-03 7.070706e-01 1.574317e-01 3.578602e-02 1.139385e-02 -1.237829e-01 3.334067e-02 5.757051e-02 4.000317e-03 4.368700e-02 6.613541e-03 8.973419e-02 5.585900e-03
7.963454e-03 6.986987e-01 9.319765e-02 3.264413e-02 4.287756e-03 -1.176899e-01 1.379369e-02 6.291848e-02 3.440648e-03 5.482725e-02 5.376374e-03 1.085437e-01 7.464371e-03
1.002805e-02 1.337991e+00 2.940961e-01 7.515631e-02 1.156485e-02 -2.536648e-01 5.754025e-02 7.202481e-02 6.156719e-03 4.109504e-02 7.324110e-03 1.291142e-01 1.349433e-02
1.268254e-02 1.065356e+00 1.929840e-01 3.066528e-02 5.711861e-03 -1.979271e-01 4.628235e-02 6.139043e-02 3.861336e-03 3.727602e-02 3.874886e-03 1.171902e-01 1.606397e-02
1.592691e-02 7.958863e-01 1.109620e-01 4.100927e-02 1.286335e-02 -1.160334e-01 1.357883e-02 7.828296e-02 6.940053e-03 4.874870e-02 6.450204e-03 1.166584e-01 8.293691e-03
1.976116e-02 8.266171e-01 6.512556e-02 3.654857e-02 1.874659e-02 -1.337022e-01 2.101241e-02 1.014179e-01 5.154918e-03 6.702044e-02 5.223134e-03 1.670879e-01 1.572072e-02
7.373569e-03 8.653399e-01 1.665222e-01 5.774088e-02 1.181620e-02 -1.321031e-01 3.119081e-02 7.169142e-02 2.630355e-03 5.297326e-02 7.428508e-03 1.079750e-01 7.723953e-03
7.668512e-03 8.568110e-01 7.538912e-02 2.919059e-02 1.220476e-02 -1.632428e-01 3.579296e-02 6.670792e-02 8.146336e-03 5.325325e-02 1.289472e-02 1.157661e-01 2.316415e-02
8.553340e-03 7.584221e-01 8.132401e-02 1.541689e-02 7.694983e-03 -1.465662e-01 2.641180e-02 5.495288e-02 5.331314e-03 4.507420e-02 6.373387e-03 1.011669e-01 1.323090e-02
1.002805e-02 1.036976e+00 1.801084e-01 5.609602e-02 2.875353e-02 -1.616827e-01 2.831222e-02 6.666234e-02 6.148510e-03 4.218165e-02 6.963036e-03 1.054288e-01 6.258273e-03
1.209265e-02 1.040285e+00 1.880069e-01 9.687997e-02 3.295974e-02 -1.518731e-01 4.173616e-02 7.639356e-02 4.444700e-03 4.107326e-02 7.983078e-03 1.117213e-01 1.200807e-02
1.474714e-02 9.761096e-01 1.417714e-01 6.238708e-02 1.218102e-02 -1.696433e-01 3.156576e-02 8.037767e-02 2.900498e-03 4.198320e-02 1.618946e-03 1.365657e-01 1.136544e-02
1.799151e-02 8.211325e-01 9.889165e-02 9.312214e-02 1.231850e-02 -9.473628e-02 7.804149e-03 8.620045e-02 2.520526e-03 3.833114e-02 6.859036e-03 1.413555e-01 9.244353e-03
2.182576e-02 1.077454e+00 1.220389e-01 7.950900e-02 2.918466e-02 -1.487465e-01 2.295109e-02 9.390958e-02 2.565986e-03 4.380697e-02 4.982307e-03 1.543152e-01 1.166991e-02
1.002805e-02 1.013999e+00 1.193705e-01 4.795679e-02 1.774044e-02 -1.709632e-01 3.633999e-02 6.571624e-02 6.916572e-03 4.830239e-02 8.517948e-03 1.180791e-01 8.430608e-03
1.032300e-02 9.466340e-01 1.440396e-01 4.359976e-02 2.039844e-02 -1.452198e-01 3.203659e-02 6.501294e-02 3.180500e-03 4.763553e-02 7.004887e-03 1.090766e-01 1.073665e-02
1.120782e-02 1.034890e+00 2.094577e-01 8.136582e-02 2.270200e-02 -1.269508e-01 3.528779e-02 6.357925e-02 9.612084e-03 4.034814e-02 7.760558e-03 1.062432e-01 8.379786e-03
1.268254e-02 1.020676e+00 2.203562e-01 3.547553e-02 8.722243e-03 -1.820618e-01 4.589131e-02 6.126272e-02 5.241052e-03 3.355522e-02 2.634654e-03 1.118547e-01 1.566780e-02
1.474714e-02 8.129420e-01 2.886031e-02 5.555780e-02 1.692000e-02 -1.271549e-01 2.916457e-02 8.145485e-02 5.478201e-03 4.590556e-02 8.055697e-03 1.178463e-01 1.860113e-02
1.740162e-02 1.013056e+00 9.774326e-02 4.473070e-02 2.644782e-02 -1.622774e-01 2.515024e-02 9.544024e-02 5.972020e-03 4.846202e-02 5.167798e-03 1.357209e-01 7.948163e-03
2.064599e-02 1.085403e+00 1.489455e-01 9.629273e-02 4.077476e-02 -1.164674e-01 3.856053e-02 1.021408e-01 1.528479e-02 3.750110e-02 8.721933e-03 1.408365e-01 1.379633e-02
2.448025e-02 1.005672e+00 9.122858e-02 7.534911e-02 2.808489e-02 -1.165759e-01 2.752426e-02 9.971111e-02 4.759327e-03 3.999876e-02 7.999023e-03 1.678561e-01 7.676914e-03
1.327242e-02 1.005943e+00 1.852954e-01 6.960284e-02 2.174648e-02 -1.684564e-01 4.344954e-02 7.403864e-02 4.408357e-03 3.871152e-02 9.439071e-03 1.269776e-01 7.192576e-03
1.356737e-02 7.951424e-01 1.050140e-01 6.551884e-02 1.676646e-02 -1.347965e-01 1.900080e-02 6.858296e-02 4.755613e-03 3.745542e-02 2.963472e-03 1.254882e-01 8.301711e-03
1.445220e-02 8.852918e-01 7.134433e-02 3.478211e-02 2.020132e-02 -1.564302e-01 2.792165e-02 7.395823e-02 4.229913e-03 5.232896e-02 3.622417e-03 1.414369e-01 1.460986e-02
1.592691e-02 1.053614e+00 2.243145e-01 1.085023e-01 2.775619e-02 -1.424565e-01 3.393839e-02 9.774441e-02 4.218914e-03 5.062542e-02 3.275423e-03 1.499262e-01 6.465420e-03
1.799151e-02 1.121832e+00 1.387283e-01 8.412332e-02 2.129624e-02 -1.618299e-01 2.090733e-02 7.985579e-02 7.645630e-03 3.420843e-02 6.463749e-03 1.461509e-01 7.977489e-03
2.064599e-02 8.553039e-01 1.201200e-01 5.119699e-02 9.539880e-03 -1.676907e-01 5.159822e-02 9.305147e-02 1.138630e-02 5.549444e-02 5.589404e-03 1.767232e-01 1.765292e-02
2.389036e-02 9.613015e-01 1.424867e-01 3.660264e-02 3.557118e-02 -1.831956e-01 2.628385e-02 9.509341e-02 1.232890e-02 5.566375e-02 1.095712e-02 2.114940e-01 1.263445e-02
2.772462e-02 8.782386e-01 4.929763e-02 4.360829e-02 1.732926e-02 -2.012327e-01 2.598328e-02 1.409839e-01 9.300208e-03 6.447640e-02 9.963050e-03 2.546433e-01 3.054982e-02
1.710668e-02 9.815690e-01 1.613371e-01 2.883432e-02 1.399934e-02 -2.012656e-01 2.964732e-02 8.209527e-02 3.961792e-03 4.590715e-02 5.065210e-03 1.591535e-01 1.216186e-02
1.740162e-02 8.475655e-01 9.563958e-02 6.673733e-02 2.289628e-02 -1.273494e-01 2.557280e-02 9.226682e-02 1.025975e-02 5.100834e-02 4.414277e-03 1.429862e-01 5.148215e-03
1.828645e-02 8.337890e-01 1.566541e-01 9.090790e-02 7.624502e-03 -1.034050e-01 3.350839e-02 9.205414e-02 9.005717e-03 4.443189e-02 6.572774e-03 1.357263e-01 5.856100e-03
1.976116e-02 1.276141e+00 1.310402e-01 1.369028e-01 1.238963e-02 -1.727396e-01 4.067394e-02 9.531862e-02 5.605331e-03 3.495006e-02 8.259656e-03 1.540094e-01 1.140043e-02
2.182576e-02 1.034300e+00 1.068049e-01 8.980067e-02 1.804567e-02 -1.520373e-01 3.701517e-02 1.145792e-01 8.237054e-03 4.523951e-02 6.939479e-03 1.688916e-01 1.673458e-02
2.448025e-02 9.133308e-01 1.552094e-01 5.989304e-02 1.758923e-02 -1.691469e-01 3.174499e-02 1.077802e-01 6.417073e-03 4.118201e-02 5.340824e-03 1.816820e-01 8.260278e-03
2.772462e-02 1.013877e+00 5.211016e-02 6.588621e-02 2.789557e-02 -1.730846e-01 4.020601e-02 1.334210e-01 8.004993e-03 5.028289e-02 1.555965e-02 2.244919e-01 1.739492e-02
3.155888e-02 8.683723e-01 1.369275e-01 9.731533e-02 1.784196e-02 -7.421085e-02 2.315737e-02 1.533314e-01 6.451601e-03 2.824071e-02 8.763933e-03 2.281975e-01 1.188610e-02
4.719084e-03 9.501787e-01 1.672198e-01 7.673508e-02 2.634518e-02 -1.297180e-01 4.118019e-02 6.193863e-02 3.256886e-03 3.991149e-02 8.172806e-03 8.159011e-02 1.657675e-02
5.014027e-03 1.314235e+00 3.399630e-01 2.994227e-02 2.929525e-02 -2.756193e-01 9.502562e-02 5.995499e-02 6.683152e-03 5.185800e-02 4.475462e-03 1.362323e-01 2.145903e-02
5.898855e-03 8.247452e-01 5.811718e-02 4.891674e-02 1.775430e-02 -1.285968e-01 2.177150e-02 7.176928e-02 1.177544e-02 5.930181e-02 1.453941e-02 1.090733e-01 2.020882e-02
7.373569e-03 9.560397e-01 1.413588e-01 7.914064e-02 2.153717e-02 -1.128636e-01 3.678475e-02 6.435053e-02 4.707823e-03 4.218657e-02 6.260782e-03 9.321516e-02 1.351916e-02
9.438168e-03 9.535902e-01 1.824875e-01 4.729955e-02 2.164248e-02 -1.505138e-01 4.325122e-02 5.692684e-02 7.994712e-03 4.482166e-02 1.022996e-02 1.114458e-01 1.736237e-02
1.209265e-02 9.149787e-01 1.478208e-01 5.390435e-02 3.067404e-02 -1.472204e-01 1.766470e-02 7.063096e-02 8.326956e-03 5.100244e-02 1.035910e-02 1.281062e-01 1.488463e-02
1.533702e-02 1.050443e+00 1.527042e-01 7.617162e-02 1.618198e-02 -1.635147e-01 4.294127e-02 7.127020e-02 4.646942e-03 3.211735e-02 4.546346e-03 1.249666e-01 1.048163e-02
1.917128e-02 1.151271e+00 1.377629e-01 8.847271e-02 3.491615e-02 -1.751163e-01 3.278676e-02 9.250150e-02 8.980244e-03 4.211969e-02 7.963551e-03 1.451060e-01 1.183498e-02
5.014027e-03 9.988171e-01 1.304635e-01 4.787362e-02 2.194767e-02 -1.641006e-01 4.411541e-02 5.496285e-02 4.255756e-03 4.199063e-02 6.344619e-03 9.591709e-02 1.684053e-02
5.308970e-03 1.035999e+00 3.068271e-01 2.592680e-02 1.457202e-02 -2.058247e-01 5.671318e-02 6.522357e-02 6.146899e-03 5.584108e-02 6.504994e-03 1.166949e-01 1.673037e-02
6.193798e-03 9.504742e-01 2.002535e-01 4.906695e-02 2.674004e-02 -1.574218e-01 2.758489e-02 6.528103e-02 5.544443e-03 4.944170e-02 3.377446e-03 1.031340e-01 7.382660e-03
7.668512e-03 8.291647e-01 1.145944e-01 5.480027e-02 7.716038e-03 -1.269966e-01 2.536161e-02 6.045712e-02 3.678020e-03 4.227156e-02 4.091561e-03 9.355343e-02 1.229081e-02
9.733111e-03 6.915812e-01 1.183456e-01 4.355749e-02 9.742814e-03 -9.545279e-02 3.367036e-02 6.972169e-02 1.088223e-02 4.670524e-02 7.071510e-03 9.271698e-02 1.198467e-02
1.238760e-02 1.076575e+00 2.642009e-01 9.571226e-02 2.085707e-02 -1.692741e-01 4.623154e-02 7.801300e-02 5.352923e-03 3.851855e-02 5.236504e-03 1.159762e-01 1.265786e-02
1.563197e-02 8.064063e-01 1.528010e-01 4.940794e-02 2.744216e-02 -1.402268e-01 5.182935e-02 7.156011e-02 5.328585e-03 3.534775e-02 7.625586e-03 1.184536e-01 9.028046e-03
1.946622e-02 9.114691e-01 4.707658e-02 7.085865e-02 2.354397e-02 -1.279744e-01 3.267122e-02 8.481742e-02 3.998077e-03 3.610900e-02 3.292227e-03 1.188530e-01 1.559983e-02
5.898855e-03 1.436525e+00 3.556116e-01 7.024953e-02 2.012723e-02 -2.384712e-01 6.984730e-02 5.466521e-02 6.862783e-03 3.565089e-02 6.633605e-03 1.024737e-01 1.324840e-02
6.193798e-03 1.092434e+00 1.903748e-01 6.232228e-02 3.071265e-02 -1.752172e-01 3.736735e-02 6.442456e-02 7.404871e-03 4.085499e-02 7.120923e-03 9.429776e-02 6.399803e-03
7.078626e-03 9.895514e-01 1.758083e-01 6.855596e-02 1.515748e-02 -1.443041e-01 4.471084e-02 6.226057e-02 3.290957e-03 4.110779e-02 4.283965e-03 9.166309e-02 9.319199e-03
8.553340e-03 7.190821e-01 1.391678e-01 1.790439e-02 9.108591e-03 -1.353020e-01 2.688390e-02 5.814169e-02 4.037993e-03 4.884611e-02 4.053884e-03 1.026085e-01 7.547350e-03
1.061794e-02 8.219486e-01 1.405130e-01 3.926652e-02 1.960850e-02 -1.474701e-01 2.183168e-02 5.721150e-02 6.686096e-03 3.896633e-02 3.943747e-03 1.063335e-01 1.116101e-02
1.327242e-02 9.488984e-01 1.426610e-01 3.827188e-02 2.133422e-02 -1.218037e-01 2.689176e-02 7.039629e-02 5.411336e-03 5.055835e-02 4.574078e-03 1.147194e-01 8.421866e-03
1.651679e-02 1.221601e+00 2.077346e-01 1.050278e-01 3.337697e-02 -1.910281e-01 3.613847e-02 8.422161e-02 9.097469e-03 2.770692e-02 4.151613e-03 1.455009e-01 1.377544e-02
2.035105e-02 9.848605e-01 1.196841e-01 8.028412e-02 1.480931e-02 -1.413928e-01 2.730940e-02 8.580411e-02 7.210928e-03 3.615732e-02 9.007099e-03 1.533951e-01 6.730390e-03
7.373569e-03 8.817056e-01 1.364557e-01 5.633082e-02 7.180035e-03 -1.253708e-01 2.867685e-02 6.340630e-02 4.560863e-03 4.458906e-02 5.534996e-03 9.119241e-02 6.085494e-03
7.668512e-03 1.127071e+00 1.786891e-01 7.235648e-02 2.017319e-02 -1.751896e-01 4.184369e-02 6.871072e-02 1.044141e-02 4.912471e-02 1.187191e-02 1.111861e-01 1.511311e-02
8.553340e-03 9.999068e-01 2.452927e-01 6.431561e-02 2.761387e-02 -1.547274e-01 5.055189e-02 6.373276e-02 8.154526e-03 4.271861e-02 8.590654e-03 1.007885e-01 1.529595e-02
1.002805e-02 1.075848e+00 1.264639e-01 8.048742e-02 2.980129e-02 -1.272878e-01 2.633181e-02 8.986302e-02 1.046718e-02 6.039409e-02 6.807936e-03 1.156631e-01 9.785590e-03
1.209265e-02 9.712528e-01 2.400270e-01 4.114904e-02 1.416361e-02 -1.609210e-01 4.826494e-02 7.560219e-02 3.746221e-03 5.239547e-02 5.311263e-03 1.251864e-01 7.674969e-03
1.474714e-02 1.147474e+00 1.190032e-01 9.440474e-02 2.733707e-02 -1.465752e-01 2.921559e-02 8.204788e-02 6.979847e-03 4.120661e-02 5.866687e-03 1.238700e-01 1.844020e-02
1.799151e-02 8.042935e-01 9.256499e-02 3.968283e-02 1.165345e-02 -1.210971e-01 2.282992e-02 7.910939e-02 7.806352e-03 4.950490e-02 2.879291e-03 1.541310e-01 1.313859e-02
2.182576e-02 1.022412e+00 1.511058e-01 9.682627e-02 2.341228e-02 -1.557301e-01 3.077187e-02 1.134695e-01 8.508454e-03 3.669598e-02 8.188525e-03 1.704516e-01 7.369535e-03
9.438168e-03 4.753023e-01 5.014305e-02 4.470763e-02 6.521221e-03 -6.296660e-02 1.990870e-02 6.637674e-02 5.069963e-03 4.835730e-02 2.196303e-03 9.150402e-02 1.784690e-03
9.733111e-03 1.094523e+00 1.415903e-01 4.888606e-02 2.883864e-02 -2.221604e-01 4.350660e-02 6.498550e-02 4.443350e-03 4.529969e-02 6.628859e-03 1.298752e-01 1.756790e-02
1.061794e-02 9.113883e-01 1.562011e-01 9.440232e-02 1.327433e-02 -1.244242e-01 3.993758e-02 8.020562e-02 4.098987e-03 4.588633e-02 6.155862e-03 1.101084e-01 1.117068e-02
1.209265e-02 1.077403e+00 1.310331e-01 8.386659e-02 1.584317e-02 -1.206843e-01 2.414283e-02 6.785682e-02 4.794829e-03 3.590473e-02 5.768516e-03 9.717024e-02 1.091245e-02
1.415725e-02 1.084633e+00 8.852414e-02 7.859062e-02 9.887148e-03 -1.359214e-01 2.930135e-02 7.333914e-02 8.137844e-03 2.950164e-02 5.990731e-03 9.297096e-02 6.963946e-03
1.681174e-02 1.163633e+00 1.283034e-01 7.682240e-02 3.345395e-02 -1.904364e-01 4.272968e-02 9.163110e-02 1.099240e-02 5.085580e-02 8.220893e-03 1.418646e-01 2.048954e-02
2.005611e-02 9.439282e-01 1.080986e-01 4.489186e-02 2.280993e-02 -1.372740e-01 3.002938e-02 8.471271e-02 4.258823e-03 3.993031e-02 9.436775e-03 1.523416e-01 2.236940e-02
2.389036e-02 9.802272e-01 1.864387e-01 5.806647e-02 1.576087e-02 -1.424091e-01 3.376378e-02 9.694562e-02 7.779711e-03 4.935534e-02 9.191127e-03 1.757637e-01 2.029014e-02
1.209265e-02 1.064779e+00 2.913059e-01 7.586521e-02 1.459600e-02 -1.691397e-01 7.695938e-02 7.339257e-02 3.191033e-03 3.900610e-02 7.507287e-03 1.150892e-01 1.607263e-02
1.238760e-02 8.055975e-01 1.016579e-01 6.788253e-02 2.273294e-02 -9.926946e-02 2.227090e-02 6.955519e-02 3.909744e-03 4.272717e-02 9.744479e-03 1.139441e-01 1.339742e-02
1.327242e-02 7.845644e-01 1.027382e-01 6.428483e-02 9.360141e-03 -1.087216e-01 2.796991e-02 6.759393e-02 5.550248e-03 3.378150e-02 4.308663e-03 9.799995e-02 9.253964e-03
1.474714e-02 8.360484e-01 6.196760e-02 7.999121e-02 2.464125e-02 -1.332994e-01 2.455552e-02 7.437000e-02 4.508372e-03 3.453597e-02 1.119479e-02 1.173077e-01 1.489174e-02
1.681174e-02 1.135674e+00 2.843411e-01 9.835097e-02 2.379282e-02 -1.397114e-01 3.085402e-02 9.139354e-02 6.763053e-03 3.828175e-02 6.559146e-03 1.320989e-01 1.105669e-02
1.946622e-02 1.082452e+00 1.211424e-01 7.416150e-02 1.315851e-02 -1.847236e-01 1.655559e-02 8.865519e-02 1.092316e-02 3.952306e-02 9.530921e-03 1.677767e-01 1.242147e-02
2.271059e-02 9.778439e-01 6.175863e-02 7.349948e-02 2.350482e-02 -1.192416e-01 2.060881e-02 9.355485e-02 6.497935e-03 3.440383e-02 5.676363e-03 1.375940e-01 4.001719e-03
2.654485e-02 9.536256e-01 5.290211e-02 4.671434e-02 2.189752e-02 -1.429081e-01 3.923943e-02 1.097958e-01 1.137623e-02 5.613795e-02 9.320532e-03 2.253374e-01 2.318233e-02
1.533702e-02 1.060547e+00 1.808940e-01 8.202019e-02 2.157255e-02 -1.378653e-01 3.415492e-02 7.847246e-02 7.763515e-03 4.706713e-02 9.077461e-03 1.309077e-01 1.136645e-02
1.563197e-02 9.332636e-01 1.169219e-01 6.547158e-02 7.738566e-03 -1.286146e-01 2.684410e-02 8.529034e-02 8.040317e-03 4.980745e-02 6.116761e-03 1.291055e-01 8.491981e-03
1.651679e-02 1.016408e+00 1.438974e-01 4.998405e-02 1.689921e-02 -1.602840e-01 2.034915e-02 7.425726e-02 6.101864e-03 4.171097e-02 8.520936e-03 1.424343e-01 6.847057e-03
1.799151e-02 8.770998e-01 1.114469e-01 6.021380e-02 1.272183e-02 -1.271595e-01 3.596580e-02 9.571527e-02 6.735439e-03 5.100265e-02 6.176527e-03 1.481006e-01 1.097544e-02
2.005611e-02 8.567023e-01 6.534601e-02 8.123276e-02 1.245515e-02 -1.328036e-01 1.908602e-02 9.410335e-02 2.071495e-03 4.800205e-02 6.382373e-03 1.581275e-01 1.140910e-02
2.271059e-02 9.641704e-01 9.210158e-02 9.208466e-02 2.847740e-02 -1.427702e-01 3.147711e-02 1.090429e-01 8.500420e-03 3.922219e-02 6.156099e-03 1.678999e-01 1.058002e-02
2.595496e-02 8.915322e-01 1.117203e-01 5.495012e-02 2.439090e-02 -1.858521e-01 2.569186e-02 1.095050e-01 7.194976e-03 2.741368e-02 1.122525e-02 1.965683e-01 2.238661e-02
2.978922e-02 9.320404e-01 1.049376e-01 6.436411e-02 2.742455e-02 -1.736617e-01 2.286694e-02 1.280328e-01 1.416847e-02 1.658764e-02 6.518827e-03 2.014296e-01 1.003458e-02
1.917128e-02 8.863478e-01 1.283658e-01 4.697624e-02 1.900568e-02 -1.449869e-01 3.603810e-02 8.470332e-02 5.234832e-03 4.218163e-02 5.249364e-03 1.399562e-01 2.543576e-02
1.946622e-02 9.079840e-01 4.349282e-02 6.145863e-02 1.319256e-02 -1.257533e-01 2.707528e-02 8.696855e-02 6.959569e-03 4.650573e-02 1.129412e-02 1.592086e-01 2.152099e-02
2.035105e-02 1.023923e+00 1.640154e-01 5.489392e-02 2.379043e-02 -1.762114e-01 3.698180e-02 7.994593e-02 9.801321e-03 3.997036e-02 1.121485e-02 1.663260e-01 1.784716e-02
2.182576e-02 9.458183e-01 1.332847e-01 3.287452e-02 9.570815e-03 -1.468873e-01 2.838166e-02 9.100487e-02 5.977875e-03 4.297604e-02 6.066917e-03 1.752508e-01 1.427552e-02
2.389036e-02 1.033566e+00 9.419939e-02 1.016153e-01 3.964554e-02 -1.405517e-01 1.111306e-02 1.218732e-01 1.101920e-02 5.031229e-02 1.494155e-02 1.751515e-01 1.330770e-02
2.654485e-02 9.860897e-01 1.071723e-01 5.878276e-02 2.851115e-02 -1.726887e-01 4.245051e-02 1.430896e-01 7.631034e-03 6.724082e-02 7.666369e-03 2.132924e-01 1.641457e-02
2.978922e-02 1.222830e+00 2.643736e-01 1.092984e-01 3.303321e-02 -1.696304e-01 5.126498e-02 1.230287e-01 1.296406e-02 2.111725e-02 1.269395e-02 2.388589e-01 7.269761e-03
3.362347e-02 8.404248e-01 8.809668e-02 -2.591792e-04 2.604127e-02 -1.740540e-01 2.148249e-02 1.272278e-01 9.332501e-03 1.831086e-02 1.884253e-02 2.627404e-01 1.461099e-02
7.373569e-03 1.094691e+00 2.302824e-01 4.553809e-02 1.354687e-02 -1.992389e-01 5.862798e-02 4.999512e-02 2.054429e-03 3.489905e-02 1.842202e-03 1.005091e-01 1.319977e-02
7.668512e-03 8.228834e-01 1.661749e-01 5.917237e-02 1.993817e-02 -1.190321e-01 2.668641e-02 5.695359e-02 4.064220e-03 4.052739e-02 3.111770e-03 8.764215e-02 9.915598e-03
8.553340e-03 9.441808e-01 2.318263e-01 3.623078e-02 1.796338e-02 -1.680000e-01 5.880222e-02 5.986136e-02 4.923314e-03 4.856859e-02 4.511052e-03 1.150977e-01 9.308314e-03
1.002805e-02 1.118780e+00 1.709338e-01 7.840251e-02 1.295710e-02 -1.689396e-01 3.427679e-02 6.232528e-02 5.956184e-03 3.033964e-02 5.960218e-03 1.027307e-01 1.339391e-02
1.209265e-02 1.009055e+00 1.637972e-01 5.388170e-02 2.114152e-02 -1.701276e-01 3.727536e-02 6.659281e-02 3.835924e-03 3.878333e-02 4.468506e-03 1.152280e-01 7.081156e-03
1.474714e-02 7.911996e-01 9.519571e-02 5.871501e-02 2.073337e-02 -1.390483e-01 1.839059e-02 6.570189e-02 7.179280e-03 2.776762e-02 5.428998e-03 1.136194e-01 6.847932e-03
1.799151e-02 8.826346e-01 9.167440e-02 5.467135e-02 4.311247e-03 -1.404749e-01 1.951104e-02 7.215205e-02 5.732861e-03 3.544302e-02 8.074548e-03 1.646102e-01 1.458233e-02
2.182576e-02 9.116843e-01 8.108265e-02 6.876251e-02 2.531975e-02 -1.107964e-01 2.168260e-02 9.854609e-02 1.050774e-02 3.822327e-02 7.181581e-03 1.611429e-01 7.792486e-03
7.668512e-03 1.159128e+00 1.369423e-01 6.875989e-02 2.206200e-02 -1.681277e-01 2.821049e-02 5.176092e-02 7.589691e-03 3.218694e-02 6.464216e-03 8.942700e-02 1.007110e-02
7.963454e-03 7.345299e-01 1.676353e-01 3.930159e-02 3.145774e-02 -1.292590e-01 1.645293e-02 6.578078e-02 8.649578e-03 4.986544e-02 4.086135e-03 1.106521e-01 8.702382e-03
8.848283e-03 9.512107e-01 2.993750e-01 7.285759e-02 2.197093e-02 -1.449148e-01 4.786446e-02 6.938474e-02 5.066393e-03 4.233102e-02 5.824011e-03 9.893706e-02 7.480110e-03
1.032300e-02 9.182917e-01 1.484309e-01 3.829441e-02 1.001478e-02 -1.274590e-01 4.152153e-02 6.872460e-02 3.339998e-03 4.848550e-02 6.381931e-03 9.969409e-02 6.212933e-03
1.238760e-02 1.200026e+00 2.164053e-01 6.431979e-02 3.445719e-02 -1.767776e-01 2.055569e-02 6.884071e-02 4.856623e-03 4.517848e-02 3.877005e-03 1.260328e-01 9.557005e-03
1.504208e-02 1.056791e+00 2.419575e-01 6.845874e-02 1.792521e-02 -1.675834e-01 4.325215e-02 8.830145e-02 3.542794e-03 5.326022e-02 6.961268e-03 1.476592e-01 1.093401e-02
1.828645e-02 8.889835e-01 1.463597e-01 4.856065e-02 3.493303e-02 -1.555013e-01 1.866701e-02 7.819030e-02 3.660751e-03 4.461291e-02 8.452769e-03 1.513580e-01 1.236082e-02
2.212071e-02 7.871453e-01 3.175013e-02 5.549401e-02 1.331012e-02 -1.137292e-01 2.352466e-02 9.825906e-02 4.799582e-03 4.525822e-02 6.208944e-03 1.470043e-01 1.159757e-02
8.553340e-03 9.552673e-01 1.179742e-01 7.755329e-02 2.704370e-02 -1.407235e-01 4.686347e-02 7.547205e-02 1.112103e-02 5.497621e-02 1.037035e-02 1.200299e-01 1.225047e-02
8.848283e-03 8.683398e-01 8.257535e-02 7.982248e-02 1.851107e-02 -9.931730e-02 2.789247e-02 7.021583e-02 1.219165e-02 4.457714e-02 7.161973e-03 9.767607e-02 1.184044e-02
9.733111e-03 1.239262e+00 3.187659e-01 8.489244e-02 2.047850e-02 -1.874442e-01 5.672930e-02 5.840943e-02 7.380208e-03 3.087932e-02 5.554372e-03 1.090804e-01 1.442216e-02
1.120782e-02 9.912976e-01 2.307898e-01 7.704726e-02 1.889467e-02 -1.507726e-01 4.876005e-02 6.109289e-02 3.167440e-03 3.253935e-02 9.956512e-03 1.089984e-01 1.098909e-02
1.327242e-02 7.446519e-01 1.604657e-01 5.646492e-02 1.550865e-02 -1.147872e-01 3.692917e-02 7.308043e-02 7.312958e-03 4.969584e-02 5.116026e-03 1.296862e-01 9.747462e-03
1.592691e-02 8.803445e-01 1.563930e-01 6.560752e-02 1.927818e-02 -1.201594e-01 3.510102e-02 7.464268e-02 6.613699e-03 3.107340e-02 5.137305e-03 1.209396e-01 7.562168e-03
1.917128e-02 8.574984e-01 8.611845e-02 6.214760e-02 8.830439e-03 -1.276966e-01 2.211826e-02 1.017642e-01 8.654996e-03 4.643877e-02 5.405715e-03 1.501530e-01 1.161416e-02
2.300554e-02 1.075696e+00 1.286977e-01 1.193255e-01 4.606080e-02 -1.210346e-01 2.823988e-02 1.085763e-01 1.356462e-02 3.589416e-02 2.704532e-03 1.627769e-01 1.428521e-02
1.002805e-02 1.233851e+00 1.985001e-01 6.651454e-02 6.436017e-03 -2.072923e-01 3.318013e-02 6.989343e-02 5.313526e-03 4.266311e-02 1.012971e-02 1.161404e-01 1.630399e-02
1.032300e-02 1.075836e+00 7.298850e-02 4.591335e-02 1.325949e-02 -1.912609e-01 2.884619e-02 6.204588e-02 6.506306e-03 4.016705e-02 9.911890e-03 1.157049e-01 1.191259e-02
1.120782e-02 1.127194e+00 2.815309e-01 7.881311e-02 1.584218e-02 -1.864151e-01 5.119729e-02 7.803122e-02 5.363834e-03 3.720692e-02 5.849269e-03 1.109921e-01 1.372744e-02
1.268254e-02 1.135351e+00 1.535081e-01 6.758144e-02 2.950312e-02 -1.945250e-01 3.555797e-02 7.945843e-02 2.808741e-03 4.517437e-02 8.313969e-03 1.287316e-01 1.064296e-02
1.474714e-02 1.050978e+00 1.412403e-01 7.358404e-02 1.647709e-02 -1.648607e-01 2.666255e-02 7.110422e-02 4.130527e-03 3.094199e-02 6.348074e-03 1.254244e-01 1.261961e-02
1.740162e-02 1.037815e+00 1.422064e-01 7.393697e-02 1.330068e-02 -1.468167e-01 3.471731e-02 8.951908e-02 8.829971e-03 4.472465e-02 1.085218e-02 1.306463e-01 1.352735e-02
2.064599e-02 1.223299e+00 1.504052e-01 8.087911e-02 1.715383e-02 -1.660577e-01 3.664015e-02 8.960762e-02 8.211063e-03 3.489377e-02 1.094291e-02 1.605951e-01 1.960847e-02
2.448025e-02 1.255533e+00 2.290401e-01 4.637171e-02 1.670503e-02 -1.769470e-01 3.642967e-02 1.205361e-01 6.912004e-03 4.795202e-02 1.066069e-02 1.943639e-01 1.153753e-02
1.209265e-02 9.699043e-01 8.586409e-02 7.925044e-02 1.679581e-02 -1.391485e-01 2.616198e-02 6.356003e-02 7.375304e-03 3.706400e-02 8.840381e-03 1.125548e-01 1.034406e-02
1.238760e-02 1.156320e+00 2.140037e-01 4.104517e-02 2.246570e-02 -1.841951e-01 5.029058e-02 7.750892e-02 6.646104e-03 5.503008e-02 8.802620e-03 1.336690e-01 1.828242e-02
1.327242e-02 9.743420e-01 2.352420e-01 3.526776e-02 2.180901e-02 -1.485017e-01 2.562247e-02 7.616619e-02 5.295080e-03 4.860093e-02 5.930285e-03 1.235463e-01 1.193378e-02
1.474714e-02 8.875994e-01 7.828254e-02 3.252784e-02 2.087082e-02 -1.496299e-01 3.327274e-02 7.480454e-02 8.522303e-03 4.971737e-02 7.025815e-03 1.274513e-01 1.716642e-02
1.681174e-02 1.035839e+00 1.130968e-01 6.465201e-02 1.823404e-02 -1.526902e-01 2.499789e-02 7.430591e-02 1.090435e-02 3.508091e-02 1.579915e-02 1.379842e-01 2.010595e-02
1.946622e-02 8.240336e-01 6.477374e-02 5.708867e-02 1.607650e-02 -9.870357e-02 2.685698e-02 8.050195e-02 6.985103e-03 3.589652e-02 5.041813e-03 1.331640e-01 9.720540e-03
2.271059e-02 8.926883e-01 1.014977e-01 6.109996e-02 1.362609e-02 -1.616253e-01 1.148183e-02 9.758762e-02 7.558805e-03 4.339534e-02 6.398196e-03 1.733442e-01 1.629018e-02
2.654485e-02 1.037379e+00 1.746626e-02 8.340171e-02 2.116276e-02 -1.571982e-01 1.522109e-02 1.138863e-01 9.271424e-03 2.855582e-02 1.497656e-02 1.894995e-01 1.266553e-02
1.474714e-02 7.879012e-01 1.862265e-01 4.316005e-02 1.907636e-02 -1.331413e-01 4.601731e-02 7.484489e-02 4.116951e-03 4.730880e-02 9.384247e-03 1.352016e-01 1.639819e-02
1.504208e-02 1.027463e+00 1.347839e-01 1.002835e-01 7.371678e-03 -1.276674e-01 3.311958e-02 8.821472e-02 5.687086e-03 5.208133e-02 7.986583e-03 1.357738e-01 1.296991e-02
1.592691e-02 1.451842e+00 2.237290e-01 7.491372e-02 3.990953e-02 -2.180214e-01 3.923520e-02 8.013604e-02 9.335678e-03 3.927263e-02 1.125971e-02 1.406952e-01 1.629307e-02
1.740162e-02 1.209705e+00 1.418799e-01 4.768784e-02 1.996518e-02 -2.106726e-01 2.473394e-02 9.176682e-02 1.011543e-02 4.753857e-02 6.756692e-03 1.468156e-01 1.081687e-02
1.946622e-02 1.023182e+00 1.350252e-01 7.656934e-02 3.992256e-02 -1.405309e-01 2.762104e-02 9.911487e-02 1.538440e-02 4.657545e-02 9.827277e-03 1.474454e-01 1.153842e-02
2.212071e-02 1.028191e+00 1.545599e-01 5.993371e-02 3.552442e-02 -1.819790e-01 3.299804e-02 9.693190e-02 6.979281e-03 3.590813e-02 8.881417e-03 1.847962e-01 1.550004e-02
2.536508e-02 8.509998e-01 5.661539e-02 8.210554e-02 6.141008e-03 -1.261185e-01 2.865598e-02 1.000035e-01 1.011635e-02 2.758687e-02 1.028081e-02 1.798820e-01 1.119999e-02
2.919933e-02 9.652223e-01 6.977886e-02 6.160109e-02 3.453009e-02 -1.656418e-01 4.472254e-02 1.436050e-01 1.243903e-02 4.142298e-02 8.887121e-03 1.888294e-01 2.608667e-02
1.799151e-02 1.218931e+00 1.202817e-01 5.809780e-02 2.065282e-02 -2.207357e-01 1.985766e-02 8.512776e-02 5.171673e-03 3.812336e-02 5.527925e-03 1.529563e-01 1.874223e-02
1.828645e-02 9.078151e-01 1.298139e-01 3.670074e-02 1.407745e-02 -1.555990e-01 4.413283e-02 6.665286e-02 7.539379e-03 3.326599e-02 5.300244e-03 1.408831e-01 1.796166e-02
1.917128e-02 8.518594e-01 7.682310e-02 6.550950e-02 2.009200e-02 -1.679684e-01 4.108184e-02 8.531384e-02 9.363328e-03 3.050642e-02 8.002401e-03 1.619052e-01 2.601778e-02
2.064599e-02 8.493574e-01 1.253766e-01 5.082383e-02 2.050284e-02 -1.491375e-01 3.253111e-02 9.331533e-02 6.888991e-03 3.997970e-02 3.499898e-03 1.600302e-01 1.082845e-02
2.271059e-02 1.065371e+00 6.373764e-02 8.703791e-02 2.585717e-02 -9.208386e-02 3.991979e-02 1.159416e-01 1.134417e-02 5.410458e-02 1.141427e-02 1.606807e-01 1.409364e-02
2.536508e-02 1.018116e+00 5.944041e-02 7.237097e-02 2.527706e-02 -1.478103e-01 2.138851e-02 1.031806e-01 4.348556e-03 3.103128e-02 4.581389e-03 1.744560e-01 1.022333e-02
2.860945e-02 9.150737e-01 1.296435e-01 7.183340e-02 2.310105e-02 -1.211279e-01 4.357524e-02 1.138602e-01 4.866124e-03 3.298315e-02 5.868724e-03 2.130417e-01 1.533344e-02
3.244370e-02 1.015221e+00 6.642834e-02 4.423658e-02 1.102883e-02 -1.547997e-01 2.676036e-02 1.457319e-01 6.994258e-03 3.343447e-02 5.007951e-03 2.365355e-01 1.550122e-02
2.182576e-02 1.033726e+00 1.239347e-01 7.045139e-02 1.627228e-02 -1.372557e-01 1.690027e-02 9.168009e-02 9.481313e-03 2.652792e-02 6.072006e-03 1.481008e-01 1.093861e-02
2.212071e-02 8.982509e-01 1.192677e-01 5.949504e-02 2.324568e-02 -1.315313e-01 3.784683e-02 8.207938e-02 3.909825e-03 2.850239e-02 5.996593e-03 1.618574e-01 9.272170e-03
2.300554e-02 7.856661e-01 1.177839e-01 5.086800e-02 1.473773e-02 -1.357018e-01 3.488620e-02 9.746051e-02 7.046216e-03 4.448854e-02 9.980618e-03 1.719604e-01 1.855779e-02
2.448025e-02 1.002340e+00 8.452193e-02 5.309566e-02 1.319802e-02 -1.908335e-01 9.376585e-03 1.039551e-01 1.783518e-02 5.109130e-02 1.275534e-02 2.109119e-01 2.476047e-02
2.654485e-02 1.074985e+00 2.241088e-01 6.390748e-02 1.948117e-02 -1.759071e-01 6.248545e-02 1.294229e-01 7.221507e-03 4.294539e-02 1.222132e-02 1.970754e-01 2.827352e-02
2.919933e-02 9.321961e-01 1.093223e-01 3.966675e-02 1.027418e-02 -1.243048e-01 2.483517e-02 1.326439e-01 7.527311e-03 4.822879e-02 1.345325e-02 2.439975e-01 2.560452e-02
3.244370e-02 9.082051e-01 8.042190e-02 9.476284e-02 1.676526e-02 -1.245304e-01 3.587642e-02 1.509152e-01 4.108904e-03 3.177039e-02 1.068161e-02 1.933208e-01 8.685842e-03
3.627796e-02 9.223061e-01 1.209479e-01 7.488851e-02 2.218545e-02 -1.437361e-01 2.273585e-02 1.979143e-01 2.022097e-02 2.564362e-02 6.201574e-03 2.775341e-01 1.581796e-02
1.061794e-02 9.872477e-01 1.630837e-01 6.896052e-02 2.004477e-02 -1.591727e-01 4.311735e-02 7.202272e-02 5.726551e-03 4.806229e-02 2.964381e-03 1.240529e-01 1.360807e-02
1.091288e-02 8.170928e-01 1.746073e-01 4.661450e-02 1.098414e-02 -1.443559e-01 3.254375e-02 6.222182e-02 6.945016e-03 3.712682e-02 2.886231e-03 1.066681e-01 1.136170e-02
1.179771e-02 7.449551e-01 1.449000e-01 5.291759e-02 6.488329e-03 -8.137526e-02 2.730265e-02 5.718665e-02 5.456042e-03 3.690399e-02 5.463921e-03 9.385919e-02 6.636867e-03
1.327242e-02 1.318685e+00 3.152413e-01 1.290444e-01 3.530643e-02 -1.556928e-01 2.911198e-02 7.354716e-02 2.256288e-03 2.402171e-02 4.517071e-03 9.785911e-02 7.840445e-03
1.533702e-02 8.087781e-01 8.537705e-02 4.916863e-02 1.205965e-02 -1.359475e-01 1.501799e-02 7.520134e-02 7.127390e-03 4.409874e-02 3.507822e-03 1.194538e-01 1.059785e-02
1.799151e-02 1.268722e+00 1.919146e-01 9.406385e-02 2.572701e-02 -2.170658e-01 5.577738e-02 8.018162e-02 5.721317e-03 3.042869e-02 7.158250e-03 1.476094e-01 1.312619e-02
2.123588e-02 1.140515e+00 1.087211e-01 9.748022e-02 1.778473e-02 -1.507549e-01 3.847897e-02 9.832406e-02 6.922253e-03 3.839339e-02 5.668217e-03 1.437548e-01 2.127848e-02
2.507013e-02 8.076839e-01 1.225439e-01 6.862087e-02 2.690363e-02 -1.223081e-01 2.427306e-02 1.146862e-01 7.059950e-03 3.283881e-02 1.001463e-02 1.864337e-01 1.072846e-02
1.091288e-02 1.112903e+00 2.858167e-01 5.144060e-02 2.371741e-02 -2.034755e-01 3.666349e-02 6.225669e-02 1.021256e-02 4.087635e-02 1.198014e-02 1.259820e-01 8.803325e-03
1.120782e-02 8.103724e-01 8.103092e-02 6.502300e-02 2.003718e-02 -1.156391e-01 3.414186e-02 7.491366e-02 1.152634e-02 5.409539e-02 1.241095e-02 1.215008e-01 1.807049e-02
1.209265e-02 1.054587e+00 9.689029e-02 4.276806e-02 2.052845e-02 -2.182859e-01 4.129671e-02 6.732836e-02 9.708255e-03 4.014530e-02 6.986641e-03 1.383376e-01 1.962357e-02
1.356737e-02 1.360718e+00 2.423552e-01 1.129840e-01 3.049698e-02 -1.926135e-01 7.514728e-02 7.826119e-02 9.262078e-03 4.299554e-02 9.433353e-03 1.530715e-01 1.909338e-02
1.563197e-02 7.072323e-01 1.051676e-01 3.207512e-02 2.061751e-02 -1.137110e-01 2.785117e-02 6.938223e-02 4.709275e-03 4.296003e-02 8.047520e-03 1.118218e-01 1.191935e-02
1.828645e-02 9.706511e-01 1.482343e-01 7.178518e-02 1.318893e-02 -1.370712e-01 5.712142e-02 8.875602e-02 7.424490e-03 5.402969e-02 6.650895e-03 1.512227e-01 2.137486e-02
2.153082e-02 8.318880e-01 9.386801e-02 5.254607e-02 1.315737e-02 -1.588219e-01 2.912065e-02 8.494293e-02 7.732585e-03 4.229180e-02 5.487785e-03 1.734936e-01 1.045422e-02
2.536508e-02 9.027760e-01 1.023154e-01 6.750420e-02 3.317089e-02 -1.222558e-01 2.343442e-02 1.164076e-01 1.166102e-02 3.817966e-02 1.101081e-02 1.772765e-01 1.980928e-02
1.179771e-02 1.164063e+00 1.734320e-01 7.617685e-02 1.832561e-02 -1.439695e-01 2.517149e-02 6.704329e-02 4.352349e-03 3.586847e-02 3.536963e-03 1.114794e-01 6.896955e-03
1.209265e-02 1.305587e+00 2.104129e-01 1.260053e-01 3.339248e-02 -1.939408e-01 2.377449e-02 9.089815e-02 9.479953e-03 4.898520e-02 8.149141e-03 1.426549e-01 1.355852e-02
1.297748e-02 6.825512e-01 1.493315e-01 5.479089e-02 4.263757e-03 -6.517351e-02 3.743706e-02 7.499506e-02 4.557551e-03 4.770991e-02 4.684558e-03 1.050891e-01 1.489318e-02
1.445220e-02 9.533988e-01 1.829666e-01 6.081780e-02 2.072616e-02 -1.441586e-01 4.403412e-02 7.253369e-02 4.622441e-03 3.972110e-02 7.630335e-03 1.193506e-01 1.522023e-02
1.651679e-02 1.000913e+00 1.695296e-01 6.495435e-02 3.269275e-02 -1.632943e-01 6.111392e-02 8.191506e-02 9.282881e-03 3.503516e-02 8.491571e-03 1.298430e-01 1.684880e-02
1.917128e-02 1.039630e+00 3.097563e-01 3.974620e-02 5.280602e-03 -1.711899e-01 7.159826e-02 8.300271e-02 9.984209e-03 4.697736e-02 6.803511e-03 1.552438e-01 1.946519e-02
2.241565e-02 8.907741e-01 4.700962e-02 6.306139e-02 3.148024e-02 -1.026856e-01 2.459568e-02 9.878250e-02 7.168543e-03 4.873761e-02 1.008506e-02 1.609242e-01 8.167163e-03
2.624991e-02 8.379228e-01 4.766522e-02 3.975385e-02 1.646795e-02 -1.230650e-01 1.906638e-02 1.161632e-01 1.203076e-02 4.147805e-02 1.646008e-02 1.918478e-01 1.167415e-02
1.327242e-02 1.093695e+00 2.604495e-01 8.474839e-02 2.986358e-02 -1.715579e-01 4.664965e-02 7.557823e-02 7.128170e-03 4.172211e-02 6.857716e-03 1.355344e-01 9.727214e-03
1.356737e-02 1.100058e+00 2.117179e-01 4.769127e-02 3.154627e-02 -1.798920e-01 3.624337e-02 8.011530e-02 7.461464e-03 4.966360e-02 3.357183e-03 1.315048e-01 1.543905e-02
1.445220e-02 1.218473e+00 1.597925e-01 8.026510e-02 2.017313e-02 -1.682147e-01 2.222581e-02 8.161741e-02 7.181709e-03 4.606786e-02 7.249697e-03 1.309154e-01 4.869026e-03
1.592691e-02 8.671579e-01 1.116399e-01 5.524780e-02 1.352416e-02 -1.131725e-01 2.294112e-02 8.096013e-02 6.471051e-03 5.282661e-02 8.267036e-03 1.228404e-01 1.113470e-02
1.799151e-02 9.486458e-01 2.197937e-01 2.076319e-02 2.496120e-02 -1.779325e-01 6.138687e-02 7.861105e-02 8.879334e-03 4.978162e-02 1.209769e-02 1.658438e-01 1.862920e-02
2.064599e-02 9.493349e-01 1.298879e-01 4.082970e-02 2.267810e-02 -1.589236e-01 4.670323e-02 8.789346e-02 1.057253e-02 4.074493e-02 9.266363e-03 1.666560e-01 1.472569e-02
2.389036e-02 9.181668e-01 1.154956e-01 6.286154e-02 2.997376e-02 -1.047747e-01 1.879056e-02 1.155248e-01 9.314605e-03 5.361857e-02 1.242847e-02 1.789869e-01 1.396011e-02
2.772462e-02 8.311830e-01 1.408830e-01 6.163933e-02 1.839813e-02 -9.630366e-02 2.547773e-02 1.056412e-01 1.438945e-02 2.708581e-02 9.139131e-03 2.014225e-01 2.005040e-02
1.533702e-02 8.081283e-01 1.213195e-01 6.924277e-02 1.740118e-02 -1.057144e-01 1.850110e-02 7.843800e-02 6.445611e-03 4.421413e-02 6.267721e-03 1.350172e-01 1.167240e-02
1.563197e-02 8.770072e-01 1.616431e-01 7.703776e-02 2.850708e-02 -9.424871e-02 3.878398e-02 7.532183e-02 1.222578e-02 4.583830e-02 7.115791e-03 1.274799e-01 1.168090e-02
1.651679e-02 1.077105e+00 1.707051e-01 6.100090e-02 1.330111e-02 -1.491393e-01 4.538104e-02 8.816336e-02 6.775984e-03 5.367845e-02 9.634016e-03 1.432628e-01 2.640167e-02
1.799151e-02 7.884175e-01 8.199502e-02 3.682738e-02 1.560923e-02 -1.202112e-01 3.124909e-02 8.839831e-02 4.267525e-03 5.095171e-02 4.776992e-03 1.369096e-01 4.057114e-03
2.005611e-02 1.056336e+00 1.532933e-01 6.370308e-02 1.517842e-02 -1.636346e-01 2.466775e-02 9.567095e-02 5.680133e-03 3.828306e-02 9.877086e-03 1.592923e-01 1.484258e-02
2.271059e-02 8.027546e-01 1.176495e-01 9.677462e-02 4.592113e-02 -7.568259e-02 1.524375e-02 1.060179e-01 1.375491e-02 4.523299e-02 1.090664e-02 1.566795e-01 1.048291e-02
2.595496e-02 1.098172e+00 9.111174e-02 1.160632e-01 2.006570e-02 -1.875389e-01 4.527743e-02 1.317032e-01 1.342586e-02 2.999154e-02 5.602020e-03 2.015418e-01 2.742098e-02
2.978922e-02 8.063662e-01 7.188116e-02 4.141588e-02 1.072416e-02 -1.408771e-01 6.735342e-03 1.393816e-01 7.669655e-03 3.201779e-02 8.477000e-03 2.193334e-01 1.659462e-02
1.799151e-02 8.662747e-01 1.110583e-01 5.203366e-02 1.184099e-02 -1.594328e-01 2.561151e-02 7.722149e-02 5.465292e-03 3.358392e-02 4.405021e-03 1.436436e-01 1.405342e-02
1.828645e-02 9.869470e-01 1.521751e-01 4.950892e-02 8.208941e-03 -1.493006e-01 3.855194e-02 8.451333e-02 6.736464e-03 4.271974e-02 1.038778e-02 1.428274e-01 1.249583e-02
1.917128e-02 8.820506e-01 1.037876e-01 6.844168e-02 1.573141e-02 -1.258829e-01 3.156388e-02 8.313574e-02 8.009863e-03 3.409872e-02 8.247733e-03 1.310307e-01 1.374620e-02
2.064599e-02 8.715104e-01 1.567020e-01 4.101472e-02 2.793342e-02 -1.582369e-01 5.137702e-02 8.373680e-02 5.583465e-03 4.204319e-02 5.374394e-03 1.752638e-01 2.489925e-02
2.271059e-02 1.000124e+00 9.583957e-02 6.774358e-02 2.338893e-02 -1.664355e-01 1.964110e-02 9.779617e-02 1.090769e-02 3.034349e-02 1.277966e-02 1.946239e-01 2.395505e-02
2.536508e-02 8.508784e-01 8.755155e-02 3.361503e-02 2.887360e-02 -1.105680e-01 4.594198e-02 1.109934e-01 1.053350e-02 5.475573e-02 9.483245e-03 1.747512e-01 1.935555e-02
2.860945e-02 1.172499e+00 1.075165e-01 7.788772e-02 1.925658e-02 -1.683471e-01 2.489996e-02 1.260243e-01 6.146648e-03 3.350038e-02 1.251685e-02 2.409079e-01 1.584108e-02
3.244370e-02 7.460778e-01 7.918157e-02 6.574811e-02 2.163637e-02 -5.054637e-02 2.046567e-02 1.569537e-01 1.375192e-02 3.841593e-02 1.018356e-02 2.370443e-01 2.059222e-02
2.123588e-02 9.914846e-01 1.141422e-01 8.460327e-02 2.216869e-02 -1.021418e-01 2.323122e-02 9.673750e-02 8.229312e-03 3.079291e-02 4.053469e-03 1.286320e-01 4.458422e-03
2.153082e-02 1.146585e+00 1.771932e-01 5.948231e-02 3.058538e-02 -1.545058e-01 2.851658e-02 8.922111e-02 7.815883e-03 3.711030e-02 8.894257e-03 1.622798e-01 1.363377e-02
2.241565e-02 1.049019e+00 1.105083e-01 4.128546e-02 2.664485e-02 -2.430376e-01 3.356545e-02 8.739672e-02 5.596441e-03 2.834200e-02 6.852152e-03 1.863131e-01 1.502140e-02
2.389036e-02 9.018634e-01 1.769628e-01 7.922410e-02 1.939578e-02 -9.805705e-02 2.271868e-02 1.112471e-01 9.305160e-03 4.578063e-02 7.870192e-03 1.725859e-01 1.319921e-02
2.595496e-02 8.124298e-01 6.550862e-02 8.760670e-02 2.704589e-02 -1.013334e-01 4.662926e-02 1.222539e-01 6.974053e-03 4.194641e-02 5.984375e-03 1.877868e-01 1.318029e-02
2.860945e-02 1.056319e+00 1.868729e-01 9.929042e-02 1.823943e-02 -1.674895e-01 4.568431e-02 1.684085e-01 1.008112e-02 4.703898e-02 1.198797e-02 2.224499e-01 1.897315e-02
3.185382e-02 9.509001e-01 6.789574e-02 2.014200e-03 3.882309e-02 -1.860470e-01 2.346595e-02 1.365687e-01 1.628961e-02 3.433892e-02 5.313907e-03 2.707372e-01 1.372401e-02
3.568807e-02 8.787794e-01 5.460015e-02 6.372910e-02 1.464285e-02 -8.832898e-02 2.789407e-02 1.697046e-01 1.778957e-02 4.730282e-02 1.041126e-02 2.666760e-01 1.455330e-02
2.507013e-02 1.255923e+00 2.345187e-01 9.583082e-02 2.601093e-02 -1.479890e-01 4.473780e-02 1.198339e-01 8.822205e-03 4.607709e-02 7.894098e-03 1.887281e-01 1.558327e-02
2.536508e-02 9.524184e-01 1.209501e-01 5.182024e-02 2.998593e-02 -1.353874e-01 3.969733e-02 1.276423e-01 1.006849e-02 5.986118e-02 7.506068e-03 1.867890e-01 1.309148e-02
2.624991e-02 8.882478e-01 1.200059e-01 4.459502e-02 3.436392e-02 -1.628944e-01 3.887091e-02 1.172087e-01 8.965706e-03 3.839531e-02 1.950161e-03 1.961702e-01 2.196423e-02
2.772462e-02 1.021733e+00 8.450858e-02 8.670138e-02 1.716165e-02 -1.398656e-01 2.967618e-02 1.353200e-01 6.886953e-03 2.236469e-02 9.777904e-03 2.017254e-01 2.613133e-02
2.978922e-02 9.462217e-01 9.203009e-02 3.632582e-02 2.154282e-02 -1.840147e-01 4.963634e-02 1.430818e-01 8.834233e-03 3.575086e-02 1.339322e-02 2.028202e-01 2.246535e-02
3.244370e-02 9.979097e-01 9.942780e-02 6.253744e-02 2.865474e-02 -1.505780e-01 2.280288e-02 1.480448e-01 1.297921e-02 3.662411e-02 1.393252e-02 2.329599e-01 1.858031e-02
3.568807e-02 1.142348e+00 1.504201e-01 6.022852e-02 3.261285e-02 -1.756868e-01 2.617994e-02 1.772087e-01 1.238218e-02 1.503161e-02 1.494719e-02 2.936526e-01 2.108270e-02
3.952233e-02 1.071324e+00 1.206672e-01 1.155597e-01 3.034097e-02 -1.718975e-01 5.628615e-02 2.457122e-01 1.923640e-02 -2.079487e-02 1.404811e-02 3.366903e-01 5.935074e-02
1.445220e-02 8.354560e-01 7.433286e-02 4.743695e-02 2.276140e-02 -1.274129e-01 3.452076e-02 6.637468e-02 2.792146e-03 4.344229e-02 4.007947e-03 1.228064e-01 1.110904e-02
1.474714e-02 1.051772e+00 1.566789e-01 5.371864e-02 1.673411e-02 -1.788415e-01 2.191005e-02 6.673339e-02 3.177847e-03 3.174070e-02 6.962142e-03 1.163270e-01 1.051416e-02
1.563197e-02 9.951971e-01 2.074705e-01 3.865307e-02 8.929931e-03 -1.821132e-01 4.782800e-02 6.659412e-02 5.574978e-03 4.370161e-02 4.782262e-03 1.402070e-01 1.821047e-02
1.710668e-02 1.023967e+00 7.476523e-02 4.381451e-02 8.632139e-03 -1.561599e-01 3.453030e-02 7.412961e-02 4.376986e-03 4.016448e-02 1.005843e-02 1.403980e-01 2.021401e-02
1.917128e-02 9.516861e-01 7.066057e-02 7.457523e-02 1.914298e-02 -1.047319e-01 1.510563e-02 6.755636e-02 5.806862e-03 3.285676e-02 8.784933e-03 1.185242e-01 1.489036e-02
2.182576e-02 9.887318e-01 9.236316e-02 8.375507e-02 5.591004e-03 -1.506012e-01 2.800135e-02 9.910401e-02 8.100284e-03 3.384836e-02 1.166550e-02 1.615613e-01 1.523586e-02
2.507013e-02 9.863841e-01 1.434176e-01 5.682065e-02 1.920498e-02 -1.776228e-01 2.418277e-02 1.162809e-01 1.508116e-02 3.891235e-02 7.330704e-03 1.991291e-01 8.403603e-03
2.890439e-02 1.058464e+00 1.342214e-01 9.220534e-02 1.181733e-02 -1.302767e-01 3.952030e-02 1.220117e-01 1.633248e-02 4.976731e-02 6.414367e-03 2.520193e-01 2.197313e-02
1.474714e-02 9.926259e-01 1.488765e-01 4.645164e-02 3.031713e-02 -1.790984e-01 2.945193e-02 7.836750e-02 4.725253e-03 5.487900e-02 1.133894e-02 1.554589e-01 1.553097e-02
1.504208e-02 1.023822e+00 8.067148e-02 7.155085e-02 2.665422e-02 -1.601429e-01 2.614533e-02 7.535136e-02 6.477237e-03 4.214421e-02 3.444346e-03 1.368900e-01 1.108958e-02
1.592691e-02 8.369321e-01 1.492279e-01 4.165254e-02 1.190138e-02 -1.258143e-01 2.355240e-02 7.800734e-02 7.026051e-03 4.727735e-02 5.623564e-03 1.237204e-01 9.528773e-03
1.740162e-02 1.105872e+00 1.561668e-01 1.226273e-01 2.511546e-02 -1.055123e-01 2.311012e-02 9.337331e-02 6.119848e-03 4.438592e-02 6.232623e-03 1.162188e-01 1.371202e-02
1.946622e-02 1.037518e+00 2.189231e-01 6.490262e-02 3.652041e-02 -1.232178e-01 3.641993e-02 9.657048e-02 4.711203e-03 5.228824e-02 9.231962e-03 1.684602e-01 2.155880e-02
2.212071e-02 1.074875e+00 6.415170e-02 1.031662e-01 2.968329e-02 -1.649279e-01 2.577602e-02 1.000542e-01 8.611273e-03 2.834681e-02 1.737652e-02 1.571043e-01 2.062523e-02
2.536508e-02 8.472977e-01 7.085262e-02 5.317712e-02 2.619849e-02 -1.655265e-01 2.657507e-02 1.143773e-01 1.188426e-02 4.993653e-02 1.342468e-02 2.192208e-01 1.257841e-02
2.919933e-02 8.129373e-01 8.845642e-02 7.358934e-02 2.360607e-02 -1.078668e-01 3.722500e-02 1.483371e-01 1.922369e-02 5.433212e-02 1.004437e-02 2.269985e-01 2.215400e-02
1.563197e-02 1.155193e+00 1.300578e-01 5.421365e-02 1.503261e-02 -2.276872e-01 4.064763e-02 6.944390e-02 5.482394e-03 4.100985e-02 8.505406e-03 1.592500e-01 2.280295e-02
1.592691e-02 1.217488e+00 1.287042e-01 6.423213e-02 1.745485e-02 -1.899980e-01 4.324557e-02 7.162771e-02 8.234235e-03 3.769156e-02 6.096000e-03 1.229109e-01 1.567107e-02
1.681174e-02 7.152377e-01 6.950944e-02 4.587457e-02 1.220066e-02 -8.584624e-02 1.951727e-02 6.946702e-02 7.499303e-03 3.275117e-02 7.547605e-03 1.129842e-01 1.296521e-02
1.828645e-02 9.485222e-01 1.063442e-01 4.752844e-02 2.799756e-02 -1.728697e-01 2.595803e-02 8.824227e-02 3.021591e-03 4.712487e-02 7.676973e-03 1.522038e-01 5.116636e-03
2.035105e-02 9.092991e-01 6.061028e-02 8.213070e-02 2.916756e-02 -1.597405e-01 4.171587e-02 1.036322e-01 6.041995e-03 3.842932e-02 6.777734e-03 1.511315e-01 2.301160e-02
2.300554e-02 9.261024e-01 9.721891e-02 1.739557e-02 1.724086e-02 -1.789604e-01 2.649149e-02 9.700839e-02 7.603417e-03 4.467675e-02 5.874995e-03 1.905597e-01 2.170294e-02
2.624991e-02 8.729134e-01 1.005768e-01 7.137783e-02 1.904218e-02 -1.391285e-01 1.738891e-02 1.192222e-01 1.010792e-02 5.851171e-02 9.922940e-03 2.164953e-01 1.552546e-02
3.008416e-02 8.049557e-01 9.873476e-02 3.154305e-02 2.322879e-02 -1.580110e-01 4.417170e-02 1.345974e-01 1.476241e-02 3.373957e-02 1.078257e-02 2.161838e-01 2.811153e-02
1.710668e-02 9.449742e-01 1.585812e-01 6.237463e-02 1.767272e-02 -1.875474e-01 4.856112e-02 8.254041e-02 8.716165e-03 3.737795e-02 6.990832e-03 1.495013e-01 1.402181e-02
1.740162e-02 8.655342e-01 8.655827e-02 5.337875e-02 1.012381e-02 -1.476530e-01 3.363488e-02 7.839293e-02 9.815178e-03 3.168965e-02 1.355271e-03 1.369651e-01 1.530409e-02
1.828645e-02 7.971489e-01 1.175274e-01 4.648375e-02 2.121030e-02 -1.179723e-01 1.583231e-02 8.874960e-02 1.021633e-02 4.529431e-02 4.546795e-03 1.421444e-01 8.567317e-03
1.976116e-02 9.119730e-01 1.106056e-01 7.880603e-02 2.065763e-02 -9.590035e-02 2.449018e-02 9.224421e-02 6.671489e-03 4.463839e-02 3.128656e-03 1.255659e-01 1.119862e-02
2.182576e-02 9.001657e-01 1.468275e-01 4.174285e-02 1.886873e-02 -1.487534e-01 3.061495e-02 9.194419e-02 6.656109e-03 3.261689e-02 9.720947e-03 1.594339e-01 3.203427e-03
2.448025e-02 9.131014e-01 1.399406e-01 8.525156e-02 2.551651e-02 -1.066381e-01 3.026077e-02 9.732192e-02 8.695420e-03 3.433361e-02 1.079401e-02 1.920331e-01 2.219848e-02
2.772462e-02 1.211746e+00 1.836358e-01 1.185796e-01 1.477521e-02 -2.175762e-01 4.310150e-02 1.239823e-01 8.290099e-03 3.080339e-02 7.899081e-03 2.163857e-01 2.512604e-02
3.155888e-02 1.064171e+00 1.618604e-01 6.017470e-02 1.671710e-02 -2.024829e-01 5.266483e-02 1.534485e-01 9.230875e-03 3.608683e-02 1.008831e-02 2.380683e-01 1.803291e-02
1.917128e-02 1.235876e+00 1.882173e-01 1.054032e-01 1.406096e-02 -1.597511e-01 5.461375e-02 9.184106e-02 6.781496e-03 4.192878e-02 3.461386e-03 1.630341e-01 1.064975e-02
1.946622e-02 7.888147e-01 1.083850e-01 6.398533e-02 2.613941e-02 -8.781242e-02 2.916137e-02 9.101645e-02 1.256786e-02 5.041786e-02 1.412612e-02 1.462347e-01 1.168523e-02
2.035105e-02 9.676899e-01 2.507112e-01 5.977351e-02 1.132109e-02 -1.514436e-01 4.732102e-02 8.483709e-02 8.878417e-03 4.063994e-02 7.119748e-03 1.512936e-01 1.860333e-02
2.182576e-02 8.384553e-01 7.754127e-02 4.070205e-02 2.521131e-02 -1.310969e-01 2.072292e-02 8.476750e-02 4.832617e-03 3.482836e-02 1.201582e-02 1.434920e-01 1.059641e-02
2.389036e-02 9.265751e-01 1.688086e-01 4.607425e-02 1.876321e-02 -1.508257e-01 5.693939e-02 1.049250e-01 5.893525e-03 4.141345e-02 9.446173e-03 1.761764e-01 1.466668e-02
2.654485e-02 9.746133e-01 1.916895e-01 2.282613e-02 1.257385e-02 -1.422781e-01 1.841343e-02 1.124703e-01 9.691270e-03 4.185837e-02 6.494511e-03 1.867913e-01 2.410119e-02
2.978922e-02 9.738358e-01 2.454604e-01 5.377997e-02 4.666809e-02 -1.820579e-01 4.055356e-02 1.495809e-01 1.167062e-02 4.695223e-02 1.173998e-02 2.277509e-01 1.368879e-02
3.362347e-02 8.185019e-01 1.197463e-01 4.597778e-02 2.293934e-02 -1.445233e-01 4.767149e-02 1.502856e-01 1.552790e-02 2.737112e-02 7.876354e-03 3.005510e-01 3.193502e-02
2.182576e-02 1.420595e+00 1.979890e-01 1.304921e-01 2.184996e-02 -2.330922e-01 6.193765e-02 1.133940e-01 8.929439e-03 3.582521e-02 5.339236e-03 1.802065e-01 1.760512e-02
2.212071e-02 9.912676e-01 6.526284e-02 4.721403e-02 1.012939e-02 -1.780747e-01 1.592973e-02 9.032995e-02 9.414258e-03 3.987386e-02 6.539520e-03 1.669676e-01 7.502349e-03
2.300554e-02 9.358104e-01 6.050659e-02 5.239363e-02 1.375928e-02 -1.280032e-01 2.011480e-02 1.044279e-01 1.091224e-02 4.514258e-02 1.454598e-02 1.816594e-01 1.007683e-02
2.448025e-02 9.552246e-01 9.020576e-02 7.098332e-02 2.242626e-02 -1.538133e-01 1.610112e-02 1.241720e-01 6.242861e-03 4.818339e-02 6.211958e-03 1.646396e-01 8.696702e-03
2.654485e-02 1.004242e+00 1.604932e-01 5.540896e-02 3.493492e-02 -1.484664e-01 4.560762e-02 1.210860e-01 7.364344e-03 4.881666e-02 8.930879e-03 2.125844e-01 1.388644e-02
2.919933e-02 1.025632e+00 7.642465e-02 7.011856e-02 3.215399e-02 -1.532453e-01 2.951416e-02 1.208468e-01 4.333027e-03 1.920307e-02 7.437836e-03 1.898340e-01 1.088877e-02
3.244370e-02 1.090863e+00 1.571848e-01 2.593615e-02 2.410549e-02 -1.358803e-01 7.836891e-03 1.596323e-01 2.678307e-02 3.601593e-02 5.433927e-03 2.082826e-01 1.594715e-02
3.627796e-02 1.091432e+00 1.533898e-01 9.362751e-02 2.489536e-02 -1.434994e-01 5.399687e-02 1.646826e-01 2.781740e-02 3.457703e-02 7.418710e-03 2.539302e-01 4.051144e-02
2.507013e-02 9.527597e-01 7.464863e-02 8.427797e-02 1.135882e-02 -1.563160e-01 2.829982e-02 1.083943e-01 5.748044e-03 3.760681e-02 6.400614e-03 1.938523e-01 2.004292e-02
2.536508e-02 9.033832e-01 1.130365e-01 2.808108e-02 8.154296e-03 -1.409678e-01 2.802032e-02 1.015470e-01 9.658427e-03 6.176697e-02 1.253495e-02 2.058166e-01 1.664735e-02
2.624991e-02 1.124565e+00 1.589955e-01 9.249828e-02 5.240736e-03 -1.073293e-01 4.191718e-02 1.084087e-01 9.855849e-03 3.905229e-02 6.901161e-03 1.545254e-01 1.429671e-02
2.772462e-02 1.069335e+00 6.001908e-02 8.970600e-02 2.729749e-02 -1.644181e-01 2.605432e-02 1.297252e-01 9.344179e-03 3.242799e-02 1.196610e-02 2.057640e-01 2.065631e-02
2.978922e-02 9.877437e-01 1.354315e-01 5.463888e-02 3.227039e-02 -1.507363e-01 5.616063e-02 1.320895e-01 7.781761e-03 1.989467e-02 1.446636e-02 2.507236e-01 3.069217e-02
3.244370e-02 1.045718e+00 1.339373e-01 7.235474e-02 3.207759e-02 -2.119576e-01 3.424907e-02 1.510320e-01 8.164939e-03 2.117164e-02 1.590265e-02 2.499255e-01 2.747110e-02
3.568807e-02 1.115714e+00 1.375712e-01 8.942827e-02 2.795209e-02 -1.571707e-01 4.099660e-02 1.653449e-01 1.196189e-02 -2.797389e-03 1.372099e-02 2.646825e-01 4.207086e-02
3.952233e-02 9.873148e-01 9.157681e-02 1.474490e-02 1.409227e-02 -1.398298e-01 4.791693e-02 1.827772e-01 1.506540e-02 2.425554e-02 1.711247e-02 3.117360e-01 1.577868e-02
2.890439e-02 9.166315e-01 1.213061e-01 6.654988e-02 3.239180e-02 -1.021809e-01 4.191086e-02 1.164462e-01 2.096464e-02 3.748467e-02 3.628780e-03 2.019807e-01 2.349849e-02
2.919933e-02 1.134744e+00 5.231870e-02 6.929950e-02 2.538102e-02 -1.354879e-01 3.554445e-02 1.155734e-01 5.273327e-03 4.106418e-02 9.371451e-03 2.264963e-01 1.695882e-02
3.008416e-02 9.871839e-01 3.733570e-02 7.164449e-02 2.318495e-02 -1.305148e-01 2.528594e-02 1.632662e-01 2.019410e-02 5.044510e-02 1.862268e-02 2.517302e-01 1.499428e-02
3.155888e-02 8.738900e-01 1.183936e-01 3.708578e-02 1.452346e-02 -1.272459e-01 2.566384e-02 1.236170e-01 6.587817e-03 3.675424e-02 5.274834e-03 2.209602e-01 1.456699e-02
3.362347e-02 1.017525e+00 1.059929e-01 9.627913e-02 2.686835e-02 -1.189817e-01 2.316397e-02 1.587823e-01 1.237275e-02 -3.915099e-03 1.714463e-02 2.399338e-01 1.571640e-02
3.627796e-02 9.560382e-01 1.153216e-01 2.476839e-02 3.197114e-02 -1.717096e-01 2.243829e-02 1.914690e-01 1.282598e-02 2.790312e-02 1.529765e-02 3.089911e-01 2.906155e-02
3.952233e-02 9.530603e-01 8.500774e-02 8.825940e-02 2.945316e-02 -1.156964e-01 6.930136e-02 1.954716e-01 2.002370e-02 5.875045e-04 1.887783e-02 3.386142e-01 1.622981e-02
4.335659e-02 8.469364e-01 3.638959e-02 1.592997e-02 3.431514e-02 -1.503730e-01 6.287815e-02 2.563465e-01 2.095292e-02 -2.866227e-02 1.723649e-02 4.384276e-01 4.711454e-02
