# k^2  MgMg MgMg_error  MgCl MgCl_error  MgNa MgNa_error  ClCl ClCl_error  ClNa ClNa_error  NaNa NaNa_error
0.000000e+00 3.200000e+02 0.000000e+00 1.036919e+03 0.000000e+00 9.329523e+02 0.000000e+00 3.360000e+03 0.000000e+00 3.023111e+03 1.016846e-13 2.720000e+03 0.000000e+00
2.934154e-04 6.997419e-01 3.586268e-01 1.136089e-01 4.350796e-02 -3.524301e-01 1.977253e-01 8.048139e-02 3.543891e-03 1.265747e-02 2.608552e-02 2.574712e-01 1.068134e-01
1.173662e-03 5.275001e-01 1.836842e-01 1.022600e-01 2.411749e-02 -2.381988e-01 9.828245e-02 7.599080e-02 5.300738e-03 1.592845e-02 1.256399e-02 1.808513e-01 5.215677e-02
2.640739e-03 6.778145e-01 8.545391e-02 1.292180e-01 1.418790e-02 -2.971002e-01 4.447654e-02 8.003449e-02 5.055763e-03 2.707860e-03 4.372885e-03 2.043244e-01 2.803099e-02
4.694647e-03 7.798054e-01 7.587923e-02 1.332716e-01 1.244830e-02 -3.392467e-01 3.536410e-02 7.958421e-02 3.757021e-03 1.350172e-03 7.221516e-03 2.294432e-01 1.651354e-02
7.335386e-03 6.999303e-01 1.395313e-01 1.260240e-01 2.503223e-02 -2.696866e-01 5.133892e-02 8.407399e-02 5.040943e-03 1.392347e-02 9.402784e-03 2.004274e-01 1.901872e-02
1.056296e-02 6.950829e-01 7.514484e-02 1.421939e-01 1.269436e-02 -2.235092e-01 3.100961e-02 8.879977e-02 1.967464e-03 1.004315e-02 8.058382e-03 1.780417e-01 1.001915e-02
1.437736e-02 1.114796e+00 1.578188e-01 2.134915e-01 3.827937e-02 -3.462948e-01 4.396469e-02 1.086578e-01 8.183426e-03 -1.109429e-02 1.135670e-02 2.290935e-01 1.402680e-02
2.934154e-04 5.144358e-01 1.572272e-01 8.180418e-02 1.924992e-02 -2.603837e-01 8.848028e-02 6.664077e-02 4.446585e-03 1.849909e-02 1.127121e-02 1.999445e-01 4.962631e-02
5.868309e-04 3.601468e-01 9.723557e-02 6.874765e-02 1.735221e-02 -1.676034e-01 4.994781e-02 7.036321e-02 3.019787e-03 3.163689e-02 9.649382e-03 1.509681e-01 2.442653e-02
1.467077e-03 3.404880e-01 8.002301e-02 7.921654e-02 1.656051e-02 -1.335792e-01 3.779678e-02 7.843834e-02 4.639864e-03 3.587110e-02 6.422923e-03 1.329754e-01 2.129110e-02
2.934154e-03 4.443610e-01 1.165613e-01 9.552559e-02 2.346705e-02 -1.782201e-01 5.006660e-02 7.523103e-02 3.372745e-03 2.143794e-02 1.225833e-02 1.497521e-01 1.949597e-02
4.988062e-03 5.802120e-01 7.650835e-02 1.124931e-01 9.450083e-03 -2.333462e-01 3.534211e-02 7.446547e-02 2.518996e-03 9.176354e-03 4.316162e-03 1.719819e-01 1.763934e-02
7.628801e-03 7.070195e-01 9.936982e-02 1.383758e-01 2.260123e-02 -2.568996e-01 3.266268e-02 8.773654e-02 3.819067e-03 9.793218e-03 8.999155e-03 1.891347e-01 8.794080e-03
1.085637e-02 7.826873e-01 1.063374e-01 1.593705e-01 2.570424e-02 -2.515063e-01 2.955000e-02 9.510733e-02 7.940179e-03 5.551284e-03 6.877117e-03 1.843339e-01 1.365502e-02
1.467077e-02 7.976712e-01 6.437084e-02 1.530493e-01 1.121113e-02 -2.412775e-01 3.213834e-02 1.061535e-01 7.246612e-03 1.742844e-02 4.982593e-03 2.038330e-01 1.445460e-02
1.173662e-03 4.935960e-01 1.569809e-01 9.209420e-02 1.925283e-02 -2.298515e-01 8.615408e-02 7.516709e-02 4.865350e-03 2.077235e-02 1.096220e-02 1.815669e-01 4.787398e-02
1.467077e-03 5.194061e-01 1.543595e-01 8.624951e-02 2.800786e-02 -2.490635e-01 7.155962e-02 6.786219e-02 3.648328e-03 1.637298e-02 1.656325e-02 1.875132e-01 3.006257e-02
2.347323e-03 5.005385e-01 8.281507e-02 1.092324e-01 1.778513e-02 -2.096476e-01 3.801044e-02 7.701534e-02 6.872959e-03 1.274886e-02 7.085545e-03 1.617206e-01 1.803002e-02
3.814401e-03 5.416570e-01 9.678103e-02 1.014928e-01 1.522085e-02 -2.338709e-01 4.789820e-02 7.839376e-02 2.692971e-03 1.978980e-02 8.766218e-03 1.847559e-01 2.318362e-02
5.868309e-03 5.634729e-01 5.349290e-02 1.094950e-01 4.772909e-03 -2.186889e-01 3.194932e-02 7.495139e-02 2.025091e-03 1.256495e-02 3.538323e-03 1.687444e-01 1.742616e-02
8.509048e-03 7.970265e-01 7.636644e-02 1.585229e-01 2.274408e-02 -2.819347e-01 2.253665e-02 9.400752e-02 6.540562e-03 3.193452e-03 7.123912e-03 1.945109e-01 1.098252e-02
1.173662e-02 7.229634e-01 1.044771e-01 1.392103e-01 1.845261e-02 -2.342503e-01 3.459430e-02 9.117243e-02 3.718355e-03 1.375691e-02 7.600995e-03 1.908265e-01 1.185163e-02
1.555102e-02 8.890957e-01 5.781702e-02 1.561209e-01 1.150403e-02 -2.770347e-01 2.277361e-02 1.026426e-01 5.777095e-03 9.516093e-03 4.602812e-03 2.223287e-01 8.146787e-03
2.640739e-03 5.884207e-01 1.074580e-01 1.206391e-01 1.932352e-02 -2.446167e-01 5.140954e-02 8.154490e-02 5.380754e-03 1.121558e-02 7.931314e-03 1.783644e-01 2.614924e-02
2.934154e-03 5.963798e-01 1.982988e-01 1.093158e-01 2.704440e-02 -2.615136e-01 9.878204e-02 7.137174e-02 3.790955e-03 8.599557e-03 1.536177e-02 1.892103e-01 4.693718e-02
3.814401e-03 6.083146e-01 1.121614e-01 1.323210e-01 2.356860e-02 -2.386627e-01 4.511717e-02 8.814808e-02 7.831991e-03 1.169153e-02 6.517934e-03 1.775039e-01 2.274183e-02
5.281478e-03 5.440100e-01 1.675340e-02 1.122055e-01 8.504016e-03 -2.017527e-01 8.456619e-03 8.209778e-02 2.501795e-03 1.809426e-02 4.573289e-03 1.585593e-01 8.385828e-03
7.335386e-03 6.635707e-01 1.000204e-01 1.304790e-01 1.874747e-02 -2.395287e-01 3.317234e-02 8.460563e-02 3.668616e-03 9.091092e-03 7.560836e-03 1.735036e-01 9.540934e-03
9.976125e-03 9.175764e-01 4.224519e-02 1.573483e-01 6.691234e-03 -3.412134e-01 1.904259e-02 8.779849e-02 3.837915e-03 -7.823321e-04 4.351071e-03 2.286715e-01 9.047448e-03
1.320369e-02 8.051907e-01 5.941543e-02 1.462320e-01 1.044157e-02 -2.552899e-01 2.905053e-02 9.080104e-02 1.476392e-03 9.533392e-03 6.466169e-03 1.995956e-01 1.980968e-02
1.701810e-02 1.172430e+00 1.958575e-01 2.191640e-01 3.450489e-02 -3.292824e-01 5.564270e-02 1.171883e-01 5.327855e-03 -6.678069e-03 9.799248e-03 2.283315e-01 1.686389e-02
4.694647e-03 5.859775e-01 4.413560e-02 1.078862e-01 9.361851e-03 -2.420012e-01 1.867490e-02 7.176943e-02 4.052985e-03 1.005325e-02 5.523426e-03 1.784400e-01 6.878856e-03
4.988062e-03 6.021548e-01 8.575708e-02 1.069383e-01 1.086083e-02 -2.486872e-01 4.263847e-02 7.928465e-02 3.867193e-03 1.924589e-02 6.579487e-03 1.910233e-01 2.139439e-02
5.868309e-03 6.927585e-01 1.069316e-01 1.437444e-01 2.446018e-02 -2.582534e-01 4.198122e-02 8.584998e-02 7.425438e-03 4.235492e-03 8.345156e-03 1.821920e-01 1.818770e-02
7.335386e-03 6.706194e-01 1.979696e-02 1.141431e-01 9.909176e-03 -2.675224e-01 8.462298e-03 7.695659e-02 3.833375e-03 1.154548e-02 3.840422e-03 1.978864e-01 5.691659e-03
9.389294e-03 6.003115e-01 7.176015e-02 1.144370e-01 1.526831e-02 -1.987163e-01 3.395900e-02 8.555880e-02 5.428526e-03 2.279806e-02 6.856633e-03 1.680026e-01 1.409572e-02
1.203003e-02 7.959696e-01 1.967495e-02 1.486931e-01 4.507736e-03 -2.631566e-01 6.350833e-03 9.550063e-02 4.895330e-03 1.026238e-02 3.494126e-03 1.987745e-01 5.069327e-03
1.525760e-02 8.395358e-01 1.017284e-01 1.604326e-01 2.401802e-02 -2.412982e-01 3.445286e-02 9.587898e-02 5.201099e-03 2.520599e-03 8.119551e-03 1.897784e-01 1.380830e-02
1.907200e-02 9.894700e-01 1.186827e-01 1.746313e-01 2.287590e-02 -2.756493e-01 3.803698e-02 1.070984e-01 4.991760e-03 -2.216237e-03 8.182850e-03 2.099836e-01 1.346822e-02
7.335386e-03 6.514509e-01 6.110234e-02 1.148494e-01 1.084388e-02 -2.565778e-01 2.447094e-02 7.461142e-02 2.513412e-03 9.881708e-03 4.384236e-03 1.903912e-01 1.349517e-02
7.628801e-03 6.035955e-01 9.326136e-02 1.150304e-01 1.767061e-02 -2.356963e-01 3.799399e-02 8.150582e-02 4.603087e-03 1.391368e-02 8.811581e-03 1.874308e-01 1.429792e-02
8.509048e-03 6.508657e-01 5.900367e-02 1.354524e-01 1.872177e-02 -2.224858e-01 1.826916e-02 8.662547e-02 5.721568e-03 1.209873e-02 4.235346e-03 1.739326e-01 7.490760e-03
9.976125e-03 6.981585e-01 6.357925e-02 1.349484e-01 1.177576e-02 -2.283466e-01 2.204694e-02 8.488298e-02 1.798846e-03 9.806114e-03 5.258299e-03 1.739046e-01 1.266453e-02
1.203003e-02 9.364968e-01 1.967627e-01 1.664251e-01 3.888678e-02 -3.130555e-01 6.741352e-02 9.701190e-02 7.689266e-03 2.322571e-03 1.604546e-02 2.124540e-01 1.662267e-02
1.467077e-02 1.050912e+00 1.864988e-01 2.066206e-01 3.800983e-02 -3.137462e-01 5.942853e-02 1.097025e-01 8.226585e-03 -4.344520e-03 1.269575e-02 2.157880e-01 1.787747e-02
1.789834e-02 9.607563e-01 7.976262e-02 1.789024e-01 1.730990e-02 -2.704910e-01 2.960857e-02 1.132796e-01 4.927776e-03 1.000267e-02 7.898431e-03 2.247559e-01 9.300529e-03
2.171274e-02 8.242275e-01 8.505515e-02 1.525387e-01 2.008027e-02 -2.070631e-01 2.418259e-02 1.104420e-01 3.748115e-03 8.087168e-03 5.076781e-03 2.074913e-01 1.339894e-02
1.056296e-02 6.124520e-01 5.831733e-02 1.186634e-01 1.335389e-02 -2.049832e-01 2.006274e-02 8.121870e-02 7.401640e-03 1.478460e-02 2.684733e-03 1.668569e-01 9.103932e-03
1.085637e-02 8.336710e-01 6.414098e-02 1.611902e-01 1.394877e-02 -2.612367e-01 2.510359e-02 8.741732e-02 3.928133e-03 1.363496e-03 5.972102e-03 1.856522e-01 1.202838e-02
1.173662e-02 7.868902e-01 4.697455e-02 1.464953e-01 8.420028e-03 -2.649286e-01 1.698007e-02 9.422961e-02 3.336723e-03 9.330835e-03 7.645169e-03 1.970039e-01 2.381363e-03
1.320369e-02 7.662130e-01 1.079202e-01 1.441857e-01 1.867492e-02 -2.466701e-01 4.408924e-02 9.800973e-02 4.188044e-03 1.230618e-02 7.311978e-03 1.962174e-01 1.701111e-02
1.525760e-02 8.910028e-01 1.141525e-01 1.597760e-01 1.653944e-02 -2.674850e-01 4.645059e-02 1.018395e-01 5.002405e-03 1.030414e-02 9.205378e-03 2.080592e-01 2.067744e-02
1.789834e-02 1.101187e+00 1.026437e-01 1.957642e-01 2.259265e-02 -3.010936e-01 3.516240e-02 1.212492e-01 9.375458e-03 9.475800e-03 5.667119e-03 2.392039e-01 1.659678e-02
2.112591e-02 9.551696e-01 7.245336e-02 1.771857e-01 2.098025e-02 -2.263321e-01 1.994368e-02 1.164654e-01 8.132089e-03 8.626830e-03 4.863117e-03 2.129532e-01 8.083261e-03
2.494031e-02 9.518524e-01 6.130080e-02 1.748252e-01 1.463061e-02 -2.460754e-01 1.864361e-02 1.297078e-01 6.041107e-03 5.843672e-03 4.678377e-03 2.562302e-01 6.744487e-03
1.437736e-02 1.019415e+00 8.187819e-02 2.126763e-01 1.849258e-02 -2.874428e-01 2.251242e-02 1.112148e-01 3.608955e-03 -9.408743e-03 6.769609e-03 1.930437e-01 9.250528e-03
1.467077e-02 8.927034e-01 6.825951e-02 1.739403e-01 1.073671e-02 -2.696914e-01 2.335038e-02 9.899358e-02 2.854130e-03 -4.637058e-04 3.732677e-03 2.065380e-01 1.033821e-02
1.555102e-02 8.892050e-01 9.238014e-02 1.716589e-01 1.499213e-02 -2.376531e-01 2.607363e-02 1.085816e-01 3.422591e-03 1.212003e-02 4.447994e-03 1.921103e-01 7.290248e-03
1.701810e-02 1.104231e+00 8.780672e-02 2.110696e-01 1.737980e-02 -3.029221e-01 3.298427e-02 1.175435e-01 6.566135e-03 3.550273e-03 8.417163e-03 2.322569e-01 1.085904e-02
1.907200e-02 1.032442e+00 7.469110e-02 1.988779e-01 2.859032e-02 -2.649929e-01 2.131747e-02 1.210890e-01 9.730509e-03 8.811680e-03 4.879044e-03 2.225406e-01 1.892555e-02
2.171274e-02 1.109772e+00 1.006334e-01 2.107533e-01 2.362334e-02 -2.729333e-01 3.565896e-02 1.269472e-01 9.339021e-03 7.580048e-03 9.911997e-03 2.415220e-01 1.024920e-02
2.494031e-02 1.145258e+00 1.089100e-01 2.140913e-01 2.804596e-02 -2.787701e-01 2.592500e-02 1.472286e-01 5.274141e-03 2.021777e-03 8.299669e-03 2.704611e-01 5.506854e-03
2.875471e-02 1.141146e+00 2.016726e-01 2.081924e-01 4.159724e-02 -2.777134e-01 5.869139e-02 1.538031e-01 1.207574e-02 -2.558164e-03 9.623677e-03 2.902994e-01 1.665416e-02
2.934154e-04 1.745073e-01 6.019580e-02 5.621398e-02 1.444892e-02 -5.535107e-02 2.657752e-02 7.105465e-02 4.711001e-03 4.123995e-02 8.904307e-03 8.462915e-02 1.093532e-02
5.868309e-04 6.784733e-01 1.631974e-01 1.364378e-01 4.266517e-02 -3.076523e-01 6.268306e-02 7.730593e-02 1.225708e-02 -6.252597e-03 1.539358e-02 2.040635e-01 2.585923e-02
1.467077e-03 6.027458e-01 7.267274e-02 1.091324e-01 2.475129e-02 -2.772408e-01 2.372801e-02 7.655184e-02 6.080620e-03 1.191574e-02 1.195043e-02 2.014453e-01 6.787847e-03
2.934154e-03 4.918880e-01 9.758737e-02 1.118408e-01 2.202663e-02 -1.885119e-01 3.917338e-02 8.342224e-02 5.522689e-03 1.982329e-02 8.769368e-03 1.518577e-01 1.586334e-02
4.988062e-03 7.575170e-01 9.462213e-02 1.504555e-01 1.807320e-02 -2.993170e-01 4.245824e-02 8.691118e-02 4.065335e-03 1.582490e-03 7.228663e-03 2.056863e-01 2.485191e-02
7.628801e-03 8.372378e-01 1.292462e-01 1.566404e-01 1.726310e-02 -2.994089e-01 5.776016e-02 8.533278e-02 3.411131e-03 -1.744225e-03 8.096433e-03 1.932317e-01 2.587301e-02
1.085637e-02 8.405597e-01 9.536945e-02 1.677297e-01 2.323981e-02 -2.726484e-01 3.165582e-02 9.472284e-02 6.050652e-03 -1.786819e-03 7.094135e-03 1.865551e-01 1.166993e-02
1.467077e-02 9.219465e-01 8.589281e-02 1.646333e-01 1.923967e-02 -2.855686e-01 2.873417e-02 1.030015e-01 2.539392e-03 1.332710e-02 7.467068e-03 2.265122e-01 1.308033e-02
5.868309e-04 5.727587e-01 2.268626e-01 1.189177e-01 4.423863e-02 -2.560811e-01 1.049610e-01 8.056120e-02 6.228191e-03 9.448623e-03 2.392432e-02 1.871329e-01 4.512057e-02
8.802463e-04 4.062356e-01 9.242744e-02 8.851812e-02 2.259359e-02 -1.737115e-01 4.158021e-02 7.025445e-02 5.139541e-03 1.779377e-02 1.041198e-02 1.387152e-01 2.000312e-02
1.760493e-03 4.400741e-01 1.170158e-01 8.228440e-02 2.485490e-02 -1.996392e-01 5.093409e-02 6.391263e-02 4.019729e-03 1.647871e-02 1.289738e-02 1.570440e-01 2.054242e-02
3.227570e-03 3.750337e-01 6.183797e-02 8.134815e-02 1.415514e-02 -1.479712e-01 2.342633e-02 7.002341e-02 5.460688e-03 2.272131e-02 4.902763e-03 1.288674e-01 1.006516e-02
5.281478e-03 5.073586e-01 4.128219e-02 9.728505e-02 9.989881e-03 -1.993452e-01 1.739670e-02 7.559493e-02 3.285225e-03 1.807506e-02 4.400090e-03 1.577271e-01 1.251802e-02
7.922217e-03 7.766237e-01 1.177256e-01 1.477501e-01 1.515298e-02 -2.872002e-01 5.297487e-02 8.237145e-02 2.328639e-03 -1.012315e-03 7.503466e-03 1.934204e-01 2.336744e-02
1.114979e-02 7.620822e-01 5.080010e-02 1.571883e-01 1.967078e-02 -2.450028e-01 2.590309e-03 9.666821e-02 8.971643e-03 5.211169e-03 2.920450e-03 1.836977e-01 5.394232e-03
1.496419e-02 1.007415e+00 5.336491e-02 2.095045e-01 1.362351e-02 -2.887854e-01 2.969735e-02 1.113992e-01 5.526516e-03 -7.965391e-03 5.301247e-03 1.986873e-01 1.492933e-02
1.467077e-03 5.682721e-01 1.532078e-01 9.952951e-02 2.468906e-02 -2.635902e-01 7.467536e-02 6.900661e-02 5.526791e-03 1.085389e-02 1.181477e-02 1.919077e-01 3.757280e-02
1.760493e-03 5.909052e-01 1.127387e-01 1.027049e-01 2.190509e-02 -2.750500e-01 5.191365e-02 7.358527e-02 5.960155e-03 1.242719e-02 9.045997e-03 2.005849e-01 2.790250e-02
2.640739e-03 4.003213e-01 6.986351e-02 8.665924e-02 1.672379e-02 -1.588321e-01 2.787657e-02 6.792480e-02 4.784385e-03 1.833235e-02 8.062622e-03 1.316217e-01 1.070474e-02
4.107816e-03 3.792088e-01 4.597750e-02 7.093486e-02 4.160586e-03 -1.617896e-01 2.920841e-02 6.658845e-02 4.209820e-03 2.748359e-02 5.707113e-03 1.481275e-01 1.465067e-02
6.161724e-03 6.249628e-01 1.024071e-01 1.106855e-01 2.062478e-02 -2.598026e-01 4.202648e-02 8.181455e-02 3.240422e-03 1.572133e-02 1.183308e-02 1.961146e-01 1.534759e-02
8.802463e-03 5.443547e-01 7.784091e-02 1.127246e-01 1.681648e-02 -1.885513e-01 2.571742e-02 8.041108e-02 3.588713e-03 1.306072e-02 7.235672e-03 1.557135e-01 1.235858e-02
1.203003e-02 8.090785e-01 4.096953e-02 1.634529e-01 1.672432e-02 -2.355636e-01 1.654160e-02 9.911440e-02 8.409646e-03 8.949565e-03 3.332490e-03 1.772425e-01 6.406162e-03
1.584443e-02 1.038578e+00 6.915530e-02 1.935339e-01 1.135973e-02 -3.090596e-01 4.320246e-02 1.076643e-01 2.983915e-03 1.754991e-03 5.645847e-03 2.290650e-01 1.806894e-02
2.934154e-03 3.152717e-01 7.732885e-02 6.267318e-02 1.361237e-02 -1.335406e-01 3.543727e-02 6.627704e-02 2.441040e-03 3.151619e-02 7.779096e-03 1.306110e-01 1.722734e-02
3.227570e-03 6.119847e-01 5.460858e-02 1.139893e-01 7.346972e-03 -2.628121e-01 3.813318e-02 7.706160e-02 3.667791e-03 1.003148e-02 3.349745e-03 1.896393e-01 2.319476e-02
4.107816e-03 7.842542e-01 8.784299e-02 1.429966e-01 1.356132e-02 -3.293650e-01 4.418998e-02 8.337212e-02 3.491198e-03 2.215080e-03 5.223179e-03 2.243031e-01 2.657062e-02
5.574893e-03 6.602531e-01 1.080983e-01 1.319825e-01 1.948509e-02 -2.565764e-01 5.601081e-02 8.951313e-02 5.437771e-03 1.756446e-02 9.871239e-03 1.993389e-01 2.611792e-02
7.628801e-03 8.256361e-01 1.085743e-01 1.613852e-01 2.649304e-02 -2.936201e-01 3.147916e-02 8.830203e-02 5.286199e-03 -1.468943e-03 9.645432e-03 1.947398e-01 8.829342e-03
1.026954e-02 7.950330e-01 1.463214e-01 1.656126e-01 2.492518e-02 -2.454287e-01 5.601677e-02 9.514301e-02 3.140784e-03 2.656306e-03 1.048814e-02 1.739845e-01 1.983049e-02
1.349711e-02 8.224862e-01 1.011494e-01 1.602249e-01 1.834899e-02 -2.537582e-01 3.627098e-02 9.919852e-02 4.594196e-03 5.764833e-03 7.519307e-03 1.970684e-01 1.780228e-02
1.731151e-02 9.063624e-01 7.371701e-02 1.591982e-01 1.752582e-02 -2.717250e-01 2.380855e-02 1.063743e-01 6.525016e-03 1.122206e-02 3.992015e-03 2.188783e-01 1.199598e-02
4.988062e-03 5.345272e-01 6.733229e-02 9.199409e-02 9.491446e-03 -2.290341e-01 4.182093e-02 6.923871e-02 3.703392e-03 1.663932e-02 4.094598e-03 1.772371e-01 2.241766e-02
5.281478e-03 6.836623e-01 5.356188e-02 1.474845e-01 9.701807e-03 -2.498297e-01 2.154385e-02 9.266994e-02 4.441009e-03 9.158655e-03 4.774607e-03 1.791929e-01 8.213827e-03
6.161724e-03 6.520635e-01 5.916559e-02 1.249912e-01 1.301650e-02 -2.536541e-01 2.170108e-02 7.872202e-02 4.620893e-03 8.073272e-03 4.460366e-03 1.851503e-01 9.084173e-03
7.628801e-03 6.113725e-01 5.638477e-02 1.243609e-01 4.718038e-03 -2.188284e-01 2.957362e-02 8.221602e-02 1.062503e-03 1.017118e-02 3.457687e-03 1.681976e-01 1.836302e-02
9.682709e-03 6.261313e-01 4.013241e-02 1.243544e-01 9.534054e-03 -2.163069e-01 8.427764e-03 8.455423e-02 3.009750e-03 1.535295e-02 2.653377e-03 1.772188e-01 6.688256e-03
1.232345e-02 9.395569e-01 1.027571e-01 1.841825e-01 2.392426e-02 -2.946343e-01 4.041437e-02 9.566183e-02 4.467492e-03 -9.467918e-03 8.454747e-03 1.950114e-01 1.797241e-02
1.555102e-02 8.819034e-01 1.005640e-01 1.729826e-01 2.303450e-02 -2.576855e-01 3.611091e-02 1.035867e-01 5.507641e-03 5.242808e-03 8.890829e-03 2.106405e-01 1.556383e-02
1.936542e-02 9.239878e-01 6.404653e-02 1.810730e-01 1.117321e-02 -2.277573e-01 2.521216e-02 1.133747e-01 4.638923e-03 5.733308e-03 3.693131e-03 2.040610e-01 1.039106e-02
7.628801e-03 6.514807e-01 5.185269e-02 1.304493e-01 1.065478e-02 -2.431922e-01 2.744406e-02 8.073678e-02 1.747693e-03 3.997330e-03 6.264698e-03 1.797089e-01 1.470525e-02
7.922217e-03 8.001402e-01 2.182857e-01 1.601800e-01 5.137951e-02 -2.870139e-01 7.304443e-02 9.589070e-02 1.345489e-02 5.482779e-03 1.479537e-02 2.025210e-01 2.947084e-02
8.802463e-03 9.225419e-01 1.660834e-01 1.737983e-01 2.886158e-02 -3.248167e-01 5.796135e-02 9.620844e-02 6.084199e-03 -1.933892e-03 1.084413e-02 2.132757e-01 2.249097e-02
1.026954e-02 9.966509e-01 1.303375e-01 1.972586e-01 3.048866e-02 -3.299754e-01 4.062153e-02 9.977146e-02 1.050893e-02 -8.852998e-03 7.325969e-03 2.167927e-01 1.686325e-02
1.232345e-02 6.458502e-01 4.564490e-02 1.211133e-01 1.190918e-02 -1.968326e-01 2.020526e-02 9.315230e-02 1.728664e-03 2.459561e-02 6.667659e-03 1.748258e-01 1.239607e-02
1.496419e-02 9.877909e-01 1.294228e-01 1.828764e-01 2.554260e-02 -2.865738e-01 3.732855e-02 9.406419e-02 5.792243e-03 -6.793354e-03 6.978786e-03 1.995497e-01 1.559199e-02
1.819176e-02 9.761437e-01 6.544891e-02 1.748899e-01 8.271260e-03 -2.587935e-01 2.239874e-02 1.059589e-01 4.146063e-03 6.105716e-03 3.498207e-03 2.144179e-01 1.006277e-02
2.200616e-02 1.060838e+00 8.483410e-02 1.834522e-01 2.517819e-02 -2.866586e-01 1.808933e-02 1.292454e-01 7.349676e-03 1.085460e-02 5.065941e-03 2.542064e-01 1.592393e-02
1.085637e-02 7.095031e-01 8.060875e-02 1.378649e-01 1.797580e-02 -2.462357e-01 2.732482e-02 8.944637e-02 5.905059e-03 9.405187e-03 4.440100e-03 1.899743e-01 1.344456e-02
1.114979e-02 6.579725e-01 8.343711e-02 1.271417e-01 1.528111e-02 -2.172109e-01 3.100741e-02 8.653598e-02 2.955589e-03 1.038645e-02 6.991249e-03 1.720756e-01 1.037390e-02
1.203003e-02 7.783658e-01 7.161600e-02 1.534337e-01 1.858407e-02 -2.557635e-01 1.776657e-02 9.618044e-02 5.339246e-03 8.688890e-03 5.127143e-03 1.940028e-01 9.644552e-03
1.349711e-02 8.031628e-01 6.767922e-02 1.585563e-01 1.521717e-02 -2.382302e-01 1.864052e-02 1.008674e-01 5.975375e-03 1.211094e-02 5.697025e-03 1.852778e-01 6.328877e-03
1.555102e-02 8.851347e-01 1.751696e-01 1.679209e-01 2.637022e-02 -2.619046e-01 6.523915e-02 1.050940e-01 5.905008e-03 9.359721e-03 1.005807e-02 2.135018e-01 2.824134e-02
1.819176e-02 9.324330e-01 5.294517e-02 1.776556e-01 3.138637e-03 -2.388439e-01 2.704132e-02 1.156169e-01 7.395364e-03 7.168869e-03 7.784949e-03 1.954094e-01 9.373281e-03
2.141933e-02 9.448510e-01 5.005865e-02 1.754112e-01 1.721089e-02 -2.530441e-01 1.290023e-02 1.148378e-01 4.205619e-03 2.733689e-03 5.747033e-03 2.417519e-01 9.007082e-03
2.523373e-02 9.353294e-01 9.125950e-02 1.623947e-01 2.588482e-02 -2.414633e-01 2.611711e-02 1.364691e-01 7.506810e-03 1.362762e-02 5.811487e-03 2.557192e-01 1.116700e-02
1.467077e-02 9.922173e-01 8.833828e-02 1.954156e-01 2.563315e-02 -2.939458e-01 2.381031e-02 1.043827e-01 8.371169e-03 -8.738462e-03 8.276969e-03 2.044431e-01 8.759774e-03
1.496419e-02 1.032009e+00 1.105063e-01 1.801331e-01 1.906512e-02 -3.123927e-01 3.637969e-02 9.778012e-02 3.718896e-03 1.521318e-03 6.971902e-03 2.172999e-01 1.565938e-02
1.584443e-02 9.951233e-01 1.048183e-01 1.681929e-01 1.271709e-02 -3.019223e-01 4.369551e-02 9.872398e-02 1.804666e-03 4.536958e-03 8.710164e-03 2.279870e-01 2.618832e-02
1.731151e-02 1.026607e+00 4.828555e-02 1.911475e-01 1.194628e-02 -2.965198e-01 2.254760e-02 1.098460e-01 7.214424e-03 -1.634910e-03 6.824314e-03 2.227724e-01 9.499007e-03
1.936542e-02 1.127661e+00 1.679565e-01 2.053116e-01 2.733731e-02 -3.193800e-01 5.801535e-02 1.137466e-01 7.560778e-03 -9.269403e-03 6.571971e-03 2.352524e-01 2.691402e-02
2.200616e-02 1.081158e+00 5.859618e-02 2.066908e-01 1.663244e-02 -2.514258e-01 3.064659e-02 1.343515e-01 7.824347e-03 9.410554e-03 5.566754e-03 2.179706e-01 1.564129e-02
2.523373e-02 1.041874e+00 2.775197e-02 1.808749e-01 1.390071e-02 -2.565496e-01 2.080790e-02 1.394388e-01 6.915520e-03 9.588764e-03 5.160421e-03 2.536640e-01 1.437676e-02
2.904813e-02 1.072807e+00 8.894316e-02 1.777771e-01 2.268072e-02 -2.526725e-01 2.548021e-02 1.422646e-01 9.828714e-03 1.947203e-03 5.257672e-03 2.702271e-01 1.203854e-02
1.173662e-03 3.836480e-01 8.142971e-02 8.800184e-02 1.736383e-02 -1.579313e-01 3.596190e-02 7.368393e-02 2.807633e-03 2.284972e-02 9.785847e-03 1.350654e-01 1.473321e-02
1.467077e-03 5.783778e-01 8.648699e-02 1.057659e-01 2.118154e-02 -2.686291e-01 3.525878e-02 7.617841e-02 5.162518e-03 1.403979e-02 8.233150e-03 2.006864e-01 1.561912e-02
2.347323e-03 5.830764e-01 1.012098e-01 1.123822e-01 2.585876e-02 -2.533865e-01 3.478994e-02 7.789212e-02 6.322606e-03 1.320625e-02 1.125089e-02 1.877555e-01 9.075171e-03
3.814401e-03 9.408706e-01 1.347952e-01 1.798790e-01 2.030306e-02 -3.985811e-01 6.542642e-02 8.604584e-02 3.468518e-03 -2.064927e-02 9.108638e-03 2.460303e-01 3.420701e-02
5.868309e-03 6.949965e-01 1.087383e-01 1.197435e-01 1.552066e-02 -2.887482e-01 5.404162e-02 7.385054e-02 4.237542e-03 3.103825e-03 6.958348e-03 2.001381e-01 2.945084e-02
8.509048e-03 6.196604e-01 3.059018e-02 1.203869e-01 1.269213e-02 -2.179937e-01 1.018023e-02 8.123812e-02 4.389804e-03 1.153671e-02 4.022631e-03 1.676797e-01 7.717235e-03
1.173662e-02 8.269594e-01 1.580231e-02 1.651798e-01 8.756917e-03 -2.704922e-01 1.147183e-02 9.526761e-02 1.622375e-03 1.488411e-03 4.660001e-03 1.956925e-01 1.448886e-02
1.555102e-02 9.096026e-01 5.812557e-02 1.756588e-01 1.503458e-02 -2.613543e-01 2.133574e-02 1.062601e-01 6.889381e-03 2.470473e-03 3.424413e-03 2.016977e-01 9.761775e-03
1.467077e-03 3.734540e-01 7.417012e-02 9.180676e-02 1.227890e-02 -1.470864e-01 3.701859e-02 7.765534e-02 3.099887e-03 2.435727e-02 6.552510e-03 1.304244e-01 1.858663e-02
1.760493e-03 6.276576e-01 2.134116e-01 1.315476e-01 3.596606e-02 -2.662571e-01 1.012528e-01 8.516356e-02 6.228012e-03 7.352866e-03 1.676163e-02 1.894021e-01 4.837293e-02
2.640739e-03 5.728004e-01 8.258487e-02 1.148262e-01 1.449585e-02 -2.442619e-01 3.863139e-02 7.777766e-02 4.830955e-03 1.005924e-02 1.077440e-02 1.789104e-01 1.543626e-02
4.107816e-03 5.109220e-01 1.644154e-01 1.044451e-01 2.480934e-02 -2.053630e-01 7.526617e-02 8.118325e-02 3.058677e-03 2.374395e-02 1.184919e-02 1.726237e-01 3.417898e-02
6.161724e-03 6.556729e-01 9.873806e-02 1.316574e-01 1.184907e-02 -2.475467e-01 4.765019e-02 7.948557e-02 2.883491e-03 3.137299e-03 5.115322e-03 1.741090e-01 2.434831e-02
8.802463e-03 7.833300e-01 1.118336e-01 1.625265e-01 1.764885e-02 -2.689689e-01 4.179222e-02 9.185931e-02 1.728203e-03 1.535074e-03 7.282475e-03 1.898441e-01 1.701532e-02
1.203003e-02 7.533808e-01 6.575001e-02 1.336619e-01 1.080187e-02 -2.577266e-01 2.668836e-02 8.233448e-02 1.709164e-03 5.416343e-03 6.332864e-03 1.914661e-01 1.133484e-02
1.584443e-02 1.172568e+00 1.350922e-01 2.151492e-01 2.540278e-02 -3.616318e-01 4.798885e-02 1.156322e-01 3.539730e-03 -1.079133e-02 1.213721e-02 2.406564e-01 1.446885e-02
2.347323e-03 7.075382e-01 1.697622e-01 1.156524e-01 3.613467e-02 -3.338679e-01 6.943754e-02 7.613835e-02 8.880106e-03 9.141952e-03 1.376725e-02 2.375756e-01 3.030264e-02
2.640739e-03 4.137489e-01 6.746559e-02 7.602491e-02 7.178965e-03 -1.839022e-01 3.748321e-02 7.176923e-02 2.941350e-03 3.007291e-02 3.460926e-03 1.630873e-01 2.329397e-02
3.520985e-03 3.534913e-01 3.421615e-02 7.904401e-02 7.483240e-03 -1.391738e-01 1.780602e-02 7.017320e-02 4.504052e-03 2.374854e-02 3.470958e-03 1.264744e-01 1.012468e-02
4.988062e-03 7.344675e-01 1.288672e-01 1.389827e-01 2.243901e-02 -2.996674e-01 5.503106e-02 7.878605e-02 6.289003e-03 -3.015149e-03 8.705791e-03 2.002943e-01 2.580764e-02
7.041970e-03 6.376422e-01 1.157100e-01 1.195006e-01 2.571363e-02 -2.431762e-01 4.153799e-02 8.116836e-02 7.022404e-03 1.378223e-02 7.094180e-03 1.851289e-01 2.054160e-02
9.682709e-03 7.677746e-01 1.632398e-01 1.484427e-01 2.930069e-02 -2.773893e-01 7.021101e-02 8.799872e-02 4.666244e-03 4.030002e-03 1.162759e-02 2.064585e-01 2.945614e-02
1.291028e-02 7.602507e-01 4.550344e-02 1.549811e-01 8.038482e-03 -2.328251e-01 2.413454e-02 9.863473e-02 5.517024e-03 1.020340e-02 3.462388e-03 1.904234e-01 1.418609e-02
1.672468e-02 9.264575e-01 1.017722e-01 1.749002e-01 2.686784e-02 -2.626735e-01 2.750621e-02 1.045818e-01 8.462490e-03 2.869253e-03 8.556711e-03 2.023975e-01 9.246728e-03
3.814401e-03 6.374561e-01 8.106273e-02 1.260509e-01 1.460737e-02 -2.599955e-01 3.699527e-02 7.767537e-02 3.519881e-03 4.754511e-03 7.845056e-03 1.820381e-01 1.721406e-02
4.107816e-03 6.670207e-01 1.508321e-01 1.259783e-01 1.938019e-02 -2.751743e-01 7.728948e-02 7.757399e-02 2.749874e-03 4.919655e-03 1.028957e-02 1.920417e-01 3.887378e-02
4.988062e-03 3.997525e-01 5.757515e-02 8.221946e-02 1.283957e-02 -1.570137e-01 2.461681e-02 7.074284e-02 3.488334e-03 2.413117e-02 9.812725e-03 1.428947e-01 1.678004e-02
6.455140e-03 7.028851e-01 1.133577e-01 1.307047e-01 2.120126e-02 -2.774400e-01 4.902353e-02 8.272907e-02 3.457775e-03 9.884654e-03 1.088812e-02 2.062319e-01 2.309735e-02
8.509048e-03 7.532610e-01 1.304178e-01 1.350258e-01 2.322048e-02 -2.851406e-01 5.029284e-02 8.069368e-02 2.945675e-03 2.782450e-03 1.143836e-02 1.978703e-01 1.839090e-02
1.114979e-02 5.784388e-01 3.574652e-02 1.193047e-01 1.064741e-02 -1.907218e-01 2.086545e-02 9.290775e-02 1.312371e-03 2.165383e-02 5.733513e-03 1.753824e-01 1.905284e-02
1.437736e-02 9.493307e-01 1.691633e-01 1.764804e-01 3.553976e-02 -2.919584e-01 5.026292e-02 1.037348e-01 1.008498e-02 4.594562e-03 9.519947e-03 2.181039e-01 1.925291e-02
1.819176e-02 9.348988e-01 8.067393e-02 1.747251e-01 1.759053e-02 -2.607460e-01 2.303912e-02 1.165658e-01 9.604722e-03 6.168369e-03 4.432985e-03 2.123756e-01 7.402971e-03
5.868309e-03 6.585739e-01 9.557211e-02 1.279887e-01 1.088585e-02 -2.563610e-01 4.609474e-02 8.153039e-02 3.188582e-03 8.685076e-03 9.427754e-03 1.845943e-01 1.872440e-02
6.161724e-03 5.460330e-01 6.218129e-02 1.129434e-01 1.900701e-02 -1.954067e-01 1.453618e-02 7.777632e-02 4.631737e-03 1.514695e-02 6.615052e-03 1.542699e-01 5.643255e-03
7.041970e-03 7.747212e-01 7.804436e-02 1.454918e-01 1.497741e-02 -3.070470e-01 3.248759e-02 8.153659e-02 5.100398e-03 -5.021685e-04 2.958647e-03 2.110963e-01 1.671419e-02
8.509048e-03 7.435500e-01 1.757891e-01 1.352251e-01 3.122808e-02 -2.736562e-01 7.533972e-02 8.047737e-02 8.564424e-03 4.033084e-03 1.253354e-02 1.929032e-01 3.297094e-02
1.056296e-02 7.024163e-01 6.992159e-02 1.233162e-01 2.214039e-02 -2.402958e-01 1.506874e-02 8.212761e-02 7.617935e-03 1.316150e-02 4.081044e-03 1.824839e-01 5.055971e-03
1.320369e-02 1.052306e+00 1.727395e-01 2.157973e-01 3.655637e-02 -3.254668e-01 5.892608e-02 1.089338e-01 7.637125e-03 -1.361650e-02 1.159350e-02 2.114753e-01 2.302306e-02
1.643126e-02 1.050229e+00 1.132731e-01 1.729121e-01 1.132182e-02 -3.045819e-01 4.811052e-02 9.736810e-02 2.133875e-03 3.223248e-03 7.023491e-03 2.241286e-01 2.081735e-02
2.024566e-02 9.117691e-01 9.373640e-02 1.743730e-01 2.005618e-02 -2.184347e-01 2.198443e-02 1.209888e-01 9.559012e-03 1.129424e-02 4.180091e-03 2.052729e-01 8.890426e-03
8.509048e-03 7.287892e-01 1.043710e-01 1.531966e-01 2.444801e-02 -2.446911e-01 4.070523e-02 9.029529e-02 7.362874e-03 3.532742e-03 9.808973e-03 1.736145e-01 1.755415e-02
8.802463e-03 6.387123e-01 7.221446e-02 1.355666e-01 1.244424e-02 -1.955315e-01 2.771192e-02 8.277360e-02 2.704211e-03 1.012613e-02 7.693623e-03 1.500551e-01 8.022125e-03
9.682709e-03 7.757115e-01 1.694545e-01 1.353449e-01 2.865862e-02 -2.731903e-01 6.401773e-02 8.101591e-02 6.801544e-03 5.052705e-03 1.001839e-02 1.922081e-01 2.399519e-02
1.114979e-02 8.992053e-01 1.703393e-01 1.783874e-01 4.621519e-02 -2.946351e-01 4.635090e-02 1.005116e-01 1.457872e-02 1.820399e-03 1.057565e-02 2.083181e-01 2.028924e-02
1.320369e-02 7.157342e-01 8.241099e-02 1.415113e-01 2.029832e-02 -2.217569e-01 2.423035e-02 8.871813e-02 3.017517e-03 8.438023e-03 7.994481e-03 1.818180e-01 9.055465e-03
1.584443e-02 8.006745e-01 1.114954e-01 1.579977e-01 1.730907e-02 -2.230584e-01 3.981766e-02 1.010359e-01 1.737973e-03 1.145350e-02 7.543864e-03 1.968385e-01 1.434083e-02
1.907200e-02 9.378906e-01 8.930588e-02 1.655599e-01 1.206955e-02 -2.653619e-01 4.417665e-02 1.111743e-01 3.973334e-03 7.071890e-03 8.691320e-03 2.148657e-01 1.647449e-02
2.288640e-02 1.050046e+00 1.779104e-01 1.847381e-01 3.211818e-02 -2.494617e-01 5.425090e-02 1.188542e-01 1.109487e-02 7.513715e-03 9.137004e-03 2.306484e-01 1.513574e-02
1.173662e-02 6.212640e-01 4.685183e-02 1.200949e-01 1.129147e-02 -1.999729e-01 2.425014e-02 9.309201e-02 4.049638e-03 2.228019e-02 5.306887e-03 1.764815e-01 1.440415e-02
1.203003e-02 8.216820e-01 1.392027e-01 1.567686e-01 2.652908e-02 -2.518529e-01 5.073678e-02 9.694932e-02 9.050326e-03 1.154454e-02 6.391506e-03 1.919155e-01 2.365354e-02
1.291028e-02 8.434471e-01 1.402041e-01 1.755362e-01 2.693874e-02 -2.417276e-01 4.212940e-02 1.005623e-01 6.172058e-03 6.935053e-03 9.543254e-03 1.838306e-01 1.214367e-02
1.437736e-02 9.355866e-01 4.551479e-02 1.725373e-01 1.912718e-02 -2.930160e-01 2.176015e-02 1.036284e-01 5.468220e-03 3.617764e-03 7.249314e-03 2.183052e-01 1.307673e-02
1.643126e-02 8.404063e-01 8.686327e-02 1.600519e-01 2.115524e-02 -2.325524e-01 2.558193e-02 9.940227e-02 6.542354e-03 5.642504e-03 4.082164e-03 1.886117e-01 1.235908e-02
1.907200e-02 8.460869e-01 6.896809e-02 1.557450e-01 1.675686e-02 -2.200722e-01 2.085016e-02 1.040166e-01 2.724531e-03 9.436135e-03 6.273087e-03 2.037963e-01 5.863153e-03
2.229957e-02 9.595396e-01 2.888740e-02 1.909058e-01 1.624347e-02 -2.118775e-01 2.197267e-03 1.339086e-01 4.709081e-03 1.338410e-02 6.372719e-03 2.225272e-01 1.140844e-02
2.611397e-02 1.080738e+00 7.939787e-02 2.034635e-01 2.531848e-02 -2.512238e-01 1.340282e-02 1.437192e-01 6.950024e-03 2.832427e-03 9.325309e-03 2.557865e-01 1.434044e-02
1.555102e-02 1.045485e+00 9.471682e-02 2.082683e-01 1.718537e-02 -2.968067e-01 4.042197e-02 1.143052e-01 5.564568e-03 -3.654013e-03 6.543226e-03 2.159426e-01 1.888639e-02
1.584443e-02 1.036196e+00 1.144790e-01 1.926694e-01 2.997652e-02 -2.952459e-01 2.856283e-02 1.036618e-01 9.589882e-03 -5.258850e-03 5.348073e-03 2.009501e-01 1.080981e-02
1.672468e-02 9.351486e-01 7.568823e-02 1.882331e-01 1.367219e-02 -2.486091e-01 3.073814e-02 1.149534e-01 7.122969e-03 1.066680e-02 7.420855e-03 2.106546e-01 1.317455e-02
1.819176e-02 8.434893e-01 1.536958e-01 1.568216e-01 3.188170e-02 -2.346648e-01 4.737113e-02 1.094199e-01 6.121223e-03 1.390137e-02 1.025202e-02 2.080749e-01 1.722474e-02
2.024566e-02 8.975478e-01 3.689710e-02 1.710586e-01 1.558129e-02 -2.478889e-01 1.483519e-02 1.223707e-01 3.713403e-03 9.230812e-03 1.908142e-03 2.185991e-01 1.105331e-02
2.288640e-02 1.157065e+00 1.392755e-01 2.134828e-01 2.531574e-02 -2.885579e-01 3.810864e-02 1.279327e-01 5.544829e-03 -6.857740e-05 6.676381e-03 2.478306e-01 1.231278e-02
2.611397e-02 9.489354e-01 5.007347e-02 1.778144e-01 9.973362e-03 -2.026235e-01 3.067814e-02 1.329252e-01 8.135398e-03 8.220746e-03 7.474670e-03 2.324632e-01 9.074427e-03
2.992837e-02 9.995998e-01 4.968839e-02 1.519993e-01 1.540430e-02 -2.372269e-01 1.122500e-02 1.479226e-01 4.507259e-03 6.807249e-03 5.860365e-03 2.874003e-01 8.782926e-03
2.640739e-03 5.364591e-01 4.946510e-02 1.168650e-01 1.456783e-02 -2.148391e-01 2.061143e-02 8.096423e-02 5.408070e-03 1.246300e-02 5.105849e-03 1.597681e-01 1.220235e-02
2.934154e-03 4.666717e-01 9.373066e-02 9.752036e-02 2.513171e-02 -1.911863e-01 3.235421e-02 7.115898e-02 8.047581e-03 1.498094e-02 7.294383e-03 1.499016e-01 1.453285e-02
3.814401e-03 5.377894e-01 1.158148e-01 1.015462e-01 1.489626e-02 -2.223426e-01 5.610875e-02 7.862622e-02 4.021011e-03 2.386458e-02 9.296958e-03 1.823972e-01 2.525276e-02
5.281478e-03 5.869005e-01 8.931464e-02 1.264305e-01 1.811318e-02 -2.205948e-01 4.127555e-02 7.942977e-02 4.789981e-03 4.414488e-03 7.414548e-03 1.568573e-01 2.061137e-02
7.335386e-03 6.801963e-01 8.980664e-02 1.388702e-01 2.009044e-02 -2.446275e-01 3.196262e-02 8.682853e-02 6.464611e-03 6.798193e-03 4.202756e-03 1.786782e-01 1.417528e-02
9.976125e-03 9.300517e-01 1.400712e-01 1.778538e-01 2.613330e-02 -3.150225e-01 5.256159e-02 9.318734e-02 7.440545e-03 -5.758940e-03 9.560849e-03 2.055735e-01 2.064206e-02
1.320369e-02 9.614270e-01 1.201108e-01 1.718342e-01 2.187178e-02 -3.134761e-01 4.767116e-02 9.785787e-02 5.053912e-03 -6.273705e-05 7.409160e-03 2.206207e-01 1.995209e-02
1.701810e-02 1.043023e+00 9.139503e-02 1.840735e-01 1.544699e-02 -3.074937e-01 3.600755e-02 1.055862e-01 7.159983e-03 2.682480e-03 5.580702e-03 2.337905e-01 1.650794e-02
2.934154e-03 4.711208e-01 5.199634e-02 9.323634e-02 1.060124e-02 -2.000635e-01 2.736596e-02 7.402403e-02 4.471367e-03 2.055266e-02 3.310681e-03 1.624644e-01 1.751194e-02
3.227570e-03 4.832114e-01 1.040096e-01 1.039665e-01 2.080787e-02 -1.926935e-01 4.612075e-02 7.614072e-02 3.448246e-03 1.577543e-02 1.047609e-02 1.508273e-01 2.213121e-02
4.107816e-03 6.882548e-01 1.168529e-01 1.415227e-01 2.538356e-02 -2.824021e-01 4.855026e-02 8.593201e-02 5.712016e-03 1.920020e-03 1.107554e-02 1.970813e-01 1.979894e-02
5.574893e-03 5.662110e-01 2.749627e-02 1.171691e-01 1.117391e-02 -2.093499e-01 6.581942e-03 8.182177e-02 2.131888e-03 1.730419e-02 6.755035e-03 1.648610e-01 4.740183e-03
7.628801e-03 6.821883e-01 9.047378e-02 1.315216e-01 1.768957e-02 -2.528397e-01 3.317602e-02 7.946642e-02 5.561158e-03 6.679472e-03 7.893261e-03 1.855676e-01 1.286605e-02
1.026954e-02 7.708052e-01 8.324489e-02 1.476212e-01 1.662149e-02 -2.588323e-01 3.396000e-02 9.204437e-02 5.508258e-03 8.948768e-03 4.452294e-03 1.912935e-01 1.781605e-02
1.349711e-02 6.421723e-01 4.161819e-02 1.288505e-01 1.503045e-02 -1.867468e-01 1.005675e-02 9.669610e-02 5.125920e-03 2.001886e-02 3.370650e-03 1.646604e-01 7.895032e-03
1.731151e-02 8.401569e-01 3.438303e-02 1.458000e-01 1.187982e-02 -2.458763e-01 1.106747e-02 1.023215e-01 5.357017e-03 1.403026e-02 4.102066e-03 2.090541e-01 6.245632e-03
3.814401e-03 4.406371e-01 5.067247e-02 1.057830e-01 1.284939e-02 -1.562156e-01 2.254979e-02 8.126429e-02 2.288895e-03 2.305371e-02 8.932649e-03 1.361357e-01 1.152465e-02
4.107816e-03 7.064491e-01 1.504876e-01 1.440883e-01 3.666179e-02 -2.857849e-01 5.508677e-02 7.941966e-02 7.920032e-03 -6.768675e-03 1.539698e-02 1.874858e-01 1.937826e-02
4.988062e-03 4.699070e-01 6.072863e-02 9.030001e-02 1.200525e-02 -1.906705e-01 3.181870e-02 6.902110e-02 5.531831e-03 1.663852e-02 3.225958e-03 1.523644e-01 1.678700e-02
6.455140e-03 8.355406e-01 1.707348e-01 1.609944e-01 2.749427e-02 -3.146622e-01 7.038274e-02 9.350653e-02 8.745213e-03 4.111616e-03 6.781683e-03 2.162707e-01 3.474007e-02
8.509048e-03 5.679458e-01 6.688278e-02 1.166143e-01 1.932198e-02 -1.996726e-01 1.568351e-02 8.999630e-02 3.982928e-03 2.377430e-02 8.238934e-03 1.747812e-01 7.419848e-03
1.114979e-02 9.550928e-01 6.595530e-02 1.726534e-01 1.756320e-02 -3.234105e-01 2.565990e-02 9.673726e-02 4.016005e-03 2.160237e-03 7.167163e-03 2.215081e-01 1.378613e-02
1.437736e-02 9.539243e-01 8.672924e-02 1.698317e-01 2.203379e-02 -3.002938e-01 2.549174e-02 9.963633e-02 5.454092e-03 4.230327e-03 7.433343e-03 2.253116e-01 1.163325e-02
1.819176e-02 1.019210e+00 1.166424e-01 1.771084e-01 1.438947e-02 -2.776626e-01 4.293029e-02 1.124137e-01 5.449408e-03 1.300436e-02 6.257155e-03 2.214431e-01 1.540354e-02
5.281478e-03 5.944390e-01 1.127361e-01 1.137754e-01 1.960593e-02 -2.451114e-01 5.020408e-02 8.016397e-02 3.441192e-03 1.542653e-02 9.845021e-03 1.906692e-01 2.320398e-02
5.574893e-03 7.075000e-01 1.060924e-01 1.385930e-01 2.577566e-02 -2.803945e-01 3.867010e-02 8.378212e-02 6.647233e-03 2.508155e-03 8.698216e-03 1.942298e-01 1.576777e-02
6.455140e-03 6.787778e-01 9.296406e-02 1.566586e-01 2.534625e-02 -2.273029e-01 2.541140e-02 9.150701e-02 6.341944e-03 3.660911e-03 8.447630e-03 1.633342e-01 6.944221e-03
7.922217e-03 5.686613e-01 9.259541e-02 1.043041e-01 1.078874e-02 -2.173852e-01 4.171167e-02 8.229542e-02 3.684083e-03 1.971542e-02 2.980523e-03 1.766821e-01 2.127291e-02
9.976125e-03 7.091880e-01 7.569862e-02 1.350923e-01 1.687724e-02 -2.411914e-01 2.492491e-02 8.830419e-02 5.781389e-03 1.216623e-02 5.644263e-03 1.839591e-01 7.819834e-03
1.261686e-02 8.211028e-01 6.838112e-02 1.715592e-01 1.267320e-02 -2.289274e-01 2.252275e-02 1.061767e-01 5.269470e-03 1.319052e-02 3.390450e-03 1.836802e-01 1.310105e-02
1.584443e-02 8.137353e-01 1.058374e-01 1.578041e-01 1.700186e-02 -2.196510e-01 3.532775e-02 1.063390e-01 4.567899e-03 1.246137e-02 6.691842e-03 1.835266e-01 9.626169e-03
1.965883e-02 9.013556e-01 1.031988e-01 1.702345e-01 2.429166e-02 -2.237338e-01 3.263164e-02 1.137915e-01 1.018650e-02 1.285567e-02 4.670384e-03 1.996982e-01 1.680618e-02
7.335386e-03 5.924741e-01 6.056594e-02 1.112883e-01 1.003342e-02 -2.247829e-01 2.772448e-02 7.523875e-02 2.599428e-03 1.107516e-02 3.826605e-03 1.696846e-01 1.470018e-02
7.628801e-03 7.637603e-01 7.258810e-02 1.528569e-01 1.559995e-02 -2.825199e-01 2.517428e-02 8.716815e-02 2.236034e-03 9.489507e-04 6.100218e-03 2.009883e-01 1.118638e-02
8.509048e-03 7.751210e-01 2.708075e-02 1.565886e-01 9.233971e-03 -2.597153e-01 7.401358e-03 9.192004e-02 4.155333e-03 8.212575e-03 2.638059e-03 1.873799e-01 5.353945e-03
9.976125e-03 9.039943e-01 1.040559e-01 1.715426e-01 2.608303e-02 -3.122481e-01 3.236069e-02 8.708108e-02 5.891030e-03 -9.110421e-03 8.933825e-03 2.050002e-01 1.580893e-02
1.203003e-02 8.263052e-01 1.346547e-01 1.467889e-01 2.626074e-02 -2.660762e-01 4.410150e-02 9.041579e-02 7.822532e-03 4.155463e-03 7.713685e-03 1.922714e-01 1.139872e-02
1.467077e-02 9.630887e-01 4.155814e-02 1.892877e-01 8.694043e-03 -2.827319e-01 2.514048e-02 1.081893e-01 5.589703e-03 4.071131e-03 5.416406e-03 2.032752e-01 1.117643e-02
1.789834e-02 9.044721e-01 8.232190e-02 1.584821e-01 2.062821e-02 -2.363508e-01 2.146675e-02 1.056709e-01 2.745063e-03 1.186459e-02 8.205101e-03 2.011846e-01 8.242647e-03
2.171274e-02 1.209795e+00 8.923682e-02 2.177248e-01 1.662871e-02 -2.991717e-01 2.432572e-02 1.332067e-01 3.318376e-03 3.044402e-03 8.559390e-03 2.459781e-01 1.620808e-02
9.976125e-03 7.781410e-01 9.688079e-02 1.437356e-01 2.020992e-02 -2.741470e-01 3.725701e-02 8.478287e-02 6.290978e-03 4.727632e-03 8.684592e-03 2.002252e-01 1.613578e-02
1.026954e-02 7.176399e-01 9.413842e-02 1.430291e-01 2.202763e-02 -2.376998e-01 3.175776e-02 9.490354e-02 6.731989e-03 1.426975e-02 7.334709e-03 1.847559e-01 1.071101e-02
1.114979e-02 8.695575e-01 9.873736e-02 1.626734e-01 1.994616e-02 -3.033943e-01 3.231716e-02 9.171698e-02 3.824870e-03 -2.253618e-03 9.219818e-03 2.107424e-01 1.405436e-02
1.261686e-02 8.811740e-01 1.384581e-01 1.716273e-01 2.145637e-02 -2.735859e-01 4.682345e-02 1.043276e-01 4.144041e-03 7.032265e-03 9.925203e-03 1.989013e-01 1.853089e-02
1.467077e-02 8.994504e-01 1.186349e-01 1.690948e-01 2.849944e-02 -2.684672e-01 2.217578e-02 1.011907e-01 8.337756e-03 6.117607e-03 4.265639e-03 2.002860e-01 1.068138e-02
1.731151e-02 9.813243e-01 5.920455e-02 1.820209e-01 1.713302e-02 -2.855322e-01 2.549373e-02 1.145660e-01 5.120746e-03 4.485136e-03 5.494590e-03 2.223683e-01 1.447184e-02
2.053908e-02 9.686045e-01 2.283764e-02 1.732498e-01 6.197076e-03 -2.480636e-01 1.694753e-02 1.119438e-01 6.198120e-03 6.894655e-03 8.578080e-03 2.120582e-01 8.375047e-03
2.435348e-02 1.023304e+00 9.408662e-02 1.775126e-01 3.087430e-02 -2.610037e-01 3.651598e-02 1.344354e-01 1.068524e-02 8.576867e-03 9.434078e-03 2.739222e-01 1.750304e-02
1.320369e-02 9.535941e-01 1.196913e-01 1.914663e-01 1.941152e-02 -2.844710e-01 4.330231e-02 1.051737e-01 4.034621e-03 -3.421962e-03 8.386350e-03 1.959178e-01 1.485153e-02
1.349711e-02 9.985232e-01 1.030348e-01 1.932660e-01 1.210013e-02 -3.019933e-01 4.494037e-02 1.031077e-01 3.534807e-03 -2.742217e-03 8.485947e-03 2.084701e-01 1.410989e-02
1.437736e-02 7.445628e-01 1.076382e-01 1.428591e-01 1.874916e-02 -2.114461e-01 2.984544e-02 9.843352e-02 6.506288e-03 1.883415e-02 6.008373e-03 1.889110e-01 1.131924e-02
1.584443e-02 7.610847e-01 6.077643e-02 1.402970e-01 1.223165e-02 -2.319364e-01 1.946292e-02 9.873422e-02 2.028956e-03 1.541505e-02 3.908187e-03 2.095858e-01 1.178298e-02
1.789834e-02 1.057914e+00 1.292769e-01 1.935458e-01 2.137490e-02 -2.948698e-01 3.472025e-02 1.128540e-01 8.146663e-03 -1.308184e-04 3.626006e-03 2.243213e-01 1.462010e-02
2.053908e-02 8.736970e-01 6.436843e-02 1.712223e-01 1.418455e-02 -2.435012e-01 2.618684e-02 1.173785e-01 5.989019e-03 8.897092e-03 4.619112e-03 2.260658e-01 9.229669e-03
2.376665e-02 1.021732e+00 9.569418e-02 2.108988e-01 2.944445e-02 -2.482569e-01 2.282912e-02 1.322229e-01 1.002427e-02 -1.634767e-03 4.005438e-03 2.427213e-01 1.031079e-02
2.758105e-02 1.032303e+00 1.413486e-01 1.783579e-01 2.772951e-02 -2.349163e-01 3.468247e-02 1.361274e-01 6.267810e-03 -1.003659e-04 3.933912e-03 2.559558e-01 1.830232e-02
1.701810e-02 8.747905e-01 1.602656e-01 1.656894e-01 2.682994e-02 -2.619064e-01 6.000453e-02 1.039672e-01 7.146975e-03 1.918858e-03 1.129701e-02 2.188868e-01 1.990566e-02
1.731151e-02 9.953318e-01 8.710072e-02 1.858090e-01 1.955689e-02 -2.709811e-01 1.877565e-02 1.081552e-01 7.061789e-03 6.274525e-04 3.682973e-03 2.091560e-01 7.732444e-03
1.819176e-02 8.746302e-01 9.778369e-02 1.549554e-01 1.025771e-02 -2.445059e-01 4.485917e-02 1.058457e-01 2.517488e-03 7.423516e-03 6.634048e-03 2.017731e-01 1.726330e-02
1.965883e-02 1.039954e+00 1.411736e-01 1.907616e-01 2.986453e-02 -2.872927e-01 4.767529e-02 1.135474e-01 8.613957e-03 5.381476e-03 5.720411e-03 2.419741e-01 1.875932e-02
2.171274e-02 9.919406e-01 1.072532e-01 1.964097e-01 1.864530e-02 -2.488008e-01 3.223485e-02 1.313813e-01 5.808171e-03 4.645605e-03 7.538494e-03 2.256956e-01 7.016696e-03
2.435348e-02 1.165093e+00 1.907991e-01 2.117415e-01 2.910662e-02 -2.567969e-01 5.225083e-02 1.321725e-01 6.970160e-03 4.158691e-03 1.092948e-02 2.314627e-01 1.740566e-02
2.758105e-02 1.263860e+00 6.616753e-02 2.195788e-01 1.935304e-02 -3.140018e-01 1.363507e-02 1.411360e-01 7.361056e-03 -1.074098e-02 3.062401e-03 2.985114e-01 8.692474e-03
3.139545e-02 1.001127e+00 5.732069e-02 1.632670e-01 5.401837e-03 -2.254573e-01 3.206822e-02 1.623716e-01 9.703687e-03 1.831668e-02 4.961363e-03 2.988215e-01 1.515085e-02
4.694647e-03 6.527418e-01 1.044198e-01 1.135245e-01 2.225394e-02 -2.781111e-01 4.046567e-02 7.910448e-02 6.851039e-03 1.178859e-02 7.125950e-03 1.997936e-01 1.918620e-02
4.988062e-03 5.017691e-01 4.037162e-02 1.046023e-01 1.311743e-02 -1.924734e-01 1.740157e-02 7.475374e-02 5.601533e-03 1.381666e-02 4.543700e-03 1.502186e-01 9.891668e-03
5.868309e-03 6.351283e-01 1.176759e-01 1.188483e-01 2.292526e-02 -2.463085e-01 4.690137e-02 7.798051e-02 4.016402e-03 1.059195e-02 1.081220e-02 1.800713e-01 1.960906e-02
7.335386e-03 5.743567e-01 7.615918e-02 1.111591e-01 1.082148e-02 -2.077546e-01 3.521763e-02 7.887736e-02 6.285885e-03 1.643607e-02 6.969513e-03 1.636897e-01 1.299400e-02
9.389294e-03 7.248258e-01 1.284274e-01 1.404968e-01 2.580002e-02 -2.499244e-01 5.514736e-02 8.632825e-02 4.563156e-03 6.197447e-03 1.107029e-02 1.789803e-01 2.452779e-02
1.203003e-02 8.349795e-01 1.861972e-01 1.593139e-01 1.811446e-02 -2.803827e-01 8.135844e-02 9.963548e-02 3.105058e-03 5.399060e-03 8.754899e-03 2.070087e-01 3.740484e-02
1.525760e-02 9.230779e-01 1.173367e-01 1.612845e-01 1.923930e-02 -2.783852e-01 3.487092e-02 9.930491e-02 5.974653e-03 7.153838e-03 7.294928e-03 2.115599e-01 8.204019e-03
1.907200e-02 9.023036e-01 9.458889e-02 1.692542e-01 2.314135e-02 -2.329010e-01 2.594452e-02 1.082175e-01 4.446240e-03 2.666323e-03 6.338916e-03 2.013338e-01 1.302838e-02
4.988062e-03 6.537991e-01 1.571448e-01 1.280966e-01 2.344928e-02 -2.626962e-01 6.976095e-02 7.499730e-02 2.743175e-03 -1.668621e-04 1.204517e-02 1.812737e-01 3.026853e-02
5.281478e-03 4.984106e-01 5.198184e-02 9.969267e-02 1.697129e-02 -1.985801e-01 2.106121e-02 7.496760e-02 4.412148e-03 1.550482e-02 5.739731e-03 1.584266e-01 1.346737e-02
6.161724e-03 7.026851e-01 8.683498e-02 1.413538e-01 1.470359e-02 -2.625375e-01 3.768565e-02 8.741059e-02 4.094840e-03 6.453380e-03 4.880510e-03 1.853888e-01 1.923711e-02
7.628801e-03 5.740732e-01 8.156151e-02 1.003305e-01 2.242552e-02 -2.162400e-01 2.235326e-02 7.523566e-02 5.907232e-03 1.762694e-02 5.470819e-03 1.669632e-01 1.135183e-02
9.682709e-03 6.003400e-01 8.864312e-02 1.181875e-01 1.890160e-02 -1.988241e-01 3.709893e-02 8.272023e-02 3.750506e-03 1.828651e-02 8.838950e-03 1.673186e-01 1.447803e-02
1.232345e-02 8.301217e-01 7.278975e-02 1.772463e-01 8.105786e-03 -2.336989e-01 3.002980e-02 1.009498e-01 4.344054e-03 1.869759e-03 5.423889e-03 1.748259e-01 1.199256e-02
1.555102e-02 9.043121e-01 9.967933e-02 1.797873e-01 2.375435e-02 -2.502961e-01 2.661437e-02 1.103380e-01 7.100019e-03 9.762049e-03 6.132156e-03 1.964880e-01 9.577780e-03
1.936542e-02 8.595298e-01 6.752386e-02 1.464710e-01 6.053107e-03 -2.502733e-01 2.869071e-02 1.114169e-01 3.661547e-03 1.575893e-02 5.606789e-03 2.302489e-01 1.490021e-02
5.868309e-03 5.802481e-01 1.195481e-01 1.029830e-01 1.886895e-02 -2.383182e-01 5.271439e-02 7.469978e-02 4.961049e-03 1.638151e-02 6.801590e-03 1.853051e-01 2.730714e-02
6.161724e-03 5.454140e-01 8.957961e-02 1.162730e-01 1.339885e-02 -1.935217e-01 4.394545e-02 8.078860e-02 2.017812e-03 1.530558e-02 6.046167e-03 1.524500e-01 2.223776e-02
7.041970e-03 5.965641e-01 9.179144e-02 1.298165e-01 2.139879e-02 -2.069182e-01 2.909431e-02 9.195130e-02 6.017363e-03 1.658410e-02 6.689456e-03 1.644849e-01 1.060404e-02
8.509048e-03 5.633974e-01 4.698615e-02 1.254003e-01 1.240198e-02 -1.798769e-01 1.338595e-02 8.716060e-02 4.426484e-03 1.521291e-02 4.588448e-03 1.483692e-01 8.500428e-03
1.056296e-02 7.448224e-01 6.030060e-02 1.591537e-01 1.224303e-02 -2.321039e-01 2.568127e-02 9.668116e-02 6.973220e-03 6.678581e-03 5.391140e-03 1.752414e-01 1.158915e-02
1.320369e-02 7.114415e-01 6.882851e-02 1.287870e-01 1.148397e-02 -2.220230e-01 2.555433e-02 9.172316e-02 5.861847e-03 1.698642e-02 3.533689e-03 1.882221e-01 1.103944e-02
1.643126e-02 8.689883e-01 1.343383e-01 1.815889e-01 2.457032e-02 -2.171701e-01 4.055220e-02 1.149298e-01 5.365203e-03 1.268408e-02 9.748271e-03 1.885559e-01 1.257923e-02
2.024566e-02 9.090621e-01 9.058458e-02 1.685057e-01 2.139609e-02 -2.456402e-01 2.420655e-02 1.087658e-01 6.714688e-03 2.083446e-03 5.270586e-03 2.187229e-01 1.610914e-02
7.335386e-03 6.747195e-01 1.233932e-01 1.363556e-01 1.763011e-02 -2.505278e-01 5.530406e-02 8.640450e-02 4.642222e-03 9.100636e-03 7.217965e-03 1.898824e-01 2.797537e-02
7.628801e-03 5.590869e-01 6.322951e-02 1.144892e-01 8.228224e-03 -1.986465e-01 3.137213e-02 8.309373e-02 1.034630e-03 1.782602e-02 6.941040e-03 1.637227e-01 1.173264e-02
8.509048e-03 6.965138e-01 7.854317e-02 1.362978e-01 2.390564e-02 -2.549121e-01 2.252968e-02 8.430385e-02 8.041697e-03 5.266659e-03 5.627322e-03 1.861955e-01 1.023275e-02
9.976125e-03 6.951341e-01 1.182069e-01 1.417634e-01 1.836381e-02 -2.238587e-01 4.665621e-02 8.943950e-02 4.444779e-03 1.008658e-02 9.080273e-03 1.740499e-01 1.379512e-02
1.203003e-02 7.612917e-01 1.060147e-01 1.431629e-01 2.612644e-02 -2.506150e-01 3.232564e-02 8.958967e-02 8.503543e-03 7.815825e-03 5.001461e-03 1.879242e-01 1.532523e-02
1.467077e-02 9.042681e-01 1.272534e-01 1.756874e-01 2.812030e-02 -2.710215e-01 3.705087e-02 1.078276e-01 6.856423e-03 7.762446e-03 9.045962e-03 2.089926e-01 1.163383e-02
1.789834e-02 8.572795e-01 6.259775e-02 1.662100e-01 1.507075e-02 -2.263002e-01 2.194380e-02 1.067616e-01 5.750130e-03 5.738832e-03 4.377239e-03 1.950163e-01 1.116828e-02
2.171274e-02 1.095724e+00 5.122360e-02 2.056918e-01 1.052914e-02 -2.892601e-01 2.149246e-02 1.241913e-01 5.013037e-03 -9.739094e-03 3.510802e-03 2.274981e-01 1.159915e-02
9.389294e-03 8.030858e-01 7.635650e-02 1.454353e-01 1.543514e-02 -2.981489e-01 2.569996e-02 8.783354e-02 2.533816e-03 5.640146e-03 6.046037e-03 2.121046e-01 1.148216e-02
9.682709e-03 5.755437e-01 5.245920e-02 1.110207e-01 1.303167e-02 -1.993023e-01 2.892822e-02 7.954844e-02 3.364898e-03 1.793471e-02 5.955657e-03 1.648316e-01 1.725631e-02
1.056296e-02 7.761625e-01 8.015482e-02 1.469393e-01 1.396570e-02 -2.617458e-01 3.224846e-02 8.842701e-02 4.871038e-03 6.429314e-03 3.720943e-03 1.936945e-01 1.407990e-02
1.203003e-02 6.964924e-01 8.245504e-02 1.210431e-01 1.698940e-02 -2.371161e-01 2.334217e-02 8.529571e-02 2.875589e-03 1.610066e-02 8.997882e-03 1.900066e-01 4.010609e-03
1.408394e-02 9.682612e-01 1.022067e-01 1.691515e-01 1.744753e-02 -3.015800e-01 2.950884e-02 9.635719e-02 4.446242e-03 1.118451e-03 5.734039e-03 2.065508e-01 1.102814e-02
1.672468e-02 1.029325e+00 1.063417e-01 1.864063e-01 1.590018e-02 -3.001856e-01 2.562978e-02 1.080662e-01 6.616256e-03 8.372491e-04 3.404545e-03 2.271936e-01 1.184875e-02
1.995225e-02 1.048873e+00 1.004639e-01 1.838965e-01 1.207230e-02 -2.929033e-01 3.669459e-02 1.216007e-01 4.403212e-03 7.152047e-03 8.448126e-03 2.360512e-01 1.092120e-02
2.376665e-02 8.805265e-01 4.230240e-02 1.669159e-01 1.218195e-02 -2.074644e-01 2.200765e-02 1.232862e-01 3.282824e-03 1.492642e-02 2.721887e-03 2.331513e-01 1.070931e-02
1.203003e-02 6.371090e-01 8.710963e-02 1.348641e-01 2.405632e-02 -1.928663e-01 2.848551e-02 9.492982e-02 6.567223e-03 1.489379e-02 7.337786e-03 1.708129e-01 1.854203e-02
1.232345e-02 7.976668e-01 6.992701e-02 1.496061e-01 1.294174e-02 -2.494354e-01 2.527972e-02 9.488671e-02 5.289007e-03 1.090620e-02 5.304005e-03 1.970734e-01 1.083067e-02
1.320369e-02 8.396315e-01 9.825790e-02 1.694638e-01 2.552702e-02 -2.442391e-01 3.170426e-02 9.789015e-02 7.217957e-03 4.932753e-03 6.847588e-03 1.834659e-01 1.159378e-02
1.467077e-02 7.242126e-01 1.103391e-01 1.201300e-01 9.566560e-03 -2.333002e-01 4.716050e-02 8.730166e-02 2.531292e-03 1.696785e-02 6.536996e-03 1.958975e-01 1.708354e-02
1.672468e-02 7.573472e-01 9.749931e-02 1.606874e-01 1.586829e-02 -1.810612e-01 3.182344e-02 1.103328e-01 5.350410e-03 1.705469e-02 6.112751e-03 1.803347e-01 1.646589e-02
1.936542e-02 9.169793e-01 9.633578e-02 1.787203e-01 2.333795e-02 -2.376271e-01 2.442681e-02 1.178651e-01 4.496567e-03 1.104567e-02 7.595524e-03 2.115104e-01 8.251025e-03
2.259299e-02 1.116143e+00 1.241250e-01 1.969358e-01 1.499846e-02 -2.821359e-01 4.065927e-02 1.277248e-01 4.329895e-03 7.780915e-03 4.786910e-03 2.482636e-01 1.745487e-02
2.640739e-02 1.088685e+00 6.887365e-02 1.863199e-01 2.186309e-02 -2.659406e-01 1.679499e-02 1.473176e-01 7.682500e-03 6.409315e-03 7.434506e-03 2.771173e-01 1.113591e-02
1.525760e-02 8.157128e-01 1.336916e-01 1.422662e-01 1.535946e-02 -2.434346e-01 4.673845e-02 9.422458e-02 2.945578e-03 1.148030e-02 8.076537e-03 2.002202e-01 1.400759e-02
1.555102e-02 8.228572e-01 8.169384e-02 1.654693e-01 1.519728e-02 -2.242638e-01 3.332200e-02 1.105085e-01 4.463342e-03 1.273290e-02 8.535893e-03 1.872827e-01 1.515536e-02
1.643126e-02 1.030361e+00 9.781833e-02 1.781087e-01 3.507079e-02 -3.225104e-01 1.596609e-02 1.096905e-01 8.100533e-03 2.103880e-03 9.881500e-03 2.422065e-01 8.604184e-03
1.789834e-02 8.182572e-01 6.644067e-02 1.376661e-01 1.645747e-02 -2.519995e-01 2.514426e-02 1.011471e-01 7.226084e-03 1.714953e-02 4.489984e-03 2.293060e-01 1.340796e-02
1.995225e-02 8.565894e-01 5.487666e-02 1.572498e-01 1.600480e-02 -2.124873e-01 1.858674e-02 1.153893e-01 8.005166e-03 1.680386e-02 5.609431e-03 2.050833e-01 7.709867e-03
2.259299e-02 1.082725e+00 4.666171e-02 2.037568e-01 1.928226e-02 -2.832759e-01 9.982535e-03 1.324828e-01 3.430124e-03 9.325145e-04 6.926476e-03 2.482282e-01 7.946566e-03
2.582056e-02 8.517258e-01 3.843872e-02 1.471630e-01 9.626234e-03 -2.123537e-01 1.748123e-02 1.328141e-01 7.228920e-03 1.218963e-02 1.284437e-03 2.553654e-01 1.397693e-02
2.963496e-02 1.156176e+00 1.383410e-01 1.797723e-01 3.482418e-02 -3.164060e-01 3.689702e-02 1.450978e-01 8.896998e-03 -6.360750e-03 1.379217e-02 3.122528e-01 7.748440e-03
1.907200e-02 8.764490e-01 9.963620e-02 1.742914e-01 2.925390e-02 -2.259703e-01 2.647238e-02 1.129837e-01 8.317999e-03 5.383362e-03 8.150071e-03 2.058325e-01 8.487923e-03
1.936542e-02 1.299239e+00 1.487843e-01 2.488542e-01 2.910260e-02 -3.213802e-01 3.740541e-02 1.297668e-01 7.320432e-03 -8.723589e-03 7.880647e-03 2.207401e-01 1.160784e-02
2.024566e-02 9.129519e-01 7.440380e-02 1.662639e-01 1.432071e-02 -2.337047e-01 4.387447e-02 1.161083e-01 6.771206e-03 1.304002e-02 4.432052e-03 2.075309e-01 2.243431e-02
2.171274e-02 1.156811e+00 3.303183e-02 2.064766e-01 5.877395e-03 -3.248251e-01 2.649360e-02 1.178600e-01 3.882353e-03 -1.043546e-02 7.544962e-03 2.425489e-01 1.279561e-02
2.376665e-02 1.172426e+00 9.153008e-02 2.132695e-01 2.180070e-02 -2.780179e-01 2.309795e-02 1.352423e-01 5.852643e-03 1.385980e-03 6.326964e-03 2.537643e-01 5.056886e-03
2.640739e-02 1.024369e+00 7.653686e-02 1.851592e-01 9.515128e-03 -2.503960e-01 3.473243e-02 1.529418e-01 6.928809e-03 6.045293e-03 9.902975e-03 2.624067e-01 3.122392e-03
2.963496e-02 1.213947e+00 4.396722e-02 2.191581e-01 1.477175e-02 -2.610558e-01 1.462211e-02 1.537554e-01 7.771117e-03 -6.798669e-04 3.002037e-03 2.788426e-01 1.623883e-02
3.344936e-02 1.036744e+00 5.430107e-02 1.990089e-01 2.099882e-02 -2.628822e-01 2.569911e-02 1.700877e-01 6.323763e-03 -1.575475e-02 9.798976e-03 3.581664e-01 2.000615e-02
7.335386e-03 7.094611e-01 1.190868e-01 1.476067e-01 2.642302e-02 -2.502259e-01 3.842045e-02 8.955326e-02 6.874807e-03 6.516426e-03 9.031606e-03 1.806825e-01 1.210477e-02
7.628801e-03 5.677221e-01 8.862737e-02 1.136176e-01 1.676299e-02 -2.014004e-01 3.974559e-02 8.177120e-02 2.529767e-03 1.894976e-02 8.200808e-03 1.653995e-01 1.965881e-02
8.509048e-03 5.781222e-01 5.019020e-02 1.247542e-01 1.457816e-02 -1.870338e-01 1.649473e-02 8.433611e-02 5.826202e-03 1.704517e-02 4.378301e-03 1.577646e-01 1.033662e-02
9.976125e-03 7.974265e-01 7.657663e-02 1.525573e-01 1.526198e-02 -2.678544e-01 2.450056e-02 8.750980e-02 6.430290e-03 5.659207e-04 3.033726e-03 1.820612e-01 1.299076e-02
1.203003e-02 6.696296e-01 7.640277e-02 1.443448e-01 1.794415e-02 -1.938386e-01 1.949870e-02 9.789462e-02 7.504960e-03 1.530275e-02 4.226546e-03 1.660571e-01 6.236188e-03
1.467077e-02 8.574002e-01 1.099848e-01 1.733916e-01 1.538324e-02 -2.424958e-01 3.657091e-02 1.065784e-01 4.004677e-03 7.845516e-03 7.775739e-03 1.956940e-01 1.378141e-02
1.789834e-02 7.578594e-01 3.251705e-02 1.434454e-01 1.064902e-02 -2.095639e-01 2.479995e-02 1.010718e-01 3.173808e-03 1.730930e-02 1.862451e-03 2.055338e-01 1.652578e-02
2.171274e-02 9.658337e-01 1.066221e-01 1.733209e-01 1.469445e-02 -2.486683e-01 3.572751e-02 1.241587e-01 7.124834e-03 1.332145e-02 1.560932e-03 2.427526e-01 1.143275e-02
7.628801e-03 7.434123e-01 1.118310e-01 1.515187e-01 2.172011e-02 -2.602600e-01 4.079356e-02 9.115032e-02 4.015738e-03 6.353479e-03 9.277705e-03 1.849163e-01 1.216521e-02
7.922217e-03 6.104771e-01 4.530993e-02 1.322278e-01 1.190706e-02 -1.938581e-01 1.309559e-02 8.385567e-02 5.975231e-03 1.046377e-02 1.913626e-03 1.436417e-01 6.401137e-03
8.802463e-03 7.994455e-01 1.389378e-01 1.536305e-01 2.337339e-02 -2.878180e-01 5.410088e-02 8.923102e-02 5.311651e-03 2.824599e-04 1.114083e-02 1.982397e-01 1.969925e-02
1.026954e-02 6.815643e-01 5.939773e-02 1.270096e-01 8.489914e-03 -2.386598e-01 3.089199e-02 8.618000e-02 4.085860e-03 1.262198e-02 3.124782e-03 1.902211e-01 1.950513e-02
1.232345e-02 7.910616e-01 3.723270e-02 1.612297e-01 5.919799e-03 -2.468774e-01 1.832401e-02 9.687890e-02 4.341861e-03 8.306285e-03 3.493319e-03 1.870038e-01 8.573347e-03
1.496419e-02 8.985974e-01 6.857131e-02 1.581194e-01 1.860636e-02 -2.744190e-01 1.931076e-02 1.048324e-01 7.886868e-03 1.029871e-02 8.908862e-03 2.007589e-01 2.768796e-03
1.819176e-02 9.640432e-01 1.230838e-01 1.687942e-01 1.396339e-02 -2.599691e-01 4.575364e-02 1.108262e-01 3.130843e-03 1.513496e-02 4.079321e-03 2.193149e-01 2.260119e-02
2.200616e-02 1.071252e+00 9.128999e-02 1.871504e-01 2.471656e-02 -3.038342e-01 1.828439e-02 1.155396e-01 4.071057e-03 -2.792232e-03 3.888918e-03 2.461686e-01 6.199112e-03
8.509048e-03 6.563839e-01 1.265117e-01 1.354644e-01 2.701669e-02 -2.341157e-01 4.569801e-02 8.191675e-02 6.290418e-03 3.509566e-03 8.001509e-03 1.733247e-01 1.918488e-02
8.802463e-03 8.044962e-01 5.332449e-02 1.456659e-01 1.327290e-02 -2.858038e-01 4.116625e-02 8.709751e-02 3.180352e-03 5.555341e-03 4.390824e-03 1.957379e-01 2.843020e-02
9.682709e-03 7.024174e-01 6.306291e-02 1.383595e-01 1.603238e-02 -2.322453e-01 2.145519e-02 8.938782e-02 3.936308e-03 1.080689e-02 3.970739e-03 1.780359e-01 9.973308e-03
1.114979e-02 9.829312e-01 2.262507e-01 2.028557e-01 3.893868e-02 -2.967384e-01 7.503496e-02 1.090546e-01 5.614188e-03 -1.442062e-03 1.555294e-02 1.969483e-01 2.278113e-02
1.320369e-02 9.575665e-01 1.863653e-01 1.718027e-01 2.299208e-02 -2.967572e-01 7.578961e-02 9.747938e-02 5.834408e-03 3.751075e-03 8.247246e-03 2.140181e-01 3.619050e-02
1.584443e-02 9.780345e-01 5.998920e-02 1.713859e-01 2.026371e-02 -2.901174e-01 1.342891e-02 1.056949e-01 4.476180e-03 6.946452e-03 7.443669e-03 2.144463e-01 4.844174e-03
1.907200e-02 9.528532e-01 8.102290e-02 1.601488e-01 2.282005e-02 -2.763853e-01 1.226967e-02 1.098657e-01 7.679314e-03 1.705802e-02 4.427245e-03 2.355047e-01 6.518383e-03
2.288640e-02 1.098627e+00 7.395384e-02 2.152486e-01 1.177222e-02 -2.777278e-01 1.682103e-02 1.395148e-01 7.915772e-03 -2.320047e-03 4.577313e-03 2.448688e-01 9.531771e-03
9.976125e-03 8.659635e-01 1.087263e-01 1.789599e-01 2.505714e-02 -2.954248e-01 3.898606e-02 9.782602e-02 6.779685e-03 -7.576648e-03 8.642002e-03 1.985473e-01 1.639474e-02
1.026954e-02 6.108695e-01 6.461363e-02 1.210813e-01 8.658553e-03 -2.072492e-01 3.240229e-02 8.990980e-02 2.569467e-03 1.972047e-02 6.346997e-03 1.748652e-01 1.493827e-02
1.114979e-02 7.754360e-01 9.592829e-02 1.571719e-01 2.412180e-02 -2.458564e-01 3.304286e-02 9.429909e-02 9.615435e-03 9.079646e-03 7.381940e-03 1.914616e-01 1.072267e-02
1.261686e-02 7.458084e-01 1.190193e-01 1.404991e-01 2.020422e-02 -2.482041e-01 4.944776e-02 9.376714e-02 4.599493e-03 9.453711e-03 7.467560e-03 1.952346e-01 2.101405e-02
1.467077e-02 9.884177e-01 1.318968e-01 1.880089e-01 2.119115e-02 -3.041482e-01 5.417388e-02 1.086233e-01 5.973985e-03 -2.095163e-03 7.739772e-03 2.107197e-01 2.131910e-02
1.731151e-02 9.277833e-01 1.572712e-01 1.791000e-01 4.012805e-02 -2.554017e-01 4.318070e-02 1.087154e-01 1.005218e-02 6.174220e-03 1.253415e-02 2.101704e-01 1.376999e-02
2.053908e-02 9.497391e-01 8.702628e-02 1.728587e-01 1.850393e-02 -2.520645e-01 3.298946e-02 1.191508e-01 2.520332e-03 9.566832e-03 5.449650e-03 2.184211e-01 1.447148e-02
2.435348e-02 1.278707e+00 1.289964e-01 1.865594e-01 3.511799e-02 -3.446786e-01 2.894490e-02 1.279426e-01 9.923307e-03 4.310409e-03 8.579197e-03 2.577367e-01 8.854311e-03
1.203003e-02 7.857544e-01 1.074390e-01 1.424392e-01 2.155256e-02 -2.540947e-01 3.735015e-02 8.767535e-02 2.864065e-03 7.354462e-03 8.695657e-03 1.841529e-01 1.727412e-02
1.232345e-02 9.688887e-01 1.047815e-01 2.017820e-01 1.806682e-02 -2.966038e-01 3.497277e-02 1.042290e-01 3.332888e-03 -3.291208e-03 8.390597e-03 2.075229e-01 1.334969e-02
1.320369e-02 6.925523e-01 8.674443e-02 1.333949e-01 9.791030e-03 -2.203597e-01 3.526552e-02 9.492996e-02 4.056957e-03 2.086595e-02 2.715534e-03 1.925406e-01 2.114971e-02
1.467077e-02 9.783606e-01 1.034529e-01 1.866971e-01 1.623923e-02 -2.967752e-01 3.183304e-02 1.017786e-01 2.954898e-03 -7.865670e-03 5.879368e-03 2.047670e-01 9.964316e-03
1.672468e-02 8.238891e-01 8.822165e-02 1.641698e-01 2.641392e-02 -2.099185e-01 2.129727e-02 1.116399e-01 4.813864e-03 1.463113e-02 8.373307e-03 1.897827e-01 6.921168e-03
1.936542e-02 9.408942e-01 9.477891e-02 1.666700e-01 1.453912e-02 -2.824652e-01 3.682635e-02 1.080052e-01 4.014017e-03 4.624644e-03 3.812003e-03 2.331340e-01 1.834228e-02
2.259299e-02 1.027619e+00 6.111865e-02 1.828906e-01 1.322594e-02 -2.516109e-01 9.138080e-03 1.177286e-01 3.702909e-03 -7.182182e-04 1.082639e-03 2.327756e-01 7.266593e-03
2.640739e-02 1.199888e+00 1.678192e-01 2.023623e-01 2.702102e-02 -2.894502e-01 3.603774e-02 1.385861e-01 8.521812e-03 8.055786e-04 5.905964e-03 2.791102e-01 1.438875e-02
1.467077e-02 9.754259e-01 8.856845e-02 1.757273e-01 1.654808e-02 -3.142140e-01 2.952249e-02 9.762064e-02 1.757959e-03 -2.768290e-03 7.937093e-03 2.282536e-01 9.739943e-03
1.496419e-02 9.869487e-01 1.169319e-01 1.764324e-01 2.490294e-02 -3.056419e-01 3.431961e-02 1.099937e-01 6.701244e-03 6.163730e-03 8.849024e-03 2.178886e-01 5.296220e-03
1.584443e-02 1.065329e+00 9.197039e-02 1.953280e-01 1.931730e-02 -3.033597e-01 3.308082e-02 1.124148e-01 6.536164e-03 4.955123e-03 8.898731e-03 2.205456e-01 1.098871e-02
1.731151e-02 1.024926e+00 5.466383e-02 1.889725e-01 8.514781e-03 -2.949957e-01 2.985264e-02 1.174213e-01 4.203396e-03 2.891658e-03 4.502361e-03 2.217820e-01 1.312218e-02
1.936542e-02 1.031190e+00 8.184483e-02 1.968211e-01 1.612023e-02 -2.717393e-01 2.613993e-02 1.115045e-01 4.700530e-03 -4.770479e-03 6.614660e-03 2.073948e-01 1.129801e-02
2.200616e-02 1.020075e+00 1.296278e-01 1.855072e-01 3.401956e-02 -2.566557e-01 3.237603e-02 1.261187e-01 9.114057e-03 6.518499e-03 1.097991e-02 2.312203e-01 9.629749e-03
2.523373e-02 1.124014e+00 9.977152e-02 2.085839e-01 2.315897e-02 -2.524578e-01 2.802914e-02 1.394439e-01 4.688513e-03 -5.201719e-03 1.278952e-02 2.444533e-01 7.325645e-03
2.904813e-02 1.058614e+00 1.096550e-01 2.218902e-01 2.108477e-02 -2.196184e-01 1.687713e-02 1.677685e-01 5.373929e-03 -4.341665e-04 8.896643e-03 2.736548e-01 6.663140e-03
1.789834e-02 9.508046e-01 1.102694e-01 1.924131e-01 3.174140e-02 -2.616967e-01 2.049914e-02 1.159638e-01 6.730135e-03 3.197830e-03 6.648969e-03 2.203878e-01 1.073513e-02
1.819176e-02 9.772300e-01 1.092202e-01 1.876077e-01 1.798380e-02 -2.674550e-01 3.378411e-02 1.134245e-01 6.231475e-03 1.841870e-03 5.967210e-03 2.183067e-01 1.124779e-02
1.907200e-02 1.001343e+00 5.535572e-02 1.872700e-01 1.260041e-02 -2.765567e-01 2.037807e-02 1.130746e-01 3.686105e-03 1.312333e-03 5.527474e-03 2.254040e-01 2.222881e-02
2.053908e-02 9.709477e-01 9.429440e-02 1.993060e-01 1.943275e-02 -2.453394e-01 2.477878e-02 1.241165e-01 6.300661e-03 2.480097e-03 6.783727e-03 2.219243e-01 9.422073e-03
2.259299e-02 9.828860e-01 6.013003e-02 1.693402e-01 1.027486e-02 -2.564416e-01 2.087366e-02 1.221068e-01 2.311627e-03 7.194302e-03 5.147746e-03 2.325869e-01 1.225450e-02
2.523373e-02 1.151433e+00 1.391365e-01 2.084181e-01 2.565423e-02 -2.507032e-01 3.517744e-02 1.403085e-01 7.420175e-03 5.551359e-03 9.206533e-03 2.624560e-01 1.066823e-02
2.846130e-02 1.063659e+00 7.858411e-02 1.832246e-01 1.292529e-02 -2.231629e-01 1.714762e-02 1.480377e-01 8.618164e-03 1.177205e-02 6.825561e-03 2.735999e-01 1.418546e-02
3.227570e-02 1.218018e+00 7.500412e-02 2.191818e-01 9.808745e-03 -2.761704e-01 1.813934e-02 1.846001e-01 7.746343e-03 -6.745854e-03 9.549777e-03 3.377960e-01 2.509220e-02
2.171274e-02 1.059435e+00 6.663700e-02 1.969261e-01 1.206508e-02 -2.590709e-01 3.103812e-02 1.285121e-01 5.420358e-03 1.132622e-02 6.205276e-03 2.354320e-01 1.922179e-02
2.200616e-02 9.400851e-01 7.651117e-02 1.762670e-01 1.946828e-02 -2.386941e-01 1.992864e-02 1.200374e-01 6.231460e-03 2.113383e-03 5.895783e-03 2.205969e-01 5.793655e-03
2.288640e-02 9.941643e-01 5.979034e-02 1.627298e-01 1.454338e-02 -2.736053e-01 2.682326e-02 1.136359e-01 7.680122e-03 6.023757e-03 5.116845e-03 2.371113e-01 1.132089e-02
2.435348e-02 1.066785e+00 1.319566e-01 1.851827e-01 1.877873e-02 -2.556588e-01 4.295020e-02 1.290497e-01 6.125755e-03 7.531471e-03 7.351760e-03 2.522103e-01 1.391973e-02
2.640739e-02 9.527745e-01 6.870568e-02 1.515269e-01 1.007355e-02 -2.474396e-01 2.883948e-02 1.265856e-01 7.187037e-03 1.126413e-02 6.829580e-03 2.798147e-01 1.569243e-02
2.904813e-02 1.160204e+00 5.421558e-02 2.303178e-01 2.000884e-02 -2.399576e-01 3.134488e-02 1.534111e-01 7.534073e-03 -8.581668e-03 2.831325e-03 2.796192e-01 1.774903e-02
3.227570e-02 1.054246e+00 7.394502e-02 1.925827e-01 3.024170e-02 -2.450771e-01 9.087645e-03 1.739306e-01 1.354003e-02 -1.059482e-02 1.040258e-02 3.057239e-01 1.364981e-02
3.609010e-02 1.198119e+00 5.881935e-02 2.011562e-01 6.585281e-03 -2.951104e-01 2.454136e-02 1.976358e-01 3.615144e-03 -2.792784e-02 1.198865e-02 3.642226e-01 1.742835e-02
1.056296e-02 6.827550e-01 6.581805e-02 1.182602e-01 1.652092e-02 -2.518431e-01 2.120434e-02 7.833283e-02 6.774954e-03 8.074939e-03 2.480905e-03 1.921815e-01 1.169122e-02
1.085637e-02 6.981472e-01 8.399114e-02 1.255962e-01 2.497253e-02 -2.394246e-01 1.919256e-02 8.649604e-02 9.825988e-03 1.590929e-02 4.160752e-03 1.907199e-01 1.054769e-02
1.173662e-02 7.911088e-01 9.762671e-02 1.463649e-01 1.332811e-02 -2.471442e-01 3.886317e-02 8.883136e-02 1.109657e-03 1.148790e-02 6.559924e-03 1.870917e-01 1.541484e-02
1.320369e-02 8.837469e-01 1.171851e-01 1.696625e-01 2.723590e-02 -2.834904e-01 3.082526e-02 9.740128e-02 7.631991e-03 3.434751e-03 5.439268e-03 2.121301e-01 1.512324e-02
1.525760e-02 9.463613e-01 1.146907e-01 1.732000e-01 2.637288e-02 -2.849425e-01 3.265942e-02 9.847293e-02 8.729395e-03 -3.724629e-03 4.642550e-03 2.069967e-01 1.479819e-02
1.789834e-02 1.024939e+00 1.442047e-01 1.797333e-01 2.455962e-02 -3.032709e-01 4.567781e-02 1.085216e-01 2.972328e-03 -1.205628e-03 7.918487e-03 2.288038e-01 1.763434e-02
2.112591e-02 1.062625e+00 7.529046e-03 1.893130e-01 6.888321e-03 -2.386655e-01 1.530821e-02 1.169151e-01 4.438159e-03 1.042369e-02 4.017499e-03 2.122020e-01 7.889696e-03
2.494031e-02 1.036737e+00 7.906139e-02 1.687575e-01 2.484047e-02 -2.478178e-01 2.602822e-02 1.246621e-01 8.877908e-03 1.536891e-02 6.245942e-03 2.599716e-01 1.551795e-02
1.085637e-02 6.300928e-01 6.492120e-02 1.255498e-01 6.697806e-03 -2.050037e-01 3.200826e-02 9.215652e-02 3.267848e-03 2.069075e-02 4.584269e-03 1.807026e-01 1.313232e-02
1.114979e-02 8.092072e-01 1.089997e-01 1.444118e-01 2.086024e-02 -2.807844e-01 4.015319e-02 8.500396e-02 7.850795e-03 4.017788e-03 6.848422e-03 2.035075e-01 1.516755e-02
1.203003e-02 8.813017e-01 1.056225e-01 1.835329e-01 2.966256e-02 -2.712143e-01 3.032601e-02 1.050147e-01 7.390910e-03 -1.797538e-04 6.390538e-03 1.904190e-01 1.206005e-02
1.349711e-02 9.209191e-01 1.135426e-01 1.762416e-01 2.535853e-02 -2.862697e-01 3.359124e-02 1.023290e-01 7.420760e-03 5.406437e-03 7.230913e-03 2.092317e-01 1.342426e-02
1.555102e-02 1.067237e+00 1.841560e-01 2.040727e-01 2.247766e-02 -3.093259e-01 7.757393e-02 1.130145e-01 4.436440e-03 -2.226814e-03 1.039108e-02 2.149943e-01 3.377307e-02
1.819176e-02 1.024604e+00 9.844000e-02 1.794644e-01 1.573951e-02 -2.890718e-01 3.662154e-02 1.054399e-01 4.988636e-03 -1.866744e-04 6.247262e-03 2.145957e-01 1.471961e-02
2.141933e-02 1.009566e+00 1.328312e-01 1.901323e-01 1.858942e-02 -2.358030e-01 4.625573e-02 1.222927e-01 3.802564e-03 1.237365e-02 8.572958e-03 2.274309e-01 1.650307e-02
2.523373e-02 1.222778e+00 7.609142e-02 2.331537e-01 2.456948e-02 -2.971830e-01 2.874278e-02 1.505349e-01 9.236952e-03 -4.265023e-04 6.412981e-03 2.648669e-01 8.798799e-03
1.173662e-02 8.043765e-01 1.751755e-01 1.630666e-01 3.202133e-02 -2.628268e-01 5.937715e-02 9.576772e-02 4.958537e-03 1.013730e-04 1.326218e-02 1.865915e-01 2.122456e-02
1.203003e-02 8.344342e-01 8.781621e-02 1.600135e-01 2.099491e-02 -2.703900e-01 2.374658e-02 9.671880e-02 6.498109e-03 3.266423e-03 8.894550e-03 1.930973e-01 5.930968e-03
1.291028e-02 7.799912e-01 1.105620e-01 1.355911e-01 2.458217e-02 -2.714608e-01 3.943780e-02 8.915976e-02 7.396782e-03 4.621680e-03 6.005250e-03 2.075310e-01 1.905937e-02
1.437736e-02 7.566717e-01 6.895135e-02 1.398762e-01 5.785399e-03 -2.318078e-01 3.619860e-02 9.720956e-02 4.972465e-03 1.652170e-02 5.210945e-03 1.960222e-01 1.417797e-02
1.643126e-02 7.931190e-01 4.643609e-02 1.510903e-01 7.709107e-03 -2.160333e-01 1.186420e-02 1.037711e-01 4.310113e-03 1.209056e-02 4.346562e-03 1.868619e-01 7.215279e-03
1.907200e-02 7.141019e-01 8.177543e-02 1.174127e-01 1.302685e-02 -1.976404e-01 3.130915e-02 9.983075e-02 5.263914e-03 2.366944e-02 4.584398e-03 2.037527e-01 1.048807e-02
2.229957e-02 1.391582e+00 1.361640e-01 2.435752e-01 2.235089e-02 -3.747319e-01 3.208689e-02 1.306686e-01 6.414158e-03 -1.366488e-02 6.504290e-03 2.631718e-01 8.062724e-03
2.611397e-02 1.057454e+00 4.169690e-02 1.932101e-01 1.092177e-02 -2.639670e-01 2.535760e-02 1.481996e-01 5.691246e-03 1.562158e-02 7.874647e-03 2.844108e-01 6.678691e-03
1.320369e-02 9.440189e-01 1.464009e-01 1.747812e-01 2.971987e-02 -2.915354e-01 4.730996e-02 9.975971e-02 6.880851e-03 1.210475e-03 8.988473e-03 2.035800e-01 1.749947e-02
1.349711e-02 8.551016e-01 6.123442e-02 1.464004e-01 9.359150e-03 -2.799403e-01 2.567022e-02 9.446649e-02 3.733291e-03 1.322870e-02 4.415451e-03 2.242604e-01 1.876956e-02
1.437736e-02 8.648649e-01 5.755517e-02 1.684955e-01 1.201130e-02 -2.686095e-01 2.440985e-02 9.943052e-02 5.999229e-03 5.637746e-03 6.692400e-03 2.074549e-01 1.097160e-02
1.584443e-02 6.636657e-01 1.103666e-01 1.379197e-01 1.986241e-02 -1.797184e-01 2.824675e-02 1.006414e-01 2.875965e-03 1.486596e-02 8.602224e-03 1.695208e-01 9.978844e-03
1.789834e-02 7.621275e-01 4.331528e-02 1.318635e-01 1.151241e-02 -2.264718e-01 1.762707e-02 9.808279e-02 7.039851e-03 1.576044e-02 4.274902e-03 2.015732e-01 1.266908e-02
2.053908e-02 1.088537e+00 1.325813e-01 1.883389e-01 2.567908e-02 -2.936806e-01 4.400727e-02 1.236588e-01 7.434365e-03 8.748128e-03 5.439481e-03 2.362780e-01 1.805126e-02
2.376665e-02 1.021994e+00 1.431586e-01 1.803157e-01 2.339772e-02 -2.437648e-01 2.776633e-02 1.274489e-01 4.299816e-03 1.367780e-02 1.065077e-02 2.586479e-01 1.253499e-02
2.758105e-02 1.102319e+00 1.218956e-01 1.700967e-01 1.712052e-02 -2.784221e-01 4.690012e-02 1.460089e-01 9.122510e-03 7.427970e-03 5.461552e-03 2.883205e-01 1.968946e-02
1.525760e-02 9.607482e-01 1.312032e-01 1.856295e-01 3.072456e-02 -2.855598e-01 3.749137e-02 1.104372e-01 6.667491e-03 3.401445e-03 9.285031e-03 2.110674e-01 1.530999e-02
1.555102e-02 8.221362e-01 7.710773e-02 1.496665e-01 1.613771e-02 -2.479845e-01 3.005799e-02 1.010296e-01 3.883229e-03 1.124535e-02 8.144687e-03 2.015301e-01 1.433538e-02
1.643126e-02 8.354084e-01 3.884261e-02 1.621491e-01 1.395849e-02 -2.242988e-01 2.217761e-02 1.028031e-01 5.485940e-03 9.310625e-03 2.248538e-03 1.877457e-01 1.037404e-02
1.789834e-02 1.002797e+00 1.301713e-01 1.739283e-01 2.847254e-02 -2.993573e-01 4.607516e-02 1.084138e-01 7.434610e-03 1.138434e-04 8.557804e-03 2.229527e-01 2.058565e-02
1.995225e-02 1.087443e+00 1.303087e-01 1.890603e-01 2.754620e-02 -2.927776e-01 3.614356e-02 1.192478e-01 7.315479e-03 6.028304e-03 6.693656e-03 2.361163e-01 1.731606e-02
2.259299e-02 1.157435e+00 1.097694e-01 2.116836e-01 2.846667e-02 -3.106215e-01 5.464967e-02 1.287356e-01 8.348176e-03 -2.148040e-03 1.031624e-02 2.642127e-01 2.405806e-02
2.582056e-02 1.006077e+00 4.728827e-02 1.753912e-01 1.139555e-02 -2.456475e-01 1.556782e-02 1.315603e-01 4.411628e-03 7.585699e-03 8.243398e-03 2.662246e-01 7.696623e-03
2.963496e-02 1.020216e+00 7.865510e-02 1.552333e-01 1.498583e-02 -2.424692e-01 2.042761e-02 1.488055e-01 6.530568e-03 1.527997e-02 3.593582e-03 2.803302e-01 1.293026e-02
1.789834e-02 1.141587e+00 6.571445e-02 1.978103e-01 8.063528e-03 -3.257480e-01 2.195404e-02 1.137491e-01 2.731299e-03 2.177999e-03 4.250659e-03 2.401700e-01 6.680412e-03
1.819176e-02 8.332839e-01 4.388882e-02 1.622399e-01 1.787760e-02 -2.237084e-01 1.861686e-02 1.071888e-01 1.065754e-02 1.307127e-02 4.706609e-03 2.171094e-01 1.377902e-02
1.907200e-02 1.095038e+00 1.341003e-01 2.017951e-01 1.650020e-02 -3.099614e-01 5.136963e-02 1.130656e-01 3.789812e-03 -8.952447e-03 9.119520e-03 2.340019e-01 1.770889e-02
2.053908e-02 1.174085e+00 1.234576e-01 2.173674e-01 2.459360e-02 -3.099061e-01 4.232841e-02 1.243104e-01 9.282384e-03 1.016876e-05 7.306311e-03 2.497707e-01 1.858884e-02
2.259299e-02 1.095329e+00 4.346397e-02 1.898757e-01 3.536432e-03 -2.989831e-01 2.442981e-02 1.285571e-01 2.701119e-03 3.145669e-03 7.332073e-03 2.555706e-01 1.553832e-02
2.523373e-02 1.050552e+00 7.418693e-02 1.704834e-01 7.590620e-03 -2.713300e-01 3.665361e-02 1.304694e-01 5.286551e-03 2.280378e-03 4.850166e-03 2.528696e-01 2.384233e-02
2.846130e-02 9.994848e-01 3.441131e-02 1.976373e-01 1.352161e-02 -1.982269e-01 1.269207e-02 1.594565e-01 8.642036e-03 7.636755e-03 4.426630e-03 2.542287e-01 1.096575e-02
3.227570e-02 1.190367e+00 1.457441e-01 2.086679e-01 3.615320e-02 -2.583649e-01 4.775476e-02 1.804659e-01 8.699964e-03 -1.044837e-02 1.377865e-02 3.436131e-01 5.569820e-03
2.112591e-02 1.080772e+00 9.481460e-02 2.232202e-01 1.552648e-02 -2.520072e-01 3.761246e-02 1.326438e-01 4.260387e-03 1.505865e-03 7.676659e-03 2.201092e-01 1.306052e-02
2.141933e-02 9.959721e-01 1.019111e-01 1.917600e-01 2.331689e-02 -2.340395e-01 2.684084e-02 1.289010e-01 6.400347e-03 1.286770e-02 9.993523e-03 2.160663e-01 1.512215e-02
2.229957e-02 9.038560e-01 1.040157e-01 1.710962e-01 1.857788e-02 -2.077048e-01 3.042210e-02 1.187696e-01 5.225223e-03 6.925733e-03 4.708058e-03 2.210374e-01 1.105515e-02
2.376665e-02 1.203697e+00 7.698075e-02 2.014415e-01 2.084376e-02 -3.011523e-01 1.828272e-02 1.294354e-01 7.435864e-03 3.083961e-03 4.954519e-03 2.601021e-01 1.019754e-02
2.582056e-02 9.697936e-01 2.901766e-02 1.644199e-01 1.854694e-02 -2.371200e-01 1.880451e-02 1.365921e-01 6.868641e-03 1.529256e-02 5.615514e-03 2.666453e-01 7.342776e-03
2.846130e-02 1.093490e+00 8.886873e-02 1.842274e-01 2.018150e-02 -2.513974e-01 3.513024e-02 1.497639e-01 5.075608e-03 1.180263e-02 9.783193e-03 2.875948e-01 1.721410e-02
3.168887e-02 1.160830e+00 7.409287e-02 2.237970e-01 1.400053e-02 -2.357546e-01 2.523683e-02 1.685642e-01 2.312016e-03 -4.933610e-03 1.190859e-02 3.235688e-01 1.369976e-02
3.550327e-02 9.090268e-01 2.409717e-02 1.822100e-01 1.122763e-02 -1.749886e-01 1.920418e-02 1.896751e-01 6.373589e-03 -1.400666e-02 1.045798e-02 3.186214e-01 1.364441e-02
2.494031e-02 1.147260e+00 1.114325e-01 2.041051e-01 2.264858e-02 -2.734725e-01 2.148872e-02 1.366298e-01 8.432897e-03 -2.211597e-04 4.958056e-03 2.513969e-01 1.280206e-02
2.523373e-02 9.708752e-01 8.318586e-02 1.604101e-01 4.317598e-03 -2.370618e-01 2.801364e-02 1.310171e-01 5.909282e-03 1.317676e-02 4.325964e-03 2.397077e-01 7.409047e-03
2.611397e-02 1.158383e+00 5.971412e-02 2.088726e-01 1.144153e-02 -3.071972e-01 2.487892e-02 1.357165e-01 3.833651e-03 -1.498774e-02 5.728695e-03 2.719572e-01 1.383073e-02
2.758105e-02 1.133641e+00 6.214571e-02 2.019920e-01 9.298533e-03 -2.484836e-01 1.054901e-02 1.494992e-01 5.354394e-03 7.361977e-03 9.016142e-03 2.758456e-01 2.048718e-02
2.963496e-02 1.000564e+00 9.677057e-02 1.504472e-01 1.227551e-02 -2.400663e-01 3.552836e-02 1.429694e-01 5.267858e-03 2.302710e-04 7.388552e-03 2.803589e-01 1.018694e-02
3.227570e-02 1.153263e+00 7.975313e-02 1.904931e-01 1.676036e-02 -2.954506e-01 2.563046e-02 1.569013e-01 1.165895e-02 -1.272192e-02 8.204790e-03 3.289150e-01 1.201864e-02
3.550327e-02 1.057528e+00 4.036338e-02 1.669043e-01 8.935776e-03 -2.234983e-01 1.493735e-02 1.842344e-01 6.480442e-03 -8.939550e-04 8.786699e-03 3.474843e-01 9.033874e-03
3.931767e-02 1.031024e+00 1.265988e-01 1.938558e-01 2.227508e-02 -1.707015e-01 3.431946e-02 2.468026e-01 9.778622e-03 -3.230334e-02 8.912715e-03 3.744152e-01 1.193204e-02
1.437736e-02 9.193417e-01 1.432385e-01 1.708345e-01 2.450603e-02 -2.767858e-01 5.138296e-02 1.051829e-01 7.896601e-03 8.189752e-03 8.960661e-03 2.083548e-01 1.478133e-02
1.467077e-02 8.866411e-01 9.326959e-02 1.541188e-01 2.001377e-02 -2.750119e-01 2.827897e-02 9.414222e-02 7.587919e-03 8.646077e-03 7.831205e-03 2.165107e-01 8.954672e-03
1.555102e-02 1.004150e+00 9.094362e-02 1.829614e-01 1.304147e-02 -2.944196e-01 3.794428e-02 9.902549e-02 1.634546e-03 1.848346e-03 1.021969e-02 2.198474e-01 1.180299e-02
1.701810e-02 8.723909e-01 8.782704e-02 1.649591e-01 2.321635e-02 -2.458371e-01 2.879638e-02 1.086012e-01 4.935908e-03 1.438672e-02 1.091237e-02 2.078388e-01 9.025362e-03
1.907200e-02 9.422478e-01 1.143688e-01 1.656335e-01 2.989205e-02 -2.652079e-01 3.163566e-02 1.127151e-01 7.578024e-03 9.909180e-03 9.221448e-03 2.302760e-01 9.950165e-03
2.171274e-02 8.589230e-01 8.476468e-02 1.442493e-01 1.706835e-02 -2.179751e-01 2.572320e-02 1.104428e-01 4.271542e-03 1.512626e-02 9.776395e-03 2.211997e-01 8.733001e-03
2.494031e-02 1.130416e+00 8.284049e-02 1.942575e-01 1.966439e-02 -2.833190e-01 3.151105e-02 1.271069e-01 5.601810e-03 -5.329968e-03 4.690160e-03 2.527698e-01 1.620104e-02
2.875471e-02 1.042058e+00 6.223174e-02 1.799866e-01 3.000068e-02 -2.393912e-01 2.731323e-02 1.528633e-01 1.388043e-02 6.853864e-03 4.699245e-03 2.768775e-01 2.381331e-02
1.467077e-02 6.994007e-01 8.089101e-02 1.287277e-01 1.271711e-02 -2.178673e-01 2.826502e-02 9.206249e-02 3.261101e-03 1.774666e-02 3.906277e-03 1.942659e-01 1.097358e-02
1.496419e-02 8.032291e-01 1.655790e-02 1.408364e-01 1.195271e-02 -2.649642e-01 8.345952e-03 9.285619e-02 2.511752e-03 5.821430e-03 4.959003e-03 1.968518e-01 5.330623e-03
1.584443e-02 9.460227e-01 6.538598e-02 1.759076e-01 1.711850e-02 -2.900684e-01 1.462208e-02 1.050825e-01 4.008523e-03 1.229038e-03 3.565799e-03 2.158326e-01 9.658655e-03
1.731151e-02 1.134771e+00 1.956894e-01 2.020361e-01 2.869018e-02 -3.098803e-01 7.000316e-02 1.146678e-01 4.520695e-03 -3.106125e-03 1.559852e-02 2.031240e-01 2.184884e-02
1.936542e-02 1.015992e+00 7.600710e-02 1.835026e-01 1.653220e-02 -2.727973e-01 1.500509e-02 1.151404e-01 5.741105e-03 7.834639e-03 2.128324e-03 2.377007e-01 1.068737e-02
2.200616e-02 9.316036e-01 6.023116e-02 1.591120e-01 6.999928e-03 -2.375484e-01 2.784168e-02 1.218621e-01 5.364453e-03 2.115588e-02 4.646243e-03 2.419547e-01 7.713095e-03
2.523373e-02 1.037826e+00 1.983361e-01 1.990802e-01 4.830972e-02 -2.421027e-01 5.635052e-02 1.418600e-01 1.563417e-02 7.489876e-03 1.275090e-02 2.434369e-01 1.283410e-02
2.904813e-02 1.188195e+00 1.120092e-01 2.085004e-01 1.935975e-02 -2.948224e-01 3.760852e-02 1.513898e-01 8.733896e-03 -1.634905e-02 4.566011e-03 2.926763e-01 1.145451e-02
1.555102e-02 8.118207e-01 6.971199e-02 1.533625e-01 1.635482e-02 -2.429301e-01 1.209238e-02 9.939691e-02 8.559753e-03 9.380368e-03 3.868308e-03 2.001557e-01 3.130165e-03
1.584443e-02 9.018235e-01 1.056158e-01 1.736605e-01 1.424565e-02 -2.461557e-01 3.996170e-02 1.079852e-01 3.433620e-03 9.695186e-03 7.144783e-03 1.913134e-01 1.506672e-02
1.672468e-02 8.848962e-01 7.398916e-02 1.598961e-01 1.404340e-02 -2.557036e-01 2.048114e-02 9.938130e-02 1.723495e-03 1.321643e-03 5.873338e-03 1.993951e-01 6.612926e-03
1.819176e-02 1.119535e+00 1.717778e-01 2.004568e-01 2.314374e-02 -3.069775e-01 6.097836e-02 1.137906e-01 6.433891e-03 -3.626460e-04 7.824812e-03 2.268306e-01 2.478061e-02
2.024566e-02 1.018205e+00 5.200727e-02 1.868774e-01 1.431816e-02 -2.864613e-01 2.261876e-02 1.179215e-01 7.368027e-03 -1.139986e-03 2.683571e-03 2.299131e-01 1.294510e-02
2.288640e-02 1.085747e+00 1.055381e-01 2.028678e-01 2.226538e-02 -2.822582e-01 1.577523e-02 1.270007e-01 5.420412e-03 -1.999791e-03 7.438271e-03 2.432580e-01 4.585482e-03
2.611397e-02 1.105515e+00 8.818116e-02 1.941581e-01 1.998746e-02 -2.543797e-01 1.556634e-02 1.472725e-01 1.189725e-02 1.317433e-02 3.287464e-03 2.654087e-01 1.230422e-02
2.992837e-02 9.639862e-01 7.994039e-02 1.723367e-01 1.674744e-02 -2.239168e-01 2.296238e-02 1.577126e-01 8.703060e-03 1.753786e-02 6.776203e-03 3.186574e-01 7.693266e-03
1.701810e-02 7.509927e-01 3.519024e-02 1.560142e-01 3.611961e-03 -2.105214e-01 1.633876e-02 1.041753e-01 3.534318e-03 7.269408e-03 3.021283e-03 1.824414e-01 6.014956e-03
1.731151e-02 1.137578e+00 1.251528e-01 2.187567e-01 2.061020e-02 -3.390588e-01 4.442411e-02 1.159421e-01 5.157019e-03 -7.810199e-03 6.413826e-03 2.424318e-01 1.725558e-02
1.819176e-02 9.607000e-01 8.703014e-02 1.837346e-01 2.264357e-02 -2.690626e-01 2.374271e-02 1.141584e-01 7.555902e-03 2.983553e-03 3.331471e-03 2.162723e-01 1.381772e-02
1.965883e-02 1.094271e+00 2.560149e-01 1.980979e-01 4.776485e-02 -2.855829e-01 6.507948e-02 1.244165e-01 1.279983e-02 4.235441e-03 9.822397e-03 2.204462e-01 1.930412e-02
2.171274e-02 8.681776e-01 1.045402e-01 1.647587e-01 2.047376e-02 -2.292321e-01 3.242710e-02 1.138016e-01 5.479224e-03 4.458568e-03 8.525773e-03 2.097620e-01 1.152222e-02
2.435348e-02 9.334359e-01 2.711688e-02 1.425393e-01 1.173469e-02 -2.599000e-01 1.410509e-02 1.104323e-01 7.671646e-03 3.215500e-03 6.970665e-03 2.440210e-01 1.446867e-02
2.758105e-02 1.065782e+00 8.952324e-02 2.214391e-01 2.427729e-02 -2.456598e-01 3.361387e-02 1.534775e-01 1.165657e-02 -5.826092e-03 8.057552e-03 2.603557e-01 1.013671e-02
3.139545e-02 1.214654e+00 5.354331e-02 2.184142e-01 2.898187e-03 -2.549310e-01 2.059269e-02 1.617257e-01 4.724241e-03 -8.121832e-03 4.027747e-03 2.985553e-01 1.287889e-02
1.907200e-02 8.068734e-01 6.529825e-02 1.604890e-01 2.104058e-02 -2.106980e-01 1.078415e-02 1.176095e-01 3.064744e-03 2.024129e-02 4.881570e-03 2.040428e-01 1.048596e-02
1.936542e-02 9.256240e-01 9.937555e-02 1.776267e-01 2.696702e-02 -2.310018e-01 2.447387e-02 1.142120e-01 1.226995e-02 9.312842e-03 4.090815e-03 2.055823e-01 8.486477e-03
2.024566e-02 8.754841e-01 1.279535e-01 1.498143e-01 2.284522e-02 -2.406408e-01 3.050480e-02 1.079892e-01 3.756007e-03 1.586418e-02 6.712144e-03 2.207443e-01 7.582772e-03
2.171274e-02 8.429125e-01 7.552383e-02 1.445752e-01 1.040232e-02 -2.156576e-01 3.114783e-02 1.131286e-01 3.801228e-03 1.433126e-02 4.830262e-03 2.297950e-01 1.191853e-02
2.376665e-02 1.031403e+00 1.224691e-01 1.771727e-01 2.827235e-02 -2.754477e-01 2.861811e-02 1.290746e-01 8.733878e-03 6.038993e-03 6.767578e-03 2.664677e-01 1.006905e-02
2.640739e-02 1.099534e+00 1.322271e-01 1.869470e-01 2.309544e-02 -2.723465e-01 2.727802e-02 1.385246e-01 7.332212e-03 9.296262e-04 5.450721e-03 2.717057e-01 1.786987e-02
2.963496e-02 9.839589e-01 6.820383e-02 1.656407e-01 1.929783e-02 -2.299698e-01 2.366928e-02 1.457833e-01 9.402969e-03 6.545799e-03 3.642471e-03 2.909974e-01 1.837018e-02
3.344936e-02 1.079674e+00 8.769144e-02 2.086617e-01 3.437667e-02 -2.208384e-01 1.277415e-02 1.899441e-01 8.398759e-03 -5.323071e-03 5.639813e-03 3.241959e-01 1.640134e-02
2.171274e-02 1.097684e+00 2.852178e-02 1.972620e-01 1.547480e-02 -2.696060e-01 2.064714e-02 1.259717e-01 6.897548e-03 4.265811e-03 5.856740e-03 2.173418e-01 1.163137e-02
2.200616e-02 1.033400e+00 7.445449e-02 1.764634e-01 1.834718e-02 -2.614688e-01 2.150850e-02 1.209409e-01 6.591051e-03 9.481725e-03 3.248559e-03 2.372561e-01 1.377208e-02
2.288640e-02 9.609611e-01 7.740550e-02 1.711430e-01 1.884779e-02 -2.079938e-01 1.343713e-02 1.243299e-01 8.166045e-03 1.148923e-02 4.750537e-03 2.173363e-01 9.158640e-03
2.435348e-02 1.229925e+00 8.342813e-02 2.400709e-01 2.127314e-02 -3.016738e-01 2.192546e-02 1.410850e-01 8.526515e-03 -1.287020e-02 7.525507e-03 2.572979e-01 8.247784e-03
2.640739e-02 8.861902e-01 7.088897e-02 1.578147e-01 1.717277e-02 -2.173859e-01 2.682705e-02 1.403639e-01 3.397218e-03 1.004979e-02 7.184793e-03 2.530374e-01 1.313182e-02
2.904813e-02 1.068974e+00 9.503686e-02 2.015305e-01 2.245472e-02 -2.675051e-01 2.713975e-02 1.454838e-01 6.247159e-03 -7.303122e-03 6.253278e-03 2.801273e-01 2.073936e-02
3.227570e-02 1.114564e+00 1.079055e-01 2.003318e-01 2.747367e-02 -2.654558e-01 2.729012e-02 1.707026e-01 9.903943e-03 -4.046866e-03 1.197952e-02 3.394812e-01 8.359274e-03
3.609010e-02 1.069986e+00 8.732465e-02 1.844779e-01 2.088865e-02 -2.447395e-01 2.887396e-02 2.002699e-01 1.174163e-02 -4.931869e-03 8.743894e-03 3.583566e-01 2.477600e-02
2.494031e-02 1.107627e+00 1.612068e-01 1.987827e-01 3.094459e-02 -2.523010e-01 3.622122e-02 1.311322e-01 6.702450e-03 1.025190e-02 7.274158e-03 2.534855e-01 1.274870e-02
2.523373e-02 9.345300e-01 6.648391e-02 1.773932e-01 2.381995e-02 -2.143282e-01 2.319717e-02 1.305823e-01 8.969423e-03 6.577788e-03 2.208348e-03 2.390122e-01 6.533568e-03
2.611397e-02 1.046370e+00 1.111960e-01 1.815322e-01 1.712779e-02 -2.639994e-01 3.500595e-02 1.355989e-01 7.394815e-03 -2.499775e-03 6.025596e-03 2.616686e-01 1.275750e-02
2.758105e-02 9.570157e-01 4.912404e-02 1.645526e-01 1.684152e-02 -2.098314e-01 2.277645e-02 1.421667e-01 8.426207e-03 4.300350e-03 5.289625e-03 2.641561e-01 1.389331e-02
2.963496e-02 1.075577e+00 4.296768e-02 1.918063e-01 1.074020e-02 -2.397678e-01 2.487515e-02 1.513426e-01 4.574011e-03 1.123854e-03 1.228657e-02 2.911780e-01 8.055416e-03
3.227570e-02 9.245426e-01 1.150572e-01 1.608222e-01 2.464380e-02 -1.871998e-01 3.733028e-02 1.709342e-01 4.826220e-03 1.029270e-02 1.242914e-02 2.859813e-01 1.730243e-02
3.550327e-02 1.043922e+00 5.788379e-02 1.753192e-01 8.783172e-03 -2.637875e-01 1.728041e-02 1.941067e-01 4.783759e-03 -1.103126e-02 1.453968e-02 3.927702e-01 1.919103e-02
3.931767e-02 1.082536e+00 2.793789e-02 1.744294e-01 1.573234e-02 -2.276324e-01 3.417857e-02 2.331560e-01 8.212822e-03 -2.440572e-02 2.457971e-03 4.144571e-01 9.326970e-03
2.875471e-02 9.085136e-01 8.158420e-02 1.455133e-01 1.170470e-02 -2.135882e-01 3.594091e-02 1.402868e-01 9.021106e-03 1.275903e-02 4.312303e-03 2.878913e-01 1.213330e-02
2.904813e-02 1.041100e+00 9.569766e-02 1.754189e-01 1.410563e-02 -2.321568e-01 2.320087e-02 1.532127e-01 9.528205e-03 8.091066e-03 8.923022e-03 2.726946e-01 1.115165e-02
2.992837e-02 1.028664e+00 8.487785e-02 1.897464e-01 2.613204e-02 -2.078301e-01 3.328946e-02 1.565368e-01 1.178386e-02 7.074213e-03 1.085433e-02 2.684581e-01 1.043488e-02
3.139545e-02 1.151113e+00 1.403097e-01 1.829572e-01 3.700316e-02 -2.841171e-01 3.378391e-02 1.687228e-01 1.012896e-02 7.075745e-04 1.503472e-02 3.207301e-01 1.633225e-02
3.344936e-02 1.087677e+00 8.615539e-02 1.719078e-01 1.925552e-02 -2.495868e-01 1.918657e-02 1.703428e-01 2.296024e-03 -1.220596e-02 7.537132e-03 3.409970e-01 8.875500e-03
3.609010e-02 1.027648e+00 6.124567e-02 1.823315e-01 1.007956e-02 -2.130571e-01 2.595695e-02 1.862882e-01 9.007089e-03 -1.558510e-02 6.730259e-03 3.855444e-01 1.874801e-02
3.931767e-02 1.042407e+00 8.987622e-02 1.795114e-01 2.618884e-02 -1.959391e-01 3.493185e-02 2.261405e-01 1.307984e-02 -2.665985e-02 1.175538e-02 3.997835e-01 1.033012e-02
4.313207e-02 1.075123e+00 8.139134e-02 1.745076e-01 2.890238e-02 -2.091657e-01 3.443128e-02 2.875974e-01 1.428218e-02 -6.593733e-02 1.628822e-02 4.880893e-01 2.498835e-02
